#! FIELDS time pd_137_140 diff
 0.000000 0.987823 1.798975
 1.000000 1.025293 1.745364
 2.000000 0.925861 1.792264
 3.000000 0.919180 1.775752
 4.000000 0.953515 1.820905
 5.000000 0.955812 1.717886
 6.000000 0.962309 1.785961
 7.000000 0.921257 1.752368
 8.000000 0.965554 1.820006
 9.000000 0.972702 1.832339
 10.000000 0.881223 1.813023
 11.000000 0.897004 1.790157
 12.000000 0.915733 1.828967
 13.000000 0.997610 1.814930
 14.000000 0.982635 1.825454
 15.000000 0.991473 1.847418
 16.000000 0.997665 1.846436
 17.000000 0.914876 1.915013
 18.000000 0.919616 1.865462
 19.000000 0.965185 1.835758
 20.000000 0.948317 1.829347
 21.000000 0.936255 1.858968
 22.000000 1.010155 1.855258
 23.000000 0.938059 1.845702
 24.000000 0.913109 1.822632
 25.000000 0.998619 1.852005
 26.000000 0.927494 1.816940
 27.000000 1.001791 1.811035
 28.000000 0.990111 1.836053
 29.000000 0.987054 1.803122
 30.000000 0.906690 1.855570
 31.000000 0.951513 1.877064
 32.000000 0.995626 1.849035
 33.000000 0.986387 1.857045
 34.000000 1.034039 1.868794
 35.000000 0.958205 1.850752
 36.000000 0.924522 1.829540
 37.000000 0.849624 1.792779
 38.000000 0.960958 1.703003
 39.000000 0.938185 1.874651
 40.000000 0.968031 1.817729
 41.000000 0.932520 1.839428
 42.000000 0.943374 1.841198
 43.000000 0.922579 1.848735
 44.000000 1.005772 1.853894
 45.000000 0.871687 1.804949
 46.000000 0.885136 1.824550
 47.000000 0.974795 1.870701
 48.000000 0.862453 1.810543
 49.000000 0.868862 1.794304
 50.000000 0.847976 1.819924
 51.000000 0.900162 1.748842
 52.000000 0.893405 1.849690
 53.000000 0.972589 1.849563
 54.000000 0.954832 1.806530
 55.000000 1.030312 1.765959
 56.000000 0.926671 1.777927
 57.000000 1.040141 1.823777
 58.000000 1.030867 1.928658
 59.000000 1.049782 1.909314
 60.000000 0.950990 1.903268
 61.000000 1.026249 1.906175
 62.000000 0.939783 1.860698
 63.000000 1.125021 1.868257
 64.000000 1.012500 1.808931
 65.000000 1.022966 1.812970
 66.000000 0.945018 1.839907
 67.000000 1.026405 1.880232
 68.000000 1.060752 1.938738
 69.000000 0.929473 1.774285
 70.000000 1.028552 1.841253
 71.000000 0.870184 1.893132
 72.000000 1.065925 1.860482
 73.000000 0.975339 1.819866
 74.000000 0.937283 1.815867
 75.000000 0.964106 1.780977
 76.000000 1.001781 1.795112
 77.000000 0.912471 1.758632
 78.000000 0.883111 1.832366
 79.000000 0.934626 1.820133
 80.000000 1.023344 1.759771
 81.000000 0.936581 1.806718
 82.000000 0.966624 1.788310
 83.000000 0.971277 1.877787
 84.000000 0.971246 1.856827
 85.000000 0.945796 1.868396
 86.000000 0.996983 1.882382
 87.000000 0.949382 1.829143
 88.000000 0.915525 1.793249
 89.000000 0.955431 1.812731
 90.000000 0.979868 1.778467
 91.000000 0.903657 1.800435
 92.000000 1.004592 1.803455
 93.000000 0.969229 1.747477
 94.000000 0.983941 1.780193
 95.000000 0.851947 1.707036
 96.000000 0.945657 1.801110
 97.000000 0.867453 1.785978
 98.000000 0.995670 1.841632
 99.000000 0.993138 1.793424
 100.000000 0.924971 1.671882
 101.000000 0.924456 1.760090
 102.000000 0.913263 1.783568
 103.000000 0.854072 1.746693
 104.000000 0.896205 1.748733
 105.000000 0.816259 1.748951
 106.000000 0.942887 1.800395
 107.000000 0.950562 1.771572
 108.000000 0.971098 1.785031
 109.000000 0.962190 1.832287
 110.000000 0.858235 1.781577
 111.000000 0.874067 1.748132
 112.000000 0.892585 1.797400
 113.000000 0.893180 1.780931
 114.000000 0.877406 1.780058
 115.000000 0.892660 1.795881
 116.000000 0.885577 1.797184
 117.000000 0.931536 1.785919
 118.000000 0.933020 1.795042
 119.000000 0.946962 1.707968
 120.000000 0.845034 1.723421
 121.000000 0.906282 1.721118
 122.000000 0.962491 1.852733
 123.000000 0.873583 1.703931
 124.000000 0.955387 1.864585
 125.000000 0.993790 1.792193
 126.000000 0.997441 1.779493
 127.000000 0.905628 1.859409
 128.000000 0.979937 1.806474
 129.000000 0.778980 1.714577
 130.000000 0.827349 1.746090
 131.000000 0.915935 1.776512
 132.000000 0.864126 1.778726
 133.000000 0.850058 1.742406
 134.000000 0.899166 1.719929
 135.000000 0.979224 1.756081
 136.000000 0.946154 1.736382
 137.000000 0.958746 1.723378
 138.000000 0.879036 1.764548
 139.000000 0.974259 1.728752
 140.000000 0.891889 1.763977
 141.000000 0.950367 1.790847
 142.000000 0.923786 1.730845
 143.000000 0.911771 1.731496
 144.000000 1.002249 1.723672
 145.000000 1.014500 1.775640
 146.000000 0.950846 1.719670
 147.000000 1.006087 1.752607
 148.000000 1.003527 1.679946
 149.000000 0.977146 1.756205
 150.000000 1.016236 1.800676
 151.000000 0.983791 1.778511
 152.000000 1.011376 1.738640
 153.000000 0.887234 1.751608
 154.000000 0.940555 1.727693
 155.000000 1.025261 1.754639
 156.000000 0.978794 1.736028
 157.000000 0.941338 1.673924
 158.000000 0.903224 1.690801
 159.000000 0.970472 1.779478
 160.000000 0.926674 1.789083
 161.000000 0.980799 1.745011
 162.000000 0.872048 1.738399
 163.000000 0.914063 1.745728
 164.000000 1.029215 1.747202
 165.000000 1.009989 1.728183
 166.000000 1.008066 1.768149
 167.000000 1.007845 1.762975
 168.000000 0.901600 1.741728
 169.000000 0.959764 1.769091
 170.000000 1.052468 1.725007
 171.000000 1.016052 1.825685
 172.000000 0.893279 1.728739
 173.000000 0.956486 1.762707
 174.000000 0.993759 1.753339
 175.000000 0.953675 1.747738
 176.000000 1.001401 1.701453
 177.000000 1.038067 1.821970
 178.000000 0.990741 1.727895
 179.000000 0.955200 1.742743
 180.000000 0.963885 1.786090
 181.000000 0.908931 1.777073
 182.000000 0.986198 1.781411
 183.000000 0.930300 1.703707
 184.000000 0.903435 1.811200
 185.000000 1.078684 1.770999
 186.000000 1.006890 1.753615
 187.000000 0.903319 1.760350
 188.000000 0.851418 1.735747
 189.000000 1.001897 1.715850
 190.000000 0.968010 1.690472
 191.000000 0.832193 1.804876
 192.000000 1.021917 1.778470
 193.000000 0.915824 1.825053
 194.000000 0.935406 1.789300
 195.000000 0.955158 1.793342
 196.000000 0.988754 1.776642
 197.000000 1.043425 1.746000
 198.000000 0.877046 1.759222
 199.000000 0.894372 1.744652
 200.000000 0.957939 1.680683
 201.000000 0.844522 1.699823
 202.000000 0.896696 1.716945
 203.000000 0.920757 1.750240
 204.000000 0.901380 1.720944
 205.000000 0.891312 1.746089
 206.000000 0.982448 1.751942
 207.000000 0.887835 1.792837
 208.000000 0.955309 1.765888
 209.000000 1.085130 1.755751
 210.000000 1.032487 1.728842
 211.000000 0.859966 1.757784
 212.000000 0.917417 1.778535
 213.000000 1.088738 1.791290
 214.000000 0.976523 1.767965
 215.000000 1.064415 1.761288
 216.000000 1.003456 1.775058
 217.000000 0.914668 1.722509
 218.000000 0.962288 1.743046
 219.000000 0.982858 1.758090
 220.000000 1.062813 1.793751
 221.000000 1.054050 1.782177
 222.000000 0.973320 1.736343
 223.000000 1.067519 1.773887
 224.000000 0.880140 1.728232
 225.000000 1.013204 1.776436
 226.000000 0.982376 1.747227
 227.000000 1.011343 1.753809
 228.000000 0.948597 1.754854
 229.000000 0.936216 1.807409
 230.000000 1.006403 1.810576
 231.000000 0.994434 1.770548
 232.000000 0.913285 1.739876
 233.000000 0.908846 1.762713
 234.000000 0.949054 1.821989
 235.000000 0.996998 1.828948
 236.000000 0.976541 1.693143
 237.000000 0.901948 1.789388
 238.000000 0.974152 1.748751
 239.000000 0.945459 1.742307
 240.000000 0.914514 1.787402
 241.000000 0.917542 1.801315
 242.000000 1.000130 1.734094
 243.000000 0.935887 1.799165
 244.000000 1.047943 1.754641
 245.000000 0.908041 1.709307
 246.000000 0.977122 1.812775
 247.000000 0.921396 1.797171
 248.000000 0.892687 1.730528
 249.000000 0.956851 1.756987
 250.000000 0.988088 1.792767
 251.000000 0.886656 1.724425
 252.000000 0.906832 1.748159
 253.000000 0.996636 1.767699
 254.000000 0.990667 1.746194
 255.000000 0.960020 1.700454
 256.000000 0.961930 1.730346
 257.000000 0.898906 1.689831
 258.000000 1.001225 1.749073
 259.000000 0.982900 1.732443
 260.000000 0.842338 1.796660
 261.000000 0.868723 1.814527
 262.000000 0.825728 1.764656
 263.000000 0.843980 1.677541
 264.000000 0.821175 1.763643
 265.000000 1.012717 1.779082
 266.000000 0.927666 1.762922
 267.000000 0.924417 1.748318
 268.000000 0.856183 1.770705
 269.000000 0.824237 1.727353
 270.000000 0.864999 1.748315
 271.000000 0.956102 1.742194
 272.000000 0.895791 1.768208
 273.000000 0.989011 1.824729
 274.000000 0.939802 1.817257
 275.000000 0.962008 1.786890
 276.000000 1.035335 1.820654
 277.000000 1.015683 1.799982
 278.000000 0.974080 1.841450
 279.000000 0.993843 1.787395
 280.000000 0.904189 1.739916
 281.000000 0.959692 1.752699
 282.000000 0.929914 1.742761
 283.000000 0.973441 1.746969
 284.000000 0.936180 1.791469
 285.000000 1.016306 1.758423
 286.000000 1.067494 1.789047
 287.000000 0.909499 1.713513
 288.000000 0.996003 1.819815
 289.000000 1.099148 1.776443
 290.000000 0.874177 1.759535
 291.000000 0.913837 1.764640
 292.000000 1.017312 1.755245
 293.000000 1.062681 1.717432
 294.000000 1.017166 1.731112
 295.000000 1.005190 1.774336
 296.000000 0.971264 1.801222
 297.000000 0.947573 1.852763
 298.000000 1.015358 1.789859
 299.000000 1.073768 1.765407
 300.000000 1.030649 1.798793
 301.000000 0.977073 1.753747
 302.000000 0.884989 1.774277
 303.000000 1.025988 1.822694
 304.000000 0.928216 1.833206
 305.000000 0.896421 1.730840
 306.000000 0.937412 1.809835
 307.000000 0.984293 1.762468
 308.000000 0.920314 1.718596
 309.000000 1.084924 1.799128
 310.000000 1.000118 1.820443
 311.000000 0.866458 1.804614
 312.000000 0.989060 1.804174
 313.000000 0.977370 1.753663
 314.000000 0.889766 1.773346
 315.000000 0.994389 1.764968
 316.000000 0.926500 1.751549
 317.000000 0.945650 1.789506
 318.000000 0.880065 1.790946
 319.000000 0.939162 1.781368
 320.000000 0.921990 1.721110
 321.000000 0.878803 1.791069
 322.000000 0.972965 1.777258
 323.000000 1.009387 1.761270
 324.000000 0.919403 1.698707
 325.000000 0.963101 1.792543
 326.000000 1.026292 1.754117
 327.000000 0.902822 1.798718
 328.000000 1.043510 1.777225
 329.000000 0.833646 1.750380
 330.000000 0.962609 1.760115
 331.000000 0.952035 1.752063
 332.000000 0.881160 1.698317
 333.000000 0.848546 1.729219
 334.000000 0.984394 1.800892
 335.000000 1.012433 1.820872
 336.000000 0.947794 1.765185
 337.000000 0.962861 1.741583
 338.000000 1.031795 1.800165
 339.000000 1.002944 1.738139
 340.000000 1.039140 1.696977
 341.000000 1.020705 1.765682
 342.000000 1.141111 1.766711
 343.000000 1.028522 1.665330
 344.000000 0.951737 1.719745
 345.000000 1.042120 1.745070
 346.000000 0.898681 1.688949
 347.000000 1.002754 1.723413
 348.000000 1.006780 1.686872
 349.000000 1.055590 1.732419
 350.000000 0.866439 1.741123
 351.000000 1.023356 1.836300
 352.000000 1.014359 1.803189
 353.000000 0.931044 1.784090
 354.000000 0.944942 1.708847
 355.000000 0.944332 1.711540
 356.000000 0.943472 1.700137
 357.000000 0.955854 1.765303
 358.000000 1.042870 1.763835
 359.000000 0.903209 1.789974
 360.000000 0.908784 1.770354
 361.000000 0.917420 1.802162
 362.000000 1.065502 1.806683
 363.000000 0.986504 1.744121
 364.000000 1.014263 1.780174
 365.000000 1.003732 1.788781
 366.000000 0.951308 1.724352
 367.000000 1.099825 1.736870
 368.000000 0.974039 1.723296
 369.000000 1.008864 1.777271
 370.000000 1.111201 1.767882
 371.000000 0.948792 1.805623
 372.000000 0.995001 1.858053
 373.000000 0.900448 1.802103
 374.000000 0.963314 1.814166
 375.000000 1.034090 1.841555
 376.000000 0.937737 1.727461
 377.000000 0.937642 1.802929
 378.000000 1.060282 1.822731
 379.000000 1.017382 1.771034
 380.000000 0.944510 1.736472
 381.000000 1.034159 1.743609
 382.000000 0.963104 1.675204
 383.000000 1.014201 1.729446
 384.000000 0.943575 1.726732
 385.000000 1.014488 1.760944
 386.000000 0.924452 1.737289
 387.000000 1.064450 1.779182
 388.000000 1.064713 1.773611
 389.000000 1.032220 1.767477
 390.000000 0.918015 1.714758
 391.000000 0.985618 1.694184
 392.000000 1.152227 1.674991
 393.000000 1.044843 1.714486
 394.000000 0.964554 1.684510
 395.000000 1.043320 1.688271
 396.000000 1.018111 1.748011
 397.000000 0.991406 1.707481
 398.000000 0.901023 1.754250
 399.000000 0.982521 1.691292
 400.000000 0.966226 1.808608
 401.000000 0.929298 1.700808
 402.000000 1.067889 1.682380
 403.000000 0.941506 1.785291
 404.000000 0.980404 1.742970
 405.000000 0.954271 1.741865
 406.000000 0.938969 1.794130
 407.000000 0.960174 1.760631
 408.000000 0.956995 1.755919
 409.000000 0.987805 1.663204
 410.000000 0.885519 1.713890
 411.000000 1.043629 1.798009
 412.000000 0.983662 1.819325
 413.000000 0.913687 1.740299
 414.000000 0.972256 1.768049
 415.000000 1.015321 1.783981
 416.000000 1.000283 1.810008
 417.000000 0.940053 1.826189
 418.000000 0.922877 1.839915
 419.000000 0.984846 1.721130
 420.000000 0.977815 1.785920
 421.000000 0.922481 1.835378
 422.000000 0.915016 1.801314
 423.000000 0.847266 1.821245
 424.000000 0.926433 1.788628
 425.000000 0.986857 1.785225
 426.000000 0.931107 1.774466
 427.000000 0.982857 1.777105
 428.000000 0.910002 1.788352
 429.000000 0.964943 1.799975
 430.000000 0.861707 1.808346
 431.000000 0.939800 1.830092
 432.000000 0.953467 1.843027
 433.000000 0.930875 1.765814
 434.000000 0.932573 1.796835
 435.000000 0.935535 1.793686
 436.000000 0.995507 1.803909
 437.000000 0.941173 1.736255
 438.000000 1.009231 1.755190
 439.000000 0.943665 1.764929
 440.000000 0.968709 1.757200
 441.000000 0.952879 1.763337
 442.000000 0.910327 1.784688
 443.000000 0.963406 1.801209
 444.000000 0.970862 1.788411
 445.000000 0.881821 1.797291
 446.000000 0.954765 1.783002
 447.000000 0.894541 1.749285
 448.000000 0.983870 1.760165
 449.000000 0.983606 1.698949
 450.000000 1.029002 1.834645
 451.000000 1.017732 1.760508
 452.000000 1.004362 1.730982
 453.000000 0.909296 1.732035
 454.000000 1.108987 1.770222
 455.000000 0.977487 1.754531
 456.000000 0.991567 1.735203
 457.000000 0.977831 1.770569
 458.000000 1.000278 1.709635
 459.000000 0.864658 1.769207
 460.000000 0.966088 1.818292
 461.000000 0.984134 1.781161
 462.000000 1.021676 1.731986
 463.000000 0.978839 1.763225
 464.000000 0.909453 1.770495
 465.000000 0.983910 1.771171
 466.000000 0.927633 1.799963
 467.000000 0.930576 1.755703
 468.000000 0.872841 1.738997
 469.000000 0.951714 1.739676
 470.000000 0.917441 1.695246
 471.000000 0.973420 1.727777
 472.000000 0.902914 1.750849
 473.000000 0.909865 1.734916
 474.000000 0.909017 1.781150
 475.000000 0.946378 1.784229
 476.000000 0.863264 1.759174
 477.000000 0.899900 1.671228
 478.000000 0.886184 1.723678
 479.000000 0.893627 1.744853
 480.000000 0.938350 1.712304
 481.000000 0.960921 1.728364
 482.000000 0.952189 1.708517
 483.000000 0.861405 1.700484
 484.000000 1.017198 1.665955
 485.000000 0.955560 1.709043
 486.000000 0.901801 1.738162
 487.000000 0.896506 1.734144
 488.000000 0.819931 1.744534
 489.000000 0.914398 1.736956
 490.000000 0.809440 1.714559
 491.000000 0.919413 1.718545
 492.000000 0.886794 1.712592
 493.000000 0.876684 1.792106
 494.000000 0.878081 1.742699
 495.000000 0.785180 1.732731
 496.000000 0.873619 1.727657
 497.000000 0.937033 1.701106
 498.000000 0.839717 1.674429
 499.000000 0.932529 1.699103
 500.000000 0.821482 1.697332
 501.000000 0.876049 1.656674
 502.000000 0.921154 1.633292
 503.000000 0.911268 1.771070
 504.000000 0.930511 1.706360
 505.000000 1.015962 1.742759
 506.000000 1.012122 1.713468
 507.000000 0.978636 1.698717
 508.000000 1.032210 1.722838
 509.000000 1.055782 1.708028
 510.000000 1.054910 1.751159
 511.000000 0.990458 1.686918
 512.000000 0.993714 1.767111
 513.000000 0.999588 1.698959
 514.000000 1.035054 1.728846
 515.000000 0.960720 1.721995
 516.000000 1.000191 1.766576
 517.000000 1.037795 1.665074
 518.000000 0.965775 1.670709
 519.000000 0.930438 1.720449
 520.000000 0.908291 1.735284
 521.000000 0.995697 1.648739
 522.000000 1.099137 1.728714
 523.000000 1.077704 1.750119
 524.000000 1.074039 1.726620
 525.000000 0.998375 1.693318
 526.000000 0.982805 1.666022
 527.000000 1.115687 1.750803
 528.000000 1.042485 1.717225
 529.000000 1.099215 1.675442
 530.000000 1.086152 1.711546
 531.000000 0.990537 1.641590
 532.000000 1.010337 1.651124
 533.000000 1.045916 1.728757
 534.000000 1.017511 1.722859
 535.000000 0.967088 1.686620
 536.000000 0.994266 1.731932
 537.000000 1.022942 1.669856
 538.000000 1.021474 1.703557
 539.000000 1.036932 1.780836
 540.000000 1.022409 1.748271
 541.000000 0.953773 1.703459
 542.000000 1.001776 1.743389
 543.000000 1.043328 1.704353
 544.000000 0.938536 1.701845
 545.000000 1.008171 1.763623
 546.000000 1.020972 1.748370
 547.000000 1.069444 1.731653
 548.000000 0.932405 1.751928
 549.000000 1.059992 1.816063
 550.000000 1.092292 1.820990
 551.000000 0.991450 1.740504
 552.000000 0.971140 1.686808
 553.000000 0.929988 1.764642
 554.000000 1.028504 1.783645
 555.000000 1.062962 1.766423
 556.000000 0.963594 1.748138
 557.000000 1.043069 1.749672
 558.000000 0.999163 1.769044
 559.000000 0.984962 1.772782
 560.000000 0.991643 1.765072
 561.000000 1.062711 1.777659
 562.000000 0.883289 1.757715
 563.000000 0.991613 1.805215
 564.000000 0.946285 1.690344
 565.000000 1.022240 1.699357
 566.000000 0.919155 1.738559
 567.000000 0.973219 1.753651
 568.000000 0.980879 1.699727
 569.000000 0.991109 1.775820
 570.000000 0.898323 1.738166
 571.000000 0.982436 1.768715
 572.000000 0.925076 1.757538
 573.000000 0.996577 1.796804
 574.000000 0.955790 1.729635
 575.000000 1.060374 1.718680
 576.000000 0.860258 1.802569
 577.000000 0.995726 1.680903
 578.000000 0.941537 1.768937
 579.000000 0.908219 1.731243
 580.000000 0.973327 1.761732
 581.000000 0.931267 1.796706
 582.000000 1.036917 1.755166
 583.000000 1.009434 1.759996
 584.000000 1.046403 1.778806
 585.000000 0.974984 1.752833
 586.000000 0.942169 1.750569
 587.000000 1.004676 1.777435
 588.000000 0.959688 1.739092
 589.000000 0.946266 1.743788
 590.000000 1.031652 1.697483
 591.000000 1.022950 1.783922
 592.000000 0.973470 1.758711
 593.000000 0.935725 1.775594
 594.000000 0.951683 1.741026
 595.000000 0.927594 1.748151
 596.000000 0.990587 1.783132
 597.000000 0.952941 1.798318
 598.000000 0.922785 1.749991
 599.000000 0.987761 1.708538
 600.000000 0.898575 1.724807
 601.000000 0.886067 1.698993
 602.000000 0.948406 1.762242
 603.000000 0.906813 1.731946
 604.000000 0.950842 1.790003
 605.000000 1.003760 1.738004
 606.000000 1.039958 1.784182
 607.000000 0.954459 1.751181
 608.000000 0.948416 1.671124
 609.000000 1.116844 1.732376
 610.000000 0.981389 1.758998
 611.000000 1.022150 1.700265
 612.000000 1.006584 1.677889
 613.000000 1.095889 1.726120
 614.000000 0.978912 1.743025
 615.000000 0.968496 1.730022
 616.000000 0.956223 1.699683
 617.000000 0.994539 1.745397
 618.000000 0.989669 1.780705
 619.000000 0.894837 1.725065
 620.000000 0.954090 1.737872
 621.000000 1.016881 1.740387
 622.000000 0.945090 1.755531
 623.000000 1.058981 1.734776
 624.000000 0.960634 1.679602
 625.000000 1.085478 1.759595
 626.000000 1.048272 1.675212
 627.000000 0.978994 1.745138
 628.000000 0.967315 1.760642
 629.000000 1.037457 1.738458
 630.000000 0.944515 1.731303
 631.000000 0.905207 1.688007
 632.000000 1.010657 1.742317
 633.000000 0.947131 1.637502
 634.000000 0.984332 1.642174
 635.000000 0.990160 1.729275
 636.000000 1.046154 1.716338
 637.000000 1.053697 1.670374
 638.000000 1.028554 1.710111
 639.000000 1.024391 1.680265
 640.000000 0.976677 1.694986
 641.000000 0.951979 1.698354
 642.000000 1.005362 1.762514
 643.000000 0.993307 1.696169
 644.000000 0.968682 1.741231
 645.000000 1.033749 1.715507
 646.000000 0.941752 1.667956
 647.000000 0.968571 1.757724
 648.000000 0.989578 1.685111
 649.000000 1.007911 1.694833
 650.000000 1.080475 1.705163
 651.000000 1.014646 1.708027
 652.000000 0.970010 1.663822
 653.000000 1.008794 1.714879
 654.000000 0.986714 1.795023
 655.000000 1.003612 1.690757
 656.000000 0.941704 1.692800
 657.000000 1.028654 1.715299
 658.000000 0.956442 1.730143
 659.000000 0.873401 1.686286
 660.000000 0.955757 1.638469
 661.000000 1.042874 1.679207
 662.000000 1.093188 1.649587
 663.000000 0.953313 1.757413
 664.000000 0.950589 1.690789
 665.000000 0.991163 1.694688
 666.000000 1.013316 1.693327
 667.000000 1.001417 1.677495
 668.000000 0.933941 1.767068
 669.000000 0.961906 1.754114
 670.000000 0.954860 1.794182
 671.000000 0.888922 1.739366
 672.000000 0.982057 1.750816
 673.000000 0.935995 1.688286
 674.000000 0.961088 1.677194
 675.000000 0.945522 1.722012
 676.000000 0.992152 1.715497
 677.000000 1.109445 1.744159
 678.000000 0.897168 1.740384
 679.000000 0.897326 1.669809
 680.000000 0.988532 1.729698
 681.000000 0.878627 1.728441
 682.000000 0.914688 1.685029
 683.000000 0.967358 1.745051
 684.000000 0.973602 1.722935
 685.000000 0.858926 1.703404
 686.000000 0.928035 1.763690
 687.000000 0.898220 1.728355
 688.000000 0.872024 1.740428
 689.000000 0.927624 1.693000
 690.000000 0.862280 1.649562
 691.000000 0.977719 1.738386
 692.000000 0.973864 1.706830
 693.000000 0.945771 1.679578
 694.000000 0.872601 1.682807
 695.000000 0.901013 1.785601
 696.000000 0.984188 1.741206
 697.000000 0.975235 1.710603
 698.000000 0.972337 1.742564
 699.000000 0.893630 1.696141
 700.000000 0.946646 1.759254
 701.000000 0.962341 1.711462
 702.000000 0.836056 1.726121
 703.000000 0.890349 1.751110
 704.000000 0.928066 1.703291
 705.000000 0.990442 1.729473
 706.000000 0.925409 1.741915
 707.000000 0.936770 1.687942
 708.000000 0.924956 1.778579
 709.000000 0.877126 1.789677
 710.000000 0.796426 1.715573
 711.000000 0.876701 1.770881
 712.000000 0.886532 1.707102
 713.000000 0.903181 1.709584
 714.000000 0.915290 1.711559
 715.000000 0.911099 1.757792
 716.000000 0.787135 1.739734
 717.000000 0.834337 1.802070
 718.000000 0.934263 1.810213
 719.000000 0.920016 1.816350
 720.000000 0.860965 1.789817
 721.000000 0.889199 1.749499
 722.000000 0.936989 1.761547
 723.000000 0.955651 1.770168
 724.000000 0.790914 1.717997
 725.000000 0.906555 1.801760
 726.000000 0.830983 1.747526
 727.000000 0.860620 1.803353
 728.000000 0.943948 1.797491
 729.000000 0.837011 1.764590
 730.000000 0.900711 1.808502
 731.000000 0.864948 1.750145
 732.000000 0.957090 1.812281
 733.000000 0.879579 1.807819
 734.000000 0.871967 1.710265
 735.000000 1.014330 1.820747
 736.000000 0.969874 1.767022
 737.000000 0.893557 1.829396
 738.000000 0.960222 1.758066
 739.000000 0.801275 1.813105
 740.000000 0.928446 1.845425
 741.000000 0.834278 1.871031
 742.000000 0.875633 1.826951
 743.000000 0.900172 1.703647
 744.000000 0.806029 1.791689
 745.000000 0.922131 1.687364
 746.000000 0.933941 1.714675
 747.000000 0.948233 1.756051
 748.000000 0.963923 1.769575
 749.000000 0.925428 1.811007
 750.000000 0.906471 1.794535
 751.000000 0.895531 1.779713
 752.000000 0.917501 1.791176
 753.000000 0.936540 1.843190
 754.000000 0.851535 1.777962
 755.000000 0.892145 1.795936
 756.000000 0.884653 1.703361
 757.000000 0.926536 1.768564
 758.000000 0.929291 1.744470
 759.000000 0.965619 1.772188
 760.000000 0.930915 1.841799
 761.000000 0.879930 1.767494
 762.000000 0.919338 1.763311
 763.000000 0.971175 1.763099
 764.000000 0.820244 1.771741
 765.000000 0.855736 1.808399
 766.000000 0.893996 1.788872
 767.000000 0.887712 1.864826
 768.000000 0.906868 1.808046
 769.000000 0.920372 1.795098
 770.000000 0.894435 1.745974
 771.000000 0.941278 1.794027
 772.000000 0.939074 1.761866
 773.000000 0.971677 1.855586
 774.000000 0.949082 1.813048
 775.000000 0.950702 1.796264
 776.000000 0.942479 1.781515
 777.000000 0.998252 1.770302
 778.000000 0.939494 1.803288
 779.000000 1.000242 1.785304
 780.000000 0.922758 1.823334
 781.000000 0.871496 1.735656
 782.000000 0.941785 1.748833
 783.000000 0.953266 1.779827
 784.000000 0.969491 1.746155
 785.000000 0.940867 1.702370
 786.000000 0.895677 1.712521
 787.000000 0.927448 1.766082
 788.000000 1.072016 1.756436
 789.000000 0.975189 1.820115
 790.000000 1.106297 1.776550
 791.000000 1.064940 1.839305
 792.000000 1.026437 1.764384
 793.000000 0.930778 1.775852
 794.000000 0.955635 1.804868
 795.000000 1.056325 1.862540
 796.000000 0.958882 1.780862
 797.000000 1.037251 1.811172
 798.000000 0.996652 1.700924
 799.000000 1.010529 1.690345
 800.000000 0.997627 1.733520
 801.000000 0.982424 1.759049
 802.000000 0.935484 1.752207
 803.000000 0.942939 1.726019
 804.000000 0.998720 1.751853
 805.000000 1.093478 1.767882
 806.000000 0.998008 1.775783
 807.000000 0.933720 1.718138
 808.000000 0.993051 1.758895
 809.000000 1.046948 1.722276
 810.000000 1.029328 1.776498
 811.000000 0.977190 1.722242
 812.000000 0.945554 1.703048
 813.000000 0.933480 1.717012
 814.000000 0.973512 1.740366
 815.000000 0.988444 1.749166
 816.000000 0.916198 1.799687
 817.000000 0.990692 1.794784
 818.000000 1.008205 1.694866
 819.000000 0.952493 1.758218
 820.000000 0.836124 1.769436
 821.000000 0.888791 1.701976
 822.000000 1.120104 1.741294
 823.000000 0.900705 1.771192
 824.000000 0.965082 1.727581
 825.000000 0.987131 1.767819
 826.000000 1.054570 1.719502
 827.000000 1.025773 1.789539
 828.000000 0.974301 1.805685
 829.000000 1.052116 1.745205
 830.000000 1.034192 1.735761
 831.000000 1.039968 1.760239
 832.000000 1.021835 1.756387
 833.000000 1.023727 1.764316
 834.000000 1.045341 1.864588
 835.000000 1.005029 1.848422
 836.000000 0.911035 1.813540
 837.000000 0.925231 1.823175
 838.000000 1.020501 1.784417
 839.000000 0.996483 1.715077
 840.000000 1.030908 1.777779
 841.000000 0.958165 1.693586
 842.000000 1.051502 1.748736
 843.000000 1.068319 1.717276
 844.000000 0.945298 1.768351
 845.000000 0.966852 1.756312
 846.000000 0.958202 1.805039
 847.000000 1.000366 1.738823
 848.000000 0.899458 1.780084
 849.000000 0.938809 1.735287
 850.000000 1.017960 1.716362
 851.000000 0.950321 1.803324
 852.000000 0.927114 1.770414
 853.000000 0.975954 1.791455
 854.000000 0.999777 1.723971
 855.000000 0.905862 1.756441
 856.000000 1.030920 1.756740
 857.000000 0.950475 1.799285
 858.000000 0.959598 1.800434
 859.000000 1.110903 1.734781
 860.000000 0.965364 1.791584
 861.000000 0.958268 1.784032
 862.000000 0.960801 1.830226
 863.000000 0.954971 1.838244
 864.000000 0.960528 1.823684
 865.000000 0.988815 1.795191
 866.000000 0.955504 1.819686
 867.000000 1.003396 1.809063
 868.000000 0.975150 1.873731
 869.000000 1.073485 1.800148
 870.000000 1.012800 1.787153
 871.000000 0.974199 1.771608
 872.000000 0.909210 1.792553
 873.000000 1.047989 1.857698
 874.000000 0.997307 1.775020
 875.000000 0.945055 1.878759
 876.000000 0.946690 1.842294
 877.000000 0.913128 1.805647
 878.000000 1.056327 1.808434
 879.000000 1.031360 1.679033
 880.000000 1.061231 1.736882
 881.000000 1.013874 1.790134
 882.000000 0.996595 1.746642
 883.000000 0.917379 1.825206
 884.000000 0.948012 1.721871
 885.000000 0.877921 1.828547
 886.000000 0.990943 1.841924
 887.000000 0.886194 1.783988
 888.000000 0.840768 1.850476
 889.000000 0.898692 1.794276
 890.000000 0.960923 1.744212
 891.000000 0.901369 1.745550
 892.000000 0.965197 1.720693
 893.000000 1.003427 1.727812
 894.000000 1.012884 1.732898
 895.000000 0.918336 1.792939
 896.000000 0.962903 1.788248
 897.000000 0.968176 1.795162
 898.000000 0.892629 1.838168
 899.000000 0.903074 1.770140
 900.000000 0.875891 1.746003
 901.000000 0.901488 1.823402
 902.000000 0.876505 1.759355
 903.000000 0.907055 1.751346
 904.000000 0.941551 1.810472
 905.000000 0.900059 1.805513
 906.000000 0.968877 1.689857
 907.000000 0.949215 1.775135
 908.000000 0.996568 1.748043
 909.000000 0.892938 1.701507
 910.000000 0.978605 1.799993
 911.000000 0.988894 1.758192
 912.000000 0.974948 1.773040
 913.000000 0.943613 1.757361
 914.000000 0.944570 1.726293
 915.000000 1.079026 1.717585
 916.000000 0.973648 1.761569
 917.000000 0.978262 1.763643
 918.000000 0.948153 1.664521
 919.000000 0.886626 1.740582
 920.000000 0.940594 1.750721
 921.000000 0.935362 1.737774
 922.000000 0.988507 1.818407
 923.000000 0.995191 1.826824
 924.000000 0.924126 1.758329
 925.000000 0.961567 1.742853
 926.000000 0.972635 1.738280
 927.000000 0.946258 1.776047
 928.000000 0.886603 1.802671
 929.000000 0.847275 1.759102
 930.000000 0.993104 1.712997
 931.000000 0.917364 1.699150
 932.000000 1.023351 1.733122
 933.000000 0.902109 1.642344
 934.000000 0.932255 1.784308
 935.000000 0.938381 1.730007
 936.000000 0.930572 1.712849
 937.000000 0.897668 1.827401
 938.000000 0.975824 1.774500
 939.000000 0.923017 1.736946
 940.000000 1.005674 1.722301
 941.000000 0.926928 1.728851
 942.000000 1.036215 1.816931
 943.000000 0.924451 1.846657
 944.000000 0.968638 1.764169
 945.000000 0.970948 1.860752
 946.000000 1.013949 1.795164
 947.000000 0.893455 1.749379
 948.000000 0.974895 1.842523
 949.000000 0.914840 1.821240
 950.000000 0.935085 1.866132
 951.000000 1.032687 1.799326
 952.000000 1.057026 1.803784
 953.000000 1.041904 1.844719
 954.000000 0.866834 1.813976
 955.000000 0.964236 1.771844
 956.000000 0.962030 1.803828
 957.000000 1.043122 1.738169
 958.000000 0.943977 1.790335
 959.000000 0.876364 1.800003
 960.000000 0.988058 1.769757
 961.000000 1.005772 1.722602
 962.000000 1.052676 1.771888
 963.000000 1.105276 1.769850
 964.000000 0.927440 1.754915
 965.000000 0.891203 1.785384
 966.000000 1.016427 1.781216
 967.000000 0.985488 1.775606
 968.000000 0.991058 1.796813
 969.000000 1.088511 1.724818
 970.000000 0.947401 1.724558
 971.000000 0.966740 1.812438
 972.000000 1.004465 1.798488
 973.000000 0.981852 1.789282
 974.000000 0.964993 1.826376
 975.000000 0.860121 1.723661
 976.000000 0.932914 1.781085
 977.000000 1.071009 1.784011
 978.000000 1.006839 1.851381
 979.000000 0.975754 1.802700
 980.000000 0.968384 1.888472
 981.000000 1.023437 1.768978
 982.000000 0.957062 1.772673
 983.000000 1.016132 1.682768
 984.000000 0.994087 1.739713
 985.000000 0.935491 1.794035
 986.000000 1.074011 1.806879
 987.000000 1.129893 1.839548
 988.000000 1.043361 1.758479
 989.000000 0.985791 1.802885
 990.000000 0.990203 1.787391
 991.000000 1.095535 1.880759
 992.000000 1.050505 1.746729
 993.000000 1.055309 1.783504
 994.000000 1.032568 1.835708
 995.000000 0.995920 1.715076
 996.000000 1.039435 1.763768
 997.000000 1.069915 1.783270
 998.000000 1.105773 1.789266
 999.000000 1.071614 1.800482
 1000.000000 1.052096 1.811896
 1001.000000 1.078916 1.728781
 1002.000000 0.990303 1.754903
 1003.000000 1.043395 1.766004
 1004.000000 1.033045 1.772071
 1005.000000 0.989244 1.830345
 1006.000000 1.038219 1.879316
 1007.000000 0.985306 1.801941
 1008.000000 1.045662 1.821243
 1009.000000 1.033556 1.816780
 1010.000000 0.968894 1.782545
 1011.000000 1.030170 1.843148
 1012.000000 1.030862 1.752254
 1013.000000 1.149644 1.785189
 1014.000000 1.089765 1.748041
 1015.000000 1.030100 1.842837
 1016.000000 0.960829 1.733042
 1017.000000 1.012445 1.699448
 1018.000000 1.106391 1.754533
 1019.000000 1.066633 1.810791
 1020.000000 1.080106 1.764472
 1021.000000 1.024496 1.779995
 1022.000000 1.058212 1.804474
 1023.000000 1.012295 1.766178
 1024.000000 1.082955 1.751085
 1025.000000 0.996070 1.759447
 1026.000000 1.008330 1.792358
 1027.000000 1.044847 1.783378
 1028.000000 0.917254 1.779109
 1029.000000 0.957414 1.797806
 1030.000000 1.060087 1.796294
 1031.000000 1.083245 1.812914
 1032.000000 1.082542 1.762230
 1033.000000 0.956297 1.734435
 1034.000000 0.916398 1.706527
 1035.000000 1.122362 1.716978
 1036.000000 1.020132 1.750713
 1037.000000 1.018194 1.767566
 1038.000000 0.961351 1.809663
 1039.000000 1.000163 1.792606
 1040.000000 1.000019 1.810140
 1041.000000 0.949453 1.790008
 1042.000000 1.072180 1.826421
 1043.000000 0.999946 1.856608
 1044.000000 1.036955 1.776528
 1045.000000 1.071874 1.815349
 1046.000000 1.038613 1.799878
 1047.000000 1.050607 1.826148
 1048.000000 1.070857 1.778606
 1049.000000 0.881107 1.794244
 1050.000000 0.992062 1.747741
 1051.000000 0.994338 1.866875
 1052.000000 0.960858 1.853201
 1053.000000 0.988583 1.806889
 1054.000000 0.951662 1.872008
 1055.000000 0.874324 1.828034
 1056.000000 1.002539 1.787576
 1057.000000 1.080018 1.809063
 1058.000000 0.988719 1.862052
 1059.000000 1.007747 1.801996
 1060.000000 0.999178 1.804770
 1061.000000 1.035258 1.779295
 1062.000000 1.059614 1.843137
 1063.000000 1.069424 1.811875
 1064.000000 0.954272 1.809239
 1065.000000 1.075938 1.793434
 1066.000000 1.123727 1.836998
 1067.000000 1.013913 1.881485
 1068.000000 0.913834 1.776315
 1069.000000 1.036492 1.747722
 1070.000000 0.947734 1.817334
 1071.000000 1.038520 1.741090
 1072.000000 1.012056 1.792020
 1073.000000 0.991810 1.790700
 1074.000000 0.985963 1.813160
 1075.000000 0.929721 1.858972
 1076.000000 1.050726 1.793144
 1077.000000 0.976607 1.787302
 1078.000000 1.015515 1.785354
 1079.000000 0.980115 1.840514
 1080.000000 1.014848 1.783464
 1081.000000 0.976776 1.800680
 1082.000000 0.982383 1.867025
 1083.000000 0.978552 1.821253
 1084.000000 0.934076 1.793670
 1085.000000 0.888312 1.825046
 1086.000000 0.907623 1.819031
 1087.000000 0.915550 1.794543
 1088.000000 0.860538 1.836310
 1089.000000 0.911622 1.684253
 1090.000000 0.983610 1.763083
 1091.000000 0.970060 1.860478
 1092.000000 0.994667 1.757568
 1093.000000 1.009643 1.789607
 1094.000000 0.940728 1.824661
 1095.000000 1.046581 1.779742
 1096.000000 0.985238 1.931869
 1097.000000 1.094453 1.842529
 1098.000000 0.902933 1.816264
 1099.000000 1.004106 1.821384
 1100.000000 0.946294 1.774063
 1101.000000 1.010012 1.800424
 1102.000000 0.927452 1.842877
 1103.000000 1.038612 1.830650
 1104.000000 0.997967 1.898147
 1105.000000 0.962001 1.844841
 1106.000000 0.900236 1.768793
 1107.000000 0.868325 1.837672
 1108.000000 1.033480 1.762612
 1109.000000 0.885327 1.782331
 1110.000000 1.029202 1.762503
 1111.000000 1.047391 1.799674
 1112.000000 0.912775 1.866306
 1113.000000 0.851251 1.759867
 1114.000000 0.930483 1.744392
 1115.000000 0.911048 1.760440
 1116.000000 0.939094 1.842529
 1117.000000 0.967049 1.850231
 1118.000000 0.890032 1.779132
 1119.000000 0.997041 1.726401
 1120.000000 0.904035 1.815055
 1121.000000 0.974157 1.758620
 1122.000000 0.983809 1.722267
 1123.000000 0.968082 1.794372
 1124.000000 0.891321 1.757912
 1125.000000 0.810215 1.721980
 1126.000000 0.882496 1.736507
 1127.000000 0.937877 1.677576
 1128.000000 0.945187 1.771606
 1129.000000 0.919304 1.777322
 1130.000000 0.958218 1.801129
 1131.000000 0.992624 1.752656
 1132.000000 0.891266 1.771408
 1133.000000 0.995398 1.792027
 1134.000000 1.081746 1.851072
 1135.000000 0.976187 1.806788
 1136.000000 0.983039 1.797639
 1137.000000 1.077821 1.811701
 1138.000000 0.922174 1.752620
 1139.000000 0.846982 1.734771
 1140.000000 0.952617 1.696740
 1141.000000 0.939186 1.726549
 1142.000000 1.011994 1.711478
 1143.000000 1.048559 1.779523
 1144.000000 0.912414 1.777534
 1145.000000 1.040743 1.716122
 1146.000000 0.885168 1.720868
 1147.000000 0.980925 1.722462
 1148.000000 0.933854 1.754268
 1149.000000 1.128261 1.748658
 1150.000000 0.988319 1.691957
 1151.000000 0.925861 1.789072
 1152.000000 0.954995 1.777768
 1153.000000 0.903377 1.715702
 1154.000000 0.968994 1.784380
 1155.000000 1.002593 1.740931
 1156.000000 1.004267 1.787761
 1157.000000 0.901144 1.724998
 1158.000000 0.908978 1.848976
 1159.000000 0.908797 1.761208
 1160.000000 0.862557 1.624844
 1161.000000 0.960644 1.847426
 1162.000000 0.981957 1.738443
 1163.000000 0.874104 1.669343
 1164.000000 0.914800 1.740807
 1165.000000 0.939374 1.688033
 1166.000000 0.975702 1.703730
 1167.000000 0.966991 1.790106
 1168.000000 0.826346 1.746065
 1169.000000 0.951043 1.710864
 1170.000000 0.926594 1.725800
 1171.000000 1.036897 1.840455
 1172.000000 0.940287 1.758427
 1173.000000 1.017570 1.741849
 1174.000000 0.912853 1.799410
 1175.000000 0.982110 1.723543
 1176.000000 0.961659 1.817112
 1177.000000 1.045051 1.782569
 1178.000000 0.890420 1.791668
 1179.000000 0.916282 1.765748
 1180.000000 0.999776 1.754686
 1181.000000 0.967162 1.785661
 1182.000000 0.931996 1.757535
 1183.000000 1.030441 1.780446
 1184.000000 1.024168 1.781918
 1185.000000 0.958520 1.710414
 1186.000000 1.092427 1.731787
 1187.000000 1.010399 1.714961
 1188.000000 1.007932 1.825146
 1189.000000 0.880274 1.761180
 1190.000000 0.955795 1.819661
 1191.000000 0.933255 1.755380
 1192.000000 0.952307 1.795426
 1193.000000 0.950935 1.800807
 1194.000000 0.884162 1.797515
 1195.000000 0.997691 1.779382
 1196.000000 0.951858 1.807906
 1197.000000 0.975598 1.848151
 1198.000000 0.893392 1.724843
 1199.000000 0.956062 1.768263
 1200.000000 0.881574 1.795143
 1201.000000 0.974040 1.708988
 1202.000000 0.979386 1.753131
 1203.000000 0.869752 1.773490
 1204.000000 0.956363 1.822002
 1205.000000 1.054390 1.706143
 1206.000000 1.055853 1.798092
 1207.000000 1.015367 1.741900
 1208.000000 0.860356 1.764770
 1209.000000 0.969482 1.715496
 1210.000000 0.928488 1.776887
 1211.000000 0.976223 1.680903
 1212.000000 0.995857 1.790910
 1213.000000 0.939403 1.700612
 1214.000000 0.949330 1.731354
 1215.000000 0.955970 1.683291
 1216.000000 1.039064 1.659493
 1217.000000 0.920334 1.718068
 1218.000000 0.871066 1.738790
 1219.000000 0.977724 1.737771
 1220.000000 0.977260 1.698137
 1221.000000 0.903148 1.757217
 1222.000000 0.959823 1.700776
 1223.000000 1.022848 1.746309
 1224.000000 0.913677 1.855117
 1225.000000 0.972509 1.783090
 1226.000000 0.897982 1.847895
 1227.000000 1.006120 1.742323
 1228.000000 0.993164 1.818077
 1229.000000 0.978596 1.770057
 1230.000000 1.028561 1.715238
 1231.000000 1.001695 1.747464
 1232.000000 0.930304 1.756172
 1233.000000 0.918958 1.811173
 1234.000000 0.941572 1.741175
 1235.000000 1.005515 1.791505
 1236.000000 0.994008 1.753166
 1237.000000 1.007937 1.788828
 1238.000000 1.044246 1.697498
 1239.000000 0.996306 1.742338
 1240.000000 1.001536 1.713307
 1241.000000 1.088541 1.797079
 1242.000000 1.109476 1.823998
 1243.000000 0.974425 1.772246
 1244.000000 0.953494 1.804164
 1245.000000 1.085223 1.783049
 1246.000000 0.910940 1.796917
 1247.000000 0.934092 1.843252
 1248.000000 1.081194 1.824916
 1249.000000 1.069610 1.774136
 1250.000000 1.076234 1.841559
 1251.000000 0.989203 1.850880
 1252.000000 1.049389 1.818548
 1253.000000 1.067000 1.791262
 1254.000000 1.070944 1.872296
 1255.000000 1.086064 1.800868
 1256.000000 0.962400 1.798407
 1257.000000 0.966422 1.881503
 1258.000000 1.055573 1.888365
 1259.000000 1.079266 1.850366
 1260.000000 1.007277 1.878716
 1261.000000 1.164472 1.798139
 1262.000000 1.062931 1.783777
 1263.000000 0.924514 1.840837
 1264.000000 1.001458 1.885403
 1265.000000 0.942121 1.814598
 1266.000000 1.037515 1.815039
 1267.000000 1.048730 1.807335
 1268.000000 1.070451 1.782076
 1269.000000 1.041019 1.833814
 1270.000000 0.988079 1.793055
 1271.000000 0.983215 1.872032
 1272.000000 0.996787 1.793161
 1273.000000 1.063617 1.833464
 1274.000000 1.021493 1.869235
 1275.000000 1.001045 1.814151
 1276.000000 0.974712 1.813364
 1277.000000 1.029803 1.830282
 1278.000000 0.971811 1.774252
 1279.000000 0.964990 1.810747
 1280.000000 0.928012 1.763803
 1281.000000 1.062249 1.792471
 1282.000000 0.997013 1.732233
 1283.000000 0.973492 1.776328
 1284.000000 0.975933 1.847103
 1285.000000 0.942052 1.781505
 1286.000000 1.021500 1.827166
 1287.000000 0.922560 1.849057
 1288.000000 0.924077 1.882019
 1289.000000 0.988911 1.801484
 1290.000000 0.849608 1.868002
 1291.000000 1.033502 1.825120
 1292.000000 0.962538 1.836774
 1293.000000 0.993626 1.825962
 1294.000000 0.909459 1.804079
 1295.000000 0.934042 1.798686
 1296.000000 1.014900 1.876381
 1297.000000 0.930686 1.765667
 1298.000000 1.021669 1.830930
 1299.000000 1.035509 1.738378
 1300.000000 1.019909 1.781018
 1301.000000 0.981919 1.745812
 1302.000000 0.999041 1.761751
 1303.000000 0.996192 1.833649
 1304.000000 1.050444 1.851282
 1305.000000 0.958139 1.773715
 1306.000000 1.059826 1.854248
 1307.000000 0.995637 1.752962
 1308.000000 1.072726 1.830166
 1309.000000 1.010664 1.780988
 1310.000000 0.989713 1.768184
 1311.000000 1.019398 1.718021
 1312.000000 1.155246 1.804753
 1313.000000 1.089586 1.738806
 1314.000000 1.011731 1.786331
 1315.000000 1.075802 1.780637
 1316.000000 1.084682 1.794904
 1317.000000 1.001074 1.748896
 1318.000000 0.993955 1.810329
 1319.000000 1.071253 1.796645
 1320.000000 1.070790 1.646467
 1321.000000 1.032053 1.718932
 1322.000000 0.968056 1.684422
 1323.000000 0.916292 1.734763
 1324.000000 0.984950 1.771447
 1325.000000 1.129612 1.791949
 1326.000000 0.911887 1.702952
 1327.000000 1.043823 1.786836
 1328.000000 1.085610 1.779664
 1329.000000 1.001956 1.693490
 1330.000000 0.965610 1.725858
 1331.000000 1.022963 1.817005
 1332.000000 0.998194 1.729085
 1333.000000 1.069484 1.771677
 1334.000000 0.965230 1.884974
 1335.000000 0.979859 1.876431
 1336.000000 1.013640 1.840177
 1337.000000 0.905390 1.821025
 1338.000000 1.024901 1.780832
 1339.000000 0.914487 1.812360
 1340.000000 0.901081 1.822364
 1341.000000 1.024442 1.788107
 1342.000000 0.957850 1.905435
 1343.000000 0.974689 1.842944
 1344.000000 0.863258 1.829205
 1345.000000 0.948185 1.840741
 1346.000000 0.956420 1.858511
 1347.000000 0.867494 1.882810
 1348.000000 0.946617 1.887956
 1349.000000 0.952863 1.816019
 1350.000000 0.905428 1.887743
 1351.000000 0.971692 1.799006
 1352.000000 0.945568 1.802522
 1353.000000 0.996639 1.829188
 1354.000000 0.932069 1.817296
 1355.000000 0.961992 1.777813
 1356.000000 1.065746 1.835517
 1357.000000 0.984890 1.799817
 1358.000000 0.981312 1.777788
 1359.000000 0.926907 1.767287
 1360.000000 0.919923 1.758071
 1361.000000 0.945564 1.818362
 1362.000000 0.933973 1.838573
 1363.000000 1.018292 1.803386
 1364.000000 0.929328 1.804827
 1365.000000 0.933773 1.823782
 1366.000000 0.936129 1.866702
 1367.000000 0.945264 1.792934
 1368.000000 0.920289 1.856085
 1369.000000 0.953332 1.797276
 1370.000000 0.856602 1.782474
 1371.000000 0.956070 1.745074
 1372.000000 0.973481 1.770192
 1373.000000 0.992190 1.861336
 1374.000000 1.009255 1.820286
 1375.000000 0.903294 1.761322
 1376.000000 1.005845 1.792390
 1377.000000 1.013491 1.774969
 1378.000000 0.987485 1.785774
 1379.000000 0.967341 1.828572
 1380.000000 0.905309 1.854983
 1381.000000 1.026006 1.802791
 1382.000000 1.080045 1.839984
 1383.000000 0.922955 1.829271
 1384.000000 0.912762 1.806464
 1385.000000 0.994849 1.720558
 1386.000000 1.036195 1.783293
 1387.000000 1.123102 1.752365
 1388.000000 0.999785 1.764958
 1389.000000 1.055448 1.652224
 1390.000000 0.998937 1.760319
 1391.000000 0.931597 1.795416
 1392.000000 0.965356 1.806635
 1393.000000 1.049326 1.772593
 1394.000000 1.037395 1.753492
 1395.000000 1.024446 1.731474
 1396.000000 0.966309 1.714340
 1397.000000 0.889034 1.720386
 1398.000000 0.802646 1.766764
 1399.000000 1.047405 1.760544
 1400.000000 1.014228 1.747312
 1401.000000 0.986716 1.748568
 1402.000000 0.992861 1.817429
 1403.000000 0.943594 1.748261
 1404.000000 1.071903 1.777933
 1405.000000 1.085242 1.741535
 1406.000000 1.050365 1.770467
 1407.000000 1.068612 1.731462
 1408.000000 0.960387 1.734108
 1409.000000 0.976376 1.713596
 1410.000000 0.951550 1.697673
 1411.000000 1.104367 1.723275
 1412.000000 1.052237 1.822355
 1413.000000 1.084812 1.768810
 1414.000000 0.987066 1.772502
 1415.000000 0.992570 1.737825
 1416.000000 0.998408 1.793355
 1417.000000 1.017839 1.753540
 1418.000000 0.906012 1.790301
 1419.000000 1.081878 1.814660
 1420.000000 1.057956 1.768604
 1421.000000 0.991716 1.790542
 1422.000000 1.041481 1.777089
 1423.000000 0.945116 1.817995
 1424.000000 0.997480 1.724350
 1425.000000 0.905798 1.816353
 1426.000000 0.964969 1.791282
 1427.000000 0.930220 1.743864
 1428.000000 1.142749 1.786420
 1429.000000 0.935656 1.711617
 1430.000000 1.035499 1.755623
 1431.000000 0.884272 1.722965
 1432.000000 0.913766 1.795093
 1433.000000 0.947806 1.781246
 1434.000000 0.979296 1.756934
 1435.000000 0.911316 1.702024
 1436.000000 0.946436 1.756750
 1437.000000 0.975725 1.710642
 1438.000000 0.982193 1.782659
 1439.000000 0.976329 1.687911
 1440.000000 0.931253 1.688706
 1441.000000 0.982816 1.742310
 1442.000000 0.963527 1.855730
 1443.000000 1.092635 1.779444
 1444.000000 0.880396 1.812387
 1445.000000 0.977581 1.788858
 1446.000000 1.002471 1.700886
 1447.000000 0.971517 1.781499
 1448.000000 1.052920 1.766498
 1449.000000 1.059471 1.693245
 1450.000000 0.996810 1.799441
 1451.000000 0.895545 1.751653
 1452.000000 0.960925 1.703199
 1453.000000 1.053695 1.772428
 1454.000000 0.877783 1.818070
 1455.000000 0.841876 1.789979
 1456.000000 0.982277 1.765975
 1457.000000 0.872594 1.704428
 1458.000000 0.835622 1.748915
 1459.000000 0.799045 1.798721
 1460.000000 0.927381 1.755068
 1461.000000 0.934768 1.811787
 1462.000000 0.842851 1.785026
 1463.000000 0.903176 1.826854
 1464.000000 0.993686 1.791371
 1465.000000 0.906243 1.753591
 1466.000000 0.976272 1.736551
 1467.000000 0.988431 1.744664
 1468.000000 0.977812 1.759713
 1469.000000 1.026247 1.804939
 1470.000000 0.868037 1.795801
 1471.000000 0.988319 1.741492
 1472.000000 0.993494 1.782388
 1473.000000 0.879898 1.786151
 1474.000000 0.895740 1.813107
 1475.000000 0.970941 1.816033
 1476.000000 0.842434 1.815237
 1477.000000 0.904203 1.834847
 1478.000000 0.967569 1.805093
 1479.000000 0.956529 1.836457
 1480.000000 0.883502 1.858579
 1481.000000 0.953013 1.813265
 1482.000000 0.853376 1.712585
 1483.000000 1.000531 1.806735
 1484.000000 0.991115 1.732508
 1485.000000 0.929326 1.888293
 1486.000000 0.908290 1.769640
 1487.000000 1.077687 1.791719
 1488.000000 0.958457 1.779586
 1489.000000 1.041260 1.798510
 1490.000000 1.035709 1.687189
 1491.000000 0.964437 1.773736
 1492.000000 1.025112 1.857822
 1493.000000 0.969968 1.789677
 1494.000000 1.001676 1.820654
 1495.000000 1.006187 1.771791
 1496.000000 0.928046 1.807046
 1497.000000 1.035303 1.830865
 1498.000000 0.953768 1.817196
 1499.000000 0.905262 1.712512
 1500.000000 0.903136 1.789257
 1501.000000 0.905692 1.804483
 1502.000000 0.988155 1.755686
 1503.000000 0.941416 1.672282
 1504.000000 1.037564 1.778706
 1505.000000 0.923225 1.758440
 1506.000000 0.899478 1.650984
 1507.000000 0.947574 1.805211
 1508.000000 0.979304 1.756779
 1509.000000 0.952286 1.776840
 1510.000000 0.951166 1.855947
 1511.000000 0.975265 1.787485
 1512.000000 0.873319 1.838454
 1513.000000 0.841047 1.865115
 1514.000000 0.896982 1.814830
 1515.000000 1.044508 1.822716
 1516.000000 0.928313 1.737861
 1517.000000 0.949877 1.808609
 1518.000000 0.994162 1.722110
 1519.000000 1.007495 1.818894
 1520.000000 0.916579 1.863799
 1521.000000 0.959286 1.825411
 1522.000000 0.917755 1.795785
 1523.000000 0.876667 1.779048
 1524.000000 1.042372 1.773866
 1525.000000 0.903339 1.701678
 1526.000000 0.910231 1.754584
 1527.000000 1.013564 1.808490
 1528.000000 1.035610 1.856253
 1529.000000 0.928396 1.824955
 1530.000000 0.959144 1.759379
 1531.000000 1.029119 1.791061
 1532.000000 0.887923 1.792292
 1533.000000 0.935052 1.844362
 1534.000000 0.926073 1.897901
 1535.000000 0.886158 1.878072
 1536.000000 0.983527 1.795797
 1537.000000 0.992398 1.735324
 1538.000000 0.953611 1.763311
 1539.000000 0.852242 1.778572
 1540.000000 0.993113 1.735381
 1541.000000 0.926799 1.815356
 1542.000000 0.902297 1.854830
 1543.000000 0.869658 1.820426
 1544.000000 0.861015 1.748201
 1545.000000 1.002278 1.806665
 1546.000000 0.930915 1.818880
 1547.000000 0.858827 1.781260
 1548.000000 0.912490 1.783824
 1549.000000 0.975127 1.799553
 1550.000000 1.022126 1.717177
 1551.000000 0.914517 1.726549
 1552.000000 0.904542 1.747825
 1553.000000 0.957070 1.893543
 1554.000000 0.914872 1.712168
 1555.000000 0.909079 1.720663
 1556.000000 0.920149 1.661239
 1557.000000 0.891161 1.725913
 1558.000000 0.813179 1.657158
 1559.000000 0.896043 1.812935
 1560.000000 0.924402 1.702030
 1561.000000 0.900371 1.754069
 1562.000000 0.945032 1.703775
 1563.000000 0.930231 1.768652
 1564.000000 0.923538 1.810242
 1565.000000 0.850541 1.714389
 1566.000000 0.922201 1.833192
 1567.000000 1.002447 1.793884
 1568.000000 0.953842 1.806293
 1569.000000 0.939479 1.699012
 1570.000000 0.908221 1.747361
 1571.000000 0.883358 1.767854
 1572.000000 0.926998 1.805073
 1573.000000 0.987128 1.743087
 1574.000000 0.988136 1.770814
 1575.000000 0.978845 1.776633
 1576.000000 0.939216 1.708041
 1577.000000 0.898402 1.792638
 1578.000000 0.974744 1.893967
 1579.000000 0.975492 1.923214
 1580.000000 0.934294 1.776344
 1581.000000 0.963921 1.697740
 1582.000000 0.959456 1.797312
 1583.000000 0.945027 1.824457
 1584.000000 0.943436 1.791921
 1585.000000 1.043005 1.853474
 1586.000000 0.949744 1.833201
 1587.000000 0.941133 1.749829
 1588.000000 0.887973 1.883228
 1589.000000 0.933507 1.796896
 1590.000000 0.964334 1.744282
 1591.000000 0.986233 1.766713
 1592.000000 0.924483 1.764912
 1593.000000 0.978323 1.778352
 1594.000000 0.994402 1.863265
 1595.000000 0.923913 1.863575
 1596.000000 0.906285 1.876182
 1597.000000 1.027617 1.758876
 1598.000000 1.016636 1.839655
 1599.000000 0.947345 1.847935
 1600.000000 1.030818 1.722440
 1601.000000 0.898674 1.760117
 1602.000000 0.950229 1.796004
 1603.000000 0.899447 1.825622
 1604.000000 0.995206 1.730358
 1605.000000 0.935889 1.820192
 1606.000000 0.915825 1.697931
 1607.000000 1.057436 1.679873
 1608.000000 0.963689 1.793838
 1609.000000 0.996545 1.742967
 1610.000000 0.962953 1.797635
 1611.000000 1.015658 1.740338
 1612.000000 0.918692 1.773117
 1613.000000 1.082940 1.756399
 1614.000000 0.943245 1.795799
 1615.000000 1.044808 1.823732
 1616.000000 1.082838 1.830579
 1617.000000 0.959211 1.799911
 1618.000000 0.945508 1.808009
 1619.000000 0.994943 1.783675
 1620.000000 1.035546 1.832604
 1621.000000 0.947046 1.788234
 1622.000000 1.001955 1.792340
 1623.000000 1.005324 1.710694
 1624.000000 0.926610 1.792074
 1625.000000 1.035783 1.805209
 1626.000000 0.939198 1.819220
 1627.000000 0.954819 1.860386
 1628.000000 0.964341 1.861879
 1629.000000 0.964251 1.711132
 1630.000000 0.884677 1.818014
 1631.000000 0.899487 1.743843
 1632.000000 0.918870 1.863158
 1633.000000 1.044098 1.789264
 1634.000000 0.993265 1.784766
 1635.000000 0.998313 1.838040
 1636.000000 0.949626 1.814615
 1637.000000 0.995117 1.843465
 1638.000000 0.932392 1.767047
 1639.000000 0.996079 1.638609
 1640.000000 1.008633 1.705363
 1641.000000 0.998811 1.728947
 1642.000000 0.905027 1.815010
 1643.000000 0.958270 1.824139
 1644.000000 0.875638 1.804335
 1645.000000 0.940169 1.820904
 1646.000000 0.925960 1.791026
 1647.000000 0.978166 1.789372
 1648.000000 0.996854 1.800622
 1649.000000 1.003944 1.855645
 1650.000000 1.031759 1.832950
 1651.000000 0.929826 1.843716
 1652.000000 0.995847 1.773765
 1653.000000 0.947142 1.844003
 1654.000000 0.994283 1.859500
 1655.000000 0.943702 1.764495
 1656.000000 0.917480 1.765986
 1657.000000 0.873053 1.706121
 1658.000000 0.914812 1.776846
 1659.000000 0.907286 1.841217
 1660.000000 0.928646 1.751382
 1661.000000 0.954155 1.844020
 1662.000000 0.943695 1.795448
 1663.000000 1.038926 1.908315
 1664.000000 0.919109 1.767044
 1665.000000 0.860020 1.737605
 1666.000000 0.880588 1.819453
 1667.000000 0.887718 1.805036
 1668.000000 0.917782 1.761214
 1669.000000 0.920103 1.764577
 1670.000000 0.897317 1.768164
 1671.000000 0.857964 1.802057
 1672.000000 0.925355 1.811369
 1673.000000 1.000705 1.823488
 1674.000000 1.009589 1.733278
 1675.000000 0.937430 1.725544
 1676.000000 0.997989 1.794088
 1677.000000 0.941328 1.742493
 1678.000000 0.942128 1.837259
 1679.000000 0.981771 1.905023
 1680.000000 0.995925 1.726731
 1681.000000 0.966764 1.831479
 1682.000000 0.858056 1.771689
 1683.000000 0.894525 1.786995
 1684.000000 0.885457 1.761743
 1685.000000 0.931783 1.824117
 1686.000000 0.928255 1.762631
 1687.000000 0.885694 1.704981
 1688.000000 0.884791 1.712208
 1689.000000 0.907518 1.785840
 1690.000000 0.969306 1.787213
 1691.000000 0.963411 1.745332
 1692.000000 0.911532 1.886371
 1693.000000 0.865451 1.868630
 1694.000000 0.908281 1.789554
 1695.000000 0.959183 1.861966
 1696.000000 0.856801 1.799064
 1697.000000 0.938573 1.818384
 1698.000000 1.044927 1.754658
 1699.000000 0.905410 1.817200
 1700.000000 0.889844 1.751416
 1701.000000 1.010306 1.767475
 1702.000000 0.969929 1.795009
 1703.000000 0.957344 1.768295
 1704.000000 1.017358 1.833681
 1705.000000 0.939022 1.848826
 1706.000000 0.912992 1.855503
 1707.000000 0.977633 1.825340
 1708.000000 0.988343 1.810408
 1709.000000 1.014908 1.789054
 1710.000000 0.909960 1.767384
 1711.000000 1.065077 1.822595
 1712.000000 1.026629 1.866852
 1713.000000 0.954406 1.872276
 1714.000000 0.903992 1.867702
 1715.000000 0.952751 1.923964
 1716.000000 0.929138 1.905444
 1717.000000 0.903685 1.888628
 1718.000000 0.900165 1.862482
 1719.000000 0.900177 1.791464
 1720.000000 0.964488 1.849627
 1721.000000 0.891567 1.897311
 1722.000000 0.916366 1.869749
 1723.000000 0.870293 1.867185
 1724.000000 0.945395 1.884898
 1725.000000 0.988125 1.857812
 1726.000000 0.975543 1.852333
 1727.000000 0.890130 1.876729
 1728.000000 0.966902 1.932475
 1729.000000 0.942003 1.898133
 1730.000000 0.968245 1.815647
 1731.000000 0.980609 1.818156
 1732.000000 1.045398 1.888839
 1733.000000 0.956402 1.880895
 1734.000000 1.059390 1.961279
 1735.000000 0.952607 1.890906
 1736.000000 1.039822 1.905829
 1737.000000 0.922931 1.917985
 1738.000000 0.889064 1.854870
 1739.000000 0.917621 1.896273
 1740.000000 0.916951 1.874911
 1741.000000 0.948122 1.860492
 1742.000000 0.967361 1.869294
 1743.000000 0.960844 1.872932
 1744.000000 1.050958 1.888489
 1745.000000 0.965173 1.993151
 1746.000000 0.888828 1.889729
 1747.000000 0.919063 1.858693
 1748.000000 0.985796 1.884916
 1749.000000 0.991435 1.782955
 1750.000000 0.978290 1.962381
 1751.000000 0.934724 1.896547
 1752.000000 0.923164 1.920477
 1753.000000 0.881132 1.962899
 1754.000000 0.930974 1.948101
 1755.000000 0.977161 1.919889
 1756.000000 0.903395 1.846927
 1757.000000 0.969850 1.947054
 1758.000000 1.131752 1.901039
 1759.000000 0.947219 1.887166
 1760.000000 0.973091 1.896113
 1761.000000 0.993795 1.908265
 1762.000000 0.973188 1.971468
 1763.000000 1.023093 1.878804
 1764.000000 0.897187 1.675771
 1765.000000 0.990776 1.896165
 1766.000000 0.978520 1.791621
 1767.000000 0.935511 1.823645
 1768.000000 0.899106 1.733662
 1769.000000 1.018780 1.766893
 1770.000000 0.939975 1.769624
 1771.000000 0.909797 1.789875
 1772.000000 1.015473 1.831742
 1773.000000 1.030474 1.838464
 1774.000000 0.977125 1.840508
 1775.000000 1.060804 1.753580
 1776.000000 0.867125 1.810738
 1777.000000 0.978934 1.809874
 1778.000000 0.930327 1.784617
 1779.000000 1.022037 1.889025
 1780.000000 0.906683 1.723741
 1781.000000 0.915518 1.730044
 1782.000000 1.046053 1.795988
 1783.000000 0.940929 1.749430
 1784.000000 0.898014 1.691421
 1785.000000 1.042710 1.722026
 1786.000000 1.041453 1.818723
 1787.000000 0.872983 1.819181
 1788.000000 0.984208 1.809262
 1789.000000 0.922743 1.822949
 1790.000000 0.922038 1.831076
 1791.000000 0.970039 1.824754
 1792.000000 1.021741 1.946062
 1793.000000 0.905957 1.844721
 1794.000000 0.956775 1.819989
 1795.000000 1.074942 1.716250
 1796.000000 1.080016 1.839337
 1797.000000 0.900228 1.828259
 1798.000000 1.057304 1.848223
 1799.000000 1.047965 1.905678
 1800.000000 0.994128 1.826790
 1801.000000 1.008722 1.867372
 1802.000000 0.904778 1.853067
 1803.000000 0.954943 1.855779
 1804.000000 1.042344 1.867625
 1805.000000 1.065278 1.866989
 1806.000000 1.153785 1.944037
 1807.000000 0.930526 1.878194
 1808.000000 0.922365 1.791889
 1809.000000 0.972105 1.769445
 1810.000000 0.968654 1.827815
 1811.000000 0.938436 1.892775
 1812.000000 0.938994 1.910087
 1813.000000 0.859109 1.864134
 1814.000000 1.040672 1.879926
 1815.000000 0.934618 1.889629
 1816.000000 1.039897 1.854207
 1817.000000 0.927018 1.946688
 1818.000000 1.019399 1.989735
 1819.000000 0.910032 1.963162
 1820.000000 0.961171 1.876056
 1821.000000 0.912651 1.865808
 1822.000000 0.881875 1.839699
 1823.000000 0.973461 1.934851
 1824.000000 0.937473 1.826787
 1825.000000 0.912491 1.798753
 1826.000000 1.010383 1.899734
 1827.000000 0.892975 1.753735
 1828.000000 0.873519 1.790462
 1829.000000 1.073084 1.855185
 1830.000000 0.999801 1.900343
 1831.000000 0.876878 1.901103
 1832.000000 0.866963 1.802580
 1833.000000 0.987853 1.804113
 1834.000000 0.904250 1.731075
 1835.000000 0.845145 1.784284
 1836.000000 0.949122 1.812511
 1837.000000 0.854674 1.823532
 1838.000000 0.947903 1.815694
 1839.000000 0.915974 1.777219
 1840.000000 0.914310 1.807038
 1841.000000 0.964505 1.865386
 1842.000000 1.007389 1.894111
 1843.000000 0.974691 1.873998
 1844.000000 0.998328 1.854435
 1845.000000 0.939690 1.793665
 1846.000000 0.965107 1.835829
 1847.000000 0.895260 1.837820
 1848.000000 0.902454 1.854517
 1849.000000 0.882753 1.821279
 1850.000000 0.856225 1.792789
 1851.000000 0.810458 1.804924
 1852.000000 0.956719 1.840664
 1853.000000 0.916398 1.865961
 1854.000000 0.961476 1.834737
 1855.000000 0.952815 1.845947
 1856.000000 0.906293 1.827905
 1857.000000 1.043013 1.848798
 1858.000000 0.964312 1.733168
 1859.000000 0.945754 1.792760
 1860.000000 0.975172 1.812166
 1861.000000 0.920461 1.777154
 1862.000000 0.926052 1.770438
 1863.000000 1.033299 1.741731
 1864.000000 0.888876 1.718809
 1865.000000 0.892002 1.748293
 1866.000000 0.868774 1.800880
 1867.000000 0.943212 1.749763
 1868.000000 0.839735 1.679869
 1869.000000 0.929860 1.766939
 1870.000000 0.847244 1.748989
 1871.000000 0.914393 1.812178
 1872.000000 0.893960 1.789184
 1873.000000 1.035843 1.788951
 1874.000000 0.971752 1.838985
 1875.000000 1.025387 1.695791
 1876.000000 0.904275 1.735568
 1877.000000 0.943183 1.782981
 1878.000000 0.909053 1.667293
 1879.000000 0.898938 1.765854
 1880.000000 1.047439 1.833508
 1881.000000 0.897818 1.805782
 1882.000000 1.047621 1.829351
 1883.000000 0.980498 1.716579
 1884.000000 0.918548 1.764900
 1885.000000 0.983869 1.786908
 1886.000000 0.873038 1.714107
 1887.000000 0.974542 1.755389
 1888.000000 0.973121 1.814932
 1889.000000 0.883751 1.780014
 1890.000000 0.928601 1.831814
 1891.000000 0.953782 1.784308
 1892.000000 0.930282 1.812142
 1893.000000 0.928197 1.826417
 1894.000000 0.847493 1.821779
 1895.000000 0.942609 1.737115
 1896.000000 0.925103 1.746671
 1897.000000 0.952602 1.758779
 1898.000000 0.862280 1.736672
 1899.000000 0.941249 1.753232
 1900.000000 0.940608 1.825698
 1901.000000 1.061636 1.712133
 1902.000000 0.948863 1.755814
 1903.000000 0.942609 1.783651
 1904.000000 0.923405 1.832876
 1905.000000 0.973489 1.763495
 1906.000000 0.909162 1.821409
 1907.000000 0.990434 1.760257
 1908.000000 0.985765 1.813846
 1909.000000 0.885358 1.793431
 1910.000000 0.937896 1.799112
 1911.000000 0.924767 1.794842
 1912.000000 1.055679 1.811200
 1913.000000 0.985310 1.813446
 1914.000000 0.977630 1.824333
 1915.000000 0.959672 1.859551
 1916.000000 0.998584 1.863518
 1917.000000 0.907916 1.836518
 1918.000000 0.863823 1.799903
 1919.000000 0.969665 1.826432
 1920.000000 1.062710 1.812451
 1921.000000 0.998966 1.859541
 1922.000000 0.931981 1.843453
 1923.000000 0.982924 1.940937
 1924.000000 0.982362 1.786401
 1925.000000 1.003699 1.778657
 1926.000000 1.014162 1.821664
 1927.000000 0.862447 1.871523
 1928.000000 0.949461 1.843646
 1929.000000 0.969202 1.822034
 1930.000000 0.960026 1.860688
 1931.000000 0.945721 1.842994
 1932.000000 1.002178 1.772675
 1933.000000 0.965013 1.906238
 1934.000000 0.901814 1.782135
 1935.000000 0.971932 1.775501
 1936.000000 0.964978 1.861223
 1937.000000 0.965002 1.852124
 1938.000000 0.986371 1.838378
 1939.000000 0.845430 1.804762
 1940.000000 0.948285 1.851392
 1941.000000 0.875437 1.873711
 1942.000000 0.982549 1.753922
 1943.000000 0.934114 1.811727
 1944.000000 0.969554 1.877947
 1945.000000 1.035480 1.807501
 1946.000000 0.946299 1.845164
 1947.000000 0.888745 1.917982
 1948.000000 0.915926 1.761228
 1949.000000 0.894041 1.801202
 1950.000000 0.870643 1.826712
 1951.000000 0.947159 1.844736
 1952.000000 0.934969 1.815010
 1953.000000 0.985634 1.834986
 1954.000000 0.875531 1.755602
 1955.000000 0.938819 1.734614
 1956.000000 0.911533 1.834919
 1957.000000 0.965620 1.832719
 1958.000000 0.978364 1.852592
 1959.000000 0.986306 1.796043
 1960.000000 0.910534 1.733016
 1961.000000 0.961526 1.700389
 1962.000000 1.016102 1.832084
 1963.000000 0.968793 1.814936
 1964.000000 0.884407 1.868193
 1965.000000 0.876455 1.889438
 1966.000000 0.890069 1.817638
 1967.000000 0.962843 1.857343
 1968.000000 0.859842 1.783524
 1969.000000 0.961322 1.885940
 1970.000000 0.946155 1.733238
 1971.000000 1.042999 1.842190
 1972.000000 1.051988 1.766973
 1973.000000 0.962796 1.730738
 1974.000000 0.902142 1.848837
 1975.000000 1.007601 1.782992
 1976.000000 1.038149 1.873990
 1977.000000 0.906686 1.752072
 1978.000000 0.868419 1.679607
 1979.000000 0.892285 1.695429
 1980.000000 0.919248 1.674219
 1981.000000 0.964036 1.738278
 1982.000000 0.921104 1.727388
 1983.000000 0.889527 1.796612
 1984.000000 0.920680 1.759388
 1985.000000 0.958735 1.797914
 1986.000000 0.860811 1.809183
 1987.000000 0.876175 1.789279
 1988.000000 0.829437 1.680013
 1989.000000 0.848715 1.742602
 1990.000000 0.919575 1.686535
 1991.000000 0.812589 1.754341
 1992.000000 0.876250 1.774224
 1993.000000 0.885746 1.736683
 1994.000000 0.872098 1.742554
 1995.000000 0.915382 1.700619
 1996.000000 0.902567 1.687405
 1997.000000 0.882596 1.758503
 1998.000000 0.897911 1.766555
 1999.000000 0.974111 1.830343
 2000.000000 0.885772 1.783276
 2001.000000 0.850168 1.767257
 2002.000000 0.902187 1.777683
 2003.000000 0.986387 1.825258
 2004.000000 0.901467 1.838458
 2005.000000 0.916807 1.759891
 2006.000000 0.980319 1.746191
 2007.000000 0.940605 1.731803
 2008.000000 0.977711 1.794776
 2009.000000 0.913060 1.776844
 2010.000000 0.859945 1.715204
 2011.000000 0.872081 1.789922
 2012.000000 0.907924 1.792671
 2013.000000 0.885212 1.774279
 2014.000000 0.826547 1.790311
 2015.000000 0.924820 1.837115
 2016.000000 0.889611 1.779099
 2017.000000 0.817941 1.772816
 2018.000000 0.855044 1.749737
 2019.000000 0.992518 1.751367
 2020.000000 0.938224 1.786934
 2021.000000 0.847049 1.744843
 2022.000000 0.969162 1.787690
 2023.000000 0.881798 1.796262
 2024.000000 0.815883 1.830904
 2025.000000 0.963492 1.801845
 2026.000000 0.846217 1.800033
 2027.000000 0.844194 1.748586
 2028.000000 0.804052 1.778690
 2029.000000 0.840763 1.819189
 2030.000000 0.931175 1.822911
 2031.000000 0.846023 1.750124
 2032.000000 0.964063 1.779846
 2033.000000 1.001554 1.782252
 2034.000000 0.998020 1.820538
 2035.000000 0.925055 1.735681
 2036.000000 0.885031 1.851701
 2037.000000 0.852964 1.734275
 2038.000000 0.877481 1.688244
 2039.000000 0.817691 1.797559
 2040.000000 0.852444 1.777201
 2041.000000 0.822467 1.798973
 2042.000000 0.914451 1.773568
 2043.000000 0.859005 1.784189
 2044.000000 0.902679 1.805710
 2045.000000 0.903851 1.813996
 2046.000000 0.915508 1.771708
 2047.000000 0.906501 1.791604
 2048.000000 0.902795 1.795259
 2049.000000 1.013926 1.841945
 2050.000000 0.930865 1.847447
 2051.000000 0.892903 1.754648
 2052.000000 0.931316 1.844011
 2053.000000 0.919119 1.816181
 2054.000000 0.823772 1.807776
 2055.000000 0.910517 1.809074
 2056.000000 0.807208 1.910839
 2057.000000 0.835236 1.815119
 2058.000000 0.823770 1.772259
 2059.000000 0.876280 1.826002
 2060.000000 0.907177 1.742170
 2061.000000 0.831036 1.761546
 2062.000000 0.822228 1.752974
 2063.000000 0.805183 1.756909
 2064.000000 0.806063 1.728918
 2065.000000 0.905868 1.803025
 2066.000000 0.885493 1.767696
 2067.000000 0.858994 1.699519
 2068.000000 0.828057 1.736695
 2069.000000 0.880118 1.764123
 2070.000000 0.870558 1.846928
 2071.000000 0.940639 1.827459
 2072.000000 0.985463 1.797222
 2073.000000 0.943793 1.713903
 2074.000000 0.953165 1.778385
 2075.000000 0.941321 1.797269
 2076.000000 0.972605 1.789248
 2077.000000 0.886197 1.810226
 2078.000000 0.921705 1.764132
 2079.000000 0.992829 1.752249
 2080.000000 0.862022 1.709988
 2081.000000 0.962664 1.781427
 2082.000000 0.852713 1.832426
 2083.000000 0.854258 1.791872
 2084.000000 0.946142 1.750353
 2085.000000 0.932539 1.804492
 2086.000000 0.950066 1.790419
 2087.000000 0.856868 1.836724
 2088.000000 0.879069 1.750603
 2089.000000 0.876876 1.819450
 2090.000000 0.890975 1.749101
 2091.000000 0.889426 1.798629
 2092.000000 0.940349 1.809834
 2093.000000 0.897627 1.825257
 2094.000000 0.981161 1.755268
 2095.000000 0.989737 1.801226
 2096.000000 0.920439 1.803237
 2097.000000 0.846499 1.826113
 2098.000000 0.963708 1.783360
 2099.000000 0.894173 1.849726
 2100.000000 0.925259 1.826475
 2101.000000 0.990899 1.799984
 2102.000000 0.877825 1.797426
 2103.000000 0.961510 1.796765
 2104.000000 0.927917 1.822508
 2105.000000 0.938316 1.791798
 2106.000000 0.970203 1.750707
 2107.000000 0.869873 1.794222
 2108.000000 0.836584 1.810016
 2109.000000 0.958883 1.746485
 2110.000000 0.908795 1.777238
 2111.000000 0.855627 1.726518
 2112.000000 0.909245 1.790749
 2113.000000 0.849370 1.733355
 2114.000000 0.892747 1.838542
 2115.000000 1.037857 1.808153
 2116.000000 0.792857 1.838337
 2117.000000 0.857571 1.826857
 2118.000000 0.909489 1.780431
 2119.000000 0.876356 1.745488
 2120.000000 0.908070 1.773076
 2121.000000 0.901477 1.727564
 2122.000000 0.962579 1.694482
 2123.000000 1.001493 1.792479
 2124.000000 1.008596 1.775723
 2125.000000 0.977826 1.825116
 2126.000000 0.947847 1.804215
 2127.000000 0.970909 1.784756
 2128.000000 0.915310 1.757336
 2129.000000 0.919778 1.844583
 2130.000000 0.917286 1.789558
 2131.000000 0.835949 1.825697
 2132.000000 0.864440 1.811802
 2133.000000 0.935839 1.859810
 2134.000000 0.952947 1.830546
 2135.000000 0.983933 1.812412
 2136.000000 0.926816 1.786145
 2137.000000 0.856961 1.817574
 2138.000000 0.864257 1.816697
 2139.000000 0.876568 1.773856
 2140.000000 0.823191 1.758339
 2141.000000 0.955008 1.789955
 2142.000000 0.980293 1.820662
 2143.000000 0.950454 1.767607
 2144.000000 0.979298 1.778871
 2145.000000 0.988117 1.804094
 2146.000000 0.881737 1.789336
 2147.000000 0.950864 1.853391
 2148.000000 0.905318 1.770999
 2149.000000 1.004698 1.748661
 2150.000000 0.959188 1.707822
 2151.000000 0.822712 1.764756
 2152.000000 0.935556 1.854868
 2153.000000 0.847081 1.795747
 2154.000000 0.945814 1.835996
 2155.000000 0.880251 1.716266
 2156.000000 0.855504 1.799915
 2157.000000 0.843250 1.786557
 2158.000000 0.966162 1.787416
 2159.000000 0.874963 1.840839
 2160.000000 0.892648 1.771462
 2161.000000 0.854596 1.803157
 2162.000000 0.888077 1.774929
 2163.000000 0.919571 1.776258
 2164.000000 0.951922 1.893447
 2165.000000 0.927426 1.859942
 2166.000000 0.864067 1.864541
 2167.000000 0.951081 1.827055
 2168.000000 0.854704 1.828269
 2169.000000 0.921097 1.821601
 2170.000000 0.868719 1.838517
 2171.000000 0.910629 1.904283
 2172.000000 0.842002 1.880859
 2173.000000 0.898965 1.896165
 2174.000000 0.934115 1.849061
 2175.000000 0.919348 1.836608
 2176.000000 0.866992 1.918979
 2177.000000 0.818041 1.834256
 2178.000000 0.824675 1.896353
 2179.000000 0.909737 1.902876
 2180.000000 0.969463 1.862337
 2181.000000 0.975116 1.887827
 2182.000000 1.049392 1.873881
 2183.000000 0.952007 1.897260
 2184.000000 0.897395 1.888084
 2185.000000 0.928187 1.831862
 2186.000000 0.913365 1.907743
 2187.000000 0.907547 1.865936
 2188.000000 0.872245 1.833899
 2189.000000 0.849326 1.866880
 2190.000000 0.861895 1.827569
 2191.000000 0.873177 1.878430
 2192.000000 0.863682 1.775247
 2193.000000 0.966044 1.855898
 2194.000000 0.930589 1.831578
 2195.000000 0.870993 1.906544
 2196.000000 0.977804 1.915724
 2197.000000 0.961402 1.880784
 2198.000000 0.971463 1.936269
 2199.000000 0.856237 1.801392
 2200.000000 0.889391 1.876087
 2201.000000 0.843188 1.821782
 2202.000000 0.932770 1.831971
 2203.000000 0.863240 1.891397
 2204.000000 0.841511 1.886044
 2205.000000 0.879906 1.843334
 2206.000000 0.853763 1.905177
 2207.000000 0.881622 1.877604
 2208.000000 0.886486 1.903965
 2209.000000 0.903883 1.847356
 2210.000000 0.930335 1.873222
 2211.000000 0.841223 1.842072
 2212.000000 0.901647 1.859690
 2213.000000 0.959805 1.768686
 2214.000000 0.891276 1.904567
 2215.000000 0.892044 1.820494
 2216.000000 1.028888 1.793491
 2217.000000 0.969019 1.925986
 2218.000000 0.915217 1.910403
 2219.000000 0.857737 1.873409
 2220.000000 0.868838 1.840867
 2221.000000 1.033345 1.841309
 2222.000000 0.919520 1.783910
 2223.000000 0.905234 1.787986
 2224.000000 0.872848 1.775123
 2225.000000 0.930104 1.820047
 2226.000000 0.925799 1.818593
 2227.000000 0.802555 1.763918
 2228.000000 0.944694 1.868957
 2229.000000 0.825704 1.800193
 2230.000000 0.839194 1.747801
 2231.000000 0.912246 1.720644
 2232.000000 0.836846 1.757769
 2233.000000 0.845830 1.740864
 2234.000000 0.849282 1.788120
 2235.000000 0.899986 1.772535
 2236.000000 0.884847 1.747719
 2237.000000 0.927786 1.764720
 2238.000000 0.803217 1.788781
 2239.000000 0.850362 1.795949
 2240.000000 0.842197 1.736599
 2241.000000 0.856425 1.754241
 2242.000000 0.890858 1.763556
 2243.000000 0.830336 1.765179
 2244.000000 0.912636 1.733560
 2245.000000 0.903279 1.799304
 2246.000000 0.943183 1.714370
 2247.000000 0.893505 1.823956
 2248.000000 0.890795 1.787596
 2249.000000 0.990427 1.796038
 2250.000000 0.831918 1.818344
 2251.000000 0.862979 1.767217
 2252.000000 0.863944 1.774835
 2253.000000 0.863559 1.792498
 2254.000000 0.854456 1.904118
 2255.000000 0.880176 1.906783
 2256.000000 0.933157 1.839056
 2257.000000 0.898641 1.837368
 2258.000000 0.828240 1.882384
 2259.000000 0.891465 1.791209
 2260.000000 0.942802 1.837828
 2261.000000 0.929474 1.803775
 2262.000000 0.900466 1.742811
 2263.000000 0.870939 1.735145
 2264.000000 0.905432 1.850375
 2265.000000 0.901751 1.804222
 2266.000000 0.921403 1.820614
 2267.000000 0.931081 1.862253
 2268.000000 0.884063 1.777997
 2269.000000 0.923779 1.791968
 2270.000000 0.886384 1.719879
 2271.000000 0.853107 1.822743
 2272.000000 0.929937 1.773764
 2273.000000 0.944883 1.786260
 2274.000000 0.921193 1.724208
 2275.000000 0.837130 1.726852
 2276.000000 0.863734 1.703843
 2277.000000 0.784876 1.754068
 2278.000000 0.893261 1.713517
 2279.000000 0.847558 1.703963
 2280.000000 0.916348 1.817248
 2281.000000 0.871631 1.787506
 2282.000000 0.815889 1.833672
 2283.000000 0.946572 1.803430
 2284.000000 0.823740 1.804006
 2285.000000 0.852342 1.803699
 2286.000000 0.955214 1.779587
 2287.000000 0.869790 1.855713
 2288.000000 0.948203 1.808799
 2289.000000 0.907170 1.892419
 2290.000000 0.920536 1.823802
 2291.000000 0.803608 1.848963
 2292.000000 1.019173 1.841879
 2293.000000 0.972205 1.862869
 2294.000000 0.877075 1.897629
 2295.000000 0.829607 1.787809
 2296.000000 0.865282 1.767752
 2297.000000 0.907199 1.812074
 2298.000000 0.840548 1.812018
 2299.000000 0.882030 1.811299
 2300.000000 0.898745 1.781573
 2301.000000 0.918002 1.751599
 2302.000000 0.904997 1.826673
 2303.000000 0.863216 1.718920
 2304.000000 0.911438 1.659135
 2305.000000 0.810615 1.804257
 2306.000000 0.787659 1.757215
 2307.000000 0.953775 1.816055
 2308.000000 0.829673 1.836363
 2309.000000 0.802139 1.833796
 2310.000000 0.768552 1.810125
 2311.000000 0.787630 1.855849
 2312.000000 0.781079 1.782365
 2313.000000 0.820071 1.815915
 2314.000000 0.822366 1.819383
 2315.000000 0.840482 1.798660
 2316.000000 0.839289 1.806835
 2317.000000 0.862617 1.894045
 2318.000000 0.812960 1.747858
 2319.000000 0.929637 1.811673
 2320.000000 0.879918 1.831082
 2321.000000 0.873200 1.768147
 2322.000000 0.920811 1.875562
 2323.000000 1.012938 1.770372
 2324.000000 0.983641 1.853973
 2325.000000 0.913742 1.798122
 2326.000000 0.906678 1.810738
 2327.000000 0.914456 1.790307
 2328.000000 0.965154 1.878506
 2329.000000 0.946364 1.836555
 2330.000000 0.944263 1.818977
 2331.000000 0.955271 1.796208
 2332.000000 0.894127 1.780377
 2333.000000 0.946475 1.803351
 2334.000000 0.839693 1.760610
 2335.000000 0.808970 1.758587
 2336.000000 0.967895 1.738929
 2337.000000 0.909438 1.735022
 2338.000000 0.939942 1.751602
 2339.000000 0.884545 1.738436
 2340.000000 0.922257 1.702121
 2341.000000 0.901056 1.724062
 2342.000000 0.912433 1.774981
 2343.000000 0.874227 1.760722
 2344.000000 0.830656 1.812074
 2345.000000 0.933592 1.706742
 2346.000000 0.985221 1.858418
 2347.000000 0.941866 1.858386
 2348.000000 0.934277 1.747266
 2349.000000 0.977274 1.792474
 2350.000000 0.952722 1.818624
 2351.000000 0.959891 1.895947
 2352.000000 0.946661 1.844440
 2353.000000 0.950324 1.751559
 2354.000000 0.956381 1.836512
 2355.000000 0.928112 1.834475
 2356.000000 0.959627 1.811119
 2357.000000 0.855245 1.853520
 2358.000000 0.945050 1.899848
 2359.000000 1.021333 1.835855
 2360.000000 0.977672 1.726350
 2361.000000 1.032120 1.900227
 2362.000000 0.991314 1.848497
 2363.000000 0.967778 1.847946
 2364.000000 0.941996 1.780621
 2365.000000 0.916506 1.750558
 2366.000000 1.027390 1.862803
 2367.000000 1.004761 1.814372
 2368.000000 0.957549 1.858426
 2369.000000 0.915530 1.849605
 2370.000000 0.906139 1.882107
 2371.000000 0.964494 1.900039
 2372.000000 0.876500 1.859409
 2373.000000 0.819217 1.874442
 2374.000000 1.010200 1.926437
 2375.000000 1.016074 1.904196
 2376.000000 0.972401 1.876850
 2377.000000 0.991038 1.897114
 2378.000000 0.943673 1.887161
 2379.000000 1.004059 1.913369
 2380.000000 0.986693 1.883660
 2381.000000 0.826503 1.892788
 2382.000000 0.884726 1.850920
 2383.000000 0.919665 1.874243
 2384.000000 0.932467 1.846079
 2385.000000 0.980545 1.824508
 2386.000000 0.984047 1.874826
 2387.000000 0.854012 1.852059
 2388.000000 0.944631 1.878788
 2389.000000 0.905434 1.757262
 2390.000000 0.755593 1.750554
 2391.000000 0.817713 1.806285
 2392.000000 0.880946 1.762415
 2393.000000 0.845661 1.750735
 2394.000000 0.871258 1.724837
 2395.000000 0.962940 1.749206
 2396.000000 0.918972 1.772988
 2397.000000 0.943825 1.771535
 2398.000000 0.853091 1.837513
 2399.000000 0.901775 1.739065
 2400.000000 0.806147 1.802948
 2401.000000 0.906774 1.726177
 2402.000000 0.854017 1.849050
 2403.000000 0.856880 1.761718
 2404.000000 0.987481 1.872728
 2405.000000 0.917940 1.884043
 2406.000000 0.796561 1.839392
 2407.000000 0.846823 1.912169
 2408.000000 0.884574 1.757331
 2409.000000 0.767364 1.775338
 2410.000000 0.878611 1.847515
 2411.000000 0.843940 1.810861
 2412.000000 0.765245 1.739371
 2413.000000 0.813155 1.809140
 2414.000000 0.869542 1.676112
 2415.000000 0.830932 1.665398
 2416.000000 0.827092 1.767814
 2417.000000 0.830010 1.759587
 2418.000000 0.940371 1.773839
 2419.000000 0.778762 1.782355
 2420.000000 0.899587 1.764153
 2421.000000 0.830322 1.780067
 2422.000000 0.857291 1.767559
 2423.000000 0.945344 1.767819
 2424.000000 0.881965 1.753205
 2425.000000 0.925688 1.770456
 2426.000000 0.955282 1.725405
 2427.000000 0.892333 1.712206
 2428.000000 0.838587 1.758172
 2429.000000 0.834876 1.716180
 2430.000000 0.802306 1.784229
 2431.000000 0.764940 1.697944
 2432.000000 0.881879 1.874359
 2433.000000 0.917603 1.811662
 2434.000000 0.862913 1.754852
 2435.000000 0.844173 1.745304
 2436.000000 0.768493 1.761099
 2437.000000 0.958481 1.826895
 2438.000000 0.983397 1.803673
 2439.000000 0.867028 1.833978
 2440.000000 0.936770 1.915400
 2441.000000 0.890564 1.802005
 2442.000000 0.974834 1.776876
 2443.000000 0.864643 1.850157
 2444.000000 0.777392 1.800432
 2445.000000 0.856945 1.738285
 2446.000000 0.879304 1.747084
 2447.000000 0.852568 1.798575
 2448.000000 0.943164 1.774691
 2449.000000 0.746967 1.749980
 2450.000000 0.826849 1.882484
 2451.000000 0.825677 1.834873
 2452.000000 0.859816 1.755224
 2453.000000 0.861516 1.777542
 2454.000000 0.955179 1.800786
 2455.000000 0.950175 1.718549
 2456.000000 0.903870 1.782960
 2457.000000 0.910437 1.819415
 2458.000000 0.929718 1.816881
 2459.000000 0.771044 1.795543
 2460.000000 0.880199 1.840819
 2461.000000 0.849923 1.757847
 2462.000000 0.939921 1.782457
 2463.000000 0.844247 1.786552
 2464.000000 0.850467 1.869036
 2465.000000 0.900081 1.795564
 2466.000000 0.883513 1.903985
 2467.000000 0.904074 1.824107
 2468.000000 0.894454 1.825847
 2469.000000 0.847325 1.831620
 2470.000000 0.827472 1.776140
 2471.000000 0.811998 1.756589
 2472.000000 0.900573 1.771598
 2473.000000 0.806036 1.798396
 2474.000000 0.857507 1.779046
 2475.000000 0.902522 1.770171
 2476.000000 0.770983 1.843367
 2477.000000 0.823106 1.866279
 2478.000000 0.886073 1.846382
 2479.000000 0.966981 1.867307
 2480.000000 0.849267 1.772139
 2481.000000 0.887993 1.806718
 2482.000000 0.832977 1.934322
 2483.000000 0.921825 1.821889
 2484.000000 0.906216 1.823193
 2485.000000 0.863425 1.830237
 2486.000000 0.927471 1.789364
 2487.000000 0.859991 1.798250
 2488.000000 0.888320 1.715133
 2489.000000 0.890486 1.829982
 2490.000000 0.893989 1.861226
 2491.000000 0.953195 1.790647
 2492.000000 0.818457 1.922250
 2493.000000 0.973662 1.826723
 2494.000000 0.878098 1.840121
 2495.000000 0.866650 1.854562
 2496.000000 0.911843 1.797071
 2497.000000 0.980778 1.778038
 2498.000000 0.941401 1.830790
 2499.000000 0.932344 1.802635
 2500.000000 0.866314 1.838485
