#! FIELDS time pd_137_140 diff
 0.000000 1.725678 -0.729865
 1.000000 1.596776 -0.845266
 2.000000 1.513618 -0.745921
 3.000000 1.555318 -0.791556
 4.000000 1.566086 -0.808198
 5.000000 1.616910 -0.715158
 6.000000 1.536652 -0.851320
 7.000000 1.571308 -0.790125
 8.000000 1.551657 -0.804526
 9.000000 1.480371 -0.743402
 10.000000 1.635477 -0.871184
 11.000000 1.558611 -0.850958
 12.000000 1.613049 -0.903710
 13.000000 1.502816 -0.866414
 14.000000 1.481263 -0.897420
 15.000000 1.405222 -0.847447
 16.000000 1.540443 -0.841231
 17.000000 1.458513 -0.875918
 18.000000 1.518211 -0.833980
 19.000000 1.518877 -0.865680
 20.000000 1.582603 -0.883203
 21.000000 1.384489 -0.847666
 22.000000 1.512204 -0.780662
 23.000000 1.540321 -0.917570
 24.000000 1.535470 -0.874828
 25.000000 1.450814 -0.961021
 26.000000 1.440352 -0.879063
 27.000000 1.452275 -0.915165
 28.000000 1.573491 -1.006187
 29.000000 1.590849 -0.834757
 30.000000 1.438469 -0.835057
 31.000000 1.504863 -0.892703
 32.000000 1.602551 -0.863724
 33.000000 1.547491 -0.960954
 34.000000 1.510251 -0.981201
 35.000000 1.563888 -0.950030
 36.000000 1.461319 -0.909472
 37.000000 1.465500 -0.950529
 38.000000 1.510076 -0.862845
 39.000000 1.458749 -0.871662
 40.000000 1.502908 -0.866989
 41.000000 1.500228 -0.844235
 42.000000 1.486616 -0.872648
 43.000000 1.425428 -0.897734
 44.000000 1.464458 -0.904668
 45.000000 1.493276 -0.894805
 46.000000 1.533018 -0.875991
 47.000000 1.527187 -0.783169
 48.000000 1.427424 -0.784705
 49.000000 1.477015 -0.810477
 50.000000 1.446372 -0.795953
 51.000000 1.504117 -0.798364
 52.000000 1.399796 -0.768972
 53.000000 1.474818 -0.791354
 54.000000 1.261436 -0.786589
 55.000000 1.463506 -0.810964
 56.000000 1.532750 -0.857559
 57.000000 1.563297 -0.826855
 58.000000 1.508355 -0.807506
 59.000000 1.475286 -0.839965
 60.000000 1.511451 -0.887474
 61.000000 1.425499 -0.770005
 62.000000 1.553002 -0.812796
 63.000000 1.496880 -0.826559
 64.000000 1.501717 -0.768290
 65.000000 1.533632 -0.837194
 66.000000 1.563932 -0.733402
 67.000000 1.503321 -0.695148
 68.000000 1.450988 -0.851281
 69.000000 1.582538 -0.815866
 70.000000 1.615339 -0.794019
 71.000000 1.543251 -0.756691
 72.000000 1.492277 -0.857327
 73.000000 1.444529 -0.831771
 74.000000 1.620071 -0.807941
 75.000000 1.516493 -0.754470
 76.000000 1.447600 -0.733367
 77.000000 1.602134 -0.789196
 78.000000 1.505389 -0.830589
 79.000000 1.484430 -0.890328
 80.000000 1.634762 -0.843387
 81.000000 1.499546 -0.854602
 82.000000 1.687155 -0.908935
 83.000000 1.476141 -0.808489
 84.000000 1.570633 -0.771721
 85.000000 1.505012 -0.810385
 86.000000 1.634762 -0.773291
 87.000000 1.577757 -0.705182
 88.000000 1.441147 -0.841138
 89.000000 1.559360 -0.822281
 90.000000 1.656308 -0.766110
 91.000000 1.515991 -0.806183
 92.000000 1.651120 -0.785746
 93.000000 1.479127 -0.772718
 94.000000 1.515462 -0.713381
 95.000000 1.507099 -0.811475
 96.000000 1.527187 -0.808148
 97.000000 1.585780 -0.859406
 98.000000 1.580736 -0.856597
 99.000000 1.579139 -0.855815
 100.000000 1.484622 -0.830608
 101.000000 1.585211 -0.794210
 102.000000 1.556893 -0.865897
 103.000000 1.496115 -0.784631
 104.000000 1.592858 -0.812279
 105.000000 1.533137 -0.789692
 106.000000 1.515695 -0.669526
 107.000000 1.637613 -0.739238
 108.000000 1.531759 -0.769262
 109.000000 1.480175 -0.768875
 110.000000 1.582109 -0.766583
 111.000000 1.482135 -0.745764
 112.000000 1.492848 -0.747856
 113.000000 1.609796 -0.804825
 114.000000 1.581672 -0.765150
 115.000000 1.536105 -0.803488
 116.000000 1.552487 -0.768178
 117.000000 1.570483 -0.778393
 118.000000 1.546654 -0.809616
 119.000000 1.443746 -0.891100
 120.000000 1.569794 -0.892747
 121.000000 1.477567 -0.773062
 122.000000 1.535752 -0.762252
 123.000000 1.480831 -0.870637
 124.000000 1.388555 -0.793899
 125.000000 1.523840 -0.894795
 126.000000 1.551244 -0.801342
 127.000000 1.600511 -0.864262
 128.000000 1.505050 -0.814357
 129.000000 1.595611 -0.890916
 130.000000 1.666783 -0.877324
 131.000000 1.604998 -0.918261
 132.000000 1.584838 -0.799375
 133.000000 1.589009 -0.808054
 134.000000 1.490665 -0.815772
 135.000000 1.677024 -0.786041
 136.000000 1.646030 -0.759041
 137.000000 1.517573 -0.817005
 138.000000 1.443665 -0.784160
 139.000000 1.536538 -0.869859
 140.000000 1.699106 -0.858519
 141.000000 1.735710 -0.855396
 142.000000 1.599311 -0.925816
 143.000000 1.518102 -0.847135
 144.000000 1.521345 -0.848264
 145.000000 1.760348 -0.898899
 146.000000 1.562078 -0.880899
 147.000000 1.561803 -0.863072
 148.000000 1.633960 -0.859915
 149.000000 1.650231 -0.821489
 150.000000 1.665764 -0.820827
 151.000000 1.574814 -0.818929
 152.000000 1.546365 -0.775058
 153.000000 1.630341 -0.761544
 154.000000 1.605167 -0.781298
 155.000000 1.652139 -0.793151
 156.000000 1.510971 -0.796070
 157.000000 1.493290 -0.783557
 158.000000 1.569238 -0.783650
 159.000000 1.606190 -0.777936
 160.000000 1.548979 -0.661527
 161.000000 1.610440 -0.714323
 162.000000 1.692317 -0.866325
 163.000000 1.580618 -0.898443
 164.000000 1.688803 -0.725720
 165.000000 1.557843 -0.758354
 166.000000 1.574521 -0.789056
 167.000000 1.651530 -0.737031
 168.000000 1.598499 -0.792358
 169.000000 1.586831 -0.774842
 170.000000 1.505322 -0.800241
 171.000000 1.534201 -0.773306
 172.000000 1.524345 -0.813103
 173.000000 1.571761 -0.690453
 174.000000 1.729124 -0.797496
 175.000000 1.635714 -0.830529
 176.000000 1.561980 -0.763667
 177.000000 1.680458 -0.794260
 178.000000 1.620307 -0.771615
 179.000000 1.614164 -0.800652
 180.000000 1.532031 -0.721134
 181.000000 1.574571 -0.761275
 182.000000 1.614076 -0.776572
 183.000000 1.592642 -0.708662
 184.000000 1.715805 -0.765475
 185.000000 1.581255 -0.824166
 186.000000 1.615706 -0.821389
 187.000000 1.659379 -0.731410
 188.000000 1.564927 -0.750769
 189.000000 1.501556 -0.850239
 190.000000 1.610041 -0.757917
 191.000000 1.487368 -0.809319
 192.000000 1.600134 -0.785127
 193.000000 1.505135 -0.785148
 194.000000 1.396521 -0.810838
 195.000000 1.444596 -0.761519
 196.000000 1.531959 -0.715691
 197.000000 1.632009 -0.774881
 198.000000 1.572087 -0.735861
 199.000000 1.657518 -0.705757
 200.000000 1.594273 -0.786971
 201.000000 1.746982 -0.789168
 202.000000 1.652945 -0.764940
 203.000000 1.561538 -0.778180
 204.000000 1.609645 -0.851274
 205.000000 1.651631 -0.767938
 206.000000 1.587700 -0.795153
 207.000000 1.683382 -0.882844
 208.000000 1.579618 -0.798126
 209.000000 1.625991 -0.786418
 210.000000 1.665522 -0.817464
 211.000000 1.616561 -0.812292
 212.000000 1.682121 -0.657103
 213.000000 1.768379 -0.803871
 214.000000 1.695782 -0.830810
 215.000000 1.521242 -0.854241
 216.000000 1.683434 -0.842510
 217.000000 1.694366 -0.773750
 218.000000 1.669074 -0.760922
 219.000000 1.631493 -0.787698
 220.000000 1.667252 -0.792643
 221.000000 1.653370 -0.861687
 222.000000 1.789796 -0.832995
 223.000000 1.654926 -0.807313
 224.000000 1.761149 -0.748201
 225.000000 1.789946 -0.812300
 226.000000 1.644581 -0.889387
 227.000000 1.721149 -0.870992
 228.000000 1.703967 -0.846427
 229.000000 1.650807 -0.862797
 230.000000 1.698389 -0.767628
 231.000000 1.568688 -0.751720
 232.000000 1.667397 -0.748310
 233.000000 1.693135 -0.818970
 234.000000 1.626216 -0.722474
 235.000000 1.672997 -0.897668
 236.000000 1.687631 -0.805537
 237.000000 1.617079 -0.726192
 238.000000 1.719916 -0.789264
 239.000000 1.593125 -0.789625
 240.000000 1.569559 -0.841397
 241.000000 1.522969 -0.816506
 242.000000 1.556202 -0.813759
 243.000000 1.512746 -0.873881
 244.000000 1.425333 -0.826855
 245.000000 1.567930 -0.857682
 246.000000 1.617713 -0.864106
 247.000000 1.529619 -0.833179
 248.000000 1.576987 -0.840207
 249.000000 1.443842 -0.910725
 250.000000 1.552307 -0.897472
 251.000000 1.544422 -0.780244
 252.000000 1.583914 -0.798752
 253.000000 1.499310 -0.762825
 254.000000 1.585320 -0.841343
 255.000000 1.583079 -0.818087
 256.000000 1.572114 -0.776332
 257.000000 1.606817 -0.882851
 258.000000 1.703616 -0.819446
 259.000000 1.525448 -0.851434
 260.000000 1.607832 -0.751834
 261.000000 1.642067 -0.701425
 262.000000 1.505914 -0.730983
 263.000000 1.555609 -0.796151
 264.000000 1.595765 -0.853577
 265.000000 1.624727 -0.804090
 266.000000 1.481460 -0.774272
 267.000000 1.585870 -0.757310
 268.000000 1.578587 -0.779509
 269.000000 1.526771 -0.758227
 270.000000 1.649780 -0.893841
 271.000000 1.672119 -0.860975
 272.000000 1.566279 -0.827471
 273.000000 1.607314 -0.763041
 274.000000 1.559103 -0.814244
 275.000000 1.610784 -0.763567
 276.000000 1.600933 -0.684357
 277.000000 1.461149 -0.766262
 278.000000 1.544335 -0.732332
 279.000000 1.637246 -0.694229
 280.000000 1.602488 -0.838314
 281.000000 1.679181 -0.762991
 282.000000 1.673498 -0.742289
 283.000000 1.666190 -0.799947
 284.000000 1.566846 -0.775564
 285.000000 1.564487 -0.717850
 286.000000 1.521546 -0.862260
 287.000000 1.666492 -0.844102
 288.000000 1.649934 -0.791032
 289.000000 1.495978 -0.713765
 290.000000 1.566239 -0.774724
 291.000000 1.579921 -0.771516
 292.000000 1.630840 -0.858959
 293.000000 1.566486 -0.820857
 294.000000 1.593726 -0.885105
 295.000000 1.642845 -0.836976
 296.000000 1.548654 -0.832185
 297.000000 1.516116 -0.741415
 298.000000 1.628911 -0.800697
 299.000000 1.598520 -0.846571
 300.000000 1.558342 -0.834675
 301.000000 1.577191 -0.890268
 302.000000 1.670765 -0.734872
 303.000000 1.523434 -0.714091
 304.000000 1.533350 -0.725879
 305.000000 1.541027 -0.785892
 306.000000 1.595776 -0.725051
 307.000000 1.524027 -0.843764
 308.000000 1.592786 -0.809790
 309.000000 1.555308 -0.769839
 310.000000 1.619152 -0.741474
 311.000000 1.569764 -0.778587
 312.000000 1.512170 -0.748141
 313.000000 1.430406 -0.767280
 314.000000 1.567442 -0.814960
 315.000000 1.630488 -0.787672
 316.000000 1.508715 -0.738434
 317.000000 1.621907 -0.793069
 318.000000 1.585988 -0.782509
 319.000000 1.590009 -0.824759
 320.000000 1.675734 -0.790172
 321.000000 1.633896 -0.811984
 322.000000 1.684207 -0.781587
 323.000000 1.614557 -0.804240
 324.000000 1.676523 -0.783584
 325.000000 1.701474 -0.826829
 326.000000 1.663588 -0.861746
 327.000000 1.561920 -0.779358
 328.000000 1.598534 -0.750699
 329.000000 1.567364 -0.736216
 330.000000 1.671248 -0.733595
 331.000000 1.742397 -0.743082
 332.000000 1.548275 -0.736467
 333.000000 1.580817 -0.777713
 334.000000 1.542584 -0.763529
 335.000000 1.540238 -0.789338
 336.000000 1.732282 -0.826076
 337.000000 1.652466 -0.737945
 338.000000 1.591223 -0.807010
 339.000000 1.666727 -0.767335
 340.000000 1.564797 -0.712121
 341.000000 1.718336 -0.794963
 342.000000 1.540732 -0.754910
 343.000000 1.618775 -0.716094
 344.000000 1.595751 -0.794139
 345.000000 1.754065 -0.813097
 346.000000 1.704925 -0.737084
 347.000000 1.639985 -0.803315
 348.000000 1.578351 -0.777431
 349.000000 1.568195 -0.871554
 350.000000 1.546910 -0.819320
 351.000000 1.644959 -0.744545
 352.000000 1.581874 -0.844726
 353.000000 1.576766 -0.745780
 354.000000 1.570426 -0.844487
 355.000000 1.622681 -0.849259
 356.000000 1.620974 -0.840063
 357.000000 1.550860 -0.808584
 358.000000 1.707243 -0.760156
 359.000000 1.630950 -0.775645
 360.000000 1.549256 -0.723717
 361.000000 1.563371 -0.735480
 362.000000 1.536750 -0.779191
 363.000000 1.702535 -0.684947
 364.000000 1.555809 -0.768730
 365.000000 1.583818 -0.722445
 366.000000 1.563000 -0.762136
 367.000000 1.524764 -0.884438
 368.000000 1.574355 -0.798909
 369.000000 1.568786 -0.930792
 370.000000 1.646409 -0.874997
 371.000000 1.539972 -0.856723
 372.000000 1.599198 -0.895636
 373.000000 1.645955 -0.824194
 374.000000 1.543624 -0.891078
 375.000000 1.568199 -0.766637
 376.000000 1.627688 -0.797798
 377.000000 1.772626 -0.824661
 378.000000 1.698039 -0.781170
 379.000000 1.594383 -0.799038
 380.000000 1.624402 -0.860906
 381.000000 1.670650 -0.833852
 382.000000 1.645480 -0.893842
 383.000000 1.608977 -0.867800
 384.000000 1.480295 -0.822503
 385.000000 1.646246 -0.682841
 386.000000 1.578296 -0.794416
 387.000000 1.606234 -0.744814
 388.000000 1.609103 -0.774801
 389.000000 1.643583 -0.749901
 390.000000 1.593685 -0.726482
 391.000000 1.657733 -0.857047
 392.000000 1.630588 -0.802435
 393.000000 1.471180 -0.784755
 394.000000 1.565232 -0.711442
 395.000000 1.672874 -0.859172
 396.000000 1.671562 -0.714850
 397.000000 1.618743 -0.788119
 398.000000 1.603110 -0.834995
 399.000000 1.624462 -0.794820
 400.000000 1.663579 -0.819359
 401.000000 1.634375 -0.806675
 402.000000 1.611732 -0.822390
 403.000000 1.755283 -0.829932
 404.000000 1.670412 -0.867168
 405.000000 1.524066 -0.819155
 406.000000 1.724101 -0.869175
 407.000000 1.761538 -0.850401
 408.000000 1.646043 -0.850309
 409.000000 1.681519 -0.719599
 410.000000 1.453788 -0.909139
 411.000000 1.611778 -0.921136
 412.000000 1.603121 -0.867024
 413.000000 1.558494 -0.864070
 414.000000 1.644455 -0.865541
 415.000000 1.634666 -0.875559
 416.000000 1.687597 -0.950988
 417.000000 1.635691 -0.799487
 418.000000 1.658808 -0.819669
 419.000000 1.569280 -0.874742
 420.000000 1.629331 -0.873314
 421.000000 1.643710 -0.860280
 422.000000 1.642129 -0.851626
 423.000000 1.726877 -0.865279
 424.000000 1.715562 -0.836944
 425.000000 1.555775 -0.736595
 426.000000 1.646013 -0.852014
 427.000000 1.651655 -0.802197
 428.000000 1.634521 -0.853792
 429.000000 1.578531 -0.837866
 430.000000 1.665884 -0.849958
 431.000000 1.624585 -0.810310
 432.000000 1.635967 -0.843237
 433.000000 1.667791 -0.769933
 434.000000 1.646219 -0.756913
 435.000000 1.588372 -0.836283
 436.000000 1.722707 -0.826720
 437.000000 1.615626 -0.797361
 438.000000 1.498729 -0.848839
 439.000000 1.572025 -0.800016
 440.000000 1.648911 -0.783777
 441.000000 1.532799 -0.784713
 442.000000 1.606140 -0.854965
 443.000000 1.623459 -0.832589
 444.000000 1.563624 -0.799796
 445.000000 1.667293 -0.871877
 446.000000 1.678004 -0.802783
 447.000000 1.648323 -0.859566
 448.000000 1.530115 -0.817674
 449.000000 1.557799 -0.712635
 450.000000 1.559360 -0.764088
 451.000000 1.548406 -0.805428
 452.000000 1.642864 -0.780764
 453.000000 1.484932 -0.833371
 454.000000 1.756526 -0.831972
 455.000000 1.728385 -0.822592
 456.000000 1.681589 -0.843367
 457.000000 1.615763 -0.860804
 458.000000 1.675990 -0.844966
 459.000000 1.673777 -0.795489
 460.000000 1.646774 -0.766187
 461.000000 1.562199 -0.815396
 462.000000 1.727392 -0.804801
 463.000000 1.460034 -0.799862
 464.000000 1.693820 -0.811634
 465.000000 1.750329 -0.792350
 466.000000 1.695254 -0.821096
 467.000000 1.707906 -0.837455
 468.000000 1.681909 -0.806873
 469.000000 1.714992 -0.786363
 470.000000 1.667652 -0.773343
 471.000000 1.620658 -0.752521
 472.000000 1.667292 -0.843090
 473.000000 1.636195 -0.770890
 474.000000 1.578816 -0.751827
 475.000000 1.646832 -0.754237
 476.000000 1.717063 -0.832991
 477.000000 1.740366 -0.850585
 478.000000 1.609946 -0.791885
 479.000000 1.633513 -0.752857
 480.000000 1.564244 -0.760316
 481.000000 1.701145 -0.761274
 482.000000 1.682113 -0.855877
 483.000000 1.589930 -0.757086
 484.000000 1.611981 -0.819431
 485.000000 1.740808 -0.786603
 486.000000 1.704595 -0.815594
 487.000000 1.651194 -0.844195
 488.000000 1.625842 -0.886461
 489.000000 1.680254 -0.786623
 490.000000 1.624791 -0.829204
 491.000000 1.505366 -0.836790
 492.000000 1.598153 -0.831784
 493.000000 1.573203 -0.828834
 494.000000 1.660227 -0.876564
 495.000000 1.621890 -0.869243
 496.000000 1.573368 -0.860450
 497.000000 1.619991 -0.836062
 498.000000 1.589571 -0.853633
 499.000000 1.755044 -0.896016
 500.000000 1.548065 -0.766293
 501.000000 1.538938 -0.871560
 502.000000 1.708010 -0.794672
 503.000000 1.573420 -0.834001
 504.000000 1.712070 -0.863736
 505.000000 1.653222 -0.898738
 506.000000 1.620893 -0.796031
 507.000000 1.562094 -0.839857
 508.000000 1.581715 -0.843950
 509.000000 1.634130 -0.822314
 510.000000 1.647952 -0.764989
 511.000000 1.667128 -0.773258
 512.000000 1.515214 -0.809746
 513.000000 1.595724 -0.852504
 514.000000 1.635259 -0.877426
 515.000000 1.629539 -0.846617
 516.000000 1.881235 -0.862647
 517.000000 1.701536 -0.834825
 518.000000 1.662782 -0.738954
 519.000000 1.611577 -0.829803
 520.000000 1.652298 -0.774144
 521.000000 1.580587 -0.851694
 522.000000 1.657671 -0.796065
 523.000000 1.700496 -0.746317
 524.000000 1.486659 -0.719414
 525.000000 1.610659 -0.817851
 526.000000 1.518237 -0.804692
 527.000000 1.513119 -0.821733
 528.000000 1.605849 -0.920589
 529.000000 1.538519 -0.869744
 530.000000 1.441607 -0.808254
 531.000000 1.529578 -0.820198
 532.000000 1.527415 -0.833490
 533.000000 1.567116 -0.803007
 534.000000 1.601917 -0.737719
 535.000000 1.617908 -0.824960
 536.000000 1.505663 -0.846375
 537.000000 1.505584 -0.806859
 538.000000 1.546988 -0.807477
 539.000000 1.558115 -0.848373
 540.000000 1.566219 -0.883659
 541.000000 1.600891 -0.865967
 542.000000 1.557194 -0.986009
 543.000000 1.566451 -0.901563
 544.000000 1.515233 -0.897761
 545.000000 1.589859 -0.806044
 546.000000 1.694402 -0.872381
 547.000000 1.667989 -0.973002
 548.000000 1.568831 -0.865836
 549.000000 1.638633 -0.893646
 550.000000 1.606563 -0.871658
 551.000000 1.504328 -0.870332
 552.000000 1.591279 -0.791170
 553.000000 1.555542 -0.868593
 554.000000 1.468081 -0.900133
 555.000000 1.497273 -0.902744
 556.000000 1.664684 -0.870886
 557.000000 1.650268 -0.845265
 558.000000 1.568692 -0.883293
 559.000000 1.639110 -0.884718
 560.000000 1.652209 -0.876291
 561.000000 1.533699 -0.884781
 562.000000 1.576775 -0.925220
 563.000000 1.625952 -0.882312
 564.000000 1.528491 -0.914856
 565.000000 1.632873 -0.989606
 566.000000 1.521606 -0.995889
 567.000000 1.474166 -0.944934
 568.000000 1.491055 -0.938368
 569.000000 1.568122 -0.872666
 570.000000 1.626083 -0.852951
 571.000000 1.507584 -0.841834
 572.000000 1.622886 -0.830976
 573.000000 1.623469 -0.839838
 574.000000 1.656804 -0.807949
 575.000000 1.557851 -0.894861
 576.000000 1.649518 -0.762011
 577.000000 1.626229 -0.822014
 578.000000 1.613693 -0.844758
 579.000000 1.703733 -0.853325
 580.000000 1.450388 -0.867246
 581.000000 1.575844 -0.796002
 582.000000 1.499558 -0.838312
 583.000000 1.508642 -0.789502
 584.000000 1.499387 -0.796189
 585.000000 1.538705 -0.818373
 586.000000 1.596166 -0.727284
 587.000000 1.573692 -0.851688
 588.000000 1.459130 -0.758144
 589.000000 1.543262 -0.756221
 590.000000 1.497275 -0.872750
 591.000000 1.496601 -0.802601
 592.000000 1.551978 -0.904767
 593.000000 1.552282 -0.828008
 594.000000 1.435613 -0.942440
 595.000000 1.579431 -0.868339
 596.000000 1.503359 -0.841965
 597.000000 1.542553 -0.821875
 598.000000 1.607562 -0.865549
 599.000000 1.518925 -0.848934
 600.000000 1.594918 -0.778640
 601.000000 1.588063 -0.865984
 602.000000 1.618149 -0.826237
 603.000000 1.503261 -0.817144
 604.000000 1.513320 -0.818104
 605.000000 1.464143 -0.883108
 606.000000 1.499667 -0.758518
 607.000000 1.603665 -0.767200
 608.000000 1.481261 -0.810159
 609.000000 1.655933 -0.843868
 610.000000 1.483620 -0.755164
 611.000000 1.479082 -0.847143
 612.000000 1.566626 -0.791730
 613.000000 1.570416 -0.773674
 614.000000 1.540687 -0.736216
 615.000000 1.512179 -0.817809
 616.000000 1.514414 -0.793372
 617.000000 1.487962 -0.761419
 618.000000 1.617550 -0.787358
 619.000000 1.555302 -0.859313
 620.000000 1.492003 -0.784204
 621.000000 1.495302 -0.797218
 622.000000 1.479007 -0.842627
 623.000000 1.501512 -0.885344
 624.000000 1.486770 -0.830567
 625.000000 1.607480 -0.690840
 626.000000 1.625098 -0.732698
 627.000000 1.658800 -0.729081
 628.000000 1.527815 -0.754314
 629.000000 1.498510 -0.826121
 630.000000 1.574202 -0.780640
 631.000000 1.500207 -0.737383
 632.000000 1.531390 -0.740584
 633.000000 1.584646 -0.830528
 634.000000 1.583611 -0.850077
 635.000000 1.515064 -0.812465
 636.000000 1.525976 -0.774980
 637.000000 1.588018 -0.799851
 638.000000 1.528929 -0.765954
 639.000000 1.505937 -0.770471
 640.000000 1.637954 -0.706278
 641.000000 1.507367 -0.790845
 642.000000 1.590369 -0.773999
 643.000000 1.667483 -0.757700
 644.000000 1.609565 -0.765254
 645.000000 1.568075 -0.829901
 646.000000 1.568697 -0.860494
 647.000000 1.489386 -0.811520
 648.000000 1.485101 -0.805096
 649.000000 1.501131 -0.849931
 650.000000 1.665495 -0.826538
 651.000000 1.518640 -0.941519
 652.000000 1.762087 -0.848944
 653.000000 1.561139 -0.846714
 654.000000 1.626549 -0.685679
 655.000000 1.538291 -0.823552
 656.000000 1.537831 -0.863674
 657.000000 1.432162 -0.911769
 658.000000 1.563329 -0.926173
 659.000000 1.566785 -0.889061
 660.000000 1.540157 -0.885723
 661.000000 1.558034 -0.751923
 662.000000 1.666937 -0.731707
 663.000000 1.514576 -0.816258
 664.000000 1.592960 -0.711960
 665.000000 1.542965 -0.852931
 666.000000 1.550799 -0.843790
 667.000000 1.574114 -0.786580
 668.000000 1.608507 -0.790864
 669.000000 1.488314 -0.896798
 670.000000 1.588498 -0.759733
 671.000000 1.576191 -0.857281
 672.000000 1.547195 -0.868101
 673.000000 1.537972 -0.913147
 674.000000 1.440483 -0.802351
 675.000000 1.487914 -0.822813
 676.000000 1.507193 -0.825442
 677.000000 1.520249 -0.768156
 678.000000 1.635564 -0.823919
 679.000000 1.569909 -0.847677
 680.000000 1.648197 -0.781623
 681.000000 1.600760 -0.793838
 682.000000 1.638057 -0.802701
 683.000000 1.492926 -0.770590
 684.000000 1.548948 -0.809987
 685.000000 1.656970 -0.831342
 686.000000 1.536002 -0.804403
 687.000000 1.472674 -0.826260
 688.000000 1.488397 -0.887971
 689.000000 1.552634 -0.745990
 690.000000 1.508857 -0.766073
 691.000000 1.474121 -0.883636
 692.000000 1.589622 -0.843175
 693.000000 1.540856 -0.800022
 694.000000 1.488826 -0.754611
 695.000000 1.405152 -0.773347
 696.000000 1.620284 -0.802663
 697.000000 1.597369 -0.795490
 698.000000 1.571477 -0.861402
 699.000000 1.534663 -0.759627
 700.000000 1.504838 -0.757694
 701.000000 1.678591 -0.800713
 702.000000 1.551617 -0.801291
 703.000000 1.580617 -0.696204
 704.000000 1.457374 -0.777692
 705.000000 1.466535 -0.768622
 706.000000 1.568777 -0.815303
 707.000000 1.471020 -0.830806
 708.000000 1.484499 -0.904656
 709.000000 1.542635 -0.835721
 710.000000 1.690235 -0.799218
 711.000000 1.572334 -0.911932
 712.000000 1.611267 -0.876982
 713.000000 1.469422 -0.820446
 714.000000 1.664586 -0.932723
 715.000000 1.544588 -0.846484
 716.000000 1.517733 -0.761060
 717.000000 1.518006 -0.758091
 718.000000 1.625213 -0.792300
 719.000000 1.663551 -0.844179
 720.000000 1.464819 -0.776833
 721.000000 1.518097 -0.782145
 722.000000 1.638782 -0.782802
 723.000000 1.614071 -0.730435
 724.000000 1.559523 -0.791250
 725.000000 1.667972 -0.873336
 726.000000 1.486229 -0.856195
 727.000000 1.537506 -0.821620
 728.000000 1.510689 -0.818585
 729.000000 1.511282 -0.799709
 730.000000 1.481699 -0.769051
 731.000000 1.673707 -0.793567
 732.000000 1.607156 -0.775831
 733.000000 1.605810 -0.855175
 734.000000 1.528614 -0.738584
 735.000000 1.506541 -0.776607
 736.000000 1.475109 -0.791616
 737.000000 1.471606 -0.669602
 738.000000 1.553492 -0.705945
 739.000000 1.390727 -0.750104
 740.000000 1.597803 -0.747930
 741.000000 1.526322 -0.775242
 742.000000 1.549498 -0.787801
 743.000000 1.496881 -0.706900
 744.000000 1.506666 -0.729104
 745.000000 1.602644 -0.731296
 746.000000 1.523702 -0.767769
 747.000000 1.500954 -0.716945
 748.000000 1.450643 -0.675855
 749.000000 1.526068 -0.774778
 750.000000 1.628568 -0.791752
 751.000000 1.576318 -0.799527
 752.000000 1.518913 -0.787211
 753.000000 1.503679 -0.807876
 754.000000 1.525272 -0.855426
 755.000000 1.432627 -0.857792
 756.000000 1.462672 -0.757873
 757.000000 1.573187 -0.806097
 758.000000 1.597290 -0.788730
 759.000000 1.499168 -0.822183
 760.000000 1.476212 -0.807062
 761.000000 1.456532 -0.773578
 762.000000 1.538117 -0.822872
 763.000000 1.470398 -0.888621
 764.000000 1.512270 -0.803312
 765.000000 1.578557 -0.836795
 766.000000 1.531378 -0.871988
 767.000000 1.488026 -0.836579
 768.000000 1.461015 -0.900927
 769.000000 1.458129 -0.774239
 770.000000 1.483401 -0.762035
 771.000000 1.464496 -0.750445
 772.000000 1.502107 -0.810907
 773.000000 1.514691 -0.820566
 774.000000 1.552951 -0.785827
 775.000000 1.499811 -0.743729
 776.000000 1.383580 -0.876288
 777.000000 1.551067 -0.767642
 778.000000 1.615621 -0.845966
 779.000000 1.457796 -0.741644
 780.000000 1.539135 -0.722796
 781.000000 1.469262 -0.734062
 782.000000 1.545805 -0.786042
 783.000000 1.397789 -0.767978
 784.000000 1.566126 -0.792457
 785.000000 1.487740 -0.805424
 786.000000 1.539457 -0.838585
 787.000000 1.399265 -0.785640
 788.000000 1.520963 -0.854912
 789.000000 1.672580 -0.822896
 790.000000 1.480756 -0.758251
 791.000000 1.528147 -0.837243
 792.000000 1.451154 -0.829260
 793.000000 1.531090 -0.801293
 794.000000 1.451778 -0.801745
 795.000000 1.471100 -0.883511
 796.000000 1.449984 -0.872395
 797.000000 1.442611 -0.824469
 798.000000 1.463732 -0.906083
 799.000000 1.530539 -0.860029
 800.000000 1.515485 -0.826394
 801.000000 1.521660 -0.849067
 802.000000 1.656531 -0.848824
 803.000000 1.587669 -0.791822
 804.000000 1.579298 -0.895230
 805.000000 1.455484 -0.787310
 806.000000 1.518368 -0.778000
 807.000000 1.480214 -0.754249
 808.000000 1.533032 -0.783491
 809.000000 1.478519 -0.896328
 810.000000 1.534107 -0.903420
 811.000000 1.542986 -0.929525
 812.000000 1.561916 -0.861089
 813.000000 1.439644 -0.766376
 814.000000 1.397319 -0.837576
 815.000000 1.462740 -0.831430
 816.000000 1.580989 -0.851124
 817.000000 1.556726 -0.853153
 818.000000 1.483089 -0.805227
 819.000000 1.507926 -0.792358
 820.000000 1.505065 -0.785913
 821.000000 1.485501 -0.789980
 822.000000 1.536138 -0.820030
 823.000000 1.517348 -0.835023
 824.000000 1.561664 -0.632295
 825.000000 1.511622 -0.817555
 826.000000 1.471292 -0.898861
 827.000000 1.503146 -0.866356
 828.000000 1.404702 -0.861987
 829.000000 1.492458 -0.917255
 830.000000 1.463231 -0.888145
 831.000000 1.471002 -0.846437
 832.000000 1.478098 -0.817262
 833.000000 1.550664 -0.861167
 834.000000 1.449498 -0.807303
 835.000000 1.509902 -0.819212
 836.000000 1.539159 -0.796137
 837.000000 1.552975 -0.862353
 838.000000 1.487805 -0.898406
 839.000000 1.509513 -0.795432
 840.000000 1.499623 -0.855031
 841.000000 1.520006 -0.770143
 842.000000 1.536337 -0.905074
 843.000000 1.501284 -0.862184
 844.000000 1.478920 -0.799199
 845.000000 1.554504 -0.870621
 846.000000 1.515366 -0.933000
 847.000000 1.392565 -0.896842
 848.000000 1.531119 -0.897828
 849.000000 1.499688 -0.881493
 850.000000 1.552428 -0.891464
 851.000000 1.583460 -0.877533
 852.000000 1.513894 -0.773972
 853.000000 1.522080 -0.845442
 854.000000 1.473757 -0.846222
 855.000000 1.596637 -0.816848
 856.000000 1.468249 -0.912088
 857.000000 1.459406 -0.881485
 858.000000 1.537396 -0.824334
 859.000000 1.500453 -0.774927
 860.000000 1.497308 -0.852611
 861.000000 1.616676 -0.772684
 862.000000 1.450346 -0.787667
 863.000000 1.427881 -0.786532
 864.000000 1.563094 -0.797138
 865.000000 1.595594 -0.789965
 866.000000 1.550461 -0.753651
 867.000000 1.604705 -0.853072
 868.000000 1.510185 -0.998869
 869.000000 1.706316 -0.889022
 870.000000 1.547265 -0.806793
 871.000000 1.542263 -0.816163
 872.000000 1.516061 -0.858966
 873.000000 1.523274 -0.807433
 874.000000 1.534595 -0.811116
 875.000000 1.647695 -0.846976
 876.000000 1.501879 -0.834541
 877.000000 1.492570 -0.762337
 878.000000 1.597586 -0.798800
 879.000000 1.590669 -0.766038
 880.000000 1.435030 -0.793723
 881.000000 1.634046 -0.856555
 882.000000 1.664623 -0.767468
 883.000000 1.644894 -0.835138
 884.000000 1.602494 -0.937965
 885.000000 1.525306 -0.837088
 886.000000 1.527262 -0.798670
 887.000000 1.482158 -0.821507
 888.000000 1.577711 -0.816018
 889.000000 1.576662 -0.849523
 890.000000 1.555559 -0.823181
 891.000000 1.585677 -0.859101
 892.000000 1.588804 -0.910693
 893.000000 1.694038 -0.870794
 894.000000 1.623856 -0.875582
 895.000000 1.635688 -0.827930
 896.000000 1.665646 -0.866732
 897.000000 1.609067 -0.909156
 898.000000 1.481601 -0.911276
 899.000000 1.579815 -0.782159
 900.000000 1.597344 -0.843152
 901.000000 1.532911 -0.828215
 902.000000 1.529631 -0.829683
 903.000000 1.493144 -0.903418
 904.000000 1.503209 -0.933707
 905.000000 1.550729 -0.818262
 906.000000 1.598369 -0.878876
 907.000000 1.573099 -0.841548
 908.000000 1.643375 -0.905253
 909.000000 1.446416 -0.825493
 910.000000 1.491290 -0.918573
 911.000000 1.570749 -0.902617
 912.000000 1.525186 -0.799366
 913.000000 1.511156 -0.862194
 914.000000 1.527458 -0.862704
 915.000000 1.562302 -0.905295
 916.000000 1.632041 -0.944324
 917.000000 1.584673 -0.877305
 918.000000 1.597101 -0.780116
 919.000000 1.538076 -0.859422
 920.000000 1.557557 -0.863344
 921.000000 1.537343 -0.845691
 922.000000 1.537694 -0.833054
 923.000000 1.524216 -0.855039
 924.000000 1.561810 -0.871134
 925.000000 1.519718 -0.882574
 926.000000 1.636721 -0.910990
 927.000000 1.554035 -0.882177
 928.000000 1.591707 -0.893468
 929.000000 1.411856 -0.866622
 930.000000 1.533553 -0.813905
 931.000000 1.607169 -0.859133
 932.000000 1.573373 -0.771416
 933.000000 1.525447 -0.834319
 934.000000 1.531192 -0.780161
 935.000000 1.591614 -0.731540
 936.000000 1.517556 -0.843452
 937.000000 1.531228 -0.866199
 938.000000 1.530562 -0.887077
 939.000000 1.574539 -0.850477
 940.000000 1.451252 -0.886313
 941.000000 1.467205 -0.887961
 942.000000 1.437565 -0.800158
 943.000000 1.452668 -0.864377
 944.000000 1.486330 -0.842990
 945.000000 1.614889 -0.852814
 946.000000 1.479645 -0.750260
 947.000000 1.597754 -0.847653
 948.000000 1.498661 -0.884034
 949.000000 1.573001 -0.897805
 950.000000 1.510107 -0.775625
 951.000000 1.544464 -0.887201
 952.000000 1.585128 -0.863991
 953.000000 1.578227 -0.888773
 954.000000 1.423611 -0.816798
 955.000000 1.581074 -0.864285
 956.000000 1.564926 -0.780663
 957.000000 1.533314 -0.892696
 958.000000 1.531195 -0.786803
 959.000000 1.642589 -0.770733
 960.000000 1.662650 -0.672923
 961.000000 1.500868 -0.773375
 962.000000 1.544745 -0.800420
 963.000000 1.548842 -0.812405
 964.000000 1.603483 -0.835638
 965.000000 1.557672 -0.847318
 966.000000 1.512042 -0.772590
 967.000000 1.596275 -0.774916
 968.000000 1.543225 -0.788033
 969.000000 1.515973 -0.838153
 970.000000 1.565371 -0.813405
 971.000000 1.569173 -0.772672
 972.000000 1.573339 -0.835336
 973.000000 1.645875 -0.761451
 974.000000 1.616033 -0.807501
 975.000000 1.610290 -0.766604
 976.000000 1.530873 -0.764071
 977.000000 1.596252 -0.801823
 978.000000 1.595328 -0.888668
 979.000000 1.559164 -0.815708
 980.000000 1.456782 -0.809588
 981.000000 1.502205 -0.800206
 982.000000 1.575221 -0.885402
 983.000000 1.615869 -0.819700
 984.000000 1.457175 -0.860693
 985.000000 1.597704 -0.894880
 986.000000 1.593523 -0.840561
 987.000000 1.598056 -0.864138
 988.000000 1.613011 -0.788628
 989.000000 1.617824 -0.729958
 990.000000 1.568534 -0.706626
 991.000000 1.619932 -0.771982
 992.000000 1.574519 -0.792041
 993.000000 1.524725 -0.838223
 994.000000 1.482790 -0.757469
 995.000000 1.469964 -0.864121
 996.000000 1.542466 -0.746645
 997.000000 1.424321 -0.836328
 998.000000 1.617222 -0.840125
 999.000000 1.575883 -0.806030
 1000.000000 1.535284 -0.832992
 1001.000000 1.531630 -0.781162
 1002.000000 1.474118 -0.829633
 1003.000000 1.651213 -0.769514
 1004.000000 1.500830 -0.853252
 1005.000000 1.588370 -0.899726
 1006.000000 1.561904 -0.825766
 1007.000000 1.674912 -0.897815
 1008.000000 1.651304 -0.865234
 1009.000000 1.601246 -0.905996
 1010.000000 1.549995 -0.959489
 1011.000000 1.641881 -0.911153
 1012.000000 1.501920 -0.946500
 1013.000000 1.532294 -0.891487
 1014.000000 1.562138 -0.898584
 1015.000000 1.522864 -0.920896
 1016.000000 1.535516 -0.863534
 1017.000000 1.611420 -0.920084
 1018.000000 1.562394 -0.870055
 1019.000000 1.605386 -0.871983
 1020.000000 1.600224 -0.833009
 1021.000000 1.561019 -0.799105
 1022.000000 1.606938 -0.874168
 1023.000000 1.642513 -0.804188
 1024.000000 1.601373 -0.816614
 1025.000000 1.648868 -0.896378
 1026.000000 1.598257 -0.894536
 1027.000000 1.560304 -0.863717
 1028.000000 1.552484 -0.858071
 1029.000000 1.595122 -0.944341
 1030.000000 1.594076 -0.900313
 1031.000000 1.686203 -0.835766
 1032.000000 1.564886 -0.895347
 1033.000000 1.530418 -0.854082
 1034.000000 1.604762 -0.799004
 1035.000000 1.559836 -0.824883
 1036.000000 1.528056 -0.881552
 1037.000000 1.659000 -0.821462
 1038.000000 1.540279 -0.808615
 1039.000000 1.585914 -0.775747
 1040.000000 1.529958 -0.787312
 1041.000000 1.588434 -0.833863
 1042.000000 1.600552 -0.801597
 1043.000000 1.564466 -0.749936
 1044.000000 1.556601 -0.773034
 1045.000000 1.614287 -0.733717
 1046.000000 1.595027 -0.736235
 1047.000000 1.561162 -0.758198
 1048.000000 1.561107 -0.834463
 1049.000000 1.509646 -0.765402
 1050.000000 1.599535 -0.751438
 1051.000000 1.615486 -0.827464
 1052.000000 1.505360 -0.771448
 1053.000000 1.553918 -0.756249
 1054.000000 1.602191 -0.713520
 1055.000000 1.481834 -0.743380
 1056.000000 1.599244 -0.806961
 1057.000000 1.480380 -0.902916
 1058.000000 1.465988 -0.900757
 1059.000000 1.504749 -0.936239
 1060.000000 1.538043 -0.950354
 1061.000000 1.557206 -0.831031
 1062.000000 1.510528 -0.775775
 1063.000000 1.579444 -0.768756
 1064.000000 1.578524 -0.863067
 1065.000000 1.526506 -0.830104
 1066.000000 1.524304 -0.786361
 1067.000000 1.578557 -0.894863
 1068.000000 1.401782 -0.830905
 1069.000000 1.570101 -0.808357
 1070.000000 1.526271 -0.858076
 1071.000000 1.517740 -0.808630
 1072.000000 1.506749 -0.909237
 1073.000000 1.512078 -0.780650
 1074.000000 1.499113 -0.856859
 1075.000000 1.482884 -0.806298
 1076.000000 1.547088 -0.816956
 1077.000000 1.559957 -0.906702
 1078.000000 1.626498 -0.885355
 1079.000000 1.520744 -0.890959
 1080.000000 1.473555 -0.796903
 1081.000000 1.544393 -0.817334
 1082.000000 1.548860 -0.912647
 1083.000000 1.499095 -0.806259
 1084.000000 1.618607 -0.796888
 1085.000000 1.671793 -0.777590
 1086.000000 1.465449 -0.825857
 1087.000000 1.507063 -0.835067
 1088.000000 1.648634 -0.907556
 1089.000000 1.481070 -0.701874
 1090.000000 1.601976 -0.859810
 1091.000000 1.462819 -0.814590
 1092.000000 1.604891 -0.840005
 1093.000000 1.566126 -0.831953
 1094.000000 1.550723 -0.907328
 1095.000000 1.521250 -0.792011
 1096.000000 1.541603 -0.830432
 1097.000000 1.538093 -0.855198
 1098.000000 1.579008 -0.819698
 1099.000000 1.551394 -0.726403
 1100.000000 1.473436 -0.715077
 1101.000000 1.574901 -0.774464
 1102.000000 1.643292 -0.942237
 1103.000000 1.530601 -0.917183
 1104.000000 1.560954 -0.879032
 1105.000000 1.521498 -0.894308
 1106.000000 1.484851 -0.945697
 1107.000000 1.551410 -0.821901
 1108.000000 1.626667 -0.804387
 1109.000000 1.546121 -0.868929
 1110.000000 1.544964 -0.855517
 1111.000000 1.669860 -0.813089
 1112.000000 1.608072 -0.846701
 1113.000000 1.684857 -0.861371
 1114.000000 1.532878 -0.853123
 1115.000000 1.566253 -0.808766
 1116.000000 1.466988 -0.791620
 1117.000000 1.592051 -0.798584
 1118.000000 1.564197 -0.793127
 1119.000000 1.549693 -0.862748
 1120.000000 1.600220 -0.838802
 1121.000000 1.533898 -0.837454
 1122.000000 1.611278 -0.856250
 1123.000000 1.460470 -0.791348
 1124.000000 1.586747 -0.861897
 1125.000000 1.601553 -0.849068
 1126.000000 1.580467 -0.834240
 1127.000000 1.580621 -0.842588
 1128.000000 1.603416 -0.800449
 1129.000000 1.549209 -0.842353
 1130.000000 1.646826 -0.877231
 1131.000000 1.582305 -0.827491
 1132.000000 1.620284 -0.908894
 1133.000000 1.561310 -0.886771
 1134.000000 1.661377 -0.908593
 1135.000000 1.494980 -0.827984
 1136.000000 1.541108 -0.794734
 1137.000000 1.470917 -0.899365
 1138.000000 1.561969 -0.820879
 1139.000000 1.550113 -0.802629
 1140.000000 1.516135 -0.911176
 1141.000000 1.487276 -0.812163
 1142.000000 1.520729 -0.839480
 1143.000000 1.573648 -0.916660
 1144.000000 1.474990 -0.834572
 1145.000000 1.545478 -0.857858
 1146.000000 1.471125 -0.843330
 1147.000000 1.485455 -0.887519
 1148.000000 1.577814 -0.877933
 1149.000000 1.591124 -0.936721
 1150.000000 1.472392 -0.835880
 1151.000000 1.568713 -0.892977
 1152.000000 1.566819 -0.953700
 1153.000000 1.555200 -0.974159
 1154.000000 1.492075 -0.808263
 1155.000000 1.665892 -0.840360
 1156.000000 1.555955 -0.838304
 1157.000000 1.603427 -0.836276
 1158.000000 1.565564 -0.889993
 1159.000000 1.475282 -0.853476
 1160.000000 1.677363 -0.923831
 1161.000000 1.509138 -0.911941
 1162.000000 1.573302 -0.861394
 1163.000000 1.658949 -0.886708
 1164.000000 1.553701 -0.842525
 1165.000000 1.845692 -0.813149
 1166.000000 1.626286 -0.862180
 1167.000000 1.617628 -0.877847
 1168.000000 1.606591 -0.842697
 1169.000000 1.520195 -0.793586
 1170.000000 1.526282 -0.776585
 1171.000000 1.582536 -0.855148
 1172.000000 1.429896 -0.923950
 1173.000000 1.512095 -0.916157
 1174.000000 1.634725 -0.854065
 1175.000000 1.564266 -0.836006
 1176.000000 1.473524 -0.861312
 1177.000000 1.641613 -0.787576
 1178.000000 1.494499 -0.799930
 1179.000000 1.632538 -0.833470
 1180.000000 1.421040 -0.769501
 1181.000000 1.502565 -0.794607
 1182.000000 1.555262 -0.821915
 1183.000000 1.482447 -0.785751
 1184.000000 1.586024 -0.855345
 1185.000000 1.502401 -0.784644
 1186.000000 1.585626 -0.861054
 1187.000000 1.610933 -0.819601
 1188.000000 1.614145 -0.814338
 1189.000000 1.567450 -0.802409
 1190.000000 1.620771 -0.763634
 1191.000000 1.519701 -0.832174
 1192.000000 1.530854 -0.808030
 1193.000000 1.609742 -0.793939
 1194.000000 1.529396 -0.843319
 1195.000000 1.534023 -0.844456
 1196.000000 1.523152 -0.856464
 1197.000000 1.499954 -0.933665
 1198.000000 1.526970 -0.992668
 1199.000000 1.659924 -0.935483
 1200.000000 1.564414 -0.987006
 1201.000000 1.704751 -0.927627
 1202.000000 1.661863 -0.909241
 1203.000000 1.633141 -0.837292
 1204.000000 1.636677 -0.884824
 1205.000000 1.561663 -0.863556
 1206.000000 1.607563 -0.915336
 1207.000000 1.604288 -0.973731
 1208.000000 1.491486 -0.889862
 1209.000000 1.565966 -0.932560
 1210.000000 1.652271 -0.915318
 1211.000000 1.564302 -0.907198
 1212.000000 1.453716 -0.878189
 1213.000000 1.553499 -0.799225
 1214.000000 1.675810 -0.902438
 1215.000000 1.718999 -0.870246
 1216.000000 1.479465 -0.844436
 1217.000000 1.622328 -0.830385
 1218.000000 1.544055 -0.833376
 1219.000000 1.524273 -0.853391
 1220.000000 1.539072 -0.811813
 1221.000000 1.654895 -0.836238
 1222.000000 1.669942 -0.930398
 1223.000000 1.516386 -0.800494
 1224.000000 1.596017 -0.875498
 1225.000000 1.496328 -0.819158
 1226.000000 1.715881 -0.810184
 1227.000000 1.624150 -0.812349
 1228.000000 1.479680 -0.836140
 1229.000000 1.663881 -0.829282
 1230.000000 1.555994 -0.851785
 1231.000000 1.469700 -0.783336
 1232.000000 1.636468 -0.841110
 1233.000000 1.651542 -0.813963
 1234.000000 1.454282 -0.845300
 1235.000000 1.542791 -0.873773
 1236.000000 1.584157 -0.808026
 1237.000000 1.638482 -0.786909
 1238.000000 1.512072 -0.807296
 1239.000000 1.567959 -0.830146
 1240.000000 1.560060 -0.799427
 1241.000000 1.636464 -0.826566
 1242.000000 1.449141 -0.811838
 1243.000000 1.510561 -0.844107
 1244.000000 1.500653 -0.896643
 1245.000000 1.479240 -0.817510
 1246.000000 1.576999 -0.874740
 1247.000000 1.548923 -0.924339
 1248.000000 1.581304 -0.871199
 1249.000000 1.592962 -0.844299
 1250.000000 1.586516 -0.919426
 1251.000000 1.557911 -0.944366
 1252.000000 1.592752 -0.830119
 1253.000000 1.655079 -0.860347
 1254.000000 1.456552 -0.823085
 1255.000000 1.507172 -0.917057
 1256.000000 1.584106 -0.922549
 1257.000000 1.600826 -0.885301
 1258.000000 1.596553 -0.874552
 1259.000000 1.633786 -0.941574
 1260.000000 1.649299 -0.909990
 1261.000000 1.593157 -0.897835
 1262.000000 1.549302 -0.879136
 1263.000000 1.548255 -0.888824
 1264.000000 1.488292 -0.894230
 1265.000000 1.616567 -0.915096
 1266.000000 1.500858 -0.859317
 1267.000000 1.555828 -0.868176
 1268.000000 1.591772 -0.889541
 1269.000000 1.584572 -0.944240
 1270.000000 1.509266 -0.845226
 1271.000000 1.521570 -0.865426
 1272.000000 1.472261 -0.930015
 1273.000000 1.541746 -0.905270
 1274.000000 1.457091 -0.920394
 1275.000000 1.605063 -0.929404
 1276.000000 1.507655 -0.849090
 1277.000000 1.517941 -0.896237
 1278.000000 1.640542 -0.951385
 1279.000000 1.523651 -0.851715
 1280.000000 1.627020 -0.883216
 1281.000000 1.678516 -0.906763
 1282.000000 1.643700 -0.824446
 1283.000000 1.560284 -0.915894
 1284.000000 1.539614 -0.853979
 1285.000000 1.488461 -0.908738
 1286.000000 1.615928 -0.844148
 1287.000000 1.618298 -0.938025
 1288.000000 1.620779 -0.916690
 1289.000000 1.627348 -0.938074
 1290.000000 1.559767 -0.823942
 1291.000000 1.601031 -0.838112
 1292.000000 1.621043 -0.915133
 1293.000000 1.643305 -0.845530
 1294.000000 1.627127 -0.896782
 1295.000000 1.603550 -0.860081
 1296.000000 1.579852 -0.856743
 1297.000000 1.684180 -0.860408
 1298.000000 1.571095 -0.937329
 1299.000000 1.477957 -0.860198
 1300.000000 1.520033 -0.914133
 1301.000000 1.517236 -0.883175
 1302.000000 1.510805 -0.939324
 1303.000000 1.518666 -0.857926
 1304.000000 1.545449 -0.817168
 1305.000000 1.432874 -0.744212
 1306.000000 1.666157 -0.829336
 1307.000000 1.545324 -0.869275
 1308.000000 1.512268 -0.826222
 1309.000000 1.655452 -0.776532
 1310.000000 1.728932 -0.899302
 1311.000000 1.408907 -0.810408
 1312.000000 1.437959 -0.832962
 1313.000000 1.542471 -0.836070
 1314.000000 1.568779 -0.831717
 1315.000000 1.555928 -0.833595
 1316.000000 1.551760 -0.834225
 1317.000000 1.575216 -0.911063
 1318.000000 1.521602 -0.797939
 1319.000000 1.630968 -0.846306
 1320.000000 1.470640 -0.833403
 1321.000000 1.474734 -0.871660
 1322.000000 1.573982 -0.788676
 1323.000000 1.553577 -0.803329
 1324.000000 1.493515 -0.833413
 1325.000000 1.454317 -0.836180
 1326.000000 1.630351 -0.843009
 1327.000000 1.522270 -0.799313
 1328.000000 1.541514 -0.809333
 1329.000000 1.545722 -0.795896
 1330.000000 1.467443 -0.865395
 1331.000000 1.677497 -0.821495
 1332.000000 1.585992 -0.887783
 1333.000000 1.593833 -0.893788
 1334.000000 1.582579 -0.867829
 1335.000000 1.640191 -0.850842
 1336.000000 1.569678 -0.777744
 1337.000000 1.638268 -0.788897
 1338.000000 1.681064 -0.817937
 1339.000000 1.637188 -0.825361
 1340.000000 1.515558 -0.877563
 1341.000000 1.622422 -0.992157
 1342.000000 1.614672 -0.836450
 1343.000000 1.603983 -0.805200
 1344.000000 1.574473 -0.808341
 1345.000000 1.478176 -0.836693
 1346.000000 1.605092 -0.798348
 1347.000000 1.639709 -0.866777
 1348.000000 1.596096 -0.943546
 1349.000000 1.554127 -0.946639
 1350.000000 1.666367 -0.936909
 1351.000000 1.601823 -0.960435
 1352.000000 1.617858 -0.953871
 1353.000000 1.512633 -0.868972
 1354.000000 1.547307 -0.906021
 1355.000000 1.564077 -0.855859
 1356.000000 1.556351 -0.923315
 1357.000000 1.549522 -0.866684
 1358.000000 1.567627 -0.872635
 1359.000000 1.583618 -0.943556
 1360.000000 1.515305 -0.879633
 1361.000000 1.636280 -0.902529
 1362.000000 1.636377 -0.861839
 1363.000000 1.622114 -0.893857
 1364.000000 1.537165 -0.886809
 1365.000000 1.721292 -0.957415
 1366.000000 1.719056 -0.910532
 1367.000000 1.582906 -0.953853
 1368.000000 1.621388 -0.849961
 1369.000000 1.564711 -0.923343
 1370.000000 1.599611 -0.917824
 1371.000000 1.559225 -0.900206
 1372.000000 1.586578 -0.895059
 1373.000000 1.420512 -0.930004
 1374.000000 1.501884 -0.911473
 1375.000000 1.438763 -0.920173
 1376.000000 1.500957 -0.891657
 1377.000000 1.498933 -0.838061
 1378.000000 1.533346 -0.861358
 1379.000000 1.569082 -0.883746
 1380.000000 1.536943 -0.869071
 1381.000000 1.540548 -0.869589
 1382.000000 1.518372 -0.804873
 1383.000000 1.688593 -0.928663
 1384.000000 1.580724 -0.914721
 1385.000000 1.614127 -0.833025
 1386.000000 1.627678 -0.851019
 1387.000000 1.647829 -0.855093
 1388.000000 1.621391 -0.828214
 1389.000000 1.600383 -0.873456
 1390.000000 1.581152 -0.897745
 1391.000000 1.520215 -0.791704
 1392.000000 1.573371 -0.870758
 1393.000000 1.520442 -0.830243
 1394.000000 1.553634 -0.871927
 1395.000000 1.560246 -0.864666
 1396.000000 1.688645 -0.870942
 1397.000000 1.523846 -0.850999
 1398.000000 1.592632 -0.872111
 1399.000000 1.571350 -0.918991
 1400.000000 1.724006 -0.941762
 1401.000000 1.514269 -0.917586
 1402.000000 1.600299 -0.852491
 1403.000000 1.613734 -0.866773
 1404.000000 1.729818 -0.872154
 1405.000000 1.646139 -0.959544
 1406.000000 1.604124 -0.806063
 1407.000000 1.547941 -0.910432
 1408.000000 1.622174 -0.767319
 1409.000000 1.524309 -0.829706
 1410.000000 1.489781 -0.952238
 1411.000000 1.468642 -0.938383
 1412.000000 1.556359 -0.862204
 1413.000000 1.535622 -0.891285
 1414.000000 1.585804 -0.884666
 1415.000000 1.605788 -0.996685
 1416.000000 1.642352 -0.859133
 1417.000000 1.493075 -0.892694
 1418.000000 1.580086 -0.778155
 1419.000000 1.558487 -0.784565
 1420.000000 1.519229 -0.811193
 1421.000000 1.604503 -0.756429
 1422.000000 1.599942 -0.820114
 1423.000000 1.658336 -0.796196
 1424.000000 1.599903 -0.896123
 1425.000000 1.623336 -0.809343
 1426.000000 1.534623 -0.848047
 1427.000000 1.625017 -0.830564
 1428.000000 1.673827 -0.837107
 1429.000000 1.615743 -0.880556
 1430.000000 1.742160 -0.839479
 1431.000000 1.668265 -0.871120
 1432.000000 1.778398 -0.884411
 1433.000000 1.745150 -0.836335
 1434.000000 1.773344 -0.744908
 1435.000000 1.723719 -0.781541
 1436.000000 1.632028 -0.804684
 1437.000000 1.606310 -0.844833
 1438.000000 1.742331 -0.803522
 1439.000000 1.754505 -0.830213
 1440.000000 1.752707 -0.860121
 1441.000000 1.798688 -0.846118
 1442.000000 1.749008 -0.873192
 1443.000000 1.678656 -0.796063
 1444.000000 1.619733 -0.793382
 1445.000000 1.562204 -0.866685
 1446.000000 1.600752 -0.965856
 1447.000000 1.611068 -0.922715
 1448.000000 1.680059 -0.884285
 1449.000000 1.610576 -0.859723
 1450.000000 1.617693 -1.018535
 1451.000000 1.639729 -0.904341
 1452.000000 1.630408 -0.942159
 1453.000000 1.652664 -0.880470
 1454.000000 1.741599 -0.889182
 1455.000000 1.731615 -0.838359
 1456.000000 1.673663 -0.844248
 1457.000000 1.709562 -0.858266
 1458.000000 1.704358 -0.818235
 1459.000000 1.658730 -0.763779
 1460.000000 1.705380 -0.758733
 1461.000000 1.605034 -0.843484
 1462.000000 1.624059 -0.857748
 1463.000000 1.671080 -0.931123
 1464.000000 1.492205 -0.871027
 1465.000000 1.679347 -0.896858
 1466.000000 1.728649 -0.854823
 1467.000000 1.695691 -0.792746
 1468.000000 1.676841 -0.882963
 1469.000000 1.631821 -0.866801
 1470.000000 1.690884 -0.851813
 1471.000000 1.734766 -0.836615
 1472.000000 1.669697 -0.852288
 1473.000000 1.605022 -0.822816
 1474.000000 1.683182 -0.788733
 1475.000000 1.620761 -0.764086
 1476.000000 1.755372 -0.769687
 1477.000000 1.698428 -0.789772
 1478.000000 1.705742 -0.856412
 1479.000000 1.594687 -0.832072
 1480.000000 1.713498 -0.820713
 1481.000000 1.739164 -0.829276
 1482.000000 1.635265 -0.816760
 1483.000000 1.654832 -0.877977
 1484.000000 1.573670 -0.892988
 1485.000000 1.702950 -0.911285
 1486.000000 1.826842 -0.876118
 1487.000000 1.670654 -0.879637
 1488.000000 1.584765 -0.884281
 1489.000000 1.736417 -0.877983
 1490.000000 1.640429 -0.862170
 1491.000000 1.608695 -0.859825
 1492.000000 1.641784 -0.876770
 1493.000000 1.786645 -0.855060
 1494.000000 1.637148 -0.872982
 1495.000000 1.738259 -0.899631
 1496.000000 1.705768 -0.794175
 1497.000000 1.635459 -0.789899
 1498.000000 1.737800 -0.821023
 1499.000000 1.642093 -0.882270
 1500.000000 1.682078 -0.762930
 1501.000000 1.661408 -0.860633
 1502.000000 1.735746 -0.864854
 1503.000000 1.683362 -0.827438
 1504.000000 1.636614 -0.812871
 1505.000000 1.582251 -0.842550
 1506.000000 1.695818 -0.922328
 1507.000000 1.609896 -0.886788
 1508.000000 1.570986 -0.810774
 1509.000000 1.633573 -0.858094
 1510.000000 1.679506 -0.784195
 1511.000000 1.749825 -0.772376
 1512.000000 1.685717 -0.809486
 1513.000000 1.643671 -0.868931
 1514.000000 1.687785 -0.811924
 1515.000000 1.679437 -0.804032
 1516.000000 1.645903 -0.774536
 1517.000000 1.621012 -0.849993
 1518.000000 1.734453 -0.833830
 1519.000000 1.708613 -0.881163
 1520.000000 1.689488 -0.857130
 1521.000000 1.736948 -0.845545
 1522.000000 1.651242 -0.919726
 1523.000000 1.744077 -0.851315
 1524.000000 1.589133 -0.842786
 1525.000000 1.524649 -0.868051
 1526.000000 1.589028 -0.884559
 1527.000000 1.669316 -0.843434
 1528.000000 1.574230 -0.838073
 1529.000000 1.626804 -0.879520
 1530.000000 1.611918 -0.900261
 1531.000000 1.625537 -0.835654
 1532.000000 1.662524 -0.845002
 1533.000000 1.647554 -0.845507
 1534.000000 1.633587 -0.876590
 1535.000000 1.644126 -0.849344
 1536.000000 1.661188 -0.873204
 1537.000000 1.670556 -0.901838
 1538.000000 1.557139 -0.922679
 1539.000000 1.743580 -0.897124
 1540.000000 1.612871 -0.775679
 1541.000000 1.694748 -0.855939
 1542.000000 1.475198 -0.789280
 1543.000000 1.539410 -0.760143
 1544.000000 1.665270 -0.763137
 1545.000000 1.598538 -0.758412
 1546.000000 1.627012 -0.783926
 1547.000000 1.483685 -0.816587
 1548.000000 1.618153 -0.798582
 1549.000000 1.556547 -0.811126
 1550.000000 1.557520 -0.748438
 1551.000000 1.623789 -0.789955
 1552.000000 1.549747 -0.766740
 1553.000000 1.513157 -0.836510
 1554.000000 1.635618 -0.797157
 1555.000000 1.635829 -0.875908
 1556.000000 1.590734 -0.853903
 1557.000000 1.591285 -0.851549
 1558.000000 1.574799 -0.891930
 1559.000000 1.578133 -0.826657
 1560.000000 1.565577 -0.857718
 1561.000000 1.698727 -0.859914
 1562.000000 1.563652 -0.900666
 1563.000000 1.643253 -0.889142
 1564.000000 1.579237 -1.025987
 1565.000000 1.526144 -0.939277
 1566.000000 1.573205 -0.948781
 1567.000000 1.627303 -0.844761
 1568.000000 1.606067 -0.858757
 1569.000000 1.673835 -0.849652
 1570.000000 1.661797 -0.901856
 1571.000000 1.608870 -0.879139
 1572.000000 1.609648 -0.874467
 1573.000000 1.570919 -0.867020
 1574.000000 1.572093 -0.831467
 1575.000000 1.486865 -0.823740
 1576.000000 1.583426 -0.901136
 1577.000000 1.622608 -0.847549
 1578.000000 1.534769 -0.763100
 1579.000000 1.701265 -0.838305
 1580.000000 1.717625 -0.796406
 1581.000000 1.633456 -0.861215
 1582.000000 1.714607 -0.898396
 1583.000000 1.639446 -0.830906
 1584.000000 1.699973 -0.855456
 1585.000000 1.686437 -0.943870
 1586.000000 1.625961 -0.871818
 1587.000000 1.699382 -0.838998
 1588.000000 1.645307 -0.849447
 1589.000000 1.716860 -0.806454
 1590.000000 1.608627 -0.865386
 1591.000000 1.712218 -0.901880
 1592.000000 1.681426 -0.949563
 1593.000000 1.737175 -0.925644
 1594.000000 1.722519 -0.866452
 1595.000000 1.772912 -0.870732
 1596.000000 1.702844 -0.887239
 1597.000000 1.687723 -0.836073
 1598.000000 1.715934 -0.903698
 1599.000000 1.651991 -0.860292
 1600.000000 1.668014 -0.881430
 1601.000000 1.622521 -0.896494
 1602.000000 1.595718 -0.836925
 1603.000000 1.706445 -0.865226
 1604.000000 1.675533 -0.928620
 1605.000000 1.674778 -0.895092
 1606.000000 1.726772 -0.884803
 1607.000000 1.601596 -0.878130
 1608.000000 1.784960 -0.920553
 1609.000000 1.667366 -0.903240
 1610.000000 1.652916 -1.014333
 1611.000000 1.698171 -0.905277
 1612.000000 1.697047 -0.923664
 1613.000000 1.692255 -0.898600
 1614.000000 1.536058 -0.846868
 1615.000000 1.638814 -0.902205
 1616.000000 1.762381 -0.883296
 1617.000000 1.649995 -0.966516
 1618.000000 1.790089 -0.848148
 1619.000000 1.651683 -0.762391
 1620.000000 1.581590 -0.764049
 1621.000000 1.707522 -0.851240
 1622.000000 1.633708 -0.816188
 1623.000000 1.722877 -0.838341
 1624.000000 1.607200 -0.863972
 1625.000000 1.718938 -0.847381
 1626.000000 1.604325 -0.963596
 1627.000000 1.663671 -0.865815
 1628.000000 1.586038 -0.802810
 1629.000000 1.661637 -0.890451
 1630.000000 1.683688 -0.853995
 1631.000000 1.860683 -0.935872
 1632.000000 1.633353 -0.911914
 1633.000000 1.738883 -0.785318
 1634.000000 1.753188 -0.878237
 1635.000000 1.758849 -0.835510
 1636.000000 1.833955 -0.816190
 1637.000000 1.617722 -0.882971
 1638.000000 1.644901 -0.776290
 1639.000000 1.656387 -0.813700
 1640.000000 1.714113 -0.816433
 1641.000000 1.642139 -0.844571
 1642.000000 1.740339 -0.777685
 1643.000000 1.680597 -0.833319
 1644.000000 1.673937 -0.794431
 1645.000000 1.642055 -0.795342
 1646.000000 1.653088 -0.855745
 1647.000000 1.676206 -0.829690
 1648.000000 1.681542 -0.739245
 1649.000000 1.688905 -0.785052
 1650.000000 1.707698 -0.857183
 1651.000000 1.623981 -0.868632
 1652.000000 1.694790 -0.906442
 1653.000000 1.676175 -0.962347
 1654.000000 1.736023 -0.882394
 1655.000000 1.612620 -0.927310
 1656.000000 1.620830 -0.955501
 1657.000000 1.806411 -0.841583
 1658.000000 1.701201 -0.813632
 1659.000000 1.777053 -0.920146
 1660.000000 1.668184 -0.964980
 1661.000000 1.712640 -0.870645
 1662.000000 1.709483 -0.901567
 1663.000000 1.764574 -0.902114
 1664.000000 1.587102 -0.912854
 1665.000000 1.571405 -0.928369
 1666.000000 1.709297 -0.911817
 1667.000000 1.565355 -0.862827
 1668.000000 1.565780 -0.905535
 1669.000000 1.630236 -0.864680
 1670.000000 1.546576 -0.887996
 1671.000000 1.682254 -0.878673
 1672.000000 1.699827 -0.888639
 1673.000000 1.664579 -0.846292
 1674.000000 1.674069 -0.892621
 1675.000000 1.636376 -0.791387
 1676.000000 1.729157 -0.772453
 1677.000000 1.619387 -0.874239
 1678.000000 1.816810 -0.828026
 1679.000000 1.660336 -0.879804
 1680.000000 1.759646 -0.857898
 1681.000000 1.745972 -0.886657
 1682.000000 1.643160 -0.774492
 1683.000000 1.709416 -0.877625
 1684.000000 1.734642 -0.921059
 1685.000000 1.688630 -0.927342
 1686.000000 1.608383 -0.797527
 1687.000000 1.752976 -0.836423
 1688.000000 1.510499 -0.852843
 1689.000000 1.617222 -0.953496
 1690.000000 1.595430 -0.844603
 1691.000000 1.713634 -0.883024
 1692.000000 1.639445 -0.825469
 1693.000000 1.645975 -0.801820
 1694.000000 1.601134 -0.768984
 1695.000000 1.683686 -0.829822
 1696.000000 1.688520 -0.775964
 1697.000000 1.593922 -0.789479
 1698.000000 1.616931 -0.842016
 1699.000000 1.652426 -0.759144
 1700.000000 1.717101 -0.699852
 1701.000000 1.613825 -0.760346
 1702.000000 1.575639 -0.782386
 1703.000000 1.654495 -0.792647
 1704.000000 1.676447 -0.864229
 1705.000000 1.604537 -0.858392
 1706.000000 1.696153 -0.791918
 1707.000000 1.554865 -0.826467
 1708.000000 1.736967 -0.826989
 1709.000000 1.745624 -0.779234
 1710.000000 1.695955 -0.913745
 1711.000000 1.708994 -0.805335
 1712.000000 1.684796 -0.739710
 1713.000000 1.623949 -0.873706
 1714.000000 1.713294 -0.873996
 1715.000000 1.708756 -0.897507
 1716.000000 1.633731 -0.856721
 1717.000000 1.736848 -0.749853
 1718.000000 1.638646 -0.865354
 1719.000000 1.759938 -0.774771
 1720.000000 1.538078 -0.887965
 1721.000000 1.844772 -0.890783
 1722.000000 1.661975 -0.737540
 1723.000000 1.704577 -0.908993
 1724.000000 1.613951 -0.871998
 1725.000000 1.664018 -0.896167
 1726.000000 1.740967 -0.869692
 1727.000000 1.617655 -0.893212
 1728.000000 1.710049 -0.848052
 1729.000000 1.694137 -0.779527
 1730.000000 1.676770 -0.744336
 1731.000000 1.671605 -0.845637
 1732.000000 1.658667 -0.945996
 1733.000000 1.736340 -0.801444
 1734.000000 1.780415 -0.895810
 1735.000000 1.673655 -0.802550
 1736.000000 1.726090 -0.907077
 1737.000000 1.684975 -0.873452
 1738.000000 1.664890 -0.863956
 1739.000000 1.747489 -0.938499
 1740.000000 1.782269 -0.871504
 1741.000000 1.760638 -0.870762
 1742.000000 1.776167 -0.845063
 1743.000000 1.625857 -0.871219
 1744.000000 1.713515 -0.877052
 1745.000000 1.613094 -0.775854
 1746.000000 1.651580 -0.754835
 1747.000000 1.607583 -0.817878
 1748.000000 1.712869 -0.814598
 1749.000000 1.540411 -0.810367
 1750.000000 1.635381 -0.858615
 1751.000000 1.686448 -0.854684
 1752.000000 1.607973 -0.904808
 1753.000000 1.697007 -0.832213
 1754.000000 1.638401 -0.873988
 1755.000000 1.707299 -0.818505
 1756.000000 1.719346 -0.720031
 1757.000000 1.774636 -0.812925
 1758.000000 1.734354 -0.809379
 1759.000000 1.679109 -0.806933
 1760.000000 1.677768 -0.795200
 1761.000000 1.658294 -0.785577
 1762.000000 1.792764 -0.878782
 1763.000000 1.735929 -0.742335
 1764.000000 1.666610 -0.838563
 1765.000000 1.690222 -0.874227
 1766.000000 1.692124 -0.845070
 1767.000000 1.701583 -0.946639
 1768.000000 1.624676 -1.029662
 1769.000000 1.636861 -0.983735
 1770.000000 1.615384 -1.015791
 1771.000000 1.621595 -1.031705
 1772.000000 1.611452 -0.936569
 1773.000000 1.643636 -0.940939
 1774.000000 1.714238 -0.956493
 1775.000000 1.563599 -0.927511
 1776.000000 1.710023 -0.941999
 1777.000000 1.590250 -0.899571
 1778.000000 1.657723 -0.933498
 1779.000000 1.603945 -0.961487
 1780.000000 1.595675 -0.895954
 1781.000000 1.616503 -0.907590
 1782.000000 1.655859 -0.967655
 1783.000000 1.699591 -0.970954
 1784.000000 1.584947 -0.857560
 1785.000000 1.626127 -0.916262
 1786.000000 1.755263 -0.965593
 1787.000000 1.681385 -0.934796
 1788.000000 1.658764 -0.807743
 1789.000000 1.683620 -0.892919
 1790.000000 1.664635 -0.865812
 1791.000000 1.621574 -0.896401
 1792.000000 1.625761 -0.808976
 1793.000000 1.635491 -0.891002
 1794.000000 1.632002 -0.937067
 1795.000000 1.531127 -0.948495
 1796.000000 1.622408 -0.884123
 1797.000000 1.580119 -0.989583
 1798.000000 1.720291 -0.939169
 1799.000000 1.738104 -0.943624
 1800.000000 1.639433 -0.903110
 1801.000000 1.643878 -0.967761
 1802.000000 1.672458 -0.957267
 1803.000000 1.618745 -0.930222
 1804.000000 1.514744 -0.909308
 1805.000000 1.684709 -0.862571
 1806.000000 1.655434 -0.907055
 1807.000000 1.572713 -0.874817
 1808.000000 1.727122 -0.999213
 1809.000000 1.732674 -0.934210
 1810.000000 1.760709 -0.938305
 1811.000000 1.583749 -0.935685
 1812.000000 1.664157 -0.944094
 1813.000000 1.649010 -1.002109
 1814.000000 1.549247 -0.951811
 1815.000000 1.662507 -0.986541
 1816.000000 1.638276 -0.964365
 1817.000000 1.622609 -0.958147
 1818.000000 1.704477 -0.995447
 1819.000000 1.663166 -0.957824
 1820.000000 1.617975 -0.908114
 1821.000000 1.630137 -0.878922
 1822.000000 1.784839 -0.941928
 1823.000000 1.804413 -0.861604
 1824.000000 1.616823 -0.746508
 1825.000000 1.565239 -0.833931
 1826.000000 1.733781 -0.877892
 1827.000000 1.725293 -0.848616
 1828.000000 1.617386 -0.830710
 1829.000000 1.675199 -0.791431
 1830.000000 1.671493 -0.833623
 1831.000000 1.680073 -0.826092
 1832.000000 1.608386 -0.879472
 1833.000000 1.715151 -0.975822
 1834.000000 1.562159 -0.957623
 1835.000000 1.716821 -0.962922
 1836.000000 1.688869 -0.934416
 1837.000000 1.636528 -1.064183
 1838.000000 1.808632 -0.999689
 1839.000000 1.802999 -0.995926
 1840.000000 1.648375 -1.029021
 1841.000000 1.675059 -1.027139
 1842.000000 1.691882 -1.021201
 1843.000000 1.739411 -1.000037
 1844.000000 1.590862 -0.995654
 1845.000000 1.664386 -0.919178
 1846.000000 1.658932 -0.913986
 1847.000000 1.690008 -0.867923
 1848.000000 1.759613 -0.852365
 1849.000000 1.675762 -0.948026
 1850.000000 1.758774 -0.855721
 1851.000000 1.614510 -0.820591
 1852.000000 1.691033 -0.884728
 1853.000000 1.762762 -0.955158
 1854.000000 1.702521 -0.915061
 1855.000000 1.693777 -0.914477
 1856.000000 1.667598 -0.930145
 1857.000000 1.694912 -0.880724
 1858.000000 1.667033 -0.912524
 1859.000000 1.527436 -0.843303
 1860.000000 1.775432 -0.812349
 1861.000000 1.573693 -0.888384
 1862.000000 1.604693 -0.895554
 1863.000000 1.662804 -0.959037
 1864.000000 1.569702 -0.970868
 1865.000000 1.639151 -0.899502
 1866.000000 1.676084 -0.836098
 1867.000000 1.574940 -0.932064
 1868.000000 1.644866 -0.903802
 1869.000000 1.609381 -0.945132
 1870.000000 1.607555 -0.928045
 1871.000000 1.642889 -0.897828
 1872.000000 1.651254 -0.937038
 1873.000000 1.628238 -0.920564
 1874.000000 1.683204 -0.956068
 1875.000000 1.704841 -0.947498
 1876.000000 1.768281 -1.004283
 1877.000000 1.655854 -0.970822
 1878.000000 1.735898 -0.989719
 1879.000000 1.676849 -0.979454
 1880.000000 1.746709 -0.941845
 1881.000000 1.675710 -1.008825
 1882.000000 1.714916 -0.965448
 1883.000000 1.606032 -0.997787
 1884.000000 1.766986 -0.992836
 1885.000000 1.711437 -1.024105
 1886.000000 1.696614 -1.011014
 1887.000000 1.742239 -0.975762
 1888.000000 1.717531 -0.984866
 1889.000000 1.628286 -1.065835
 1890.000000 1.635777 -1.017338
 1891.000000 1.727031 -1.005497
 1892.000000 1.728147 -1.015695
 1893.000000 1.702756 -0.921127
 1894.000000 1.661181 -0.967779
 1895.000000 1.729435 -1.034090
 1896.000000 1.707181 -1.008107
 1897.000000 1.661731 -0.913021
 1898.000000 1.678895 -0.949039
 1899.000000 1.759513 -0.886340
 1900.000000 1.610917 -0.971297
 1901.000000 1.598636 -0.964095
 1902.000000 1.760777 -0.913896
 1903.000000 1.603849 -0.903782
 1904.000000 1.636277 -0.946156
 1905.000000 1.657009 -0.963413
 1906.000000 1.665626 -0.977103
 1907.000000 1.619957 -0.918139
 1908.000000 1.609066 -0.924646
 1909.000000 1.620777 -0.890551
 1910.000000 1.750122 -0.872853
 1911.000000 1.573544 -0.928361
 1912.000000 1.653283 -0.741096
 1913.000000 1.639728 -0.738248
 1914.000000 1.591635 -0.755645
 1915.000000 1.719680 -0.822284
 1916.000000 1.578198 -0.834791
 1917.000000 1.659264 -0.900111
 1918.000000 1.637698 -0.963019
 1919.000000 1.579995 -0.920689
 1920.000000 1.645264 -0.854671
 1921.000000 1.756803 -0.881558
 1922.000000 1.693670 -0.893688
 1923.000000 1.747305 -0.924409
 1924.000000 1.638260 -0.888780
 1925.000000 1.653525 -0.952832
 1926.000000 1.629571 -0.877462
 1927.000000 1.671387 -0.929054
 1928.000000 1.662360 -0.927615
 1929.000000 1.691703 -0.975502
 1930.000000 1.718834 -0.944303
 1931.000000 1.612067 -0.915257
 1932.000000 1.635804 -0.960105
 1933.000000 1.706255 -0.967571
 1934.000000 1.692458 -0.905546
 1935.000000 1.714126 -0.849495
 1936.000000 1.683630 -0.770955
 1937.000000 1.729999 -0.861458
 1938.000000 1.613112 -0.863527
 1939.000000 1.761703 -0.984834
 1940.000000 1.749218 -0.879286
 1941.000000 1.681973 -0.907239
 1942.000000 1.623012 -0.731740
 1943.000000 1.701093 -0.788123
 1944.000000 1.729926 -0.791066
 1945.000000 1.686239 -0.826097
 1946.000000 1.666282 -0.876875
 1947.000000 1.775913 -0.817787
 1948.000000 1.701273 -0.807288
 1949.000000 1.678387 -0.888410
 1950.000000 1.637188 -0.927873
 1951.000000 1.718468 -0.868889
 1952.000000 1.649284 -0.947541
 1953.000000 1.713957 -0.962900
 1954.000000 1.754401 -0.962080
 1955.000000 1.791251 -0.857743
 1956.000000 1.659736 -0.928004
 1957.000000 1.770279 -0.900503
 1958.000000 1.645033 -0.939722
 1959.000000 1.562819 -0.819848
 1960.000000 1.649928 -0.890406
 1961.000000 1.659675 -0.966484
 1962.000000 1.658049 -0.878150
 1963.000000 1.683387 -0.938934
 1964.000000 1.692341 -0.903751
 1965.000000 1.594742 -0.985283
 1966.000000 1.625007 -0.920826
 1967.000000 1.649825 -0.802409
 1968.000000 1.628110 -0.957043
 1969.000000 1.781856 -0.928758
 1970.000000 1.753603 -0.883645
 1971.000000 1.689796 -0.849752
 1972.000000 1.660828 -0.823229
 1973.000000 1.647787 -0.854243
 1974.000000 1.695236 -0.867198
 1975.000000 1.698774 -0.911108
 1976.000000 1.667493 -0.922260
 1977.000000 1.678754 -0.786828
 1978.000000 1.620529 -0.949138
 1979.000000 1.673980 -0.809425
 1980.000000 1.628940 -0.825958
 1981.000000 1.606844 -0.859230
 1982.000000 1.605291 -0.729365
 1983.000000 1.629953 -0.841979
 1984.000000 1.674608 -0.795545
 1985.000000 1.551147 -0.847871
 1986.000000 1.768283 -0.837087
 1987.000000 1.489045 -0.933135
 1988.000000 1.602785 -0.859426
 1989.000000 1.674125 -0.809583
 1990.000000 1.693245 -0.907049
 1991.000000 1.617795 -0.969379
 1992.000000 1.718852 -0.956488
 1993.000000 1.669880 -0.825094
 1994.000000 1.717104 -0.891055
 1995.000000 1.649343 -0.851405
 1996.000000 1.624474 -0.874051
 1997.000000 1.720801 -0.843010
 1998.000000 1.553398 -0.859004
 1999.000000 1.618068 -0.812776
 2000.000000 1.575006 -0.920188
 2001.000000 1.500892 -0.957097
 2002.000000 1.627099 -0.795742
 2003.000000 1.687138 -0.838017
 2004.000000 1.562104 -0.764956
 2005.000000 1.615127 -0.825745
 2006.000000 1.615979 -0.789827
 2007.000000 1.649718 -0.855870
 2008.000000 1.609991 -0.799131
 2009.000000 1.656629 -0.811456
 2010.000000 1.703834 -0.821366
 2011.000000 1.706280 -0.845685
 2012.000000 1.672453 -0.793648
 2013.000000 1.607980 -0.860280
 2014.000000 1.638935 -0.903421
 2015.000000 1.627111 -0.837624
 2016.000000 1.569829 -0.887463
 2017.000000 1.607187 -0.848187
 2018.000000 1.607414 -0.861222
 2019.000000 1.687866 -0.864697
 2020.000000 1.664313 -0.934072
 2021.000000 1.692230 -0.877840
 2022.000000 1.646251 -0.886038
 2023.000000 1.595715 -0.885990
 2024.000000 1.604209 -0.796534
 2025.000000 1.546009 -0.917720
 2026.000000 1.525653 -0.827922
 2027.000000 1.571495 -0.872578
 2028.000000 1.578478 -0.869909
 2029.000000 1.474953 -0.898119
 2030.000000 1.671540 -0.784098
 2031.000000 1.624171 -0.818485
 2032.000000 1.443925 -0.768835
 2033.000000 1.618459 -0.842283
 2034.000000 1.400162 -0.815857
 2035.000000 1.518603 -0.836903
 2036.000000 1.536003 -0.905612
 2037.000000 1.520527 -0.809216
 2038.000000 1.414676 -0.881918
 2039.000000 1.480207 -0.773087
 2040.000000 1.484805 -0.817425
 2041.000000 1.648589 -0.844948
 2042.000000 1.470292 -0.835978
 2043.000000 1.528629 -0.808534
 2044.000000 1.453060 -0.867855
 2045.000000 1.512042 -0.791819
 2046.000000 1.596066 -0.873696
 2047.000000 1.570985 -0.838693
 2048.000000 1.507392 -0.912400
 2049.000000 1.502332 -0.925522
 2050.000000 1.487981 -0.860377
 2051.000000 1.519790 -0.844098
 2052.000000 1.490950 -0.869184
 2053.000000 1.412643 -0.873725
 2054.000000 1.534378 -0.930067
 2055.000000 1.587871 -0.856081
 2056.000000 1.605975 -0.845766
 2057.000000 1.630776 -0.880152
 2058.000000 1.551354 -0.806435
 2059.000000 1.623091 -0.676538
 2060.000000 1.494935 -0.717477
 2061.000000 1.487651 -0.797739
 2062.000000 1.586860 -0.938877
 2063.000000 1.488156 -0.900801
 2064.000000 1.476148 -0.872574
 2065.000000 1.510131 -0.858997
 2066.000000 1.449885 -0.916057
 2067.000000 1.583331 -0.758127
 2068.000000 1.514974 -0.782277
 2069.000000 1.437248 -0.807887
 2070.000000 1.499304 -1.000792
 2071.000000 1.515379 -0.961932
 2072.000000 1.583194 -0.856148
 2073.000000 1.526019 -0.783347
 2074.000000 1.575035 -0.890499
 2075.000000 1.496668 -0.914405
 2076.000000 1.577933 -0.946664
 2077.000000 1.548505 -0.860107
 2078.000000 1.631630 -0.787983
 2079.000000 1.631973 -0.855217
 2080.000000 1.593446 -0.737617
 2081.000000 1.531749 -0.823470
 2082.000000 1.516637 -0.887056
 2083.000000 1.529317 -0.939892
 2084.000000 1.527893 -0.845233
 2085.000000 1.498977 -0.793536
 2086.000000 1.632709 -0.813325
 2087.000000 1.542917 -0.785164
 2088.000000 1.566148 -0.764440
 2089.000000 1.647460 -0.841840
 2090.000000 1.662997 -0.950684
 2091.000000 1.552577 -0.813078
 2092.000000 1.606795 -0.868010
 2093.000000 1.562626 -0.804243
 2094.000000 1.592071 -0.929555
 2095.000000 1.485520 -0.894868
 2096.000000 1.499319 -0.826577
 2097.000000 1.594570 -0.887604
 2098.000000 1.552537 -0.917325
 2099.000000 1.598267 -0.798709
 2100.000000 1.599334 -0.739103
 2101.000000 1.531967 -0.838917
 2102.000000 1.482207 -0.780444
 2103.000000 1.511043 -0.807562
 2104.000000 1.537602 -0.873519
 2105.000000 1.455648 -0.756568
 2106.000000 1.537238 -0.914868
 2107.000000 1.534726 -0.858111
 2108.000000 1.574302 -0.851482
 2109.000000 1.492257 -0.864768
 2110.000000 1.549424 -0.883447
 2111.000000 1.442584 -0.816403
 2112.000000 1.484305 -0.858327
 2113.000000 1.509409 -0.878149
 2114.000000 1.415430 -0.833676
 2115.000000 1.437227 -0.918416
 2116.000000 1.488862 -0.866092
 2117.000000 1.446636 -0.813508
 2118.000000 1.504320 -0.897678
 2119.000000 1.559201 -0.819190
 2120.000000 1.507812 -0.851065
 2121.000000 1.561218 -0.874924
 2122.000000 1.483636 -0.885894
 2123.000000 1.471315 -0.840870
 2124.000000 1.420504 -0.856832
 2125.000000 1.527617 -0.868863
 2126.000000 1.558202 -0.870192
 2127.000000 1.578407 -0.752723
 2128.000000 1.386916 -0.839975
 2129.000000 1.517009 -0.742266
 2130.000000 1.567565 -0.799287
 2131.000000 1.513052 -0.883537
 2132.000000 1.483488 -0.856674
 2133.000000 1.489529 -0.908085
 2134.000000 1.571021 -0.861182
 2135.000000 1.515991 -0.874113
 2136.000000 1.560102 -0.818866
 2137.000000 1.583868 -0.854142
 2138.000000 1.463197 -0.897920
 2139.000000 1.506442 -0.854186
 2140.000000 1.504654 -0.832538
 2141.000000 1.513452 -0.742947
 2142.000000 1.450839 -0.791260
 2143.000000 1.475123 -0.754051
 2144.000000 1.560157 -0.830443
 2145.000000 1.510298 -0.821048
 2146.000000 1.577428 -0.905610
 2147.000000 1.410712 -0.844729
 2148.000000 1.523098 -0.811384
 2149.000000 1.541880 -0.823394
 2150.000000 1.512520 -0.811892
 2151.000000 1.512609 -0.813957
 2152.000000 1.405908 -0.889703
 2153.000000 1.467637 -0.839577
 2154.000000 1.426622 -0.822057
 2155.000000 1.546074 -0.906638
 2156.000000 1.562306 -0.791460
 2157.000000 1.472276 -0.811975
 2158.000000 1.487376 -0.838680
 2159.000000 1.474636 -0.835622
 2160.000000 1.479826 -0.812475
 2161.000000 1.435371 -0.871838
 2162.000000 1.606401 -0.874824
 2163.000000 1.472235 -0.863911
 2164.000000 1.559122 -0.856809
 2165.000000 1.469372 -0.683557
 2166.000000 1.577747 -0.761935
 2167.000000 1.643230 -0.883988
 2168.000000 1.540162 -0.852561
 2169.000000 1.498334 -0.779068
 2170.000000 1.427405 -0.840843
 2171.000000 1.528009 -0.792602
 2172.000000 1.506112 -0.818024
 2173.000000 1.498128 -0.867684
 2174.000000 1.605381 -0.899513
 2175.000000 1.538263 -0.848256
 2176.000000 1.399432 -0.899665
 2177.000000 1.503658 -0.908326
 2178.000000 1.513411 -0.786003
 2179.000000 1.596397 -0.722107
 2180.000000 1.570128 -0.909343
 2181.000000 1.602710 -0.825517
 2182.000000 1.579105 -0.795378
 2183.000000 1.629161 -0.837787
 2184.000000 1.645046 -0.922284
 2185.000000 1.518655 -0.840311
 2186.000000 1.607653 -0.837009
 2187.000000 1.525135 -0.803220
 2188.000000 1.551095 -0.861884
 2189.000000 1.616722 -0.749971
 2190.000000 1.609430 -0.895268
 2191.000000 1.523816 -0.845111
 2192.000000 1.662850 -0.870940
 2193.000000 1.543192 -0.804540
 2194.000000 1.484669 -0.886036
 2195.000000 1.635413 -0.832816
 2196.000000 1.501200 -0.851873
 2197.000000 1.643654 -0.833186
 2198.000000 1.528331 -0.751812
 2199.000000 1.531348 -0.913423
 2200.000000 1.593747 -0.874242
 2201.000000 1.507113 -0.740295
 2202.000000 1.618811 -0.845485
 2203.000000 1.569609 -0.758918
 2204.000000 1.575224 -0.913997
 2205.000000 1.632894 -0.897259
 2206.000000 1.499973 -0.932267
 2207.000000 1.454248 -0.993063
 2208.000000 1.440065 -0.777151
 2209.000000 1.556530 -0.780521
 2210.000000 1.504276 -0.846952
 2211.000000 1.626795 -0.906941
 2212.000000 1.566485 -0.859292
 2213.000000 1.466585 -0.910481
 2214.000000 1.616622 -0.833433
 2215.000000 1.574448 -0.906773
 2216.000000 1.471745 -0.853049
 2217.000000 1.475345 -0.930062
 2218.000000 1.555131 -0.914454
 2219.000000 1.494800 -0.923968
 2220.000000 1.568407 -0.959080
 2221.000000 1.548079 -0.861828
 2222.000000 1.535570 -0.853030
 2223.000000 1.496946 -0.884175
 2224.000000 1.560798 -0.887603
 2225.000000 1.516864 -0.911588
 2226.000000 1.530209 -0.839877
 2227.000000 1.343584 -0.935691
 2228.000000 1.499908 -0.908485
 2229.000000 1.509276 -0.850552
 2230.000000 1.470586 -0.889818
 2231.000000 1.481589 -0.848518
 2232.000000 1.454173 -0.866164
 2233.000000 1.521490 -0.803567
 2234.000000 1.405406 -0.779692
 2235.000000 1.520802 -0.779752
 2236.000000 1.522547 -0.936264
 2237.000000 1.432029 -0.889422
 2238.000000 1.606626 -0.764707
 2239.000000 1.491627 -0.816067
 2240.000000 1.512605 -0.859562
 2241.000000 1.508658 -0.950918
 2242.000000 1.490590 -0.918229
 2243.000000 1.502927 -0.857478
 2244.000000 1.498695 -0.816836
 2245.000000 1.597521 -0.921172
 2246.000000 1.575730 -0.845153
 2247.000000 1.473527 -0.892909
 2248.000000 1.561673 -0.860261
 2249.000000 1.459047 -0.795633
 2250.000000 1.546703 -0.877301
 2251.000000 1.405514 -0.894157
 2252.000000 1.582433 -0.873580
 2253.000000 1.422279 -0.921726
 2254.000000 1.522665 -0.935754
 2255.000000 1.513296 -0.805189
 2256.000000 1.658273 -0.953214
 2257.000000 1.520709 -0.905276
 2258.000000 1.480731 -0.881466
 2259.000000 1.432047 -0.835478
 2260.000000 1.467548 -0.818580
 2261.000000 1.488757 -0.774534
 2262.000000 1.557155 -0.818570
 2263.000000 1.518094 -0.833537
 2264.000000 1.507420 -0.932979
 2265.000000 1.582240 -0.923239
 2266.000000 1.586898 -0.811413
 2267.000000 1.566412 -0.960214
 2268.000000 1.494585 -0.908646
 2269.000000 1.456265 -0.940868
 2270.000000 1.443148 -0.913242
 2271.000000 1.504221 -0.861958
 2272.000000 1.600805 -0.882509
 2273.000000 1.554515 -0.900257
 2274.000000 1.557355 -0.907671
 2275.000000 1.538849 -0.921315
 2276.000000 1.585316 -0.927240
 2277.000000 1.525708 -0.896536
 2278.000000 1.606120 -0.885233
 2279.000000 1.600629 -0.823387
 2280.000000 1.485180 -0.867655
 2281.000000 1.571625 -0.882516
 2282.000000 1.516635 -0.807703
 2283.000000 1.419365 -0.871305
 2284.000000 1.587262 -0.887312
 2285.000000 1.512739 -0.915859
 2286.000000 1.504524 -0.785045
 2287.000000 1.647370 -0.755097
 2288.000000 1.533438 -0.810248
 2289.000000 1.648150 -0.933856
 2290.000000 1.470796 -0.906091
 2291.000000 1.511724 -0.879825
 2292.000000 1.603588 -0.783997
 2293.000000 1.522037 -0.878640
 2294.000000 1.557548 -0.888285
 2295.000000 1.552077 -0.846442
 2296.000000 1.601869 -0.881901
 2297.000000 1.525889 -0.863305
 2298.000000 1.682268 -0.865974
 2299.000000 1.555895 -0.802107
 2300.000000 1.640394 -0.801988
 2301.000000 1.562472 -0.786817
 2302.000000 1.549120 -0.880921
 2303.000000 1.538690 -0.907138
 2304.000000 1.649730 -0.917069
 2305.000000 1.479144 -0.877988
 2306.000000 1.484019 -0.850140
 2307.000000 1.546529 -0.956582
 2308.000000 1.580690 -0.783354
 2309.000000 1.550569 -0.823364
 2310.000000 1.583709 -0.961640
 2311.000000 1.487275 -0.932065
 2312.000000 1.589912 -0.840143
 2313.000000 1.616922 -0.839080
 2314.000000 1.531696 -0.845488
 2315.000000 1.628901 -0.936417
 2316.000000 1.577241 -0.801008
 2317.000000 1.566417 -0.830428
 2318.000000 1.546298 -0.890838
 2319.000000 1.470682 -0.812646
 2320.000000 1.664287 -0.838560
 2321.000000 1.628073 -0.788659
 2322.000000 1.565480 -0.771481
 2323.000000 1.723781 -0.896665
 2324.000000 1.506358 -0.819641
 2325.000000 1.548226 -0.892679
 2326.000000 1.595904 -0.869320
 2327.000000 1.629029 -0.849728
 2328.000000 1.537025 -0.835721
 2329.000000 1.662822 -0.852151
 2330.000000 1.815018 -0.811003
 2331.000000 1.788839 -0.809300
 2332.000000 1.752353 -0.798681
 2333.000000 1.723514 -0.808140
 2334.000000 1.767391 -0.911495
 2335.000000 1.724283 -0.756914
 2336.000000 1.725346 -0.795563
 2337.000000 1.731064 -0.709880
 2338.000000 1.780127 -0.791337
 2339.000000 1.705087 -0.802855
 2340.000000 1.711903 -0.831005
 2341.000000 1.715894 -0.777027
 2342.000000 1.788620 -0.843748
 2343.000000 1.667655 -0.920404
 2344.000000 1.688934 -0.787454
 2345.000000 1.623290 -0.898854
 2346.000000 1.687163 -0.820672
 2347.000000 1.670155 -0.848930
 2348.000000 1.673482 -0.983117
 2349.000000 1.703361 -0.919487
 2350.000000 1.752625 -0.859618
 2351.000000 1.723990 -0.729687
 2352.000000 1.718263 -0.905397
 2353.000000 1.587821 -0.826351
 2354.000000 1.508886 -0.834537
 2355.000000 1.693219 -0.911017
 2356.000000 1.485219 -0.921860
 2357.000000 1.738786 -0.949497
 2358.000000 1.806613 -0.889514
 2359.000000 1.707531 -0.872818
 2360.000000 1.687336 -0.851046
 2361.000000 1.650595 -0.847733
 2362.000000 1.723130 -0.853620
 2363.000000 1.781735 -0.942701
 2364.000000 1.748045 -0.929612
 2365.000000 1.645312 -0.806547
 2366.000000 1.539001 -0.889209
 2367.000000 1.548257 -0.855088
 2368.000000 1.588211 -0.833990
 2369.000000 1.678516 -0.850530
 2370.000000 1.594288 -0.790303
 2371.000000 1.569234 -0.919582
 2372.000000 1.700749 -0.813669
 2373.000000 1.763857 -0.937220
 2374.000000 1.702974 -0.899220
 2375.000000 1.567693 -0.961904
 2376.000000 1.658443 -0.833028
 2377.000000 1.532825 -0.774410
 2378.000000 1.629252 -0.810460
 2379.000000 1.657419 -0.894426
 2380.000000 1.600233 -0.929415
 2381.000000 1.643468 -0.884150
 2382.000000 1.623601 -0.973504
 2383.000000 1.580471 -0.856921
 2384.000000 1.558190 -0.800348
 2385.000000 1.737143 -0.884569
 2386.000000 1.686524 -0.889124
 2387.000000 1.538807 -0.874657
 2388.000000 1.797043 -0.807824
 2389.000000 1.666986 -0.899362
 2390.000000 1.547868 -0.827531
 2391.000000 1.680735 -0.790760
 2392.000000 1.586975 -0.869437
 2393.000000 1.661092 -0.846326
 2394.000000 1.648787 -0.901309
 2395.000000 1.487526 -0.893618
 2396.000000 1.647199 -0.855039
 2397.000000 1.673384 -0.956436
 2398.000000 1.432895 -0.905098
 2399.000000 1.620311 -0.873978
 2400.000000 1.599999 -0.856597
 2401.000000 1.609539 -0.914458
 2402.000000 1.594301 -0.842886
 2403.000000 1.678724 -0.861632
 2404.000000 1.625271 -0.821163
 2405.000000 1.554426 -0.851515
 2406.000000 1.634280 -0.881956
 2407.000000 1.588737 -0.809925
 2408.000000 1.718247 -0.899980
 2409.000000 1.675539 -0.927083
 2410.000000 1.585046 -0.853106
 2411.000000 1.689240 -0.845751
 2412.000000 1.602760 -0.835133
 2413.000000 1.632772 -0.951358
 2414.000000 1.451829 -0.763563
 2415.000000 1.530418 -0.790076
 2416.000000 1.592528 -0.804592
 2417.000000 1.572447 -0.857943
 2418.000000 1.553909 -0.762214
 2419.000000 1.541331 -0.821664
 2420.000000 1.533961 -0.879925
 2421.000000 1.554251 -0.858722
 2422.000000 1.504553 -0.853498
 2423.000000 1.529931 -0.824499
 2424.000000 1.560383 -0.840738
 2425.000000 1.610995 -0.879181
 2426.000000 1.602203 -0.840521
 2427.000000 1.583645 -0.809453
 2428.000000 1.622808 -0.860836
 2429.000000 1.621369 -0.817713
 2430.000000 1.599287 -0.779005
 2431.000000 1.672405 -0.857654
 2432.000000 1.693534 -0.784221
 2433.000000 1.586988 -0.870034
 2434.000000 1.593387 -0.876784
 2435.000000 1.542084 -0.732944
 2436.000000 1.639975 -0.848778
 2437.000000 1.711104 -0.884554
 2438.000000 1.644589 -0.830877
 2439.000000 1.470616 -0.765690
 2440.000000 1.691481 -0.839050
 2441.000000 1.624657 -0.930269
 2442.000000 1.660123 -0.924929
 2443.000000 1.514709 -0.788872
 2444.000000 1.537302 -0.849707
 2445.000000 1.577148 -0.803520
 2446.000000 1.508435 -0.822580
 2447.000000 1.516517 -0.860353
 2448.000000 1.566752 -0.887121
 2449.000000 1.567830 -0.865246
 2450.000000 1.515441 -0.825335
 2451.000000 1.567518 -0.812916
 2452.000000 1.593069 -0.805832
 2453.000000 1.540710 -0.857976
 2454.000000 1.580236 -0.784856
 2455.000000 1.472528 -0.944993
 2456.000000 1.632668 -0.887177
 2457.000000 1.632602 -0.955906
 2458.000000 1.635394 -0.829474
 2459.000000 1.518256 -0.851076
 2460.000000 1.543240 -0.919000
 2461.000000 1.507843 -0.904277
 2462.000000 1.584794 -0.965287
 2463.000000 1.535706 -0.906509
 2464.000000 1.580847 -0.760862
 2465.000000 1.622935 -0.804328
 2466.000000 1.586077 -0.872959
 2467.000000 1.670356 -0.740170
 2468.000000 1.641771 -0.723148
 2469.000000 1.576076 -0.931617
 2470.000000 1.537863 -0.876419
 2471.000000 1.580806 -0.884599
 2472.000000 1.589394 -0.889771
 2473.000000 1.533714 -0.834200
 2474.000000 1.491956 -0.952631
 2475.000000 1.502787 -0.881367
 2476.000000 1.655800 -0.834416
 2477.000000 1.522004 -0.834843
 2478.000000 1.489811 -0.819217
 2479.000000 1.565313 -0.845303
 2480.000000 1.476849 -0.782788
 2481.000000 1.530177 -0.871642
 2482.000000 1.499954 -0.733957
 2483.000000 1.527364 -0.794574
 2484.000000 1.655574 -0.773682
 2485.000000 1.645466 -0.826465
 2486.000000 1.653082 -0.822108
 2487.000000 1.486641 -0.852356
 2488.000000 1.645864 -0.749846
 2489.000000 1.633040 -0.856959
 2490.000000 1.504482 -0.851937
 2491.000000 1.545996 -0.846564
 2492.000000 1.644929 -0.801023
 2493.000000 1.661404 -0.867260
 2494.000000 1.634134 -0.757760
 2495.000000 1.719458 -0.814971
 2496.000000 1.676218 -0.795323
 2497.000000 1.706734 -0.745752
 2498.000000 1.624583 -0.849310
 2499.000000 1.515574 -0.870109
 2500.000000 1.629087 -0.902100
