#! FIELDS time pd_137_140 diff
 0.000000 0.946953 1.256254
 1.000000 1.053651 1.277836
 2.000000 1.126893 1.272317
 3.000000 1.097556 1.275332
 4.000000 1.108300 1.279042
 5.000000 1.109993 1.194415
 6.000000 1.084040 1.279922
 7.000000 1.145944 1.342337
 8.000000 1.059682 1.372807
 9.000000 1.142059 1.307637
 10.000000 1.170551 1.404038
 11.000000 1.095910 1.278590
 12.000000 1.119046 1.230407
 13.000000 1.061673 1.314452
 14.000000 1.099368 1.252873
 15.000000 1.101189 1.294424
 16.000000 0.971024 1.310863
 17.000000 1.043537 1.191120
 18.000000 1.074588 1.240471
 19.000000 1.235585 1.290739
 20.000000 1.167347 1.271156
 21.000000 1.225921 1.288308
 22.000000 1.065774 1.281869
 23.000000 1.157379 1.304141
 24.000000 1.206448 1.152890
 25.000000 1.249252 1.250590
 26.000000 1.114067 1.191991
 27.000000 1.184840 1.236914
 28.000000 1.223857 1.213046
 29.000000 1.147513 1.306135
 30.000000 1.215690 1.287034
 31.000000 1.199664 1.288482
 32.000000 1.074837 1.310769
 33.000000 1.194084 1.254259
 34.000000 1.140475 1.229740
 35.000000 1.241062 1.280095
 36.000000 1.134812 1.299749
 37.000000 1.206799 1.185438
 38.000000 1.179837 1.308957
 39.000000 1.164571 1.230317
 40.000000 1.063544 1.323496
 41.000000 1.179928 1.245959
 42.000000 1.191698 1.160755
 43.000000 1.193927 1.186499
 44.000000 1.137589 1.233057
 45.000000 1.228807 1.232905
 46.000000 1.167388 1.184850
 47.000000 1.181523 1.270821
 48.000000 1.214467 1.311175
 49.000000 1.184216 1.258022
 50.000000 1.180509 1.224054
 51.000000 1.202022 1.329996
 52.000000 1.272764 1.337540
 53.000000 1.203157 1.329122
 54.000000 1.065461 1.259146
 55.000000 1.176087 1.227376
 56.000000 1.168048 1.148971
 57.000000 1.219765 1.238488
 58.000000 1.187237 1.272414
 59.000000 1.195841 1.242079
 60.000000 1.229330 1.162645
 61.000000 1.204880 1.267506
 62.000000 1.212177 1.240552
 63.000000 1.197937 1.232869
 64.000000 1.190339 1.320847
 65.000000 1.260737 1.298179
 66.000000 1.068683 1.217311
 67.000000 1.251643 1.257252
 68.000000 1.080652 1.271698
 69.000000 1.193874 1.299846
 70.000000 1.206538 1.307945
 71.000000 1.234004 1.421948
 72.000000 1.165551 1.281268
 73.000000 1.132081 1.383058
 74.000000 1.205036 1.263929
 75.000000 1.256429 1.316077
 76.000000 1.258433 1.352407
 77.000000 1.180043 1.177859
 78.000000 1.144627 1.198314
 79.000000 1.278100 1.245363
 80.000000 1.260948 1.288832
 81.000000 1.263345 1.205207
 82.000000 1.148513 1.250493
 83.000000 1.222709 1.271222
 84.000000 1.280983 1.079001
 85.000000 1.211844 1.224075
 86.000000 1.249432 1.347707
 87.000000 1.264650 1.304394
 88.000000 1.288355 1.264864
 89.000000 1.185121 1.258538
 90.000000 1.190574 1.180181
 91.000000 1.143227 1.191989
 92.000000 1.280275 1.240049
 93.000000 1.229021 1.278154
 94.000000 1.176457 1.207244
 95.000000 1.221414 1.257182
 96.000000 1.176725 1.237279
 97.000000 1.269393 1.201391
 98.000000 1.147963 1.205724
 99.000000 1.231043 1.285018
 100.000000 1.215792 1.237190
 101.000000 1.222807 1.190001
 102.000000 1.181728 1.137800
 103.000000 1.197689 1.198051
 104.000000 1.189006 1.278133
 105.000000 1.120236 1.242600
 106.000000 1.179764 1.145347
 107.000000 1.188180 1.097413
 108.000000 1.135425 1.254152
 109.000000 1.130331 1.243034
 110.000000 1.181637 1.293176
 111.000000 1.069612 1.299742
 112.000000 1.280133 1.181999
 113.000000 1.191322 1.227872
 114.000000 1.268500 1.254750
 115.000000 1.071764 1.236009
 116.000000 1.154488 1.317372
 117.000000 1.065545 1.306424
 118.000000 1.152863 1.194070
 119.000000 1.228696 1.251722
 120.000000 1.114225 1.290434
 121.000000 1.282980 1.355638
 122.000000 1.166762 1.259616
 123.000000 1.179897 1.242323
 124.000000 1.217200 1.268038
 125.000000 1.042585 1.293753
 126.000000 1.048942 1.294111
 127.000000 1.276089 1.295367
 128.000000 1.168858 1.282762
 129.000000 1.250838 1.243683
 130.000000 1.120206 1.172753
 131.000000 1.099487 1.232096
 132.000000 1.149961 1.241524
 133.000000 1.172048 1.292676
 134.000000 1.194211 1.317902
 135.000000 1.148610 1.257195
 136.000000 1.189731 1.293728
 137.000000 1.246048 1.205230
 138.000000 1.240584 1.289406
 139.000000 1.244291 1.240618
 140.000000 1.144310 1.285255
 141.000000 1.193602 1.297894
 142.000000 1.229941 1.199623
 143.000000 1.326164 1.243222
 144.000000 1.233910 1.159764
 145.000000 1.306868 1.253986
 146.000000 1.285074 1.258500
 147.000000 1.229545 1.246543
 148.000000 1.198305 1.256865
 149.000000 1.090129 1.183892
 150.000000 1.120018 1.267103
 151.000000 1.157317 1.226292
 152.000000 1.130539 1.234997
 153.000000 1.203748 1.139199
 154.000000 1.265267 1.237583
 155.000000 1.246130 1.198682
 156.000000 1.150496 1.211916
 157.000000 1.217930 1.229461
 158.000000 1.150467 1.206279
 159.000000 1.180407 1.255532
 160.000000 1.234991 1.153263
 161.000000 1.190128 1.333995
 162.000000 1.159144 1.280404
 163.000000 1.164022 1.223427
 164.000000 1.232571 1.283024
 165.000000 1.180614 1.167473
 166.000000 1.256447 1.145597
 167.000000 1.205069 1.292281
 168.000000 1.181303 1.245811
 169.000000 1.135466 1.207119
 170.000000 1.185514 1.156821
 171.000000 1.213537 1.311023
 172.000000 1.147811 1.307351
 173.000000 1.316301 1.280508
 174.000000 1.256568 1.272326
 175.000000 1.267734 1.217863
 176.000000 1.289758 1.241316
 177.000000 1.257710 1.149514
 178.000000 1.327290 1.098515
 179.000000 1.246073 1.249983
 180.000000 1.276518 1.179476
 181.000000 1.231134 1.206094
 182.000000 1.159663 1.224986
 183.000000 1.167552 1.346479
 184.000000 1.188938 1.234079
 185.000000 1.181899 1.141119
 186.000000 1.197278 1.240576
 187.000000 1.156796 1.232819
 188.000000 1.141511 1.330630
 189.000000 1.144789 1.289353
 190.000000 1.187328 1.307271
 191.000000 1.151360 1.270306
 192.000000 1.181829 1.149063
 193.000000 1.234576 1.221974
 194.000000 1.177826 1.253370
 195.000000 1.170500 1.282446
 196.000000 1.236501 1.324990
 197.000000 1.281303 1.243056
 198.000000 1.159124 1.232011
 199.000000 1.291153 1.295157
 200.000000 1.305278 1.298739
 201.000000 1.155225 1.195286
 202.000000 1.256789 1.244888
 203.000000 1.144920 1.275137
 204.000000 1.120259 1.242127
 205.000000 1.135310 1.212102
 206.000000 1.293982 1.238576
 207.000000 1.231842 1.233981
 208.000000 1.210096 1.232591
 209.000000 1.311426 1.226633
 210.000000 1.218006 1.220029
 211.000000 1.158831 1.194123
 212.000000 1.236681 1.232775
 213.000000 1.162439 1.220278
 214.000000 1.257994 1.229778
 215.000000 1.200253 1.245991
 216.000000 1.154450 1.153592
 217.000000 1.171516 1.242379
 218.000000 1.250084 1.160294
 219.000000 1.202252 1.227119
 220.000000 1.132611 1.214528
 221.000000 1.222577 1.216255
 222.000000 1.213291 1.180598
 223.000000 1.198695 1.099707
 224.000000 1.173437 1.133752
 225.000000 1.067867 1.178218
 226.000000 1.154744 1.181959
 227.000000 1.101717 1.209728
 228.000000 1.173518 1.166600
 229.000000 1.128217 1.200836
 230.000000 1.201011 1.176244
 231.000000 1.264586 1.256088
 232.000000 1.281630 1.202418
 233.000000 1.166339 1.134236
 234.000000 1.162185 1.111602
 235.000000 1.199236 1.212593
 236.000000 1.156721 1.208708
 237.000000 1.216367 1.217024
 238.000000 1.089103 1.183842
 239.000000 1.104027 1.231731
 240.000000 1.115951 1.189760
 241.000000 1.268177 1.157158
 242.000000 1.199285 1.178669
 243.000000 1.210301 1.197587
 244.000000 1.084869 1.210199
 245.000000 1.172241 1.274095
 246.000000 1.112164 1.196943
 247.000000 1.215033 1.245485
 248.000000 1.279364 1.240169
 249.000000 1.267451 1.264817
 250.000000 1.316149 1.217539
 251.000000 1.229476 1.261513
 252.000000 1.243454 1.260211
 253.000000 1.152060 1.296156
 254.000000 1.175076 1.232860
 255.000000 1.272637 1.152324
 256.000000 1.223846 1.258109
 257.000000 1.206724 1.203704
 258.000000 1.151741 1.211482
 259.000000 1.232550 1.147788
 260.000000 1.262739 1.286560
 261.000000 1.120501 1.133371
 262.000000 1.127308 1.232483
 263.000000 1.067798 1.168195
 264.000000 1.203559 1.197941
 265.000000 1.172954 1.265351
 266.000000 1.234322 1.241328
 267.000000 1.221513 1.262575
 268.000000 1.141507 1.214090
 269.000000 1.233125 1.259733
 270.000000 1.187817 1.316403
 271.000000 1.214253 1.313452
 272.000000 1.202991 1.219684
 273.000000 1.191106 1.213254
 274.000000 1.143265 1.305666
 275.000000 1.225928 1.265534
 276.000000 1.203405 1.213653
 277.000000 1.181001 1.218246
 278.000000 1.213375 1.280181
 279.000000 1.200069 1.376978
 280.000000 1.258885 1.248726
 281.000000 1.266968 1.238961
 282.000000 1.209520 1.287922
 283.000000 1.094457 1.181326
 284.000000 1.078071 1.157633
 285.000000 1.139473 1.279712
 286.000000 1.194151 1.193160
 287.000000 1.110362 1.209294
 288.000000 1.127593 1.278432
 289.000000 1.133532 1.239294
 290.000000 1.145449 1.290854
 291.000000 1.143255 1.257969
 292.000000 1.125917 1.291902
 293.000000 1.134707 1.200775
 294.000000 1.209483 1.269401
 295.000000 1.191331 1.268635
 296.000000 1.214020 1.231144
 297.000000 1.148601 1.209806
 298.000000 1.200910 1.278696
 299.000000 1.137546 1.239897
 300.000000 1.263059 1.218943
 301.000000 1.134458 1.294584
 302.000000 1.107598 1.254118
 303.000000 1.222705 1.297930
 304.000000 1.193217 1.272277
 305.000000 1.201576 1.227609
 306.000000 1.090702 1.286657
 307.000000 1.157782 1.264756
 308.000000 1.126688 1.257969
 309.000000 1.059524 1.221836
 310.000000 1.170788 1.163401
 311.000000 1.258769 1.187606
 312.000000 1.182254 1.267492
 313.000000 1.199593 1.287021
 314.000000 1.160810 1.219078
 315.000000 1.163789 1.236607
 316.000000 1.167263 1.296149
 317.000000 1.037470 1.258573
 318.000000 1.187923 1.188475
 319.000000 1.192017 1.270783
 320.000000 1.278376 1.330694
 321.000000 1.269955 1.333962
 322.000000 1.257614 1.285034
 323.000000 1.213840 1.243436
 324.000000 1.221477 1.296546
 325.000000 1.176948 1.269362
 326.000000 1.128482 1.247596
 327.000000 1.184286 1.291099
 328.000000 1.291754 1.273775
 329.000000 1.189830 1.184997
 330.000000 1.142320 1.219319
 331.000000 1.326316 1.255528
 332.000000 1.268317 1.221436
 333.000000 1.264039 1.326568
 334.000000 1.269503 1.308281
 335.000000 1.190267 1.281543
 336.000000 1.064318 1.285069
 337.000000 1.167394 1.307896
 338.000000 1.248910 1.329963
 339.000000 1.229474 1.265774
 340.000000 1.202920 1.270700
 341.000000 1.189941 1.277349
 342.000000 1.177373 1.217988
 343.000000 1.124875 1.276263
 344.000000 1.129956 1.213085
 345.000000 1.069937 1.276885
 346.000000 1.209483 1.264982
 347.000000 1.140711 1.209844
 348.000000 1.183027 1.280372
 349.000000 1.114024 1.341303
 350.000000 1.163698 1.270954
 351.000000 1.200441 1.308822
 352.000000 1.123555 1.284676
 353.000000 1.049091 1.214875
 354.000000 1.051619 1.206147
 355.000000 1.183029 1.200995
 356.000000 1.155369 1.231850
 357.000000 1.200041 1.258917
 358.000000 1.140317 1.242616
 359.000000 1.078076 1.261472
 360.000000 1.137562 1.233933
 361.000000 1.092703 1.253454
 362.000000 1.153712 1.319460
 363.000000 1.128448 1.208102
 364.000000 1.053229 1.303527
 365.000000 1.185770 1.288715
 366.000000 1.013396 1.323193
 367.000000 1.145515 1.315977
 368.000000 1.173170 1.226362
 369.000000 1.162926 1.351327
 370.000000 1.178181 1.256590
 371.000000 1.159133 1.189128
 372.000000 1.218674 1.202756
 373.000000 1.143567 1.180689
 374.000000 1.091619 1.258495
 375.000000 1.120857 1.192986
 376.000000 1.154948 1.242721
 377.000000 1.154239 1.208593
 378.000000 1.133336 1.251872
 379.000000 1.210011 1.322686
 380.000000 1.139248 1.304658
 381.000000 1.078645 1.281259
 382.000000 1.049270 1.301285
 383.000000 1.115016 1.220372
 384.000000 1.114450 1.207704
 385.000000 1.178265 1.279733
 386.000000 1.151405 1.236384
 387.000000 1.092094 1.310329
 388.000000 1.156434 1.279569
 389.000000 1.195601 1.275417
 390.000000 1.187013 1.251579
 391.000000 1.151296 1.275844
 392.000000 1.161022 1.269129
 393.000000 1.251884 1.270445
 394.000000 1.101659 1.274884
 395.000000 1.139508 1.217270
 396.000000 1.195339 1.267991
 397.000000 1.192478 1.289634
 398.000000 1.218807 1.238123
 399.000000 1.099183 1.218776
 400.000000 1.144022 1.205305
 401.000000 1.155630 1.225215
 402.000000 1.052545 1.251812
 403.000000 1.124610 1.215798
 404.000000 1.278768 1.329016
 405.000000 1.229461 1.262397
 406.000000 1.225545 1.241244
 407.000000 1.170465 1.217571
 408.000000 1.199460 1.285961
 409.000000 1.286326 1.259792
 410.000000 1.118834 1.277847
 411.000000 1.097040 1.292412
 412.000000 1.220458 1.268658
 413.000000 1.200186 1.193699
 414.000000 1.237338 1.321863
 415.000000 1.213738 1.198052
 416.000000 1.249048 1.239481
 417.000000 1.183384 1.265037
 418.000000 1.300707 1.223871
 419.000000 1.188909 1.236716
 420.000000 1.343926 1.281338
 421.000000 1.213643 1.268755
 422.000000 1.282952 1.210527
 423.000000 1.144792 1.239154
 424.000000 1.147983 1.319761
 425.000000 1.175052 1.224345
 426.000000 1.153357 1.209721
 427.000000 1.106137 1.232933
 428.000000 1.142724 1.314725
 429.000000 1.193650 1.202031
 430.000000 0.991426 1.249043
 431.000000 1.151134 1.232606
 432.000000 1.088914 1.289321
 433.000000 1.219507 1.313533
 434.000000 1.050518 1.284386
 435.000000 1.156942 1.244382
 436.000000 1.269458 1.329432
 437.000000 1.195944 1.276835
 438.000000 1.169050 1.196988
 439.000000 1.211184 1.185079
 440.000000 1.138271 1.155642
 441.000000 1.196694 1.185267
 442.000000 1.147470 1.198795
 443.000000 1.326950 1.134948
 444.000000 1.187507 1.334314
 445.000000 1.152001 1.213559
 446.000000 1.278426 1.265056
 447.000000 1.215668 1.333822
 448.000000 1.206737 1.181681
 449.000000 1.197587 1.240096
 450.000000 1.225965 1.192145
 451.000000 1.176121 1.229790
 452.000000 1.179245 1.185489
 453.000000 1.231245 1.122419
 454.000000 1.156155 1.247310
 455.000000 1.159690 1.259975
 456.000000 1.137154 1.314419
 457.000000 1.202658 1.265919
 458.000000 1.255364 1.222705
 459.000000 1.260674 1.191516
 460.000000 1.132713 1.205659
 461.000000 1.053198 1.224579
 462.000000 1.181847 1.289117
 463.000000 1.238149 1.236740
 464.000000 1.094752 1.234891
 465.000000 1.094001 1.279236
 466.000000 1.261033 1.196897
 467.000000 1.065478 1.177566
 468.000000 1.140672 1.189728
 469.000000 1.254748 1.222644
 470.000000 1.224894 1.310792
 471.000000 1.181409 1.210529
 472.000000 1.127560 1.213624
 473.000000 1.111369 1.222321
 474.000000 1.095254 1.283360
 475.000000 1.063061 1.195804
 476.000000 1.142006 1.321377
 477.000000 1.181199 1.263284
 478.000000 1.206596 1.260865
 479.000000 1.111236 1.251310
 480.000000 1.133521 1.335936
 481.000000 1.063676 1.316724
 482.000000 1.147295 1.285942
 483.000000 1.142510 1.156851
 484.000000 1.116401 1.225175
 485.000000 1.168889 1.257494
 486.000000 1.157064 1.176539
 487.000000 1.165589 1.143305
 488.000000 1.128630 1.228811
 489.000000 1.098223 1.188195
 490.000000 1.119482 1.248126
 491.000000 1.074652 1.203639
 492.000000 1.112596 1.208150
 493.000000 1.128371 1.293462
 494.000000 1.111063 1.340827
 495.000000 1.183947 1.150523
 496.000000 1.096008 1.191428
 497.000000 1.097828 1.224536
 498.000000 1.147175 1.256552
 499.000000 1.188493 1.212426
 500.000000 1.111416 1.217524
 501.000000 1.203720 1.130576
 502.000000 1.107551 1.214535
 503.000000 1.204109 1.206968
 504.000000 1.094841 1.312463
 505.000000 1.221996 1.284178
 506.000000 1.070669 1.185043
 507.000000 1.217416 1.227660
 508.000000 1.216964 1.297147
 509.000000 1.238695 1.184527
 510.000000 1.218180 1.205825
 511.000000 1.158963 1.130032
 512.000000 1.253791 1.283899
 513.000000 1.091558 1.129723
 514.000000 1.227211 1.265856
 515.000000 1.108610 1.314485
 516.000000 1.198082 1.290514
 517.000000 1.242814 1.240073
 518.000000 1.189471 1.280165
 519.000000 1.137547 1.316061
 520.000000 1.194267 1.358164
 521.000000 1.181991 1.299343
 522.000000 1.213551 1.316553
 523.000000 1.144319 1.169608
 524.000000 1.214234 1.115849
 525.000000 1.252536 1.179276
 526.000000 1.236830 1.287992
 527.000000 1.157431 1.224138
 528.000000 1.124871 1.211058
 529.000000 1.214499 1.266426
 530.000000 1.198037 1.248442
 531.000000 1.228616 1.192504
 532.000000 1.111353 1.246309
 533.000000 1.118058 1.326174
 534.000000 1.193581 1.219031
 535.000000 1.240016 1.157369
 536.000000 1.124149 1.214255
 537.000000 1.252953 1.237148
 538.000000 1.183392 1.324426
 539.000000 1.266158 1.225428
 540.000000 1.203418 1.243381
 541.000000 1.152206 1.185657
 542.000000 1.264281 1.244580
 543.000000 1.099172 1.173260
 544.000000 1.306536 1.173031
 545.000000 1.293678 1.304372
 546.000000 1.239402 1.222432
 547.000000 1.224989 1.232532
 548.000000 1.115681 1.222136
 549.000000 1.122112 1.162813
 550.000000 1.112701 1.204546
 551.000000 1.207593 1.181202
 552.000000 1.200396 1.278366
 553.000000 1.199635 1.206278
 554.000000 1.230957 1.228687
 555.000000 1.333420 1.267147
 556.000000 1.178812 1.222046
 557.000000 1.192519 1.326182
 558.000000 1.275478 1.280020
 559.000000 1.187099 1.241478
 560.000000 1.138510 1.278338
 561.000000 1.256685 1.234963
 562.000000 1.069093 1.224396
 563.000000 1.173732 1.320447
 564.000000 1.196593 1.231966
 565.000000 1.192340 1.352786
 566.000000 1.113736 1.207429
 567.000000 1.163825 1.275745
 568.000000 1.283324 1.326657
 569.000000 1.213431 1.149323
 570.000000 1.139936 1.246546
 571.000000 1.162388 1.252993
 572.000000 1.221402 1.303744
 573.000000 1.237121 1.246168
 574.000000 1.135304 1.258211
 575.000000 1.000668 1.284598
 576.000000 1.212335 1.315472
 577.000000 1.226560 1.192182
 578.000000 1.196711 1.281676
 579.000000 1.151362 1.236747
 580.000000 1.200068 1.196959
 581.000000 1.223097 1.225527
 582.000000 1.204434 1.221781
 583.000000 1.136920 1.290238
 584.000000 1.225564 1.209234
 585.000000 1.194062 1.186562
 586.000000 1.309957 1.214097
 587.000000 1.137242 1.220128
 588.000000 1.147336 1.193801
 589.000000 1.266666 1.318494
 590.000000 1.181812 1.267803
 591.000000 1.196571 1.283834
 592.000000 1.237544 1.230761
 593.000000 1.182292 1.268535
 594.000000 1.200661 1.205756
 595.000000 1.183615 1.162446
 596.000000 1.106361 1.288823
 597.000000 1.145861 1.357330
 598.000000 1.156343 1.280519
 599.000000 1.091755 1.278390
 600.000000 1.121984 1.335379
 601.000000 1.223682 1.132329
 602.000000 1.250117 1.295008
 603.000000 1.192030 1.144478
 604.000000 1.270703 1.274776
 605.000000 1.202663 1.299762
 606.000000 1.148492 1.287565
 607.000000 1.211098 1.275531
 608.000000 1.221010 1.321662
 609.000000 1.194688 1.284095
 610.000000 1.111682 1.290504
 611.000000 1.151717 1.247599
 612.000000 1.237461 1.245203
 613.000000 1.139364 1.227795
 614.000000 1.185816 1.287550
 615.000000 1.132443 1.287008
 616.000000 1.072788 1.264266
 617.000000 1.194031 1.249882
 618.000000 1.073614 1.258615
 619.000000 1.170780 1.162298
 620.000000 1.161366 1.276807
 621.000000 1.172206 1.261298
 622.000000 1.185989 1.266231
 623.000000 1.189678 1.150069
 624.000000 1.204495 1.174180
 625.000000 1.118597 1.175280
 626.000000 1.126471 1.292421
 627.000000 1.242951 1.249351
 628.000000 1.147278 1.215528
 629.000000 1.178086 1.203734
 630.000000 1.133940 1.255660
 631.000000 1.099174 1.234910
 632.000000 1.117108 1.277697
 633.000000 1.100624 1.253478
 634.000000 1.080951 1.202172
 635.000000 1.110869 1.263492
 636.000000 1.145863 1.208713
 637.000000 1.004760 1.260667
 638.000000 1.054832 1.246594
 639.000000 0.992434 1.258309
 640.000000 1.114751 1.143533
 641.000000 1.114655 1.230395
 642.000000 1.166153 1.349487
 643.000000 1.090268 1.304376
 644.000000 1.189921 1.224475
 645.000000 1.258733 1.278457
 646.000000 1.190712 1.267614
 647.000000 1.173207 1.282845
 648.000000 1.070700 1.178998
 649.000000 1.166690 1.212149
 650.000000 1.236668 1.145010
 651.000000 1.154125 1.096097
 652.000000 1.271510 1.220602
 653.000000 1.212225 1.233789
 654.000000 1.161654 1.258354
 655.000000 1.220648 1.391449
 656.000000 1.242618 1.356284
 657.000000 1.257470 1.272104
 658.000000 1.224829 1.377871
 659.000000 1.127971 1.176164
 660.000000 1.128237 1.271861
 661.000000 1.216477 1.218968
 662.000000 1.105459 1.316103
 663.000000 1.186417 1.223592
 664.000000 1.229818 1.257873
 665.000000 1.120437 1.302176
 666.000000 1.117076 1.283659
 667.000000 1.200451 1.294915
 668.000000 1.083662 1.233184
 669.000000 1.176827 1.349084
 670.000000 1.115688 1.333042
 671.000000 1.194950 1.311524
 672.000000 1.161650 1.359399
 673.000000 1.271767 1.205861
 674.000000 1.121211 1.213060
 675.000000 1.173081 1.351437
 676.000000 1.114906 1.365628
 677.000000 1.171052 1.244385
 678.000000 1.199933 1.316914
 679.000000 1.154658 1.228096
 680.000000 1.166408 1.282061
 681.000000 1.140124 1.300571
 682.000000 1.164496 1.262188
 683.000000 1.200176 1.231239
 684.000000 1.286357 1.248293
 685.000000 1.139232 1.216026
 686.000000 1.122073 1.314924
 687.000000 1.141404 1.278767
 688.000000 1.056099 1.341613
 689.000000 1.125072 1.416848
 690.000000 1.082312 1.316114
 691.000000 1.135187 1.286589
 692.000000 1.129267 1.217382
 693.000000 1.131404 1.272389
 694.000000 1.082117 1.327323
 695.000000 1.076037 1.300370
 696.000000 1.069966 1.235272
 697.000000 1.142615 1.328153
 698.000000 1.123542 1.315474
 699.000000 1.258845 1.218500
 700.000000 1.187518 1.232227
 701.000000 1.132775 1.285014
 702.000000 1.174157 1.295032
 703.000000 1.226665 1.308108
 704.000000 1.208344 1.224819
 705.000000 1.156444 1.389650
 706.000000 1.282340 1.278175
 707.000000 1.198322 1.267835
 708.000000 1.184320 1.271688
 709.000000 1.135707 1.189126
 710.000000 1.127212 1.213378
 711.000000 1.144729 1.320966
 712.000000 1.233976 1.221236
 713.000000 1.198325 1.291000
 714.000000 1.189503 1.242710
 715.000000 1.143478 1.205047
 716.000000 1.209409 1.310093
 717.000000 1.176331 1.274567
 718.000000 1.136176 1.293584
 719.000000 1.087195 1.184946
 720.000000 1.123753 1.219188
 721.000000 1.150444 1.302923
 722.000000 1.172633 1.292618
 723.000000 1.161633 1.223467
 724.000000 1.165418 1.111689
 725.000000 1.241576 1.315517
 726.000000 1.223745 1.301247
 727.000000 1.158243 1.276522
 728.000000 1.168587 1.341644
 729.000000 1.071421 1.294766
 730.000000 1.171412 1.317104
 731.000000 1.116623 1.267488
 732.000000 1.102432 1.265781
 733.000000 1.081987 1.213521
 734.000000 1.102983 1.216974
 735.000000 1.098765 1.248722
 736.000000 1.101377 1.287869
 737.000000 1.159562 1.121345
 738.000000 1.089812 1.191688
 739.000000 1.179138 1.206110
 740.000000 1.127494 1.215040
 741.000000 1.190929 1.212267
 742.000000 1.235667 1.202271
 743.000000 1.029828 1.175836
 744.000000 1.108893 1.152781
 745.000000 1.190967 1.248807
 746.000000 1.093366 1.288785
 747.000000 1.200147 1.290216
 748.000000 1.222451 1.268870
 749.000000 1.226756 1.214758
 750.000000 1.157744 1.250623
 751.000000 1.116509 1.316417
 752.000000 1.093287 1.271632
 753.000000 1.169576 1.315234
 754.000000 1.104597 1.304534
 755.000000 1.196047 1.278639
 756.000000 1.056784 1.276301
 757.000000 1.040929 1.220034
 758.000000 1.163556 1.143025
 759.000000 1.238889 1.289355
 760.000000 1.076526 1.212938
 761.000000 1.096652 1.277837
 762.000000 1.213686 1.213846
 763.000000 1.072523 1.329398
 764.000000 1.196562 1.294258
 765.000000 1.243353 1.212120
 766.000000 1.167441 1.324474
 767.000000 1.173819 1.331410
 768.000000 1.113375 1.243651
 769.000000 1.183883 1.231389
 770.000000 1.095789 1.272475
 771.000000 1.171346 1.255999
 772.000000 1.180833 1.301936
 773.000000 1.137993 1.291978
 774.000000 1.113663 1.266273
 775.000000 1.191820 1.234287
 776.000000 1.198566 1.265541
 777.000000 1.255605 1.323456
 778.000000 1.182652 1.261614
 779.000000 1.149205 1.298107
 780.000000 1.129245 1.243942
 781.000000 1.150435 1.242533
 782.000000 1.221572 1.191852
 783.000000 1.171835 1.275278
 784.000000 1.104668 1.246032
 785.000000 1.173816 1.348552
 786.000000 1.118034 1.206228
 787.000000 1.206373 1.354726
 788.000000 1.307044 1.367979
 789.000000 1.258673 1.357173
 790.000000 1.121922 1.288931
 791.000000 1.135860 1.274701
 792.000000 1.187892 1.284915
 793.000000 1.288329 1.313608
 794.000000 1.186604 1.361938
 795.000000 1.178071 1.301504
 796.000000 1.125177 1.350724
 797.000000 1.242610 1.329576
 798.000000 1.135534 1.341997
 799.000000 1.168232 1.220325
 800.000000 1.262116 1.200668
 801.000000 1.201788 1.246042
 802.000000 1.069242 1.232371
 803.000000 1.102498 1.213387
 804.000000 1.159933 1.294533
 805.000000 1.236740 1.128058
 806.000000 1.209518 1.268911
 807.000000 1.337179 1.292745
 808.000000 1.193745 1.273060
 809.000000 1.130861 1.271329
 810.000000 1.189149 1.246584
 811.000000 1.317598 1.246794
 812.000000 1.187393 1.274347
 813.000000 1.180229 1.383115
 814.000000 1.144034 1.266108
 815.000000 1.241201 1.224477
 816.000000 1.215722 1.318183
 817.000000 1.167337 1.358454
 818.000000 1.234751 1.317816
 819.000000 1.232969 1.294043
 820.000000 1.223005 1.273394
 821.000000 1.173855 1.356254
 822.000000 1.140004 1.246584
 823.000000 1.162960 1.325690
 824.000000 1.163681 1.143858
 825.000000 1.319648 1.283147
 826.000000 1.234161 1.319222
 827.000000 1.155604 1.265480
 828.000000 1.239225 1.323993
 829.000000 1.195348 1.293023
 830.000000 1.173793 1.243343
 831.000000 1.134758 1.300043
 832.000000 1.201760 1.223237
 833.000000 1.143820 1.323983
 834.000000 1.224610 1.272608
 835.000000 1.150905 1.248335
 836.000000 1.220873 1.273122
 837.000000 1.165247 1.321552
 838.000000 1.096668 1.235135
 839.000000 1.081376 1.249188
 840.000000 1.042872 1.243861
 841.000000 1.133095 1.240331
 842.000000 1.040458 1.197772
 843.000000 1.044918 1.243221
 844.000000 1.218297 1.259964
 845.000000 1.167992 1.266967
 846.000000 1.266094 1.301591
 847.000000 1.209597 1.339404
 848.000000 1.251184 1.307383
 849.000000 1.229147 1.304059
 850.000000 1.153885 1.233520
 851.000000 1.078430 1.200005
 852.000000 1.148118 1.212387
 853.000000 1.073634 1.309726
 854.000000 1.178010 1.231549
 855.000000 1.175837 1.245075
 856.000000 1.168250 1.232775
 857.000000 1.132424 1.295294
 858.000000 1.073698 1.151349
 859.000000 1.050632 1.164474
 860.000000 1.244640 1.167666
 861.000000 1.217660 1.189990
 862.000000 1.166858 1.217398
 863.000000 1.203669 1.240898
 864.000000 1.155406 1.220287
 865.000000 1.163469 1.139053
 866.000000 1.149057 1.160852
 867.000000 1.087510 1.212901
 868.000000 1.143609 1.318146
 869.000000 1.068818 1.184228
 870.000000 1.129734 1.320159
 871.000000 1.077289 1.241798
 872.000000 1.086271 1.268346
 873.000000 1.172517 1.199969
 874.000000 1.057493 1.235120
 875.000000 1.052126 1.174551
 876.000000 1.226927 1.246928
 877.000000 1.075521 1.216061
 878.000000 1.220516 1.222427
 879.000000 1.080399 1.295113
 880.000000 1.180231 1.292532
 881.000000 1.265748 1.216563
 882.000000 1.072488 1.248299
 883.000000 1.146161 1.214439
 884.000000 1.151982 1.161605
 885.000000 1.169073 1.250760
 886.000000 1.199898 1.172867
 887.000000 1.250131 1.332024
 888.000000 1.177534 1.282058
 889.000000 1.160404 1.151622
 890.000000 1.187891 1.196256
 891.000000 1.180536 1.239659
 892.000000 1.157896 1.257901
 893.000000 1.184050 1.210804
 894.000000 1.123515 1.194434
 895.000000 1.146144 1.258827
 896.000000 1.109155 1.271699
 897.000000 1.101739 1.199082
 898.000000 1.167256 1.170981
 899.000000 1.090363 1.254805
 900.000000 1.124763 1.173891
 901.000000 1.165293 1.201838
 902.000000 1.198600 1.160022
 903.000000 1.062365 1.205724
 904.000000 1.101069 1.184324
 905.000000 1.171554 1.262132
 906.000000 1.176305 1.248591
 907.000000 1.097086 1.271375
 908.000000 1.127289 1.260642
 909.000000 1.227076 1.321775
 910.000000 1.127674 1.325740
 911.000000 1.130560 1.353011
 912.000000 1.194164 1.267338
 913.000000 1.147298 1.270405
 914.000000 1.164069 1.342992
 915.000000 1.204958 1.291257
 916.000000 1.174617 1.249723
 917.000000 1.169307 1.303043
 918.000000 1.129738 1.139860
 919.000000 1.273480 1.277336
 920.000000 1.200174 1.208800
 921.000000 1.210616 1.235062
 922.000000 1.240892 1.242739
 923.000000 1.075383 1.257189
 924.000000 1.161594 1.306914
 925.000000 1.106165 1.299314
 926.000000 1.195040 1.245811
 927.000000 1.135488 1.252139
 928.000000 1.045851 1.325861
 929.000000 1.170873 1.213734
 930.000000 1.125921 1.222913
 931.000000 1.146450 1.263449
 932.000000 1.146067 1.264646
 933.000000 1.185856 1.246867
 934.000000 1.145918 1.245736
 935.000000 1.175023 1.299814
 936.000000 1.088277 1.209403
 937.000000 1.065764 1.251435
 938.000000 1.240241 1.267703
 939.000000 1.146975 1.221375
 940.000000 1.164532 1.247404
 941.000000 1.163684 1.214980
 942.000000 1.211139 1.228984
 943.000000 1.227414 1.297695
 944.000000 1.130755 1.292629
 945.000000 1.135194 1.242452
 946.000000 1.217784 1.265841
 947.000000 1.113294 1.203907
 948.000000 1.251402 1.281510
 949.000000 1.121049 1.281109
 950.000000 1.138534 1.233384
 951.000000 1.115825 1.277214
 952.000000 1.149310 1.247006
 953.000000 1.154864 1.294911
 954.000000 1.058999 1.239460
 955.000000 1.159441 1.243140
 956.000000 1.106353 1.245462
 957.000000 1.128092 1.235219
 958.000000 1.154836 1.155204
 959.000000 1.133198 1.289739
 960.000000 1.300025 1.241123
 961.000000 1.153972 1.236667
 962.000000 1.257970 1.270472
 963.000000 1.283298 1.194577
 964.000000 1.205682 1.285845
 965.000000 1.232749 1.300144
 966.000000 1.220661 1.259348
 967.000000 1.262208 1.298417
 968.000000 1.132691 1.250387
 969.000000 1.193042 1.291757
 970.000000 1.243024 1.257225
 971.000000 1.208238 1.318827
 972.000000 1.226953 1.242647
 973.000000 1.247840 1.267492
 974.000000 1.214365 1.329246
 975.000000 1.133918 1.313358
 976.000000 1.161736 1.361859
 977.000000 1.253406 1.213548
 978.000000 1.238873 1.283784
 979.000000 1.268459 1.295356
 980.000000 1.175394 1.407775
 981.000000 1.136924 1.313658
 982.000000 1.128053 1.322104
 983.000000 1.206566 1.252314
 984.000000 1.091423 1.223132
 985.000000 1.245633 1.262732
 986.000000 1.193581 1.267738
 987.000000 1.226566 1.291870
 988.000000 1.253555 1.259425
 989.000000 1.182246 1.321666
 990.000000 1.239914 1.267974
 991.000000 1.178902 1.333706
 992.000000 1.232566 1.348521
 993.000000 1.088663 1.349373
 994.000000 1.271829 1.397478
 995.000000 1.168983 1.336101
 996.000000 1.232912 1.235902
 997.000000 1.238684 1.309440
 998.000000 1.229471 1.249331
 999.000000 1.175831 1.254064
 1000.000000 1.222453 1.179995
 1001.000000 1.115873 1.158251
 1002.000000 1.097828 1.252463
 1003.000000 1.119288 1.259661
 1004.000000 1.187556 1.259916
 1005.000000 1.137859 1.214921
 1006.000000 1.144131 1.256095
 1007.000000 1.166877 1.240584
 1008.000000 1.140148 1.280802
 1009.000000 1.190559 1.220279
 1010.000000 1.187220 1.294362
 1011.000000 1.180874 1.346019
 1012.000000 1.261492 1.271263
 1013.000000 1.182551 1.261344
 1014.000000 1.273298 1.230000
 1015.000000 1.256613 1.265963
 1016.000000 1.225659 1.170433
 1017.000000 1.135426 1.102032
 1018.000000 1.119783 1.236903
 1019.000000 1.186614 1.245268
 1020.000000 1.209736 1.221609
 1021.000000 1.210423 1.165487
 1022.000000 1.135330 1.330682
 1023.000000 1.283933 1.311130
 1024.000000 1.172526 1.322047
 1025.000000 1.174705 1.310106
 1026.000000 1.095106 1.347981
 1027.000000 1.223203 1.288961
 1028.000000 1.159826 1.350549
 1029.000000 1.169807 1.318745
 1030.000000 1.161924 1.274931
 1031.000000 1.192416 1.367951
 1032.000000 1.202011 1.408904
 1033.000000 1.098754 1.356270
 1034.000000 1.245242 1.278116
 1035.000000 1.202839 1.383183
 1036.000000 1.191484 1.268819
 1037.000000 1.226332 1.224056
 1038.000000 1.131061 1.217640
 1039.000000 1.142808 1.172498
 1040.000000 1.204857 1.184988
 1041.000000 1.039918 1.289579
 1042.000000 1.168286 1.208376
 1043.000000 1.148557 1.298050
 1044.000000 1.139519 1.320238
 1045.000000 1.191125 1.332358
 1046.000000 1.182495 1.277318
 1047.000000 1.048283 1.260486
 1048.000000 1.137438 1.323319
 1049.000000 1.079235 1.294159
 1050.000000 1.097965 1.275925
 1051.000000 1.179258 1.273325
 1052.000000 1.182494 1.178314
 1053.000000 1.050876 1.211770
 1054.000000 1.215187 1.364499
 1055.000000 1.278090 1.186583
 1056.000000 1.230013 1.224229
 1057.000000 1.176170 1.275332
 1058.000000 1.143954 1.212529
 1059.000000 1.169259 1.286113
 1060.000000 1.173975 1.274140
 1061.000000 1.127231 1.323044
 1062.000000 1.091054 1.351085
 1063.000000 1.140287 1.313400
 1064.000000 1.096993 1.223845
 1065.000000 1.193528 1.230888
 1066.000000 1.131880 1.183879
 1067.000000 1.212762 1.348582
 1068.000000 1.226100 1.253869
 1069.000000 1.102323 1.395482
 1070.000000 1.111898 1.269238
 1071.000000 1.077347 1.257470
 1072.000000 1.237164 1.267345
 1073.000000 1.180872 1.374978
 1074.000000 1.119273 1.309082
 1075.000000 1.186111 1.277001
 1076.000000 1.150151 1.127449
 1077.000000 1.225036 1.218198
 1078.000000 1.161410 1.347948
 1079.000000 1.193582 1.282752
 1080.000000 1.198210 1.260665
 1081.000000 1.091178 1.272504
 1082.000000 1.143510 1.272407
 1083.000000 1.113131 1.392723
 1084.000000 1.140326 1.277923
 1085.000000 1.167084 1.328716
 1086.000000 1.195654 1.219774
 1087.000000 1.263856 1.256334
 1088.000000 1.146758 1.311152
 1089.000000 1.149792 1.243443
 1090.000000 1.210934 1.259914
 1091.000000 1.214443 1.306151
 1092.000000 1.139229 1.208600
 1093.000000 1.239422 1.229693
 1094.000000 1.123147 1.234365
 1095.000000 1.175433 1.289592
 1096.000000 1.130622 1.317061
 1097.000000 1.114771 1.365103
 1098.000000 1.066302 1.249500
 1099.000000 1.189688 1.321046
 1100.000000 1.088467 1.257243
 1101.000000 1.153335 1.198351
 1102.000000 1.188256 1.229473
 1103.000000 1.082848 1.329424
 1104.000000 1.141736 1.296442
 1105.000000 1.192247 1.327973
 1106.000000 1.141582 1.256667
 1107.000000 1.245608 1.308693
 1108.000000 1.126972 1.262289
 1109.000000 1.164881 1.325439
 1110.000000 1.159602 1.232490
 1111.000000 1.225298 1.148451
 1112.000000 1.206712 1.231978
 1113.000000 1.157178 1.250098
 1114.000000 1.052143 1.140154
 1115.000000 1.083698 1.149564
 1116.000000 1.143253 1.266769
 1117.000000 1.110003 1.141527
 1118.000000 1.087240 1.129227
 1119.000000 1.132813 1.196438
 1120.000000 1.212277 1.137060
 1121.000000 1.253883 1.286637
 1122.000000 1.159533 1.209784
 1123.000000 1.094141 1.114899
 1124.000000 1.105174 1.208363
 1125.000000 1.173966 1.189506
 1126.000000 1.186008 1.193433
 1127.000000 1.150741 1.184283
 1128.000000 1.124493 1.300324
 1129.000000 1.131506 1.176865
 1130.000000 1.170486 1.300034
 1131.000000 1.264252 1.235973
 1132.000000 1.263616 1.209568
 1133.000000 1.266282 1.224575
 1134.000000 1.170515 1.215638
 1135.000000 1.176353 1.302078
 1136.000000 1.126685 1.258379
 1137.000000 1.118006 1.199201
 1138.000000 1.237597 1.246992
 1139.000000 1.074165 1.265219
 1140.000000 1.151178 1.199128
 1141.000000 1.209266 1.125158
 1142.000000 1.241801 1.258812
 1143.000000 1.196544 1.293885
 1144.000000 1.281692 1.201573
 1145.000000 1.208554 1.304764
 1146.000000 1.091456 1.257274
 1147.000000 1.084231 1.302602
 1148.000000 1.086842 1.191324
 1149.000000 1.200511 1.209680
 1150.000000 1.125130 1.166087
 1151.000000 1.216916 1.200045
 1152.000000 1.201686 1.137468
 1153.000000 1.209418 1.239436
 1154.000000 1.145499 1.123959
 1155.000000 1.138371 1.251159
 1156.000000 1.098668 1.279191
 1157.000000 1.156349 1.202693
 1158.000000 1.106359 1.117119
 1159.000000 1.106197 1.236083
 1160.000000 1.081329 1.231808
 1161.000000 1.151265 1.229520
 1162.000000 1.130849 1.242552
 1163.000000 1.110208 1.256867
 1164.000000 1.044112 1.195990
 1165.000000 1.122448 1.165155
 1166.000000 1.137993 1.242515
 1167.000000 1.092954 1.200128
 1168.000000 1.097641 1.179529
 1169.000000 1.143140 1.139875
 1170.000000 1.043689 1.249802
 1171.000000 1.174584 1.281483
 1172.000000 1.118092 1.213826
 1173.000000 1.221445 1.355018
 1174.000000 1.123930 1.298904
 1175.000000 1.131304 1.322887
 1176.000000 1.167901 1.328205
 1177.000000 1.159640 1.187628
 1178.000000 1.124979 1.193992
 1179.000000 1.192100 1.195146
 1180.000000 1.245120 1.351776
 1181.000000 1.151278 1.314026
 1182.000000 1.173556 1.259671
 1183.000000 1.165257 1.225319
 1184.000000 1.121081 1.288693
 1185.000000 1.184738 1.230720
 1186.000000 1.138555 1.291690
 1187.000000 1.194798 1.290962
 1188.000000 1.197167 1.318884
 1189.000000 1.156664 1.269297
 1190.000000 1.175564 1.287337
 1191.000000 1.143805 1.304461
 1192.000000 1.124372 1.292346
 1193.000000 1.173042 1.183163
 1194.000000 1.100686 1.199790
 1195.000000 1.031023 1.322517
 1196.000000 1.170565 1.182302
 1197.000000 1.105182 1.209654
 1198.000000 1.131832 1.222759
 1199.000000 1.240215 1.293526
 1200.000000 1.192026 1.192004
 1201.000000 1.243454 1.192345
 1202.000000 1.140062 1.269075
 1203.000000 1.102216 1.118158
 1204.000000 1.180973 1.241782
 1205.000000 1.168793 1.226466
 1206.000000 1.288539 1.256764
 1207.000000 1.203126 1.268285
 1208.000000 1.076848 1.300548
 1209.000000 1.135858 1.222488
 1210.000000 1.180723 1.232411
 1211.000000 1.202056 1.228850
 1212.000000 1.283124 1.230864
 1213.000000 1.172291 1.161371
 1214.000000 1.213968 1.218563
 1215.000000 1.161195 1.195285
 1216.000000 1.135298 1.240377
 1217.000000 1.272888 1.206586
 1218.000000 1.298553 1.209685
 1219.000000 1.234281 1.180145
 1220.000000 1.262038 1.279798
 1221.000000 1.165791 1.206987
 1222.000000 1.226825 1.237223
 1223.000000 1.107018 1.335741
 1224.000000 1.261340 1.239798
 1225.000000 1.156304 1.235724
 1226.000000 1.182099 1.270668
 1227.000000 1.174965 1.240632
 1228.000000 1.179027 1.270391
 1229.000000 1.144053 1.334000
 1230.000000 1.160658 1.274630
 1231.000000 1.160241 1.227190
 1232.000000 1.147452 1.331341
 1233.000000 1.208298 1.255760
 1234.000000 1.234747 1.276125
 1235.000000 1.218965 1.179719
 1236.000000 1.161956 1.220249
 1237.000000 1.229137 1.279474
 1238.000000 1.219363 1.280058
 1239.000000 1.288680 1.314827
 1240.000000 1.172918 1.166917
 1241.000000 1.132797 1.252308
 1242.000000 1.132057 1.282901
 1243.000000 1.100806 1.269611
 1244.000000 1.263951 1.202124
 1245.000000 1.164302 1.271537
 1246.000000 1.204686 1.306431
 1247.000000 1.133766 1.309583
 1248.000000 1.169198 1.184321
 1249.000000 1.102358 1.289747
 1250.000000 1.139635 1.174070
 1251.000000 1.111594 1.219499
 1252.000000 1.190175 1.262828
 1253.000000 1.222744 1.175763
 1254.000000 1.096767 1.167095
 1255.000000 1.183683 1.186303
 1256.000000 1.038730 1.195050
 1257.000000 1.172584 1.232852
 1258.000000 1.184754 1.266789
 1259.000000 1.214793 1.277054
 1260.000000 1.168678 1.271962
 1261.000000 1.214054 1.203633
 1262.000000 1.178822 1.260761
 1263.000000 1.076682 1.229523
 1264.000000 1.189135 1.239771
 1265.000000 1.118788 1.279303
 1266.000000 1.152262 1.233260
 1267.000000 1.183296 1.200441
 1268.000000 1.203201 1.268822
 1269.000000 1.182422 1.267216
 1270.000000 1.175782 1.279090
 1271.000000 1.113287 1.291017
 1272.000000 1.204382 1.361087
 1273.000000 1.099556 1.278360
 1274.000000 1.184023 1.247681
 1275.000000 1.208351 1.308999
 1276.000000 1.150999 1.353098
 1277.000000 1.156192 1.223550
 1278.000000 1.146662 1.218559
 1279.000000 1.179527 1.252053
 1280.000000 1.133424 1.288494
 1281.000000 1.198532 1.261922
 1282.000000 1.229965 1.289267
 1283.000000 1.187387 1.223447
 1284.000000 1.215841 1.245331
 1285.000000 1.195621 1.208431
 1286.000000 1.213253 1.206430
 1287.000000 1.195541 1.201348
 1288.000000 1.228645 1.372305
 1289.000000 1.207233 1.203890
 1290.000000 1.179619 1.257096
 1291.000000 1.105926 1.286671
 1292.000000 1.099970 1.323780
 1293.000000 1.142799 1.203805
 1294.000000 1.146668 1.258085
 1295.000000 1.105818 1.288355
 1296.000000 1.215381 1.261789
 1297.000000 1.145980 1.301566
 1298.000000 1.285011 1.198189
 1299.000000 1.215333 1.280183
 1300.000000 1.159249 1.263306
 1301.000000 1.113557 1.172475
 1302.000000 1.130676 1.310455
 1303.000000 1.050909 1.263964
 1304.000000 1.087050 1.203676
 1305.000000 1.164103 1.257200
 1306.000000 1.170889 1.274436
 1307.000000 1.254075 1.295001
 1308.000000 1.203515 1.307770
 1309.000000 1.116984 1.268696
 1310.000000 1.220826 1.284348
 1311.000000 1.142796 1.272952
 1312.000000 1.213402 1.238444
 1313.000000 1.229074 1.253623
 1314.000000 1.265933 1.264853
 1315.000000 1.248834 1.341692
 1316.000000 1.205403 1.295293
 1317.000000 1.216579 1.272078
 1318.000000 1.294201 1.265066
 1319.000000 1.213070 1.226309
 1320.000000 1.174646 1.268296
 1321.000000 1.259434 1.199505
 1322.000000 1.153904 1.149410
 1323.000000 1.146801 1.173285
 1324.000000 1.198907 1.361314
 1325.000000 1.155114 1.145650
 1326.000000 1.291904 1.210433
 1327.000000 1.158102 1.253562
 1328.000000 1.162841 1.382671
 1329.000000 1.222713 1.226951
 1330.000000 1.107721 1.272409
 1331.000000 1.180163 1.240328
 1332.000000 1.174037 1.269012
 1333.000000 1.222517 1.359810
 1334.000000 1.260162 1.271917
 1335.000000 1.160740 1.228905
 1336.000000 1.224512 1.243669
 1337.000000 1.233212 1.219669
 1338.000000 1.172217 1.281187
 1339.000000 1.154266 1.341461
 1340.000000 1.165143 1.286841
 1341.000000 1.301877 1.291445
 1342.000000 1.206608 1.275667
 1343.000000 1.143599 1.247376
 1344.000000 1.236905 1.212271
 1345.000000 1.189548 1.315474
 1346.000000 1.257743 1.271932
 1347.000000 1.217510 1.299609
 1348.000000 1.173642 1.294201
 1349.000000 1.195749 1.250529
 1350.000000 1.150703 1.231687
 1351.000000 1.240592 1.329081
 1352.000000 1.220087 1.321254
 1353.000000 1.158309 1.292176
 1354.000000 1.184755 1.244993
 1355.000000 1.192712 1.395618
 1356.000000 1.147076 1.242967
 1357.000000 1.146187 1.228265
 1358.000000 1.158818 1.307780
 1359.000000 1.177696 1.291808
 1360.000000 1.206595 1.206363
 1361.000000 1.213264 1.200596
 1362.000000 1.107968 1.180071
 1363.000000 1.073642 1.239717
 1364.000000 1.141017 1.147330
 1365.000000 1.175319 1.194745
 1366.000000 1.223149 1.174524
 1367.000000 1.193053 1.242304
 1368.000000 1.139321 1.207125
 1369.000000 1.206048 1.248330
 1370.000000 1.113014 1.226593
 1371.000000 1.265307 1.179612
 1372.000000 1.191895 1.291449
 1373.000000 1.260005 1.299860
 1374.000000 1.208895 1.275764
 1375.000000 1.258934 1.264486
 1376.000000 1.194229 1.331510
 1377.000000 1.274318 1.236221
 1378.000000 1.180200 1.255213
 1379.000000 1.240203 1.206058
 1380.000000 1.101120 1.260124
 1381.000000 1.213212 1.174388
 1382.000000 1.175229 1.161170
 1383.000000 1.012569 1.326654
 1384.000000 1.122940 1.280124
 1385.000000 1.249228 1.188565
 1386.000000 1.163217 1.223349
 1387.000000 1.163937 1.246586
 1388.000000 1.262432 1.208343
 1389.000000 1.267210 1.208187
 1390.000000 1.165205 1.300498
 1391.000000 1.196837 1.211628
 1392.000000 1.282905 1.307171
 1393.000000 1.141710 1.268556
 1394.000000 1.180659 1.223632
 1395.000000 1.114759 1.278299
 1396.000000 1.210662 1.207880
 1397.000000 1.125143 1.230577
 1398.000000 1.148731 1.153713
 1399.000000 1.219402 1.195434
 1400.000000 1.136432 1.235393
 1401.000000 1.148199 1.264103
 1402.000000 1.191849 1.262988
 1403.000000 1.184652 1.204494
 1404.000000 1.171944 1.155521
 1405.000000 1.123376 1.294581
 1406.000000 1.140283 1.239559
 1407.000000 1.277415 1.256854
 1408.000000 1.120001 1.254080
 1409.000000 1.176714 1.258881
 1410.000000 1.159395 1.323217
 1411.000000 1.177215 1.184414
 1412.000000 1.211251 1.318175
 1413.000000 1.222880 1.182677
 1414.000000 1.197616 1.214310
 1415.000000 1.289748 1.290421
 1416.000000 1.248793 1.184639
 1417.000000 1.115742 1.179461
 1418.000000 1.187414 1.242103
 1419.000000 1.201005 1.260166
 1420.000000 1.169740 1.243447
 1421.000000 1.211112 1.234755
 1422.000000 1.144071 1.187513
 1423.000000 1.140289 1.231770
 1424.000000 1.189300 1.260541
 1425.000000 1.136344 1.291154
 1426.000000 1.243129 1.171844
 1427.000000 1.225805 1.285705
 1428.000000 1.103090 1.278045
 1429.000000 1.173991 1.211833
 1430.000000 1.093033 1.287545
 1431.000000 1.073818 1.196473
 1432.000000 1.012004 1.196658
 1433.000000 1.215070 1.263437
 1434.000000 1.206446 1.274829
 1435.000000 1.222368 1.286151
 1436.000000 1.280041 1.201949
 1437.000000 1.120390 1.202680
 1438.000000 1.176834 1.254289
 1439.000000 1.165560 1.321963
 1440.000000 1.253696 1.239472
 1441.000000 1.145984 1.274877
 1442.000000 1.102004 1.218385
 1443.000000 1.156552 1.349035
 1444.000000 1.244767 1.384152
 1445.000000 1.270334 1.252757
 1446.000000 1.093037 1.148342
 1447.000000 1.123926 1.264623
 1448.000000 1.245391 1.234973
 1449.000000 1.291860 1.316861
 1450.000000 1.237267 1.271688
 1451.000000 1.264640 1.328712
 1452.000000 1.117996 1.204050
 1453.000000 1.118252 1.316855
 1454.000000 1.164252 1.277086
 1455.000000 1.189526 1.296695
 1456.000000 1.190382 1.286184
 1457.000000 1.203896 1.286897
 1458.000000 1.152668 1.308614
 1459.000000 1.068667 1.330351
 1460.000000 1.194085 1.239742
 1461.000000 1.233909 1.267224
 1462.000000 1.232134 1.296922
 1463.000000 1.219177 1.191392
 1464.000000 1.240434 1.231258
 1465.000000 1.233669 1.248252
 1466.000000 1.160107 1.220963
 1467.000000 1.249606 1.370695
 1468.000000 1.151328 1.225497
 1469.000000 1.184593 1.207551
 1470.000000 1.176447 1.280828
 1471.000000 1.185051 1.255369
 1472.000000 1.210274 1.353799
 1473.000000 1.219035 1.257765
 1474.000000 1.119623 1.255684
 1475.000000 1.196614 1.359123
 1476.000000 1.178225 1.234765
 1477.000000 1.154979 1.265221
 1478.000000 1.176554 1.225978
 1479.000000 1.211682 1.283418
 1480.000000 1.174805 1.313440
 1481.000000 1.154916 1.198780
 1482.000000 1.170902 1.200083
 1483.000000 1.129731 1.247358
 1484.000000 1.126730 1.242981
 1485.000000 1.217304 1.310297
 1486.000000 1.151585 1.250880
 1487.000000 1.224822 1.241340
 1488.000000 1.074861 1.157409
 1489.000000 1.124595 1.219666
 1490.000000 1.153947 1.233232
 1491.000000 1.030147 1.186486
 1492.000000 1.209260 1.168022
 1493.000000 1.249724 1.221953
 1494.000000 1.216248 1.267710
 1495.000000 1.099161 1.335292
 1496.000000 1.116154 1.167199
 1497.000000 1.097444 1.253196
 1498.000000 1.132682 1.364482
 1499.000000 1.170323 1.213866
 1500.000000 1.224821 1.318178
 1501.000000 1.109397 1.245229
 1502.000000 1.115855 1.254446
 1503.000000 1.059448 1.335050
 1504.000000 1.191840 1.195153
 1505.000000 1.098705 1.224662
 1506.000000 1.197478 1.288281
 1507.000000 1.114001 1.257511
 1508.000000 1.175421 1.225413
 1509.000000 1.120007 1.273337
 1510.000000 1.173234 1.310463
 1511.000000 1.145525 1.303627
 1512.000000 1.177067 1.313938
 1513.000000 1.149919 1.317286
 1514.000000 1.312512 1.259879
 1515.000000 1.195784 1.327533
 1516.000000 1.149804 1.237636
 1517.000000 1.212101 1.264594
 1518.000000 1.096978 1.285450
 1519.000000 1.267017 1.280553
 1520.000000 1.192918 1.272114
 1521.000000 1.096068 1.197705
 1522.000000 1.150596 1.271999
 1523.000000 1.074617 1.258927
 1524.000000 1.174390 1.330714
 1525.000000 1.124124 1.177943
 1526.000000 1.142874 1.260427
 1527.000000 1.122402 1.267400
 1528.000000 1.147876 1.303980
 1529.000000 1.166386 1.290233
 1530.000000 1.106661 1.181881
 1531.000000 1.152343 1.241624
 1532.000000 1.213060 1.288481
 1533.000000 1.270600 1.212581
 1534.000000 1.178170 1.261413
 1535.000000 1.140503 1.233535
 1536.000000 1.139647 1.291504
 1537.000000 1.259120 1.215752
 1538.000000 1.195507 1.255251
 1539.000000 1.132667 1.263541
 1540.000000 1.240596 1.258021
 1541.000000 1.148210 1.281814
 1542.000000 1.098396 1.355415
 1543.000000 1.147792 1.230488
 1544.000000 1.247080 1.309047
 1545.000000 1.264535 1.101931
 1546.000000 1.215031 1.209623
 1547.000000 1.294725 1.229372
 1548.000000 1.166801 1.318349
 1549.000000 1.225883 1.279815
 1550.000000 1.246258 1.212851
 1551.000000 1.089191 1.244873
 1552.000000 1.130084 1.276673
 1553.000000 1.077758 1.240154
 1554.000000 1.082716 1.216790
 1555.000000 1.254257 1.206591
 1556.000000 1.113600 1.198792
 1557.000000 1.204415 1.195178
 1558.000000 1.091146 1.291940
 1559.000000 1.245364 1.239654
 1560.000000 1.190575 1.246888
 1561.000000 1.259394 1.252403
 1562.000000 1.153125 1.261761
 1563.000000 1.203731 1.317886
 1564.000000 1.193268 1.190724
 1565.000000 1.215881 1.124965
 1566.000000 1.214734 1.264386
 1567.000000 1.207392 1.292025
 1568.000000 1.133860 1.198862
 1569.000000 1.167498 1.304792
 1570.000000 1.078218 1.123997
 1571.000000 1.190070 1.227187
 1572.000000 1.160787 1.307665
 1573.000000 1.169501 1.218849
 1574.000000 1.134959 1.265442
 1575.000000 1.179551 1.204454
 1576.000000 1.108252 1.269585
 1577.000000 1.261739 1.281170
 1578.000000 1.186720 1.285572
 1579.000000 1.217049 1.160770
 1580.000000 0.969624 1.202936
 1581.000000 1.169752 1.249102
 1582.000000 1.183215 1.140595
 1583.000000 1.190609 1.281088
 1584.000000 1.143911 1.120343
 1585.000000 1.117083 1.251543
 1586.000000 1.201703 1.227924
 1587.000000 1.152653 1.173323
 1588.000000 1.095291 1.202726
 1589.000000 1.151573 1.228461
 1590.000000 1.163789 1.160483
 1591.000000 1.036592 1.271059
 1592.000000 1.227852 1.202446
 1593.000000 1.178134 1.262998
 1594.000000 1.164323 1.234419
 1595.000000 1.120355 1.174361
 1596.000000 1.164903 1.143540
 1597.000000 1.168030 1.165313
 1598.000000 1.141792 1.140003
 1599.000000 1.183718 1.249662
 1600.000000 1.196433 1.259979
 1601.000000 1.151988 1.270281
 1602.000000 1.151734 1.267842
 1603.000000 1.236475 1.217710
 1604.000000 1.230560 1.221315
 1605.000000 1.162682 1.256214
 1606.000000 1.102147 1.185347
 1607.000000 1.034871 1.279394
 1608.000000 1.164452 1.289060
 1609.000000 1.171243 1.234246
 1610.000000 1.187671 1.150838
 1611.000000 1.183061 1.235441
 1612.000000 1.167528 1.243422
 1613.000000 1.241978 1.175125
 1614.000000 1.191246 1.259635
 1615.000000 1.204645 1.265619
 1616.000000 1.147568 1.302537
 1617.000000 1.212405 1.216518
 1618.000000 1.226499 1.197204
 1619.000000 1.290735 1.244113
 1620.000000 1.227231 1.287397
 1621.000000 1.057517 1.193692
 1622.000000 1.148534 1.158174
 1623.000000 1.164506 1.262335
 1624.000000 1.172168 1.186297
 1625.000000 1.146266 1.353783
 1626.000000 1.194057 1.159227
 1627.000000 1.092727 1.215135
 1628.000000 1.175216 1.136262
 1629.000000 1.063895 1.254245
 1630.000000 1.139074 1.107991
 1631.000000 1.092634 1.248164
 1632.000000 1.153990 1.189891
 1633.000000 1.159373 1.167914
 1634.000000 1.121337 1.143533
 1635.000000 1.095041 1.224319
 1636.000000 1.157878 1.287807
 1637.000000 1.120924 1.228601
 1638.000000 1.016929 1.234369
 1639.000000 1.115542 1.229874
 1640.000000 1.103913 1.220549
 1641.000000 1.169515 1.178261
 1642.000000 1.179366 1.225016
 1643.000000 1.097126 1.175939
 1644.000000 1.187736 1.292438
 1645.000000 1.108201 1.285691
 1646.000000 1.155282 1.152927
 1647.000000 1.123961 1.192762
 1648.000000 1.109784 1.214246
 1649.000000 1.080256 1.105059
 1650.000000 1.116073 1.132513
 1651.000000 1.084490 1.203677
 1652.000000 1.183270 1.239733
 1653.000000 1.088859 1.252265
 1654.000000 1.164536 1.163610
 1655.000000 1.072923 1.211359
 1656.000000 1.089475 1.203268
 1657.000000 1.173949 1.218588
 1658.000000 1.117627 1.216727
 1659.000000 1.138084 1.235419
 1660.000000 1.209661 1.212038
 1661.000000 1.142961 1.213597
 1662.000000 1.204842 1.296802
 1663.000000 1.172849 1.260336
 1664.000000 1.154191 1.252922
 1665.000000 1.163265 1.217693
 1666.000000 1.130823 1.263699
 1667.000000 1.129780 1.223166
 1668.000000 1.149769 1.225733
 1669.000000 1.063800 1.239901
 1670.000000 1.141106 1.253007
 1671.000000 1.153315 1.221932
 1672.000000 1.182701 1.157184
 1673.000000 1.073215 1.222983
 1674.000000 1.240723 1.269701
 1675.000000 1.179644 1.098169
 1676.000000 1.128559 1.214907
 1677.000000 1.110479 1.285091
 1678.000000 1.079986 1.210680
 1679.000000 1.232931 1.112496
 1680.000000 1.233177 1.173888
 1681.000000 1.045520 1.256134
 1682.000000 1.036341 1.214491
 1683.000000 1.084289 1.193109
 1684.000000 1.063104 1.199092
 1685.000000 1.187543 1.171128
 1686.000000 1.211735 1.157103
 1687.000000 1.244430 1.210274
 1688.000000 1.170189 1.168793
 1689.000000 1.074470 1.188084
 1690.000000 1.176514 1.123106
 1691.000000 1.127361 1.193592
 1692.000000 1.127873 1.180059
 1693.000000 1.104737 1.258937
 1694.000000 1.114414 1.169193
 1695.000000 1.146600 1.147876
 1696.000000 1.091730 1.135879
 1697.000000 1.118258 1.184555
 1698.000000 1.202467 1.257528
 1699.000000 1.099861 1.206220
 1700.000000 1.106695 1.261334
 1701.000000 1.226253 1.223509
 1702.000000 1.286261 1.128964
 1703.000000 1.183599 1.213748
 1704.000000 1.123441 1.126525
 1705.000000 1.219205 1.166045
 1706.000000 1.139275 1.249008
 1707.000000 1.113290 1.240279
 1708.000000 1.237670 1.233905
 1709.000000 1.155914 1.269482
 1710.000000 0.980125 1.137405
 1711.000000 1.015537 1.214335
 1712.000000 1.118936 1.268692
 1713.000000 1.156310 1.289050
 1714.000000 1.241261 1.313711
 1715.000000 1.235155 1.257370
 1716.000000 1.213445 1.173062
 1717.000000 1.239822 1.263760
 1718.000000 1.237652 1.341953
 1719.000000 1.217621 1.289710
 1720.000000 1.155358 1.296814
 1721.000000 1.280465 1.277494
 1722.000000 1.226615 1.295836
 1723.000000 1.119216 1.254622
 1724.000000 1.149157 1.194439
 1725.000000 1.205527 1.225209
 1726.000000 1.162865 1.170529
 1727.000000 1.124231 1.220256
 1728.000000 1.108625 1.338515
 1729.000000 1.181256 1.170127
 1730.000000 1.251900 1.252637
 1731.000000 1.167772 1.350919
 1732.000000 1.202146 1.267596
 1733.000000 1.129985 1.208906
 1734.000000 1.240464 1.218605
 1735.000000 1.143262 1.231356
 1736.000000 1.148910 1.224267
 1737.000000 1.226697 1.269275
 1738.000000 1.157576 1.283973
 1739.000000 1.163488 1.272556
 1740.000000 1.214621 1.310568
 1741.000000 1.342325 1.287472
 1742.000000 1.198160 1.281976
 1743.000000 1.157590 1.182091
 1744.000000 1.176421 1.278917
 1745.000000 1.096188 1.187495
 1746.000000 1.175051 1.209236
 1747.000000 1.157688 1.262518
 1748.000000 1.033562 1.294260
 1749.000000 1.178690 1.276899
 1750.000000 1.132670 1.264098
 1751.000000 1.140500 1.274796
 1752.000000 1.090017 1.294658
 1753.000000 1.194302 1.232524
 1754.000000 1.260723 1.182566
 1755.000000 1.279424 1.313956
 1756.000000 1.237664 1.174793
 1757.000000 1.134849 1.251653
 1758.000000 1.147288 1.154778
 1759.000000 1.055988 1.245362
 1760.000000 1.229369 1.289301
 1761.000000 1.188657 1.213808
 1762.000000 1.225766 1.146073
 1763.000000 1.178506 1.200286
 1764.000000 1.236027 1.187999
 1765.000000 1.164620 1.202260
 1766.000000 1.167347 1.098446
 1767.000000 1.114446 1.209643
 1768.000000 1.206550 1.192815
 1769.000000 1.052636 1.224149
 1770.000000 1.176880 1.299767
 1771.000000 1.110229 1.232334
 1772.000000 1.127887 1.314571
 1773.000000 1.145837 1.312054
 1774.000000 1.173158 1.264140
 1775.000000 1.147001 1.266541
 1776.000000 1.184863 1.258082
 1777.000000 1.200318 1.245788
 1778.000000 1.172118 1.206180
 1779.000000 1.150976 1.249998
 1780.000000 1.215604 1.292931
 1781.000000 1.159558 1.305583
 1782.000000 1.218237 1.228212
 1783.000000 1.136651 1.282681
 1784.000000 1.110600 1.256466
 1785.000000 1.164570 1.317512
 1786.000000 1.068326 1.319938
 1787.000000 1.081115 1.240401
 1788.000000 1.084441 1.237809
 1789.000000 1.210092 1.228663
 1790.000000 1.271883 1.268125
 1791.000000 1.262271 1.228169
 1792.000000 1.153175 1.334875
 1793.000000 1.072214 1.243600
 1794.000000 1.069733 1.256438
 1795.000000 1.172889 1.243920
 1796.000000 1.222379 1.296635
 1797.000000 1.199636 1.206717
 1798.000000 1.071197 1.236782
 1799.000000 1.084559 1.190110
 1800.000000 1.154478 1.300318
 1801.000000 1.108767 1.235003
 1802.000000 1.161154 1.269411
 1803.000000 1.192148 1.176243
 1804.000000 1.101340 1.233977
 1805.000000 1.126413 1.237837
 1806.000000 1.197634 1.198510
 1807.000000 1.198744 1.215535
 1808.000000 1.189898 1.248402
 1809.000000 1.163786 1.213854
 1810.000000 1.225166 1.301195
 1811.000000 1.182948 1.290249
 1812.000000 1.133858 1.277471
 1813.000000 1.310467 1.217156
 1814.000000 1.158024 1.243633
 1815.000000 1.132298 1.191288
 1816.000000 1.181826 1.337106
 1817.000000 1.121247 1.270637
 1818.000000 1.056232 1.271615
 1819.000000 1.089825 1.234432
 1820.000000 1.168452 1.230819
 1821.000000 1.097193 1.265894
 1822.000000 1.108207 1.284704
 1823.000000 1.171452 1.271039
 1824.000000 1.124640 1.201018
 1825.000000 1.106479 1.241719
 1826.000000 1.198271 1.280490
 1827.000000 1.148231 1.298821
 1828.000000 1.170984 1.258326
 1829.000000 1.178081 1.215399
 1830.000000 1.133011 1.268975
 1831.000000 1.109544 1.282473
 1832.000000 1.063866 1.236243
 1833.000000 1.093193 1.182714
 1834.000000 1.190162 1.277261
 1835.000000 1.115770 1.279385
 1836.000000 1.196561 1.241362
 1837.000000 1.062939 1.226901
 1838.000000 1.168771 1.257580
 1839.000000 1.200352 1.268661
 1840.000000 1.183960 1.214308
 1841.000000 1.142294 1.214922
 1842.000000 1.197387 1.166732
 1843.000000 1.153629 1.311130
 1844.000000 1.107240 1.301405
 1845.000000 1.112153 1.346956
 1846.000000 1.037550 1.234106
 1847.000000 1.113628 1.297041
 1848.000000 1.118691 1.244829
 1849.000000 1.238770 1.131241
 1850.000000 1.132531 1.267668
 1851.000000 1.201075 1.235746
 1852.000000 1.145476 1.224281
 1853.000000 1.153973 1.210381
 1854.000000 1.105729 1.298717
 1855.000000 1.142324 1.318301
 1856.000000 1.214186 1.232089
 1857.000000 1.161966 1.200222
 1858.000000 1.236679 1.274707
 1859.000000 1.120816 1.242691
 1860.000000 1.236864 1.195962
 1861.000000 1.197697 1.197158
 1862.000000 1.268886 1.198038
 1863.000000 1.108356 1.288723
 1864.000000 1.202418 1.335847
 1865.000000 1.197989 1.179475
 1866.000000 1.250002 1.215807
 1867.000000 1.096464 1.254258
 1868.000000 1.078065 1.381135
 1869.000000 1.136880 1.218714
 1870.000000 1.154838 1.267293
 1871.000000 1.174224 1.202070
 1872.000000 1.110755 1.304660
 1873.000000 1.237945 1.285855
 1874.000000 1.193018 1.250972
 1875.000000 1.235476 1.281817
 1876.000000 1.119012 1.234999
 1877.000000 1.149153 1.130734
 1878.000000 1.191969 1.166051
 1879.000000 1.137864 1.169008
 1880.000000 1.131174 1.191176
 1881.000000 1.177638 1.218786
 1882.000000 1.169748 1.289990
 1883.000000 1.210312 1.284434
 1884.000000 1.382806 1.171950
 1885.000000 1.286647 1.114169
 1886.000000 1.143734 1.231819
 1887.000000 1.245591 1.191309
 1888.000000 1.272966 1.244874
 1889.000000 1.238580 1.274796
 1890.000000 1.247577 1.213635
 1891.000000 1.275090 1.258912
 1892.000000 1.201283 1.239951
 1893.000000 1.200713 1.317729
 1894.000000 1.202284 1.166281
 1895.000000 1.093274 1.188739
 1896.000000 1.081229 1.160992
 1897.000000 1.124019 1.169810
 1898.000000 1.143463 1.253753
 1899.000000 1.162356 1.314264
 1900.000000 1.180872 1.329316
 1901.000000 1.179781 1.196814
 1902.000000 1.106289 1.351423
 1903.000000 1.189558 1.315641
 1904.000000 1.175402 1.327957
 1905.000000 1.209775 1.311510
 1906.000000 1.183228 1.262748
 1907.000000 1.156734 1.188626
 1908.000000 1.153682 1.231942
 1909.000000 1.111182 1.283781
 1910.000000 1.076016 1.218326
 1911.000000 1.126887 1.254087
 1912.000000 1.155986 1.274964
 1913.000000 1.117465 1.270519
 1914.000000 1.151154 1.250560
 1915.000000 1.164890 1.255165
 1916.000000 1.231715 1.315442
 1917.000000 1.168924 1.218633
 1918.000000 1.175437 1.218950
 1919.000000 1.125734 1.236065
 1920.000000 1.124133 1.226166
 1921.000000 1.185930 1.263860
 1922.000000 1.199177 1.255710
 1923.000000 1.158701 1.299003
 1924.000000 1.182148 1.154374
 1925.000000 1.175585 1.207385
 1926.000000 1.298600 1.164290
 1927.000000 1.088187 1.253204
 1928.000000 1.098907 1.296820
 1929.000000 1.183848 1.244769
 1930.000000 1.153489 1.200122
 1931.000000 1.150009 1.201474
 1932.000000 1.131549 1.289951
 1933.000000 1.143933 1.286908
 1934.000000 1.249285 1.230969
 1935.000000 1.225525 1.287030
 1936.000000 1.173724 1.288325
 1937.000000 1.241281 1.288331
 1938.000000 1.186745 1.253551
 1939.000000 1.081977 1.283056
 1940.000000 1.045264 1.329820
 1941.000000 1.137030 1.331658
 1942.000000 1.066939 1.324419
 1943.000000 1.056423 1.256224
 1944.000000 1.190627 1.211012
 1945.000000 1.176897 1.297935
 1946.000000 1.166258 1.200199
 1947.000000 1.275919 1.332918
 1948.000000 1.217963 1.291579
 1949.000000 1.204026 1.309897
 1950.000000 1.151673 1.236250
 1951.000000 1.192419 1.252053
 1952.000000 1.188667 1.331110
 1953.000000 1.208825 1.265724
 1954.000000 1.131760 1.330552
 1955.000000 1.254874 1.318325
 1956.000000 1.199999 1.209464
 1957.000000 1.267678 1.272678
 1958.000000 1.208896 1.261995
 1959.000000 1.111651 1.279942
 1960.000000 1.098966 1.249061
 1961.000000 1.179921 1.283703
 1962.000000 1.087170 1.260560
 1963.000000 1.254139 1.173163
 1964.000000 1.172768 1.192922
 1965.000000 1.227983 1.232055
 1966.000000 1.112430 1.320887
 1967.000000 1.165614 1.253037
 1968.000000 0.983536 1.199673
 1969.000000 1.257793 1.245026
 1970.000000 1.151746 1.216661
 1971.000000 1.275726 1.282331
 1972.000000 1.170679 1.300055
 1973.000000 1.186721 1.215742
 1974.000000 1.063980 1.203025
 1975.000000 1.143284 1.261155
 1976.000000 1.214958 1.255435
 1977.000000 1.062558 1.303937
 1978.000000 1.212738 1.174041
 1979.000000 1.249765 1.217973
 1980.000000 1.168238 1.264715
 1981.000000 1.243779 1.353728
 1982.000000 1.077329 1.254383
 1983.000000 1.137721 1.236743
 1984.000000 1.136734 1.293601
 1985.000000 1.185466 1.282138
 1986.000000 1.186889 1.284285
 1987.000000 1.224928 1.251146
 1988.000000 1.152363 1.364392
 1989.000000 1.254884 1.298137
 1990.000000 1.089316 1.339504
 1991.000000 1.214771 1.322320
 1992.000000 1.274456 1.280191
 1993.000000 1.244664 1.251345
 1994.000000 1.128793 1.293665
 1995.000000 1.204389 1.377402
 1996.000000 1.193701 1.314132
 1997.000000 1.222238 1.263387
 1998.000000 1.172405 1.302350
 1999.000000 1.057213 1.258011
 2000.000000 1.337173 1.189404
 2001.000000 1.083680 1.236245
 2002.000000 1.202556 1.260001
 2003.000000 1.131661 1.282591
 2004.000000 1.177881 1.243953
 2005.000000 1.249641 1.282991
 2006.000000 1.169242 1.173530
 2007.000000 1.181793 1.280952
 2008.000000 1.195101 1.264617
 2009.000000 1.239347 1.183248
 2010.000000 1.275087 1.347560
 2011.000000 1.089303 1.239313
 2012.000000 1.162153 1.268182
 2013.000000 1.142234 1.307992
 2014.000000 1.263349 1.297215
 2015.000000 1.235812 1.243341
 2016.000000 1.207695 1.226486
 2017.000000 1.241950 1.222317
 2018.000000 1.171278 1.298785
 2019.000000 1.208007 1.329381
 2020.000000 1.152712 1.254183
 2021.000000 1.164411 1.220434
 2022.000000 1.138430 1.282672
 2023.000000 1.179960 1.322632
 2024.000000 1.204151 1.271922
 2025.000000 1.122388 1.212846
 2026.000000 1.246827 1.274364
 2027.000000 1.215371 1.301047
 2028.000000 1.276531 1.206696
 2029.000000 1.198691 1.233970
 2030.000000 1.231734 1.234690
 2031.000000 1.242529 1.290375
 2032.000000 1.115667 1.245248
 2033.000000 1.167748 1.313662
 2034.000000 1.194158 1.306313
 2035.000000 1.159821 1.290379
 2036.000000 1.198815 1.232610
 2037.000000 1.203155 1.344132
 2038.000000 1.230214 1.268958
 2039.000000 1.215067 1.254971
 2040.000000 1.200790 1.263390
 2041.000000 1.153041 1.281450
 2042.000000 1.250306 1.314885
 2043.000000 1.164374 1.283185
 2044.000000 1.260780 1.280277
 2045.000000 1.148781 1.328704
 2046.000000 1.076319 1.302907
 2047.000000 1.186983 1.265647
 2048.000000 1.229427 1.321156
 2049.000000 1.278483 1.259685
 2050.000000 1.115710 1.305025
 2051.000000 1.218347 1.262018
 2052.000000 1.197192 1.260537
 2053.000000 1.222583 1.300379
 2054.000000 1.168392 1.301552
 2055.000000 1.117599 1.290768
 2056.000000 1.175056 1.325756
 2057.000000 1.200518 1.235483
 2058.000000 1.147607 1.220084
 2059.000000 1.271683 1.229778
 2060.000000 1.220956 1.327511
 2061.000000 1.190452 1.209641
 2062.000000 1.114013 1.271048
 2063.000000 1.117701 1.267584
 2064.000000 1.172097 1.303442
 2065.000000 1.136540 1.361715
 2066.000000 1.178027 1.307329
 2067.000000 1.180662 1.238236
 2068.000000 1.171114 1.250397
 2069.000000 1.172230 1.225702
 2070.000000 1.236667 1.266016
 2071.000000 1.207870 1.275273
 2072.000000 1.262957 1.223258
 2073.000000 1.151831 1.307201
 2074.000000 1.269587 1.240431
 2075.000000 1.297782 1.257209
 2076.000000 1.295839 1.304750
 2077.000000 1.186020 1.274683
 2078.000000 1.188159 1.243192
 2079.000000 1.231365 1.275993
 2080.000000 1.177238 1.328478
 2081.000000 1.133054 1.230757
 2082.000000 1.113568 1.254714
 2083.000000 1.180034 1.250711
 2084.000000 1.188810 1.265122
 2085.000000 1.210224 1.225400
 2086.000000 1.155107 1.083112
 2087.000000 1.200670 1.284872
 2088.000000 1.261143 1.241955
 2089.000000 1.076200 1.246080
 2090.000000 1.216702 1.219977
 2091.000000 1.150060 1.275445
 2092.000000 1.224792 1.263676
 2093.000000 1.255729 1.210115
 2094.000000 1.300070 1.144237
 2095.000000 1.179169 1.236836
 2096.000000 1.186040 1.201991
 2097.000000 1.125515 1.134055
 2098.000000 1.098982 1.263422
 2099.000000 1.174307 1.157196
 2100.000000 1.176705 1.254125
 2101.000000 1.171619 1.244985
 2102.000000 1.246753 1.225305
 2103.000000 1.182037 1.186862
 2104.000000 1.222455 1.178458
 2105.000000 1.255789 1.171841
 2106.000000 1.205206 1.199491
 2107.000000 1.193017 1.224883
 2108.000000 1.189224 1.246075
 2109.000000 1.331888 1.246476
 2110.000000 1.189359 1.225115
 2111.000000 1.239645 1.260947
 2112.000000 1.194074 1.197869
 2113.000000 1.139380 1.234210
 2114.000000 1.219333 1.178830
 2115.000000 1.218468 1.243047
 2116.000000 1.106150 1.333955
 2117.000000 1.179254 1.288869
 2118.000000 1.103619 1.308255
 2119.000000 1.232850 1.268848
 2120.000000 1.182664 1.261649
 2121.000000 1.137185 1.298670
 2122.000000 1.241127 1.256695
 2123.000000 1.293630 1.231981
 2124.000000 1.223684 1.277340
 2125.000000 1.245773 1.268994
 2126.000000 1.250383 1.297755
 2127.000000 1.278278 1.174972
 2128.000000 1.249856 1.237173
 2129.000000 1.137284 1.286792
 2130.000000 1.208625 1.250970
 2131.000000 1.266197 1.346973
 2132.000000 1.222962 1.230814
 2133.000000 1.172878 1.283580
 2134.000000 1.157053 1.142880
 2135.000000 1.103354 1.235533
 2136.000000 1.091095 1.154050
 2137.000000 1.196097 1.136204
 2138.000000 1.200993 1.227762
 2139.000000 1.215271 1.176028
 2140.000000 1.225378 1.192593
 2141.000000 1.156529 1.193556
 2142.000000 1.111137 1.219195
 2143.000000 1.265685 1.264483
 2144.000000 1.125290 1.182677
 2145.000000 1.242461 1.249555
 2146.000000 1.247655 1.296933
 2147.000000 1.144077 1.185257
 2148.000000 1.137690 1.234403
 2149.000000 1.202132 1.251265
 2150.000000 1.175496 1.197399
 2151.000000 1.133479 1.222643
 2152.000000 1.200553 1.232772
 2153.000000 1.145582 1.178004
 2154.000000 1.260380 1.154466
 2155.000000 1.151892 1.228443
 2156.000000 1.113841 1.271969
 2157.000000 1.212650 1.268011
 2158.000000 1.272211 1.276957
 2159.000000 1.192760 1.201773
 2160.000000 1.202640 1.267016
 2161.000000 1.200159 1.256712
 2162.000000 1.239305 1.304098
 2163.000000 1.120471 1.350067
 2164.000000 1.212922 1.295192
 2165.000000 1.255845 1.256211
 2166.000000 1.093875 1.240840
 2167.000000 1.127097 1.162933
 2168.000000 1.108411 1.245246
 2169.000000 1.106618 1.224155
 2170.000000 1.153694 1.231815
 2171.000000 1.168425 1.231781
 2172.000000 1.135347 1.328978
 2173.000000 1.148121 1.226501
 2174.000000 1.111279 1.315920
 2175.000000 1.137651 1.266063
 2176.000000 1.226467 1.329458
 2177.000000 1.155085 1.235698
 2178.000000 1.073076 1.273624
 2179.000000 1.207561 1.321508
 2180.000000 1.173986 1.275029
 2181.000000 1.178496 1.290308
 2182.000000 1.176442 1.266688
 2183.000000 1.217264 1.148826
 2184.000000 1.286862 1.234432
 2185.000000 1.154125 1.257816
 2186.000000 1.171694 1.257723
 2187.000000 1.220534 1.225381
 2188.000000 1.208917 1.295630
 2189.000000 1.134264 1.230160
 2190.000000 1.085308 1.287834
 2191.000000 1.150725 1.342651
 2192.000000 1.151480 1.341199
 2193.000000 1.108882 1.204922
 2194.000000 1.118121 1.235523
 2195.000000 1.109218 1.309997
 2196.000000 1.278233 1.270013
 2197.000000 1.169913 1.233965
 2198.000000 1.079728 1.276589
 2199.000000 1.161039 1.230865
 2200.000000 1.086736 1.230019
 2201.000000 1.022968 1.205084
 2202.000000 1.152324 1.227326
 2203.000000 1.123383 1.180967
 2204.000000 1.131559 1.236044
 2205.000000 1.101503 1.195219
 2206.000000 1.008972 1.268272
 2207.000000 1.173505 1.146447
 2208.000000 1.138909 1.239734
 2209.000000 1.138723 1.140111
 2210.000000 1.075632 1.216004
 2211.000000 1.061067 1.409048
 2212.000000 1.128192 1.300896
 2213.000000 1.088103 1.279430
 2214.000000 1.100340 1.303405
 2215.000000 1.082225 1.340860
 2216.000000 1.128765 1.267679
 2217.000000 1.238589 1.229699
 2218.000000 1.026341 1.280686
 2219.000000 1.128536 1.227181
 2220.000000 1.104062 1.296287
 2221.000000 1.056789 1.285832
 2222.000000 1.068797 1.221247
 2223.000000 1.257285 1.172707
 2224.000000 1.136082 1.331825
 2225.000000 1.132442 1.334223
 2226.000000 1.066795 1.305521
 2227.000000 1.105456 1.085733
 2228.000000 1.119027 1.225308
 2229.000000 1.127926 1.220313
 2230.000000 1.094167 1.199429
 2231.000000 1.149942 1.140536
 2232.000000 1.223092 1.243644
 2233.000000 1.071260 1.293066
 2234.000000 1.077529 1.259055
 2235.000000 1.039424 1.299074
 2236.000000 1.120393 1.260808
 2237.000000 1.160890 1.276113
 2238.000000 1.152805 1.237695
 2239.000000 1.141439 1.287174
 2240.000000 1.241529 1.293602
 2241.000000 1.256959 1.261532
 2242.000000 1.191758 1.192096
 2243.000000 1.135555 1.207055
 2244.000000 1.118944 1.251874
 2245.000000 1.106513 1.281508
 2246.000000 1.111347 1.246718
 2247.000000 1.092923 1.230214
 2248.000000 1.093098 1.199638
 2249.000000 1.095810 1.195846
 2250.000000 1.157877 1.204926
 2251.000000 1.063655 1.236932
 2252.000000 1.241130 1.271077
 2253.000000 1.174707 1.169088
 2254.000000 1.108181 1.196451
 2255.000000 1.260252 1.301708
 2256.000000 1.226568 1.369350
 2257.000000 1.138104 1.261509
 2258.000000 1.102222 1.310973
 2259.000000 1.163477 1.298823
 2260.000000 1.119595 1.334523
 2261.000000 1.186154 1.262809
 2262.000000 1.216741 1.326480
 2263.000000 1.108767 1.270076
 2264.000000 1.171357 1.286770
 2265.000000 1.104507 1.275967
 2266.000000 1.182421 1.288619
 2267.000000 1.243087 1.364908
 2268.000000 1.110038 1.280766
 2269.000000 1.167266 1.207728
 2270.000000 1.181257 1.328687
 2271.000000 1.088455 1.296458
 2272.000000 1.248038 1.339730
 2273.000000 1.036057 1.322906
 2274.000000 1.114674 1.255494
 2275.000000 1.171975 1.239644
 2276.000000 1.102823 1.333911
 2277.000000 1.253409 1.235556
 2278.000000 1.219927 1.270068
 2279.000000 1.162761 1.296721
 2280.000000 1.153196 1.304266
 2281.000000 1.184787 1.307096
 2282.000000 1.191141 1.365100
 2283.000000 1.211777 1.309236
 2284.000000 1.247948 1.280023
 2285.000000 1.308539 1.270270
 2286.000000 1.091543 1.206145
 2287.000000 1.131975 1.231311
 2288.000000 1.172263 1.221134
 2289.000000 1.251216 1.256937
 2290.000000 1.172331 1.277201
 2291.000000 1.148816 1.305187
 2292.000000 1.024839 1.264409
 2293.000000 1.166202 1.282540
 2294.000000 1.170550 1.182888
 2295.000000 1.105524 1.175981
 2296.000000 1.063829 1.240887
 2297.000000 1.158717 1.268931
 2298.000000 1.082387 1.184754
 2299.000000 1.123484 1.242039
 2300.000000 1.148315 1.214216
 2301.000000 1.138935 1.329179
 2302.000000 1.138242 1.234723
 2303.000000 1.143947 1.258636
 2304.000000 1.084371 1.260632
 2305.000000 1.183620 1.280985
 2306.000000 1.199344 1.294980
 2307.000000 1.088157 1.337121
 2308.000000 1.064560 1.241392
 2309.000000 1.106883 1.222807
 2310.000000 1.072237 1.164150
 2311.000000 1.038806 1.196253
 2312.000000 1.095125 1.171997
 2313.000000 1.122993 1.342385
 2314.000000 1.290619 1.262555
 2315.000000 1.311348 1.294063
 2316.000000 1.165441 1.255314
 2317.000000 1.200203 1.239394
 2318.000000 1.192786 1.226164
 2319.000000 1.134151 1.274443
 2320.000000 1.101309 1.222339
 2321.000000 1.103474 1.297743
 2322.000000 1.159620 1.075665
 2323.000000 1.073387 1.225891
 2324.000000 1.249906 1.212518
 2325.000000 1.275937 1.206611
 2326.000000 1.208347 1.193652
 2327.000000 1.144279 1.201780
 2328.000000 1.292081 1.157055
 2329.000000 1.276617 1.191964
 2330.000000 1.069269 1.196330
 2331.000000 1.143493 1.215379
 2332.000000 1.186710 1.241591
 2333.000000 1.065579 1.200058
 2334.000000 1.104612 1.177153
 2335.000000 1.228186 1.251900
 2336.000000 1.147092 1.276737
 2337.000000 1.156836 1.294680
 2338.000000 1.077383 1.294683
 2339.000000 1.190521 1.218916
 2340.000000 1.010443 1.231571
 2341.000000 1.100227 1.319841
 2342.000000 1.147653 1.344573
 2343.000000 1.187695 1.255114
 2344.000000 1.083169 1.278224
 2345.000000 1.133004 1.266513
 2346.000000 1.192513 1.198125
 2347.000000 1.198055 1.295622
 2348.000000 1.222287 1.260983
 2349.000000 1.122409 1.255247
 2350.000000 1.153249 1.312378
 2351.000000 1.063855 1.274242
 2352.000000 1.081194 1.336252
 2353.000000 1.121110 1.211781
 2354.000000 1.066652 1.319324
 2355.000000 1.109510 1.197835
 2356.000000 1.185705 1.286638
 2357.000000 1.117112 1.164686
 2358.000000 1.081246 1.165671
 2359.000000 1.175484 1.201225
 2360.000000 1.002945 1.188752
 2361.000000 1.091839 1.275685
 2362.000000 1.063471 1.271361
 2363.000000 1.159221 1.311002
 2364.000000 1.069303 1.284175
 2365.000000 1.182765 1.296726
 2366.000000 1.184117 1.246660
 2367.000000 1.110729 1.284989
 2368.000000 1.106089 1.177196
 2369.000000 1.151883 1.221065
 2370.000000 1.258047 1.221807
 2371.000000 1.060484 1.153064
 2372.000000 1.012804 1.369906
 2373.000000 1.256419 1.154729
 2374.000000 1.141601 1.301833
 2375.000000 1.193754 1.349641
 2376.000000 1.168731 1.298023
 2377.000000 1.187506 1.207704
 2378.000000 1.182172 1.237070
 2379.000000 1.204998 1.332190
 2380.000000 1.088061 1.243164
 2381.000000 1.149604 1.331047
 2382.000000 1.211971 1.296233
 2383.000000 1.039579 1.314019
 2384.000000 1.047764 1.362835
 2385.000000 1.010228 1.291755
 2386.000000 1.122158 1.285831
 2387.000000 1.045709 1.295372
 2388.000000 1.086149 1.210998
 2389.000000 1.160369 1.156461
 2390.000000 1.129257 1.215254
 2391.000000 1.174589 1.207187
 2392.000000 1.094855 1.123944
 2393.000000 1.164236 1.267154
 2394.000000 1.107179 1.277934
 2395.000000 1.034003 1.220899
 2396.000000 1.121709 1.285766
 2397.000000 1.058365 1.227038
 2398.000000 1.124076 1.244655
 2399.000000 1.146464 1.287615
 2400.000000 1.050252 1.239288
 2401.000000 1.063996 1.280403
 2402.000000 1.174854 1.274171
 2403.000000 1.166633 1.289870
 2404.000000 1.115777 1.244075
 2405.000000 1.197236 1.184238
 2406.000000 1.223183 1.248772
 2407.000000 1.142239 1.190484
 2408.000000 1.112856 1.180529
 2409.000000 1.153728 1.250611
 2410.000000 1.295741 1.292658
 2411.000000 1.083772 1.203630
 2412.000000 1.288353 1.302691
 2413.000000 0.977249 1.290471
 2414.000000 1.075920 1.122713
 2415.000000 1.030741 1.197462
 2416.000000 1.020730 1.226129
 2417.000000 1.082298 1.218063
 2418.000000 1.135605 1.218374
 2419.000000 1.022811 1.207748
 2420.000000 1.144792 1.202832
 2421.000000 1.055397 1.206110
 2422.000000 1.066449 1.173105
 2423.000000 1.015509 1.203283
 2424.000000 1.081649 1.302189
 2425.000000 1.145399 1.308845
 2426.000000 1.141565 1.249017
 2427.000000 1.138773 1.311436
 2428.000000 1.154322 1.220991
 2429.000000 1.118882 1.166942
 2430.000000 1.155300 1.310416
 2431.000000 1.230654 1.355934
 2432.000000 1.190512 1.218155
 2433.000000 1.179007 1.325934
 2434.000000 1.123055 1.335829
 2435.000000 1.236046 1.237389
 2436.000000 1.176482 1.287756
 2437.000000 1.119012 1.204454
 2438.000000 1.170037 1.323334
 2439.000000 1.176247 1.281013
 2440.000000 1.152567 1.254643
 2441.000000 1.239304 1.273868
 2442.000000 1.248999 1.349850
 2443.000000 1.183904 1.350485
 2444.000000 1.162974 1.293592
 2445.000000 1.162228 1.279006
 2446.000000 1.195050 1.354174
 2447.000000 1.119411 1.198005
 2448.000000 1.130319 1.294248
 2449.000000 1.132095 1.354741
 2450.000000 1.091515 1.343375
 2451.000000 1.140915 1.367430
 2452.000000 1.046880 1.354586
 2453.000000 1.200908 1.217852
 2454.000000 1.048425 1.253677
 2455.000000 1.022931 1.278614
 2456.000000 1.144434 1.206717
 2457.000000 1.129905 1.254143
 2458.000000 1.132852 1.298551
 2459.000000 1.088418 1.292232
 2460.000000 1.122453 1.259831
 2461.000000 1.136831 1.259497
 2462.000000 1.191166 1.281383
 2463.000000 1.101455 1.282204
 2464.000000 1.155719 1.173717
 2465.000000 1.230289 1.325785
 2466.000000 1.053396 1.277917
 2467.000000 1.064636 1.280937
 2468.000000 1.136764 1.205689
 2469.000000 1.121820 1.227762
 2470.000000 1.097709 1.186466
 2471.000000 1.232385 1.249866
 2472.000000 1.167663 1.287455
 2473.000000 1.153016 1.341081
 2474.000000 1.003183 1.240293
 2475.000000 1.161392 1.251695
 2476.000000 1.208192 1.195609
 2477.000000 1.267576 1.311316
 2478.000000 1.180086 1.310594
 2479.000000 1.168899 1.191266
 2480.000000 1.050294 1.208078
 2481.000000 1.113805 1.214491
 2482.000000 1.176074 1.310533
 2483.000000 1.119327 1.301474
 2484.000000 1.184641 1.273166
 2485.000000 1.067376 1.274781
 2486.000000 1.142211 1.247311
 2487.000000 1.101581 1.214946
 2488.000000 1.174319 1.170076
 2489.000000 0.975326 1.218590
 2490.000000 1.049489 1.308988
 2491.000000 1.136218 1.261003
 2492.000000 1.167512 1.308637
 2493.000000 1.084529 1.245994
 2494.000000 1.019993 1.279539
 2495.000000 1.255270 1.271432
 2496.000000 1.204472 1.271870
 2497.000000 1.138002 1.246943
 2498.000000 1.048698 1.227785
 2499.000000 1.188543 1.345662
 2500.000000 1.111665 1.351228
