#! FIELDS time pd_137_140 diff
 0.000000 2.193017 -1.452934
 1.000000 2.094101 -1.267913
 2.000000 2.153209 -1.241705
 3.000000 2.182868 -1.097356
 4.000000 2.108073 -1.147847
 5.000000 2.075099 -1.064629
 6.000000 2.093265 -1.039117
 7.000000 2.042991 -1.101991
 8.000000 2.034182 -1.151150
 9.000000 2.063369 -1.101661
 10.000000 2.098328 -1.114576
 11.000000 2.094552 -1.072067
 12.000000 2.087338 -1.050459
 13.000000 2.117900 -1.103526
 14.000000 2.189913 -1.107037
 15.000000 1.973210 -1.105086
 16.000000 2.207698 -1.163308
 17.000000 2.126126 -1.102915
 18.000000 2.104731 -1.100187
 19.000000 2.119157 -1.093045
 20.000000 1.968827 -1.028673
 21.000000 2.026643 -1.057378
 22.000000 2.046736 -1.030217
 23.000000 2.027491 -1.078213
 24.000000 2.052200 -1.181159
 25.000000 2.056406 -1.035119
 26.000000 1.942148 -1.093430
 27.000000 2.091766 -1.082364
 28.000000 2.036679 -1.106199
 29.000000 2.184003 -1.110023
 30.000000 2.070724 -1.173688
 31.000000 2.074164 -1.153550
 32.000000 2.121662 -1.087834
 33.000000 2.070205 -1.087816
 34.000000 2.105503 -1.079083
 35.000000 2.137526 -1.073182
 36.000000 2.182566 -1.060082
 37.000000 2.173750 -1.080290
 38.000000 2.172060 -1.119917
 39.000000 2.009636 -1.099235
 40.000000 2.061411 -1.107233
 41.000000 2.127259 -1.133297
 42.000000 2.100034 -1.136150
 43.000000 2.085699 -1.117355
 44.000000 2.106011 -1.068827
 45.000000 2.056212 -1.042783
 46.000000 2.187111 -1.132547
 47.000000 2.144593 -1.046647
 48.000000 1.965669 -1.033864
 49.000000 2.053384 -1.057733
 50.000000 2.023327 -1.017535
 51.000000 2.013518 -0.967578
 52.000000 2.065702 -1.065193
 53.000000 2.036426 -1.084449
 54.000000 2.023085 -1.044218
 55.000000 1.991461 -1.059194
 56.000000 2.107844 -1.137103
 57.000000 1.994931 -1.075918
 58.000000 2.064601 -1.040021
 59.000000 1.946584 -1.130712
 60.000000 1.897939 -1.022539
 61.000000 2.103024 -1.081163
 62.000000 2.028532 -1.049516
 63.000000 1.948741 -1.036379
 64.000000 2.030061 -1.069254
 65.000000 1.987618 -1.099688
 66.000000 2.025917 -1.047147
 67.000000 1.990050 -1.052077
 68.000000 2.042784 -1.016465
 69.000000 2.104264 -1.021228
 70.000000 1.959422 -1.063069
 71.000000 2.033443 -1.036468
 72.000000 2.024679 -0.968665
 73.000000 1.969885 -1.039425
 74.000000 2.080223 -1.130616
 75.000000 1.965534 -1.106076
 76.000000 1.963616 -1.102076
 77.000000 1.967185 -1.112573
 78.000000 1.939187 -1.095531
 79.000000 2.041050 -1.032076
 80.000000 1.986091 -1.016393
 81.000000 1.893769 -1.065802
 82.000000 2.128805 -1.058342
 83.000000 2.011777 -1.042116
 84.000000 2.028980 -1.103496
 85.000000 2.104665 -1.055411
 86.000000 2.062821 -1.088690
 87.000000 2.088489 -1.043066
 88.000000 2.054398 -1.160548
 89.000000 2.017413 -0.975105
 90.000000 2.024536 -0.971144
 91.000000 1.975083 -0.988043
 92.000000 2.050095 -1.037443
 93.000000 1.933953 -1.063937
 94.000000 2.075586 -1.022101
 95.000000 2.136190 -1.015875
 96.000000 1.984717 -1.023921
 97.000000 2.015820 -1.043309
 98.000000 2.014176 -1.061847
 99.000000 2.050612 -1.180853
 100.000000 2.092403 -1.105658
 101.000000 2.017190 -1.062088
 102.000000 2.033498 -1.035932
 103.000000 1.947164 -1.173390
 104.000000 1.896765 -1.124702
 105.000000 2.068609 -1.057824
 106.000000 1.893411 -1.073837
 107.000000 2.124946 -1.138828
 108.000000 2.049506 -1.081638
 109.000000 1.965796 -1.105465
 110.000000 2.052363 -1.075799
 111.000000 1.981939 -1.094355
 112.000000 2.070696 -1.010648
 113.000000 1.962982 -1.023472
 114.000000 2.110286 -1.086723
 115.000000 2.154822 -1.018431
 116.000000 1.886397 -1.018247
 117.000000 1.961959 -0.999943
 118.000000 1.994347 -1.017095
 119.000000 2.009792 -0.944267
 120.000000 1.920599 -0.948451
 121.000000 2.146670 -0.960730
 122.000000 2.079957 -0.911232
 123.000000 2.000075 -1.011063
 124.000000 2.191619 -1.039490
 125.000000 2.107488 -1.036935
 126.000000 2.091163 -1.127228
 127.000000 2.055423 -1.097550
 128.000000 2.028637 -1.016712
 129.000000 1.965413 -1.134590
 130.000000 2.121609 -1.087030
 131.000000 2.004590 -1.015909
 132.000000 2.044542 -1.043042
 133.000000 2.139531 -1.100167
 134.000000 2.138132 -1.095147
 135.000000 2.139272 -1.194822
 136.000000 2.114559 -1.133059
 137.000000 2.055580 -1.019246
 138.000000 2.123193 -1.088755
 139.000000 1.993226 -1.073752
 140.000000 2.067783 -1.063153
 141.000000 2.050494 -1.017359
 142.000000 2.132244 -1.010692
 143.000000 2.069075 -1.055630
 144.000000 2.057077 -1.043490
 145.000000 2.058995 -1.039427
 146.000000 1.962069 -0.978767
 147.000000 2.003070 -0.921227
 148.000000 2.200287 -0.947177
 149.000000 2.099258 -0.956302
 150.000000 2.066927 -0.973469
 151.000000 2.029497 -1.057616
 152.000000 2.067850 -0.978160
 153.000000 2.074522 -0.987878
 154.000000 2.070888 -0.926367
 155.000000 2.034845 -1.037157
 156.000000 2.006999 -1.006134
 157.000000 2.034382 -0.984286
 158.000000 1.994070 -1.103669
 159.000000 1.996169 -1.023058
 160.000000 1.975340 -1.043158
 161.000000 2.012218 -1.122638
 162.000000 1.976272 -1.118117
 163.000000 2.089064 -1.073947
 164.000000 1.991427 -1.004666
 165.000000 1.961383 -1.082774
 166.000000 1.947704 -1.043798
 167.000000 1.878619 -1.081997
 168.000000 2.000788 -1.121682
 169.000000 2.037766 -1.070332
 170.000000 2.018237 -0.998058
 171.000000 1.927968 -1.045885
 172.000000 2.037142 -0.970620
 173.000000 2.037993 -1.070432
 174.000000 1.875431 -1.032063
 175.000000 2.048118 -1.006313
 176.000000 2.115937 -1.053906
 177.000000 2.065074 -1.166302
 178.000000 1.957130 -1.023041
 179.000000 1.956072 -1.047054
 180.000000 2.194344 -1.048907
 181.000000 2.080744 -0.933552
 182.000000 1.973367 -1.003263
 183.000000 2.105070 -0.956247
 184.000000 2.086144 -1.019849
 185.000000 2.032558 -0.942246
 186.000000 2.091176 -1.024859
 187.000000 2.120737 -1.014430
 188.000000 2.052898 -0.993278
 189.000000 2.097130 -0.999288
 190.000000 2.117591 -1.097707
 191.000000 2.092956 -1.107873
 192.000000 2.070111 -1.146689
 193.000000 2.015205 -1.137258
 194.000000 2.070951 -1.139034
 195.000000 2.084404 -1.151028
 196.000000 1.974301 -1.168498
 197.000000 2.025362 -1.063406
 198.000000 1.992330 -1.145124
 199.000000 2.118674 -1.124926
 200.000000 2.054139 -1.111548
 201.000000 2.043282 -1.100496
 202.000000 2.127693 -1.137430
 203.000000 2.037766 -1.152475
 204.000000 2.043228 -1.090129
 205.000000 2.029172 -1.176696
 206.000000 2.011545 -1.100462
 207.000000 2.051907 -1.053210
 208.000000 2.022218 -1.108054
 209.000000 2.089647 -1.102355
 210.000000 2.037324 -1.127705
 211.000000 2.104035 -1.055160
 212.000000 2.066577 -0.977377
 213.000000 2.116348 -1.062612
 214.000000 2.020861 -0.966970
 215.000000 1.987702 -0.954463
 216.000000 2.134395 -1.022885
 217.000000 2.068462 -1.018934
 218.000000 2.006932 -1.039405
 219.000000 2.044987 -1.114193
 220.000000 2.017280 -1.032793
 221.000000 2.064065 -1.100996
 222.000000 1.946125 -1.072373
 223.000000 2.065986 -1.055207
 224.000000 2.098575 -1.098938
 225.000000 2.054189 -1.057868
 226.000000 2.020446 -1.035214
 227.000000 2.092840 -1.115617
 228.000000 1.977217 -1.071483
 229.000000 2.112973 -1.129831
 230.000000 2.054449 -1.042208
 231.000000 2.087810 -1.091505
 232.000000 1.988751 -1.148341
 233.000000 2.048487 -1.056643
 234.000000 2.015863 -1.028290
 235.000000 2.224490 -0.965108
 236.000000 2.087159 -0.987122
 237.000000 2.054197 -0.932096
 238.000000 2.090967 -0.939794
 239.000000 1.908605 -0.945004
 240.000000 2.086711 -1.051474
 241.000000 2.063502 -1.011575
 242.000000 2.018557 -0.995753
 243.000000 1.985069 -1.043960
 244.000000 2.097023 -0.946791
 245.000000 2.006024 -1.044206
 246.000000 1.998891 -1.062619
 247.000000 1.965822 -1.068280
 248.000000 1.995146 -1.104973
 249.000000 2.063156 -1.124892
 250.000000 1.929782 -1.143038
 251.000000 2.143959 -1.117648
 252.000000 2.077844 -1.095843
 253.000000 2.084868 -1.102119
 254.000000 2.138745 -1.131659
 255.000000 2.001713 -1.165834
 256.000000 2.073320 -1.108841
 257.000000 2.068503 -1.068200
 258.000000 2.081392 -1.062537
 259.000000 1.996868 -1.039768
 260.000000 2.073823 -0.981631
 261.000000 2.108379 -1.077419
 262.000000 2.118461 -1.060366
 263.000000 2.012164 -1.065332
 264.000000 2.021837 -1.022334
 265.000000 2.012519 -1.052039
 266.000000 2.017373 -1.067681
 267.000000 1.986039 -0.994357
 268.000000 2.021065 -0.976046
 269.000000 2.152002 -0.999314
 270.000000 2.140676 -1.090807
 271.000000 2.098868 -1.100684
 272.000000 2.053336 -1.092925
 273.000000 2.146189 -1.149094
 274.000000 2.084439 -1.166706
 275.000000 2.010402 -1.080012
 276.000000 2.028451 -1.121700
 277.000000 2.065078 -1.143272
 278.000000 2.004782 -1.037703
 279.000000 1.993145 -1.013107
 280.000000 1.996097 -1.006615
 281.000000 1.998807 -1.010396
 282.000000 2.021012 -1.001118
 283.000000 1.951897 -1.022368
 284.000000 2.051493 -1.080062
 285.000000 1.962934 -1.053689
 286.000000 2.090436 -1.026583
 287.000000 2.092005 -1.085158
 288.000000 2.058430 -1.029135
 289.000000 2.023021 -1.089586
 290.000000 2.085802 -1.104896
 291.000000 2.083323 -1.062056
 292.000000 1.997240 -1.033705
 293.000000 2.016210 -1.073044
 294.000000 2.102867 -1.030831
 295.000000 2.005357 -0.999682
 296.000000 1.937358 -1.058073
 297.000000 2.053709 -1.170236
 298.000000 2.053362 -1.165364
 299.000000 2.085720 -1.069397
 300.000000 2.014323 -1.068116
 301.000000 2.041598 -1.122065
 302.000000 2.125855 -1.159099
 303.000000 2.040555 -1.077968
 304.000000 2.066778 -1.114653
 305.000000 2.092762 -1.065195
 306.000000 2.018905 -1.100076
 307.000000 2.011737 -1.125684
 308.000000 2.160273 -1.150405
 309.000000 1.895787 -1.062430
 310.000000 1.949456 -1.095892
 311.000000 2.032805 -1.061759
 312.000000 2.182883 -1.078748
 313.000000 2.028796 -1.067365
 314.000000 2.072150 -1.059887
 315.000000 2.030718 -1.096592
 316.000000 1.993467 -1.126796
 317.000000 2.117459 -1.139613
 318.000000 2.095981 -1.111843
 319.000000 2.099649 -1.114830
 320.000000 2.087848 -1.092671
 321.000000 2.110460 -1.080211
 322.000000 2.059062 -1.087296
 323.000000 2.044105 -1.069469
 324.000000 2.074665 -1.111446
 325.000000 2.089709 -1.099405
 326.000000 2.055772 -1.080619
 327.000000 2.029708 -1.010697
 328.000000 2.085581 -1.072957
 329.000000 1.933083 -1.069077
 330.000000 2.072664 -1.117613
 331.000000 2.046576 -1.147356
 332.000000 2.064837 -1.156544
 333.000000 2.054571 -1.061134
 334.000000 1.985157 -1.056836
 335.000000 2.159653 -1.107563
 336.000000 1.999621 -1.045938
 337.000000 2.100714 -1.030572
 338.000000 2.042773 -1.091077
 339.000000 2.187947 -1.014163
 340.000000 2.071805 -1.084263
 341.000000 2.083973 -1.061274
 342.000000 1.975206 -1.036754
 343.000000 2.009768 -1.072843
 344.000000 2.062780 -1.049563
 345.000000 2.070543 -1.059892
 346.000000 2.072738 -1.082275
 347.000000 2.027746 -1.005818
 348.000000 2.067054 -1.091790
 349.000000 2.096665 -1.092569
 350.000000 2.114854 -1.078891
 351.000000 2.048560 -1.125069
 352.000000 2.035030 -1.049448
 353.000000 2.133905 -1.070958
 354.000000 1.929954 -1.080501
 355.000000 2.027532 -1.101120
 356.000000 2.027201 -1.093194
 357.000000 2.059543 -1.086440
 358.000000 2.000575 -1.072842
 359.000000 2.057664 -1.003199
 360.000000 2.074856 -1.089200
 361.000000 1.948942 -1.123064
 362.000000 1.989241 -1.138664
 363.000000 1.948097 -1.177476
 364.000000 2.049903 -1.067853
 365.000000 2.092496 -1.101884
 366.000000 2.100568 -1.168637
 367.000000 1.951014 -1.030372
 368.000000 2.005666 -1.088501
 369.000000 1.993141 -1.119536
 370.000000 2.069864 -1.098274
 371.000000 1.991257 -1.097696
 372.000000 2.057824 -1.083193
 373.000000 2.114232 -1.088832
 374.000000 2.139139 -1.099087
 375.000000 2.024176 -1.147294
 376.000000 2.043100 -1.184051
 377.000000 2.065118 -1.098046
 378.000000 1.915625 -1.089474
 379.000000 2.007041 -1.051055
 380.000000 2.006613 -1.039848
 381.000000 2.050159 -1.057916
 382.000000 2.013260 -1.121588
 383.000000 2.000992 -1.040270
 384.000000 1.996752 -1.093701
 385.000000 2.046486 -1.073967
 386.000000 2.044790 -1.039370
 387.000000 2.068051 -1.044880
 388.000000 2.076169 -1.057772
 389.000000 1.947118 -1.066496
 390.000000 2.063014 -1.035489
 391.000000 1.927549 -1.055917
 392.000000 2.052164 -1.018619
 393.000000 2.033026 -1.084041
 394.000000 2.049412 -1.036882
 395.000000 2.062203 -1.030071
 396.000000 2.119121 -1.056692
 397.000000 2.169658 -1.058980
 398.000000 2.067293 -1.109461
 399.000000 2.055424 -1.098879
 400.000000 2.071607 -1.078377
 401.000000 2.125008 -1.020770
 402.000000 2.090087 -1.099800
 403.000000 2.019186 -1.049517
 404.000000 2.094008 -1.093271
 405.000000 2.078013 -1.102039
 406.000000 2.036179 -1.122328
 407.000000 2.004594 -1.046699
 408.000000 2.040722 -1.042456
 409.000000 1.948378 -1.060508
 410.000000 2.053923 -1.135330
 411.000000 1.968160 -1.114526
 412.000000 2.035148 -1.084144
 413.000000 2.060222 -1.089851
 414.000000 2.029352 -1.096360
 415.000000 1.958932 -1.146380
 416.000000 2.022760 -1.070949
 417.000000 2.065910 -1.127403
 418.000000 2.006727 -1.181202
 419.000000 2.106465 -1.156875
 420.000000 2.031112 -1.176296
 421.000000 2.104342 -1.173418
 422.000000 2.011500 -1.165054
 423.000000 1.991145 -1.044067
 424.000000 2.035256 -1.033075
 425.000000 1.999382 -1.113089
 426.000000 2.018577 -1.090891
 427.000000 2.095370 -1.047208
 428.000000 2.044633 -1.074886
 429.000000 1.956492 -1.031825
 430.000000 1.968784 -1.061082
 431.000000 2.029587 -1.103231
 432.000000 2.040543 -1.113745
 433.000000 1.988713 -1.160750
 434.000000 1.970218 -1.040491
 435.000000 1.979422 -1.114653
 436.000000 2.034599 -1.057458
 437.000000 1.973961 -1.055652
 438.000000 2.013083 -1.058174
 439.000000 2.025216 -0.983559
 440.000000 2.118826 -0.998233
 441.000000 1.948940 -1.068215
 442.000000 1.963654 -1.026563
 443.000000 2.047495 -1.060791
 444.000000 2.030205 -1.112207
 445.000000 2.041651 -1.133928
 446.000000 2.065729 -1.030822
 447.000000 2.036928 -1.051415
 448.000000 2.070353 -1.101063
 449.000000 2.072786 -1.058913
 450.000000 2.066983 -1.077611
 451.000000 2.075274 -1.058471
 452.000000 2.130461 -1.038253
 453.000000 2.006833 -1.099027
 454.000000 2.072135 -1.007454
 455.000000 1.994175 -1.038978
 456.000000 1.984392 -1.017018
 457.000000 2.057477 -1.007093
 458.000000 1.945048 -1.068554
 459.000000 2.071589 -1.082587
 460.000000 1.997320 -1.022597
 461.000000 2.030924 -0.964184
 462.000000 2.127769 -1.011890
 463.000000 1.999427 -1.015333
 464.000000 1.941937 -0.984884
 465.000000 1.941158 -1.077115
 466.000000 2.102014 -1.038974
 467.000000 2.158305 -1.067423
 468.000000 2.072418 -1.037862
 469.000000 2.077708 -1.070773
 470.000000 1.984570 -1.057684
 471.000000 1.899024 -1.037629
 472.000000 1.945458 -1.093620
 473.000000 2.029176 -1.013903
 474.000000 1.918405 -1.032851
 475.000000 1.935284 -0.957686
 476.000000 2.039721 -0.972759
 477.000000 2.078493 -0.949838
 478.000000 2.122418 -1.007281
 479.000000 2.039227 -0.995646
 480.000000 2.025017 -1.058046
 481.000000 2.004428 -0.973916
 482.000000 2.023103 -1.140101
 483.000000 2.101064 -1.007326
 484.000000 1.981860 -1.101840
 485.000000 1.938105 -1.106001
 486.000000 1.962608 -1.094475
 487.000000 2.056009 -1.066195
 488.000000 2.013552 -1.042228
 489.000000 1.995266 -1.126170
 490.000000 2.066998 -1.133895
 491.000000 2.009274 -1.094432
 492.000000 1.921522 -1.056272
 493.000000 1.975181 -1.104491
 494.000000 2.055431 -1.020894
 495.000000 2.004782 -1.082519
 496.000000 2.039014 -1.075062
 497.000000 2.009660 -1.028170
 498.000000 1.980990 -1.033936
 499.000000 1.951862 -1.091840
 500.000000 1.969998 -1.059254
 501.000000 2.136436 -1.107059
 502.000000 2.002827 -1.060148
 503.000000 2.027586 -1.071581
 504.000000 1.977488 -1.017433
 505.000000 2.055775 -1.077983
 506.000000 1.966085 -1.080241
 507.000000 2.015923 -1.079440
 508.000000 2.105090 -1.136199
 509.000000 2.043653 -1.079688
 510.000000 2.091924 -1.089603
 511.000000 2.106730 -1.086206
 512.000000 1.983247 -1.110672
 513.000000 2.029745 -1.107410
 514.000000 2.023211 -1.105584
 515.000000 2.011700 -1.030397
 516.000000 2.046337 -0.988349
 517.000000 2.004846 -1.033187
 518.000000 1.994048 -0.994630
 519.000000 2.125089 -1.103484
 520.000000 1.946571 -1.098917
 521.000000 2.047673 -1.092513
 522.000000 2.044975 -1.130501
 523.000000 1.965252 -1.129730
 524.000000 2.057331 -1.114915
 525.000000 1.958325 -1.021082
 526.000000 2.069177 -1.079114
 527.000000 2.097708 -1.070735
 528.000000 2.012824 -1.024873
 529.000000 2.093682 -1.055046
 530.000000 2.086755 -1.090901
 531.000000 2.037991 -1.053827
 532.000000 2.050521 -1.065555
 533.000000 2.009787 -1.055717
 534.000000 2.070387 -0.969292
 535.000000 1.979486 -0.984328
 536.000000 1.960068 -0.966427
 537.000000 1.992070 -0.926873
 538.000000 1.986200 -0.923455
 539.000000 1.994533 -1.057800
 540.000000 1.990871 -0.944202
 541.000000 2.046783 -0.958475
 542.000000 2.023803 -0.948175
 543.000000 2.042091 -0.972903
 544.000000 1.988354 -1.030339
 545.000000 1.987557 -1.058790
 546.000000 2.081025 -1.047810
 547.000000 2.037940 -1.052039
 548.000000 1.947263 -1.138199
 549.000000 1.971555 -1.103992
 550.000000 1.945558 -1.109307
 551.000000 1.974205 -1.094561
 552.000000 1.985441 -1.092552
 553.000000 1.958367 -1.139653
 554.000000 1.958246 -1.069994
 555.000000 2.050131 -1.176193
 556.000000 1.949871 -1.089801
 557.000000 1.945031 -1.117086
 558.000000 2.135547 -1.092591
 559.000000 1.950119 -1.036515
 560.000000 1.868108 -1.159685
 561.000000 2.042957 -1.179974
 562.000000 2.073449 -1.143157
 563.000000 1.958793 -1.108528
 564.000000 1.884458 -1.036631
 565.000000 2.058038 -1.094787
 566.000000 2.133702 -1.122219
 567.000000 2.122054 -1.161822
 568.000000 2.084429 -1.127949
 569.000000 2.139671 -1.119885
 570.000000 2.025856 -1.166262
 571.000000 2.122773 -1.086237
 572.000000 2.108339 -1.129561
 573.000000 1.968021 -1.026492
 574.000000 2.085293 -0.986715
 575.000000 2.036157 -1.038708
 576.000000 2.046550 -1.020377
 577.000000 2.038029 -1.008480
 578.000000 1.970011 -1.062857
 579.000000 2.113819 -0.983863
 580.000000 1.952646 -1.004833
 581.000000 2.097987 -1.041564
 582.000000 1.993110 -1.080713
 583.000000 2.006668 -0.983268
 584.000000 1.992481 -0.982634
 585.000000 1.889181 -0.998586
 586.000000 2.052117 -1.067428
 587.000000 2.093213 -1.029348
 588.000000 1.973379 -0.989211
 589.000000 1.912856 -1.078454
 590.000000 2.053468 -1.059690
 591.000000 1.967238 -1.061726
 592.000000 2.030165 -1.105245
 593.000000 2.002930 -1.042644
 594.000000 2.113018 -1.092473
 595.000000 1.962754 -1.139013
 596.000000 1.969360 -1.042893
 597.000000 1.980394 -1.047229
 598.000000 2.077003 -1.095820
 599.000000 1.920694 -1.068499
 600.000000 2.092746 -1.055726
 601.000000 2.026967 -1.051673
 602.000000 1.926010 -0.999530
 603.000000 2.105108 -1.088690
 604.000000 2.073213 -1.080676
 605.000000 2.067859 -1.073869
 606.000000 2.142289 -1.088209
 607.000000 2.052650 -1.120874
 608.000000 2.085666 -1.045502
 609.000000 2.090956 -0.976676
 610.000000 1.922769 -1.024241
 611.000000 2.096565 -1.051399
 612.000000 1.923305 -1.077744
 613.000000 2.028956 -1.111932
 614.000000 2.026008 -1.132992
 615.000000 2.024230 -1.036378
 616.000000 2.074032 -1.094006
 617.000000 1.962030 -1.025286
 618.000000 2.042595 -1.008170
 619.000000 2.031158 -1.073474
 620.000000 2.049810 -1.105113
 621.000000 2.004759 -1.122775
 622.000000 1.990983 -1.068852
 623.000000 1.996432 -1.103439
 624.000000 1.974903 -1.100488
 625.000000 2.047184 -1.146214
 626.000000 2.077958 -1.076758
 627.000000 2.014507 -1.177578
 628.000000 1.961333 -1.133035
 629.000000 2.062907 -1.085675
 630.000000 2.003678 -1.049368
 631.000000 1.938520 -1.063265
 632.000000 1.992689 -1.036042
 633.000000 2.068205 -1.050058
 634.000000 2.044893 -1.063145
 635.000000 2.036794 -1.075026
 636.000000 2.031356 -1.111936
 637.000000 1.929591 -1.074797
 638.000000 2.000760 -1.045553
 639.000000 2.043093 -1.004209
 640.000000 1.977091 -1.060381
 641.000000 1.999398 -1.118004
 642.000000 1.948922 -1.074413
 643.000000 2.015556 -1.118332
 644.000000 1.956130 -1.095207
 645.000000 2.054397 -1.078574
 646.000000 1.962471 -1.088701
 647.000000 1.967934 -1.108908
 648.000000 2.051324 -1.108670
 649.000000 2.032937 -1.136292
 650.000000 2.065762 -1.048558
 651.000000 2.053120 -1.160547
 652.000000 2.039739 -1.154027
 653.000000 2.020390 -1.060073
 654.000000 2.025139 -1.053317
 655.000000 2.042107 -1.078435
 656.000000 2.092667 -1.105980
 657.000000 2.029265 -0.993173
 658.000000 2.015521 -1.032540
 659.000000 1.968203 -0.985497
 660.000000 2.087108 -1.029152
 661.000000 2.004504 -1.155913
 662.000000 2.080811 -1.052050
 663.000000 2.099853 -1.034536
 664.000000 1.928076 -1.014280
 665.000000 2.017212 -1.020490
 666.000000 2.078870 -1.035133
 667.000000 2.085037 -1.035638
 668.000000 2.108709 -1.016420
 669.000000 2.047776 -1.059759
 670.000000 2.064711 -1.045229
 671.000000 2.040484 -1.013877
 672.000000 1.989577 -1.117943
 673.000000 1.977084 -1.032199
 674.000000 1.961852 -1.080066
 675.000000 1.978556 -1.068373
 676.000000 2.005409 -1.019647
 677.000000 1.981326 -0.990203
 678.000000 1.991766 -1.029078
 679.000000 1.929006 -1.016766
 680.000000 2.061852 -1.049998
 681.000000 2.000925 -0.978655
 682.000000 2.051143 -1.012237
 683.000000 1.985679 -1.027322
 684.000000 2.033485 -1.056908
 685.000000 2.052234 -1.022294
 686.000000 1.952490 -1.047834
 687.000000 2.068425 -1.069663
 688.000000 1.986254 -1.068468
 689.000000 2.019186 -1.066217
 690.000000 1.985376 -1.070802
 691.000000 1.976066 -1.003271
 692.000000 2.077907 -1.122051
 693.000000 1.977912 -1.074348
 694.000000 2.140979 -1.061498
 695.000000 2.036448 -1.030103
 696.000000 2.063871 -0.986564
 697.000000 2.084969 -1.044869
 698.000000 2.065622 -0.930526
 699.000000 1.917704 -0.970278
 700.000000 1.959368 -0.937333
 701.000000 2.037241 -1.018521
 702.000000 2.130030 -1.048395
 703.000000 1.936031 -1.012770
 704.000000 1.990988 -0.984310
 705.000000 2.041048 -0.928530
 706.000000 2.033444 -0.981430
 707.000000 2.185103 -0.989332
 708.000000 1.987872 -0.969375
 709.000000 2.019190 -0.926845
 710.000000 1.965840 -0.903261
 711.000000 2.025094 -0.961713
 712.000000 1.973354 -0.992004
 713.000000 1.982605 -0.947827
 714.000000 2.086814 -1.033669
 715.000000 2.007473 -0.938472
 716.000000 1.971748 -0.994202
 717.000000 1.978360 -0.966958
 718.000000 1.939740 -0.938232
 719.000000 1.983609 -1.034596
 720.000000 2.146424 -1.047181
 721.000000 1.998778 -1.031876
 722.000000 1.983066 -1.023693
 723.000000 1.990548 -0.976274
 724.000000 1.992377 -1.004461
 725.000000 2.024377 -0.943141
 726.000000 2.056330 -1.025067
 727.000000 2.036605 -1.013173
 728.000000 2.063503 -1.042904
 729.000000 2.092530 -1.006380
 730.000000 1.968643 -1.003513
 731.000000 1.943822 -1.020128
 732.000000 2.077247 -1.000360
 733.000000 2.105297 -1.020468
 734.000000 2.012273 -1.010692
 735.000000 1.986370 -1.025377
 736.000000 2.014534 -1.102150
 737.000000 1.961708 -1.055930
 738.000000 1.977926 -1.071672
 739.000000 2.172975 -1.010411
 740.000000 2.004678 -1.045735
 741.000000 2.017017 -1.091944
 742.000000 2.076974 -1.130560
 743.000000 2.107121 -1.093164
 744.000000 2.022282 -0.998605
 745.000000 2.026833 -1.011216
 746.000000 2.146366 -1.037084
 747.000000 2.065227 -1.037565
 748.000000 2.036922 -1.033925
 749.000000 2.116129 -0.968348
 750.000000 2.022836 -1.057260
 751.000000 1.987255 -1.044788
 752.000000 2.090067 -1.042616
 753.000000 1.986464 -1.059289
 754.000000 2.070155 -0.966396
 755.000000 2.125496 -1.009486
 756.000000 2.153774 -0.984327
 757.000000 2.063299 -1.012813
 758.000000 2.089230 -1.023101
 759.000000 2.020260 -0.978676
 760.000000 2.011111 -1.024345
 761.000000 2.019135 -1.123890
 762.000000 2.127431 -1.141824
 763.000000 1.983282 -1.030995
 764.000000 1.956521 -0.992841
 765.000000 2.054899 -1.115226
 766.000000 2.138197 -0.995288
 767.000000 2.059363 -1.093593
 768.000000 1.965897 -0.989162
 769.000000 1.979635 -0.956316
 770.000000 2.134558 -0.990367
 771.000000 2.060719 -1.067215
 772.000000 2.069439 -1.010945
 773.000000 2.067102 -0.922749
 774.000000 2.075806 -0.958156
 775.000000 2.061237 -1.032559
 776.000000 2.147286 -1.009109
 777.000000 1.970021 -0.965376
 778.000000 1.974801 -1.050212
 779.000000 2.052599 -1.074187
 780.000000 2.061603 -0.975080
 781.000000 2.060219 -0.936918
 782.000000 2.083350 -0.981589
 783.000000 1.994230 -1.000021
 784.000000 2.149575 -1.000743
 785.000000 2.105875 -0.926470
 786.000000 2.031957 -0.954623
 787.000000 2.097692 -0.997263
 788.000000 2.098957 -1.016777
 789.000000 2.133355 -1.003063
 790.000000 2.016667 -0.987819
 791.000000 2.059004 -0.969383
 792.000000 2.114764 -0.957613
 793.000000 1.952945 -0.967747
 794.000000 2.129233 -1.019673
 795.000000 2.070675 -0.990532
 796.000000 2.066649 -0.970603
 797.000000 2.014176 -0.973044
 798.000000 2.026365 -0.987960
 799.000000 2.034569 -1.091355
 800.000000 2.049249 -1.068778
 801.000000 1.962080 -1.001989
 802.000000 2.045190 -1.055937
 803.000000 2.059738 -1.063780
 804.000000 2.080272 -1.031070
 805.000000 2.029607 -1.088331
 806.000000 2.047852 -0.977074
 807.000000 2.048884 -1.026155
 808.000000 1.980418 -0.950231
 809.000000 1.994389 -0.941296
 810.000000 2.003027 -1.065896
 811.000000 2.000948 -0.918433
 812.000000 2.073609 -1.088286
 813.000000 2.128057 -1.087146
 814.000000 2.013068 -1.046756
 815.000000 2.008782 -1.120526
 816.000000 2.003618 -1.078194
 817.000000 2.093443 -1.031115
 818.000000 2.067423 -1.077929
 819.000000 2.045804 -1.085101
 820.000000 2.088641 -0.960481
 821.000000 2.086145 -1.032406
 822.000000 2.072139 -1.058950
 823.000000 2.052544 -1.034920
 824.000000 2.119854 -1.014806
 825.000000 2.083838 -1.038467
 826.000000 2.052382 -1.000957
 827.000000 2.100303 -1.068727
 828.000000 2.050915 -0.985693
 829.000000 1.984396 -0.999441
 830.000000 1.967999 -1.010189
 831.000000 2.086722 -1.038534
 832.000000 1.974357 -1.033564
 833.000000 1.980759 -1.010780
 834.000000 2.051497 -1.005620
 835.000000 2.057435 -1.021565
 836.000000 2.040171 -1.083511
 837.000000 1.969689 -1.055389
 838.000000 1.883342 -1.057487
 839.000000 2.022853 -1.049190
 840.000000 2.010200 -1.009965
 841.000000 2.052877 -0.989060
 842.000000 2.025279 -1.057344
 843.000000 2.018664 -0.990058
 844.000000 1.983793 -0.994625
 845.000000 1.998303 -0.977465
 846.000000 2.202999 -1.041036
 847.000000 2.039432 -1.027080
 848.000000 1.948283 -0.977988
 849.000000 2.008729 -0.986315
 850.000000 2.047795 -0.971138
 851.000000 2.058426 -0.988525
 852.000000 2.063962 -0.941636
 853.000000 2.054333 -1.021417
 854.000000 2.073849 -1.114501
 855.000000 2.095859 -0.995052
 856.000000 1.970880 -1.010000
 857.000000 2.042278 -1.017676
 858.000000 2.034746 -1.083389
 859.000000 2.037627 -1.125240
 860.000000 2.055911 -1.132520
 861.000000 2.020307 -1.065770
 862.000000 2.031436 -1.047350
 863.000000 1.947773 -1.036932
 864.000000 1.946410 -1.005484
 865.000000 2.034616 -1.136489
 866.000000 1.964569 -1.018744
 867.000000 2.030258 -1.023790
 868.000000 2.151794 -1.030238
 869.000000 2.061042 -1.033501
 870.000000 1.954760 -1.028532
 871.000000 2.029267 -1.008093
 872.000000 1.980096 -1.021917
 873.000000 1.979920 -1.046944
 874.000000 2.031512 -1.056029
 875.000000 1.983973 -1.040695
 876.000000 2.058157 -1.075577
 877.000000 1.979936 -0.991497
 878.000000 2.069528 -1.059899
 879.000000 2.092437 -1.062457
 880.000000 2.054407 -1.078919
 881.000000 1.996269 -1.052642
 882.000000 2.066329 -1.035365
 883.000000 2.124950 -1.035302
 884.000000 2.166600 -1.052935
 885.000000 2.008733 -1.107405
 886.000000 2.164012 -1.042005
 887.000000 2.069322 -1.071492
 888.000000 1.986941 -1.051391
 889.000000 2.123266 -1.043228
 890.000000 2.093999 -1.058682
 891.000000 2.156229 -1.027997
 892.000000 2.168819 -1.085939
 893.000000 2.115317 -1.011724
 894.000000 1.989089 -1.072719
 895.000000 2.111427 -1.018563
 896.000000 1.991221 -1.042546
 897.000000 2.129924 -1.032712
 898.000000 2.098088 -1.011340
 899.000000 2.113187 -1.026757
 900.000000 2.070835 -1.042951
 901.000000 2.064211 -1.061593
 902.000000 2.120739 -1.170510
 903.000000 2.071787 -1.084992
 904.000000 2.030772 -1.020342
 905.000000 2.043034 -1.048067
 906.000000 2.104430 -1.093537
 907.000000 2.114677 -0.986271
 908.000000 2.061392 -0.983816
 909.000000 2.044044 -0.988978
 910.000000 2.042988 -1.065232
 911.000000 2.096076 -1.065989
 912.000000 2.132299 -1.057138
 913.000000 1.967258 -1.071400
 914.000000 2.006343 -1.014850
 915.000000 2.005115 -1.046333
 916.000000 2.142356 -1.025256
 917.000000 2.144522 -1.047520
 918.000000 2.047959 -0.980034
 919.000000 2.065482 -0.970493
 920.000000 2.014138 -0.997622
 921.000000 2.149135 -1.029909
 922.000000 2.028186 -1.005493
 923.000000 2.111672 -1.014066
 924.000000 2.071069 -1.012857
 925.000000 2.035623 -1.037475
 926.000000 2.087596 -0.997690
 927.000000 2.091384 -1.072492
 928.000000 2.080488 -1.074718
 929.000000 2.082401 -0.991320
 930.000000 2.033274 -0.997774
 931.000000 2.175813 -1.025776
 932.000000 2.069710 -1.049428
 933.000000 2.122689 -1.022022
 934.000000 2.056951 -1.036881
 935.000000 2.030735 -0.991041
 936.000000 1.972262 -1.017996
 937.000000 1.982787 -1.013379
 938.000000 2.024356 -1.001083
 939.000000 2.009486 -1.000653
 940.000000 2.002796 -1.029318
 941.000000 1.959199 -1.072059
 942.000000 2.105833 -1.018222
 943.000000 2.067935 -1.059006
 944.000000 2.030169 -1.050800
 945.000000 2.034133 -0.982146
 946.000000 2.019934 -1.079837
 947.000000 2.045388 -1.117642
 948.000000 2.107768 -1.104383
 949.000000 2.116612 -1.061779
 950.000000 1.995729 -1.053415
 951.000000 2.020095 -1.084044
 952.000000 2.053698 -1.095669
 953.000000 2.015985 -1.026686
 954.000000 2.083023 -1.089566
 955.000000 1.985689 -1.041943
 956.000000 2.021131 -1.046726
 957.000000 2.092454 -1.103851
 958.000000 2.063170 -1.024107
 959.000000 2.019695 -1.036817
 960.000000 2.018390 -1.094654
 961.000000 2.051390 -1.029984
 962.000000 2.046077 -1.053001
 963.000000 1.971171 -1.051898
 964.000000 2.017500 -1.010114
 965.000000 2.091829 -1.065659
 966.000000 2.062909 -1.053029
 967.000000 2.076728 -1.101528
 968.000000 2.102616 -1.071708
 969.000000 2.053505 -1.102796
 970.000000 2.127362 -1.087681
 971.000000 2.054668 -1.054517
 972.000000 2.033498 -1.013448
 973.000000 2.111230 -1.082164
 974.000000 2.120810 -1.109053
 975.000000 2.044087 -1.095230
 976.000000 2.095033 -1.048549
 977.000000 1.992103 -1.130795
 978.000000 2.066569 -1.120211
 979.000000 2.017467 -1.080582
 980.000000 2.089092 -1.029880
 981.000000 2.029707 -0.995190
 982.000000 2.060559 -0.992447
 983.000000 2.016040 -1.027471
 984.000000 2.048160 -1.020924
 985.000000 2.020950 -1.065348
 986.000000 2.031313 -1.132965
 987.000000 2.095189 -1.071637
 988.000000 2.009158 -1.099261
 989.000000 2.070260 -1.071710
 990.000000 2.045404 -1.113139
 991.000000 1.951356 -1.160146
 992.000000 2.060267 -1.171411
 993.000000 2.006770 -1.147705
 994.000000 1.996359 -1.173386
 995.000000 2.065277 -1.173870
 996.000000 2.001905 -1.229689
 997.000000 1.998420 -1.138759
 998.000000 2.028443 -1.130735
 999.000000 2.109764 -1.128829
 1000.000000 2.160154 -1.041422
 1001.000000 1.958333 -1.032929
 1002.000000 2.023709 -1.105921
 1003.000000 2.107183 -1.046354
 1004.000000 2.020042 -1.095977
 1005.000000 2.076165 -1.116807
 1006.000000 2.063358 -1.062496
 1007.000000 2.026269 -1.037925
 1008.000000 2.063329 -0.988711
 1009.000000 2.029669 -1.013105
 1010.000000 2.075336 -1.028649
 1011.000000 2.052101 -1.081166
 1012.000000 2.068669 -1.140208
 1013.000000 2.053832 -1.058357
 1014.000000 2.026539 -1.130171
 1015.000000 2.073102 -1.025660
 1016.000000 2.016232 -1.100283
 1017.000000 2.101806 -1.114508
 1018.000000 2.125524 -1.158151
 1019.000000 2.079105 -1.123106
 1020.000000 2.169609 -1.251273
 1021.000000 1.989068 -1.132114
 1022.000000 2.078009 -1.135685
 1023.000000 2.084799 -1.087619
 1024.000000 2.157109 -1.102384
 1025.000000 2.025805 -1.053961
 1026.000000 2.040544 -1.017754
 1027.000000 2.083455 -1.025686
 1028.000000 2.024572 -1.146360
 1029.000000 1.970822 -1.033548
 1030.000000 1.988606 -1.102490
 1031.000000 2.060245 -1.121018
 1032.000000 2.001890 -1.075728
 1033.000000 2.028245 -1.187685
 1034.000000 2.153785 -1.046413
 1035.000000 2.003996 -1.102331
 1036.000000 1.953937 -1.139282
 1037.000000 2.018590 -1.084409
 1038.000000 1.995318 -1.126986
 1039.000000 2.122873 -1.110302
 1040.000000 2.059030 -1.148549
 1041.000000 2.073184 -1.086784
 1042.000000 1.949460 -1.164613
 1043.000000 2.005394 -1.030404
 1044.000000 2.063480 -1.006835
 1045.000000 2.083889 -1.090060
 1046.000000 2.051730 -1.066873
 1047.000000 1.938468 -1.167628
 1048.000000 2.041220 -1.081125
 1049.000000 2.015162 -1.143461
 1050.000000 1.962393 -1.068056
 1051.000000 1.925430 -1.060295
 1052.000000 2.077863 -1.079691
 1053.000000 2.034480 -1.051544
 1054.000000 1.943701 -1.083083
 1055.000000 1.907936 -1.120437
 1056.000000 1.961803 -1.093028
 1057.000000 2.082010 -1.080255
 1058.000000 1.988367 -1.110001
 1059.000000 2.032105 -1.103131
 1060.000000 1.959959 -1.061106
 1061.000000 1.987541 -1.051528
 1062.000000 2.000200 -1.093643
 1063.000000 2.024277 -1.140836
 1064.000000 2.165123 -1.084881
 1065.000000 1.957903 -1.099067
 1066.000000 2.001149 -1.142665
 1067.000000 2.090434 -1.080642
 1068.000000 1.967830 -1.130324
 1069.000000 2.038179 -1.073427
 1070.000000 2.099297 -1.076451
 1071.000000 2.031185 -1.101858
 1072.000000 2.102756 -1.110604
 1073.000000 2.093687 -1.163059
 1074.000000 2.033147 -1.091035
 1075.000000 2.012466 -1.075760
 1076.000000 2.109066 -1.132562
 1077.000000 2.195517 -1.168254
 1078.000000 1.978710 -1.087746
 1079.000000 2.025017 -1.200430
 1080.000000 2.048945 -1.069566
 1081.000000 2.140307 -1.015774
 1082.000000 2.000625 -1.080255
 1083.000000 2.083735 -1.065398
 1084.000000 2.073246 -1.119136
 1085.000000 2.074507 -1.094437
 1086.000000 1.959072 -1.083684
 1087.000000 2.021735 -1.103214
 1088.000000 2.031178 -1.126167
 1089.000000 2.038608 -1.076600
 1090.000000 1.956061 -1.037108
 1091.000000 2.029040 -1.118503
 1092.000000 1.891550 -1.074050
 1093.000000 2.017660 -1.017620
 1094.000000 2.057814 -1.055167
 1095.000000 2.052139 -0.973062
 1096.000000 2.077232 -1.058541
 1097.000000 1.925382 -1.096689
 1098.000000 2.057255 -0.988389
 1099.000000 2.047447 -1.069748
 1100.000000 1.973740 -1.139740
 1101.000000 2.027110 -1.086536
 1102.000000 1.968643 -1.086791
 1103.000000 1.928091 -1.039165
 1104.000000 2.011907 -1.109912
 1105.000000 1.907803 -1.137069
 1106.000000 1.932814 -0.993845
 1107.000000 1.914995 -1.133281
 1108.000000 1.986592 -1.102282
 1109.000000 2.054311 -1.191936
 1110.000000 2.068139 -1.094230
 1111.000000 2.130171 -1.082175
 1112.000000 2.089179 -1.113705
 1113.000000 2.173074 -1.139338
 1114.000000 2.063185 -1.074951
 1115.000000 2.025596 -1.065827
 1116.000000 1.984064 -1.085422
 1117.000000 1.956611 -1.115390
 1118.000000 2.060241 -1.064694
 1119.000000 1.940872 -1.060246
 1120.000000 2.073170 -1.068040
 1121.000000 2.143510 -1.110827
 1122.000000 2.016992 -1.066305
 1123.000000 2.073394 -1.058928
 1124.000000 2.030808 -1.025050
 1125.000000 1.942912 -1.097818
 1126.000000 2.104925 -0.997837
 1127.000000 2.003729 -1.014214
 1128.000000 2.034820 -1.106670
 1129.000000 2.014681 -1.066730
 1130.000000 1.978186 -1.122816
 1131.000000 2.036299 -1.069623
 1132.000000 2.070621 -1.120728
 1133.000000 2.028442 -1.019623
 1134.000000 2.052219 -1.053038
 1135.000000 1.939139 -1.021949
 1136.000000 2.052301 -1.067577
 1137.000000 2.034969 -1.087233
 1138.000000 2.062184 -1.079738
 1139.000000 2.017214 -1.102824
 1140.000000 1.959204 -1.074088
 1141.000000 2.023069 -1.091469
 1142.000000 1.943538 -1.095142
 1143.000000 2.038825 -1.116623
 1144.000000 2.026680 -1.065567
 1145.000000 1.975275 -1.125623
 1146.000000 2.003541 -1.078457
 1147.000000 2.024505 -1.098326
 1148.000000 2.028069 -1.093629
 1149.000000 1.942315 -1.091385
 1150.000000 1.994215 -1.131889
 1151.000000 2.115383 -1.055489
 1152.000000 2.000670 -1.045219
 1153.000000 2.069268 -1.061769
 1154.000000 2.000376 -0.995490
 1155.000000 2.000384 -0.992876
 1156.000000 2.041837 -0.998870
 1157.000000 2.082969 -1.099692
 1158.000000 2.023764 -1.086108
 1159.000000 2.200373 -1.081954
 1160.000000 2.007194 -1.060901
 1161.000000 2.083790 -1.066436
 1162.000000 1.989610 -1.056388
 1163.000000 1.924347 -1.040197
 1164.000000 1.981543 -1.063471
 1165.000000 1.943503 -1.021501
 1166.000000 2.000960 -1.075666
 1167.000000 1.950791 -1.053780
 1168.000000 2.035815 -1.099389
 1169.000000 2.007405 -1.075117
 1170.000000 2.040073 -1.059631
 1171.000000 2.082651 -1.102841
 1172.000000 2.083895 -1.084252
 1173.000000 1.989656 -1.085309
 1174.000000 2.088665 -1.115931
 1175.000000 1.935804 -1.092276
 1176.000000 1.972463 -1.122430
 1177.000000 1.965258 -1.068322
 1178.000000 2.050525 -1.029269
 1179.000000 1.946555 -1.093962
 1180.000000 2.023078 -1.121294
 1181.000000 2.078130 -1.126062
 1182.000000 1.960711 -1.032785
 1183.000000 1.949496 -1.075363
 1184.000000 2.060180 -1.068710
 1185.000000 1.937997 -1.093250
 1186.000000 1.958822 -1.154717
 1187.000000 2.030005 -1.119947
 1188.000000 2.013056 -1.079499
 1189.000000 1.972281 -1.039220
 1190.000000 2.019319 -1.093999
 1191.000000 2.072903 -1.014135
 1192.000000 1.945195 -1.125681
 1193.000000 1.904196 -1.145080
 1194.000000 1.970568 -1.080736
 1195.000000 1.978614 -1.038952
 1196.000000 1.996837 -1.059918
 1197.000000 2.044099 -1.064674
 1198.000000 2.164831 -0.951114
 1199.000000 1.976964 -0.961231
 1200.000000 1.996451 -1.025767
 1201.000000 2.012730 -1.082506
 1202.000000 2.016462 -1.068762
 1203.000000 2.050530 -1.073476
 1204.000000 1.941599 -1.063591
 1205.000000 1.923879 -0.988122
 1206.000000 1.962723 -1.045429
 1207.000000 1.997464 -1.081430
 1208.000000 1.943185 -1.045881
 1209.000000 2.011259 -1.059786
 1210.000000 1.937045 -1.023763
 1211.000000 2.004105 -1.081671
 1212.000000 2.058565 -1.113290
 1213.000000 1.943481 -1.099381
 1214.000000 2.032814 -1.040691
 1215.000000 1.968633 -1.088325
 1216.000000 1.955809 -0.996237
 1217.000000 2.068395 -1.126917
 1218.000000 2.103141 -1.078585
 1219.000000 2.030127 -1.047281
 1220.000000 2.021945 -1.080482
 1221.000000 2.052749 -1.093203
 1222.000000 2.057644 -1.116273
 1223.000000 2.015940 -1.076311
 1224.000000 2.090792 -1.107742
 1225.000000 1.999098 -1.079870
 1226.000000 1.971840 -1.112848
 1227.000000 1.969141 -1.102218
 1228.000000 1.955616 -1.137926
 1229.000000 1.945100 -1.085168
 1230.000000 2.040540 -1.090876
 1231.000000 1.961305 -1.053456
 1232.000000 2.119562 -1.019724
 1233.000000 2.007209 -0.995133
 1234.000000 2.039955 -1.064577
 1235.000000 2.077773 -1.094288
 1236.000000 1.964584 -0.995840
 1237.000000 2.047601 -1.023143
 1238.000000 1.992148 -1.059050
 1239.000000 2.053799 -1.042507
 1240.000000 2.030800 -1.055341
 1241.000000 2.023711 -1.095072
 1242.000000 1.927537 -1.131082
 1243.000000 2.002232 -1.164709
 1244.000000 2.082262 -1.188205
 1245.000000 2.109728 -1.051632
 1246.000000 2.167322 -1.055615
 1247.000000 2.012421 -1.180060
 1248.000000 2.137782 -1.199254
 1249.000000 2.090443 -1.057061
 1250.000000 2.121221 -1.144631
 1251.000000 2.063133 -1.108523
 1252.000000 2.118914 -1.009812
 1253.000000 1.976337 -1.046533
 1254.000000 2.101569 -1.051623
 1255.000000 2.025253 -1.062833
 1256.000000 2.043203 -1.027260
 1257.000000 2.096600 -1.089749
 1258.000000 1.972298 -1.019969
 1259.000000 2.051405 -1.029093
 1260.000000 2.089928 -1.137297
 1261.000000 2.078057 -1.105065
 1262.000000 2.013401 -1.110789
 1263.000000 2.087002 -1.110197
 1264.000000 2.031493 -1.040310
 1265.000000 1.997504 -1.085502
 1266.000000 1.937331 -1.065199
 1267.000000 2.081801 -1.101046
 1268.000000 1.906801 -1.091645
 1269.000000 2.012181 -1.051707
 1270.000000 2.083599 -1.075123
 1271.000000 2.007785 -1.114070
 1272.000000 2.002347 -1.088677
 1273.000000 2.077419 -1.059359
 1274.000000 2.030105 -1.071686
 1275.000000 1.995846 -1.038127
 1276.000000 2.016281 -1.045485
 1277.000000 1.988399 -1.035169
 1278.000000 2.066250 -1.036029
 1279.000000 2.072848 -0.957781
 1280.000000 2.053001 -1.046573
 1281.000000 2.083864 -1.038154
 1282.000000 2.074145 -1.029039
 1283.000000 1.971056 -1.077477
 1284.000000 1.994496 -1.131368
 1285.000000 2.037775 -1.120652
 1286.000000 1.997540 -1.058869
 1287.000000 2.086193 -1.060569
 1288.000000 2.050069 -1.033242
 1289.000000 2.055248 -1.095792
 1290.000000 1.992913 -1.056206
 1291.000000 2.118769 -1.057974
 1292.000000 1.979430 -1.084383
 1293.000000 1.996466 -1.059447
 1294.000000 2.141033 -1.092010
 1295.000000 2.034949 -1.098036
 1296.000000 2.007914 -1.070910
 1297.000000 2.004739 -1.068496
 1298.000000 2.017985 -1.053699
 1299.000000 1.991689 -1.057224
 1300.000000 1.974216 -1.096749
 1301.000000 2.043238 -1.083273
 1302.000000 2.036517 -1.014510
 1303.000000 2.123901 -1.044104
 1304.000000 2.139163 -1.120256
 1305.000000 2.017331 -1.088447
 1306.000000 1.982842 -1.049980
 1307.000000 2.028284 -0.992874
 1308.000000 1.906357 -1.075783
 1309.000000 2.141106 -1.035724
 1310.000000 2.102922 -1.009835
 1311.000000 2.094902 -1.101847
 1312.000000 2.063714 -1.032444
 1313.000000 2.065930 -1.098929
 1314.000000 2.010056 -1.027712
 1315.000000 2.114677 -1.025474
 1316.000000 2.020311 -1.083764
 1317.000000 1.950025 -1.129490
 1318.000000 2.063062 -1.193941
 1319.000000 2.045783 -1.115752
 1320.000000 1.912992 -1.083240
 1321.000000 2.023184 -0.989789
 1322.000000 1.868794 -1.044760
 1323.000000 2.096532 -0.982489
 1324.000000 2.089448 -1.145835
 1325.000000 2.078180 -1.099354
 1326.000000 1.910577 -1.155033
 1327.000000 2.007943 -1.015458
 1328.000000 2.032836 -1.071717
 1329.000000 1.983275 -0.936582
 1330.000000 1.936821 -1.069416
 1331.000000 2.039696 -1.019547
 1332.000000 2.048066 -1.038406
 1333.000000 2.095576 -1.052496
 1334.000000 2.025313 -1.035513
 1335.000000 2.087298 -0.966736
 1336.000000 2.043111 -1.018308
 1337.000000 2.029257 -0.979939
 1338.000000 2.100488 -1.042118
 1339.000000 1.961459 -1.124157
 1340.000000 2.038802 -1.232810
 1341.000000 1.956354 -1.115927
 1342.000000 2.109631 -1.114648
 1343.000000 2.122800 -1.143625
 1344.000000 2.012916 -1.140221
 1345.000000 1.939974 -1.143915
 1346.000000 2.117452 -1.062877
 1347.000000 2.051948 -1.037479
 1348.000000 1.962637 -1.144202
 1349.000000 2.073665 -1.127065
 1350.000000 1.972819 -1.065334
 1351.000000 1.992419 -1.042780
 1352.000000 2.009791 -1.075526
 1353.000000 1.933534 -1.021206
 1354.000000 2.023656 -1.045314
 1355.000000 2.146846 -1.063247
 1356.000000 2.009409 -1.094873
 1357.000000 2.054192 -1.199407
 1358.000000 2.083869 -1.116230
 1359.000000 1.965007 -1.080895
 1360.000000 1.979724 -1.076385
 1361.000000 2.029368 -1.053888
 1362.000000 2.026737 -1.005582
 1363.000000 2.085876 -1.080280
 1364.000000 2.037322 -1.123002
 1365.000000 1.977013 -1.088274
 1366.000000 2.048420 -1.153788
 1367.000000 2.028929 -1.125663
 1368.000000 2.036003 -1.061483
 1369.000000 2.017572 -1.161717
 1370.000000 1.989469 -1.004726
 1371.000000 2.067226 -1.167467
 1372.000000 2.054498 -1.155763
 1373.000000 2.034542 -1.016163
 1374.000000 2.088438 -1.069047
 1375.000000 1.950988 -1.148396
 1376.000000 1.977788 -1.185357
 1377.000000 2.040573 -1.184428
 1378.000000 2.075911 -1.137340
 1379.000000 2.168474 -1.106450
 1380.000000 1.994565 -1.191774
 1381.000000 2.071120 -1.197940
 1382.000000 2.056795 -1.101354
 1383.000000 2.013471 -1.130538
 1384.000000 1.998753 -1.112991
 1385.000000 1.961043 -1.117298
 1386.000000 2.024097 -1.146556
 1387.000000 1.945264 -1.093377
 1388.000000 2.012558 -1.115785
 1389.000000 1.987883 -1.173304
 1390.000000 2.014795 -1.069962
 1391.000000 1.947602 -1.130280
 1392.000000 1.963770 -1.101056
 1393.000000 2.061815 -1.013777
 1394.000000 2.146039 -1.089372
 1395.000000 1.963938 -1.073413
 1396.000000 2.075605 -1.111902
 1397.000000 1.963775 -1.104593
 1398.000000 2.049172 -1.102373
 1399.000000 1.952160 -1.123327
 1400.000000 2.109926 -1.084437
 1401.000000 2.117015 -1.094162
 1402.000000 2.023744 -1.055739
 1403.000000 2.008713 -1.120375
 1404.000000 2.078309 -1.095862
 1405.000000 2.029177 -1.061608
 1406.000000 2.030504 -1.066275
 1407.000000 1.967428 -1.005680
 1408.000000 2.000919 -1.092266
 1409.000000 2.050470 -1.038959
 1410.000000 1.934174 -1.105439
 1411.000000 2.148436 -1.018122
 1412.000000 1.976725 -1.129771
 1413.000000 2.048295 -1.036080
 1414.000000 2.078127 -1.120816
 1415.000000 2.084826 -1.106745
 1416.000000 2.050216 -1.070274
 1417.000000 2.033757 -1.010054
 1418.000000 2.040586 -1.133816
 1419.000000 2.001759 -1.101787
 1420.000000 1.987933 -1.108134
 1421.000000 1.994051 -1.119772
 1422.000000 1.955793 -1.099066
 1423.000000 2.004708 -1.112160
 1424.000000 2.071598 -1.122759
 1425.000000 1.946704 -1.073087
 1426.000000 1.980107 -1.068932
 1427.000000 1.927013 -1.059388
 1428.000000 1.985089 -1.071057
 1429.000000 1.940668 -1.112297
 1430.000000 1.888978 -1.111969
 1431.000000 1.960230 -1.138430
 1432.000000 1.912800 -1.143996
 1433.000000 1.976618 -1.131064
 1434.000000 1.951350 -1.107418
 1435.000000 1.992136 -1.138629
 1436.000000 1.992906 -1.123252
 1437.000000 2.072486 -1.177471
 1438.000000 2.033649 -1.142959
 1439.000000 1.925503 -1.056736
 1440.000000 1.936414 -1.096061
 1441.000000 2.024123 -1.133695
 1442.000000 2.063676 -1.108621
 1443.000000 2.060398 -1.094334
 1444.000000 1.998626 -1.058149
 1445.000000 1.996224 -1.087295
 1446.000000 1.998497 -1.150182
 1447.000000 1.964206 -1.172663
 1448.000000 1.995158 -1.157446
 1449.000000 2.022243 -1.081005
 1450.000000 1.999504 -1.106492
 1451.000000 2.074395 -1.084815
 1452.000000 2.007895 -1.075230
 1453.000000 2.012866 -1.097977
 1454.000000 1.957503 -1.153277
 1455.000000 1.984879 -1.098011
 1456.000000 1.939918 -1.033591
 1457.000000 2.055299 -1.090935
 1458.000000 1.988653 -1.100368
 1459.000000 1.958746 -1.050080
 1460.000000 1.899724 -1.035226
 1461.000000 1.950527 -1.093397
 1462.000000 1.875764 -1.112053
 1463.000000 1.952734 -1.145455
 1464.000000 1.969789 -1.163445
 1465.000000 1.922209 -1.082553
 1466.000000 2.105647 -1.138056
 1467.000000 2.022647 -1.044785
 1468.000000 2.078475 -1.011094
 1469.000000 1.982377 -1.060901
 1470.000000 2.006994 -1.037386
 1471.000000 2.059608 -1.121993
 1472.000000 2.070026 -1.178794
 1473.000000 1.978585 -1.096151
 1474.000000 2.049263 -1.010670
 1475.000000 1.936177 -1.029587
 1476.000000 1.995685 -1.022339
 1477.000000 2.092563 -1.015280
 1478.000000 2.001673 -1.085177
 1479.000000 1.949839 -1.118467
 1480.000000 2.029056 -1.023767
 1481.000000 1.895514 -1.046492
 1482.000000 1.893606 -1.037467
 1483.000000 1.981726 -1.104008
 1484.000000 1.926123 -1.026022
 1485.000000 2.141580 -1.096162
 1486.000000 2.003133 -1.070301
 1487.000000 1.945864 -1.165082
 1488.000000 2.049743 -1.120309
 1489.000000 1.998830 -1.062359
 1490.000000 2.108170 -1.037399
 1491.000000 2.073144 -1.067777
 1492.000000 2.099039 -1.056300
 1493.000000 2.031202 -1.042870
 1494.000000 1.980621 -1.091875
 1495.000000 2.044338 -1.091630
 1496.000000 1.991134 -1.073402
 1497.000000 2.070674 -1.058709
 1498.000000 2.040245 -1.061043
 1499.000000 1.948750 -1.060494
 1500.000000 2.028244 -1.107675
 1501.000000 1.985370 -1.120807
 1502.000000 1.984622 -1.115932
 1503.000000 1.949309 -1.059810
 1504.000000 1.964086 -1.107791
 1505.000000 1.889520 -1.029932
 1506.000000 1.952509 -1.162329
 1507.000000 1.945741 -1.075154
 1508.000000 2.018221 -1.114127
 1509.000000 2.051709 -1.068854
 1510.000000 2.044233 -1.067020
 1511.000000 2.067105 -1.060034
 1512.000000 2.053493 -1.097302
 1513.000000 1.950401 -1.100724
 1514.000000 2.160812 -1.140142
 1515.000000 2.062775 -1.070121
 1516.000000 2.052998 -1.096189
 1517.000000 2.060221 -1.090412
 1518.000000 2.022511 -1.106529
 1519.000000 2.010907 -1.038577
 1520.000000 2.042767 -1.055482
 1521.000000 2.027789 -1.032831
 1522.000000 1.947397 -1.069087
 1523.000000 2.131251 -1.143156
 1524.000000 1.886775 -1.112681
 1525.000000 2.028345 -1.111376
 1526.000000 1.979099 -1.039555
 1527.000000 2.001223 -1.088962
 1528.000000 2.057311 -1.082872
 1529.000000 1.990793 -1.116524
 1530.000000 1.954961 -1.185469
 1531.000000 2.069304 -1.073665
 1532.000000 1.877658 -1.064607
 1533.000000 2.018315 -1.107290
 1534.000000 1.907761 -1.097724
 1535.000000 1.952581 -1.060875
 1536.000000 1.987466 -1.129290
 1537.000000 1.895396 -1.076795
 1538.000000 2.108717 -1.127867
 1539.000000 2.038616 -1.162383
 1540.000000 1.980644 -1.187194
 1541.000000 2.007336 -1.111653
 1542.000000 2.120278 -1.168999
 1543.000000 1.974272 -1.099150
 1544.000000 1.948770 -1.203136
 1545.000000 1.985246 -1.205010
 1546.000000 1.939855 -1.113992
 1547.000000 1.961196 -1.038119
 1548.000000 1.952083 -1.069016
 1549.000000 2.093285 -1.103220
 1550.000000 2.013347 -1.091036
 1551.000000 2.000234 -1.051510
 1552.000000 2.024196 -1.006255
 1553.000000 1.921473 -1.060172
 1554.000000 1.944425 -1.007784
 1555.000000 1.867521 -1.014732
 1556.000000 1.965999 -1.079196
 1557.000000 1.922888 -1.115457
 1558.000000 2.109100 -1.038756
 1559.000000 2.054240 -0.940660
 1560.000000 1.951614 -1.033584
 1561.000000 1.968017 -1.041429
 1562.000000 2.041120 -1.110191
 1563.000000 1.919759 -1.051009
 1564.000000 2.093046 -1.122911
 1565.000000 2.029885 -1.110448
 1566.000000 2.055391 -1.128631
 1567.000000 1.982837 -1.059574
 1568.000000 2.039362 -1.175204
 1569.000000 2.019453 -1.124778
 1570.000000 1.970586 -1.133310
 1571.000000 1.975273 -1.213248
 1572.000000 2.028619 -1.142602
 1573.000000 2.068709 -1.113780
 1574.000000 2.040106 -1.098041
 1575.000000 1.928172 -1.076391
 1576.000000 1.943267 -1.130609
 1577.000000 2.048585 -1.121223
 1578.000000 1.893149 -1.170699
 1579.000000 2.032938 -1.134150
 1580.000000 1.983333 -1.106031
 1581.000000 1.939466 -1.103105
 1582.000000 1.978238 -1.008750
 1583.000000 2.000195 -1.077609
 1584.000000 2.051099 -1.097983
 1585.000000 2.114507 -1.076942
 1586.000000 2.103908 -1.152457
 1587.000000 2.007042 -1.116080
 1588.000000 1.952783 -1.062761
 1589.000000 2.003964 -1.127319
 1590.000000 2.017775 -1.069835
 1591.000000 2.045847 -1.071916
 1592.000000 2.009379 -1.140512
 1593.000000 2.000865 -1.092585
 1594.000000 2.047294 -1.087002
 1595.000000 2.085966 -1.117416
 1596.000000 2.022409 -1.036682
 1597.000000 2.080029 -1.033468
 1598.000000 2.007573 -1.039256
 1599.000000 2.000085 -1.028863
 1600.000000 2.050108 -1.016159
 1601.000000 2.061280 -1.023860
 1602.000000 1.895592 -1.086905
 1603.000000 1.907852 -1.017738
 1604.000000 1.923870 -1.070178
 1605.000000 1.988140 -1.071086
 1606.000000 1.982762 -1.041104
 1607.000000 1.883836 -1.058776
 1608.000000 2.060649 -1.171983
 1609.000000 2.037241 -1.141255
 1610.000000 1.971353 -1.175995
 1611.000000 2.052447 -1.176306
 1612.000000 1.957086 -1.077833
 1613.000000 2.058007 -1.093251
 1614.000000 2.118723 -1.130433
 1615.000000 1.990153 -1.034277
 1616.000000 1.887288 -1.139072
 1617.000000 2.068441 -1.178152
 1618.000000 2.031538 -1.095735
 1619.000000 1.999358 -1.167637
 1620.000000 2.027474 -1.187072
 1621.000000 2.000429 -1.136663
 1622.000000 2.075914 -1.205849
 1623.000000 2.100303 -1.072456
 1624.000000 2.112236 -1.136613
 1625.000000 2.038412 -1.102888
 1626.000000 2.037242 -1.175356
 1627.000000 2.057705 -1.071647
 1628.000000 2.045160 -1.132012
 1629.000000 1.966389 -1.093491
 1630.000000 1.992385 -1.123732
 1631.000000 2.020621 -1.120115
 1632.000000 1.991803 -1.088132
 1633.000000 2.004427 -1.081408
 1634.000000 2.009031 -1.096815
 1635.000000 2.033422 -1.086586
 1636.000000 2.126016 -1.045697
 1637.000000 2.175811 -1.084147
 1638.000000 2.105162 -1.121410
 1639.000000 2.013003 -1.074443
 1640.000000 1.983163 -1.093372
 1641.000000 1.975680 -1.127114
 1642.000000 2.078206 -1.128318
 1643.000000 2.093802 -1.078218
 1644.000000 1.998735 -1.052767
 1645.000000 1.953949 -1.043599
 1646.000000 1.997600 -1.183774
 1647.000000 2.051838 -1.108169
 1648.000000 1.988246 -1.082254
 1649.000000 1.962121 -1.116477
 1650.000000 1.897426 -1.090318
 1651.000000 2.007238 -1.075886
 1652.000000 2.055869 -1.097050
 1653.000000 1.975186 -1.101386
 1654.000000 1.943466 -1.090426
 1655.000000 2.035647 -1.123074
 1656.000000 1.923981 -1.090987
 1657.000000 1.875362 -1.121324
 1658.000000 2.013949 -1.066523
 1659.000000 2.082551 -1.120340
 1660.000000 2.034065 -1.082631
 1661.000000 1.956248 -1.162002
 1662.000000 1.953572 -1.087715
 1663.000000 1.882773 -1.070509
 1664.000000 1.953787 -1.079699
 1665.000000 1.986334 -0.997842
 1666.000000 2.040051 -1.034114
 1667.000000 1.959269 -1.076874
 1668.000000 1.966781 -1.063328
 1669.000000 1.981444 -1.057919
 1670.000000 2.023056 -1.028173
 1671.000000 2.042155 -1.012335
 1672.000000 2.031592 -1.142230
 1673.000000 1.937416 -1.120976
 1674.000000 2.026894 -1.134912
 1675.000000 2.021835 -1.116512
 1676.000000 1.998957 -1.148594
 1677.000000 2.011902 -1.135287
 1678.000000 1.987246 -1.069293
 1679.000000 2.115585 -1.105503
 1680.000000 2.039484 -1.097193
 1681.000000 2.079786 -0.972291
 1682.000000 1.951955 -0.982963
 1683.000000 1.991052 -1.129987
 1684.000000 2.076213 -1.016435
 1685.000000 1.922269 -0.999662
 1686.000000 2.057653 -1.019497
 1687.000000 1.992892 -1.061806
 1688.000000 2.094214 -0.993348
 1689.000000 1.956893 -0.991071
 1690.000000 1.990201 -1.032923
 1691.000000 1.983039 -1.021755
 1692.000000 2.087114 -1.019103
 1693.000000 2.067004 -1.045084
 1694.000000 2.103811 -1.061750
 1695.000000 2.007012 -0.946465
 1696.000000 2.102509 -0.996474
 1697.000000 2.101545 -0.995062
 1698.000000 2.022408 -1.083279
 1699.000000 2.094544 -1.008628
 1700.000000 2.131684 -1.054528
 1701.000000 2.112758 -0.987850
 1702.000000 2.103821 -1.080592
 1703.000000 1.940106 -1.036367
 1704.000000 2.123050 -0.998551
 1705.000000 1.985979 -1.075270
 1706.000000 2.113160 -0.949373
 1707.000000 2.040774 -0.955554
 1708.000000 2.021564 -1.058101
 1709.000000 2.020101 -1.086928
 1710.000000 2.037065 -1.042332
 1711.000000 2.051981 -1.055063
 1712.000000 2.058311 -1.111570
 1713.000000 2.148270 -1.089166
 1714.000000 2.087009 -1.099150
 1715.000000 1.975007 -1.085653
 1716.000000 2.113681 -1.059411
 1717.000000 2.077327 -1.085273
 1718.000000 2.057220 -1.133381
 1719.000000 1.982535 -1.088432
 1720.000000 1.954277 -1.043693
 1721.000000 2.073493 -1.039344
 1722.000000 2.078458 -1.085729
 1723.000000 2.092161 -1.082016
 1724.000000 1.970119 -1.105967
 1725.000000 1.956893 -1.027594
 1726.000000 2.086142 -1.065357
 1727.000000 2.015187 -1.080970
 1728.000000 2.172203 -0.936888
 1729.000000 2.130498 -1.010669
 1730.000000 2.046270 -1.008997
 1731.000000 2.073557 -1.063795
 1732.000000 2.032279 -1.028510
 1733.000000 1.999816 -1.045962
 1734.000000 1.991092 -1.023476
 1735.000000 1.940159 -1.094984
 1736.000000 2.003698 -1.147122
 1737.000000 2.094099 -1.135326
 1738.000000 1.998828 -1.094942
 1739.000000 1.985553 -1.035737
 1740.000000 2.023135 -1.086785
 1741.000000 2.033980 -1.091500
 1742.000000 2.032050 -1.059515
 1743.000000 2.081800 -1.111170
 1744.000000 2.010037 -1.007874
 1745.000000 2.103006 -1.046360
 1746.000000 1.932780 -1.203408
 1747.000000 1.896128 -1.073358
 1748.000000 2.009828 -1.076588
 1749.000000 2.046278 -1.071756
 1750.000000 1.988902 -1.168176
 1751.000000 1.998020 -1.105828
 1752.000000 1.964561 -1.108387
 1753.000000 2.027354 -1.124964
 1754.000000 1.981812 -1.079858
 1755.000000 2.112368 -1.077569
 1756.000000 1.927653 -1.130550
 1757.000000 2.085225 -1.135087
 1758.000000 2.022862 -1.097319
 1759.000000 2.091982 -1.191656
 1760.000000 2.088466 -1.083616
 1761.000000 2.046769 -1.111826
 1762.000000 2.016750 -1.085222
 1763.000000 1.984279 -1.099829
 1764.000000 1.988017 -1.032027
 1765.000000 2.121050 -1.084685
 1766.000000 2.018300 -1.099312
 1767.000000 2.036200 -1.098446
 1768.000000 1.985891 -1.094111
 1769.000000 1.989657 -1.134634
 1770.000000 2.080786 -1.143598
 1771.000000 2.010090 -1.120404
 1772.000000 2.022854 -1.074748
 1773.000000 2.009283 -1.081956
 1774.000000 1.989598 -1.086585
 1775.000000 1.948575 -1.157262
 1776.000000 2.085736 -1.091605
 1777.000000 1.929058 -1.105691
 1778.000000 1.933248 -1.156222
 1779.000000 2.053980 -1.102200
 1780.000000 2.068519 -1.153178
 1781.000000 2.063791 -1.144563
 1782.000000 2.034842 -1.100621
 1783.000000 2.038372 -1.201196
 1784.000000 2.011063 -1.128897
 1785.000000 1.989964 -1.166572
 1786.000000 2.002916 -1.060103
 1787.000000 2.066809 -1.130653
 1788.000000 1.971760 -1.135987
 1789.000000 1.981508 -1.090030
 1790.000000 2.094209 -1.093309
 1791.000000 1.994741 -1.089172
 1792.000000 2.109611 -1.092434
 1793.000000 1.945718 -1.133013
 1794.000000 2.028670 -1.158883
 1795.000000 1.990593 -1.074242
 1796.000000 1.983801 -1.031837
 1797.000000 2.019145 -1.134667
 1798.000000 2.018854 -1.090462
 1799.000000 2.097291 -1.043824
 1800.000000 2.132966 -1.085549
 1801.000000 2.082930 -1.112745
 1802.000000 1.986832 -1.128873
 1803.000000 2.108463 -1.119389
 1804.000000 1.997780 -1.124197
 1805.000000 1.988070 -1.052296
 1806.000000 2.042991 -1.145904
 1807.000000 1.913067 -1.060044
 1808.000000 1.974318 -1.099682
 1809.000000 1.913482 -1.136570
 1810.000000 1.952469 -1.143386
 1811.000000 1.990953 -1.034001
 1812.000000 1.986199 -1.085905
 1813.000000 2.126924 -1.048001
 1814.000000 1.982562 -1.134675
 1815.000000 1.969513 -1.122350
 1816.000000 2.001834 -1.108679
 1817.000000 1.988636 -1.196603
 1818.000000 2.076100 -0.940043
 1819.000000 2.089503 -1.133694
 1820.000000 2.014765 -1.138331
 1821.000000 2.107953 -1.052379
 1822.000000 2.221994 -1.060045
 1823.000000 2.057744 -1.089557
 1824.000000 2.017939 -0.961535
 1825.000000 2.093480 -1.075224
 1826.000000 1.968799 -1.036375
 1827.000000 2.054850 -1.078225
 1828.000000 2.070378 -1.086430
 1829.000000 2.065639 -1.011685
 1830.000000 2.079459 -1.091205
 1831.000000 1.966546 -1.048983
 1832.000000 1.993136 -1.047807
 1833.000000 2.023174 -1.092774
 1834.000000 2.101948 -1.113655
 1835.000000 2.059780 -0.989239
 1836.000000 2.050163 -1.049185
 1837.000000 2.005634 -1.088235
 1838.000000 1.968710 -1.113912
 1839.000000 2.114799 -1.033078
 1840.000000 1.978720 -1.145264
 1841.000000 1.884001 -1.078724
 1842.000000 2.074326 -1.149732
 1843.000000 2.071442 -1.126919
 1844.000000 2.099799 -1.193008
 1845.000000 2.073769 -1.151512
 1846.000000 2.099106 -1.188678
 1847.000000 2.095236 -1.137309
 1848.000000 2.106768 -1.129248
 1849.000000 2.060566 -1.144381
 1850.000000 2.088902 -1.058274
 1851.000000 1.904746 -1.130443
 1852.000000 1.978986 -1.109928
 1853.000000 2.079667 -1.088797
 1854.000000 2.014872 -1.079099
 1855.000000 2.004776 -1.146023
 1856.000000 2.017543 -1.138364
 1857.000000 2.117229 -1.125226
 1858.000000 2.003566 -1.031273
 1859.000000 2.038828 -1.143878
 1860.000000 2.072209 -1.142624
 1861.000000 1.927566 -1.062634
 1862.000000 2.063790 -1.166853
 1863.000000 2.049615 -1.065327
 1864.000000 1.978564 -1.114879
 1865.000000 2.091799 -1.137856
 1866.000000 2.081349 -1.195323
 1867.000000 2.155461 -1.076364
 1868.000000 2.008185 -1.042829
 1869.000000 2.099502 -1.036265
 1870.000000 2.072473 -1.132014
 1871.000000 2.020402 -1.028998
 1872.000000 2.093109 -1.177086
 1873.000000 2.064875 -1.093765
 1874.000000 2.019901 -1.018783
 1875.000000 2.005271 -1.035344
 1876.000000 2.055951 -1.044025
 1877.000000 2.066864 -1.099863
 1878.000000 2.079518 -1.130642
 1879.000000 2.032896 -1.117089
 1880.000000 1.990399 -1.072212
 1881.000000 1.973665 -1.047224
 1882.000000 2.011566 -1.017600
 1883.000000 2.037607 -1.165594
 1884.000000 2.022412 -1.112248
 1885.000000 1.955139 -1.099189
 1886.000000 1.914978 -1.165441
 1887.000000 2.192745 -1.170339
 1888.000000 1.975670 -1.066752
 1889.000000 1.965414 -1.102467
 1890.000000 2.020714 -1.099765
 1891.000000 1.977280 -1.063886
 1892.000000 2.008797 -1.130509
 1893.000000 2.076575 -1.103871
 1894.000000 1.902715 -1.154100
 1895.000000 2.025420 -1.047771
 1896.000000 2.002250 -1.110617
 1897.000000 2.089349 -1.049175
 1898.000000 2.084947 -1.075190
 1899.000000 2.061422 -1.118674
 1900.000000 2.041630 -1.046564
 1901.000000 1.961879 -1.124016
 1902.000000 2.052273 -1.073591
 1903.000000 2.114939 -1.074148
 1904.000000 2.048004 -1.053140
 1905.000000 1.965533 -1.103184
 1906.000000 1.959895 -1.079470
 1907.000000 2.059972 -1.064151
 1908.000000 2.044200 -1.062806
 1909.000000 2.010164 -1.065853
 1910.000000 2.121955 -0.998230
 1911.000000 1.996891 -0.992195
 1912.000000 1.986794 -1.042822
 1913.000000 2.031368 -1.061876
 1914.000000 2.085864 -1.063532
 1915.000000 1.938048 -1.081773
 1916.000000 1.851654 -1.017180
 1917.000000 1.978494 -1.052954
 1918.000000 1.934398 -1.040758
 1919.000000 2.055354 -1.027993
 1920.000000 1.966505 -1.026730
 1921.000000 2.086343 -1.019565
 1922.000000 2.007760 -0.975301
 1923.000000 1.895960 -1.066019
 1924.000000 2.048509 -1.062791
 1925.000000 1.999807 -0.993352
 1926.000000 1.980815 -1.001575
 1927.000000 1.951106 -1.019119
 1928.000000 1.933379 -0.962493
 1929.000000 1.973603 -1.073643
 1930.000000 1.963666 -1.004074
 1931.000000 1.840927 -1.028524
 1932.000000 1.777491 -1.054254
 1933.000000 1.946927 -1.013432
 1934.000000 1.812289 -1.056020
 1935.000000 1.907814 -1.097917
 1936.000000 1.969815 -1.072764
 1937.000000 1.984092 -0.997286
 1938.000000 2.001347 -0.979265
 1939.000000 1.956091 -1.072922
 1940.000000 2.003512 -1.032950
 1941.000000 2.057872 -1.183671
 1942.000000 2.030482 -1.105092
 1943.000000 1.944373 -1.220490
 1944.000000 1.937570 -1.083789
 1945.000000 2.008528 -1.049532
 1946.000000 1.918611 -1.039661
 1947.000000 1.973628 -1.154026
 1948.000000 1.962009 -1.154452
 1949.000000 2.013819 -1.094316
 1950.000000 2.062516 -1.147907
 1951.000000 2.056418 -1.160711
 1952.000000 1.870441 -1.090123
 1953.000000 2.001673 -1.016324
 1954.000000 2.020864 -1.070782
 1955.000000 1.972914 -1.081861
 1956.000000 2.008635 -1.067297
 1957.000000 1.963717 -1.073327
 1958.000000 2.128764 -1.015709
 1959.000000 2.004829 -1.099602
 1960.000000 2.015691 -1.055684
 1961.000000 1.978236 -1.026464
 1962.000000 2.055355 -1.110206
 1963.000000 2.091633 -0.947080
 1964.000000 2.065418 -1.021719
 1965.000000 2.007886 -1.055931
 1966.000000 2.026866 -1.075535
 1967.000000 1.968415 -1.062331
 1968.000000 1.951913 -1.056166
 1969.000000 2.120186 -1.095425
 1970.000000 2.067896 -1.025697
 1971.000000 2.032916 -0.941316
 1972.000000 2.107751 -1.028101
 1973.000000 2.029500 -1.053106
 1974.000000 2.155557 -1.022511
 1975.000000 2.148539 -1.112207
 1976.000000 2.196770 -1.117137
 1977.000000 2.072665 -1.088990
 1978.000000 2.034760 -1.091600
 1979.000000 2.117513 -1.062287
 1980.000000 2.125213 -1.076367
 1981.000000 2.037547 -1.156888
 1982.000000 1.982033 -1.096242
 1983.000000 2.117398 -1.079047
 1984.000000 2.120395 -1.033678
 1985.000000 1.990527 -1.112328
 1986.000000 2.088630 -1.031366
 1987.000000 2.019170 -1.050397
 1988.000000 2.049549 -1.090986
 1989.000000 2.079025 -1.103086
 1990.000000 1.955346 -1.057828
 1991.000000 2.003212 -1.048435
 1992.000000 2.069728 -1.032444
 1993.000000 2.150970 -1.062282
 1994.000000 2.112974 -0.982958
 1995.000000 2.086406 -1.011121
 1996.000000 2.026387 -1.023506
 1997.000000 2.063683 -0.967302
 1998.000000 1.875873 -0.993495
 1999.000000 2.109920 -1.100053
 2000.000000 2.066911 -1.060256
 2001.000000 2.120918 -1.108466
 2002.000000 2.011569 -1.070152
 2003.000000 2.087177 -1.028546
 2004.000000 2.036632 -1.042239
 2005.000000 2.069274 -1.130661
 2006.000000 2.068778 -1.090676
 2007.000000 1.931614 -1.007473
 2008.000000 2.152805 -1.157536
 2009.000000 2.123751 -1.129196
 2010.000000 2.072413 -1.132427
 2011.000000 2.079061 -1.116767
 2012.000000 2.101940 -1.146429
 2013.000000 2.101493 -1.117941
 2014.000000 2.032349 -1.138714
 2015.000000 2.088023 -1.150603
 2016.000000 2.106349 -1.061636
 2017.000000 2.051351 -1.115774
 2018.000000 2.139411 -1.143077
 2019.000000 2.052455 -1.140294
 2020.000000 2.058760 -1.094388
 2021.000000 1.981997 -1.136721
 2022.000000 2.028650 -1.030038
 2023.000000 2.095876 -1.069010
 2024.000000 2.056844 -1.099395
 2025.000000 2.081901 -1.068465
 2026.000000 2.166275 -1.040638
 2027.000000 2.100374 -1.133018
 2028.000000 1.946253 -1.151100
 2029.000000 2.008156 -1.053334
 2030.000000 2.194410 -1.139769
 2031.000000 2.163799 -1.050761
 2032.000000 2.132202 -1.191953
 2033.000000 2.126247 -1.043132
 2034.000000 2.059994 -1.066585
 2035.000000 2.059236 -1.100776
 2036.000000 1.975792 -1.139977
 2037.000000 2.000728 -1.039424
 2038.000000 1.916104 -1.108022
 2039.000000 1.883745 -1.151614
 2040.000000 1.973772 -1.083869
 2041.000000 2.038258 -1.051005
 2042.000000 1.940496 -1.137996
 2043.000000 1.921628 -1.081314
 2044.000000 1.960268 -1.039235
 2045.000000 2.041469 -1.128400
 2046.000000 2.055807 -1.088872
 2047.000000 1.927387 -1.050448
 2048.000000 1.809005 -1.128692
 2049.000000 1.963091 -1.064932
 2050.000000 2.006681 -1.073956
 2051.000000 1.932529 -1.131192
 2052.000000 1.991462 -1.091261
 2053.000000 1.955679 -1.104937
 2054.000000 1.999535 -1.056387
 2055.000000 2.127000 -1.126063
 2056.000000 1.997580 -1.132724
 2057.000000 2.127036 -1.062442
 2058.000000 2.032681 -1.215077
 2059.000000 1.918262 -1.071297
 2060.000000 2.023056 -1.118201
 2061.000000 1.917353 -1.124975
 2062.000000 1.969826 -1.108658
 2063.000000 1.992089 -1.134336
 2064.000000 1.979596 -1.119837
 2065.000000 1.878552 -1.070401
 2066.000000 2.016892 -1.155498
 2067.000000 1.945421 -1.077252
 2068.000000 2.055101 -1.119069
 2069.000000 2.075273 -1.072186
 2070.000000 2.053034 -1.023047
 2071.000000 2.091625 -1.074160
 2072.000000 2.056371 -0.971970
 2073.000000 2.057142 -0.999798
 2074.000000 2.094134 -1.028639
 2075.000000 2.017121 -0.960871
 2076.000000 2.052646 -0.995551
 2077.000000 2.051771 -1.129068
 2078.000000 1.859939 -1.087218
 2079.000000 1.928682 -1.076630
 2080.000000 1.985714 -1.184513
 2081.000000 1.942909 -1.124654
 2082.000000 1.925598 -1.117537
 2083.000000 1.893955 -0.985707
 2084.000000 2.015547 -0.989184
 2085.000000 1.988579 -1.127835
 2086.000000 1.972061 -1.047595
 2087.000000 2.036133 -1.033826
 2088.000000 2.047351 -0.999528
 2089.000000 1.972465 -0.992061
 2090.000000 1.861916 -1.117278
 2091.000000 1.880627 -1.123101
 2092.000000 1.904282 -1.068406
 2093.000000 2.104140 -1.064904
 2094.000000 2.026728 -1.049720
 2095.000000 2.050184 -1.035443
 2096.000000 2.169664 -1.053237
 2097.000000 1.985776 -1.108479
 2098.000000 2.028266 -1.044056
 2099.000000 1.980231 -1.075289
 2100.000000 1.919891 -1.108305
 2101.000000 1.972521 -1.115482
 2102.000000 1.907127 -1.145233
 2103.000000 1.870055 -1.116393
 2104.000000 1.940090 -1.068128
 2105.000000 2.112163 -1.113169
 2106.000000 2.003436 -1.083132
 2107.000000 2.023516 -1.076146
 2108.000000 1.967935 -1.047961
 2109.000000 1.893394 -1.072982
 2110.000000 1.880002 -1.180446
 2111.000000 1.860379 -1.089230
 2112.000000 2.002737 -1.084075
 2113.000000 2.024770 -1.123392
 2114.000000 1.962123 -1.095365
 2115.000000 2.011336 -1.044769
 2116.000000 1.948526 -1.080177
 2117.000000 1.881889 -1.103087
 2118.000000 2.006437 -1.103786
 2119.000000 1.846338 -1.179393
 2120.000000 2.059821 -1.123785
 2121.000000 2.025443 -1.064631
 2122.000000 1.957794 -1.190375
 2123.000000 2.023321 -1.123665
 2124.000000 1.947186 -1.067105
 2125.000000 1.912201 -1.073317
 2126.000000 2.032281 -1.134074
 2127.000000 2.023997 -1.112586
 2128.000000 1.827583 -1.075019
 2129.000000 1.855967 -1.033226
 2130.000000 1.946343 -1.051340
 2131.000000 2.029301 -1.036738
 2132.000000 1.845984 -1.107385
 2133.000000 1.961832 -1.228378
 2134.000000 2.067654 -1.144307
 2135.000000 1.841378 -1.155000
 2136.000000 1.820877 -1.087335
 2137.000000 1.896958 -1.071114
 2138.000000 1.920416 -1.109137
 2139.000000 1.928371 -1.104897
 2140.000000 1.986974 -1.143375
 2141.000000 1.859514 -1.135553
 2142.000000 1.955136 -1.116034
 2143.000000 1.969717 -1.134240
 2144.000000 1.892205 -1.130686
 2145.000000 1.908948 -1.151754
 2146.000000 1.985483 -1.109141
 2147.000000 1.964303 -1.065941
 2148.000000 1.803384 -1.162519
 2149.000000 2.078629 -1.188880
 2150.000000 2.040320 -1.118737
 2151.000000 1.929922 -1.042440
 2152.000000 1.962348 -1.052512
 2153.000000 1.852401 -1.105297
 2154.000000 2.032984 -1.159763
 2155.000000 1.931098 -1.149164
 2156.000000 1.944568 -1.075057
 2157.000000 1.957319 -1.207413
 2158.000000 1.921613 -1.059554
 2159.000000 2.007492 -1.095884
 2160.000000 2.066851 -1.168281
 2161.000000 2.026756 -1.176381
 2162.000000 1.986469 -1.101706
 2163.000000 2.108110 -0.997098
 2164.000000 1.949813 -1.032568
 2165.000000 2.007499 -1.014412
 2166.000000 1.987362 -1.066706
 2167.000000 1.961447 -1.197189
 2168.000000 2.029545 -1.094965
 2169.000000 2.127490 -1.002562
 2170.000000 2.081633 -1.167466
 2171.000000 2.124965 -1.146952
 2172.000000 2.002635 -1.061403
 2173.000000 2.127212 -0.997934
 2174.000000 2.030966 -1.059040
 2175.000000 2.054368 -1.055547
 2176.000000 2.160681 -1.082447
 2177.000000 2.033158 -1.175999
 2178.000000 2.046597 -1.078148
 2179.000000 2.028765 -1.133604
 2180.000000 1.907798 -1.162659
 2181.000000 1.952868 -1.103774
 2182.000000 1.936799 -1.090144
 2183.000000 1.976278 -1.130733
 2184.000000 1.923800 -0.931126
 2185.000000 1.912173 -1.089120
 2186.000000 2.007565 -1.111541
 2187.000000 1.991710 -1.122734
 2188.000000 1.937195 -1.027189
 2189.000000 1.863272 -1.046103
 2190.000000 1.913767 -1.000813
 2191.000000 1.985638 -1.081694
 2192.000000 1.904963 -1.063219
 2193.000000 1.841115 -1.081731
 2194.000000 1.975842 -1.020587
 2195.000000 2.145018 -1.117187
 2196.000000 2.154259 -1.041182
 2197.000000 2.170404 -1.070733
 2198.000000 2.075618 -1.001720
 2199.000000 2.048703 -1.031064
 2200.000000 2.052061 -1.013146
 2201.000000 2.011189 -0.989273
 2202.000000 2.018313 -1.070325
 2203.000000 1.952379 -1.104107
 2204.000000 1.800348 -1.116559
 2205.000000 1.880560 -1.024787
 2206.000000 1.950602 -1.033646
 2207.000000 1.948977 -0.966939
 2208.000000 1.940409 -0.951908
 2209.000000 1.969105 -1.023327
 2210.000000 2.099847 -1.026279
 2211.000000 2.119224 -0.988673
 2212.000000 2.015360 -0.987770
 2213.000000 1.948345 -0.998513
 2214.000000 1.977546 -0.989174
 2215.000000 1.980986 -1.038751
 2216.000000 1.853207 -1.047091
 2217.000000 2.012369 -1.034619
 2218.000000 1.882845 -1.113340
 2219.000000 1.899551 -1.002718
 2220.000000 1.867362 -0.963548
 2221.000000 1.876183 -1.014560
 2222.000000 1.863469 -1.006918
 2223.000000 2.001179 -0.955500
 2224.000000 1.841145 -1.010817
 2225.000000 2.000691 -0.991446
 2226.000000 1.863799 -1.040390
 2227.000000 2.002499 -1.100882
 2228.000000 2.049897 -1.120331
 2229.000000 2.060164 -1.061636
 2230.000000 1.990002 -1.097173
 2231.000000 1.967135 -1.132073
 2232.000000 1.988347 -1.140989
 2233.000000 2.003690 -1.144505
 2234.000000 2.076529 -1.105150
 2235.000000 1.877489 -1.045128
 2236.000000 1.988322 -1.153933
 2237.000000 1.932141 -1.083636
 2238.000000 2.027975 -1.103166
 2239.000000 2.017436 -1.085935
 2240.000000 1.938915 -1.056005
 2241.000000 1.907305 -1.074256
 2242.000000 1.976461 -1.206160
 2243.000000 1.873253 -1.114956
 2244.000000 1.952837 -1.129643
 2245.000000 1.992630 -1.118132
 2246.000000 2.070501 -1.145100
 2247.000000 1.895587 -1.081724
 2248.000000 2.136831 -1.133226
 2249.000000 1.982399 -1.200801
 2250.000000 1.919577 -1.080303
 2251.000000 2.034928 -1.096227
 2252.000000 2.070007 -1.120394
 2253.000000 1.893296 -1.146735
 2254.000000 1.987828 -1.127820
 2255.000000 2.121396 -1.101802
 2256.000000 1.962998 -1.100211
 2257.000000 2.007799 -1.154719
 2258.000000 2.023179 -1.076533
 2259.000000 2.091259 -1.066918
 2260.000000 1.932413 -1.062781
 2261.000000 2.141588 -1.056071
 2262.000000 2.114224 -1.070706
 2263.000000 2.007693 -1.059990
 2264.000000 2.044763 -1.062286
 2265.000000 2.062407 -1.085401
 2266.000000 2.014866 -1.086703
 2267.000000 2.070835 -1.138951
 2268.000000 2.077512 -1.105855
 2269.000000 2.097601 -1.105930
 2270.000000 2.065845 -1.078880
 2271.000000 1.995707 -1.089710
 2272.000000 2.069316 -1.093140
 2273.000000 2.039081 -1.125741
 2274.000000 2.078744 -1.072623
 2275.000000 2.169139 -1.006296
 2276.000000 2.079234 -1.069374
 2277.000000 2.154127 -1.057066
 2278.000000 2.132130 -1.066391
 2279.000000 2.102522 -1.092876
 2280.000000 2.036201 -1.122055
 2281.000000 2.124714 -1.080283
 2282.000000 2.113669 -1.167154
 2283.000000 1.963588 -1.143528
 2284.000000 1.971400 -1.135323
 2285.000000 1.936730 -1.147112
 2286.000000 2.054753 -1.118869
 2287.000000 1.939918 -1.051475
 2288.000000 1.915109 -1.137605
 2289.000000 1.890406 -1.177907
 2290.000000 1.924185 -1.112210
 2291.000000 1.983753 -1.222117
 2292.000000 1.949101 -1.133009
 2293.000000 1.946529 -1.153379
 2294.000000 1.895889 -1.133459
 2295.000000 2.015576 -1.143952
 2296.000000 1.948800 -1.044983
 2297.000000 1.998053 -1.113926
 2298.000000 2.004306 -1.133253
 2299.000000 2.060960 -1.099245
 2300.000000 1.999117 -1.128484
 2301.000000 1.910665 -1.129706
 2302.000000 1.989652 -1.097278
 2303.000000 1.905483 -1.137195
 2304.000000 1.977100 -1.043493
 2305.000000 1.810720 -1.056405
 2306.000000 2.034581 -1.048803
 2307.000000 2.021062 -1.104105
 2308.000000 1.878994 -1.109083
 2309.000000 1.881343 -1.119304
 2310.000000 2.072917 -1.047183
 2311.000000 1.900440 -1.027505
 2312.000000 1.941391 -1.104656
 2313.000000 1.983588 -1.123378
 2314.000000 1.937500 -1.021994
 2315.000000 1.974018 -1.088060
 2316.000000 1.937861 -1.118621
 2317.000000 1.862850 -1.138982
 2318.000000 1.983986 -1.098250
 2319.000000 1.968669 -1.069158
 2320.000000 1.972502 -0.998924
 2321.000000 2.017329 -1.064569
 2322.000000 2.043942 -1.119340
 2323.000000 2.037591 -1.144465
 2324.000000 1.939741 -1.196881
 2325.000000 2.059072 -1.068335
 2326.000000 1.892381 -1.176243
 2327.000000 2.113585 -1.174859
 2328.000000 2.060068 -1.089976
 2329.000000 1.996824 -1.079899
 2330.000000 1.863037 -1.110678
 2331.000000 1.865961 -1.042934
 2332.000000 1.997355 -1.068615
 2333.000000 1.898981 -1.053123
 2334.000000 2.020670 -1.135012
 2335.000000 1.992724 -1.121130
 2336.000000 1.974314 -1.099229
 2337.000000 2.035874 -1.115127
 2338.000000 1.960637 -1.040158
 2339.000000 1.989661 -1.038552
 2340.000000 2.015292 -1.048660
 2341.000000 2.043543 -1.140438
 2342.000000 2.029063 -1.068058
 2343.000000 1.913981 -1.050209
 2344.000000 2.036858 -0.966733
 2345.000000 1.952457 -1.033646
 2346.000000 1.936905 -1.047765
 2347.000000 2.034001 -1.092937
 2348.000000 2.094636 -1.103045
 2349.000000 1.934556 -1.081467
 2350.000000 1.924749 -1.082392
 2351.000000 2.072103 -1.083865
 2352.000000 1.916236 -1.092743
 2353.000000 2.080887 -1.054702
 2354.000000 1.889738 -1.176381
 2355.000000 1.995909 -1.157632
 2356.000000 1.925378 -1.104092
 2357.000000 1.929129 -1.057278
 2358.000000 1.994304 -1.061279
 2359.000000 1.966579 -1.070875
 2360.000000 1.954821 -1.043112
 2361.000000 1.948031 -1.043428
 2362.000000 2.035741 -1.097269
 2363.000000 1.992068 -1.037181
 2364.000000 1.985808 -1.046465
 2365.000000 2.002091 -1.086988
 2366.000000 2.046227 -1.051679
 2367.000000 1.955539 -1.150820
 2368.000000 1.890005 -1.140666
 2369.000000 2.043665 -1.161325
 2370.000000 1.926558 -1.102937
 2371.000000 1.968057 -1.111920
 2372.000000 1.925283 -1.064704
 2373.000000 1.934819 -1.076365
 2374.000000 1.977449 -1.162295
 2375.000000 2.051980 -1.083780
 2376.000000 2.001386 -1.077380
 2377.000000 1.958941 -1.048384
 2378.000000 2.000481 -1.169741
 2379.000000 1.999696 -1.135500
 2380.000000 1.986517 -1.109836
 2381.000000 2.030389 -1.081062
 2382.000000 2.096597 -1.112262
 2383.000000 2.034368 -1.094993
 2384.000000 2.014308 -1.091196
 2385.000000 2.013071 -1.093724
 2386.000000 1.955480 -1.129204
 2387.000000 2.047005 -1.119651
 2388.000000 2.017821 -1.123817
 2389.000000 2.048480 -1.056988
 2390.000000 2.052037 -1.095157
 2391.000000 1.984434 -1.006869
 2392.000000 2.039499 -1.065584
 2393.000000 1.971176 -1.116100
 2394.000000 1.962844 -1.148408
 2395.000000 2.010593 -1.114025
 2396.000000 2.063076 -1.037214
 2397.000000 1.984182 -1.151177
 2398.000000 2.071449 -1.136074
 2399.000000 1.893726 -1.151809
 2400.000000 1.973046 -1.151332
 2401.000000 2.045643 -1.077329
 2402.000000 2.020478 -1.024639
 2403.000000 1.865232 -1.074886
 2404.000000 2.010610 -1.012934
 2405.000000 1.979677 -1.039240
 2406.000000 1.958937 -1.062905
 2407.000000 2.012726 -1.149559
 2408.000000 2.027034 -1.155510
 2409.000000 1.955591 -1.125478
 2410.000000 2.183474 -1.064190
 2411.000000 1.985346 -1.168011
 2412.000000 2.128593 -1.173510
 2413.000000 1.988520 -1.085135
 2414.000000 1.982651 -1.094065
 2415.000000 2.031806 -1.109357
 2416.000000 1.981968 -1.105102
 2417.000000 2.000340 -1.024482
 2418.000000 2.078427 -1.127450
 2419.000000 1.992018 -1.104194
 2420.000000 2.038266 -1.085681
 2421.000000 2.149340 -1.194100
 2422.000000 1.875745 -1.094490
 2423.000000 1.917639 -1.100716
 2424.000000 2.033055 -1.081087
 2425.000000 1.886247 -1.095169
 2426.000000 2.053463 -1.063143
 2427.000000 1.971505 -1.086146
 2428.000000 2.086929 -1.036525
 2429.000000 2.096024 -1.073686
 2430.000000 2.106496 -1.109016
 2431.000000 2.017317 -1.042880
 2432.000000 2.013563 -1.192662
 2433.000000 1.974512 -1.210035
 2434.000000 2.015992 -1.141000
 2435.000000 1.884636 -1.143660
 2436.000000 2.207140 -1.164085
 2437.000000 2.071134 -1.105641
 2438.000000 2.039813 -1.065082
 2439.000000 2.029520 -1.193379
 2440.000000 2.025149 -1.172825
 2441.000000 2.018982 -1.080373
 2442.000000 2.156345 -1.030424
 2443.000000 2.028077 -1.062806
 2444.000000 2.117632 -1.004839
 2445.000000 2.143061 -1.025067
 2446.000000 2.045083 -1.047057
 2447.000000 2.033100 -1.073650
 2448.000000 2.037835 -1.039846
 2449.000000 2.111519 -1.089227
 2450.000000 2.021013 -1.024176
 2451.000000 2.096977 -1.105196
 2452.000000 2.043204 -1.059631
 2453.000000 2.020077 -1.053329
 2454.000000 2.030615 -1.081923
 2455.000000 2.053871 -1.168111
 2456.000000 2.117029 -1.060348
 2457.000000 2.049968 -1.100600
 2458.000000 2.030103 -1.097135
 2459.000000 2.080802 -1.054631
 2460.000000 2.079329 -1.002105
 2461.000000 2.080276 -1.058989
 2462.000000 2.120036 -1.104340
 2463.000000 2.070936 -1.162232
 2464.000000 2.047600 -1.094651
 2465.000000 2.046450 -1.016296
 2466.000000 1.937900 -1.035290
 2467.000000 2.048315 -1.052943
 2468.000000 1.904727 -1.097263
 2469.000000 1.914519 -1.064531
 2470.000000 2.048789 -1.066610
 2471.000000 1.906817 -1.087543
 2472.000000 1.937615 -1.131364
 2473.000000 2.029047 -1.016304
 2474.000000 1.940084 -1.052677
 2475.000000 2.051179 -1.054490
 2476.000000 2.047932 -1.074318
 2477.000000 2.012108 -1.184573
 2478.000000 2.046019 -1.183019
 2479.000000 2.081666 -1.119473
 2480.000000 2.056572 -1.153106
 2481.000000 2.066382 -1.057012
 2482.000000 1.980840 -1.082686
 2483.000000 2.094983 -1.118249
 2484.000000 2.151511 -1.047935
 2485.000000 2.049742 -1.043409
 2486.000000 2.053484 -1.019855
 2487.000000 2.017382 -1.114120
 2488.000000 2.050853 -1.059855
 2489.000000 2.031008 -1.052813
 2490.000000 2.039234 -1.119687
 2491.000000 2.037693 -1.074901
 2492.000000 2.064726 -1.029931
 2493.000000 2.081924 -1.005716
 2494.000000 2.002117 -1.108281
 2495.000000 1.990174 -1.121449
 2496.000000 2.063359 -1.117516
 2497.000000 1.964122 -1.070574
 2498.000000 2.128289 -1.103166
 2499.000000 2.014272 -1.037759
 2500.000000 2.000732 -1.104699
