#! FIELDS time pd_137_140 diff
 0.000000 2.059655 -0.175199
 1.000000 1.884194 -0.219717
 2.000000 1.826008 -0.135641
 3.000000 1.884448 -0.220344
 4.000000 1.750001 -0.177172
 5.000000 1.838264 -0.156081
 6.000000 1.772884 -0.176169
 7.000000 1.785703 -0.207945
 8.000000 1.753731 -0.192633
 9.000000 1.822679 -0.285981
 10.000000 1.822800 -0.113105
 11.000000 1.767878 -0.175863
 12.000000 1.765245 -0.198178
 13.000000 1.838539 -0.250156
 14.000000 1.842247 -0.274182
 15.000000 1.930895 -0.222660
 16.000000 1.777058 -0.208064
 17.000000 1.913832 -0.224893
 18.000000 1.775760 -0.196243
 19.000000 1.894744 -0.188288
 20.000000 1.849724 -0.113123
 21.000000 1.746746 -0.188464
 22.000000 1.812785 -0.156286
 23.000000 1.781905 -0.235136
 24.000000 1.798916 -0.152745
 25.000000 1.842099 -0.249889
 26.000000 1.766927 -0.261292
 27.000000 1.768689 -0.196913
 28.000000 1.701883 -0.170645
 29.000000 1.837980 -0.169964
 30.000000 1.753382 -0.182750
 31.000000 1.811919 -0.172563
 32.000000 1.814146 -0.248737
 33.000000 1.793775 -0.222451
 34.000000 1.800441 -0.242663
 35.000000 1.880201 -0.208558
 36.000000 1.811297 -0.207585
 37.000000 1.806829 -0.229345
 38.000000 1.860285 -0.165060
 39.000000 1.837093 -0.160959
 40.000000 1.804532 -0.241859
 41.000000 1.766533 -0.189815
 42.000000 1.845306 -0.232137
 43.000000 1.750468 -0.186914
 44.000000 1.750094 -0.260942
 45.000000 1.748443 -0.185764
 46.000000 1.779772 -0.183056
 47.000000 1.623106 -0.189549
 48.000000 1.753934 -0.206480
 49.000000 1.716440 -0.223504
 50.000000 1.813817 -0.115820
 51.000000 1.733674 -0.205766
 52.000000 1.716243 -0.202397
 53.000000 1.710543 -0.224792
 54.000000 1.679070 -0.204491
 55.000000 1.717006 -0.189091
 56.000000 1.763597 -0.224346
 57.000000 1.727346 -0.206029
 58.000000 1.711465 -0.145722
 59.000000 1.740550 -0.155854
 60.000000 1.672783 -0.231199
 61.000000 1.714758 -0.079640
 62.000000 1.774451 -0.147518
 63.000000 1.628788 -0.195581
 64.000000 1.826723 -0.189957
 65.000000 1.666168 -0.078489
 66.000000 1.858942 -0.108186
 67.000000 1.761339 -0.130936
 68.000000 1.876427 -0.110586
 69.000000 1.852825 -0.233697
 70.000000 1.730988 -0.170827
 71.000000 1.742051 -0.228109
 72.000000 1.705950 -0.090891
 73.000000 1.718943 -0.152681
 74.000000 1.713733 -0.132977
 75.000000 1.858671 -0.140344
 76.000000 1.755730 -0.133684
 77.000000 1.808332 -0.154422
 78.000000 1.718371 -0.126486
 79.000000 1.772791 -0.156079
 80.000000 1.632012 -0.131660
 81.000000 1.732067 -0.159680
 82.000000 1.922101 -0.192260
 83.000000 1.666142 -0.112502
 84.000000 1.752101 -0.101627
 85.000000 1.667254 -0.064767
 86.000000 1.674031 -0.126964
 87.000000 1.790724 -0.160819
 88.000000 1.645321 -0.104748
 89.000000 1.724569 -0.012231
 90.000000 1.782646 -0.081676
 91.000000 1.774263 -0.106071
 92.000000 1.795378 -0.080198
 93.000000 1.690750 -0.053512
 94.000000 1.689188 -0.158968
 95.000000 1.793600 -0.069969
 96.000000 1.614301 -0.084044
 97.000000 1.659851 -0.099568
 98.000000 1.650447 -0.111776
 99.000000 1.678056 -0.141721
 100.000000 1.748238 -0.152956
 101.000000 1.668155 -0.188429
 102.000000 1.665270 -0.149406
 103.000000 1.722328 -0.244451
 104.000000 1.779296 -0.118138
 105.000000 1.661609 -0.130500
 106.000000 1.679703 -0.075872
 107.000000 1.643652 -0.165708
 108.000000 1.578442 -0.142779
 109.000000 1.742702 -0.094448
 110.000000 1.698354 -0.109958
 111.000000 1.646519 -0.103382
 112.000000 1.721749 -0.181928
 113.000000 1.690846 -0.096304
 114.000000 1.772185 -0.146200
 115.000000 1.802211 -0.126329
 116.000000 1.642598 -0.183609
 117.000000 1.776875 -0.130699
 118.000000 1.622076 -0.185334
 119.000000 1.737948 -0.129974
 120.000000 1.893543 -0.186114
 121.000000 1.726419 -0.143668
 122.000000 1.692791 -0.195675
 123.000000 1.786417 -0.240541
 124.000000 1.790340 -0.238327
 125.000000 1.826900 -0.137892
 126.000000 1.775290 -0.168395
 127.000000 1.782392 -0.047300
 128.000000 1.801350 -0.130206
 129.000000 1.719521 -0.193610
 130.000000 1.724623 -0.206275
 131.000000 1.673731 -0.185090
 132.000000 1.795518 -0.065441
 133.000000 1.765240 -0.177174
 134.000000 1.827813 -0.180051
 135.000000 1.732293 -0.116746
 136.000000 1.713319 -0.073723
 137.000000 1.814299 -0.177130
 138.000000 1.732614 -0.165960
 139.000000 1.766481 -0.078554
 140.000000 1.683653 -0.180631
 141.000000 1.790755 -0.163671
 142.000000 1.707256 -0.223926
 143.000000 1.726078 -0.195679
 144.000000 1.723723 -0.135884
 145.000000 1.750468 -0.176039
 146.000000 1.782486 -0.124796
 147.000000 1.785153 -0.178860
 148.000000 1.802295 -0.215079
 149.000000 1.757417 -0.086831
 150.000000 1.835271 -0.171668
 151.000000 1.898892 -0.112578
 152.000000 1.850530 -0.119408
 153.000000 1.693726 -0.241814
 154.000000 1.874862 -0.169421
 155.000000 1.821468 -0.299580
 156.000000 1.777433 -0.213553
 157.000000 1.734544 -0.190383
 158.000000 1.862853 -0.117485
 159.000000 1.752025 -0.019271
 160.000000 1.757431 -0.102211
 161.000000 1.710002 -0.111834
 162.000000 1.751889 -0.083724
 163.000000 1.767801 0.009376
 164.000000 1.719105 -0.128613
 165.000000 1.749597 -0.157354
 166.000000 1.777524 -0.059021
 167.000000 1.817330 -0.081632
 168.000000 1.796059 -0.102069
 169.000000 1.770170 -0.075152
 170.000000 1.904461 -0.054447
 171.000000 1.793040 -0.141796
 172.000000 1.710052 -0.090705
 173.000000 1.871335 -0.092375
 174.000000 1.710198 -0.076309
 175.000000 1.744267 -0.140232
 176.000000 1.761203 -0.145453
 177.000000 1.726634 -0.129573
 178.000000 1.842037 -0.088804
 179.000000 1.805313 -0.141213
 180.000000 1.706377 -0.151859
 181.000000 1.748960 -0.167051
 182.000000 1.751950 -0.112734
 183.000000 1.890829 -0.125157
 184.000000 1.855344 -0.179873
 185.000000 1.795901 -0.179368
 186.000000 1.733193 -0.154184
 187.000000 1.831409 -0.152047
 188.000000 1.784948 -0.164929
 189.000000 1.798324 -0.158296
 190.000000 1.856357 -0.119195
 191.000000 1.697697 -0.158565
 192.000000 1.719366 -0.121052
 193.000000 1.743780 -0.216138
 194.000000 1.809269 -0.174030
 195.000000 1.764793 -0.230954
 196.000000 1.844493 -0.228947
 197.000000 1.721276 -0.092088
 198.000000 1.865792 -0.196677
 199.000000 1.711357 -0.106516
 200.000000 1.772691 -0.210078
 201.000000 1.698613 -0.176923
 202.000000 1.717126 -0.125502
 203.000000 1.767178 -0.132464
 204.000000 1.683101 -0.157103
 205.000000 1.811617 -0.126833
 206.000000 1.849518 -0.120963
 207.000000 1.767037 -0.098417
 208.000000 1.674039 -0.171272
 209.000000 1.782589 -0.081497
 210.000000 1.745284 -0.221101
 211.000000 1.810936 -0.105629
 212.000000 1.764295 -0.066513
 213.000000 1.734867 -0.046568
 214.000000 1.774307 -0.174431
 215.000000 1.902427 -0.192615
 216.000000 1.813640 -0.196675
 217.000000 1.790295 -0.101448
 218.000000 1.777449 -0.135142
 219.000000 1.693978 -0.113927
 220.000000 1.755838 -0.202912
 221.000000 1.768163 -0.201949
 222.000000 1.723692 -0.082795
 223.000000 1.830913 -0.214412
 224.000000 1.708028 -0.186826
 225.000000 1.782918 -0.079718
 226.000000 1.788332 -0.174319
 227.000000 1.700792 -0.205849
 228.000000 1.720213 -0.146876
 229.000000 1.785551 -0.152755
 230.000000 1.746399 -0.232364
 231.000000 1.537934 -0.094580
 232.000000 1.694060 -0.161650
 233.000000 1.625866 -0.080959
 234.000000 1.676774 -0.154555
 235.000000 1.755034 -0.235208
 236.000000 1.674125 -0.108821
 237.000000 1.741150 -0.134955
 238.000000 1.753782 -0.091136
 239.000000 1.720711 -0.137572
 240.000000 1.765675 -0.065605
 241.000000 1.808284 -0.061096
 242.000000 1.843998 -0.171904
 243.000000 1.855694 -0.132747
 244.000000 1.809820 -0.157351
 245.000000 1.758372 -0.019453
 246.000000 1.772183 -0.110933
 247.000000 1.785089 -0.176035
 248.000000 1.738711 -0.122397
 249.000000 1.763774 0.000089
 250.000000 1.818431 -0.048055
 251.000000 1.688499 0.028038
 252.000000 1.811091 -0.195282
 253.000000 1.836507 -0.093858
 254.000000 1.838117 -0.076802
 255.000000 1.803311 -0.050616
 256.000000 1.754590 -0.079771
 257.000000 1.840650 -0.136145
 258.000000 1.827802 -0.107498
 259.000000 1.827585 -0.117972
 260.000000 1.704618 -0.122735
 261.000000 1.768393 -0.158473
 262.000000 2.019876 -0.138884
 263.000000 1.781237 -0.107280
 264.000000 1.708661 -0.118027
 265.000000 1.817542 -0.128887
 266.000000 1.828961 -0.142539
 267.000000 1.787152 -0.129756
 268.000000 1.844756 -0.142397
 269.000000 1.798939 -0.103142
 270.000000 1.804325 -0.079286
 271.000000 1.762181 -0.013513
 272.000000 1.736875 -0.066427
 273.000000 1.670450 -0.044358
 274.000000 1.766410 -0.058521
 275.000000 1.841355 -0.167397
 276.000000 1.851364 0.015041
 277.000000 1.663343 -0.110090
 278.000000 1.730802 -0.116032
 279.000000 1.807449 -0.070892
 280.000000 1.724757 -0.092402
 281.000000 1.683721 -0.125530
 282.000000 1.705473 -0.160272
 283.000000 1.855053 -0.089457
 284.000000 1.862563 -0.104534
 285.000000 1.901315 -0.126280
 286.000000 1.760562 -0.170856
 287.000000 1.725073 -0.085727
 288.000000 1.750302 -0.085666
 289.000000 1.769265 -0.128813
 290.000000 1.807666 -0.246511
 291.000000 1.641369 -0.136369
 292.000000 1.725617 -0.119920
 293.000000 1.776257 -0.083684
 294.000000 1.647988 -0.195778
 295.000000 1.787888 -0.129583
 296.000000 1.823306 -0.078977
 297.000000 1.764899 -0.094724
 298.000000 1.789815 -0.108136
 299.000000 1.862095 -0.095601
 300.000000 1.780808 -0.108439
 301.000000 1.798869 -0.164760
 302.000000 1.842398 -0.089418
 303.000000 1.781235 -0.116084
 304.000000 1.799872 -0.126117
 305.000000 1.811034 -0.204689
 306.000000 1.800872 -0.086798
 307.000000 1.811046 -0.096300
 308.000000 1.716878 -0.056688
 309.000000 1.744021 -0.104466
 310.000000 1.697869 -0.090304
 311.000000 1.691663 -0.162161
 312.000000 1.754310 -0.115410
 313.000000 1.795800 -0.219964
 314.000000 1.844009 -0.089320
 315.000000 1.809134 -0.100166
 316.000000 1.701997 -0.056947
 317.000000 1.770682 -0.137869
 318.000000 1.892703 -0.193289
 319.000000 1.771885 -0.086585
 320.000000 1.813421 -0.204073
 321.000000 1.829117 -0.109426
 322.000000 1.886209 -0.161837
 323.000000 1.785018 -0.216847
 324.000000 1.819442 -0.121497
 325.000000 1.759105 -0.141104
 326.000000 1.720289 -0.053035
 327.000000 1.832678 -0.094398
 328.000000 1.756255 -0.148327
 329.000000 1.800925 0.031996
 330.000000 1.808219 -0.020022
 331.000000 1.775855 -0.139059
 332.000000 1.926805 -0.066333
 333.000000 1.840629 -0.209226
 334.000000 1.888992 -0.155393
 335.000000 1.872439 -0.143370
 336.000000 1.802239 -0.204373
 337.000000 1.778544 -0.102750
 338.000000 1.791876 -0.163561
 339.000000 1.842448 -0.134316
 340.000000 1.876882 -0.060375
 341.000000 1.782317 -0.152661
 342.000000 1.807845 -0.093637
 343.000000 1.838604 -0.052014
 344.000000 1.866216 -0.058441
 345.000000 1.764388 -0.160480
 346.000000 1.869612 -0.167797
 347.000000 1.836679 -0.190387
 348.000000 1.783435 -0.175614
 349.000000 1.818179 -0.206359
 350.000000 1.781855 -0.104550
 351.000000 1.718749 -0.150855
 352.000000 1.763880 -0.107376
 353.000000 1.830402 -0.152369
 354.000000 1.792354 -0.032888
 355.000000 1.794958 -0.172104
 356.000000 1.812131 -0.087615
 357.000000 1.837998 -0.105995
 358.000000 1.856236 -0.160948
 359.000000 1.784520 -0.168672
 360.000000 1.793748 -0.167580
 361.000000 1.733890 -0.130448
 362.000000 1.709816 -0.160390
 363.000000 1.779272 -0.074840
 364.000000 1.745780 -0.017219
 365.000000 1.773481 -0.133290
 366.000000 1.743961 0.000083
 367.000000 1.661206 -0.127453
 368.000000 1.634401 -0.214660
 369.000000 1.702225 -0.146417
 370.000000 1.822391 -0.137552
 371.000000 1.628457 -0.119360
 372.000000 1.805412 -0.095950
 373.000000 1.818998 -0.104943
 374.000000 1.699804 -0.075905
 375.000000 1.792726 -0.107045
 376.000000 1.755489 -0.158537
 377.000000 1.799392 -0.044827
 378.000000 1.760353 -0.066764
 379.000000 1.667105 0.008280
 380.000000 1.780658 -0.177446
 381.000000 1.657163 -0.047550
 382.000000 1.656204 -0.176473
 383.000000 1.644606 -0.050900
 384.000000 1.644333 -0.050013
 385.000000 1.670452 -0.172492
 386.000000 1.788727 -0.113470
 387.000000 1.768153 -0.007788
 388.000000 1.762517 -0.159139
 389.000000 1.793945 -0.086142
 390.000000 1.686608 -0.153780
 391.000000 1.813769 -0.084728
 392.000000 1.678662 -0.090192
 393.000000 1.626949 0.000493
 394.000000 1.610427 -0.016018
 395.000000 1.761452 -0.106957
 396.000000 1.750115 -0.082189
 397.000000 1.737165 -0.124910
 398.000000 1.636268 -0.087669
 399.000000 1.628723 -0.148211
 400.000000 1.653609 -0.163604
 401.000000 1.748306 -0.175057
 402.000000 1.808918 -0.146529
 403.000000 1.732648 -0.227975
 404.000000 1.680647 -0.154086
 405.000000 1.760686 -0.067135
 406.000000 1.729613 -0.144171
 407.000000 1.627902 -0.096382
 408.000000 1.557416 -0.077604
 409.000000 1.601455 -0.195954
 410.000000 1.784370 -0.188642
 411.000000 1.693976 -0.210907
 412.000000 1.739412 -0.171472
 413.000000 1.752399 -0.144833
 414.000000 1.593400 -0.145514
 415.000000 1.500444 -0.222328
 416.000000 1.689484 -0.142935
 417.000000 1.642495 -0.073577
 418.000000 1.530606 -0.114009
 419.000000 1.563945 -0.324712
 420.000000 1.659011 -0.166587
 421.000000 1.696341 -0.130830
 422.000000 1.617369 -0.153498
 423.000000 1.664583 -0.038068
 424.000000 1.733360 0.042794
 425.000000 1.724768 -0.082882
 426.000000 1.740634 -0.091215
 427.000000 1.608364 -0.099109
 428.000000 1.673618 -0.107611
 429.000000 1.633230 -0.127843
 430.000000 1.674878 -0.101438
 431.000000 1.642625 -0.137454
 432.000000 1.604167 -0.095636
 433.000000 1.625054 -0.160041
 434.000000 1.596875 -0.165499
 435.000000 1.682897 -0.167250
 436.000000 1.781546 -0.094579
 437.000000 1.719702 -0.121984
 438.000000 1.689056 -0.140105
 439.000000 1.582985 -0.106279
 440.000000 1.677367 -0.064012
 441.000000 1.742506 -0.102472
 442.000000 1.764766 -0.104399
 443.000000 1.723045 -0.151549
 444.000000 1.686214 -0.204459
 445.000000 1.679051 -0.096956
 446.000000 1.749320 -0.114498
 447.000000 1.561908 0.019022
 448.000000 1.621995 -0.067975
 449.000000 1.718328 -0.040918
 450.000000 1.690139 -0.135976
 451.000000 1.692171 -0.085715
 452.000000 1.556935 -0.048799
 453.000000 1.755649 -0.118974
 454.000000 1.731347 -0.010212
 455.000000 1.594198 -0.153041
 456.000000 1.726357 -0.171170
 457.000000 1.793778 -0.153906
 458.000000 1.715034 -0.140572
 459.000000 1.645823 -0.176965
 460.000000 1.791685 -0.236814
 461.000000 1.622457 -0.189007
 462.000000 1.716318 -0.140712
 463.000000 1.798698 -0.122573
 464.000000 1.691360 -0.095223
 465.000000 1.641707 -0.014546
 466.000000 1.673473 -0.045512
 467.000000 1.751011 -0.175549
 468.000000 1.682175 -0.164921
 469.000000 1.696017 -0.206850
 470.000000 1.680969 -0.031081
 471.000000 1.662962 -0.155420
 472.000000 1.653379 -0.070989
 473.000000 1.761328 -0.123025
 474.000000 1.759236 -0.156604
 475.000000 1.691838 -0.118963
 476.000000 1.724143 -0.208741
 477.000000 1.618823 -0.080131
 478.000000 1.661980 -0.170091
 479.000000 1.697301 -0.091783
 480.000000 1.788962 -0.021553
 481.000000 1.710211 -0.075552
 482.000000 1.817429 -0.047606
 483.000000 1.684247 -0.185570
 484.000000 1.684479 -0.120717
 485.000000 1.658374 -0.111851
 486.000000 1.753967 -0.200451
 487.000000 1.736211 -0.038501
 488.000000 1.761039 -0.113883
 489.000000 1.655694 -0.054658
 490.000000 1.892209 -0.168940
 491.000000 1.659384 0.007685
 492.000000 1.790678 -0.173305
 493.000000 1.714588 -0.032025
 494.000000 1.676324 -0.085849
 495.000000 1.604541 -0.054796
 496.000000 1.634494 -0.203102
 497.000000 1.671842 -0.115854
 498.000000 1.602152 -0.051736
 499.000000 1.709473 -0.196668
 500.000000 1.609764 -0.121727
 501.000000 1.696315 -0.154052
 502.000000 1.689857 -0.132278
 503.000000 1.726986 -0.097742
 504.000000 1.768277 -0.116171
 505.000000 1.682566 -0.003746
 506.000000 1.755373 -0.048412
 507.000000 1.627693 -0.081607
 508.000000 1.617990 -0.124830
 509.000000 1.783108 -0.129830
 510.000000 1.729300 -0.180460
 511.000000 1.704587 -0.159820
 512.000000 1.849551 -0.088361
 513.000000 1.716171 -0.137439
 514.000000 1.713195 -0.144992
 515.000000 1.755763 -0.063862
 516.000000 1.710390 -0.124403
 517.000000 1.629690 -0.069221
 518.000000 1.731578 -0.231229
 519.000000 1.676910 -0.233325
 520.000000 1.638169 -0.117394
 521.000000 1.647751 -0.183180
 522.000000 1.741190 -0.186549
 523.000000 1.655300 -0.066299
 524.000000 1.675909 0.005210
 525.000000 1.688053 -0.157134
 526.000000 1.720567 -0.136450
 527.000000 1.623599 -0.205715
 528.000000 1.839854 -0.088567
 529.000000 1.612008 -0.204631
 530.000000 1.682255 -0.258744
 531.000000 1.624188 -0.099065
 532.000000 1.649344 -0.282290
 533.000000 1.835512 -0.249884
 534.000000 1.720554 -0.126929
 535.000000 1.660445 -0.137284
 536.000000 1.726191 -0.149954
 537.000000 1.646928 -0.193124
 538.000000 1.673130 -0.199600
 539.000000 1.703834 -0.151042
 540.000000 1.600749 -0.170943
 541.000000 1.790138 -0.152421
 542.000000 1.754917 -0.213051
 543.000000 1.663657 -0.153898
 544.000000 1.634177 -0.158940
 545.000000 1.695451 -0.200422
 546.000000 1.639946 -0.202637
 547.000000 1.739047 -0.210436
 548.000000 1.687813 -0.184904
 549.000000 1.702996 -0.193369
 550.000000 1.723051 -0.180934
 551.000000 1.740214 -0.202459
 552.000000 1.609958 -0.201898
 553.000000 1.622088 -0.143663
 554.000000 1.616156 -0.086154
 555.000000 1.699920 -0.135043
 556.000000 1.680860 -0.247450
 557.000000 1.704352 -0.093313
 558.000000 1.677670 -0.058925
 559.000000 1.744081 -0.053655
 560.000000 1.630763 -0.063242
 561.000000 1.672883 -0.157555
 562.000000 1.596771 -0.137272
 563.000000 1.610057 -0.092846
 564.000000 1.648084 -0.165198
 565.000000 1.695468 -0.042954
 566.000000 1.668397 -0.066643
 567.000000 1.586203 -0.130974
 568.000000 1.686206 -0.064432
 569.000000 1.733634 -0.094843
 570.000000 1.715503 -0.137029
 571.000000 1.698716 -0.083842
 572.000000 1.695192 -0.161319
 573.000000 1.799338 -0.146190
 574.000000 1.737832 -0.056626
 575.000000 1.648349 -0.103661
 576.000000 1.797737 -0.144207
 577.000000 1.746807 -0.093502
 578.000000 1.728737 -0.109019
 579.000000 1.711779 -0.131513
 580.000000 1.666072 -0.121079
 581.000000 1.548567 -0.130574
 582.000000 1.670759 -0.065079
 583.000000 1.734262 -0.167527
 584.000000 1.635072 -0.117492
 585.000000 1.634451 0.003874
 586.000000 1.596852 -0.080294
 587.000000 1.648525 -0.155263
 588.000000 1.683939 -0.179873
 589.000000 1.645507 -0.107500
 590.000000 1.637160 -0.095721
 591.000000 1.648000 -0.083655
 592.000000 1.599585 -0.192821
 593.000000 1.701908 -0.062126
 594.000000 1.607840 -0.081368
 595.000000 1.721384 -0.180390
 596.000000 1.629787 -0.139822
 597.000000 1.492873 -0.155902
 598.000000 1.595946 -0.083160
 599.000000 1.587106 -0.092081
 600.000000 1.531445 -0.075879
 601.000000 1.645697 -0.168681
 602.000000 1.664391 -0.176857
 603.000000 1.622733 -0.141468
 604.000000 1.593402 -0.195255
 605.000000 1.582089 -0.125041
 606.000000 1.640780 -0.210818
 607.000000 1.699572 -0.229027
 608.000000 1.537310 -0.132863
 609.000000 1.669275 -0.220231
 610.000000 1.691029 -0.168998
 611.000000 1.592380 -0.176719
 612.000000 1.613938 -0.150113
 613.000000 1.698642 -0.138024
 614.000000 1.622254 -0.206396
 615.000000 1.700225 -0.023775
 616.000000 1.619402 -0.030405
 617.000000 1.741941 -0.155040
 618.000000 1.668675 -0.247289
 619.000000 1.675838 -0.126583
 620.000000 1.717769 -0.156448
 621.000000 1.595569 -0.166786
 622.000000 1.718023 -0.239296
 623.000000 1.547231 -0.211353
 624.000000 1.586199 -0.049818
 625.000000 1.737743 -0.110972
 626.000000 1.694871 -0.158297
 627.000000 1.636626 -0.111262
 628.000000 1.622289 -0.085223
 629.000000 1.677250 -0.076346
 630.000000 1.821273 -0.106148
 631.000000 1.729420 -0.207216
 632.000000 1.788034 -0.209445
 633.000000 1.615809 -0.187837
 634.000000 1.737754 -0.093042
 635.000000 1.629619 -0.160111
 636.000000 1.675089 -0.118146
 637.000000 1.678585 -0.157458
 638.000000 1.651599 -0.152330
 639.000000 1.696087 -0.135609
 640.000000 1.757261 -0.086768
 641.000000 1.744719 -0.135909
 642.000000 1.659872 -0.089272
 643.000000 1.689486 -0.112475
 644.000000 1.593039 -0.112641
 645.000000 1.666833 -0.082001
 646.000000 1.618455 -0.179352
 647.000000 1.583400 -0.110718
 648.000000 1.586832 -0.068199
 649.000000 1.545360 -0.100371
 650.000000 1.649171 -0.125292
 651.000000 1.626161 -0.137823
 652.000000 1.634497 -0.234386
 653.000000 1.686319 -0.159550
 654.000000 1.725398 -0.169177
 655.000000 1.639084 -0.169353
 656.000000 1.801728 -0.176506
 657.000000 1.652126 -0.154970
 658.000000 1.651901 -0.142829
 659.000000 1.608092 -0.152213
 660.000000 1.528415 -0.204752
 661.000000 1.504906 -0.216910
 662.000000 1.613409 -0.136145
 663.000000 1.513183 -0.215219
 664.000000 1.633513 -0.129798
 665.000000 1.511060 -0.130669
 666.000000 1.623246 -0.032724
 667.000000 1.596655 -0.119901
 668.000000 1.582243 -0.181376
 669.000000 1.604272 -0.118398
 670.000000 1.675617 -0.156094
 671.000000 1.635982 -0.109542
 672.000000 1.605275 -0.145307
 673.000000 1.619400 -0.130454
 674.000000 1.736421 -0.185528
 675.000000 1.795176 -0.093056
 676.000000 1.640373 -0.233123
 677.000000 1.543755 -0.184768
 678.000000 1.528135 -0.108992
 679.000000 1.639054 -0.037222
 680.000000 1.550493 -0.147540
 681.000000 1.581465 -0.168541
 682.000000 1.594996 -0.151723
 683.000000 1.648370 -0.233759
 684.000000 1.522394 -0.137626
 685.000000 1.566937 -0.096403
 686.000000 1.682992 -0.127779
 687.000000 1.535087 -0.157549
 688.000000 1.531322 -0.138597
 689.000000 1.528241 -0.099564
 690.000000 1.576469 -0.124385
 691.000000 1.505795 -0.242202
 692.000000 1.593558 -0.200215
 693.000000 1.566168 -0.255394
 694.000000 1.574356 -0.113709
 695.000000 1.607844 -0.040209
 696.000000 1.547795 -0.143440
 697.000000 1.623986 -0.050352
 698.000000 1.575662 -0.088022
 699.000000 1.618128 -0.080776
 700.000000 1.509681 -0.141246
 701.000000 1.594473 -0.097490
 702.000000 1.664246 -0.085597
 703.000000 1.533196 -0.114174
 704.000000 1.529316 -0.178414
 705.000000 1.767895 -0.107134
 706.000000 1.639803 -0.224238
 707.000000 1.705253 -0.153246
 708.000000 1.639012 -0.191095
 709.000000 1.635842 -0.101978
 710.000000 1.701445 -0.095912
 711.000000 1.621592 -0.053016
 712.000000 1.675678 -0.064408
 713.000000 1.739493 -0.137958
 714.000000 1.587765 -0.115160
 715.000000 1.594579 -0.083853
 716.000000 1.736455 -0.124048
 717.000000 1.743853 -0.138306
 718.000000 1.666800 -0.214375
 719.000000 1.639607 -0.048273
 720.000000 1.749478 -0.184658
 721.000000 1.676775 -0.141873
 722.000000 1.720051 -0.148177
 723.000000 1.662479 -0.178033
 724.000000 1.729503 -0.148812
 725.000000 1.685220 -0.180764
 726.000000 1.663658 -0.157947
 727.000000 1.645815 -0.136830
 728.000000 1.729289 -0.095598
 729.000000 1.698989 -0.157682
 730.000000 1.670674 -0.212566
 731.000000 1.761377 -0.130311
 732.000000 1.705092 -0.096260
 733.000000 1.752923 -0.141468
 734.000000 1.703599 -0.078396
 735.000000 1.668449 -0.123278
 736.000000 1.735436 -0.072896
 737.000000 1.570584 -0.207440
 738.000000 1.609762 -0.113284
 739.000000 1.631890 -0.127400
 740.000000 1.731281 -0.066899
 741.000000 1.647880 -0.022584
 742.000000 1.660741 -0.185710
 743.000000 1.777778 -0.182974
 744.000000 1.683007 -0.133006
 745.000000 1.731835 -0.119766
 746.000000 1.645068 -0.047649
 747.000000 1.717037 -0.173218
 748.000000 1.666732 -0.258394
 749.000000 1.650150 -0.152274
 750.000000 1.654678 -0.277989
 751.000000 1.784949 -0.053936
 752.000000 1.746320 -0.028903
 753.000000 1.677514 -0.244747
 754.000000 1.770492 -0.127639
 755.000000 1.735739 -0.243467
 756.000000 1.772229 -0.150229
 757.000000 1.800359 -0.139286
 758.000000 1.681921 -0.167463
 759.000000 1.785654 -0.146783
 760.000000 1.746434 -0.172853
 761.000000 1.657391 -0.129867
 762.000000 1.655590 -0.139810
 763.000000 1.635500 -0.127804
 764.000000 1.722636 -0.075209
 765.000000 1.703194 -0.125571
 766.000000 1.674606 -0.212013
 767.000000 1.705389 -0.193830
 768.000000 1.767236 -0.098358
 769.000000 1.620869 -0.129027
 770.000000 1.704834 -0.175741
 771.000000 1.705676 -0.193829
 772.000000 1.754979 -0.131111
 773.000000 1.637388 -0.133621
 774.000000 1.723092 -0.058310
 775.000000 1.777572 -0.085075
 776.000000 1.762477 -0.135903
 777.000000 1.690258 -0.113259
 778.000000 1.671671 -0.128082
 779.000000 1.672173 -0.172977
 780.000000 1.657950 -0.204947
 781.000000 1.729749 -0.059687
 782.000000 1.634494 -0.116424
 783.000000 1.665800 -0.155390
 784.000000 1.628979 -0.131400
 785.000000 1.638074 -0.143668
 786.000000 1.675635 -0.125590
 787.000000 1.709828 -0.014827
 788.000000 1.616433 -0.197379
 789.000000 1.563774 -0.158965
 790.000000 1.794002 -0.203709
 791.000000 1.669463 -0.218697
 792.000000 1.630514 -0.160050
 793.000000 1.755711 -0.115635
 794.000000 1.662099 -0.186468
 795.000000 1.732357 -0.178524
 796.000000 1.662482 -0.142370
 797.000000 1.687015 -0.143563
 798.000000 1.629231 -0.147502
 799.000000 1.586163 -0.163690
 800.000000 1.691457 -0.148505
 801.000000 1.656785 -0.136377
 802.000000 1.743869 -0.091521
 803.000000 1.751547 -0.067141
 804.000000 1.756233 -0.107251
 805.000000 1.743282 -0.184392
 806.000000 1.705273 -0.146657
 807.000000 1.691817 -0.303419
 808.000000 1.754064 -0.167954
 809.000000 1.665752 -0.294775
 810.000000 1.686389 -0.148820
 811.000000 1.772465 -0.183790
 812.000000 1.785350 -0.125258
 813.000000 1.702728 -0.223792
 814.000000 1.752766 -0.122093
 815.000000 1.821537 -0.192133
 816.000000 1.584289 -0.103493
 817.000000 1.763356 -0.057538
 818.000000 1.805789 -0.162378
 819.000000 1.697615 -0.241798
 820.000000 1.711794 -0.165694
 821.000000 1.620417 -0.121732
 822.000000 1.702992 -0.151525
 823.000000 1.745218 -0.208831
 824.000000 1.576528 -0.133671
 825.000000 1.698888 -0.190493
 826.000000 1.660546 -0.090406
 827.000000 1.797370 -0.095112
 828.000000 1.680823 -0.201947
 829.000000 1.704084 -0.112037
 830.000000 1.855964 -0.099268
 831.000000 1.756865 -0.181929
 832.000000 1.751835 -0.092875
 833.000000 1.837673 -0.184541
 834.000000 1.761433 -0.147840
 835.000000 1.671383 -0.149214
 836.000000 1.737067 -0.276501
 837.000000 1.692023 -0.225529
 838.000000 1.679249 -0.190669
 839.000000 1.721643 -0.062769
 840.000000 1.729131 -0.124660
 841.000000 1.815596 -0.230588
 842.000000 1.878011 -0.181383
 843.000000 1.708613 -0.127331
 844.000000 1.808463 -0.151313
 845.000000 1.637114 -0.163651
 846.000000 1.714603 -0.076527
 847.000000 1.797864 -0.177285
 848.000000 1.693150 -0.126752
 849.000000 1.814373 -0.076292
 850.000000 1.798590 -0.188831
 851.000000 1.742295 -0.159547
 852.000000 1.600889 -0.165891
 853.000000 1.658428 -0.258989
 854.000000 1.654457 -0.110447
 855.000000 1.586144 -0.117752
 856.000000 1.612712 -0.147988
 857.000000 1.807073 -0.182960
 858.000000 1.677662 -0.122936
 859.000000 1.727278 -0.065595
 860.000000 1.721144 -0.049167
 861.000000 1.751562 -0.101853
 862.000000 1.782737 -0.190931
 863.000000 1.745064 -0.146978
 864.000000 1.767159 -0.179316
 865.000000 1.717113 -0.114159
 866.000000 1.756729 -0.203290
 867.000000 1.784907 -0.119740
 868.000000 1.767563 -0.109828
 869.000000 1.817302 -0.007373
 870.000000 1.628646 -0.264350
 871.000000 1.656981 -0.185411
 872.000000 1.686863 -0.029957
 873.000000 1.777908 -0.001275
 874.000000 1.602479 -0.116432
 875.000000 1.744562 -0.175169
 876.000000 1.684848 -0.299224
 877.000000 1.668146 -0.215039
 878.000000 1.795590 -0.166169
 879.000000 1.634378 -0.128863
 880.000000 1.681998 -0.140785
 881.000000 1.753560 -0.152665
 882.000000 1.710063 -0.135310
 883.000000 1.739598 -0.163984
 884.000000 1.675631 -0.021310
 885.000000 1.793782 -0.077480
 886.000000 1.781435 -0.155160
 887.000000 1.705273 -0.125960
 888.000000 1.733354 -0.150836
 889.000000 1.738437 -0.221596
 890.000000 1.767119 -0.175981
 891.000000 1.757801 -0.244158
 892.000000 1.767202 -0.064651
 893.000000 1.839615 -0.044354
 894.000000 1.783164 -0.075398
 895.000000 1.679534 -0.148191
 896.000000 1.687930 -0.148838
 897.000000 1.736245 -0.125969
 898.000000 1.728752 -0.135708
 899.000000 1.741172 -0.126214
 900.000000 1.799618 -0.103022
 901.000000 1.776515 -0.112180
 902.000000 1.699053 -0.076376
 903.000000 1.764031 -0.099787
 904.000000 1.628461 -0.169993
 905.000000 1.801764 0.000711
 906.000000 1.763475 -0.011821
 907.000000 1.698074 -0.029142
 908.000000 1.625767 -0.113474
 909.000000 1.711786 -0.155050
 910.000000 1.654549 -0.196007
 911.000000 1.642251 -0.103904
 912.000000 1.607124 -0.086387
 913.000000 1.677101 -0.146061
 914.000000 1.685899 -0.093467
 915.000000 1.602558 -0.054469
 916.000000 1.724565 -0.113386
 917.000000 1.654850 -0.097512
 918.000000 1.738567 -0.115594
 919.000000 1.698724 -0.043488
 920.000000 1.652238 -0.174605
 921.000000 1.536981 -0.111077
 922.000000 1.703581 -0.090199
 923.000000 1.627306 -0.146570
 924.000000 1.677134 -0.128202
 925.000000 1.590631 -0.174188
 926.000000 1.680048 -0.181288
 927.000000 1.608344 -0.118342
 928.000000 1.678731 -0.186033
 929.000000 1.705952 0.009154
 930.000000 1.690973 -0.093458
 931.000000 1.603726 -0.016567
 932.000000 1.793215 -0.094442
 933.000000 1.755463 0.002608
 934.000000 1.680742 -0.114016
 935.000000 1.768617 -0.041610
 936.000000 1.780552 -0.083364
 937.000000 1.650910 -0.089311
 938.000000 1.635590 -0.125476
 939.000000 1.639106 -0.097889
 940.000000 1.778079 -0.113524
 941.000000 1.690867 -0.054398
 942.000000 1.770654 -0.106484
 943.000000 1.655293 -0.136201
 944.000000 1.710146 -0.111740
 945.000000 1.604817 -0.120801
 946.000000 1.564538 -0.164796
 947.000000 1.612671 -0.165526
 948.000000 1.628196 -0.145353
 949.000000 1.511528 -0.172466
 950.000000 1.639671 0.035001
 951.000000 1.560766 -0.119438
 952.000000 1.624104 -0.091525
 953.000000 1.494419 -0.093121
 954.000000 1.625306 -0.079324
 955.000000 1.682381 -0.142980
 956.000000 1.662811 -0.061952
 957.000000 1.632039 -0.102290
 958.000000 1.730714 -0.025579
 959.000000 1.493214 -0.063931
 960.000000 1.547515 -0.000678
 961.000000 1.672124 -0.175526
 962.000000 1.651318 -0.081591
 963.000000 1.681709 -0.055745
 964.000000 1.639403 -0.141093
 965.000000 1.614803 -0.158692
 966.000000 1.742883 -0.102266
 967.000000 1.660454 -0.180458
 968.000000 1.691794 -0.120352
 969.000000 1.628595 -0.009423
 970.000000 1.677463 -0.191793
 971.000000 1.578549 -0.131295
 972.000000 1.735397 -0.076626
 973.000000 1.721660 -0.123220
 974.000000 1.698560 0.001768
 975.000000 1.743264 -0.127315
 976.000000 1.849089 -0.140562
 977.000000 1.884535 -0.076218
 978.000000 1.665402 -0.054303
 979.000000 1.566008 -0.110208
 980.000000 1.622356 -0.214910
 981.000000 1.750550 -0.011058
 982.000000 1.710201 -0.120249
 983.000000 1.663907 -0.148934
 984.000000 1.622493 -0.155274
 985.000000 1.744244 -0.152888
 986.000000 1.705221 -0.075444
 987.000000 1.658395 -0.022025
 988.000000 1.693917 -0.195443
 989.000000 1.684489 -0.122952
 990.000000 1.700427 -0.069349
 991.000000 1.742745 -0.074104
 992.000000 1.707187 -0.100103
 993.000000 1.578954 -0.034234
 994.000000 1.565743 -0.136613
 995.000000 1.524552 -0.188252
 996.000000 1.546245 -0.139084
 997.000000 1.654790 -0.167182
 998.000000 1.630664 -0.206512
 999.000000 1.661721 0.017130
 1000.000000 1.604533 -0.124690
 1001.000000 1.702517 -0.128366
 1002.000000 1.697386 -0.116875
 1003.000000 1.598968 -0.127098
 1004.000000 1.814050 -0.168724
 1005.000000 1.764371 -0.127483
 1006.000000 1.764477 0.051811
 1007.000000 1.672099 -0.142987
 1008.000000 1.766625 -0.139008
 1009.000000 1.810853 -0.133584
 1010.000000 1.761738 -0.088630
 1011.000000 1.711791 -0.071911
 1012.000000 1.788122 -0.078944
 1013.000000 1.805439 -0.110891
 1014.000000 1.724250 -0.075829
 1015.000000 1.672303 -0.128412
 1016.000000 1.709312 -0.184907
 1017.000000 1.601712 -0.077541
 1018.000000 1.689357 -0.037033
 1019.000000 1.693083 -0.090563
 1020.000000 1.646590 -0.076447
 1021.000000 1.669203 -0.049355
 1022.000000 1.718576 -0.143009
 1023.000000 1.808009 -0.070464
 1024.000000 1.614709 -0.029384
 1025.000000 1.610904 -0.143078
 1026.000000 1.664533 0.012074
 1027.000000 1.633903 -0.014264
 1028.000000 1.620347 -0.095881
 1029.000000 1.683696 -0.137290
 1030.000000 1.634256 -0.127569
 1031.000000 1.646642 -0.114718
 1032.000000 1.732648 -0.087272
 1033.000000 1.678491 -0.086346
 1034.000000 1.610195 -0.161792
 1035.000000 1.620421 -0.066795
 1036.000000 1.612882 -0.066105
 1037.000000 1.647513 -0.041803
 1038.000000 1.555250 -0.088596
 1039.000000 1.568416 -0.041918
 1040.000000 1.512719 -0.135126
 1041.000000 1.499037 -0.072692
 1042.000000 1.429108 -0.033705
 1043.000000 1.605321 -0.091362
 1044.000000 1.505879 -0.104451
 1045.000000 1.614435 -0.067077
 1046.000000 1.531701 -0.059438
 1047.000000 1.497817 -0.112913
 1048.000000 1.506432 -0.165448
 1049.000000 1.573187 -0.113431
 1050.000000 1.480831 -0.109495
 1051.000000 1.538716 -0.048555
 1052.000000 1.501323 -0.102657
 1053.000000 1.579941 -0.077135
 1054.000000 1.583415 -0.118654
 1055.000000 1.555366 -0.072806
 1056.000000 1.614139 0.012097
 1057.000000 1.597920 -0.112189
 1058.000000 1.495729 -0.043328
 1059.000000 1.684763 -0.130419
 1060.000000 1.543487 -0.067948
 1061.000000 1.589765 -0.129166
 1062.000000 1.771000 -0.070183
 1063.000000 1.680592 -0.046344
 1064.000000 1.754972 -0.091351
 1065.000000 1.638173 -0.073951
 1066.000000 1.628523 -0.062988
 1067.000000 1.588805 -0.032792
 1068.000000 1.548036 -0.025775
 1069.000000 1.565849 -0.143537
 1070.000000 1.514914 -0.149100
 1071.000000 1.560616 -0.113483
 1072.000000 1.693189 -0.132786
 1073.000000 1.688094 -0.100479
 1074.000000 1.545081 -0.103022
 1075.000000 1.618617 -0.079298
 1076.000000 1.696961 -0.133971
 1077.000000 1.609612 -0.100648
 1078.000000 1.694453 -0.064242
 1079.000000 1.560718 -0.038696
 1080.000000 1.692504 -0.119165
 1081.000000 1.514162 -0.061731
 1082.000000 1.670457 -0.081989
 1083.000000 1.617909 -0.198616
 1084.000000 1.529057 -0.179939
 1085.000000 1.644515 -0.123904
 1086.000000 1.601950 -0.117877
 1087.000000 1.464293 -0.073037
 1088.000000 1.630018 -0.111843
 1089.000000 1.497797 -0.103101
 1090.000000 1.486857 -0.132987
 1091.000000 1.532023 -0.093566
 1092.000000 1.397932 -0.057401
 1093.000000 1.466436 -0.131512
 1094.000000 1.557013 -0.067471
 1095.000000 1.576589 -0.030524
 1096.000000 1.450450 -0.075295
 1097.000000 1.651601 -0.179421
 1098.000000 1.588143 -0.150630
 1099.000000 1.608342 -0.126082
 1100.000000 1.510162 -0.075420
 1101.000000 1.540653 -0.140975
 1102.000000 1.458065 -0.057370
 1103.000000 1.537082 -0.103956
 1104.000000 1.474818 -0.070527
 1105.000000 1.464250 -0.112713
 1106.000000 1.558293 -0.122801
 1107.000000 1.553173 -0.153053
 1108.000000 1.464768 -0.053992
 1109.000000 1.507534 -0.090301
 1110.000000 1.602962 -0.098734
 1111.000000 1.600396 -0.139022
 1112.000000 1.501497 -0.130489
 1113.000000 1.558018 -0.074332
 1114.000000 1.503928 -0.132125
 1115.000000 1.652569 -0.147206
 1116.000000 1.507250 -0.201513
 1117.000000 1.493444 -0.007391
 1118.000000 1.580107 -0.024532
 1119.000000 1.591522 -0.033963
 1120.000000 1.548017 -0.081592
 1121.000000 1.537940 -0.066492
 1122.000000 1.601036 -0.108331
 1123.000000 1.563627 -0.096307
 1124.000000 1.545777 -0.041189
 1125.000000 1.617397 -0.168035
 1126.000000 1.553816 -0.154851
 1127.000000 1.469372 -0.049817
 1128.000000 1.514472 0.017946
 1129.000000 1.631880 -0.069527
 1130.000000 1.639793 -0.223728
 1131.000000 1.535448 -0.093804
 1132.000000 1.561967 -0.160907
 1133.000000 1.569622 -0.055951
 1134.000000 1.553457 -0.103917
 1135.000000 1.581809 -0.134123
 1136.000000 1.567350 -0.031116
 1137.000000 1.520116 -0.158584
 1138.000000 1.518960 -0.169223
 1139.000000 1.642531 -0.159332
 1140.000000 1.528108 -0.147912
 1141.000000 1.577209 -0.079615
 1142.000000 1.530800 -0.090592
 1143.000000 1.606520 -0.113883
 1144.000000 1.531331 -0.092912
 1145.000000 1.489719 -0.083224
 1146.000000 1.506921 -0.068290
 1147.000000 1.587070 -0.124967
 1148.000000 1.580061 -0.167688
 1149.000000 1.491328 -0.121240
 1150.000000 1.591975 -0.084349
 1151.000000 1.636300 -0.213703
 1152.000000 1.636067 -0.151655
 1153.000000 1.595919 -0.227273
 1154.000000 1.597243 -0.159352
 1155.000000 1.614950 -0.195531
 1156.000000 1.516073 -0.125172
 1157.000000 1.539786 -0.068020
 1158.000000 1.590739 -0.206653
 1159.000000 1.498858 -0.103455
 1160.000000 1.597191 -0.094044
 1161.000000 1.607624 -0.054492
 1162.000000 1.569829 -0.097619
 1163.000000 1.497156 -0.216415
 1164.000000 1.521756 -0.056518
 1165.000000 1.632974 -0.174369
 1166.000000 1.556569 -0.088285
 1167.000000 1.644368 -0.097662
 1168.000000 1.671611 -0.147811
 1169.000000 1.677640 -0.175881
 1170.000000 1.596188 -0.185069
 1171.000000 1.557305 -0.110837
 1172.000000 1.533767 -0.169574
 1173.000000 1.514018 -0.202187
 1174.000000 1.574616 -0.159040
 1175.000000 1.556044 -0.156126
 1176.000000 1.662592 -0.092601
 1177.000000 1.477508 -0.014865
 1178.000000 1.551002 -0.062721
 1179.000000 1.579329 -0.057227
 1180.000000 1.582439 -0.090817
 1181.000000 1.545666 -0.147003
 1182.000000 1.540473 -0.121404
 1183.000000 1.615992 -0.022764
 1184.000000 1.577875 0.053968
 1185.000000 1.622190 -0.112384
 1186.000000 1.562836 -0.086693
 1187.000000 1.583116 -0.084711
 1188.000000 1.471981 -0.118007
 1189.000000 1.598875 -0.044290
 1190.000000 1.616175 -0.074341
 1191.000000 1.521999 -0.083121
 1192.000000 1.579737 -0.079531
 1193.000000 1.570985 -0.068807
 1194.000000 1.559221 -0.082250
 1195.000000 1.545774 -0.156947
 1196.000000 1.608220 -0.152191
 1197.000000 1.650304 -0.100506
 1198.000000 1.569703 -0.191844
 1199.000000 1.652676 -0.168717
 1200.000000 1.502051 -0.129952
 1201.000000 1.530070 -0.141341
 1202.000000 1.467654 -0.187690
 1203.000000 1.524248 -0.125953
 1204.000000 1.657074 -0.040056
 1205.000000 1.642228 -0.148637
 1206.000000 1.652914 -0.116779
 1207.000000 1.777602 -0.156657
 1208.000000 1.556118 -0.147557
 1209.000000 1.637527 -0.102573
 1210.000000 1.586671 -0.041102
 1211.000000 1.680231 -0.065366
 1212.000000 1.703422 -0.072513
 1213.000000 1.577937 -0.148318
 1214.000000 1.680385 -0.161232
 1215.000000 1.476296 -0.107822
 1216.000000 1.620317 -0.127748
 1217.000000 1.532004 -0.133551
 1218.000000 1.466459 -0.104504
 1219.000000 1.648237 -0.146322
 1220.000000 1.626736 -0.091070
 1221.000000 1.480260 -0.056111
 1222.000000 1.656028 -0.162873
 1223.000000 1.623849 -0.127915
 1224.000000 1.572330 -0.092488
 1225.000000 1.565385 -0.168791
 1226.000000 1.624418 -0.103145
 1227.000000 1.676502 -0.036155
 1228.000000 1.605145 -0.107974
 1229.000000 1.657618 -0.181082
 1230.000000 1.538617 -0.087129
 1231.000000 1.502477 -0.112671
 1232.000000 1.534224 -0.118448
 1233.000000 1.572052 -0.100719
 1234.000000 1.487801 -0.186104
 1235.000000 1.546708 -0.162270
 1236.000000 1.610112 -0.057548
 1237.000000 1.622019 -0.093176
 1238.000000 1.529953 -0.075736
 1239.000000 1.582714 -0.048661
 1240.000000 1.633234 -0.108823
 1241.000000 1.486814 -0.051453
 1242.000000 1.607228 -0.057806
 1243.000000 1.554916 -0.047390
 1244.000000 1.663170 -0.115199
 1245.000000 1.493021 -0.059703
 1246.000000 1.570172 -0.162577
 1247.000000 1.552394 -0.189262
 1248.000000 1.562415 -0.178492
 1249.000000 1.720493 -0.145912
 1250.000000 1.506613 -0.137873
 1251.000000 1.544153 -0.125375
 1252.000000 1.592089 -0.066957
 1253.000000 1.518044 -0.085019
 1254.000000 1.538779 -0.101815
 1255.000000 1.612630 -0.149919
 1256.000000 1.477954 -0.052608
 1257.000000 1.542554 -0.146910
 1258.000000 1.625589 -0.070269
 1259.000000 1.615159 -0.085885
 1260.000000 1.586393 -0.134976
 1261.000000 1.623816 -0.066493
 1262.000000 1.651583 -0.040324
 1263.000000 1.556541 -0.188045
 1264.000000 1.592475 -0.000022
 1265.000000 1.687779 -0.107463
 1266.000000 1.539478 -0.174442
 1267.000000 1.527839 -0.088272
 1268.000000 1.562275 -0.081539
 1269.000000 1.537236 -0.172499
 1270.000000 1.626200 -0.099753
 1271.000000 1.633846 -0.033459
 1272.000000 1.618050 -0.049949
 1273.000000 1.622274 -0.110279
 1274.000000 1.629160 -0.109167
 1275.000000 1.566021 0.000873
 1276.000000 1.698023 -0.027363
 1277.000000 1.579530 -0.039867
 1278.000000 1.598212 -0.164619
 1279.000000 1.605825 -0.089082
 1280.000000 1.718974 -0.043864
 1281.000000 1.574859 -0.015432
 1282.000000 1.626256 -0.019750
 1283.000000 1.607253 -0.040415
 1284.000000 1.513553 -0.167573
 1285.000000 1.554180 -0.063760
 1286.000000 1.613952 -0.086435
 1287.000000 1.629028 0.011219
 1288.000000 1.626750 -0.125095
 1289.000000 1.554361 -0.095361
 1290.000000 1.552406 0.004289
 1291.000000 1.740341 -0.083546
 1292.000000 1.604224 -0.087346
 1293.000000 1.616555 -0.133918
 1294.000000 1.525029 -0.042210
 1295.000000 1.624629 -0.111305
 1296.000000 1.588174 -0.114936
 1297.000000 1.650976 -0.108563
 1298.000000 1.589202 -0.113248
 1299.000000 1.607143 -0.057599
 1300.000000 1.610744 -0.060398
 1301.000000 1.622989 -0.155396
 1302.000000 1.668059 -0.095387
 1303.000000 1.625626 -0.019052
 1304.000000 1.572978 -0.236169
 1305.000000 1.765069 -0.123465
 1306.000000 1.675286 -0.173639
 1307.000000 1.570067 -0.159975
 1308.000000 1.623727 -0.169823
 1309.000000 1.650881 -0.098619
 1310.000000 1.683917 -0.146198
 1311.000000 1.588284 -0.160082
 1312.000000 1.584983 -0.158203
 1313.000000 1.570079 -0.159080
 1314.000000 1.628068 -0.146689
 1315.000000 1.459285 -0.150808
 1316.000000 1.615383 -0.125255
 1317.000000 1.666318 -0.207207
 1318.000000 1.669511 -0.053630
 1319.000000 1.592595 -0.111197
 1320.000000 1.700371 -0.168126
 1321.000000 1.662520 -0.153834
 1322.000000 1.715838 -0.066014
 1323.000000 1.655932 -0.110030
 1324.000000 1.683941 -0.104440
 1325.000000 1.564138 -0.046409
 1326.000000 1.666545 -0.110870
 1327.000000 1.558234 -0.155069
 1328.000000 1.592044 -0.118192
 1329.000000 1.573641 -0.135006
 1330.000000 1.617399 -0.078746
 1331.000000 1.674050 0.006670
 1332.000000 1.700572 -0.164599
 1333.000000 1.590476 -0.077238
 1334.000000 1.577654 -0.058916
 1335.000000 1.619983 -0.026770
 1336.000000 1.619092 -0.019574
 1337.000000 1.600094 -0.080642
 1338.000000 1.770187 0.015260
 1339.000000 1.693573 -0.049280
 1340.000000 1.637714 -0.109907
 1341.000000 1.672865 -0.066432
 1342.000000 1.569620 -0.105559
 1343.000000 1.721095 -0.108625
 1344.000000 1.594999 -0.069904
 1345.000000 1.581083 -0.027812
 1346.000000 1.607857 -0.076271
 1347.000000 1.646962 -0.105032
 1348.000000 1.635449 -0.105897
 1349.000000 1.589956 -0.051494
 1350.000000 1.543084 0.025815
 1351.000000 1.729060 -0.067099
 1352.000000 1.685949 -0.136558
 1353.000000 1.565878 -0.155880
 1354.000000 1.618632 -0.097947
 1355.000000 1.616647 -0.100157
 1356.000000 1.722804 -0.121704
 1357.000000 1.723935 -0.077996
 1358.000000 1.626024 -0.076697
 1359.000000 1.700746 -0.169814
 1360.000000 1.591029 -0.199537
 1361.000000 1.614105 -0.036086
 1362.000000 1.564358 -0.131845
 1363.000000 1.545896 -0.128625
 1364.000000 1.485930 -0.058863
 1365.000000 1.622682 -0.109370
 1366.000000 1.661808 -0.124347
 1367.000000 1.674466 -0.136582
 1368.000000 1.662635 -0.099691
 1369.000000 1.523706 -0.076551
 1370.000000 1.633946 -0.100862
 1371.000000 1.685914 -0.115666
 1372.000000 1.726239 -0.088935
 1373.000000 1.698719 -0.080045
 1374.000000 1.631525 -0.026628
 1375.000000 1.614490 -0.141682
 1376.000000 1.586418 -0.181152
 1377.000000 1.533608 -0.072094
 1378.000000 1.501195 -0.100905
 1379.000000 1.640904 -0.069836
 1380.000000 1.533767 -0.101342
 1381.000000 1.691770 -0.138028
 1382.000000 1.639245 -0.044206
 1383.000000 1.562492 -0.011930
 1384.000000 1.665934 -0.122557
 1385.000000 1.517782 -0.146870
 1386.000000 1.560293 -0.218071
 1387.000000 1.605746 -0.236229
 1388.000000 1.687337 -0.147972
 1389.000000 1.584047 -0.117387
 1390.000000 1.605124 -0.129831
 1391.000000 1.520575 -0.108329
 1392.000000 1.642925 -0.123534
 1393.000000 1.648098 -0.178415
 1394.000000 1.595468 -0.168510
 1395.000000 1.640255 -0.232956
 1396.000000 1.565584 -0.188885
 1397.000000 1.595353 -0.119760
 1398.000000 1.698342 -0.163333
 1399.000000 1.570233 -0.127185
 1400.000000 1.609726 -0.152206
 1401.000000 1.580209 -0.226137
 1402.000000 1.677404 -0.212103
 1403.000000 1.718844 -0.219305
 1404.000000 1.597571 -0.156646
 1405.000000 1.637332 -0.254088
 1406.000000 1.596298 -0.197914
 1407.000000 1.596542 -0.133920
 1408.000000 1.607124 -0.133687
 1409.000000 1.620587 -0.224890
 1410.000000 1.690167 -0.087191
 1411.000000 1.607386 -0.178686
 1412.000000 1.553755 -0.194205
 1413.000000 1.623738 -0.226292
 1414.000000 1.727377 -0.219931
 1415.000000 1.548981 -0.166275
 1416.000000 1.557160 -0.148450
 1417.000000 1.629631 -0.139452
 1418.000000 1.606929 -0.219307
 1419.000000 1.642497 -0.141921
 1420.000000 1.621341 -0.192334
 1421.000000 1.551502 -0.162968
 1422.000000 1.593623 -0.171613
 1423.000000 1.612561 -0.080078
 1424.000000 1.607569 -0.103250
 1425.000000 1.566109 -0.147007
 1426.000000 1.547753 -0.072111
 1427.000000 1.604360 -0.188873
 1428.000000 1.600521 -0.088609
 1429.000000 1.703435 -0.232566
 1430.000000 1.638327 -0.021538
 1431.000000 1.608002 -0.226429
 1432.000000 1.546555 -0.166468
 1433.000000 1.527526 -0.166830
 1434.000000 1.539971 -0.112799
 1435.000000 1.714103 -0.159408
 1436.000000 1.600398 -0.149491
 1437.000000 1.754522 -0.187853
 1438.000000 1.678828 -0.110568
 1439.000000 1.682122 -0.195777
 1440.000000 1.713898 -0.130825
 1441.000000 1.636270 -0.106258
 1442.000000 1.648887 -0.048974
 1443.000000 1.701162 -0.081465
 1444.000000 1.738217 -0.138632
 1445.000000 1.584523 -0.089960
 1446.000000 1.623037 -0.044665
 1447.000000 1.551553 -0.186303
 1448.000000 1.617437 -0.212726
 1449.000000 1.601653 -0.176172
 1450.000000 1.687596 -0.012382
 1451.000000 1.605772 -0.146592
 1452.000000 1.630141 -0.172476
 1453.000000 1.646319 -0.123435
 1454.000000 1.565073 -0.215135
 1455.000000 1.746498 -0.143208
 1456.000000 1.651939 -0.120938
 1457.000000 1.646053 -0.164367
 1458.000000 1.582108 -0.206413
 1459.000000 1.582259 -0.240416
 1460.000000 1.547237 -0.128714
 1461.000000 1.567062 -0.009312
 1462.000000 1.724246 -0.085498
 1463.000000 1.637004 -0.035509
 1464.000000 1.512324 -0.133463
 1465.000000 1.577867 -0.108703
 1466.000000 1.567500 -0.151601
 1467.000000 1.596508 -0.100602
 1468.000000 1.657727 -0.177564
 1469.000000 1.733873 -0.133033
 1470.000000 1.652272 -0.181385
 1471.000000 1.628892 -0.193844
 1472.000000 1.604075 -0.217391
 1473.000000 1.546889 -0.198925
 1474.000000 1.718486 -0.172590
 1475.000000 1.732346 -0.193954
 1476.000000 1.677101 -0.134894
 1477.000000 1.566419 -0.157986
 1478.000000 1.571861 -0.160399
 1479.000000 1.677620 -0.160523
 1480.000000 1.747591 -0.148354
 1481.000000 1.621636 -0.198155
 1482.000000 1.624378 -0.146164
 1483.000000 1.576480 -0.143989
 1484.000000 1.557024 -0.145797
 1485.000000 1.760517 -0.148031
 1486.000000 1.629382 -0.259878
 1487.000000 1.740095 -0.125629
 1488.000000 1.659593 -0.021086
 1489.000000 1.679704 -0.128556
 1490.000000 1.652330 -0.147507
 1491.000000 1.623389 -0.130099
 1492.000000 1.600906 -0.211001
 1493.000000 1.573469 -0.173762
 1494.000000 1.717720 -0.137738
 1495.000000 1.613378 -0.106078
 1496.000000 1.725813 -0.191526
 1497.000000 1.644894 -0.228507
 1498.000000 1.612426 -0.228342
 1499.000000 1.494396 -0.146385
 1500.000000 1.705737 -0.155354
 1501.000000 1.622014 -0.224285
 1502.000000 1.616102 -0.136677
 1503.000000 1.605942 -0.260787
 1504.000000 1.607101 -0.211562
 1505.000000 1.694295 -0.141117
 1506.000000 1.716497 -0.125061
 1507.000000 1.624277 -0.164465
 1508.000000 1.682477 -0.126030
 1509.000000 1.558158 0.003107
 1510.000000 1.691067 -0.038439
 1511.000000 1.678702 -0.203352
 1512.000000 1.699400 -0.140199
 1513.000000 1.692957 -0.161788
 1514.000000 1.608564 -0.188342
 1515.000000 1.759853 -0.204018
 1516.000000 1.701967 -0.210870
 1517.000000 1.648586 -0.232488
 1518.000000 1.624377 -0.198730
 1519.000000 1.589432 -0.162093
 1520.000000 1.756714 -0.239514
 1521.000000 1.687763 -0.144058
 1522.000000 1.731002 -0.166171
 1523.000000 1.664141 -0.114525
 1524.000000 1.667465 -0.115236
 1525.000000 1.784655 -0.153349
 1526.000000 1.657383 -0.031583
 1527.000000 1.651109 -0.175986
 1528.000000 1.745147 -0.099255
 1529.000000 1.641275 -0.125644
 1530.000000 1.603680 -0.224629
 1531.000000 1.654075 -0.263566
 1532.000000 1.636856 -0.273155
 1533.000000 1.753463 -0.147743
 1534.000000 1.734798 -0.171128
 1535.000000 1.668966 -0.100163
 1536.000000 1.714772 -0.166827
 1537.000000 1.669981 -0.169488
 1538.000000 1.667128 -0.186068
 1539.000000 1.622716 -0.170489
 1540.000000 1.705341 -0.104356
 1541.000000 1.613337 -0.123637
 1542.000000 1.673757 -0.220127
 1543.000000 1.671626 -0.120345
 1544.000000 1.633336 -0.136091
 1545.000000 1.592227 -0.134537
 1546.000000 1.596246 -0.214335
 1547.000000 1.616929 -0.216708
 1548.000000 1.560888 -0.040403
 1549.000000 1.546328 -0.101596
 1550.000000 1.712775 -0.187585
 1551.000000 1.598723 -0.151654
 1552.000000 1.603376 -0.129740
 1553.000000 1.677552 -0.264670
 1554.000000 1.735751 -0.099740
 1555.000000 1.566093 -0.139616
 1556.000000 1.711158 -0.074500
 1557.000000 1.660603 -0.169627
 1558.000000 1.649937 -0.182236
 1559.000000 1.679084 -0.130527
 1560.000000 1.650530 -0.152769
 1561.000000 1.685474 -0.117379
 1562.000000 1.556135 -0.136600
 1563.000000 1.847411 -0.122326
 1564.000000 1.739986 -0.124474
 1565.000000 1.794465 -0.076663
 1566.000000 1.716524 -0.156085
 1567.000000 1.590934 -0.103331
 1568.000000 1.598462 -0.200338
 1569.000000 1.598792 -0.217948
 1570.000000 1.619157 -0.047613
 1571.000000 1.615197 -0.207369
 1572.000000 1.638760 -0.096661
 1573.000000 1.616222 -0.107863
 1574.000000 1.672773 -0.103496
 1575.000000 1.627181 -0.123682
 1576.000000 1.724688 -0.154517
 1577.000000 1.736212 -0.105366
 1578.000000 1.605288 -0.167296
 1579.000000 1.553580 -0.179079
 1580.000000 1.814040 -0.098704
 1581.000000 1.669805 -0.112859
 1582.000000 1.636153 -0.087367
 1583.000000 1.691291 -0.118852
 1584.000000 1.655558 -0.135587
 1585.000000 1.695400 -0.138984
 1586.000000 1.605601 -0.128424
 1587.000000 1.789318 -0.109413
 1588.000000 1.660357 -0.099949
 1589.000000 1.595628 -0.180740
 1590.000000 1.581933 -0.182260
 1591.000000 1.688577 -0.144199
 1592.000000 1.697247 -0.088530
 1593.000000 1.646048 -0.098169
 1594.000000 1.649548 -0.188524
 1595.000000 1.653366 -0.133005
 1596.000000 1.676747 -0.153915
 1597.000000 1.713108 -0.213576
 1598.000000 1.606878 -0.097146
 1599.000000 1.532130 -0.168599
 1600.000000 1.664028 -0.044347
 1601.000000 1.657387 -0.050186
 1602.000000 1.643225 -0.055515
 1603.000000 1.616060 -0.092472
 1604.000000 1.589882 -0.100021
 1605.000000 1.710670 -0.095750
 1606.000000 1.665355 -0.138364
 1607.000000 1.592545 -0.132679
 1608.000000 1.625625 -0.179697
 1609.000000 1.574673 -0.155220
 1610.000000 1.625197 -0.160061
 1611.000000 1.628443 -0.007616
 1612.000000 1.605574 -0.200063
 1613.000000 1.681966 -0.119224
 1614.000000 1.453684 -0.113825
 1615.000000 1.650947 -0.092451
 1616.000000 1.599810 -0.089415
 1617.000000 1.686897 -0.220648
 1618.000000 1.624668 -0.134123
 1619.000000 1.646919 -0.092708
 1620.000000 1.628650 -0.129227
 1621.000000 1.662100 -0.187142
 1622.000000 1.712509 -0.128333
 1623.000000 1.706269 -0.171994
 1624.000000 1.656825 -0.116995
 1625.000000 1.656486 -0.239730
 1626.000000 1.601630 -0.216446
 1627.000000 1.746911 -0.132357
 1628.000000 1.737276 -0.042928
 1629.000000 1.714368 -0.116850
 1630.000000 1.631006 -0.118095
 1631.000000 1.571528 -0.161664
 1632.000000 1.612957 -0.112182
 1633.000000 1.605085 -0.168517
 1634.000000 1.650316 -0.150805
 1635.000000 1.556773 -0.098132
 1636.000000 1.566552 -0.127765
 1637.000000 1.582844 -0.065942
 1638.000000 1.584182 -0.135583
 1639.000000 1.602659 -0.142146
 1640.000000 1.603634 -0.029739
 1641.000000 1.552547 -0.119803
 1642.000000 1.549294 -0.124129
 1643.000000 1.568022 -0.200701
 1644.000000 1.577928 -0.152590
 1645.000000 1.522019 -0.227967
 1646.000000 1.527164 -0.062944
 1647.000000 1.568039 -0.067517
 1648.000000 1.604748 -0.114651
 1649.000000 1.674841 -0.137886
 1650.000000 1.615398 -0.147727
 1651.000000 1.532154 -0.108621
 1652.000000 1.494545 -0.089654
 1653.000000 1.512765 -0.211305
 1654.000000 1.490580 -0.192804
 1655.000000 1.654214 -0.112091
 1656.000000 1.544383 -0.164505
 1657.000000 1.587422 -0.165992
 1658.000000 1.534323 -0.092852
 1659.000000 1.548778 -0.071805
 1660.000000 1.527225 -0.133354
 1661.000000 1.485181 -0.146162
 1662.000000 1.567236 -0.152672
 1663.000000 1.594325 -0.111316
 1664.000000 1.531863 -0.185249
 1665.000000 1.507295 -0.142140
 1666.000000 1.507772 -0.089036
 1667.000000 1.530821 -0.062662
 1668.000000 1.581206 -0.087462
 1669.000000 1.586727 -0.139172
 1670.000000 1.644741 -0.150969
 1671.000000 1.577148 -0.207816
 1672.000000 1.668663 -0.174859
 1673.000000 1.673156 -0.064184
 1674.000000 1.619576 -0.104679
 1675.000000 1.704755 -0.125586
 1676.000000 1.709370 -0.119464
 1677.000000 1.697427 -0.171201
 1678.000000 1.563067 -0.192543
 1679.000000 1.567757 -0.188358
 1680.000000 1.638972 -0.098638
 1681.000000 1.686840 -0.201099
 1682.000000 1.762237 -0.156775
 1683.000000 1.670871 -0.173612
 1684.000000 1.506667 -0.131264
 1685.000000 1.619829 -0.073798
 1686.000000 1.511191 -0.227670
 1687.000000 1.561900 -0.086066
 1688.000000 1.690572 -0.185761
 1689.000000 1.610865 -0.172483
 1690.000000 1.669320 -0.096930
 1691.000000 1.624292 -0.087406
 1692.000000 1.619248 -0.087661
 1693.000000 1.640589 -0.137640
 1694.000000 1.616757 -0.064478
 1695.000000 1.729201 -0.149534
 1696.000000 1.562559 -0.140829
 1697.000000 1.655453 -0.105267
 1698.000000 1.623719 -0.173347
 1699.000000 1.732744 -0.122708
 1700.000000 1.661970 -0.077565
 1701.000000 1.577610 -0.166660
 1702.000000 1.498274 -0.168264
 1703.000000 1.607406 -0.133366
 1704.000000 1.679776 -0.206165
 1705.000000 1.676846 -0.140446
 1706.000000 1.639375 -0.174971
 1707.000000 1.594786 -0.030544
 1708.000000 1.520389 -0.052744
 1709.000000 1.675546 -0.186168
 1710.000000 1.620683 -0.209266
 1711.000000 1.615404 -0.166839
 1712.000000 1.673235 -0.197792
 1713.000000 1.643977 -0.135036
 1714.000000 1.582927 -0.057357
 1715.000000 1.598669 -0.079816
 1716.000000 1.592429 -0.140516
 1717.000000 1.634630 -0.161186
 1718.000000 1.673148 -0.110285
 1719.000000 1.701362 -0.216719
 1720.000000 1.758957 -0.067374
 1721.000000 1.741372 -0.140207
 1722.000000 1.615510 -0.183106
 1723.000000 1.672522 -0.138235
 1724.000000 1.772716 -0.133510
 1725.000000 1.675121 -0.175269
 1726.000000 1.651259 -0.166607
 1727.000000 1.792510 -0.116086
 1728.000000 1.606025 -0.169190
 1729.000000 1.608852 -0.140055
 1730.000000 1.630327 -0.224268
 1731.000000 1.608427 -0.176235
 1732.000000 1.660162 -0.169048
 1733.000000 1.648404 -0.146552
 1734.000000 1.683993 -0.074987
 1735.000000 1.618187 -0.130865
 1736.000000 1.574321 -0.075008
 1737.000000 1.503586 -0.129838
 1738.000000 1.592196 -0.067756
 1739.000000 1.572287 -0.120987
 1740.000000 1.571652 -0.186604
 1741.000000 1.624045 -0.133873
 1742.000000 1.637843 -0.185724
 1743.000000 1.537496 -0.178236
 1744.000000 1.584197 -0.139985
 1745.000000 1.514483 -0.110155
 1746.000000 1.575147 -0.164385
 1747.000000 1.642096 -0.139170
 1748.000000 1.650962 -0.113596
 1749.000000 1.643820 -0.086891
 1750.000000 1.625219 -0.164666
 1751.000000 1.684399 -0.161783
 1752.000000 1.747392 -0.082029
 1753.000000 1.730476 -0.211614
 1754.000000 1.688665 -0.173370
 1755.000000 1.601489 -0.219647
 1756.000000 1.605331 -0.204504
 1757.000000 1.751331 -0.182113
 1758.000000 1.542780 -0.216376
 1759.000000 1.634364 -0.159133
 1760.000000 1.704114 -0.156303
 1761.000000 1.544592 -0.140850
 1762.000000 1.611334 -0.201679
 1763.000000 1.740081 -0.266293
 1764.000000 1.660545 -0.229760
 1765.000000 1.541002 -0.142616
 1766.000000 1.584400 -0.166257
 1767.000000 1.555010 -0.115615
 1768.000000 1.660788 -0.113199
 1769.000000 1.598080 -0.153922
 1770.000000 1.611804 -0.171875
 1771.000000 1.734469 -0.167271
 1772.000000 1.652056 -0.163712
 1773.000000 1.635476 -0.123590
 1774.000000 1.668275 -0.095185
 1775.000000 1.588923 -0.144410
 1776.000000 1.603655 -0.249280
 1777.000000 1.626757 -0.163259
 1778.000000 1.625788 -0.146187
 1779.000000 1.544392 -0.217900
 1780.000000 1.643429 -0.160383
 1781.000000 1.696303 -0.076182
 1782.000000 1.537734 -0.145952
 1783.000000 1.616161 -0.158951
 1784.000000 1.683056 -0.171675
 1785.000000 1.652695 -0.138304
 1786.000000 1.521358 -0.178473
 1787.000000 1.760019 -0.174240
 1788.000000 1.615606 -0.175171
 1789.000000 1.687707 -0.213429
 1790.000000 1.684789 -0.180424
 1791.000000 1.616093 -0.192393
 1792.000000 1.709533 -0.177892
 1793.000000 1.718882 -0.215119
 1794.000000 1.607806 -0.227043
 1795.000000 1.692237 -0.214395
 1796.000000 1.689829 -0.208472
 1797.000000 1.718270 -0.165681
 1798.000000 1.736677 -0.119374
 1799.000000 1.720125 -0.169633
 1800.000000 1.710784 -0.184471
 1801.000000 1.724123 -0.140146
 1802.000000 1.662696 -0.170501
 1803.000000 1.671097 -0.013700
 1804.000000 1.640710 -0.143805
 1805.000000 1.637730 -0.096918
 1806.000000 1.572263 -0.169578
 1807.000000 1.499823 -0.199002
 1808.000000 1.695385 -0.172219
 1809.000000 1.634030 -0.160432
 1810.000000 1.519857 -0.196845
 1811.000000 1.597727 -0.098788
 1812.000000 1.555693 -0.144159
 1813.000000 1.595248 -0.161439
 1814.000000 1.627116 -0.111252
 1815.000000 1.684407 -0.214268
 1816.000000 1.632425 -0.125803
 1817.000000 1.594789 -0.091780
 1818.000000 1.609448 -0.203230
 1819.000000 1.595257 -0.252045
 1820.000000 1.656273 -0.241690
 1821.000000 1.603302 -0.075181
 1822.000000 1.602107 -0.102003
 1823.000000 1.603247 -0.137251
 1824.000000 1.628307 -0.164594
 1825.000000 1.657275 -0.147622
 1826.000000 1.566144 -0.189445
 1827.000000 1.588625 -0.130664
 1828.000000 1.604070 -0.137384
 1829.000000 1.531609 -0.207586
 1830.000000 1.569860 -0.199901
 1831.000000 1.535230 -0.198101
 1832.000000 1.504615 -0.160709
 1833.000000 1.574582 -0.164118
 1834.000000 1.583281 -0.158814
 1835.000000 1.496472 -0.133464
 1836.000000 1.534308 -0.063916
 1837.000000 1.503974 -0.079372
 1838.000000 1.581315 -0.102577
 1839.000000 1.514199 -0.151024
 1840.000000 1.582948 -0.191990
 1841.000000 1.578529 -0.141293
 1842.000000 1.559974 -0.172138
 1843.000000 1.538744 -0.119589
 1844.000000 1.436294 -0.087020
 1845.000000 1.524742 -0.169161
 1846.000000 1.478083 -0.183791
 1847.000000 1.522845 -0.163282
 1848.000000 1.549544 -0.122204
 1849.000000 1.595010 -0.071430
 1850.000000 1.725193 -0.110527
 1851.000000 1.591984 -0.177820
 1852.000000 1.652642 -0.151218
 1853.000000 1.593317 -0.174724
 1854.000000 1.537194 -0.229613
 1855.000000 1.489329 -0.173103
 1856.000000 1.588537 -0.228578
 1857.000000 1.643086 -0.208643
 1858.000000 1.596615 -0.197900
 1859.000000 1.546638 -0.172159
 1860.000000 1.707753 -0.171581
 1861.000000 1.496609 -0.165567
 1862.000000 1.625417 -0.194811
 1863.000000 1.669910 -0.152100
 1864.000000 1.835502 -0.207331
 1865.000000 1.684158 -0.147664
 1866.000000 1.758279 -0.132302
 1867.000000 1.649426 -0.151588
 1868.000000 1.556639 -0.213353
 1869.000000 1.601126 -0.165453
 1870.000000 1.670569 -0.222497
 1871.000000 1.744504 -0.070789
 1872.000000 1.590897 -0.181001
 1873.000000 1.568463 -0.248241
 1874.000000 1.636587 -0.127302
 1875.000000 1.578911 -0.228087
 1876.000000 1.727562 -0.113118
 1877.000000 1.563564 -0.212360
 1878.000000 1.575235 -0.112880
 1879.000000 1.649631 -0.040167
 1880.000000 1.602880 -0.107086
 1881.000000 1.527057 -0.150251
 1882.000000 1.573874 -0.096945
 1883.000000 1.655636 -0.129156
 1884.000000 1.572976 -0.061790
 1885.000000 1.592480 -0.055486
 1886.000000 1.618657 -0.099879
 1887.000000 1.609777 -0.186522
 1888.000000 1.596536 -0.156670
 1889.000000 1.549270 -0.080465
 1890.000000 1.503225 -0.112264
 1891.000000 1.630481 -0.057573
 1892.000000 1.516123 -0.072971
 1893.000000 1.572251 -0.091681
 1894.000000 1.519945 -0.064413
 1895.000000 1.578479 -0.088593
 1896.000000 1.604199 -0.139691
 1897.000000 1.520092 -0.066400
 1898.000000 1.533899 -0.203371
 1899.000000 1.567312 -0.167218
 1900.000000 1.568838 -0.145275
 1901.000000 1.548722 -0.060974
 1902.000000 1.523464 -0.012561
 1903.000000 1.616871 -0.083165
 1904.000000 1.650336 -0.203260
 1905.000000 1.574060 -0.164178
 1906.000000 1.506078 -0.097849
 1907.000000 1.604982 -0.137527
 1908.000000 1.578584 -0.145611
 1909.000000 1.635861 -0.154798
 1910.000000 1.520217 -0.179807
 1911.000000 1.583679 -0.067399
 1912.000000 1.561542 -0.221083
 1913.000000 1.572940 -0.121361
 1914.000000 1.627812 -0.130734
 1915.000000 1.662208 -0.137231
 1916.000000 1.627759 -0.064765
 1917.000000 1.552402 -0.042995
 1918.000000 1.509757 -0.139605
 1919.000000 1.486679 -0.123044
 1920.000000 1.521901 -0.002280
 1921.000000 1.662785 -0.139499
 1922.000000 1.470841 -0.157843
 1923.000000 1.616377 -0.061048
 1924.000000 1.573085 -0.091962
 1925.000000 1.540841 -0.062916
 1926.000000 1.529394 -0.102400
 1927.000000 1.563090 -0.155429
 1928.000000 1.669893 -0.077157
 1929.000000 1.633560 -0.103884
 1930.000000 1.554724 -0.075949
 1931.000000 1.656114 -0.157071
 1932.000000 1.609798 -0.157666
 1933.000000 1.689251 -0.141472
 1934.000000 1.571418 -0.171916
 1935.000000 1.747446 -0.141557
 1936.000000 1.624433 -0.159743
 1937.000000 1.674236 -0.269723
 1938.000000 1.593980 -0.135904
 1939.000000 1.569812 -0.163738
 1940.000000 1.639698 -0.134163
 1941.000000 1.642042 -0.089563
 1942.000000 1.668986 -0.115742
 1943.000000 1.690555 -0.129662
 1944.000000 1.669085 -0.179073
 1945.000000 1.692998 -0.117721
 1946.000000 1.580102 -0.097424
 1947.000000 1.546296 -0.112569
 1948.000000 1.673624 -0.179328
 1949.000000 1.738952 -0.135573
 1950.000000 1.564142 -0.209811
 1951.000000 1.610908 -0.128226
 1952.000000 1.521657 -0.100387
 1953.000000 1.815862 -0.141998
 1954.000000 1.618955 -0.115750
 1955.000000 1.583327 -0.196115
 1956.000000 1.546614 -0.160180
 1957.000000 1.558564 -0.189173
 1958.000000 1.633637 -0.137591
 1959.000000 1.657393 -0.088808
 1960.000000 1.537916 -0.157383
 1961.000000 1.667787 -0.104065
 1962.000000 1.667915 -0.147394
 1963.000000 1.685417 -0.184928
 1964.000000 1.578855 -0.106903
 1965.000000 1.687758 -0.158395
 1966.000000 1.699174 -0.063136
 1967.000000 1.594903 -0.160908
 1968.000000 1.646663 -0.237396
 1969.000000 1.776077 -0.129675
 1970.000000 1.697970 -0.205922
 1971.000000 1.607143 -0.119626
 1972.000000 1.630787 -0.179039
 1973.000000 1.564852 -0.099505
 1974.000000 1.512797 -0.011060
 1975.000000 1.717491 -0.174476
 1976.000000 1.560006 -0.075672
 1977.000000 1.592103 -0.202661
 1978.000000 1.625539 -0.163256
 1979.000000 1.530802 -0.110400
 1980.000000 1.599200 -0.092758
 1981.000000 1.623286 -0.092856
 1982.000000 1.549928 -0.179642
 1983.000000 1.484624 -0.139287
 1984.000000 1.492670 -0.072091
 1985.000000 1.550381 -0.096221
 1986.000000 1.523584 -0.094181
 1987.000000 1.566324 -0.171459
 1988.000000 1.578843 -0.185739
 1989.000000 1.638044 -0.134359
 1990.000000 1.574928 -0.122047
 1991.000000 1.581656 -0.058474
 1992.000000 1.607343 -0.168470
 1993.000000 1.630001 -0.165390
 1994.000000 1.536026 -0.158461
 1995.000000 1.576096 -0.148417
 1996.000000 1.491104 -0.191139
 1997.000000 1.592822 -0.151923
 1998.000000 1.594683 -0.121161
 1999.000000 1.604413 -0.113375
 2000.000000 1.521479 -0.168941
 2001.000000 1.539186 -0.207626
 2002.000000 1.583725 -0.220927
 2003.000000 1.595425 -0.135560
 2004.000000 1.574749 -0.240699
 2005.000000 1.589181 -0.112598
 2006.000000 1.749138 -0.197671
 2007.000000 1.493519 -0.219213
 2008.000000 1.597279 -0.192693
 2009.000000 1.567766 -0.204389
 2010.000000 1.534407 -0.140523
 2011.000000 1.515915 -0.071240
 2012.000000 1.579185 -0.147683
 2013.000000 1.625855 -0.149878
 2014.000000 1.583190 -0.117325
 2015.000000 1.580900 -0.182059
 2016.000000 1.531293 -0.138737
 2017.000000 1.558689 -0.133082
 2018.000000 1.662239 -0.113945
 2019.000000 1.561412 -0.192882
 2020.000000 1.518523 -0.189888
 2021.000000 1.621480 -0.097485
 2022.000000 1.451212 -0.178490
 2023.000000 1.583131 -0.137657
 2024.000000 1.637493 -0.151057
 2025.000000 1.561083 -0.135459
 2026.000000 1.541010 -0.109430
 2027.000000 1.585574 -0.145492
 2028.000000 1.543317 -0.146726
 2029.000000 1.635991 -0.112587
 2030.000000 1.624495 -0.088302
 2031.000000 1.635848 -0.146293
 2032.000000 1.643109 -0.041010
 2033.000000 1.545440 -0.038079
 2034.000000 1.657601 -0.104419
 2035.000000 1.662416 -0.067411
 2036.000000 1.630252 -0.105326
 2037.000000 1.602495 -0.081593
 2038.000000 1.566659 -0.101277
 2039.000000 1.570905 -0.127305
 2040.000000 1.676093 -0.073698
 2041.000000 1.707838 -0.088582
 2042.000000 1.598090 -0.106290
 2043.000000 1.601286 -0.134856
 2044.000000 1.649919 -0.122046
 2045.000000 1.649167 -0.178994
 2046.000000 1.619273 -0.102585
 2047.000000 1.571195 -0.097937
 2048.000000 1.646727 -0.113866
 2049.000000 1.709629 -0.090455
 2050.000000 1.653657 -0.106251
 2051.000000 1.605515 -0.068227
 2052.000000 1.579538 -0.089070
 2053.000000 1.701398 -0.016387
 2054.000000 1.608358 -0.030542
 2055.000000 1.610108 -0.128312
 2056.000000 1.593062 -0.059951
 2057.000000 1.563195 -0.091912
 2058.000000 1.457327 -0.111502
 2059.000000 1.598331 -0.102786
 2060.000000 1.639244 -0.157449
 2061.000000 1.593757 -0.094193
 2062.000000 1.506171 -0.209874
 2063.000000 1.498487 -0.118738
 2064.000000 1.573364 -0.178990
 2065.000000 1.581265 -0.130489
 2066.000000 1.465219 -0.078241
 2067.000000 1.562208 -0.067573
 2068.000000 1.556237 -0.062890
 2069.000000 1.548267 -0.119929
 2070.000000 1.541291 -0.123912
 2071.000000 1.654024 -0.232806
 2072.000000 1.532744 -0.153300
 2073.000000 1.593323 -0.178418
 2074.000000 1.593049 -0.114693
 2075.000000 1.700993 -0.211016
 2076.000000 1.609815 -0.109380
 2077.000000 1.537445 -0.095862
 2078.000000 1.517980 -0.120752
 2079.000000 1.653995 -0.230343
 2080.000000 1.563994 -0.108734
 2081.000000 1.609254 -0.114402
 2082.000000 1.636962 -0.093317
 2083.000000 1.670883 -0.115936
 2084.000000 1.665469 -0.152981
 2085.000000 1.708138 -0.155867
 2086.000000 1.688990 -0.188173
 2087.000000 1.609137 -0.093534
 2088.000000 1.661961 -0.161682
 2089.000000 1.584279 -0.111601
 2090.000000 1.561239 -0.128724
 2091.000000 1.612308 -0.085334
 2092.000000 1.781721 -0.101289
 2093.000000 1.618043 -0.106415
 2094.000000 1.570192 -0.031040
 2095.000000 1.598371 -0.140969
 2096.000000 1.726583 -0.063362
 2097.000000 1.651622 -0.104915
 2098.000000 1.689111 -0.104085
 2099.000000 1.632551 -0.062820
 2100.000000 1.616574 -0.072145
 2101.000000 1.568916 -0.051924
 2102.000000 1.607708 -0.016033
 2103.000000 1.604482 -0.091635
 2104.000000 1.533500 -0.055513
 2105.000000 1.563989 -0.071451
 2106.000000 1.649306 -0.096372
 2107.000000 1.568003 -0.166088
 2108.000000 1.616032 -0.168496
 2109.000000 1.562568 -0.060624
 2110.000000 1.580007 -0.040605
 2111.000000 1.459994 -0.074941
 2112.000000 1.553581 -0.212998
 2113.000000 1.549676 -0.228984
 2114.000000 1.502810 -0.211150
 2115.000000 1.658352 -0.198444
 2116.000000 1.509900 -0.158557
 2117.000000 1.429065 -0.243076
 2118.000000 1.647560 -0.102877
 2119.000000 1.480416 -0.078159
 2120.000000 1.477240 -0.170317
 2121.000000 1.472580 -0.051635
 2122.000000 1.588604 -0.140396
 2123.000000 1.523050 -0.133487
 2124.000000 1.489089 -0.134817
 2125.000000 1.544148 -0.006960
 2126.000000 1.405156 -0.184589
 2127.000000 1.559987 -0.142607
 2128.000000 1.564464 -0.107269
 2129.000000 1.523535 -0.058939
 2130.000000 1.478502 -0.001715
 2131.000000 1.496413 -0.082377
 2132.000000 1.511698 0.019984
 2133.000000 1.507718 -0.088620
 2134.000000 1.502896 -0.032574
 2135.000000 1.575356 -0.040091
 2136.000000 1.542556 -0.013868
 2137.000000 1.513274 -0.031751
 2138.000000 1.544167 -0.007288
 2139.000000 1.582095 -0.029765
 2140.000000 1.516096 -0.010110
 2141.000000 1.580497 0.088862
 2142.000000 1.546225 -0.036026
 2143.000000 1.571040 -0.082211
 2144.000000 1.452317 0.011075
 2145.000000 1.558533 -0.017331
 2146.000000 1.562525 0.005989
 2147.000000 1.486552 -0.019931
 2148.000000 1.556675 -0.234957
 2149.000000 1.631687 -0.094254
 2150.000000 1.595296 -0.044288
 2151.000000 1.522740 -0.129476
 2152.000000 1.544949 -0.152608
 2153.000000 1.563506 -0.038137
 2154.000000 1.553767 -0.073492
 2155.000000 1.591785 -0.051244
 2156.000000 1.594659 -0.007363
 2157.000000 1.553555 -0.052436
 2158.000000 1.621187 -0.098503
 2159.000000 1.672056 -0.153178
 2160.000000 1.470704 -0.180211
 2161.000000 1.517815 -0.142349
 2162.000000 1.564916 -0.209799
 2163.000000 1.477097 -0.102025
 2164.000000 1.580183 -0.038422
 2165.000000 1.468800 -0.043539
 2166.000000 1.579242 -0.065803
 2167.000000 1.626519 -0.016242
 2168.000000 1.473177 -0.095304
 2169.000000 1.556135 -0.052925
 2170.000000 1.561294 -0.129380
 2171.000000 1.595141 -0.097826
 2172.000000 1.595981 -0.091818
 2173.000000 1.666879 0.042193
 2174.000000 1.635196 -0.041884
 2175.000000 1.561742 -0.033159
 2176.000000 1.656404 -0.035893
 2177.000000 1.595482 -0.033014
 2178.000000 1.521819 -0.058172
 2179.000000 1.492741 0.005038
 2180.000000 1.641610 -0.076054
 2181.000000 1.612301 -0.063171
 2182.000000 1.715175 -0.061322
 2183.000000 1.630734 -0.041305
 2184.000000 1.537591 -0.028891
 2185.000000 1.622803 -0.115976
 2186.000000 1.598198 -0.081578
 2187.000000 1.550752 -0.045177
 2188.000000 1.524377 -0.081938
 2189.000000 1.558350 -0.075606
 2190.000000 1.569880 -0.131361
 2191.000000 1.571788 0.000740
 2192.000000 1.752849 -0.109939
 2193.000000 1.615276 -0.001823
 2194.000000 1.584051 -0.088095
 2195.000000 1.624683 -0.060561
 2196.000000 1.676099 -0.117234
 2197.000000 1.524162 -0.148577
 2198.000000 1.648634 -0.067842
 2199.000000 1.562624 -0.046958
 2200.000000 1.632805 -0.099700
 2201.000000 1.737003 -0.093400
 2202.000000 1.620522 -0.118025
 2203.000000 1.588864 -0.085652
 2204.000000 1.712701 -0.101560
 2205.000000 1.649477 -0.058472
 2206.000000 1.649271 -0.065493
 2207.000000 1.532552 -0.095798
 2208.000000 1.676207 -0.089939
 2209.000000 1.567015 -0.068877
 2210.000000 1.577670 -0.137665
 2211.000000 1.583409 -0.148171
 2212.000000 1.587056 -0.059709
 2213.000000 1.558529 -0.058947
 2214.000000 1.631250 -0.084554
 2215.000000 1.550107 -0.062267
 2216.000000 1.578863 -0.158244
 2217.000000 1.538095 -0.119022
 2218.000000 1.656392 -0.067267
 2219.000000 1.527744 -0.130194
 2220.000000 1.604205 -0.159753
 2221.000000 1.614713 -0.162026
 2222.000000 1.617408 -0.120249
 2223.000000 1.632739 -0.179410
 2224.000000 1.564196 -0.122636
 2225.000000 1.633122 -0.113839
 2226.000000 1.599031 -0.091565
 2227.000000 1.567253 -0.157127
 2228.000000 1.580209 -0.092335
 2229.000000 1.578655 0.003355
 2230.000000 1.588541 -0.064051
 2231.000000 1.627426 -0.119031
 2232.000000 1.641177 -0.075647
 2233.000000 1.638032 -0.133415
 2234.000000 1.691364 -0.135191
 2235.000000 1.669930 -0.120399
 2236.000000 1.678826 -0.081155
 2237.000000 1.699690 -0.128099
 2238.000000 1.617449 -0.062364
 2239.000000 1.578290 -0.147097
 2240.000000 1.507778 -0.056544
 2241.000000 1.629233 -0.113254
 2242.000000 1.593960 -0.136182
 2243.000000 1.627047 -0.077010
 2244.000000 1.596791 -0.093620
 2245.000000 1.605381 -0.035008
 2246.000000 1.680297 -0.130387
 2247.000000 1.477580 -0.139591
 2248.000000 1.446432 -0.155125
 2249.000000 1.653992 0.009608
 2250.000000 1.491523 -0.019274
 2251.000000 1.541533 -0.066038
 2252.000000 1.572256 -0.128852
 2253.000000 1.512378 -0.118969
 2254.000000 1.518852 0.015286
 2255.000000 1.523094 -0.035948
 2256.000000 1.522749 -0.212122
 2257.000000 1.588485 -0.133384
 2258.000000 1.460834 -0.085633
 2259.000000 1.577594 -0.133071
 2260.000000 1.447356 -0.074412
 2261.000000 1.628620 -0.079091
 2262.000000 1.624289 -0.095432
 2263.000000 1.590160 -0.087284
 2264.000000 1.566308 -0.205748
 2265.000000 1.705552 -0.164431
 2266.000000 1.600932 -0.142497
 2267.000000 1.433045 -0.200654
 2268.000000 1.563460 -0.021285
 2269.000000 1.675909 -0.149759
 2270.000000 1.562526 -0.186880
 2271.000000 1.604248 -0.179767
 2272.000000 1.553825 -0.062329
 2273.000000 1.588831 -0.060337
 2274.000000 1.541461 0.000603
 2275.000000 1.569859 -0.087803
 2276.000000 1.600471 -0.101171
 2277.000000 1.559263 -0.035371
 2278.000000 1.636454 -0.169458
 2279.000000 1.727239 -0.136183
 2280.000000 1.778685 -0.184178
 2281.000000 1.608475 -0.123899
 2282.000000 1.543872 -0.174577
 2283.000000 1.589550 -0.106359
 2284.000000 1.535628 -0.172782
 2285.000000 1.566367 -0.202007
 2286.000000 1.862403 -0.126222
 2287.000000 1.643590 -0.159287
 2288.000000 1.617766 -0.146676
 2289.000000 1.672086 -0.170109
 2290.000000 1.597581 -0.138653
 2291.000000 1.560558 -0.133527
 2292.000000 1.620864 -0.041303
 2293.000000 1.524161 -0.108977
 2294.000000 1.546548 -0.100047
 2295.000000 1.581792 -0.099435
 2296.000000 1.725632 -0.105539
 2297.000000 1.646073 -0.131769
 2298.000000 1.553374 -0.047625
 2299.000000 1.680723 -0.094450
 2300.000000 1.589245 -0.076468
 2301.000000 1.653558 -0.094106
 2302.000000 1.601783 -0.165756
 2303.000000 1.556360 -0.146775
 2304.000000 1.619956 -0.166170
 2305.000000 1.531155 -0.138695
 2306.000000 1.489323 -0.086727
 2307.000000 1.672303 -0.100353
 2308.000000 1.594269 -0.171572
 2309.000000 1.671413 -0.082914
 2310.000000 1.574647 -0.011986
 2311.000000 1.679470 -0.051431
 2312.000000 1.629873 -0.105540
 2313.000000 1.619236 -0.160148
 2314.000000 1.645845 -0.138833
 2315.000000 1.674506 -0.171227
 2316.000000 1.563706 -0.156816
 2317.000000 1.609433 -0.107781
 2318.000000 1.643670 -0.073992
 2319.000000 1.644296 -0.058182
 2320.000000 1.715818 -0.158522
 2321.000000 1.540094 -0.246373
 2322.000000 1.526492 -0.118482
 2323.000000 1.581474 -0.117345
 2324.000000 1.683915 -0.198460
 2325.000000 1.627953 -0.144987
 2326.000000 1.670647 -0.149941
 2327.000000 1.620830 -0.064266
 2328.000000 1.675490 -0.139570
 2329.000000 1.661457 -0.117205
 2330.000000 1.630200 -0.063686
 2331.000000 1.551235 -0.103557
 2332.000000 1.644334 -0.110786
 2333.000000 1.692307 -0.044642
 2334.000000 1.572277 -0.041881
 2335.000000 1.630570 -0.015814
 2336.000000 1.767569 0.026481
 2337.000000 1.716367 0.000758
 2338.000000 1.696911 -0.154553
 2339.000000 1.625680 -0.177666
 2340.000000 1.752264 -0.174144
 2341.000000 1.635356 -0.168153
 2342.000000 1.755167 -0.188999
 2343.000000 1.656591 -0.078947
 2344.000000 1.643665 -0.125470
 2345.000000 1.636284 -0.064666
 2346.000000 1.611793 -0.036702
 2347.000000 1.740161 -0.068988
 2348.000000 1.578745 -0.113960
 2349.000000 1.690558 -0.165377
 2350.000000 1.657927 -0.174135
 2351.000000 1.692387 -0.114820
 2352.000000 1.628425 -0.143759
 2353.000000 1.678916 -0.061315
 2354.000000 1.725905 -0.167658
 2355.000000 1.643106 -0.130820
 2356.000000 1.746420 -0.079852
 2357.000000 1.666050 0.001166
 2358.000000 1.707613 -0.157255
 2359.000000 1.637250 -0.122832
 2360.000000 1.637012 -0.101010
 2361.000000 1.589133 -0.014319
 2362.000000 1.659010 -0.062177
 2363.000000 1.731748 -0.122162
 2364.000000 1.630361 -0.057530
 2365.000000 1.588401 -0.152315
 2366.000000 1.601386 -0.009439
 2367.000000 1.616740 -0.108865
 2368.000000 1.657515 -0.066971
 2369.000000 1.635340 -0.098547
 2370.000000 1.569608 -0.119632
 2371.000000 1.581267 -0.159947
 2372.000000 1.687912 -0.142682
 2373.000000 1.754459 -0.175853
 2374.000000 1.508611 -0.076885
 2375.000000 1.534070 -0.079295
 2376.000000 1.615281 -0.115504
 2377.000000 1.600517 -0.143306
 2378.000000 1.606119 -0.146863
 2379.000000 1.636792 -0.134453
 2380.000000 1.645656 -0.168011
 2381.000000 1.605790 -0.178951
 2382.000000 1.640341 -0.196649
 2383.000000 1.526228 -0.130339
 2384.000000 1.546085 -0.159324
 2385.000000 1.704019 -0.094279
 2386.000000 1.647716 -0.146515
 2387.000000 1.735933 -0.103827
 2388.000000 1.746080 -0.145050
 2389.000000 1.619576 -0.087733
 2390.000000 1.584173 -0.228357
 2391.000000 1.677143 -0.300103
 2392.000000 1.675731 -0.146002
 2393.000000 1.715858 -0.052289
 2394.000000 1.726313 -0.081439
 2395.000000 1.691079 -0.063466
 2396.000000 1.692579 -0.068030
 2397.000000 1.674841 -0.087196
 2398.000000 1.597654 -0.139140
 2399.000000 1.594468 -0.179666
 2400.000000 1.660089 -0.058796
 2401.000000 1.635695 -0.010360
 2402.000000 1.654631 -0.072193
 2403.000000 1.709285 -0.122287
 2404.000000 1.664959 -0.041476
 2405.000000 1.637591 -0.030449
 2406.000000 1.655010 -0.067865
 2407.000000 1.633623 -0.158918
 2408.000000 1.795303 -0.031985
 2409.000000 1.703417 -0.114917
 2410.000000 1.749322 -0.089925
 2411.000000 1.662419 -0.144490
 2412.000000 1.660190 -0.015613
 2413.000000 1.636997 -0.055274
 2414.000000 1.701700 -0.168603
 2415.000000 1.599815 -0.146897
 2416.000000 1.725748 -0.098416
 2417.000000 1.649724 -0.123617
 2418.000000 1.645983 -0.063517
 2419.000000 1.628843 -0.086937
 2420.000000 1.636999 -0.164836
 2421.000000 1.623623 -0.165093
 2422.000000 1.603205 -0.145967
 2423.000000 1.653430 -0.207054
 2424.000000 1.600266 -0.164822
 2425.000000 1.526178 -0.042327
 2426.000000 1.768135 -0.123268
 2427.000000 1.534827 -0.100524
 2428.000000 1.589571 -0.036456
 2429.000000 1.710906 0.011742
 2430.000000 1.636234 -0.133341
 2431.000000 1.576395 -0.048160
 2432.000000 1.632835 -0.087773
 2433.000000 1.733995 -0.078099
 2434.000000 1.558652 -0.098022
 2435.000000 1.652842 -0.106194
 2436.000000 1.603384 -0.149896
 2437.000000 1.692889 -0.087021
 2438.000000 1.643388 -0.065414
 2439.000000 1.607422 -0.015443
 2440.000000 1.621518 -0.217128
 2441.000000 1.691185 -0.185410
 2442.000000 1.660894 -0.204326
 2443.000000 1.610888 -0.147010
 2444.000000 1.702593 -0.198516
 2445.000000 1.696843 -0.170784
 2446.000000 1.668149 -0.097768
 2447.000000 1.577636 -0.177994
 2448.000000 1.735776 -0.040718
 2449.000000 1.626168 -0.106641
 2450.000000 1.774587 -0.175654
 2451.000000 1.689755 -0.050930
 2452.000000 1.670031 -0.054345
 2453.000000 1.692870 -0.113432
 2454.000000 1.668826 -0.024670
 2455.000000 1.696973 -0.040200
 2456.000000 1.680765 -0.055643
 2457.000000 1.740029 -0.140963
 2458.000000 1.639045 -0.098395
 2459.000000 1.688335 -0.200378
 2460.000000 1.624630 -0.140623
 2461.000000 1.709501 -0.138478
 2462.000000 1.646741 -0.149733
 2463.000000 1.655980 -0.216719
 2464.000000 1.729993 -0.166079
 2465.000000 1.673536 -0.004195
 2466.000000 1.669988 -0.079391
 2467.000000 1.665428 -0.084384
 2468.000000 1.699942 -0.055720
 2469.000000 1.590641 -0.036033
 2470.000000 1.613135 -0.100213
 2471.000000 1.613841 0.024918
 2472.000000 1.552275 -0.095395
 2473.000000 1.535294 -0.139118
 2474.000000 1.567333 -0.048566
 2475.000000 1.671084 -0.021735
 2476.000000 1.622207 -0.036621
 2477.000000 1.624956 -0.110421
 2478.000000 1.725598 -0.136213
 2479.000000 1.695068 -0.132047
 2480.000000 1.520025 -0.202405
 2481.000000 1.587944 -0.042305
 2482.000000 1.602192 -0.108017
 2483.000000 1.625702 0.019797
 2484.000000 1.618612 -0.010352
 2485.000000 1.637028 -0.151555
 2486.000000 1.597320 -0.191714
 2487.000000 1.613134 -0.069113
 2488.000000 1.665983 -0.122460
 2489.000000 1.673640 -0.111446
 2490.000000 1.684087 -0.094470
 2491.000000 1.692575 -0.146382
 2492.000000 1.665255 -0.142838
 2493.000000 1.717414 -0.115007
 2494.000000 1.734235 -0.017383
 2495.000000 1.654296 -0.127274
 2496.000000 1.585474 -0.232604
 2497.000000 1.668513 -0.022553
 2498.000000 1.643694 -0.223256
 2499.000000 1.654954 -0.235854
 2500.000000 1.704241 -0.139976
