#! FIELDS time pd_137_140 diff
 0.000000 0.926094 -0.352638
 1.000000 0.876537 -0.369132
 2.000000 1.006510 -0.419480
 3.000000 0.923909 -0.345150
 4.000000 0.930627 -0.397676
 5.000000 0.787546 -0.344453
 6.000000 0.762362 -0.424686
 7.000000 0.798932 -0.375597
 8.000000 0.827293 -0.370119
 9.000000 0.837339 -0.409087
 10.000000 0.739650 -0.497203
 11.000000 0.757380 -0.403596
 12.000000 0.893864 -0.404131
 13.000000 0.847167 -0.411399
 14.000000 0.852970 -0.436570
 15.000000 0.788938 -0.485543
 16.000000 0.850989 -0.460709
 17.000000 0.780638 -0.477221
 18.000000 0.912047 -0.501719
 19.000000 0.809705 -0.459306
 20.000000 0.794274 -0.540569
 21.000000 0.862027 -0.564656
 22.000000 0.767359 -0.487125
 23.000000 0.787946 -0.591610
 24.000000 0.886025 -0.533541
 25.000000 0.776550 -0.512866
 26.000000 0.888866 -0.408138
 27.000000 0.851210 -0.481717
 28.000000 0.804131 -0.369965
 29.000000 0.795755 -0.439584
 30.000000 0.832442 -0.386952
 31.000000 0.821388 -0.417807
 32.000000 0.795679 -0.482546
 33.000000 0.725390 -0.507054
 34.000000 0.760888 -0.439200
 35.000000 0.766539 -0.396446
 36.000000 0.755759 -0.395332
 37.000000 0.819264 -0.409642
 38.000000 0.893637 -0.394922
 39.000000 0.722170 -0.458336
 40.000000 0.836790 -0.366781
 41.000000 0.898416 -0.394290
 42.000000 0.754519 -0.395273
 43.000000 0.730724 -0.436380
 44.000000 0.812507 -0.444860
 45.000000 0.892788 -0.483450
 46.000000 0.735034 -0.500184
 47.000000 0.757312 -0.284426
 48.000000 0.842303 -0.358842
 49.000000 0.778734 -0.388944
 50.000000 0.757088 -0.510221
 51.000000 0.741341 -0.496312
 52.000000 0.746676 -0.373603
 53.000000 0.694886 -0.449087
 54.000000 0.884459 -0.455969
 55.000000 0.902233 -0.342722
 56.000000 0.715217 -0.417893
 57.000000 0.817363 -0.466003
 58.000000 0.671950 -0.394537
 59.000000 0.828992 -0.408158
 60.000000 0.725773 -0.492267
 61.000000 0.784213 -0.467069
 62.000000 0.784909 -0.633964
 63.000000 0.808217 -0.522140
 64.000000 0.767036 -0.394484
 65.000000 0.767332 -0.489666
 66.000000 0.773760 -0.535658
 67.000000 0.791465 -0.542424
 68.000000 0.801059 -0.477584
 69.000000 0.860936 -0.421353
 70.000000 0.680655 -0.548922
 71.000000 0.821713 -0.491352
 72.000000 0.781139 -0.551831
 73.000000 0.774388 -0.495546
 74.000000 0.740653 -0.402375
 75.000000 0.743973 -0.475220
 76.000000 0.851420 -0.496706
 77.000000 0.756939 -0.514477
 78.000000 0.873747 -0.532949
 79.000000 0.786942 -0.528405
 80.000000 0.735186 -0.467263
 81.000000 0.871966 -0.576683
 82.000000 0.758551 -0.589197
 83.000000 0.834901 -0.441184
 84.000000 0.893215 -0.513707
 85.000000 0.749407 -0.501800
 86.000000 0.840488 -0.446033
 87.000000 0.807065 -0.583490
 88.000000 0.835115 -0.525974
 89.000000 0.811194 -0.467769
 90.000000 0.794915 -0.543276
 91.000000 0.774823 -0.479258
 92.000000 0.817137 -0.511710
 93.000000 0.731634 -0.554834
 94.000000 0.779229 -0.538888
 95.000000 0.805235 -0.441940
 96.000000 0.809648 -0.412385
 97.000000 0.802760 -0.465115
 98.000000 0.847728 -0.446766
 99.000000 0.731942 -0.489220
 100.000000 0.814349 -0.392087
 101.000000 0.842478 -0.455155
 102.000000 0.815023 -0.499506
 103.000000 0.882638 -0.509244
 104.000000 0.922349 -0.425499
 105.000000 0.773266 -0.474408
 106.000000 0.873275 -0.391460
 107.000000 0.880828 -0.409790
 108.000000 0.835846 -0.420602
 109.000000 0.852697 -0.411278
 110.000000 0.868951 -0.379964
 111.000000 0.864336 -0.361600
 112.000000 0.860396 -0.451559
 113.000000 0.827438 -0.395445
 114.000000 0.862976 -0.433044
 115.000000 0.836703 -0.413441
 116.000000 0.817040 -0.427837
 117.000000 0.810619 -0.491412
 118.000000 0.829297 -0.463643
 119.000000 0.739818 -0.448072
 120.000000 0.734899 -0.412362
 121.000000 0.752247 -0.417792
 122.000000 0.642423 -0.407085
 123.000000 0.702317 -0.445575
 124.000000 0.738895 -0.395727
 125.000000 0.698602 -0.430060
 126.000000 0.740493 -0.416158
 127.000000 0.819969 -0.432378
 128.000000 0.748957 -0.461206
 129.000000 0.729911 -0.421449
 130.000000 0.739851 -0.503179
 131.000000 0.756516 -0.403575
 132.000000 0.742395 -0.491490
 133.000000 0.639831 -0.522783
 134.000000 0.840550 -0.590644
 135.000000 0.858804 -0.520290
 136.000000 0.791801 -0.389568
 137.000000 0.753493 -0.484891
 138.000000 0.749194 -0.451953
 139.000000 0.851663 -0.400211
 140.000000 0.805235 -0.476991
 141.000000 0.837250 -0.365649
 142.000000 0.768474 -0.402124
 143.000000 0.781368 -0.493170
 144.000000 0.789460 -0.622979
 145.000000 0.901117 -0.455715
 146.000000 0.835569 -0.496070
 147.000000 0.780483 -0.536789
 148.000000 0.842912 -0.540792
 149.000000 0.734877 -0.416280
 150.000000 0.870108 -0.447545
 151.000000 0.704602 -0.464500
 152.000000 0.799179 -0.414178
 153.000000 0.834099 -0.447448
 154.000000 0.861235 -0.422462
 155.000000 0.840630 -0.359652
 156.000000 0.794873 -0.409606
 157.000000 0.912669 -0.437141
 158.000000 0.802021 -0.492337
 159.000000 0.779157 -0.414569
 160.000000 0.903548 -0.379173
 161.000000 0.826726 -0.427197
 162.000000 0.823116 -0.474373
 163.000000 0.832663 -0.446777
 164.000000 0.805247 -0.359024
 165.000000 0.828428 -0.431096
 166.000000 0.822255 -0.519618
 167.000000 0.834565 -0.499860
 168.000000 0.821997 -0.519584
 169.000000 0.836066 -0.461266
 170.000000 0.820126 -0.454448
 171.000000 0.847220 -0.440191
 172.000000 0.795080 -0.465099
 173.000000 0.819528 -0.468629
 174.000000 0.894379 -0.503172
 175.000000 0.832656 -0.374598
 176.000000 0.812032 -0.395863
 177.000000 0.766083 -0.416724
 178.000000 0.794947 -0.437617
 179.000000 0.866635 -0.505652
 180.000000 0.857629 -0.443308
 181.000000 0.766511 -0.444218
 182.000000 0.834337 -0.410916
 183.000000 0.832781 -0.388933
 184.000000 0.808465 -0.444254
 185.000000 0.747781 -0.522779
 186.000000 0.759523 -0.460690
 187.000000 0.845480 -0.375354
 188.000000 0.789210 -0.441959
 189.000000 0.819644 -0.443674
 190.000000 0.841585 -0.430537
 191.000000 0.720352 -0.461653
 192.000000 0.774612 -0.454312
 193.000000 0.783000 -0.421679
 194.000000 0.722834 -0.421093
 195.000000 0.795847 -0.461119
 196.000000 0.759123 -0.413907
 197.000000 0.870342 -0.400691
 198.000000 0.881713 -0.405983
 199.000000 0.803139 -0.461662
 200.000000 0.816715 -0.494256
 201.000000 0.855631 -0.496819
 202.000000 0.822877 -0.426798
 203.000000 0.765101 -0.496126
 204.000000 0.817087 -0.455724
 205.000000 0.785603 -0.444855
 206.000000 0.799184 -0.451883
 207.000000 0.718575 -0.489438
 208.000000 0.778449 -0.548853
 209.000000 0.766728 -0.464389
 210.000000 0.836196 -0.413807
 211.000000 0.888159 -0.581918
 212.000000 0.802266 -0.450986
 213.000000 0.861565 -0.486933
 214.000000 0.761182 -0.526002
 215.000000 0.751768 -0.531744
 216.000000 0.726733 -0.523545
 217.000000 0.751200 -0.358493
 218.000000 0.882639 -0.438697
 219.000000 0.900820 -0.500965
 220.000000 0.767770 -0.456614
 221.000000 0.805311 -0.438000
 222.000000 0.873354 -0.448055
 223.000000 0.827169 -0.416806
 224.000000 0.884573 -0.486682
 225.000000 0.730166 -0.499559
 226.000000 0.747657 -0.452785
 227.000000 0.704940 -0.520205
 228.000000 0.872736 -0.437200
 229.000000 0.860136 -0.446157
 230.000000 0.813218 -0.469053
 231.000000 0.757528 -0.431887
 232.000000 0.807997 -0.436231
 233.000000 0.733607 -0.436678
 234.000000 0.886937 -0.587701
 235.000000 0.843080 -0.352574
 236.000000 0.807381 -0.443298
 237.000000 0.882748 -0.494171
 238.000000 0.864075 -0.429059
 239.000000 0.844179 -0.372312
 240.000000 0.790451 -0.420798
 241.000000 0.811308 -0.436202
 242.000000 0.820461 -0.403814
 243.000000 0.881800 -0.473951
 244.000000 0.840731 -0.359921
 245.000000 0.871506 -0.529056
 246.000000 0.783047 -0.439385
 247.000000 0.884264 -0.411078
 248.000000 0.873038 -0.421850
 249.000000 0.879302 -0.379037
 250.000000 0.848211 -0.351146
 251.000000 0.786095 -0.465463
 252.000000 0.750518 -0.344677
 253.000000 0.778377 -0.425501
 254.000000 0.793855 -0.325776
 255.000000 0.756670 -0.421171
 256.000000 0.733788 -0.509701
 257.000000 0.753640 -0.420763
 258.000000 0.747252 -0.443543
 259.000000 0.725922 -0.422774
 260.000000 0.781018 -0.375247
 261.000000 0.796856 -0.489805
 262.000000 0.715244 -0.402942
 263.000000 0.739729 -0.368977
 264.000000 0.793998 -0.427322
 265.000000 0.747288 -0.407152
 266.000000 0.740485 -0.349662
 267.000000 0.781235 -0.527304
 268.000000 0.770501 -0.521758
 269.000000 0.723839 -0.362270
 270.000000 0.743722 -0.335007
 271.000000 0.831368 -0.370265
 272.000000 0.827886 -0.527264
 273.000000 0.760553 -0.468212
 274.000000 0.716116 -0.478689
 275.000000 0.790985 -0.513695
 276.000000 0.720387 -0.434023
 277.000000 0.777552 -0.415796
 278.000000 0.724058 -0.468373
 279.000000 0.741450 -0.479529
 280.000000 0.676130 -0.451508
 281.000000 0.725017 -0.478316
 282.000000 0.757253 -0.504440
 283.000000 0.761001 -0.434409
 284.000000 0.759628 -0.465277
 285.000000 0.828906 -0.440551
 286.000000 0.725448 -0.471223
 287.000000 0.847526 -0.504971
 288.000000 0.835117 -0.507489
 289.000000 0.782285 -0.375331
 290.000000 0.719442 -0.459535
 291.000000 0.789622 -0.387036
 292.000000 0.734478 -0.377253
 293.000000 0.753932 -0.431996
 294.000000 0.769663 -0.462302
 295.000000 0.765780 -0.456814
 296.000000 0.837166 -0.414703
 297.000000 0.785243 -0.492122
 298.000000 0.740257 -0.424283
 299.000000 0.755998 -0.445613
 300.000000 0.680987 -0.446641
 301.000000 0.760095 -0.435283
 302.000000 0.733515 -0.435257
 303.000000 0.755563 -0.484657
 304.000000 0.647594 -0.409349
 305.000000 0.747957 -0.517960
 306.000000 0.775434 -0.323825
 307.000000 0.648320 -0.379673
 308.000000 0.802744 -0.344527
 309.000000 0.868833 -0.406101
 310.000000 0.635186 -0.272364
 311.000000 0.706323 -0.355231
 312.000000 0.749621 -0.436901
 313.000000 0.731571 -0.339937
 314.000000 0.683284 -0.443965
 315.000000 0.728839 -0.413020
 316.000000 0.711841 -0.502590
 317.000000 0.780324 -0.523025
 318.000000 0.757719 -0.475854
 319.000000 0.760514 -0.443231
 320.000000 0.738219 -0.540885
 321.000000 0.785937 -0.453175
 322.000000 0.844238 -0.493038
 323.000000 0.830363 -0.419497
 324.000000 0.632789 -0.480238
 325.000000 0.782328 -0.402288
 326.000000 0.764199 -0.483133
 327.000000 0.750744 -0.424649
 328.000000 0.800113 -0.392844
 329.000000 0.786222 -0.415415
 330.000000 0.745491 -0.403828
 331.000000 0.813228 -0.367406
 332.000000 0.711417 -0.433487
 333.000000 0.870515 -0.492849
 334.000000 0.785115 -0.406594
 335.000000 0.823931 -0.529624
 336.000000 0.851969 -0.420815
 337.000000 0.778813 -0.439310
 338.000000 0.787682 -0.455280
 339.000000 0.791614 -0.480876
 340.000000 0.714138 -0.388063
 341.000000 0.760179 -0.481479
 342.000000 0.773436 -0.507134
 343.000000 0.768977 -0.517508
 344.000000 0.747989 -0.474084
 345.000000 0.683622 -0.469542
 346.000000 0.665562 -0.493542
 347.000000 0.715876 -0.531808
 348.000000 0.724944 -0.505843
 349.000000 0.735013 -0.443922
 350.000000 0.759873 -0.376383
 351.000000 0.673827 -0.496282
 352.000000 0.782972 -0.496317
 353.000000 0.784289 -0.509192
 354.000000 0.628380 -0.524088
 355.000000 0.677510 -0.494050
 356.000000 0.708987 -0.436137
 357.000000 0.706260 -0.494702
 358.000000 0.727438 -0.488736
 359.000000 0.795873 -0.464096
 360.000000 0.749924 -0.504966
 361.000000 0.789603 -0.452611
 362.000000 0.743287 -0.411632
 363.000000 0.805370 -0.468533
 364.000000 0.720665 -0.379282
 365.000000 0.791550 -0.441691
 366.000000 0.727570 -0.376970
 367.000000 0.807727 -0.515741
 368.000000 0.859579 -0.382815
 369.000000 0.816111 -0.424354
 370.000000 0.793554 -0.508057
 371.000000 0.826278 -0.464468
 372.000000 0.844361 -0.512110
 373.000000 0.851377 -0.568046
 374.000000 0.853003 -0.381881
 375.000000 0.856375 -0.524212
 376.000000 0.742612 -0.469531
 377.000000 0.779136 -0.509513
 378.000000 0.772888 -0.445897
 379.000000 0.799876 -0.477299
 380.000000 0.758955 -0.402304
 381.000000 0.759400 -0.436748
 382.000000 0.715149 -0.431648
 383.000000 0.798350 -0.468685
 384.000000 0.794818 -0.366143
 385.000000 0.666093 -0.436725
 386.000000 0.726525 -0.374148
 387.000000 0.822913 -0.429341
 388.000000 0.789225 -0.509680
 389.000000 0.762730 -0.483311
 390.000000 0.728803 -0.435443
 391.000000 0.749438 -0.465120
 392.000000 0.751106 -0.539910
 393.000000 0.839258 -0.514411
 394.000000 0.860723 -0.462235
 395.000000 0.816777 -0.361620
 396.000000 0.774831 -0.454523
 397.000000 0.738276 -0.477872
 398.000000 0.746170 -0.443361
 399.000000 0.710768 -0.386362
 400.000000 0.731664 -0.364489
 401.000000 0.814912 -0.367895
 402.000000 0.823723 -0.446162
 403.000000 0.885915 -0.444658
 404.000000 0.783945 -0.380192
 405.000000 0.761351 -0.513220
 406.000000 0.709382 -0.455448
 407.000000 0.716976 -0.413064
 408.000000 0.720622 -0.458036
 409.000000 0.742119 -0.433727
 410.000000 0.687327 -0.475842
 411.000000 0.685567 -0.536965
 412.000000 0.651230 -0.400282
 413.000000 0.709018 -0.446099
 414.000000 0.679503 -0.399648
 415.000000 0.776623 -0.396191
 416.000000 0.723805 -0.583973
 417.000000 0.777538 -0.417738
 418.000000 0.834003 -0.402751
 419.000000 0.796832 -0.466969
 420.000000 0.734296 -0.387887
 421.000000 0.718989 -0.599258
 422.000000 0.845073 -0.506408
 423.000000 0.757142 -0.367485
 424.000000 0.743876 -0.483138
 425.000000 0.830339 -0.373920
 426.000000 0.772863 -0.415846
 427.000000 0.784252 -0.436058
 428.000000 0.750327 -0.537545
 429.000000 0.800826 -0.459298
 430.000000 0.825728 -0.412573
 431.000000 0.845793 -0.427292
 432.000000 0.705133 -0.409674
 433.000000 0.816331 -0.397112
 434.000000 0.755642 -0.443684
 435.000000 0.781569 -0.399390
 436.000000 0.811789 -0.425098
 437.000000 0.807655 -0.405312
 438.000000 0.770333 -0.387652
 439.000000 0.761373 -0.407341
 440.000000 0.695354 -0.391192
 441.000000 0.755708 -0.460221
 442.000000 0.780980 -0.442598
 443.000000 0.750524 -0.443746
 444.000000 0.823140 -0.424526
 445.000000 0.804534 -0.290851
 446.000000 0.823969 -0.410017
 447.000000 0.797163 -0.483814
 448.000000 0.708672 -0.383918
 449.000000 0.780611 -0.520004
 450.000000 0.825516 -0.552041
 451.000000 0.714598 -0.418709
 452.000000 0.776228 -0.459117
 453.000000 0.709601 -0.326389
 454.000000 0.841865 -0.399756
 455.000000 0.722946 -0.466567
 456.000000 0.706328 -0.384059
 457.000000 0.750524 -0.488118
 458.000000 0.696172 -0.456554
 459.000000 0.756363 -0.489546
 460.000000 0.717133 -0.411577
 461.000000 0.778683 -0.424371
 462.000000 0.744258 -0.517087
 463.000000 0.767160 -0.381336
 464.000000 0.788330 -0.464132
 465.000000 0.807081 -0.528374
 466.000000 0.752917 -0.468507
 467.000000 0.800208 -0.480951
 468.000000 0.862281 -0.477665
 469.000000 0.719855 -0.437258
 470.000000 0.780584 -0.496068
 471.000000 0.735783 -0.406656
 472.000000 0.765139 -0.453450
 473.000000 0.755869 -0.426741
 474.000000 0.777888 -0.536475
 475.000000 0.769810 -0.444899
 476.000000 0.676397 -0.487806
 477.000000 0.759446 -0.468683
 478.000000 0.688693 -0.423657
 479.000000 0.684407 -0.437683
 480.000000 0.708967 -0.380603
 481.000000 0.753197 -0.359362
 482.000000 0.732451 -0.471683
 483.000000 0.751097 -0.340906
 484.000000 0.691981 -0.449615
 485.000000 0.746682 -0.448991
 486.000000 0.742941 -0.417959
 487.000000 0.819707 -0.467841
 488.000000 0.887426 -0.438389
 489.000000 0.731833 -0.356811
 490.000000 0.767248 -0.474645
 491.000000 0.667065 -0.322239
 492.000000 0.748833 -0.329358
 493.000000 0.738234 -0.368309
 494.000000 0.694104 -0.427532
 495.000000 0.808473 -0.442892
 496.000000 0.792297 -0.393966
 497.000000 0.720575 -0.386969
 498.000000 0.761878 -0.445974
 499.000000 0.661684 -0.359171
 500.000000 0.837586 -0.522380
 501.000000 0.788198 -0.456710
 502.000000 0.770753 -0.460199
 503.000000 0.752931 -0.424461
 504.000000 0.783695 -0.419768
 505.000000 0.821330 -0.497283
 506.000000 0.720247 -0.469541
 507.000000 0.770590 -0.467665
 508.000000 0.791696 -0.463678
 509.000000 0.735279 -0.474129
 510.000000 0.710384 -0.409004
 511.000000 0.715408 -0.350186
 512.000000 0.761024 -0.367891
 513.000000 0.736202 -0.353389
 514.000000 0.643872 -0.488978
 515.000000 0.708030 -0.357633
 516.000000 0.771159 -0.366557
 517.000000 0.820046 -0.320389
 518.000000 0.752046 -0.421806
 519.000000 0.806400 -0.519416
 520.000000 0.730027 -0.489543
 521.000000 0.783796 -0.473656
 522.000000 0.825282 -0.450950
 523.000000 0.647151 -0.442128
 524.000000 0.720443 -0.510025
 525.000000 0.743737 -0.346360
 526.000000 0.796883 -0.401840
 527.000000 0.741068 -0.432498
 528.000000 0.714562 -0.518306
 529.000000 0.739261 -0.472196
 530.000000 0.795576 -0.529655
 531.000000 0.804376 -0.517239
 532.000000 0.716338 -0.519561
 533.000000 0.822136 -0.466844
 534.000000 0.844559 -0.412537
 535.000000 0.663450 -0.517360
 536.000000 0.834470 -0.322822
 537.000000 0.825370 -0.442275
 538.000000 0.835988 -0.465418
 539.000000 0.778386 -0.418621
 540.000000 0.758413 -0.424400
 541.000000 0.811014 -0.440777
 542.000000 0.776922 -0.481423
 543.000000 0.825945 -0.387659
 544.000000 0.761782 -0.460267
 545.000000 0.799146 -0.466399
 546.000000 0.736725 -0.443046
 547.000000 0.722258 -0.548100
 548.000000 0.809103 -0.471616
 549.000000 0.720262 -0.486452
 550.000000 0.863880 -0.522879
 551.000000 0.801522 -0.551087
 552.000000 0.728394 -0.366607
 553.000000 0.706042 -0.444780
 554.000000 0.798951 -0.428206
 555.000000 0.775791 -0.470471
 556.000000 0.796451 -0.498325
 557.000000 0.781937 -0.359030
 558.000000 0.739829 -0.434367
 559.000000 0.745256 -0.441726
 560.000000 0.789709 -0.458650
 561.000000 0.798518 -0.485479
 562.000000 0.770928 -0.432477
 563.000000 0.743089 -0.494220
 564.000000 0.805242 -0.452135
 565.000000 0.848774 -0.436212
 566.000000 0.759214 -0.435033
 567.000000 0.777261 -0.478687
 568.000000 0.701442 -0.536526
 569.000000 0.711904 -0.577826
 570.000000 0.740812 -0.473957
 571.000000 0.711764 -0.507416
 572.000000 0.798544 -0.372331
 573.000000 0.800514 -0.411211
 574.000000 0.704106 -0.433420
 575.000000 0.875042 -0.443344
 576.000000 0.830897 -0.362894
 577.000000 0.798807 -0.450236
 578.000000 0.774093 -0.476005
 579.000000 0.704667 -0.413335
 580.000000 0.743778 -0.397814
 581.000000 0.700418 -0.542079
 582.000000 0.645828 -0.439906
 583.000000 0.764710 -0.523168
 584.000000 0.653623 -0.481156
 585.000000 0.795705 -0.476676
 586.000000 0.636735 -0.428782
 587.000000 0.623042 -0.477749
 588.000000 0.646972 -0.390227
 589.000000 0.738720 -0.404030
 590.000000 0.837657 -0.391864
 591.000000 0.625647 -0.482819
 592.000000 0.683239 -0.513174
 593.000000 0.718976 -0.491362
 594.000000 0.721196 -0.383421
 595.000000 0.693648 -0.485759
 596.000000 0.720204 -0.425519
 597.000000 0.694293 -0.427821
 598.000000 0.708182 -0.471371
 599.000000 0.697655 -0.500970
 600.000000 0.723848 -0.412799
 601.000000 0.735254 -0.448100
 602.000000 0.676967 -0.453363
 603.000000 0.645810 -0.445270
 604.000000 0.693782 -0.414984
 605.000000 0.689580 -0.416932
 606.000000 0.745052 -0.444770
 607.000000 0.750317 -0.423368
 608.000000 0.698337 -0.516810
 609.000000 0.827025 -0.398497
 610.000000 0.775403 -0.433087
 611.000000 0.743968 -0.407392
 612.000000 0.757817 -0.422611
 613.000000 0.783424 -0.419592
 614.000000 0.752386 -0.383899
 615.000000 0.843743 -0.423833
 616.000000 0.798798 -0.401580
 617.000000 0.743843 -0.486743
 618.000000 0.817330 -0.378829
 619.000000 0.785228 -0.391744
 620.000000 0.764854 -0.425802
 621.000000 0.733534 -0.452333
 622.000000 0.770930 -0.431567
 623.000000 0.718367 -0.485942
 624.000000 0.725643 -0.417726
 625.000000 0.760290 -0.485204
 626.000000 0.738733 -0.444347
 627.000000 0.718689 -0.282858
 628.000000 0.881786 -0.344010
 629.000000 0.768226 -0.428012
 630.000000 0.749845 -0.408897
 631.000000 0.808355 -0.452813
 632.000000 0.737735 -0.375320
 633.000000 0.815374 -0.380050
 634.000000 0.813496 -0.320782
 635.000000 0.804550 -0.310897
 636.000000 0.762206 -0.305601
 637.000000 0.831850 -0.377521
 638.000000 0.736739 -0.437989
 639.000000 0.765301 -0.405138
 640.000000 0.760707 -0.393192
 641.000000 0.693705 -0.367250
 642.000000 0.879915 -0.402234
 643.000000 0.816275 -0.468584
 644.000000 0.807551 -0.422418
 645.000000 0.908245 -0.503135
 646.000000 0.844621 -0.431164
 647.000000 0.776173 -0.417059
 648.000000 0.748010 -0.427255
 649.000000 0.812025 -0.432251
 650.000000 0.807206 -0.418742
 651.000000 0.825825 -0.398747
 652.000000 0.878632 -0.463898
 653.000000 0.849237 -0.447944
 654.000000 0.819137 -0.449407
 655.000000 0.892608 -0.348820
 656.000000 0.762638 -0.446571
 657.000000 0.794082 -0.438580
 658.000000 0.820485 -0.344933
 659.000000 0.840984 -0.473761
 660.000000 0.914499 -0.355789
 661.000000 0.794936 -0.302284
 662.000000 0.753653 -0.363211
 663.000000 0.687380 -0.475313
 664.000000 0.689036 -0.405311
 665.000000 0.792756 -0.480370
 666.000000 0.732826 -0.501001
 667.000000 0.743957 -0.415177
 668.000000 0.796688 -0.485610
 669.000000 0.692180 -0.460587
 670.000000 0.781283 -0.472463
 671.000000 0.747819 -0.394792
 672.000000 0.658363 -0.470932
 673.000000 0.771364 -0.433952
 674.000000 0.788649 -0.429622
 675.000000 0.758530 -0.577023
 676.000000 0.721318 -0.458100
 677.000000 0.765582 -0.480287
 678.000000 0.672929 -0.387317
 679.000000 0.713045 -0.469470
 680.000000 0.702793 -0.426360
 681.000000 0.739979 -0.467680
 682.000000 0.747541 -0.383656
 683.000000 0.749643 -0.465121
 684.000000 0.821118 -0.396533
 685.000000 0.769251 -0.457123
 686.000000 0.730182 -0.417780
 687.000000 0.812352 -0.432597
 688.000000 0.823639 -0.532305
 689.000000 0.743697 -0.368743
 690.000000 0.724439 -0.457941
 691.000000 0.745606 -0.382991
 692.000000 0.674684 -0.442921
 693.000000 0.748127 -0.423027
 694.000000 0.686911 -0.411640
 695.000000 0.759520 -0.391911
 696.000000 0.796381 -0.378790
 697.000000 0.713267 -0.334921
 698.000000 0.822499 -0.363379
 699.000000 0.723416 -0.392405
 700.000000 0.773407 -0.494671
 701.000000 0.739014 -0.333449
 702.000000 0.693060 -0.415572
 703.000000 0.700045 -0.474111
 704.000000 0.756528 -0.453912
 705.000000 0.722031 -0.379207
 706.000000 0.697713 -0.389024
 707.000000 0.687738 -0.403183
 708.000000 0.686438 -0.418582
 709.000000 0.719175 -0.433885
 710.000000 0.880263 -0.326650
 711.000000 0.834784 -0.410432
 712.000000 0.784241 -0.431541
 713.000000 0.771502 -0.376866
 714.000000 0.759135 -0.344299
 715.000000 0.789017 -0.366861
 716.000000 0.698182 -0.442714
 717.000000 0.780797 -0.401485
 718.000000 0.695366 -0.408040
 719.000000 0.650965 -0.381590
 720.000000 0.767130 -0.424703
 721.000000 0.812455 -0.453721
 722.000000 0.688003 -0.405861
 723.000000 0.808712 -0.467626
 724.000000 0.769389 -0.392784
 725.000000 0.840003 -0.466559
 726.000000 0.801604 -0.428266
 727.000000 0.734230 -0.453903
 728.000000 0.821055 -0.364776
 729.000000 0.819170 -0.387959
 730.000000 0.711896 -0.416646
 731.000000 0.785299 -0.423505
 732.000000 0.865429 -0.410532
 733.000000 0.733197 -0.411828
 734.000000 0.714534 -0.368784
 735.000000 0.725443 -0.371661
 736.000000 0.751902 -0.521249
 737.000000 0.765407 -0.399921
 738.000000 0.801922 -0.436451
 739.000000 0.699646 -0.444962
 740.000000 0.772509 -0.506637
 741.000000 0.793616 -0.470187
 742.000000 0.766646 -0.637752
 743.000000 0.803926 -0.595330
 744.000000 0.829802 -0.534164
 745.000000 0.830480 -0.402032
 746.000000 0.697743 -0.454016
 747.000000 0.782799 -0.515589
 748.000000 0.779904 -0.542680
 749.000000 0.798366 -0.434186
 750.000000 0.739360 -0.428085
 751.000000 0.736036 -0.387248
 752.000000 0.765207 -0.372080
 753.000000 0.856954 -0.435737
 754.000000 0.746980 -0.503079
 755.000000 0.793357 -0.465576
 756.000000 0.927818 -0.471183
 757.000000 0.712829 -0.403116
 758.000000 0.819754 -0.501343
 759.000000 0.802434 -0.470568
 760.000000 0.799040 -0.423787
 761.000000 0.816914 -0.474293
 762.000000 0.769850 -0.472190
 763.000000 0.785214 -0.451124
 764.000000 0.838466 -0.490945
 765.000000 0.816891 -0.419989
 766.000000 0.829853 -0.516510
 767.000000 0.795365 -0.464819
 768.000000 0.806643 -0.373348
 769.000000 0.793857 -0.605208
 770.000000 0.817685 -0.526736
 771.000000 0.842113 -0.423665
 772.000000 0.735475 -0.407238
 773.000000 0.799906 -0.363683
 774.000000 0.828549 -0.440306
 775.000000 0.815941 -0.403834
 776.000000 0.814255 -0.429190
 777.000000 0.825447 -0.451950
 778.000000 0.711962 -0.412738
 779.000000 0.883241 -0.342587
 780.000000 0.841118 -0.425415
 781.000000 0.756922 -0.367855
 782.000000 0.808042 -0.508035
 783.000000 0.849412 -0.415835
 784.000000 0.772733 -0.464939
 785.000000 0.843364 -0.476923
 786.000000 0.808861 -0.456702
 787.000000 0.888393 -0.473787
 788.000000 0.787568 -0.526547
 789.000000 0.718305 -0.421829
 790.000000 0.826647 -0.501449
 791.000000 0.799157 -0.518123
 792.000000 0.759297 -0.443466
 793.000000 0.749483 -0.463208
 794.000000 0.801570 -0.366765
 795.000000 0.802342 -0.505023
 796.000000 0.788230 -0.418470
 797.000000 0.739713 -0.397800
 798.000000 0.820268 -0.440554
 799.000000 0.787702 -0.402659
 800.000000 0.777692 -0.436858
 801.000000 0.844201 -0.491080
 802.000000 0.722092 -0.447164
 803.000000 0.767052 -0.412450
 804.000000 0.702521 -0.461363
 805.000000 0.812949 -0.398725
 806.000000 0.720638 -0.377733
 807.000000 0.740628 -0.405259
 808.000000 0.687956 -0.434749
 809.000000 0.775415 -0.538626
 810.000000 0.717376 -0.501608
 811.000000 0.727504 -0.529864
 812.000000 0.770137 -0.438818
 813.000000 0.638832 -0.410299
 814.000000 0.715987 -0.429964
 815.000000 0.702328 -0.410468
 816.000000 0.723790 -0.431221
 817.000000 0.748076 -0.443436
 818.000000 0.739296 -0.429644
 819.000000 0.643002 -0.415311
 820.000000 0.766469 -0.479276
 821.000000 0.795405 -0.449694
 822.000000 0.761539 -0.484988
 823.000000 0.825447 -0.470911
 824.000000 0.811528 -0.416636
 825.000000 0.812485 -0.388191
 826.000000 0.824235 -0.438816
 827.000000 0.778010 -0.429520
 828.000000 0.715556 -0.352146
 829.000000 0.730711 -0.466743
 830.000000 0.707827 -0.501009
 831.000000 0.854814 -0.512932
 832.000000 0.815561 -0.444297
 833.000000 0.782145 -0.413791
 834.000000 0.795107 -0.384173
 835.000000 0.812970 -0.421901
 836.000000 0.872131 -0.403432
 837.000000 0.794223 -0.355479
 838.000000 0.779044 -0.361424
 839.000000 0.769025 -0.377908
 840.000000 0.720751 -0.376579
 841.000000 0.776798 -0.369184
 842.000000 0.743956 -0.409908
 843.000000 0.736123 -0.368995
 844.000000 0.775101 -0.507696
 845.000000 0.811965 -0.443175
 846.000000 0.759097 -0.417999
 847.000000 0.747708 -0.310130
 848.000000 0.710676 -0.424459
 849.000000 0.754079 -0.387068
 850.000000 0.710665 -0.415684
 851.000000 0.750730 -0.406824
 852.000000 0.769324 -0.381443
 853.000000 0.765571 -0.394143
 854.000000 0.719496 -0.491853
 855.000000 0.721936 -0.430853
 856.000000 0.777294 -0.542773
 857.000000 0.755606 -0.433937
 858.000000 0.837163 -0.331318
 859.000000 0.781206 -0.427018
 860.000000 0.764230 -0.437356
 861.000000 0.794790 -0.401629
 862.000000 0.727317 -0.395846
 863.000000 0.677660 -0.266498
 864.000000 0.738175 -0.389278
 865.000000 0.703032 -0.427505
 866.000000 0.729982 -0.427790
 867.000000 0.745888 -0.514264
 868.000000 0.821584 -0.438078
 869.000000 0.738962 -0.346173
 870.000000 0.681788 -0.438169
 871.000000 0.748194 -0.406374
 872.000000 0.663179 -0.492783
 873.000000 0.637331 -0.494161
 874.000000 0.773703 -0.462726
 875.000000 0.767252 -0.483862
 876.000000 0.764675 -0.456026
 877.000000 0.764854 -0.553125
 878.000000 0.692805 -0.451364
 879.000000 0.712812 -0.486312
 880.000000 0.638481 -0.444810
 881.000000 0.729936 -0.554571
 882.000000 0.818595 -0.500215
 883.000000 0.747267 -0.520987
 884.000000 0.707115 -0.496404
 885.000000 0.711130 -0.460321
 886.000000 0.781460 -0.442826
 887.000000 0.750825 -0.463057
 888.000000 0.740676 -0.472677
 889.000000 0.661924 -0.463382
 890.000000 0.654495 -0.453418
 891.000000 0.721186 -0.472336
 892.000000 0.717941 -0.426421
 893.000000 0.804600 -0.444176
 894.000000 0.719721 -0.432080
 895.000000 0.853766 -0.403090
 896.000000 0.713822 -0.487872
 897.000000 0.770902 -0.506468
 898.000000 0.801876 -0.549813
 899.000000 0.742825 -0.486369
 900.000000 0.734107 -0.409049
 901.000000 0.831693 -0.461030
 902.000000 0.671002 -0.424675
 903.000000 0.757866 -0.541368
 904.000000 0.689538 -0.397442
 905.000000 0.803812 -0.477102
 906.000000 0.813338 -0.422588
 907.000000 0.748618 -0.377033
 908.000000 0.700240 -0.469239
 909.000000 0.784022 -0.473754
 910.000000 0.756258 -0.468512
 911.000000 0.759628 -0.486914
 912.000000 0.796610 -0.474470
 913.000000 0.703720 -0.541402
 914.000000 0.711329 -0.469488
 915.000000 0.787098 -0.419737
 916.000000 0.762209 -0.538846
 917.000000 0.734712 -0.519547
 918.000000 0.759411 -0.425457
 919.000000 0.798447 -0.414293
 920.000000 0.802101 -0.533749
 921.000000 0.728724 -0.442722
 922.000000 0.793176 -0.408849
 923.000000 0.779496 -0.472880
 924.000000 0.818313 -0.395677
 925.000000 0.778346 -0.526303
 926.000000 0.671240 -0.420916
 927.000000 0.757568 -0.444846
 928.000000 0.848152 -0.379896
 929.000000 0.803056 -0.413677
 930.000000 0.769741 -0.484669
 931.000000 0.821912 -0.384068
 932.000000 0.790745 -0.493482
 933.000000 0.738918 -0.438732
 934.000000 0.813711 -0.508541
 935.000000 0.763199 -0.402924
 936.000000 0.774804 -0.508184
 937.000000 0.820127 -0.493830
 938.000000 0.672049 -0.423166
 939.000000 0.763608 -0.469264
 940.000000 0.747620 -0.555321
 941.000000 0.726453 -0.432306
 942.000000 0.730091 -0.450791
 943.000000 0.798448 -0.424319
 944.000000 0.744566 -0.529807
 945.000000 0.752951 -0.428801
 946.000000 0.857668 -0.416240
 947.000000 0.737999 -0.359178
 948.000000 0.719735 -0.436753
 949.000000 0.765234 -0.351220
 950.000000 0.682562 -0.384538
 951.000000 0.755675 -0.446672
 952.000000 0.775446 -0.372771
 953.000000 0.820198 -0.415802
 954.000000 0.741182 -0.386474
 955.000000 0.740403 -0.445487
 956.000000 0.768973 -0.444814
 957.000000 0.805113 -0.468795
 958.000000 0.704580 -0.400008
 959.000000 0.771533 -0.466994
 960.000000 0.772377 -0.501021
 961.000000 0.748804 -0.390921
 962.000000 0.647407 -0.589146
 963.000000 0.751293 -0.448556
 964.000000 0.739346 -0.517338
 965.000000 0.731986 -0.440210
 966.000000 0.795770 -0.365970
 967.000000 0.796632 -0.401730
 968.000000 0.728737 -0.465056
 969.000000 0.721614 -0.400999
 970.000000 0.753245 -0.349305
 971.000000 0.714128 -0.451308
 972.000000 0.675825 -0.394476
 973.000000 0.666275 -0.411398
 974.000000 0.674955 -0.556644
 975.000000 0.755802 -0.443352
 976.000000 0.671393 -0.401565
 977.000000 0.717063 -0.470628
 978.000000 0.777175 -0.492475
 979.000000 0.677851 -0.520413
 980.000000 0.729092 -0.478077
 981.000000 0.786237 -0.405243
 982.000000 0.790125 -0.449276
 983.000000 0.710570 -0.492649
 984.000000 0.729273 -0.565985
 985.000000 0.719166 -0.537861
 986.000000 0.701937 -0.454082
 987.000000 0.861985 -0.445219
 988.000000 0.739701 -0.343086
 989.000000 0.689061 -0.399371
 990.000000 0.755976 -0.407342
 991.000000 0.683389 -0.335988
 992.000000 0.711262 -0.412190
 993.000000 0.760388 -0.495215
 994.000000 0.826920 -0.501038
 995.000000 0.741736 -0.370995
 996.000000 0.792930 -0.394003
 997.000000 0.782270 -0.321005
 998.000000 0.781574 -0.420506
 999.000000 0.771125 -0.537180
 1000.000000 0.701673 -0.473099
 1001.000000 0.737342 -0.408707
 1002.000000 0.782918 -0.458899
 1003.000000 0.770419 -0.476953
 1004.000000 0.775618 -0.549774
 1005.000000 0.759384 -0.414705
 1006.000000 0.795608 -0.562122
 1007.000000 0.741272 -0.425441
 1008.000000 0.685803 -0.411209
 1009.000000 0.797631 -0.437374
 1010.000000 0.811146 -0.370905
 1011.000000 0.666415 -0.357172
 1012.000000 0.702811 -0.450588
 1013.000000 0.726482 -0.411679
 1014.000000 0.839724 -0.399098
 1015.000000 0.748812 -0.461105
 1016.000000 0.686365 -0.402630
 1017.000000 0.674044 -0.384793
 1018.000000 0.763364 -0.417809
 1019.000000 0.718258 -0.397742
 1020.000000 0.726401 -0.490974
 1021.000000 0.740429 -0.411422
 1022.000000 0.719416 -0.580256
 1023.000000 0.735910 -0.432668
 1024.000000 0.786499 -0.467639
 1025.000000 0.710019 -0.422418
 1026.000000 0.684033 -0.396479
 1027.000000 0.765875 -0.448299
 1028.000000 0.767777 -0.425877
 1029.000000 0.619000 -0.402689
 1030.000000 0.768051 -0.378833
 1031.000000 0.695694 -0.411847
 1032.000000 0.732659 -0.478626
 1033.000000 0.754893 -0.424373
 1034.000000 0.815752 -0.380959
 1035.000000 0.742981 -0.470356
 1036.000000 0.729679 -0.402925
 1037.000000 0.765530 -0.457155
 1038.000000 0.707260 -0.444736
 1039.000000 0.754280 -0.413833
 1040.000000 0.739589 -0.435151
 1041.000000 0.806315 -0.403157
 1042.000000 0.809103 -0.445283
 1043.000000 0.752579 -0.434639
 1044.000000 0.885032 -0.502108
 1045.000000 0.849471 -0.368562
 1046.000000 0.772313 -0.309299
 1047.000000 0.749687 -0.416389
 1048.000000 0.781025 -0.400489
 1049.000000 0.772873 -0.441580
 1050.000000 0.778002 -0.439149
 1051.000000 0.748654 -0.381379
 1052.000000 0.808542 -0.498056
 1053.000000 0.792400 -0.490720
 1054.000000 0.745130 -0.460410
 1055.000000 0.749881 -0.523304
 1056.000000 0.806329 -0.428855
 1057.000000 0.793697 -0.449193
 1058.000000 0.768973 -0.366213
 1059.000000 0.836446 -0.394649
 1060.000000 0.807500 -0.497738
 1061.000000 0.788258 -0.344752
 1062.000000 0.696848 -0.493708
 1063.000000 0.694774 -0.359686
 1064.000000 0.731777 -0.338144
 1065.000000 0.735308 -0.438684
 1066.000000 0.704252 -0.450973
 1067.000000 0.787938 -0.362767
 1068.000000 0.690326 -0.423251
 1069.000000 0.773539 -0.382608
 1070.000000 0.732586 -0.484407
 1071.000000 0.749521 -0.385037
 1072.000000 0.810091 -0.445394
 1073.000000 0.760247 -0.507022
 1074.000000 0.808203 -0.446836
 1075.000000 0.712263 -0.466849
 1076.000000 0.734279 -0.525214
 1077.000000 0.727029 -0.320097
 1078.000000 0.774608 -0.469593
 1079.000000 0.769422 -0.430298
 1080.000000 0.794815 -0.437375
 1081.000000 0.796748 -0.381392
 1082.000000 0.803718 -0.513879
 1083.000000 0.794536 -0.430774
 1084.000000 0.826528 -0.448755
 1085.000000 0.784548 -0.362757
 1086.000000 0.751057 -0.562257
 1087.000000 0.784619 -0.530312
 1088.000000 0.750784 -0.445947
 1089.000000 0.718147 -0.495166
 1090.000000 0.749795 -0.430161
 1091.000000 0.753998 -0.469175
 1092.000000 0.741638 -0.367583
 1093.000000 0.760958 -0.402564
 1094.000000 0.772637 -0.432896
 1095.000000 0.800066 -0.440809
 1096.000000 0.772121 -0.505616
 1097.000000 0.779054 -0.467510
 1098.000000 0.791787 -0.415193
 1099.000000 0.842648 -0.510079
 1100.000000 0.784816 -0.457941
 1101.000000 0.732222 -0.470768
 1102.000000 0.795445 -0.469987
 1103.000000 0.839761 -0.492190
 1104.000000 0.814507 -0.519733
 1105.000000 0.846372 -0.501026
 1106.000000 0.761640 -0.469436
 1107.000000 0.738149 -0.462446
 1108.000000 0.788725 -0.474882
 1109.000000 0.829131 -0.361340
 1110.000000 0.699594 -0.436809
 1111.000000 0.716499 -0.418481
 1112.000000 0.743460 -0.409934
 1113.000000 0.655123 -0.395554
 1114.000000 0.698308 -0.472245
 1115.000000 0.717808 -0.478418
 1116.000000 0.829277 -0.488648
 1117.000000 0.676138 -0.494082
 1118.000000 0.734265 -0.532461
 1119.000000 0.841465 -0.439419
 1120.000000 0.817922 -0.346893
 1121.000000 0.717113 -0.420857
 1122.000000 0.737902 -0.419418
 1123.000000 0.667060 -0.473054
 1124.000000 0.750162 -0.445583
 1125.000000 0.729530 -0.477356
 1126.000000 0.712185 -0.482654
 1127.000000 0.753826 -0.482055
 1128.000000 0.789377 -0.395006
 1129.000000 0.659897 -0.392922
 1130.000000 0.773089 -0.508460
 1131.000000 0.765573 -0.518752
 1132.000000 0.813154 -0.463499
 1133.000000 0.805975 -0.378443
 1134.000000 0.730113 -0.516060
 1135.000000 0.825710 -0.388715
 1136.000000 0.828284 -0.479103
 1137.000000 0.847846 -0.521732
 1138.000000 0.848616 -0.471015
 1139.000000 0.668188 -0.447381
 1140.000000 0.781605 -0.449954
 1141.000000 0.680888 -0.488664
 1142.000000 0.806345 -0.473046
 1143.000000 0.683642 -0.462632
 1144.000000 0.783630 -0.506093
 1145.000000 0.814444 -0.560691
 1146.000000 0.811235 -0.488455
 1147.000000 0.835106 -0.527757
 1148.000000 0.801101 -0.534244
 1149.000000 0.697061 -0.542069
 1150.000000 0.760890 -0.511626
 1151.000000 0.833107 -0.501658
 1152.000000 0.780896 -0.421066
 1153.000000 0.790714 -0.330034
 1154.000000 0.750672 -0.522821
 1155.000000 0.765767 -0.473171
 1156.000000 0.767512 -0.454313
 1157.000000 0.670289 -0.458399
 1158.000000 0.752130 -0.439960
 1159.000000 0.736940 -0.428269
 1160.000000 0.781624 -0.420797
 1161.000000 0.759207 -0.394725
 1162.000000 0.826301 -0.360492
 1163.000000 0.851489 -0.442512
 1164.000000 0.804528 -0.570554
 1165.000000 0.772743 -0.497117
 1166.000000 0.844691 -0.389014
 1167.000000 0.854482 -0.396795
 1168.000000 0.785745 -0.320273
 1169.000000 0.831166 -0.376078
 1170.000000 0.731953 -0.439216
 1171.000000 0.793678 -0.420934
 1172.000000 0.821946 -0.405219
 1173.000000 0.778754 -0.419535
 1174.000000 0.853554 -0.437813
 1175.000000 0.798669 -0.510798
 1176.000000 0.758503 -0.437323
 1177.000000 0.911668 -0.381480
 1178.000000 0.792022 -0.434281
 1179.000000 0.802071 -0.354960
 1180.000000 0.788828 -0.437705
 1181.000000 0.774736 -0.432470
 1182.000000 0.718720 -0.361131
 1183.000000 0.772248 -0.407375
 1184.000000 0.799416 -0.485212
 1185.000000 0.784465 -0.427060
 1186.000000 0.723159 -0.409017
 1187.000000 0.784415 -0.352817
 1188.000000 0.682837 -0.487669
 1189.000000 0.664911 -0.429787
 1190.000000 0.695225 -0.358478
 1191.000000 0.680416 -0.457914
 1192.000000 0.764164 -0.361896
 1193.000000 0.773914 -0.397649
 1194.000000 0.680998 -0.459719
 1195.000000 0.738710 -0.392162
 1196.000000 0.809794 -0.466276
 1197.000000 0.772146 -0.460440
 1198.000000 0.716385 -0.448263
 1199.000000 0.727591 -0.374935
 1200.000000 0.834259 -0.454396
 1201.000000 0.771312 -0.488575
 1202.000000 0.758034 -0.475740
 1203.000000 0.817066 -0.470612
 1204.000000 0.768227 -0.528871
 1205.000000 0.774280 -0.491634
 1206.000000 0.735043 -0.434677
 1207.000000 0.695778 -0.470021
 1208.000000 0.830128 -0.475926
 1209.000000 0.721058 -0.500937
 1210.000000 0.778413 -0.405260
 1211.000000 0.795657 -0.452232
 1212.000000 0.726207 -0.373399
 1213.000000 0.784338 -0.306304
 1214.000000 0.791193 -0.372933
 1215.000000 0.850315 -0.365912
 1216.000000 0.775612 -0.390268
 1217.000000 0.749778 -0.494760
 1218.000000 0.746545 -0.424132
 1219.000000 0.764950 -0.478170
 1220.000000 0.761508 -0.419381
 1221.000000 0.727655 -0.374044
 1222.000000 0.683984 -0.524558
 1223.000000 0.787928 -0.435103
 1224.000000 0.762356 -0.430077
 1225.000000 0.707431 -0.436701
 1226.000000 0.844938 -0.482155
 1227.000000 0.849166 -0.409240
 1228.000000 0.812851 -0.429758
 1229.000000 0.875389 -0.549927
 1230.000000 0.740300 -0.479533
 1231.000000 0.821322 -0.531561
 1232.000000 0.797138 -0.511159
 1233.000000 0.687144 -0.426552
 1234.000000 0.794444 -0.471144
 1235.000000 0.780823 -0.429559
 1236.000000 0.762209 -0.433044
 1237.000000 0.747145 -0.433514
 1238.000000 0.876739 -0.391095
 1239.000000 0.740674 -0.502527
 1240.000000 0.785992 -0.547840
 1241.000000 0.704488 -0.543812
 1242.000000 0.774354 -0.501466
 1243.000000 0.740902 -0.461163
 1244.000000 0.867982 -0.417005
 1245.000000 0.762674 -0.495123
 1246.000000 0.759397 -0.501494
 1247.000000 0.705134 -0.539538
 1248.000000 0.790927 -0.575415
 1249.000000 0.761453 -0.504497
 1250.000000 0.790421 -0.445227
 1251.000000 0.802726 -0.514729
 1252.000000 0.769088 -0.554267
 1253.000000 0.817131 -0.409627
 1254.000000 0.812841 -0.468351
 1255.000000 0.785597 -0.492256
 1256.000000 0.728801 -0.537623
 1257.000000 0.698902 -0.490258
 1258.000000 0.829842 -0.460561
 1259.000000 0.680802 -0.407503
 1260.000000 0.778048 -0.404023
 1261.000000 0.809347 -0.441314
 1262.000000 0.640375 -0.440287
 1263.000000 0.782951 -0.508405
 1264.000000 0.717798 -0.386414
 1265.000000 0.768672 -0.454184
 1266.000000 0.735684 -0.492559
 1267.000000 0.794745 -0.447089
 1268.000000 0.767493 -0.439152
 1269.000000 0.822496 -0.484435
 1270.000000 0.772067 -0.479254
 1271.000000 0.747053 -0.450805
 1272.000000 0.803814 -0.469949
 1273.000000 0.770863 -0.453054
 1274.000000 0.756786 -0.443903
 1275.000000 0.750673 -0.547588
 1276.000000 0.725364 -0.499559
 1277.000000 0.853102 -0.438881
 1278.000000 0.722990 -0.555361
 1279.000000 0.768386 -0.535440
 1280.000000 0.678919 -0.582811
 1281.000000 0.620873 -0.461179
 1282.000000 0.723064 -0.436374
 1283.000000 0.769226 -0.451428
 1284.000000 0.813996 -0.497942
 1285.000000 0.783416 -0.528076
 1286.000000 0.784946 -0.419048
 1287.000000 0.802859 -0.433865
 1288.000000 0.716290 -0.508067
 1289.000000 0.700293 -0.485891
 1290.000000 0.775258 -0.458853
 1291.000000 0.826947 -0.499930
 1292.000000 0.770880 -0.411147
 1293.000000 0.721283 -0.515326
 1294.000000 0.751035 -0.434368
 1295.000000 0.705994 -0.359151
 1296.000000 0.806172 -0.475056
 1297.000000 0.638740 -0.440962
 1298.000000 0.750615 -0.476070
 1299.000000 0.665935 -0.461507
 1300.000000 0.655221 -0.502216
 1301.000000 0.657550 -0.404997
 1302.000000 0.690422 -0.479142
 1303.000000 0.674153 -0.388583
 1304.000000 0.669030 -0.470642
 1305.000000 0.689172 -0.385696
 1306.000000 0.713609 -0.341376
 1307.000000 0.724377 -0.543709
 1308.000000 0.823568 -0.521035
 1309.000000 0.705724 -0.594265
 1310.000000 0.766841 -0.573643
 1311.000000 0.755617 -0.491646
 1312.000000 0.771905 -0.513190
 1313.000000 0.818621 -0.504971
 1314.000000 0.739695 -0.488139
 1315.000000 0.888345 -0.382145
 1316.000000 0.843427 -0.416405
 1317.000000 0.825118 -0.472118
 1318.000000 0.762773 -0.436775
 1319.000000 0.702113 -0.390258
 1320.000000 0.805419 -0.409822
 1321.000000 0.754480 -0.489983
 1322.000000 0.698057 -0.469704
 1323.000000 0.753476 -0.498574
 1324.000000 0.765539 -0.481640
 1325.000000 0.705401 -0.371296
 1326.000000 0.634165 -0.497242
 1327.000000 0.750435 -0.454053
 1328.000000 0.779029 -0.406456
 1329.000000 0.672817 -0.390192
 1330.000000 0.793539 -0.381741
 1331.000000 0.717052 -0.522784
 1332.000000 0.711212 -0.493961
 1333.000000 0.901330 -0.441989
 1334.000000 0.710938 -0.484591
 1335.000000 0.732976 -0.410552
 1336.000000 0.791307 -0.434279
 1337.000000 0.862876 -0.355541
 1338.000000 0.740141 -0.368565
 1339.000000 0.726166 -0.455563
 1340.000000 0.748209 -0.463950
 1341.000000 0.724745 -0.491988
 1342.000000 0.713596 -0.401817
 1343.000000 0.807471 -0.455931
 1344.000000 0.662072 -0.463068
 1345.000000 0.640642 -0.473145
 1346.000000 0.810175 -0.423750
 1347.000000 0.832632 -0.520077
 1348.000000 0.737853 -0.407173
 1349.000000 0.789988 -0.471210
 1350.000000 0.783237 -0.444935
 1351.000000 0.802721 -0.446757
 1352.000000 0.746943 -0.454401
 1353.000000 0.793046 -0.439189
 1354.000000 0.694402 -0.425988
 1355.000000 0.746567 -0.481604
 1356.000000 0.707425 -0.478275
 1357.000000 0.849212 -0.520467
 1358.000000 0.835737 -0.394326
 1359.000000 0.771782 -0.460407
 1360.000000 0.784240 -0.418364
 1361.000000 0.715423 -0.438292
 1362.000000 0.764310 -0.425184
 1363.000000 0.735259 -0.408671
 1364.000000 0.685711 -0.450118
 1365.000000 0.746612 -0.494525
 1366.000000 0.812880 -0.373113
 1367.000000 0.794788 -0.443557
 1368.000000 0.771596 -0.482206
 1369.000000 0.747639 -0.520663
 1370.000000 0.808178 -0.443599
 1371.000000 0.727265 -0.464655
 1372.000000 0.695911 -0.470496
 1373.000000 0.816094 -0.485398
 1374.000000 0.695214 -0.399099
 1375.000000 0.728112 -0.450173
 1376.000000 0.722137 -0.452604
 1377.000000 0.716527 -0.515452
 1378.000000 0.801577 -0.423206
 1379.000000 0.739162 -0.459453
 1380.000000 0.809149 -0.414986
 1381.000000 0.793970 -0.459867
 1382.000000 0.746489 -0.361323
 1383.000000 0.802586 -0.492943
 1384.000000 0.824145 -0.426685
 1385.000000 0.766076 -0.400314
 1386.000000 0.724150 -0.419521
 1387.000000 0.807630 -0.374294
 1388.000000 0.819061 -0.451598
 1389.000000 0.743361 -0.367984
 1390.000000 0.791551 -0.507385
 1391.000000 0.822226 -0.500937
 1392.000000 0.871745 -0.470014
 1393.000000 0.766040 -0.539131
 1394.000000 0.758352 -0.447276
 1395.000000 0.792444 -0.424740
 1396.000000 0.817558 -0.278462
 1397.000000 0.789910 -0.492006
 1398.000000 0.641390 -0.423500
 1399.000000 0.825734 -0.416557
 1400.000000 0.792037 -0.411176
 1401.000000 0.783395 -0.424887
 1402.000000 0.808628 -0.360390
 1403.000000 0.635804 -0.351280
 1404.000000 0.757103 -0.385398
 1405.000000 0.765557 -0.401010
 1406.000000 0.838971 -0.349020
 1407.000000 0.816907 -0.401638
 1408.000000 0.757054 -0.342202
 1409.000000 0.734554 -0.434869
 1410.000000 0.849289 -0.427745
 1411.000000 0.779265 -0.467851
 1412.000000 0.792791 -0.392084
 1413.000000 0.809179 -0.370379
 1414.000000 0.766648 -0.391852
 1415.000000 0.811922 -0.423851
 1416.000000 0.736970 -0.444023
 1417.000000 0.794151 -0.511912
 1418.000000 0.710963 -0.492610
 1419.000000 0.759407 -0.390915
 1420.000000 0.698356 -0.353018
 1421.000000 0.664553 -0.387528
 1422.000000 0.766191 -0.383390
 1423.000000 0.726437 -0.379849
 1424.000000 0.771225 -0.411547
 1425.000000 0.748663 -0.414905
 1426.000000 0.744597 -0.483519
 1427.000000 0.792501 -0.411252
 1428.000000 0.790033 -0.420182
 1429.000000 0.814256 -0.420553
 1430.000000 0.747781 -0.459471
 1431.000000 0.770943 -0.391559
 1432.000000 0.889761 -0.471523
 1433.000000 0.849838 -0.406197
 1434.000000 0.822465 -0.465531
 1435.000000 0.732281 -0.462382
 1436.000000 0.611394 -0.474097
 1437.000000 0.776491 -0.440235
 1438.000000 0.703267 -0.363761
 1439.000000 0.769915 -0.356499
 1440.000000 0.818938 -0.492532
 1441.000000 0.756133 -0.470415
 1442.000000 0.746392 -0.509847
 1443.000000 0.713781 -0.545064
 1444.000000 0.733194 -0.338701
 1445.000000 0.784634 -0.489155
 1446.000000 0.703820 -0.510973
 1447.000000 0.743587 -0.472514
 1448.000000 0.688015 -0.485125
 1449.000000 0.759949 -0.420047
 1450.000000 0.877547 -0.526788
 1451.000000 0.859370 -0.357875
 1452.000000 0.716798 -0.405851
 1453.000000 0.769361 -0.440466
 1454.000000 0.782064 -0.547600
 1455.000000 0.825879 -0.412768
 1456.000000 0.815651 -0.519768
 1457.000000 0.786148 -0.445882
 1458.000000 0.815619 -0.378907
 1459.000000 0.818789 -0.432480
 1460.000000 0.914230 -0.453089
 1461.000000 0.724065 -0.514100
 1462.000000 0.828841 -0.460679
 1463.000000 0.847294 -0.439471
 1464.000000 0.792584 -0.440397
 1465.000000 0.772740 -0.470161
 1466.000000 0.838482 -0.487262
 1467.000000 0.838184 -0.427167
 1468.000000 0.856565 -0.452089
 1469.000000 0.838670 -0.466175
 1470.000000 0.764789 -0.464784
 1471.000000 0.823497 -0.531527
 1472.000000 0.726974 -0.517795
 1473.000000 0.696389 -0.475480
 1474.000000 0.725900 -0.499206
 1475.000000 0.656479 -0.497146
 1476.000000 0.792314 -0.478665
 1477.000000 0.719550 -0.520731
 1478.000000 0.762358 -0.582206
 1479.000000 0.857128 -0.501784
 1480.000000 0.783263 -0.526799
 1481.000000 0.695466 -0.480743
 1482.000000 0.792917 -0.450741
 1483.000000 0.761937 -0.468457
 1484.000000 0.773889 -0.443914
 1485.000000 0.620658 -0.502463
 1486.000000 0.775368 -0.430610
 1487.000000 0.768102 -0.518746
 1488.000000 0.783885 -0.546492
 1489.000000 0.710438 -0.459106
 1490.000000 0.742988 -0.371432
 1491.000000 0.793579 -0.558592
 1492.000000 0.714414 -0.607079
 1493.000000 0.767937 -0.512768
 1494.000000 0.774785 -0.524128
 1495.000000 0.699947 -0.468437
 1496.000000 0.766076 -0.522972
 1497.000000 0.772681 -0.422279
 1498.000000 0.699808 -0.461351
 1499.000000 0.813443 -0.485600
 1500.000000 0.734310 -0.392906
 1501.000000 0.752475 -0.397575
 1502.000000 0.815416 -0.449015
 1503.000000 0.769621 -0.493171
 1504.000000 0.679536 -0.458851
 1505.000000 0.701803 -0.597667
 1506.000000 0.744806 -0.520673
 1507.000000 0.766039 -0.504595
 1508.000000 0.723061 -0.613645
 1509.000000 0.697331 -0.569216
 1510.000000 0.720454 -0.549162
 1511.000000 0.759815 -0.509246
 1512.000000 0.885406 -0.518606
 1513.000000 0.825751 -0.449534
 1514.000000 0.665082 -0.523681
 1515.000000 0.799450 -0.521261
 1516.000000 0.691524 -0.455591
 1517.000000 0.693023 -0.493164
 1518.000000 0.716392 -0.521248
 1519.000000 0.782684 -0.343921
 1520.000000 0.715562 -0.418884
 1521.000000 0.711684 -0.457656
 1522.000000 0.699062 -0.365495
 1523.000000 0.712711 -0.381330
 1524.000000 0.688494 -0.534052
 1525.000000 0.750243 -0.437901
 1526.000000 0.773037 -0.356158
 1527.000000 0.694938 -0.467852
 1528.000000 0.703120 -0.463656
 1529.000000 0.775946 -0.365010
 1530.000000 0.732472 -0.457041
 1531.000000 0.731435 -0.469716
 1532.000000 0.834044 -0.406433
 1533.000000 0.757670 -0.463740
 1534.000000 0.719441 -0.477547
 1535.000000 0.829159 -0.382794
 1536.000000 0.748572 -0.449524
 1537.000000 0.798249 -0.512801
 1538.000000 0.883988 -0.481154
 1539.000000 0.880591 -0.412251
 1540.000000 0.814690 -0.482002
 1541.000000 0.746030 -0.517241
 1542.000000 0.732564 -0.510533
 1543.000000 0.781630 -0.473296
 1544.000000 0.745504 -0.549787
 1545.000000 0.659292 -0.423766
 1546.000000 0.716693 -0.468441
 1547.000000 0.733243 -0.511228
 1548.000000 0.800263 -0.393599
 1549.000000 0.779535 -0.425203
 1550.000000 0.815218 -0.439125
 1551.000000 0.809126 -0.352308
 1552.000000 0.838775 -0.413051
 1553.000000 0.714121 -0.303584
 1554.000000 0.748287 -0.359673
 1555.000000 0.877883 -0.374636
 1556.000000 0.799453 -0.409830
 1557.000000 0.696814 -0.443957
 1558.000000 0.758403 -0.368519
 1559.000000 0.756644 -0.412834
 1560.000000 0.831564 -0.369041
 1561.000000 0.852780 -0.393633
 1562.000000 0.756796 -0.429588
 1563.000000 0.772917 -0.425400
 1564.000000 0.788417 -0.434667
 1565.000000 0.801464 -0.411156
 1566.000000 0.758387 -0.382982
 1567.000000 0.717539 -0.355851
 1568.000000 0.691650 -0.487575
 1569.000000 0.796167 -0.480330
 1570.000000 0.772771 -0.415354
 1571.000000 0.777987 -0.412440
 1572.000000 0.739676 -0.433003
 1573.000000 0.791392 -0.424083
 1574.000000 0.781972 -0.447206
 1575.000000 0.761963 -0.423671
 1576.000000 0.647844 -0.395746
 1577.000000 0.669251 -0.476318
 1578.000000 0.700348 -0.466113
 1579.000000 0.721637 -0.507418
 1580.000000 0.782696 -0.569159
 1581.000000 0.730234 -0.446099
 1582.000000 0.709225 -0.492037
 1583.000000 0.696356 -0.458419
 1584.000000 0.741243 -0.478654
 1585.000000 0.786811 -0.494698
 1586.000000 0.752172 -0.464986
 1587.000000 0.754074 -0.487911
 1588.000000 0.744559 -0.386307
 1589.000000 0.686912 -0.578590
 1590.000000 0.804315 -0.429854
 1591.000000 0.798651 -0.432851
 1592.000000 0.791155 -0.428487
 1593.000000 0.709964 -0.435390
 1594.000000 0.818358 -0.354387
 1595.000000 0.760560 -0.341668
 1596.000000 0.752352 -0.392519
 1597.000000 0.802956 -0.439832
 1598.000000 0.816195 -0.323042
 1599.000000 0.775871 -0.344806
 1600.000000 0.796747 -0.444257
 1601.000000 0.746203 -0.523562
 1602.000000 0.767480 -0.414659
 1603.000000 0.714472 -0.425051
 1604.000000 0.735430 -0.365600
 1605.000000 0.678206 -0.388784
 1606.000000 0.732139 -0.456054
 1607.000000 0.751838 -0.474815
 1608.000000 0.677149 -0.429672
 1609.000000 0.742075 -0.388073
 1610.000000 0.672219 -0.372194
 1611.000000 0.712498 -0.392986
 1612.000000 0.705418 -0.378455
 1613.000000 0.696029 -0.455974
 1614.000000 0.664196 -0.378549
 1615.000000 0.755892 -0.466938
 1616.000000 0.684912 -0.383703
 1617.000000 0.810963 -0.321727
 1618.000000 0.749505 -0.496060
 1619.000000 0.654052 -0.435338
 1620.000000 0.716695 -0.469882
 1621.000000 0.845664 -0.406106
 1622.000000 0.740879 -0.424355
 1623.000000 0.742195 -0.497101
 1624.000000 0.793638 -0.508298
 1625.000000 0.697460 -0.446430
 1626.000000 0.753884 -0.454809
 1627.000000 0.819178 -0.362764
 1628.000000 0.775009 -0.408574
 1629.000000 0.787808 -0.341414
 1630.000000 0.791987 -0.361075
 1631.000000 0.803874 -0.367505
 1632.000000 0.731247 -0.506014
 1633.000000 0.778901 -0.414177
 1634.000000 0.735933 -0.455901
 1635.000000 0.893898 -0.354721
 1636.000000 0.765007 -0.418791
 1637.000000 0.729671 -0.439411
 1638.000000 0.775346 -0.401225
 1639.000000 0.850661 -0.492132
 1640.000000 0.787532 -0.473124
 1641.000000 0.735431 -0.356870
 1642.000000 0.804204 -0.439829
 1643.000000 0.864427 -0.428685
 1644.000000 0.738669 -0.374840
 1645.000000 0.751540 -0.432743
 1646.000000 0.729545 -0.414308
 1647.000000 0.780978 -0.476688
 1648.000000 0.767017 -0.386379
 1649.000000 0.732241 -0.409817
 1650.000000 0.742562 -0.423072
 1651.000000 0.799091 -0.446231
 1652.000000 0.742185 -0.445837
 1653.000000 0.873822 -0.364190
 1654.000000 0.726486 -0.354100
 1655.000000 0.779904 -0.266146
 1656.000000 0.706744 -0.331351
 1657.000000 0.632840 -0.306854
 1658.000000 0.735197 -0.415768
 1659.000000 0.634759 -0.431663
 1660.000000 0.717268 -0.417622
 1661.000000 0.833543 -0.364180
 1662.000000 0.793002 -0.416911
 1663.000000 0.788267 -0.411903
 1664.000000 0.774026 -0.445428
 1665.000000 0.855583 -0.417489
 1666.000000 0.751174 -0.406591
 1667.000000 0.759215 -0.417942
 1668.000000 0.861014 -0.385041
 1669.000000 0.846401 -0.369207
 1670.000000 0.770200 -0.452867
 1671.000000 0.837795 -0.435152
 1672.000000 0.793010 -0.484501
 1673.000000 0.876191 -0.412531
 1674.000000 0.764038 -0.414523
 1675.000000 0.770867 -0.402228
 1676.000000 0.691899 -0.467936
 1677.000000 0.874977 -0.336836
 1678.000000 0.893359 -0.355359
 1679.000000 0.818998 -0.440272
 1680.000000 0.665413 -0.406630
 1681.000000 0.758007 -0.394924
 1682.000000 0.779023 -0.511243
 1683.000000 0.846887 -0.352953
 1684.000000 0.751815 -0.433598
 1685.000000 0.755805 -0.385008
 1686.000000 0.738046 -0.470907
 1687.000000 0.765200 -0.394115
 1688.000000 0.714890 -0.374778
 1689.000000 0.792134 -0.402782
 1690.000000 0.823099 -0.396756
 1691.000000 0.770363 -0.416759
 1692.000000 0.768584 -0.365364
 1693.000000 0.750433 -0.366085
 1694.000000 0.657336 -0.356554
 1695.000000 0.766605 -0.348705
 1696.000000 0.767940 -0.378977
 1697.000000 0.785446 -0.397541
 1698.000000 0.830112 -0.411025
 1699.000000 0.796372 -0.351100
 1700.000000 0.726531 -0.418252
 1701.000000 0.770045 -0.344449
 1702.000000 0.856513 -0.378649
 1703.000000 0.811336 -0.353601
 1704.000000 0.693591 -0.336992
 1705.000000 0.781683 -0.377788
 1706.000000 0.702165 -0.376204
 1707.000000 0.758803 -0.433803
 1708.000000 0.761956 -0.384634
 1709.000000 0.840039 -0.400006
 1710.000000 0.871833 -0.392417
 1711.000000 0.787111 -0.453293
 1712.000000 0.741157 -0.451232
 1713.000000 0.819970 -0.408002
 1714.000000 0.765794 -0.450695
 1715.000000 0.841077 -0.407320
 1716.000000 0.811517 -0.451199
 1717.000000 0.789283 -0.298535
 1718.000000 0.816232 -0.299457
 1719.000000 0.796134 -0.430357
 1720.000000 0.825221 -0.372949
 1721.000000 0.715283 -0.410866
 1722.000000 0.749282 -0.442709
 1723.000000 0.835867 -0.482385
 1724.000000 0.816738 -0.470068
 1725.000000 0.866130 -0.428994
 1726.000000 0.830641 -0.396300
 1727.000000 0.754829 -0.400486
 1728.000000 0.725274 -0.415039
 1729.000000 0.760815 -0.404338
 1730.000000 0.777737 -0.444240
 1731.000000 0.743570 -0.422152
 1732.000000 0.806778 -0.444577
 1733.000000 0.779976 -0.378682
 1734.000000 0.857180 -0.450126
 1735.000000 0.800596 -0.456218
 1736.000000 0.822007 -0.397451
 1737.000000 0.777777 -0.479065
 1738.000000 0.806718 -0.380388
 1739.000000 0.835775 -0.429335
 1740.000000 0.863694 -0.389881
 1741.000000 0.816179 -0.338278
 1742.000000 0.770232 -0.415179
 1743.000000 0.828092 -0.430909
 1744.000000 0.856897 -0.329955
 1745.000000 0.838329 -0.421149
 1746.000000 0.746401 -0.448222
 1747.000000 0.780365 -0.432569
 1748.000000 0.793673 -0.436875
 1749.000000 0.796167 -0.430533
 1750.000000 0.769118 -0.458433
 1751.000000 0.850995 -0.449786
 1752.000000 0.779929 -0.398528
 1753.000000 0.769987 -0.430094
 1754.000000 0.785882 -0.477939
 1755.000000 0.732571 -0.441377
 1756.000000 0.805799 -0.387606
 1757.000000 0.768630 -0.434534
 1758.000000 0.744617 -0.289273
 1759.000000 0.709779 -0.370070
 1760.000000 0.733477 -0.482199
 1761.000000 0.861972 -0.536869
 1762.000000 0.761143 -0.347781
 1763.000000 0.735087 -0.434067
 1764.000000 0.776036 -0.409227
 1765.000000 0.781710 -0.449489
 1766.000000 0.764683 -0.442340
 1767.000000 0.766828 -0.432582
 1768.000000 0.753692 -0.518173
 1769.000000 0.841094 -0.542559
 1770.000000 0.822967 -0.487902
 1771.000000 0.770694 -0.542981
 1772.000000 0.800989 -0.476529
 1773.000000 0.758456 -0.575110
 1774.000000 0.767021 -0.456657
 1775.000000 0.841343 -0.495458
 1776.000000 0.820794 -0.497401
 1777.000000 0.863355 -0.348157
 1778.000000 0.775307 -0.522533
 1779.000000 0.774684 -0.470300
 1780.000000 0.754957 -0.400443
 1781.000000 0.735109 -0.506558
 1782.000000 0.779702 -0.482178
 1783.000000 0.669013 -0.457338
 1784.000000 0.790112 -0.440394
 1785.000000 0.792916 -0.479629
 1786.000000 0.751454 -0.552426
 1787.000000 0.726291 -0.377093
 1788.000000 0.702606 -0.507726
 1789.000000 0.738574 -0.329662
 1790.000000 0.848764 -0.424884
 1791.000000 0.802572 -0.475665
 1792.000000 0.722882 -0.382988
 1793.000000 0.833343 -0.494774
 1794.000000 0.629846 -0.459791
 1795.000000 0.735759 -0.367591
 1796.000000 0.781598 -0.402802
 1797.000000 0.720521 -0.425251
 1798.000000 0.681975 -0.447741
 1799.000000 0.719393 -0.443110
 1800.000000 0.741148 -0.443250
 1801.000000 0.812950 -0.492116
 1802.000000 0.760220 -0.477301
 1803.000000 0.782182 -0.461452
 1804.000000 0.704624 -0.569447
 1805.000000 0.714913 -0.419598
 1806.000000 0.710719 -0.470376
 1807.000000 0.656151 -0.392900
 1808.000000 0.702632 -0.518469
 1809.000000 0.720548 -0.403913
 1810.000000 0.798761 -0.411268
 1811.000000 0.763518 -0.421595
 1812.000000 0.768676 -0.478057
 1813.000000 0.770360 -0.410460
 1814.000000 0.742225 -0.437985
 1815.000000 0.737053 -0.356316
 1816.000000 0.693443 -0.446859
 1817.000000 0.706558 -0.446693
 1818.000000 0.684085 -0.428810
 1819.000000 0.815495 -0.510626
 1820.000000 0.853369 -0.492381
 1821.000000 0.761920 -0.412198
 1822.000000 0.787044 -0.415036
 1823.000000 0.781640 -0.394646
 1824.000000 0.745807 -0.416054
 1825.000000 0.787445 -0.397343
 1826.000000 0.823000 -0.375025
 1827.000000 0.787180 -0.369842
 1828.000000 0.778430 -0.403265
 1829.000000 0.732946 -0.329628
 1830.000000 0.720037 -0.330960
 1831.000000 0.721385 -0.321461
 1832.000000 0.716185 -0.438752
 1833.000000 0.790214 -0.419148
 1834.000000 0.741298 -0.521890
 1835.000000 0.787197 -0.521274
 1836.000000 0.770548 -0.429214
 1837.000000 0.752859 -0.390109
 1838.000000 0.793663 -0.297094
 1839.000000 0.778563 -0.394037
 1840.000000 0.865054 -0.389416
 1841.000000 0.798717 -0.386262
 1842.000000 0.800032 -0.384194
 1843.000000 0.919091 -0.481945
 1844.000000 0.825161 -0.419173
 1845.000000 0.735898 -0.409675
 1846.000000 0.866765 -0.453144
 1847.000000 0.755455 -0.402794
 1848.000000 0.849175 -0.365776
 1849.000000 0.721146 -0.497493
 1850.000000 0.728460 -0.438230
 1851.000000 0.822665 -0.409621
 1852.000000 0.825122 -0.396218
 1853.000000 0.814368 -0.488288
 1854.000000 0.723802 -0.313502
 1855.000000 0.691527 -0.550575
 1856.000000 0.688664 -0.441338
 1857.000000 0.772195 -0.409858
 1858.000000 0.697443 -0.414507
 1859.000000 0.796199 -0.476993
 1860.000000 0.762561 -0.381095
 1861.000000 0.775167 -0.433129
 1862.000000 0.747189 -0.446001
 1863.000000 0.749720 -0.416688
 1864.000000 0.763185 -0.452509
 1865.000000 0.809402 -0.383905
 1866.000000 0.804862 -0.408461
 1867.000000 0.809266 -0.394334
 1868.000000 0.780962 -0.431627
 1869.000000 0.777542 -0.320991
 1870.000000 0.742496 -0.410200
 1871.000000 0.851344 -0.364882
 1872.000000 0.826927 -0.302440
 1873.000000 0.780481 -0.460613
 1874.000000 0.859831 -0.445091
 1875.000000 0.806071 -0.500779
 1876.000000 0.839099 -0.418935
 1877.000000 0.792595 -0.480034
 1878.000000 0.831453 -0.472510
 1879.000000 0.768558 -0.526727
 1880.000000 0.822838 -0.336461
 1881.000000 0.725403 -0.298941
 1882.000000 0.777705 -0.426779
 1883.000000 0.836196 -0.456965
 1884.000000 0.824379 -0.437344
 1885.000000 0.828340 -0.318579
 1886.000000 0.872606 -0.397325
 1887.000000 0.776482 -0.421603
 1888.000000 0.887108 -0.473507
 1889.000000 0.844749 -0.498713
 1890.000000 0.827577 -0.354421
 1891.000000 0.798574 -0.431429
 1892.000000 0.797188 -0.452254
 1893.000000 0.707775 -0.412240
 1894.000000 0.804947 -0.460548
 1895.000000 0.776880 -0.445654
 1896.000000 0.868023 -0.507109
 1897.000000 0.804652 -0.398929
 1898.000000 0.827480 -0.364946
 1899.000000 0.860286 -0.417174
 1900.000000 0.806074 -0.426212
 1901.000000 0.704196 -0.468991
 1902.000000 0.740508 -0.485759
 1903.000000 0.763766 -0.453466
 1904.000000 0.738529 -0.430348
 1905.000000 0.703497 -0.459293
 1906.000000 0.741230 -0.505921
 1907.000000 0.791913 -0.560110
 1908.000000 0.742037 -0.446191
 1909.000000 0.707707 -0.408159
 1910.000000 0.732241 -0.417392
 1911.000000 0.740975 -0.451204
 1912.000000 0.782997 -0.419726
 1913.000000 0.739324 -0.446313
 1914.000000 0.718584 -0.423009
 1915.000000 0.741518 -0.432193
 1916.000000 0.797194 -0.350851
 1917.000000 0.786757 -0.412048
 1918.000000 0.794855 -0.501170
 1919.000000 0.770083 -0.445475
 1920.000000 0.753641 -0.508198
 1921.000000 0.786653 -0.459942
 1922.000000 0.823824 -0.520504
 1923.000000 0.807595 -0.459648
 1924.000000 0.827695 -0.451250
 1925.000000 0.829552 -0.400824
 1926.000000 0.762221 -0.412028
 1927.000000 0.815305 -0.434550
 1928.000000 0.802807 -0.480973
 1929.000000 0.842069 -0.472769
 1930.000000 0.741550 -0.384704
 1931.000000 0.756494 -0.376433
 1932.000000 0.807113 -0.401587
 1933.000000 0.822291 -0.415520
 1934.000000 0.825273 -0.409356
 1935.000000 0.843264 -0.370805
 1936.000000 0.783037 -0.415720
 1937.000000 0.875520 -0.387595
 1938.000000 0.767082 -0.423306
 1939.000000 0.726763 -0.524267
 1940.000000 0.770009 -0.455238
 1941.000000 0.818033 -0.408245
 1942.000000 0.840067 -0.518008
 1943.000000 0.817026 -0.474895
 1944.000000 0.820607 -0.387238
 1945.000000 0.773973 -0.354941
 1946.000000 0.838390 -0.336974
 1947.000000 0.743782 -0.442745
 1948.000000 0.765952 -0.445647
 1949.000000 0.779826 -0.421183
 1950.000000 0.732484 -0.395219
 1951.000000 0.772863 -0.489076
 1952.000000 0.673541 -0.437210
 1953.000000 0.768643 -0.457480
 1954.000000 0.768445 -0.465882
 1955.000000 0.752601 -0.379733
 1956.000000 0.808600 -0.356423
 1957.000000 0.696182 -0.386514
 1958.000000 0.687734 -0.425621
 1959.000000 0.710535 -0.489614
 1960.000000 0.692288 -0.526495
 1961.000000 0.670853 -0.548479
 1962.000000 0.803307 -0.383581
 1963.000000 0.615547 -0.393580
 1964.000000 0.792358 -0.422879
 1965.000000 0.686616 -0.418947
 1966.000000 0.807487 -0.449745
 1967.000000 0.727545 -0.495209
 1968.000000 0.733180 -0.397174
 1969.000000 0.750156 -0.393438
 1970.000000 0.811024 -0.343816
 1971.000000 0.786820 -0.519146
 1972.000000 0.844290 -0.348686
 1973.000000 0.708037 -0.407743
 1974.000000 0.747469 -0.495946
 1975.000000 0.777667 -0.506357
 1976.000000 0.805996 -0.366010
 1977.000000 0.816078 -0.492170
 1978.000000 0.820630 -0.474790
 1979.000000 0.736010 -0.486940
 1980.000000 0.806100 -0.411951
 1981.000000 0.725172 -0.562659
 1982.000000 0.740004 -0.534571
 1983.000000 0.715313 -0.398624
 1984.000000 0.741316 -0.524670
 1985.000000 0.779725 -0.460476
 1986.000000 0.780252 -0.404879
 1987.000000 0.752864 -0.415268
 1988.000000 0.793216 -0.454888
 1989.000000 0.814538 -0.508759
 1990.000000 0.791978 -0.406947
 1991.000000 0.757624 -0.367146
 1992.000000 0.764853 -0.467621
 1993.000000 0.833708 -0.419758
 1994.000000 0.816179 -0.411888
 1995.000000 0.774364 -0.369049
 1996.000000 0.825474 -0.427014
 1997.000000 0.768920 -0.464232
 1998.000000 0.825752 -0.406974
 1999.000000 0.774507 -0.416140
 2000.000000 0.801653 -0.319940
 2001.000000 0.703522 -0.464187
 2002.000000 0.767405 -0.491312
 2003.000000 0.646729 -0.491083
 2004.000000 0.798435 -0.450181
 2005.000000 0.742114 -0.398410
 2006.000000 0.781757 -0.497865
 2007.000000 0.747047 -0.493130
 2008.000000 0.740063 -0.415182
 2009.000000 0.800930 -0.437467
 2010.000000 0.832116 -0.445044
 2011.000000 0.785901 -0.416075
 2012.000000 0.765429 -0.408746
 2013.000000 0.686502 -0.478202
 2014.000000 0.708298 -0.413282
 2015.000000 0.749802 -0.439353
 2016.000000 0.693686 -0.508977
 2017.000000 0.776169 -0.456228
 2018.000000 0.830166 -0.412134
 2019.000000 0.807056 -0.442162
 2020.000000 0.712919 -0.453340
 2021.000000 0.783099 -0.483981
 2022.000000 0.708938 -0.425931
 2023.000000 0.705219 -0.408003
 2024.000000 0.750298 -0.444105
 2025.000000 0.785026 -0.502459
 2026.000000 0.771032 -0.460395
 2027.000000 0.803803 -0.405733
 2028.000000 0.758978 -0.429020
 2029.000000 0.760895 -0.404953
 2030.000000 0.694781 -0.449221
 2031.000000 0.721546 -0.443481
 2032.000000 0.840851 -0.447640
 2033.000000 0.751815 -0.478971
 2034.000000 0.756594 -0.468090
 2035.000000 0.803724 -0.497854
 2036.000000 0.839276 -0.493694
 2037.000000 0.686418 -0.443068
 2038.000000 0.684949 -0.403952
 2039.000000 0.739853 -0.479512
 2040.000000 0.841621 -0.453924
 2041.000000 0.821825 -0.413800
 2042.000000 0.726040 -0.427764
 2043.000000 0.836226 -0.419218
 2044.000000 0.843341 -0.468989
 2045.000000 0.761125 -0.523333
 2046.000000 0.792009 -0.485414
 2047.000000 0.745769 -0.487220
 2048.000000 0.657098 -0.498850
 2049.000000 0.692974 -0.482692
 2050.000000 0.732909 -0.474759
 2051.000000 0.812100 -0.498453
 2052.000000 0.757505 -0.396043
 2053.000000 0.825166 -0.480858
 2054.000000 0.740863 -0.408567
 2055.000000 0.825381 -0.361171
 2056.000000 0.731860 -0.350793
 2057.000000 0.737847 -0.519209
 2058.000000 0.734736 -0.473800
 2059.000000 0.805039 -0.401656
 2060.000000 0.718324 -0.378058
 2061.000000 0.743872 -0.487762
 2062.000000 0.734938 -0.471108
 2063.000000 0.725625 -0.437066
 2064.000000 0.791431 -0.466825
 2065.000000 0.895489 -0.407608
 2066.000000 0.830193 -0.372584
 2067.000000 0.881399 -0.478206
 2068.000000 0.830756 -0.562536
 2069.000000 0.796571 -0.429170
 2070.000000 0.824916 -0.437916
 2071.000000 0.856783 -0.455107
 2072.000000 0.796844 -0.381684
 2073.000000 0.729106 -0.375055
 2074.000000 0.805094 -0.435609
 2075.000000 0.823573 -0.472655
 2076.000000 0.861283 -0.544965
 2077.000000 0.776683 -0.460037
 2078.000000 0.739469 -0.384082
 2079.000000 0.834467 -0.384274
 2080.000000 0.801211 -0.413258
 2081.000000 0.726814 -0.461075
 2082.000000 0.805340 -0.462095
 2083.000000 0.782960 -0.468003
 2084.000000 0.718021 -0.453093
 2085.000000 0.746525 -0.504981
 2086.000000 0.841695 -0.402676
 2087.000000 0.804307 -0.347596
 2088.000000 0.761488 -0.453636
 2089.000000 0.801739 -0.498169
 2090.000000 0.755452 -0.487358
 2091.000000 0.836663 -0.528453
 2092.000000 0.820719 -0.545569
 2093.000000 0.763734 -0.547008
 2094.000000 0.703366 -0.409972
 2095.000000 0.703822 -0.429799
 2096.000000 0.740123 -0.550370
 2097.000000 0.883513 -0.518019
 2098.000000 0.765376 -0.556426
 2099.000000 0.809819 -0.531421
 2100.000000 0.722115 -0.532971
 2101.000000 0.692772 -0.478288
 2102.000000 0.777433 -0.456806
 2103.000000 0.764789 -0.523713
 2104.000000 0.784051 -0.544521
 2105.000000 0.720835 -0.394262
 2106.000000 0.775413 -0.453218
 2107.000000 0.808047 -0.459846
 2108.000000 0.720388 -0.452000
 2109.000000 0.833242 -0.516699
 2110.000000 0.827418 -0.417865
 2111.000000 0.755618 -0.385722
 2112.000000 0.779967 -0.341171
 2113.000000 0.805641 -0.359075
 2114.000000 0.723414 -0.461672
 2115.000000 0.777337 -0.374148
 2116.000000 0.825786 -0.442277
 2117.000000 0.785836 -0.406945
 2118.000000 0.779391 -0.370181
 2119.000000 0.831177 -0.503936
 2120.000000 0.791771 -0.435156
 2121.000000 0.787772 -0.460234
 2122.000000 0.883811 -0.376112
 2123.000000 0.788170 -0.442730
 2124.000000 0.766590 -0.491880
 2125.000000 0.743921 -0.468774
 2126.000000 0.736153 -0.423422
 2127.000000 0.688927 -0.475026
 2128.000000 0.745045 -0.460068
 2129.000000 0.756942 -0.452685
 2130.000000 0.818753 -0.495285
 2131.000000 0.785549 -0.457183
 2132.000000 0.752440 -0.430700
 2133.000000 0.866232 -0.458415
 2134.000000 0.864693 -0.449967
 2135.000000 0.741389 -0.417241
 2136.000000 0.752645 -0.436087
 2137.000000 0.783827 -0.505698
 2138.000000 0.796563 -0.361274
 2139.000000 0.853166 -0.375222
 2140.000000 0.818634 -0.377122
 2141.000000 0.735110 -0.405148
 2142.000000 0.820485 -0.489252
 2143.000000 0.791017 -0.449054
 2144.000000 0.837725 -0.434319
 2145.000000 0.768072 -0.472661
 2146.000000 0.804828 -0.458153
 2147.000000 0.692767 -0.405660
 2148.000000 0.773656 -0.435640
 2149.000000 0.802397 -0.344907
 2150.000000 0.751377 -0.406419
 2151.000000 0.717246 -0.507863
 2152.000000 0.699027 -0.453932
 2153.000000 0.767598 -0.517726
 2154.000000 0.709821 -0.447577
 2155.000000 0.717721 -0.467961
 2156.000000 0.686597 -0.479364
 2157.000000 0.759614 -0.447252
 2158.000000 0.699724 -0.440803
 2159.000000 0.679474 -0.477171
 2160.000000 0.721350 -0.332668
 2161.000000 0.720517 -0.411533
 2162.000000 0.668711 -0.476079
 2163.000000 0.777448 -0.439705
 2164.000000 0.685327 -0.365027
 2165.000000 0.750736 -0.427317
 2166.000000 0.814171 -0.382313
 2167.000000 0.716520 -0.397008
 2168.000000 0.719034 -0.408800
 2169.000000 0.833191 -0.344461
 2170.000000 0.768221 -0.346444
 2171.000000 0.699710 -0.472116
 2172.000000 0.751241 -0.506437
 2173.000000 0.710033 -0.419771
 2174.000000 0.833598 -0.403065
 2175.000000 0.769954 -0.576494
 2176.000000 0.761471 -0.482450
 2177.000000 0.767628 -0.468227
 2178.000000 0.865820 -0.528786
 2179.000000 0.746443 -0.466864
 2180.000000 0.813732 -0.400832
 2181.000000 0.795773 -0.457332
 2182.000000 0.776420 -0.469241
 2183.000000 0.813902 -0.389507
 2184.000000 0.748550 -0.512200
 2185.000000 0.740452 -0.447921
 2186.000000 0.775076 -0.481872
 2187.000000 0.680810 -0.535059
 2188.000000 0.695283 -0.457055
 2189.000000 0.823641 -0.428777
 2190.000000 0.805456 -0.399854
 2191.000000 0.752431 -0.481747
 2192.000000 0.669324 -0.433530
 2193.000000 0.703875 -0.410586
 2194.000000 0.673986 -0.536724
 2195.000000 0.736340 -0.353339
 2196.000000 0.745801 -0.445044
 2197.000000 0.670925 -0.409553
 2198.000000 0.824463 -0.491712
 2199.000000 0.741794 -0.340144
 2200.000000 0.699893 -0.430131
 2201.000000 0.747661 -0.466762
 2202.000000 0.785221 -0.390711
 2203.000000 0.758558 -0.410037
 2204.000000 0.810475 -0.387792
 2205.000000 0.840372 -0.405606
 2206.000000 0.712948 -0.416106
 2207.000000 0.746653 -0.442715
 2208.000000 0.802225 -0.409317
 2209.000000 0.695755 -0.364042
 2210.000000 0.678321 -0.492112
 2211.000000 0.766237 -0.411834
 2212.000000 0.737535 -0.483849
 2213.000000 0.721084 -0.485374
 2214.000000 0.727817 -0.403505
 2215.000000 0.784543 -0.430751
 2216.000000 0.791406 -0.393028
 2217.000000 0.733337 -0.477550
 2218.000000 0.834768 -0.480189
 2219.000000 0.757006 -0.408020
 2220.000000 0.794549 -0.490326
 2221.000000 0.766359 -0.404206
 2222.000000 0.735880 -0.381800
 2223.000000 0.843041 -0.342448
 2224.000000 0.739249 -0.469122
 2225.000000 0.851864 -0.445462
 2226.000000 0.792527 -0.474056
 2227.000000 0.743790 -0.517073
 2228.000000 0.795585 -0.527440
 2229.000000 0.796486 -0.359078
 2230.000000 0.783895 -0.407585
 2231.000000 0.826282 -0.391082
 2232.000000 0.821520 -0.401852
 2233.000000 0.871475 -0.384987
 2234.000000 0.772157 -0.440983
 2235.000000 0.746306 -0.468674
 2236.000000 0.741484 -0.457877
 2237.000000 0.737820 -0.498225
 2238.000000 0.817644 -0.476531
 2239.000000 0.790546 -0.473615
 2240.000000 0.676819 -0.395849
 2241.000000 0.838708 -0.478875
 2242.000000 0.777192 -0.410935
 2243.000000 0.769706 -0.389100
 2244.000000 0.724281 -0.466071
 2245.000000 0.829408 -0.362393
 2246.000000 0.756869 -0.446272
 2247.000000 0.819033 -0.396520
 2248.000000 0.787676 -0.365483
 2249.000000 0.758083 -0.414442
 2250.000000 0.796254 -0.316973
 2251.000000 0.669857 -0.505294
 2252.000000 0.765838 -0.356011
 2253.000000 0.688773 -0.387873
 2254.000000 0.693578 -0.290620
 2255.000000 0.771424 -0.303114
 2256.000000 0.742375 -0.358722
 2257.000000 0.745491 -0.297572
 2258.000000 0.703291 -0.358190
 2259.000000 0.766406 -0.400463
 2260.000000 0.722558 -0.435324
 2261.000000 0.799872 -0.439515
 2262.000000 0.815165 -0.395423
 2263.000000 0.830027 -0.417206
 2264.000000 0.784292 -0.410102
 2265.000000 0.702636 -0.409973
 2266.000000 0.753785 -0.450625
 2267.000000 0.770969 -0.387754
 2268.000000 0.773497 -0.433814
 2269.000000 0.792354 -0.360633
 2270.000000 0.819249 -0.315005
 2271.000000 0.805155 -0.348875
 2272.000000 0.813046 -0.417869
 2273.000000 0.807752 -0.517804
 2274.000000 0.856160 -0.463500
 2275.000000 0.865108 -0.293761
 2276.000000 0.764319 -0.381630
 2277.000000 0.809970 -0.498805
 2278.000000 0.781570 -0.416669
 2279.000000 0.761060 -0.405491
 2280.000000 0.820204 -0.402777
 2281.000000 0.821823 -0.363868
 2282.000000 0.759289 -0.356801
 2283.000000 0.795533 -0.476029
 2284.000000 0.766717 -0.375889
 2285.000000 0.657329 -0.427264
 2286.000000 0.708364 -0.449617
 2287.000000 0.735074 -0.438684
 2288.000000 0.792531 -0.406446
 2289.000000 0.793548 -0.390447
 2290.000000 0.762686 -0.512333
 2291.000000 0.762544 -0.428995
 2292.000000 0.731927 -0.447077
 2293.000000 0.756629 -0.431823
 2294.000000 0.760184 -0.376552
 2295.000000 0.807172 -0.380041
 2296.000000 0.710293 -0.505272
 2297.000000 0.721313 -0.436799
 2298.000000 0.720153 -0.358969
 2299.000000 0.750385 -0.367380
 2300.000000 0.805579 -0.379155
 2301.000000 0.705677 -0.391021
 2302.000000 0.708733 -0.452014
 2303.000000 0.740352 -0.379321
 2304.000000 0.776280 -0.398187
 2305.000000 0.822603 -0.420251
 2306.000000 0.799361 -0.410648
 2307.000000 0.709294 -0.407671
 2308.000000 0.832092 -0.366376
 2309.000000 0.888522 -0.361285
 2310.000000 0.764177 -0.348761
 2311.000000 0.712362 -0.436355
 2312.000000 0.713244 -0.431608
 2313.000000 0.742785 -0.376471
 2314.000000 0.662314 -0.377045
 2315.000000 0.714250 -0.416500
 2316.000000 0.761054 -0.354464
 2317.000000 0.722148 -0.461919
 2318.000000 0.762006 -0.425436
 2319.000000 0.726004 -0.458487
 2320.000000 0.792759 -0.616831
 2321.000000 0.773341 -0.427772
 2322.000000 0.786134 -0.493542
 2323.000000 0.780898 -0.434612
 2324.000000 0.771756 -0.433088
 2325.000000 0.705750 -0.404913
 2326.000000 0.764011 -0.439082
 2327.000000 0.700554 -0.398667
 2328.000000 0.740423 -0.514466
 2329.000000 0.735915 -0.474247
 2330.000000 0.735823 -0.462353
 2331.000000 0.695637 -0.406313
 2332.000000 0.740055 -0.418191
 2333.000000 0.740385 -0.402148
 2334.000000 0.698900 -0.420284
 2335.000000 0.675872 -0.471383
 2336.000000 0.623641 -0.502435
 2337.000000 0.733793 -0.462839
 2338.000000 0.712374 -0.458069
 2339.000000 0.768949 -0.456710
 2340.000000 0.736941 -0.356314
 2341.000000 0.724242 -0.454213
 2342.000000 0.704021 -0.445998
 2343.000000 0.864040 -0.492373
 2344.000000 0.801560 -0.439085
 2345.000000 0.791656 -0.458411
 2346.000000 0.840732 -0.456773
 2347.000000 0.714166 -0.427489
 2348.000000 0.727961 -0.462374
 2349.000000 0.762073 -0.520350
 2350.000000 0.764124 -0.479769
 2351.000000 0.761065 -0.548973
 2352.000000 0.743403 -0.466785
 2353.000000 0.781109 -0.492732
 2354.000000 0.813088 -0.458969
 2355.000000 0.772246 -0.495934
 2356.000000 0.758341 -0.484899
 2357.000000 0.741298 -0.340179
 2358.000000 0.765476 -0.442147
 2359.000000 0.876152 -0.425966
 2360.000000 0.737054 -0.456020
 2361.000000 0.698311 -0.389178
 2362.000000 0.768446 -0.486919
 2363.000000 0.747010 -0.431102
 2364.000000 0.727785 -0.497335
 2365.000000 0.720008 -0.523429
 2366.000000 0.812281 -0.436005
 2367.000000 0.859022 -0.437039
 2368.000000 0.833085 -0.469453
 2369.000000 0.848760 -0.482132
 2370.000000 0.726043 -0.421418
 2371.000000 0.839375 -0.393425
 2372.000000 0.727261 -0.421488
 2373.000000 0.792848 -0.370570
 2374.000000 0.791337 -0.432611
 2375.000000 0.747720 -0.338907
 2376.000000 0.699988 -0.378575
 2377.000000 0.790767 -0.414928
 2378.000000 0.739209 -0.434744
 2379.000000 0.749003 -0.390105
 2380.000000 0.772746 -0.448476
 2381.000000 0.830949 -0.325405
 2382.000000 0.805339 -0.391317
 2383.000000 0.718499 -0.411423
 2384.000000 0.765613 -0.318865
 2385.000000 0.752245 -0.334368
 2386.000000 0.792837 -0.315926
 2387.000000 0.804917 -0.465134
 2388.000000 0.764174 -0.347849
 2389.000000 0.748194 -0.407780
 2390.000000 0.769993 -0.323917
 2391.000000 0.828260 -0.428248
 2392.000000 0.739491 -0.421811
 2393.000000 0.723483 -0.390079
 2394.000000 0.696350 -0.383391
 2395.000000 0.735423 -0.401068
 2396.000000 0.750950 -0.476275
 2397.000000 0.723260 -0.383625
 2398.000000 0.696563 -0.334466
 2399.000000 0.788602 -0.431453
 2400.000000 0.787118 -0.503218
 2401.000000 0.815432 -0.493635
 2402.000000 0.640121 -0.381493
 2403.000000 0.767304 -0.432490
 2404.000000 0.713225 -0.406015
 2405.000000 0.723440 -0.523069
 2406.000000 0.790118 -0.509881
 2407.000000 0.712419 -0.418567
 2408.000000 0.675684 -0.530003
 2409.000000 0.727604 -0.488501
 2410.000000 0.684952 -0.428612
 2411.000000 0.714602 -0.499477
 2412.000000 0.768777 -0.454730
 2413.000000 0.756167 -0.436620
 2414.000000 0.738708 -0.359815
 2415.000000 0.747259 -0.472510
 2416.000000 0.738369 -0.418848
 2417.000000 0.692787 -0.428057
 2418.000000 0.681675 -0.362002
 2419.000000 0.764955 -0.516921
 2420.000000 0.738716 -0.404502
 2421.000000 0.678890 -0.379965
 2422.000000 0.728369 -0.487042
 2423.000000 0.750123 -0.516241
 2424.000000 0.707901 -0.433991
 2425.000000 0.663372 -0.449535
 2426.000000 0.756965 -0.454610
 2427.000000 0.780568 -0.473687
 2428.000000 0.700933 -0.476062
 2429.000000 0.711244 -0.375399
 2430.000000 0.730527 -0.386383
 2431.000000 0.723279 -0.434223
 2432.000000 0.826762 -0.516670
 2433.000000 0.741586 -0.487713
 2434.000000 0.736594 -0.396112
 2435.000000 0.800827 -0.420162
 2436.000000 0.838325 -0.457376
 2437.000000 0.715288 -0.471691
 2438.000000 0.724939 -0.573610
 2439.000000 0.786433 -0.392680
 2440.000000 0.752148 -0.473838
 2441.000000 0.760873 -0.440588
 2442.000000 0.804410 -0.447385
 2443.000000 0.762878 -0.417395
 2444.000000 0.697907 -0.458457
 2445.000000 0.785213 -0.423505
 2446.000000 0.803440 -0.497900
 2447.000000 0.690727 -0.547799
 2448.000000 0.836213 -0.512228
 2449.000000 0.860790 -0.402962
 2450.000000 0.787007 -0.413284
 2451.000000 0.800903 -0.517865
 2452.000000 0.798298 -0.406122
 2453.000000 0.730832 -0.391380
 2454.000000 0.671693 -0.477342
 2455.000000 0.788407 -0.372089
 2456.000000 0.799856 -0.406057
 2457.000000 0.803352 -0.422356
 2458.000000 0.890969 -0.398429
 2459.000000 0.799989 -0.478997
 2460.000000 0.829961 -0.449985
 2461.000000 0.776977 -0.388071
 2462.000000 0.794597 -0.491467
 2463.000000 0.867086 -0.507327
 2464.000000 0.644332 -0.480981
 2465.000000 0.731312 -0.458675
 2466.000000 0.849924 -0.450930
 2467.000000 0.751735 -0.541971
 2468.000000 0.719260 -0.460149
 2469.000000 0.706361 -0.422231
 2470.000000 0.745940 -0.470670
 2471.000000 0.690220 -0.366533
 2472.000000 0.751688 -0.439341
 2473.000000 0.714426 -0.415453
 2474.000000 0.828453 -0.449257
 2475.000000 0.745032 -0.414108
 2476.000000 0.798186 -0.460765
 2477.000000 0.793970 -0.522627
 2478.000000 0.799063 -0.436812
 2479.000000 0.769462 -0.444184
 2480.000000 0.775911 -0.399024
 2481.000000 0.724186 -0.345791
 2482.000000 0.751894 -0.333404
 2483.000000 0.755537 -0.428506
 2484.000000 0.706639 -0.321030
 2485.000000 0.774102 -0.387680
 2486.000000 0.704986 -0.404623
 2487.000000 0.772755 -0.484890
 2488.000000 0.797503 -0.376306
 2489.000000 0.802146 -0.346743
 2490.000000 0.751634 -0.394541
 2491.000000 0.892839 -0.490622
 2492.000000 0.821730 -0.358402
 2493.000000 0.804236 -0.405170
 2494.000000 0.777026 -0.453546
 2495.000000 0.745874 -0.459637
 2496.000000 0.725578 -0.375471
 2497.000000 0.705785 -0.485148
 2498.000000 0.765481 -0.465955
 2499.000000 0.765300 -0.508170
 2500.000000 0.672654 -0.414589
