#! FIELDS time pd_137_140 diff
 0.000000 2.162449 -0.311138
 1.000000 2.114813 -0.098192
 2.000000 1.998233 -0.172449
 3.000000 2.077400 -0.106126
 4.000000 2.090358 0.000516
 5.000000 1.968271 -0.141692
 6.000000 2.024821 -0.167257
 7.000000 2.037922 -0.172808
 8.000000 2.033456 -0.168238
 9.000000 2.020051 -0.141775
 10.000000 2.094793 -0.122698
 11.000000 1.960812 -0.236764
 12.000000 2.100494 -0.184400
 13.000000 2.040816 -0.077240
 14.000000 1.993375 -0.194350
 15.000000 2.067750 -0.032920
 16.000000 2.047929 -0.186681
 17.000000 2.127921 -0.163141
 18.000000 1.934488 -0.117907
 19.000000 2.143368 -0.240942
 20.000000 2.043174 -0.178174
 21.000000 2.042654 -0.173173
 22.000000 2.059614 -0.113099
 23.000000 2.100371 -0.120695
 24.000000 1.953428 -0.176882
 25.000000 2.055375 -0.113528
 26.000000 2.042112 -0.154811
 27.000000 2.070469 -0.150542
 28.000000 1.988175 -0.266730
 29.000000 2.009332 -0.173158
 30.000000 2.189014 -0.238483
 31.000000 2.059825 -0.196975
 32.000000 2.022553 -0.269906
 33.000000 2.088277 -0.091942
 34.000000 2.125025 -0.078984
 35.000000 2.022564 -0.179337
 36.000000 2.010800 -0.122425
 37.000000 2.149251 -0.116934
 38.000000 2.021202 -0.042628
 39.000000 2.224467 -0.057745
 40.000000 2.017962 -0.025328
 41.000000 2.067519 -0.073978
 42.000000 1.937043 -0.055085
 43.000000 2.105028 -0.087319
 44.000000 2.140435 -0.058221
 45.000000 2.057639 -0.132954
 46.000000 2.070770 -0.156862
 47.000000 2.105605 -0.148504
 48.000000 2.005564 -0.127247
 49.000000 1.954912 -0.101621
 50.000000 2.103532 -0.173452
 51.000000 2.048295 -0.094613
 52.000000 2.106230 -0.252905
 53.000000 2.183581 -0.129049
 54.000000 2.032597 -0.132303
 55.000000 2.116239 -0.103577
 56.000000 2.032598 -0.039248
 57.000000 2.148823 -0.154351
 58.000000 2.037659 -0.048676
 59.000000 2.083113 -0.106412
 60.000000 2.079897 -0.013796
 61.000000 2.106532 -0.021824
 62.000000 1.959127 -0.143962
 63.000000 2.008491 -0.120306
 64.000000 1.965759 -0.204590
 65.000000 1.993048 -0.198876
 66.000000 1.938009 -0.234614
 67.000000 2.027390 -0.104185
 68.000000 2.040130 -0.171361
 69.000000 1.962060 -0.112238
 70.000000 1.937052 -0.157788
 71.000000 2.054510 -0.252367
 72.000000 1.970570 -0.045718
 73.000000 2.026661 -0.032154
 74.000000 2.014110 -0.120623
 75.000000 2.092097 -0.269834
 76.000000 2.006187 -0.105464
 77.000000 2.091328 -0.237351
 78.000000 1.999868 -0.107134
 79.000000 2.155551 -0.094131
 80.000000 2.097916 -0.120764
 81.000000 2.020849 -0.074863
 82.000000 1.907946 -0.174732
 83.000000 2.022000 -0.147504
 84.000000 2.062195 -0.160433
 85.000000 2.162608 -0.160315
 86.000000 2.057192 -0.150913
 87.000000 2.028672 -0.157382
 88.000000 2.082386 -0.221109
 89.000000 2.113062 -0.156324
 90.000000 2.030422 -0.160647
 91.000000 1.978654 -0.124670
 92.000000 2.020505 -0.153494
 93.000000 2.017319 -0.128152
 94.000000 1.966231 -0.190350
 95.000000 2.052869 -0.184557
 96.000000 2.101146 -0.181761
 97.000000 2.056472 -0.159391
 98.000000 2.086409 -0.190023
 99.000000 2.092719 -0.240098
 100.000000 2.074738 -0.087045
 101.000000 2.063699 0.009715
 102.000000 2.060452 -0.096584
 103.000000 2.109444 -0.069245
 104.000000 1.990335 -0.120261
 105.000000 1.971542 -0.101215
 106.000000 1.997250 -0.103681
 107.000000 2.059634 -0.220388
 108.000000 2.103228 -0.180331
 109.000000 2.093037 -0.159632
 110.000000 2.096472 -0.196967
 111.000000 2.017076 -0.022427
 112.000000 2.119362 -0.232555
 113.000000 1.995353 -0.123714
 114.000000 2.001277 -0.070910
 115.000000 2.051590 -0.199766
 116.000000 2.051312 -0.235993
 117.000000 1.991255 -0.235939
 118.000000 2.070484 -0.140392
 119.000000 1.948279 -0.206687
 120.000000 2.059925 -0.190777
 121.000000 2.010465 -0.124868
 122.000000 2.116781 -0.059629
 123.000000 2.032455 -0.155398
 124.000000 2.206842 -0.221826
 125.000000 2.090435 -0.178212
 126.000000 1.976337 -0.167757
 127.000000 2.058109 -0.171326
 128.000000 2.199877 -0.210852
 129.000000 1.980383 -0.154545
 130.000000 2.003166 -0.200870
 131.000000 1.989746 -0.206191
 132.000000 2.046271 -0.132272
 133.000000 2.053479 -0.146288
 134.000000 2.085885 -0.216632
 135.000000 1.992162 -0.160948
 136.000000 1.917341 -0.181859
 137.000000 1.987007 -0.233600
 138.000000 2.070176 -0.238702
 139.000000 1.939993 -0.168859
 140.000000 2.037602 -0.186826
 141.000000 2.038971 -0.115203
 142.000000 2.175393 -0.152748
 143.000000 2.104977 -0.156902
 144.000000 2.112648 -0.139870
 145.000000 1.969061 -0.072121
 146.000000 1.959125 -0.109703
 147.000000 2.094182 -0.150292
 148.000000 1.966706 -0.221863
 149.000000 1.973549 -0.215500
 150.000000 1.977101 -0.136989
 151.000000 2.032971 -0.184784
 152.000000 1.987221 -0.223370
 153.000000 1.995771 -0.116818
 154.000000 1.970871 -0.136384
 155.000000 1.992107 -0.117846
 156.000000 2.077216 -0.188610
 157.000000 2.067050 -0.134861
 158.000000 2.047938 -0.188601
 159.000000 1.994231 -0.222127
 160.000000 2.089003 -0.167500
 161.000000 2.061567 -0.167038
 162.000000 1.987478 -0.169862
 163.000000 1.976380 -0.136000
 164.000000 2.009421 -0.182947
 165.000000 1.944820 -0.277020
 166.000000 2.051839 -0.206277
 167.000000 1.963215 -0.228479
 168.000000 2.143345 -0.197798
 169.000000 2.087360 -0.152882
 170.000000 1.995883 -0.178545
 171.000000 2.140958 -0.195546
 172.000000 2.050588 -0.198578
 173.000000 2.076476 -0.133188
 174.000000 2.144681 -0.120343
 175.000000 2.157197 -0.175000
 176.000000 2.119228 -0.146144
 177.000000 2.073293 -0.174112
 178.000000 2.070162 -0.138644
 179.000000 2.022267 -0.104725
 180.000000 2.108220 -0.073001
 181.000000 1.989929 -0.062822
 182.000000 2.094605 -0.024377
 183.000000 2.039266 -0.086965
 184.000000 2.131290 -0.144814
 185.000000 2.015642 -0.089612
 186.000000 1.993452 -0.130441
 187.000000 2.075028 -0.147300
 188.000000 2.028688 -0.105759
 189.000000 2.064534 -0.179651
 190.000000 2.017600 -0.120093
 191.000000 2.022662 -0.177119
 192.000000 2.095545 -0.182334
 193.000000 2.118060 -0.205578
 194.000000 2.061847 -0.125172
 195.000000 2.062910 -0.209311
 196.000000 1.955786 -0.145509
 197.000000 1.961437 -0.108115
 198.000000 1.931588 -0.135872
 199.000000 2.056040 -0.088929
 200.000000 1.997177 -0.144305
 201.000000 2.047424 -0.193286
 202.000000 2.023712 -0.151369
 203.000000 1.895422 -0.149426
 204.000000 2.112884 -0.075611
 205.000000 1.995050 -0.112247
 206.000000 1.980726 -0.193322
 207.000000 1.968022 -0.045599
 208.000000 1.958316 -0.081743
 209.000000 2.026922 -0.133037
 210.000000 2.039312 -0.023266
 211.000000 2.054386 -0.111538
 212.000000 2.039064 -0.002447
 213.000000 2.135537 -0.030056
 214.000000 1.984897 -0.030018
 215.000000 1.996960 -0.099591
 216.000000 1.989463 -0.031405
 217.000000 1.991508 -0.031580
 218.000000 1.976083 -0.064642
 219.000000 2.021347 -0.057652
 220.000000 1.980679 -0.102633
 221.000000 2.024754 -0.051608
 222.000000 2.028805 -0.049200
 223.000000 1.954939 -0.046877
 224.000000 2.000359 -0.091985
 225.000000 2.079913 -0.052954
 226.000000 1.889016 -0.054813
 227.000000 2.076221 0.040623
 228.000000 2.067042 -0.019722
 229.000000 2.027352 -0.105880
 230.000000 2.026729 -0.108972
 231.000000 1.979543 -0.049957
 232.000000 2.090272 -0.111671
 233.000000 2.032168 -0.037871
 234.000000 2.005031 -0.063444
 235.000000 2.004994 -0.065436
 236.000000 2.054859 -0.069294
 237.000000 2.102851 -0.098583
 238.000000 2.114853 -0.080040
 239.000000 2.003873 -0.045575
 240.000000 1.992298 -0.033685
 241.000000 2.042622 0.018620
 242.000000 2.016306 -0.032261
 243.000000 1.921017 -0.034547
 244.000000 2.105950 0.024584
 245.000000 1.999277 0.023386
 246.000000 1.929009 0.087596
 247.000000 2.028694 -0.002696
 248.000000 2.018869 -0.074311
 249.000000 2.008353 0.015387
 250.000000 1.973185 -0.040330
 251.000000 2.100683 -0.060905
 252.000000 2.052354 -0.023407
 253.000000 2.037222 -0.099166
 254.000000 2.037971 -0.029823
 255.000000 2.036201 -0.070916
 256.000000 2.005584 -0.046988
 257.000000 1.929087 -0.047866
 258.000000 1.899933 -0.048782
 259.000000 1.988701 -0.062866
 260.000000 1.912577 -0.055549
 261.000000 1.916789 -0.072070
 262.000000 2.035299 -0.073507
 263.000000 1.993760 -0.056029
 264.000000 2.003430 0.033549
 265.000000 2.049670 -0.095629
 266.000000 2.033064 -0.018471
 267.000000 2.109035 -0.133229
 268.000000 1.998635 -0.147119
 269.000000 2.013179 -0.094550
 270.000000 1.974412 0.016221
 271.000000 2.006102 -0.004020
 272.000000 1.925443 -0.078570
 273.000000 2.073004 -0.107148
 274.000000 1.976770 -0.074616
 275.000000 1.953278 -0.014194
 276.000000 1.902640 -0.046373
 277.000000 2.018838 -0.131299
 278.000000 1.924039 -0.026106
 279.000000 2.039236 0.022868
 280.000000 1.882489 0.023036
 281.000000 1.901592 -0.132697
 282.000000 2.081585 0.067998
 283.000000 1.854252 0.114182
 284.000000 2.069935 0.051507
 285.000000 2.046969 0.040545
 286.000000 2.013166 0.053604
 287.000000 2.070897 0.051680
 288.000000 1.925285 0.015578
 289.000000 1.989765 -0.066455
 290.000000 1.954541 -0.074415
 291.000000 1.937903 -0.174265
 292.000000 1.983033 -0.109709
 293.000000 2.035759 -0.080697
 294.000000 1.955253 -0.075732
 295.000000 2.055680 -0.163047
 296.000000 1.979277 -0.220375
 297.000000 2.047590 -0.049828
 298.000000 1.991085 -0.010668
 299.000000 1.970986 -0.145971
 300.000000 2.048747 -0.128221
 301.000000 2.115703 -0.010067
 302.000000 1.978763 0.022242
 303.000000 2.103032 -0.115217
 304.000000 1.994498 -0.057362
 305.000000 2.003790 -0.075550
 306.000000 1.918169 -0.039206
 307.000000 2.027455 -0.022470
 308.000000 1.932938 -0.028195
 309.000000 1.962172 -0.061943
 310.000000 1.940682 -0.018922
 311.000000 2.009478 -0.072985
 312.000000 2.017782 -0.011646
 313.000000 1.948819 -0.033842
 314.000000 1.976422 0.028409
 315.000000 1.994421 -0.029894
 316.000000 2.044957 -0.012559
 317.000000 1.995984 -0.072512
 318.000000 2.063616 -0.119607
 319.000000 1.982113 -0.052731
 320.000000 1.983752 -0.070604
 321.000000 2.076812 -0.083577
 322.000000 1.947710 0.025399
 323.000000 1.972110 -0.099727
 324.000000 2.097412 -0.043320
 325.000000 2.077942 -0.120891
 326.000000 2.004964 -0.093041
 327.000000 2.121942 -0.071828
 328.000000 2.012545 -0.010374
 329.000000 2.032936 0.019450
 330.000000 2.034757 0.012650
 331.000000 1.933233 -0.014949
 332.000000 2.095447 0.010478
 333.000000 2.049509 0.026034
 334.000000 2.041193 -0.074203
 335.000000 2.135495 -0.027562
 336.000000 1.897263 0.021893
 337.000000 1.959907 -0.052812
 338.000000 1.958951 -0.117494
 339.000000 2.113627 -0.138041
 340.000000 2.034542 -0.081341
 341.000000 1.929706 -0.124149
 342.000000 1.988220 -0.022423
 343.000000 2.045210 -0.046770
 344.000000 2.006430 -0.075974
 345.000000 1.983189 -0.117127
 346.000000 2.026759 -0.077264
 347.000000 1.971751 -0.129407
 348.000000 2.074476 -0.177296
 349.000000 2.005696 -0.133883
 350.000000 2.084638 -0.097523
 351.000000 2.037745 -0.095977
 352.000000 2.053664 -0.087958
 353.000000 2.018640 -0.139051
 354.000000 1.922182 -0.072072
 355.000000 1.989124 -0.135024
 356.000000 2.054936 -0.154562
 357.000000 2.027452 -0.172336
 358.000000 2.035010 -0.117561
 359.000000 2.081277 -0.192467
 360.000000 2.002034 -0.173466
 361.000000 1.987257 -0.075904
 362.000000 2.062711 -0.106911
 363.000000 1.993800 -0.102090
 364.000000 1.957025 -0.065267
 365.000000 2.082506 -0.153496
 366.000000 2.106198 -0.089477
 367.000000 2.071962 -0.095450
 368.000000 2.078814 -0.114116
 369.000000 1.991076 -0.117159
 370.000000 2.101616 -0.123758
 371.000000 1.989181 -0.179703
 372.000000 1.969563 -0.190971
 373.000000 1.991812 -0.201701
 374.000000 1.995520 -0.178755
 375.000000 2.088637 -0.106935
 376.000000 1.952448 -0.133718
 377.000000 2.086900 -0.182681
 378.000000 1.979982 -0.155621
 379.000000 1.912412 -0.099017
 380.000000 2.094895 -0.244940
 381.000000 2.083617 -0.230619
 382.000000 1.987998 -0.206549
 383.000000 2.017045 -0.149015
 384.000000 1.989204 -0.167462
 385.000000 1.924119 -0.167719
 386.000000 2.046570 -0.172652
 387.000000 2.132171 -0.178731
 388.000000 2.105958 -0.196592
 389.000000 1.953473 -0.131598
 390.000000 1.930720 -0.223138
 391.000000 2.051037 -0.180402
 392.000000 2.095765 -0.078727
 393.000000 1.943394 -0.172322
 394.000000 2.023730 -0.141573
 395.000000 1.983554 -0.228071
 396.000000 1.930812 -0.160624
 397.000000 2.028271 -0.190040
 398.000000 2.027440 -0.101636
 399.000000 2.038103 -0.244264
 400.000000 1.896281 -0.204588
 401.000000 2.057221 -0.199861
 402.000000 2.049708 -0.159233
 403.000000 2.025012 -0.174875
 404.000000 2.026656 -0.133560
 405.000000 1.931063 -0.158328
 406.000000 1.911661 -0.175890
 407.000000 1.934626 -0.165816
 408.000000 1.980523 -0.141227
 409.000000 1.954449 -0.178978
 410.000000 2.009098 -0.111789
 411.000000 1.943735 -0.142226
 412.000000 1.994888 -0.137787
 413.000000 2.093760 -0.111229
 414.000000 1.993263 -0.142345
 415.000000 1.984078 -0.134115
 416.000000 1.978212 -0.133054
 417.000000 1.857749 -0.121666
 418.000000 2.117531 -0.091031
 419.000000 1.979324 -0.153708
 420.000000 2.014486 -0.119230
 421.000000 2.001684 -0.235324
 422.000000 2.025919 -0.130933
 423.000000 2.135665 -0.189001
 424.000000 2.118644 -0.204612
 425.000000 2.079505 -0.136670
 426.000000 2.094687 -0.181058
 427.000000 1.993320 -0.244568
 428.000000 1.978285 -0.181768
 429.000000 2.038206 -0.132594
 430.000000 1.937951 -0.130809
 431.000000 2.080133 -0.162862
 432.000000 2.064876 -0.166485
 433.000000 1.905436 -0.043345
 434.000000 1.950539 -0.095586
 435.000000 1.989524 -0.067710
 436.000000 1.964319 -0.099320
 437.000000 2.019678 -0.176151
 438.000000 1.942145 -0.206674
 439.000000 2.060434 -0.190313
 440.000000 1.976849 -0.163522
 441.000000 1.990545 -0.146248
 442.000000 1.990101 -0.138368
 443.000000 2.116199 -0.083676
 444.000000 2.028803 -0.094470
 445.000000 1.935704 -0.144089
 446.000000 1.917146 -0.100532
 447.000000 1.921887 -0.158831
 448.000000 1.879663 -0.089563
 449.000000 2.037950 -0.095783
 450.000000 1.912398 -0.064268
 451.000000 2.004038 -0.067864
 452.000000 2.014884 -0.240468
 453.000000 1.915406 -0.193046
 454.000000 1.947716 -0.121530
 455.000000 1.982708 -0.152493
 456.000000 2.015647 -0.175024
 457.000000 2.044832 -0.145674
 458.000000 2.081572 -0.178570
 459.000000 2.059209 -0.094528
 460.000000 2.079248 -0.196238
 461.000000 1.969481 -0.151263
 462.000000 2.046335 -0.200648
 463.000000 1.971432 -0.190003
 464.000000 2.016363 -0.113768
 465.000000 2.089139 -0.109644
 466.000000 2.038733 -0.117056
 467.000000 1.924004 -0.174191
 468.000000 2.017810 -0.092037
 469.000000 1.960516 -0.177575
 470.000000 1.956630 -0.115799
 471.000000 1.942256 -0.181193
 472.000000 1.933114 -0.139820
 473.000000 2.018959 -0.087122
 474.000000 2.028663 -0.062839
 475.000000 1.914885 -0.139735
 476.000000 1.922493 -0.162498
 477.000000 1.862317 -0.049727
 478.000000 1.972586 -0.116644
 479.000000 2.144591 -0.127352
 480.000000 1.982591 -0.122582
 481.000000 2.013254 -0.037449
 482.000000 2.010704 -0.079719
 483.000000 2.067927 -0.099820
 484.000000 2.042821 -0.122377
 485.000000 1.913595 -0.117341
 486.000000 2.124205 -0.077283
 487.000000 1.977487 -0.099602
 488.000000 1.956485 -0.059314
 489.000000 2.022435 -0.140341
 490.000000 2.093948 -0.103262
 491.000000 1.972269 -0.056801
 492.000000 1.968727 -0.013267
 493.000000 2.090758 -0.059682
 494.000000 1.908578 -0.216463
 495.000000 1.965382 -0.118660
 496.000000 1.943831 -0.084431
 497.000000 1.969028 -0.010355
 498.000000 2.031732 -0.106805
 499.000000 2.062755 -0.055950
 500.000000 2.070296 -0.138228
 501.000000 2.078343 -0.062010
 502.000000 2.075822 -0.109236
 503.000000 1.932530 -0.072900
 504.000000 2.103725 -0.074831
 505.000000 2.052063 -0.110589
 506.000000 2.132906 -0.143419
 507.000000 2.119275 -0.151314
 508.000000 2.064327 -0.072007
 509.000000 2.039594 -0.191315
 510.000000 2.153857 -0.057318
 511.000000 1.989638 -0.071343
 512.000000 2.027512 -0.037102
 513.000000 1.998869 -0.079710
 514.000000 2.054674 -0.157820
 515.000000 1.883423 -0.111541
 516.000000 1.947651 -0.131959
 517.000000 2.036564 -0.087441
 518.000000 1.940066 -0.088846
 519.000000 1.966466 -0.098812
 520.000000 1.952223 -0.089246
 521.000000 1.905737 -0.085001
 522.000000 1.895237 -0.143982
 523.000000 1.976823 0.001424
 524.000000 2.006457 -0.118590
 525.000000 1.950830 -0.105344
 526.000000 1.998930 -0.053372
 527.000000 1.973745 -0.094709
 528.000000 2.038604 -0.108545
 529.000000 2.086627 -0.005761
 530.000000 2.066232 -0.107917
 531.000000 2.087193 -0.015417
 532.000000 2.060456 -0.096747
 533.000000 2.029723 -0.099929
 534.000000 2.018182 -0.086762
 535.000000 2.058065 -0.052750
 536.000000 2.037842 -0.087837
 537.000000 1.968378 -0.070407
 538.000000 1.974655 -0.094628
 539.000000 1.974003 -0.102297
 540.000000 2.081592 -0.083778
 541.000000 1.960467 -0.161721
 542.000000 1.993739 -0.164216
 543.000000 1.948302 -0.067057
 544.000000 1.978856 -0.141648
 545.000000 1.998689 -0.099569
 546.000000 2.063189 -0.065417
 547.000000 1.947401 -0.074467
 548.000000 1.940393 -0.139610
 549.000000 1.940969 -0.113861
 550.000000 1.901687 -0.107454
 551.000000 2.032685 -0.108502
 552.000000 2.052841 -0.043333
 553.000000 2.019769 -0.165629
 554.000000 1.991003 -0.098481
 555.000000 2.120021 -0.154151
 556.000000 1.965745 -0.125648
 557.000000 1.948191 -0.106163
 558.000000 2.021062 -0.081179
 559.000000 2.040397 -0.132469
 560.000000 2.062999 -0.145313
 561.000000 1.931231 -0.094627
 562.000000 2.037059 -0.117262
 563.000000 1.933659 -0.098646
 564.000000 1.912036 -0.156684
 565.000000 2.043033 -0.016493
 566.000000 2.095813 -0.080446
 567.000000 1.944155 -0.091613
 568.000000 1.973809 -0.136015
 569.000000 1.915130 -0.076115
 570.000000 1.980121 -0.111537
 571.000000 2.050849 -0.185768
 572.000000 1.958320 -0.197772
 573.000000 1.948084 -0.094095
 574.000000 1.908386 -0.143346
 575.000000 1.987583 -0.122904
 576.000000 1.941966 -0.097242
 577.000000 2.050197 -0.162550
 578.000000 1.932708 -0.105686
 579.000000 1.887899 -0.126215
 580.000000 1.894239 -0.152410
 581.000000 2.027394 -0.060044
 582.000000 2.102159 -0.085057
 583.000000 2.040948 -0.170216
 584.000000 1.954774 -0.110304
 585.000000 2.041300 -0.138045
 586.000000 1.971207 -0.123560
 587.000000 2.016453 -0.098335
 588.000000 1.842526 -0.172572
 589.000000 1.967208 -0.082797
 590.000000 1.912121 -0.162643
 591.000000 2.018487 -0.134689
 592.000000 1.971784 -0.254506
 593.000000 1.934871 -0.178035
 594.000000 2.034715 -0.142089
 595.000000 1.970333 -0.148448
 596.000000 2.067213 -0.174017
 597.000000 2.038290 -0.120248
 598.000000 1.917456 -0.098319
 599.000000 1.989004 -0.152344
 600.000000 2.030708 -0.106314
 601.000000 2.038200 -0.087107
 602.000000 1.816229 -0.057415
 603.000000 1.906686 -0.147833
 604.000000 1.955143 -0.130171
 605.000000 1.959632 -0.015237
 606.000000 2.030885 -0.174217
 607.000000 1.945438 -0.135396
 608.000000 2.004985 -0.086165
 609.000000 2.098140 -0.064833
 610.000000 2.037798 -0.145655
 611.000000 2.065016 -0.125344
 612.000000 2.070210 -0.202989
 613.000000 2.028016 -0.081803
 614.000000 1.938888 -0.205220
 615.000000 2.023473 -0.193891
 616.000000 1.917538 -0.029684
 617.000000 1.919835 -0.091077
 618.000000 1.956148 -0.082465
 619.000000 1.959847 -0.099281
 620.000000 1.961673 -0.145915
 621.000000 2.016328 -0.063337
 622.000000 2.063021 -0.140082
 623.000000 2.017954 -0.144656
 624.000000 2.014346 -0.115899
 625.000000 1.982023 -0.075113
 626.000000 2.078908 -0.094980
 627.000000 1.974012 -0.026530
 628.000000 2.059163 -0.093244
 629.000000 1.995101 -0.084348
 630.000000 2.090540 -0.152184
 631.000000 1.989291 0.013622
 632.000000 1.941298 -0.013053
 633.000000 2.102742 -0.047539
 634.000000 1.940549 -0.024919
 635.000000 2.065397 -0.107194
 636.000000 2.078951 -0.012098
 637.000000 2.100837 -0.099133
 638.000000 2.004260 -0.090134
 639.000000 2.081456 -0.117148
 640.000000 1.989536 -0.165822
 641.000000 2.078137 -0.159804
 642.000000 1.792403 -0.084817
 643.000000 1.956145 -0.160827
 644.000000 1.978705 -0.098233
 645.000000 2.139959 -0.003378
 646.000000 2.000987 -0.099736
 647.000000 1.926647 -0.147454
 648.000000 1.964228 -0.161298
 649.000000 2.098335 -0.064767
 650.000000 2.033944 -0.096915
 651.000000 2.039530 -0.080557
 652.000000 2.057229 -0.057561
 653.000000 2.057476 -0.126742
 654.000000 2.024056 -0.044838
 655.000000 2.024244 0.007459
 656.000000 2.052865 -0.115351
 657.000000 2.065735 -0.049780
 658.000000 2.057543 -0.087152
 659.000000 2.119632 -0.018654
 660.000000 2.065705 -0.057597
 661.000000 2.015586 -0.094116
 662.000000 2.086214 -0.039216
 663.000000 1.940112 -0.129241
 664.000000 1.969845 -0.044195
 665.000000 1.945094 -0.130005
 666.000000 2.027534 -0.139502
 667.000000 2.026139 -0.018563
 668.000000 1.997163 -0.108601
 669.000000 2.043214 -0.112641
 670.000000 1.961849 -0.095958
 671.000000 2.085862 -0.163096
 672.000000 2.018960 -0.088301
 673.000000 1.924212 -0.066014
 674.000000 1.873160 -0.062240
 675.000000 1.937358 -0.120783
 676.000000 2.035585 -0.110092
 677.000000 1.896669 -0.088133
 678.000000 1.975285 -0.033518
 679.000000 1.986732 -0.066447
 680.000000 2.093184 -0.222377
 681.000000 2.073202 -0.108912
 682.000000 2.042651 -0.132557
 683.000000 2.022212 -0.136140
 684.000000 2.004962 -0.159932
 685.000000 2.042252 -0.133258
 686.000000 2.026691 -0.097831
 687.000000 2.039629 -0.149591
 688.000000 1.974951 -0.056502
 689.000000 1.988299 -0.099762
 690.000000 2.001084 -0.042486
 691.000000 2.103887 -0.075589
 692.000000 2.059888 -0.080744
 693.000000 2.100089 -0.007670
 694.000000 1.960711 0.028467
 695.000000 1.978495 -0.009701
 696.000000 2.009034 -0.007519
 697.000000 2.020783 0.008980
 698.000000 2.031812 -0.067803
 699.000000 1.988938 -0.028788
 700.000000 2.037569 -0.026578
 701.000000 2.094043 -0.052858
 702.000000 2.037893 0.078989
 703.000000 1.972517 -0.118478
 704.000000 1.964970 -0.077781
 705.000000 2.046507 -0.096392
 706.000000 2.008169 -0.077696
 707.000000 2.067645 0.009461
 708.000000 1.974236 -0.015439
 709.000000 1.938965 -0.097875
 710.000000 1.923199 -0.105335
 711.000000 1.971774 -0.041917
 712.000000 1.986403 -0.098213
 713.000000 2.008845 -0.129643
 714.000000 1.939440 -0.151834
 715.000000 2.000178 -0.106736
 716.000000 1.935854 -0.108612
 717.000000 2.086962 -0.109483
 718.000000 2.003520 -0.137528
 719.000000 1.930786 -0.177111
 720.000000 1.985931 -0.143947
 721.000000 1.982003 -0.172323
 722.000000 1.947101 -0.130954
 723.000000 1.914204 -0.173191
 724.000000 2.014101 -0.197207
 725.000000 2.042579 -0.116988
 726.000000 1.965980 -0.070480
 727.000000 2.053428 -0.075721
 728.000000 1.979651 -0.113092
 729.000000 1.987825 -0.119707
 730.000000 1.962123 -0.120811
 731.000000 2.086122 -0.058644
 732.000000 2.016721 -0.149401
 733.000000 1.987088 -0.053032
 734.000000 1.972058 -0.145209
 735.000000 2.005252 -0.126821
 736.000000 2.028013 -0.112701
 737.000000 1.919624 -0.141745
 738.000000 1.983148 -0.059093
 739.000000 1.974251 -0.078515
 740.000000 2.054353 -0.029700
 741.000000 2.059463 -0.030190
 742.000000 2.014536 -0.021763
 743.000000 2.065773 -0.004890
 744.000000 1.966606 -0.058334
 745.000000 2.096917 0.023066
 746.000000 2.065116 -0.033722
 747.000000 2.048622 -0.095791
 748.000000 2.046613 0.034578
 749.000000 2.123420 -0.034549
 750.000000 2.023951 0.044051
 751.000000 2.075981 -0.023418
 752.000000 2.056099 -0.087949
 753.000000 2.113153 -0.046445
 754.000000 1.951400 0.009122
 755.000000 2.006593 0.003045
 756.000000 2.002147 0.011472
 757.000000 1.982374 -0.033537
 758.000000 2.051128 -0.124897
 759.000000 2.041919 -0.121542
 760.000000 2.012224 -0.152591
 761.000000 1.967802 -0.094604
 762.000000 2.069771 -0.154742
 763.000000 2.093097 -0.011970
 764.000000 2.117240 -0.043177
 765.000000 1.996880 -0.058141
 766.000000 2.067530 -0.065517
 767.000000 2.078192 -0.125468
 768.000000 1.995613 -0.053625
 769.000000 2.055054 -0.065102
 770.000000 2.013752 0.048736
 771.000000 1.917618 -0.103072
 772.000000 2.101721 -0.064972
 773.000000 2.008939 -0.032043
 774.000000 2.028098 -0.079297
 775.000000 2.037057 -0.134317
 776.000000 2.065864 -0.018927
 777.000000 2.072129 -0.047358
 778.000000 1.995024 0.003724
 779.000000 1.932317 -0.042478
 780.000000 1.973865 -0.066818
 781.000000 2.002546 0.008505
 782.000000 1.838274 -0.113882
 783.000000 2.000494 -0.021467
 784.000000 2.024097 -0.160518
 785.000000 1.976974 -0.098065
 786.000000 2.004324 -0.027426
 787.000000 1.997795 -0.119887
 788.000000 1.947989 -0.139277
 789.000000 2.023393 -0.027639
 790.000000 1.961995 0.040922
 791.000000 2.036243 -0.080708
 792.000000 2.005971 -0.080320
 793.000000 2.054145 -0.097504
 794.000000 2.000631 -0.113443
 795.000000 2.000635 -0.045419
 796.000000 2.004717 -0.080979
 797.000000 2.049879 -0.081873
 798.000000 2.069247 0.012214
 799.000000 1.996808 -0.079919
 800.000000 1.910635 -0.053781
 801.000000 2.047751 -0.084821
 802.000000 1.963555 -0.030990
 803.000000 1.997105 -0.038644
 804.000000 2.012044 -0.071676
 805.000000 2.055867 -0.053226
 806.000000 1.987380 -0.117999
 807.000000 1.972780 -0.109016
 808.000000 1.960084 -0.017553
 809.000000 1.940626 -0.075733
 810.000000 1.983459 -0.073138
 811.000000 2.036926 -0.141748
 812.000000 1.965151 -0.107185
 813.000000 2.048960 -0.072992
 814.000000 2.048385 -0.017199
 815.000000 2.005694 -0.134907
 816.000000 2.026348 -0.130264
 817.000000 2.058336 -0.064710
 818.000000 1.982554 -0.075353
 819.000000 1.998193 -0.106516
 820.000000 1.977362 -0.120091
 821.000000 2.057189 -0.139435
 822.000000 1.942321 -0.053771
 823.000000 2.058275 -0.047462
 824.000000 2.059981 -0.127046
 825.000000 2.014522 -0.014799
 826.000000 2.012696 -0.068698
 827.000000 1.873220 -0.076719
 828.000000 2.179549 -0.091268
 829.000000 1.940455 -0.151009
 830.000000 1.948157 -0.001047
 831.000000 2.057932 -0.088858
 832.000000 2.113770 -0.064092
 833.000000 2.015845 -0.198980
 834.000000 2.104820 -0.168732
 835.000000 2.102337 -0.057348
 836.000000 2.048565 -0.109328
 837.000000 2.069277 -0.041849
 838.000000 1.992870 -0.153180
 839.000000 2.032971 -0.221718
 840.000000 1.934030 -0.184449
 841.000000 1.992087 -0.047523
 842.000000 1.975219 -0.081712
 843.000000 1.965525 -0.025437
 844.000000 2.015165 -0.039491
 845.000000 2.016457 -0.032120
 846.000000 2.069076 -0.041996
 847.000000 2.005225 -0.042362
 848.000000 1.873018 -0.008774
 849.000000 1.986599 0.039950
 850.000000 1.969737 -0.094752
 851.000000 1.966553 -0.104298
 852.000000 1.829123 -0.062290
 853.000000 1.906670 -0.070726
 854.000000 1.927213 -0.069682
 855.000000 2.029725 -0.124173
 856.000000 1.977611 -0.219511
 857.000000 1.941029 -0.093936
 858.000000 2.069253 -0.100005
 859.000000 1.996442 -0.045369
 860.000000 1.967206 -0.076649
 861.000000 2.012617 -0.079961
 862.000000 2.007004 -0.184133
 863.000000 2.025932 -0.176773
 864.000000 1.906914 -0.119132
 865.000000 1.991664 -0.045622
 866.000000 1.977186 -0.049118
 867.000000 1.990349 -0.114951
 868.000000 2.043458 -0.102902
 869.000000 1.947271 -0.152328
 870.000000 1.986726 -0.112719
 871.000000 2.006184 -0.198074
 872.000000 2.020248 -0.207839
 873.000000 1.954554 -0.039599
 874.000000 2.014489 -0.091121
 875.000000 1.885577 -0.055485
 876.000000 1.958666 -0.110054
 877.000000 1.943644 -0.082119
 878.000000 1.993139 -0.107461
 879.000000 1.996296 -0.010170
 880.000000 1.914172 -0.105020
 881.000000 2.057111 -0.187373
 882.000000 2.030831 -0.066266
 883.000000 1.950827 -0.204744
 884.000000 2.027936 -0.087440
 885.000000 2.030292 -0.067742
 886.000000 1.935109 -0.199128
 887.000000 2.015245 -0.155058
 888.000000 2.047569 -0.051708
 889.000000 1.922764 -0.137171
 890.000000 1.991760 -0.128596
 891.000000 2.121800 -0.139308
 892.000000 2.057012 -0.144868
 893.000000 2.009507 -0.078049
 894.000000 2.039482 -0.123451
 895.000000 1.869010 -0.113317
 896.000000 1.931475 -0.116018
 897.000000 1.953232 -0.073396
 898.000000 2.000427 -0.136777
 899.000000 1.986466 -0.124652
 900.000000 1.966161 -0.120088
 901.000000 1.978741 -0.047648
 902.000000 1.968322 0.036099
 903.000000 2.044081 -0.140352
 904.000000 1.835980 -0.090569
 905.000000 2.029360 -0.080357
 906.000000 2.043360 -0.086992
 907.000000 2.001040 -0.062140
 908.000000 2.022743 -0.124417
 909.000000 1.898982 -0.014935
 910.000000 2.056168 -0.074546
 911.000000 1.959864 -0.088622
 912.000000 1.980578 -0.074947
 913.000000 1.949754 -0.073786
 914.000000 2.026902 -0.081025
 915.000000 2.103453 -0.096330
 916.000000 2.014905 -0.014026
 917.000000 2.065331 -0.063281
 918.000000 2.021485 -0.036416
 919.000000 1.987309 -0.168692
 920.000000 1.967874 -0.034089
 921.000000 1.968751 0.002184
 922.000000 1.973224 -0.040290
 923.000000 1.927448 -0.167201
 924.000000 1.976594 -0.007919
 925.000000 1.934420 -0.042850
 926.000000 2.009120 -0.107388
 927.000000 2.031101 -0.035625
 928.000000 1.980740 -0.065660
 929.000000 2.019756 -0.122687
 930.000000 2.099014 -0.117936
 931.000000 2.014897 -0.086581
 932.000000 1.962079 -0.144216
 933.000000 1.991855 -0.102842
 934.000000 1.890802 -0.142207
 935.000000 2.045615 -0.084328
 936.000000 2.079968 -0.118069
 937.000000 1.985509 -0.095316
 938.000000 1.942627 -0.047027
 939.000000 2.070710 -0.106935
 940.000000 2.042533 -0.160160
 941.000000 1.984918 -0.091420
 942.000000 2.067795 -0.112781
 943.000000 2.074068 -0.153338
 944.000000 1.962980 -0.174069
 945.000000 1.947321 -0.123262
 946.000000 1.918327 -0.106079
 947.000000 1.979920 -0.142173
 948.000000 1.988074 -0.117362
 949.000000 1.971121 -0.024746
 950.000000 2.050937 -0.058271
 951.000000 1.978379 -0.131776
 952.000000 2.015352 -0.171120
 953.000000 1.963666 -0.163133
 954.000000 1.981073 -0.158768
 955.000000 1.977943 -0.108323
 956.000000 1.989753 -0.157094
 957.000000 1.973377 -0.163363
 958.000000 1.977689 -0.011112
 959.000000 1.921540 -0.128395
 960.000000 1.978035 -0.125555
 961.000000 1.906721 -0.092914
 962.000000 2.014939 -0.112429
 963.000000 1.949316 -0.018356
 964.000000 2.085923 0.000934
 965.000000 2.015835 -0.074992
 966.000000 1.986887 -0.038363
 967.000000 2.058628 0.012394
 968.000000 1.967376 -0.136765
 969.000000 2.187635 -0.040432
 970.000000 1.986239 -0.050590
 971.000000 1.894746 -0.006689
 972.000000 1.892230 -0.024708
 973.000000 1.949574 -0.051628
 974.000000 2.050473 0.021666
 975.000000 1.905191 -0.031506
 976.000000 2.009846 -0.011408
 977.000000 1.936230 -0.173735
 978.000000 1.962720 -0.048180
 979.000000 1.944622 -0.124559
 980.000000 2.027781 -0.119898
 981.000000 1.994279 -0.049060
 982.000000 2.073037 0.001787
 983.000000 1.946084 -0.136717
 984.000000 2.003882 0.011510
 985.000000 1.912344 -0.074923
 986.000000 1.976893 -0.004680
 987.000000 1.947369 -0.071348
 988.000000 2.036622 -0.084093
 989.000000 1.992032 -0.114244
 990.000000 2.052749 -0.108240
 991.000000 2.057844 -0.114902
 992.000000 1.986991 -0.062187
 993.000000 2.130267 -0.003125
 994.000000 2.005379 -0.038998
 995.000000 2.022074 -0.067231
 996.000000 2.017911 -0.117915
 997.000000 2.135000 -0.056422
 998.000000 2.073255 -0.109845
 999.000000 1.985661 -0.165646
 1000.000000 2.104503 -0.119376
 1001.000000 1.989231 -0.104316
 1002.000000 2.020206 -0.071638
 1003.000000 1.909820 -0.149170
 1004.000000 1.926477 -0.015656
 1005.000000 1.964103 -0.125858
 1006.000000 2.012130 -0.034535
 1007.000000 2.049155 0.030399
 1008.000000 1.964176 -0.092953
 1009.000000 1.988902 -0.081180
 1010.000000 1.984240 -0.039802
 1011.000000 1.984654 -0.204690
 1012.000000 2.014293 -0.124400
 1013.000000 1.971239 -0.087010
 1014.000000 1.981256 -0.125954
 1015.000000 2.026293 -0.159065
 1016.000000 1.958939 -0.180102
 1017.000000 1.990104 -0.102413
 1018.000000 1.958492 -0.059548
 1019.000000 2.046136 -0.121899
 1020.000000 1.960476 -0.070449
 1021.000000 1.956965 -0.114703
 1022.000000 2.024453 -0.117206
 1023.000000 2.130843 -0.184926
 1024.000000 2.019195 -0.087950
 1025.000000 2.053862 -0.222913
 1026.000000 2.041639 -0.063101
 1027.000000 1.923179 -0.078967
 1028.000000 1.929808 -0.123111
 1029.000000 1.923419 -0.035210
 1030.000000 2.061010 -0.055984
 1031.000000 2.058415 -0.071145
 1032.000000 2.073347 -0.030433
 1033.000000 1.992589 -0.161404
 1034.000000 2.176136 -0.128749
 1035.000000 1.822734 -0.084248
 1036.000000 2.075254 -0.008989
 1037.000000 1.925714 -0.107187
 1038.000000 2.045866 -0.125616
 1039.000000 2.035164 -0.108339
 1040.000000 1.953058 -0.131048
 1041.000000 1.989612 -0.123454
 1042.000000 1.957786 -0.069442
 1043.000000 2.083667 -0.084843
 1044.000000 2.054945 -0.061414
 1045.000000 2.066583 -0.026385
 1046.000000 1.995865 -0.056350
 1047.000000 2.045789 -0.146943
 1048.000000 1.961670 -0.088965
 1049.000000 2.077869 -0.099883
 1050.000000 1.983227 -0.112049
 1051.000000 1.984053 -0.070295
 1052.000000 2.001293 -0.077920
 1053.000000 2.005887 -0.081209
 1054.000000 1.919198 -0.069288
 1055.000000 2.071354 -0.120865
 1056.000000 1.981884 -0.038736
 1057.000000 2.071586 -0.142120
 1058.000000 2.076807 -0.164217
 1059.000000 1.968800 -0.158741
 1060.000000 2.087264 -0.087706
 1061.000000 2.040503 0.012564
 1062.000000 1.997672 -0.070591
 1063.000000 2.124329 -0.185958
 1064.000000 2.076995 -0.058145
 1065.000000 2.019314 -0.127224
 1066.000000 1.949476 -0.080518
 1067.000000 2.047688 -0.188599
 1068.000000 2.027511 -0.162365
 1069.000000 2.021846 -0.115656
 1070.000000 1.984065 -0.038894
 1071.000000 1.920233 -0.051888
 1072.000000 1.923289 -0.057859
 1073.000000 2.071633 -0.143434
 1074.000000 2.025671 -0.025863
 1075.000000 2.015035 -0.169477
 1076.000000 2.125126 -0.021357
 1077.000000 2.081548 -0.147297
 1078.000000 2.140354 -0.125019
 1079.000000 1.936388 -0.149293
 1080.000000 2.035073 -0.111988
 1081.000000 1.925837 -0.257635
 1082.000000 1.967631 -0.078326
 1083.000000 1.918919 -0.175948
 1084.000000 1.971822 -0.097101
 1085.000000 1.946462 -0.097653
 1086.000000 1.997287 -0.119773
 1087.000000 2.026079 0.004588
 1088.000000 2.120214 -0.061722
 1089.000000 2.104188 -0.069082
 1090.000000 1.992300 -0.031920
 1091.000000 2.031411 -0.035300
 1092.000000 2.001346 -0.154925
 1093.000000 2.035757 -0.089534
 1094.000000 1.979982 -0.022149
 1095.000000 1.976976 -0.076428
 1096.000000 1.988762 -0.198288
 1097.000000 1.998184 -0.126487
 1098.000000 2.015935 -0.141623
 1099.000000 2.105363 -0.057048
 1100.000000 2.069378 -0.075645
 1101.000000 1.939358 -0.226965
 1102.000000 2.015702 -0.083258
 1103.000000 1.900822 -0.123041
 1104.000000 1.958158 -0.043325
 1105.000000 1.983062 -0.108622
 1106.000000 1.921505 -0.108957
 1107.000000 1.881020 -0.115042
 1108.000000 2.019787 -0.003891
 1109.000000 2.040432 0.095411
 1110.000000 1.990915 -0.054380
 1111.000000 1.974537 -0.021336
 1112.000000 2.011073 -0.058256
 1113.000000 2.071339 -0.101696
 1114.000000 2.047547 -0.040811
 1115.000000 1.990624 -0.072632
 1116.000000 2.034397 -0.108509
 1117.000000 1.987927 0.035995
 1118.000000 1.972350 -0.048084
 1119.000000 2.016829 -0.047453
 1120.000000 2.057527 0.007254
 1121.000000 2.073177 -0.082102
 1122.000000 1.924396 -0.022243
 1123.000000 1.954015 -0.050496
 1124.000000 2.065414 -0.127069
 1125.000000 1.955608 -0.061753
 1126.000000 2.034173 -0.078169
 1127.000000 1.989505 -0.028220
 1128.000000 1.963811 0.005745
 1129.000000 1.993281 -0.063176
 1130.000000 1.961707 -0.131031
 1131.000000 2.021258 0.038526
 1132.000000 2.013927 -0.042259
 1133.000000 2.012060 -0.044842
 1134.000000 2.066848 -0.065886
 1135.000000 1.949886 -0.083573
 1136.000000 1.948531 -0.059304
 1137.000000 2.007246 -0.136306
 1138.000000 2.008778 -0.106908
 1139.000000 1.949215 -0.074668
 1140.000000 2.046307 -0.008157
 1141.000000 2.004874 -0.075627
 1142.000000 2.021094 -0.096410
 1143.000000 1.991726 -0.061477
 1144.000000 1.916642 -0.057023
 1145.000000 2.156807 -0.096617
 1146.000000 2.063080 -0.087894
 1147.000000 1.944056 -0.027825
 1148.000000 1.964729 -0.059815
 1149.000000 1.978047 -0.070157
 1150.000000 1.986615 -0.138513
 1151.000000 2.005658 -0.124038
 1152.000000 2.091324 -0.122350
 1153.000000 1.903528 -0.103950
 1154.000000 1.921380 -0.084613
 1155.000000 1.916149 -0.102627
 1156.000000 1.940245 -0.098301
 1157.000000 1.918781 -0.134393
 1158.000000 1.972053 -0.121805
 1159.000000 1.973296 -0.034827
 1160.000000 1.936432 -0.104990
 1161.000000 1.948689 -0.042846
 1162.000000 2.011210 -0.048559
 1163.000000 1.950989 -0.057535
 1164.000000 2.110331 -0.037985
 1165.000000 1.908711 -0.103510
 1166.000000 1.971854 -0.080346
 1167.000000 1.974360 -0.003706
 1168.000000 1.941929 -0.065657
 1169.000000 2.034434 -0.060994
 1170.000000 1.967448 -0.089307
 1171.000000 2.040639 -0.042882
 1172.000000 2.033006 -0.121054
 1173.000000 2.040914 -0.066462
 1174.000000 1.981520 -0.121587
 1175.000000 2.056173 0.037804
 1176.000000 2.051601 -0.108851
 1177.000000 1.931451 -0.045193
 1178.000000 2.007422 -0.068310
 1179.000000 2.044287 0.004527
 1180.000000 1.892906 -0.075523
 1181.000000 2.021503 -0.031195
 1182.000000 2.068226 -0.005803
 1183.000000 1.976872 -0.068076
 1184.000000 1.975819 -0.072567
 1185.000000 2.037697 -0.166015
 1186.000000 2.050993 -0.140289
 1187.000000 2.050084 -0.007656
 1188.000000 2.056593 -0.223661
 1189.000000 1.980117 -0.126640
 1190.000000 2.068100 -0.071255
 1191.000000 2.041459 -0.101101
 1192.000000 2.016648 -0.112363
 1193.000000 1.913039 -0.068132
 1194.000000 2.018136 -0.114039
 1195.000000 2.032404 -0.110653
 1196.000000 2.095111 -0.056111
 1197.000000 2.071762 -0.139637
 1198.000000 1.999883 -0.070016
 1199.000000 2.041304 -0.123008
 1200.000000 1.902851 -0.118131
 1201.000000 2.026475 -0.066945
 1202.000000 1.961354 -0.044843
 1203.000000 1.972048 -0.072816
 1204.000000 2.040889 0.060058
 1205.000000 2.046508 -0.032712
 1206.000000 2.042305 -0.053307
 1207.000000 2.007319 -0.066713
 1208.000000 2.007177 -0.016701
 1209.000000 1.995258 -0.063143
 1210.000000 1.981421 -0.063301
 1211.000000 1.982049 -0.078036
 1212.000000 1.969150 -0.070638
 1213.000000 1.947820 -0.059841
 1214.000000 2.041069 -0.001856
 1215.000000 2.000742 -0.200494
 1216.000000 2.056976 -0.003752
 1217.000000 2.046255 -0.102356
 1218.000000 2.045400 -0.036672
 1219.000000 1.985394 -0.060877
 1220.000000 2.032199 -0.073508
 1221.000000 1.963071 0.033501
 1222.000000 2.048680 -0.038035
 1223.000000 2.093975 -0.049171
 1224.000000 1.960681 -0.080312
 1225.000000 1.978353 -0.110623
 1226.000000 2.050388 -0.108538
 1227.000000 1.926378 -0.146055
 1228.000000 1.965937 -0.046955
 1229.000000 1.962054 -0.082558
 1230.000000 2.016945 0.035839
 1231.000000 1.967198 -0.083047
 1232.000000 2.002148 0.016841
 1233.000000 1.957450 -0.110316
 1234.000000 1.971367 -0.004933
 1235.000000 2.047845 -0.049882
 1236.000000 1.933093 -0.089827
 1237.000000 1.923056 -0.139583
 1238.000000 1.997123 -0.141390
 1239.000000 1.963854 -0.046916
 1240.000000 1.999173 -0.083000
 1241.000000 1.969913 -0.062565
 1242.000000 1.928967 -0.052534
 1243.000000 2.002064 -0.098349
 1244.000000 1.965127 -0.093981
 1245.000000 1.978957 -0.044350
 1246.000000 1.936494 -0.038308
 1247.000000 1.964487 -0.128993
 1248.000000 2.013434 -0.058524
 1249.000000 2.006606 -0.025210
 1250.000000 1.991010 -0.033440
 1251.000000 1.973486 -0.068095
 1252.000000 1.972939 -0.115899
 1253.000000 1.915454 -0.084343
 1254.000000 2.001361 -0.140979
 1255.000000 1.948905 -0.062785
 1256.000000 1.938618 -0.053968
 1257.000000 2.041535 -0.088107
 1258.000000 1.976060 -0.145992
 1259.000000 1.987672 -0.121886
 1260.000000 1.937189 -0.186608
 1261.000000 2.067678 -0.053909
 1262.000000 2.117253 -0.075446
 1263.000000 2.010698 -0.082802
 1264.000000 2.042821 -0.113885
 1265.000000 2.038873 -0.071148
 1266.000000 1.960516 -0.137530
 1267.000000 1.858688 -0.181525
 1268.000000 2.056984 -0.066690
 1269.000000 1.889147 -0.114228
 1270.000000 2.010072 -0.032826
 1271.000000 1.940218 -0.074988
 1272.000000 1.954753 -0.169770
 1273.000000 1.979386 -0.203642
 1274.000000 1.971710 -0.111360
 1275.000000 2.051162 -0.157492
 1276.000000 1.993592 -0.144846
 1277.000000 1.952974 -0.095825
 1278.000000 2.068967 -0.118750
 1279.000000 2.023083 -0.249626
 1280.000000 2.062574 -0.130934
 1281.000000 1.972450 -0.176770
 1282.000000 2.039785 -0.144059
 1283.000000 1.928209 -0.053915
 1284.000000 2.034468 -0.046184
 1285.000000 2.070304 -0.068930
 1286.000000 1.949865 -0.087279
 1287.000000 1.961813 -0.065580
 1288.000000 1.978294 -0.103464
 1289.000000 1.970484 -0.122346
 1290.000000 1.946570 -0.087068
 1291.000000 2.071631 -0.121391
 1292.000000 1.941722 -0.106488
 1293.000000 1.979667 -0.126189
 1294.000000 2.094459 -0.170965
 1295.000000 1.878978 -0.118159
 1296.000000 1.989547 -0.130184
 1297.000000 2.017835 -0.043254
 1298.000000 1.975414 -0.051671
 1299.000000 2.046869 -0.103377
 1300.000000 2.046772 -0.104890
 1301.000000 2.033824 -0.131131
 1302.000000 2.042261 -0.067942
 1303.000000 1.912247 -0.096101
 1304.000000 2.002498 -0.091473
 1305.000000 1.989176 -0.001805
 1306.000000 1.937249 -0.211779
 1307.000000 2.114486 -0.090780
 1308.000000 2.166814 -0.125870
 1309.000000 2.020016 -0.188837
 1310.000000 2.039770 -0.079301
 1311.000000 1.983070 -0.131272
 1312.000000 1.926067 -0.095656
 1313.000000 2.075865 -0.066451
 1314.000000 2.053948 -0.103133
 1315.000000 1.948879 -0.031803
 1316.000000 2.044568 -0.153146
 1317.000000 2.084501 -0.141038
 1318.000000 2.022347 -0.121593
 1319.000000 2.101043 -0.116196
 1320.000000 2.032407 -0.177527
 1321.000000 1.952009 -0.166371
 1322.000000 2.052361 -0.230694
 1323.000000 2.036866 -0.068651
 1324.000000 2.077341 -0.074803
 1325.000000 1.988160 -0.236165
 1326.000000 1.962674 -0.204991
 1327.000000 2.063393 -0.100985
 1328.000000 2.029726 -0.013926
 1329.000000 1.975440 -0.074538
 1330.000000 2.064670 -0.105565
 1331.000000 2.055526 -0.125498
 1332.000000 1.959959 -0.066463
 1333.000000 2.014277 -0.141831
 1334.000000 2.046939 -0.087933
 1335.000000 2.135626 -0.186462
 1336.000000 2.040007 -0.063293
 1337.000000 1.997139 -0.019616
 1338.000000 1.945367 -0.074995
 1339.000000 2.056009 0.019087
 1340.000000 2.056664 -0.089713
 1341.000000 2.145518 -0.092391
 1342.000000 2.034806 -0.033394
 1343.000000 2.060766 -0.063646
 1344.000000 1.984977 -0.092190
 1345.000000 2.004836 -0.086212
 1346.000000 2.017394 -0.062441
 1347.000000 2.023045 0.026503
 1348.000000 2.031639 -0.026198
 1349.000000 2.100307 -0.028412
 1350.000000 1.962060 -0.087234
 1351.000000 2.009121 -0.071806
 1352.000000 2.006646 -0.078454
 1353.000000 1.979770 -0.009559
 1354.000000 2.027075 -0.085758
 1355.000000 2.006362 -0.077822
 1356.000000 1.988029 -0.084313
 1357.000000 2.072717 -0.112193
 1358.000000 2.009254 -0.093902
 1359.000000 1.967267 -0.101111
 1360.000000 2.085874 -0.146330
 1361.000000 1.998616 -0.144426
 1362.000000 2.052203 -0.055041
 1363.000000 2.011092 -0.022826
 1364.000000 2.079563 -0.094672
 1365.000000 1.969737 -0.047845
 1366.000000 1.966088 -0.002517
 1367.000000 2.022499 -0.026743
 1368.000000 2.052492 -0.044982
 1369.000000 1.973418 -0.144608
 1370.000000 2.054467 -0.111223
 1371.000000 1.965876 -0.049835
 1372.000000 1.998858 -0.090245
 1373.000000 2.171754 -0.060637
 1374.000000 2.001375 -0.045747
 1375.000000 2.084275 -0.005940
 1376.000000 2.010874 -0.008089
 1377.000000 2.012355 -0.189375
 1378.000000 1.971433 0.038884
 1379.000000 1.991324 -0.026195
 1380.000000 1.963372 -0.079245
 1381.000000 1.988210 -0.069388
 1382.000000 2.020744 -0.104183
 1383.000000 2.142047 -0.035255
 1384.000000 2.007279 -0.072701
 1385.000000 2.076754 -0.050903
 1386.000000 2.048840 0.020470
 1387.000000 2.016920 -0.117400
 1388.000000 2.072593 -0.086049
 1389.000000 2.035262 -0.172919
 1390.000000 1.985933 -0.191647
 1391.000000 1.955085 -0.096801
 1392.000000 1.918858 -0.052318
 1393.000000 2.030671 -0.126113
 1394.000000 2.066969 -0.113247
 1395.000000 1.974866 -0.014504
 1396.000000 2.026352 -0.080604
 1397.000000 1.974640 -0.059258
 1398.000000 2.081104 -0.137391
 1399.000000 2.111767 -0.112031
 1400.000000 1.927822 -0.078834
 1401.000000 2.064805 -0.089979
 1402.000000 2.014586 -0.164371
 1403.000000 2.049521 -0.153429
 1404.000000 1.989878 -0.101137
 1405.000000 2.013326 -0.076356
 1406.000000 1.980464 -0.159856
 1407.000000 1.931270 0.032466
 1408.000000 2.025650 0.019079
 1409.000000 1.994663 -0.116417
 1410.000000 1.994845 -0.015605
 1411.000000 1.938806 -0.124756
 1412.000000 2.039738 -0.202063
 1413.000000 2.054537 -0.106673
 1414.000000 2.029397 -0.050480
 1415.000000 2.092813 -0.066825
 1416.000000 1.966754 -0.049266
 1417.000000 2.025631 -0.122228
 1418.000000 1.944675 -0.075030
 1419.000000 1.989277 -0.058929
 1420.000000 1.983681 -0.101931
 1421.000000 1.926277 -0.064999
 1422.000000 2.075696 -0.129685
 1423.000000 2.000123 -0.138113
 1424.000000 2.055219 -0.153164
 1425.000000 1.966455 -0.066193
 1426.000000 1.969373 -0.059884
 1427.000000 2.072267 -0.105722
 1428.000000 2.064457 -0.052115
 1429.000000 2.034160 -0.181119
 1430.000000 2.031129 -0.111158
 1431.000000 2.050659 -0.068108
 1432.000000 2.125465 -0.144230
 1433.000000 2.007792 -0.017468
 1434.000000 2.113216 -0.026641
 1435.000000 1.973771 0.004576
 1436.000000 2.022963 0.048261
 1437.000000 1.995175 -0.136473
 1438.000000 1.972561 -0.074537
 1439.000000 1.946637 -0.041756
 1440.000000 2.060277 -0.087538
 1441.000000 1.982451 -0.042750
 1442.000000 2.017034 -0.080463
 1443.000000 2.028581 -0.099539
 1444.000000 1.980730 -0.067095
 1445.000000 2.107475 -0.127631
 1446.000000 1.996777 -0.052144
 1447.000000 2.029854 -0.123524
 1448.000000 2.062460 -0.015956
 1449.000000 2.028752 -0.063207
 1450.000000 2.007400 -0.111165
 1451.000000 2.051853 -0.041589
 1452.000000 2.066476 -0.056718
 1453.000000 2.047678 -0.041413
 1454.000000 2.040627 0.015612
 1455.000000 2.036988 -0.138872
 1456.000000 1.978118 -0.097976
 1457.000000 1.993742 -0.091110
 1458.000000 1.932330 -0.063562
 1459.000000 2.123148 -0.081667
 1460.000000 2.006064 -0.060617
 1461.000000 2.009691 -0.061897
 1462.000000 1.964079 -0.089356
 1463.000000 2.050119 -0.080197
 1464.000000 2.065676 -0.113100
 1465.000000 1.990941 -0.058992
 1466.000000 2.039838 -0.059024
 1467.000000 2.085554 -0.169729
 1468.000000 2.018917 -0.102034
 1469.000000 2.029588 -0.095350
 1470.000000 2.013493 -0.045890
 1471.000000 2.051810 -0.062951
 1472.000000 1.944649 -0.003223
 1473.000000 1.962781 -0.106538
 1474.000000 2.020151 -0.140162
 1475.000000 1.938720 -0.041641
 1476.000000 2.028547 -0.026869
 1477.000000 2.039930 -0.045682
 1478.000000 1.940207 -0.002494
 1479.000000 1.940201 -0.020166
 1480.000000 2.025031 -0.029379
 1481.000000 2.068626 -0.048735
 1482.000000 2.133934 -0.102046
 1483.000000 2.042765 -0.031446
 1484.000000 2.123009 -0.074025
 1485.000000 2.054134 -0.120614
 1486.000000 2.064236 0.000844
 1487.000000 1.992014 -0.045933
 1488.000000 2.029806 -0.008805
 1489.000000 2.115269 -0.037347
 1490.000000 2.006916 0.003704
 1491.000000 1.989647 -0.079103
 1492.000000 2.016582 -0.142852
 1493.000000 2.116792 -0.067595
 1494.000000 2.061592 -0.076989
 1495.000000 2.002424 -0.050516
 1496.000000 2.042486 -0.028095
 1497.000000 2.005004 -0.054920
 1498.000000 2.051184 -0.053161
 1499.000000 2.000522 -0.063002
 1500.000000 2.048820 -0.034521
 1501.000000 2.056028 -0.032065
 1502.000000 2.058875 -0.097390
 1503.000000 2.086989 0.005640
 1504.000000 2.034662 -0.043240
 1505.000000 2.075141 -0.076495
 1506.000000 2.097210 -0.075816
 1507.000000 2.170404 -0.035169
 1508.000000 2.078662 -0.116476
 1509.000000 2.007499 -0.020161
 1510.000000 2.001679 -0.019457
 1511.000000 2.063849 -0.121825
 1512.000000 2.079674 -0.120521
 1513.000000 2.048446 -0.115498
 1514.000000 1.991681 -0.113503
 1515.000000 2.120064 -0.077856
 1516.000000 2.067375 -0.082006
 1517.000000 2.001202 -0.096611
 1518.000000 2.060175 -0.115615
 1519.000000 2.043057 -0.097988
 1520.000000 2.038822 -0.089016
 1521.000000 1.987476 0.017587
 1522.000000 2.017062 -0.063394
 1523.000000 1.995713 -0.088560
 1524.000000 2.092802 -0.141659
 1525.000000 2.097166 -0.157850
 1526.000000 2.059032 -0.149766
 1527.000000 2.032001 -0.118920
 1528.000000 1.934096 -0.002170
 1529.000000 2.135608 -0.136881
 1530.000000 2.054900 -0.119686
 1531.000000 2.106050 -0.088888
 1532.000000 2.000868 -0.125196
 1533.000000 2.052099 -0.058179
 1534.000000 2.055853 -0.036613
 1535.000000 2.045899 -0.063165
 1536.000000 2.007605 -0.126441
 1537.000000 2.034958 -0.124206
 1538.000000 2.024070 0.004643
 1539.000000 2.052419 -0.142236
 1540.000000 1.916135 -0.134313
 1541.000000 1.953243 -0.084740
 1542.000000 2.007386 -0.171501
 1543.000000 1.957167 -0.067247
 1544.000000 2.013874 -0.036235
 1545.000000 2.015329 0.005306
 1546.000000 2.026524 -0.135485
 1547.000000 2.133718 -0.164321
 1548.000000 2.029545 -0.196930
 1549.000000 2.027938 -0.165945
 1550.000000 2.094191 -0.199872
 1551.000000 2.057860 0.002642
 1552.000000 2.067878 -0.093331
 1553.000000 1.901762 -0.165406
 1554.000000 1.976416 -0.149433
 1555.000000 1.935762 0.077431
 1556.000000 2.032943 -0.125361
 1557.000000 2.060735 -0.031911
 1558.000000 2.009357 -0.212538
 1559.000000 2.046957 -0.139836
 1560.000000 1.920897 -0.111925
 1561.000000 2.059541 -0.140832
 1562.000000 2.003724 -0.090084
 1563.000000 1.997024 -0.136435
 1564.000000 2.067987 -0.164754
 1565.000000 2.091481 -0.157879
 1566.000000 2.009418 -0.270406
 1567.000000 2.058489 -0.139269
 1568.000000 1.999712 -0.218362
 1569.000000 2.005575 -0.038474
 1570.000000 1.993816 -0.080516
 1571.000000 1.934721 -0.130358
 1572.000000 1.880284 -0.028463
 1573.000000 1.985235 -0.010607
 1574.000000 1.938002 -0.028707
 1575.000000 1.973698 -0.098647
 1576.000000 2.078321 -0.093283
 1577.000000 2.045410 -0.047082
 1578.000000 1.962587 -0.134665
 1579.000000 2.014386 -0.061387
 1580.000000 2.041663 -0.078784
 1581.000000 1.953319 -0.154050
 1582.000000 2.002125 -0.094051
 1583.000000 2.063877 -0.067348
 1584.000000 1.969458 -0.069657
 1585.000000 1.976697 -0.072664
 1586.000000 1.992371 -0.051708
 1587.000000 1.945460 -0.080638
 1588.000000 1.992475 -0.178522
 1589.000000 1.903933 -0.118250
 1590.000000 1.973904 -0.137963
 1591.000000 2.082142 0.026361
 1592.000000 2.043771 -0.032904
 1593.000000 1.952149 -0.132404
 1594.000000 2.015583 -0.064924
 1595.000000 2.016191 -0.100502
 1596.000000 2.071583 -0.139929
 1597.000000 2.028773 -0.183714
 1598.000000 1.962258 -0.062003
 1599.000000 2.060086 -0.102324
 1600.000000 2.051941 -0.131544
 1601.000000 1.982391 -0.111870
 1602.000000 2.061611 -0.004987
 1603.000000 1.962011 -0.094520
 1604.000000 2.065427 -0.079141
 1605.000000 2.127580 -0.059497
 1606.000000 2.123727 -0.033178
 1607.000000 2.041589 -0.151757
 1608.000000 2.061165 -0.056088
 1609.000000 1.968876 -0.082433
 1610.000000 2.017057 -0.094848
 1611.000000 2.061337 -0.055595
 1612.000000 1.984724 -0.052169
 1613.000000 1.991092 -0.057810
 1614.000000 1.967809 -0.018076
 1615.000000 2.037055 -0.068576
 1616.000000 2.035962 -0.144144
 1617.000000 2.005276 -0.253220
 1618.000000 2.025060 -0.143129
 1619.000000 1.947382 -0.083230
 1620.000000 2.067271 -0.196985
 1621.000000 2.065625 -0.208935
 1622.000000 2.105466 -0.069840
 1623.000000 2.027396 -0.067554
 1624.000000 1.963264 -0.046112
 1625.000000 2.082721 0.048955
 1626.000000 1.969704 -0.086490
 1627.000000 2.032689 -0.126779
 1628.000000 2.011397 -0.049597
 1629.000000 1.995270 -0.062188
 1630.000000 2.059528 -0.184276
 1631.000000 2.074057 -0.187482
 1632.000000 2.039304 -0.098790
 1633.000000 2.027065 -0.151559
 1634.000000 2.038792 -0.162935
 1635.000000 1.998726 -0.145456
 1636.000000 1.982886 0.026150
 1637.000000 2.110426 -0.158767
 1638.000000 2.090174 -0.109849
 1639.000000 2.095911 -0.144147
 1640.000000 2.057778 -0.138092
 1641.000000 2.057255 -0.026689
 1642.000000 2.051210 -0.152999
 1643.000000 1.990709 -0.115829
 1644.000000 2.083371 -0.098969
 1645.000000 2.070225 -0.126066
 1646.000000 2.056130 -0.055122
 1647.000000 2.051433 -0.034432
 1648.000000 2.036276 -0.080690
 1649.000000 2.063867 -0.123233
 1650.000000 1.962925 -0.161619
 1651.000000 2.033429 -0.156471
 1652.000000 2.068585 -0.107555
 1653.000000 2.097247 -0.044661
 1654.000000 1.957082 -0.139896
 1655.000000 1.976317 -0.082880
 1656.000000 1.987109 -0.102941
 1657.000000 2.055093 -0.072784
 1658.000000 2.128776 -0.038687
 1659.000000 1.951684 -0.077970
 1660.000000 2.019099 -0.060567
 1661.000000 1.937174 -0.072743
 1662.000000 1.977756 -0.013281
 1663.000000 2.029947 -0.084905
 1664.000000 1.984208 -0.164921
 1665.000000 2.003695 -0.079997
 1666.000000 1.996262 -0.023994
 1667.000000 2.117768 -0.086407
 1668.000000 2.083784 -0.075874
 1669.000000 2.099407 -0.070132
 1670.000000 2.035070 -0.111953
 1671.000000 2.103999 -0.058404
 1672.000000 2.078643 -0.139859
 1673.000000 1.920005 -0.133829
 1674.000000 2.046734 -0.195881
 1675.000000 2.020616 -0.160835
 1676.000000 1.985329 -0.128037
 1677.000000 1.994754 -0.108102
 1678.000000 2.045506 -0.153536
 1679.000000 2.059022 -0.107041
 1680.000000 1.947314 0.009238
 1681.000000 2.039353 -0.093252
 1682.000000 2.024278 -0.096822
 1683.000000 2.069844 -0.018613
 1684.000000 2.035244 -0.001854
 1685.000000 1.938863 -0.052578
 1686.000000 2.080301 -0.067443
 1687.000000 2.008257 -0.112416
 1688.000000 1.970107 -0.119721
 1689.000000 2.002125 -0.092489
 1690.000000 2.002166 -0.172131
 1691.000000 1.930468 -0.079410
 1692.000000 1.924101 -0.066478
 1693.000000 1.968310 -0.150838
 1694.000000 2.017967 -0.096076
 1695.000000 1.925941 -0.190559
 1696.000000 2.052195 -0.036705
 1697.000000 1.934757 -0.120920
 1698.000000 2.028545 -0.194518
 1699.000000 1.936430 -0.081376
 1700.000000 1.897821 -0.191259
 1701.000000 2.012680 -0.156391
 1702.000000 2.029179 -0.065230
 1703.000000 2.021190 -0.125560
 1704.000000 1.917224 -0.163356
 1705.000000 1.973730 -0.161444
 1706.000000 1.920561 -0.156685
 1707.000000 1.931693 -0.229847
 1708.000000 1.934532 -0.100138
 1709.000000 1.955165 -0.105288
 1710.000000 2.024791 -0.115607
 1711.000000 1.988219 -0.177402
 1712.000000 1.989636 -0.067801
 1713.000000 1.903264 -0.057709
 1714.000000 2.048907 -0.272600
 1715.000000 1.922803 -0.035560
 1716.000000 1.970162 0.000918
 1717.000000 1.951842 -0.060919
 1718.000000 1.992669 -0.126266
 1719.000000 2.035126 -0.130676
 1720.000000 1.970228 -0.152404
 1721.000000 2.035967 -0.070263
 1722.000000 2.063872 -0.050309
 1723.000000 1.915665 -0.006502
 1724.000000 2.062217 -0.087783
 1725.000000 1.944388 -0.113341
 1726.000000 2.016513 -0.062441
 1727.000000 2.060522 -0.047547
 1728.000000 2.057898 -0.077047
 1729.000000 2.058805 -0.058961
 1730.000000 2.044223 -0.006023
 1731.000000 1.951910 -0.014647
 1732.000000 2.002658 -0.047606
 1733.000000 1.916136 -0.051322
 1734.000000 1.987891 -0.099087
 1735.000000 1.980747 -0.103095
 1736.000000 2.012447 -0.098489
 1737.000000 2.025169 -0.059530
 1738.000000 2.054683 -0.190680
 1739.000000 2.066364 -0.066979
 1740.000000 1.988947 -0.112843
 1741.000000 2.027479 -0.134081
 1742.000000 1.971141 -0.126246
 1743.000000 2.069906 -0.024157
 1744.000000 2.044379 -0.032392
 1745.000000 2.059469 -0.051265
 1746.000000 1.985926 -0.047318
 1747.000000 2.118149 -0.091823
 1748.000000 1.906346 -0.104250
 1749.000000 1.961002 -0.104722
 1750.000000 2.047820 -0.139740
 1751.000000 1.943580 -0.089898
 1752.000000 1.958714 -0.085226
 1753.000000 1.985528 -0.211425
 1754.000000 2.052220 -0.147807
 1755.000000 2.042846 -0.165254
 1756.000000 1.992042 -0.196857
 1757.000000 2.071535 -0.130568
 1758.000000 1.995096 -0.234170
 1759.000000 2.066177 -0.128638
 1760.000000 2.033176 -0.188131
 1761.000000 1.990783 -0.140390
 1762.000000 2.034527 -0.120914
 1763.000000 1.934458 -0.154027
 1764.000000 2.099882 -0.100458
 1765.000000 1.937656 -0.137564
 1766.000000 1.993574 -0.134199
 1767.000000 2.052986 -0.135803
 1768.000000 2.024325 -0.242395
 1769.000000 1.960272 -0.163159
 1770.000000 2.059143 -0.090959
 1771.000000 1.951871 -0.201046
 1772.000000 1.969505 -0.174036
 1773.000000 1.960125 -0.231731
 1774.000000 1.878806 -0.222848
 1775.000000 2.042537 -0.155067
 1776.000000 2.114121 -0.139849
 1777.000000 1.937426 -0.194569
 1778.000000 2.078298 -0.213801
 1779.000000 2.070921 -0.154623
 1780.000000 2.022486 -0.046893
 1781.000000 1.879993 -0.078173
 1782.000000 2.067272 -0.128319
 1783.000000 1.925777 -0.087305
 1784.000000 1.983087 -0.066380
 1785.000000 2.078637 -0.111249
 1786.000000 1.996724 0.000480
 1787.000000 1.944249 -0.055887
 1788.000000 2.077334 -0.096784
 1789.000000 2.011060 -0.115419
 1790.000000 2.057645 -0.161691
 1791.000000 2.038366 -0.091147
 1792.000000 1.965902 -0.070598
 1793.000000 1.910540 -0.065969
 1794.000000 2.017472 -0.156247
 1795.000000 1.975019 -0.126162
 1796.000000 1.949389 -0.109658
 1797.000000 1.994878 -0.050671
 1798.000000 1.977544 -0.192017
 1799.000000 1.986167 -0.132488
 1800.000000 2.016617 -0.114381
 1801.000000 1.937607 -0.131372
 1802.000000 2.159290 -0.094159
 1803.000000 2.049499 -0.186867
 1804.000000 2.007328 -0.100739
 1805.000000 2.103045 -0.213352
 1806.000000 1.973238 -0.194903
 1807.000000 2.001823 -0.081238
 1808.000000 2.028430 -0.052723
 1809.000000 2.066016 -0.057783
 1810.000000 1.982595 -0.116724
 1811.000000 2.011726 -0.134397
 1812.000000 2.000110 -0.021024
 1813.000000 2.042404 -0.072250
 1814.000000 2.019314 -0.160352
 1815.000000 2.055616 -0.120989
 1816.000000 2.069900 -0.099060
 1817.000000 1.946336 -0.111445
 1818.000000 2.100267 -0.133005
 1819.000000 1.931675 -0.105229
 1820.000000 2.002129 -0.115652
 1821.000000 2.020593 -0.169961
 1822.000000 2.037866 -0.144646
 1823.000000 2.046139 -0.108661
 1824.000000 1.862370 -0.095218
 1825.000000 2.040070 -0.139722
 1826.000000 1.952482 -0.081363
 1827.000000 2.115399 -0.090779
 1828.000000 1.943502 -0.104331
 1829.000000 1.947825 -0.102085
 1830.000000 1.959002 -0.127746
 1831.000000 1.966506 -0.206859
 1832.000000 1.962014 -0.101268
 1833.000000 1.903095 -0.084156
 1834.000000 1.985584 -0.123108
 1835.000000 1.976168 -0.132573
 1836.000000 2.039006 -0.110328
 1837.000000 2.022079 -0.121066
 1838.000000 1.965612 -0.096287
 1839.000000 2.027934 -0.147437
 1840.000000 1.988761 -0.081575
 1841.000000 1.922199 -0.056441
 1842.000000 2.005267 -0.146973
 1843.000000 1.935219 -0.076835
 1844.000000 2.013087 -0.177895
 1845.000000 1.990687 -0.105905
 1846.000000 1.964491 -0.031544
 1847.000000 2.076760 -0.013195
 1848.000000 2.092220 -0.042172
 1849.000000 2.059441 -0.090846
 1850.000000 2.044841 -0.094930
 1851.000000 1.996308 -0.183151
 1852.000000 1.977203 -0.044622
 1853.000000 2.015856 -0.070169
 1854.000000 2.027883 -0.102573
 1855.000000 2.013449 -0.087814
 1856.000000 2.023953 -0.116952
 1857.000000 1.982015 -0.097634
 1858.000000 2.140923 -0.163395
 1859.000000 2.003454 -0.074163
 1860.000000 2.101510 -0.087148
 1861.000000 1.966679 -0.156420
 1862.000000 2.056538 -0.192858
 1863.000000 2.090851 -0.177480
 1864.000000 2.020497 -0.129451
 1865.000000 1.922880 -0.120373
 1866.000000 2.096420 -0.151054
 1867.000000 2.042699 -0.091313
 1868.000000 1.914654 -0.076301
 1869.000000 2.053539 -0.127990
 1870.000000 1.904596 -0.088473
 1871.000000 1.918943 -0.107384
 1872.000000 1.917371 -0.044218
 1873.000000 2.048919 -0.169227
 1874.000000 1.908489 -0.086966
 1875.000000 1.935368 -0.096165
 1876.000000 2.040630 -0.172277
 1877.000000 1.900734 -0.163753
 1878.000000 1.901741 -0.170545
 1879.000000 1.952163 -0.095989
 1880.000000 2.060385 -0.155517
 1881.000000 2.019109 -0.188844
 1882.000000 1.977054 -0.108532
 1883.000000 1.936807 -0.128259
 1884.000000 2.099357 -0.140267
 1885.000000 1.995255 -0.152285
 1886.000000 2.036222 -0.121391
 1887.000000 1.929361 -0.095182
 1888.000000 1.988229 -0.133449
 1889.000000 2.003642 -0.081644
 1890.000000 1.929071 -0.110985
 1891.000000 1.881984 -0.042635
 1892.000000 2.001228 -0.110848
 1893.000000 2.103064 -0.100363
 1894.000000 1.971103 -0.117441
 1895.000000 1.949341 -0.180889
 1896.000000 1.999562 -0.155469
 1897.000000 2.062414 -0.148571
 1898.000000 2.090888 -0.163876
 1899.000000 1.972991 -0.092656
 1900.000000 2.001459 -0.036702
 1901.000000 2.017946 -0.142303
 1902.000000 2.031545 -0.138066
 1903.000000 2.070697 -0.123470
 1904.000000 2.146242 -0.150793
 1905.000000 2.037535 -0.098248
 1906.000000 2.033834 -0.006093
 1907.000000 2.019890 -0.160141
 1908.000000 1.906334 -0.155962
 1909.000000 2.037105 -0.103252
 1910.000000 2.048156 -0.233053
 1911.000000 2.046879 -0.093974
 1912.000000 2.024405 -0.131310
 1913.000000 1.981433 -0.167883
 1914.000000 1.985014 -0.138489
 1915.000000 1.985312 -0.140113
 1916.000000 1.950497 -0.188877
 1917.000000 1.981840 -0.100454
 1918.000000 2.015171 -0.071891
 1919.000000 1.996057 -0.104902
 1920.000000 1.961388 -0.119460
 1921.000000 2.072873 -0.182090
 1922.000000 2.002590 -0.096575
 1923.000000 1.956947 -0.148850
 1924.000000 2.007505 -0.107932
 1925.000000 1.947350 -0.066193
 1926.000000 2.045768 -0.129424
 1927.000000 2.005180 -0.043239
 1928.000000 2.004640 -0.260509
 1929.000000 2.016402 -0.085607
 1930.000000 2.057733 -0.144651
 1931.000000 1.977766 -0.148753
 1932.000000 1.987418 -0.172377
 1933.000000 2.077620 -0.117166
 1934.000000 2.099286 -0.172690
 1935.000000 2.077852 -0.180408
 1936.000000 1.910489 -0.117529
 1937.000000 2.003790 -0.099831
 1938.000000 2.072433 -0.144112
 1939.000000 2.029603 -0.166563
 1940.000000 2.014482 -0.187282
 1941.000000 2.040348 -0.096297
 1942.000000 2.010700 -0.190963
 1943.000000 1.939500 -0.211869
 1944.000000 2.194274 -0.138691
 1945.000000 2.123680 -0.152627
 1946.000000 2.019433 -0.079668
 1947.000000 2.069831 -0.036014
 1948.000000 1.932320 -0.094986
 1949.000000 1.940730 -0.083031
 1950.000000 2.069946 -0.094745
 1951.000000 2.016414 -0.032282
 1952.000000 1.935531 -0.201708
 1953.000000 1.985236 -0.098313
 1954.000000 2.121889 -0.105873
 1955.000000 2.055792 -0.112927
 1956.000000 1.923923 -0.097118
 1957.000000 1.994505 -0.111939
 1958.000000 1.989343 -0.152640
 1959.000000 1.977694 -0.163199
 1960.000000 1.987738 -0.034110
 1961.000000 2.046966 -0.063490
 1962.000000 2.105411 -0.046883
 1963.000000 2.032345 -0.017755
 1964.000000 2.032134 -0.112036
 1965.000000 2.024917 -0.062807
 1966.000000 1.983574 -0.156362
 1967.000000 1.973435 -0.065012
 1968.000000 1.933014 -0.109925
 1969.000000 2.142765 -0.137813
 1970.000000 1.946213 -0.171829
 1971.000000 2.022506 -0.169345
 1972.000000 2.000163 -0.153682
 1973.000000 1.996660 -0.162064
 1974.000000 2.116558 -0.230099
 1975.000000 2.061594 -0.105608
 1976.000000 2.072288 -0.086747
 1977.000000 1.897135 -0.095248
 1978.000000 2.024204 -0.113219
 1979.000000 2.107695 -0.181944
 1980.000000 1.989450 -0.150043
 1981.000000 1.986532 -0.100246
 1982.000000 2.040422 -0.212542
 1983.000000 2.046632 -0.254209
 1984.000000 2.016006 -0.191177
 1985.000000 2.040695 -0.168783
 1986.000000 1.968612 -0.131260
 1987.000000 1.957351 0.007921
 1988.000000 1.953473 -0.119333
 1989.000000 1.952551 -0.144225
 1990.000000 1.999487 -0.018801
 1991.000000 2.055569 -0.106235
 1992.000000 1.991003 -0.041835
 1993.000000 2.056278 -0.045376
 1994.000000 1.963760 -0.068609
 1995.000000 2.060472 -0.122454
 1996.000000 2.090075 -0.120496
 1997.000000 2.052823 -0.094672
 1998.000000 1.998166 -0.148540
 1999.000000 2.015514 -0.056777
 2000.000000 2.029670 -0.099582
 2001.000000 2.015398 -0.004078
 2002.000000 2.023792 -0.183030
 2003.000000 1.996031 -0.179188
 2004.000000 2.026207 -0.232606
 2005.000000 1.955048 -0.133230
 2006.000000 2.088327 -0.071539
 2007.000000 2.001997 -0.089481
 2008.000000 1.955968 -0.182238
 2009.000000 2.049894 -0.211590
 2010.000000 1.972251 -0.124128
 2011.000000 2.018934 -0.196203
 2012.000000 1.990468 -0.162663
 2013.000000 2.085096 -0.006126
 2014.000000 1.984194 -0.163273
 2015.000000 1.946014 -0.172353
 2016.000000 1.994236 -0.039882
 2017.000000 1.966148 -0.163596
 2018.000000 1.920097 -0.090782
 2019.000000 1.914439 -0.122549
 2020.000000 1.986512 -0.174196
 2021.000000 2.050545 -0.175422
 2022.000000 2.002125 -0.209574
 2023.000000 2.029184 -0.140248
 2024.000000 1.998791 -0.097454
 2025.000000 2.022780 -0.077573
 2026.000000 2.080329 -0.162956
 2027.000000 2.003408 -0.164410
 2028.000000 2.021068 -0.228543
 2029.000000 1.971177 -0.173762
 2030.000000 1.997938 -0.182817
 2031.000000 2.002992 -0.226107
 2032.000000 1.963251 -0.177714
 2033.000000 1.873999 -0.211853
 2034.000000 2.142056 -0.167252
 2035.000000 2.034197 -0.183413
 2036.000000 1.994935 -0.185672
 2037.000000 2.012365 -0.153365
 2038.000000 2.035981 -0.201228
 2039.000000 1.976714 -0.181740
 2040.000000 2.128030 -0.090644
 2041.000000 2.077621 -0.105673
 2042.000000 1.903996 -0.221833
 2043.000000 2.083612 -0.141458
 2044.000000 2.091324 -0.130453
 2045.000000 2.047627 -0.129561
 2046.000000 1.998387 -0.141981
 2047.000000 2.004379 -0.085841
 2048.000000 2.000920 -0.073447
 2049.000000 2.018675 -0.165667
 2050.000000 2.112875 -0.085457
 2051.000000 1.996010 -0.124825
 2052.000000 1.891346 -0.129530
 2053.000000 2.109684 -0.068984
 2054.000000 2.023161 -0.201540
 2055.000000 1.962881 -0.163988
 2056.000000 2.033343 -0.102121
 2057.000000 2.073107 -0.128591
 2058.000000 1.958897 -0.184605
 2059.000000 2.087584 -0.128333
 2060.000000 2.055722 -0.095805
 2061.000000 2.103000 -0.183601
 2062.000000 2.059458 -0.201503
 2063.000000 2.058126 -0.102182
 2064.000000 2.038581 -0.005735
 2065.000000 2.092472 -0.098362
 2066.000000 2.011091 -0.170919
 2067.000000 2.031631 -0.093071
 2068.000000 2.066053 -0.111550
 2069.000000 2.043651 -0.143411
 2070.000000 2.034575 -0.097761
 2071.000000 2.044555 -0.073285
 2072.000000 1.967539 -0.199911
 2073.000000 2.065093 -0.138255
 2074.000000 2.174966 -0.191392
 2075.000000 2.097498 -0.108022
 2076.000000 2.163874 -0.094136
 2077.000000 2.071835 -0.066948
 2078.000000 2.142903 -0.071192
 2079.000000 2.146675 -0.058696
 2080.000000 2.115140 -0.119787
 2081.000000 2.074060 -0.062975
 2082.000000 2.135485 -0.091173
 2083.000000 2.044523 -0.027134
 2084.000000 1.945008 -0.010676
 2085.000000 2.112626 -0.104085
 2086.000000 2.123763 -0.106211
 2087.000000 2.058242 -0.157677
 2088.000000 2.079833 -0.125885
 2089.000000 2.101213 -0.103106
 2090.000000 2.069788 -0.041163
 2091.000000 2.047841 -0.048073
 2092.000000 2.089400 -0.160186
 2093.000000 2.159662 -0.106475
 2094.000000 2.073284 -0.046351
 2095.000000 2.150561 -0.084407
 2096.000000 2.032467 -0.164112
 2097.000000 2.111706 -0.075320
 2098.000000 2.075970 -0.056382
 2099.000000 2.101768 -0.040685
 2100.000000 1.991781 -0.055135
 2101.000000 2.090300 -0.030458
 2102.000000 1.976832 -0.184592
 2103.000000 2.082914 -0.190786
 2104.000000 2.073849 -0.118511
 2105.000000 2.206539 -0.143625
 2106.000000 1.969293 -0.090092
 2107.000000 2.110425 0.012847
 2108.000000 2.069212 -0.143926
 2109.000000 2.171044 -0.042550
 2110.000000 2.116111 -0.152014
 2111.000000 2.108998 -0.094729
 2112.000000 2.027410 -0.051173
 2113.000000 2.093201 -0.055806
 2114.000000 2.047535 -0.154023
 2115.000000 2.118424 -0.194531
 2116.000000 1.992586 -0.141712
 2117.000000 2.097360 -0.105915
 2118.000000 2.164041 -0.141876
 2119.000000 1.986531 -0.045723
 2120.000000 2.055302 -0.106629
 2121.000000 2.019293 -0.013044
 2122.000000 2.021029 -0.005712
 2123.000000 2.034915 -0.163121
 2124.000000 2.076883 -0.058631
 2125.000000 2.086023 -0.110102
 2126.000000 2.086860 -0.149881
 2127.000000 1.913133 -0.074877
 2128.000000 2.129659 -0.214791
 2129.000000 2.070546 -0.163950
 2130.000000 2.025360 -0.013544
 2131.000000 2.041537 0.073200
 2132.000000 2.177419 -0.033200
 2133.000000 2.015692 -0.064773
 2134.000000 2.012502 0.042983
 2135.000000 2.034033 -0.064040
 2136.000000 2.105914 -0.051113
 2137.000000 2.060911 -0.048815
 2138.000000 2.029124 -0.195712
 2139.000000 2.157740 -0.170362
 2140.000000 2.058804 -0.142153
 2141.000000 2.073729 -0.152195
 2142.000000 2.180275 -0.107663
 2143.000000 2.012430 -0.117447
 2144.000000 2.084174 -0.154420
 2145.000000 2.018622 -0.159076
 2146.000000 2.001568 -0.136723
 2147.000000 2.057405 -0.116265
 2148.000000 2.046387 -0.106424
 2149.000000 2.042601 -0.132797
 2150.000000 2.158058 -0.067090
 2151.000000 2.128354 -0.048725
 2152.000000 2.096696 -0.028400
 2153.000000 2.119545 -0.122868
 2154.000000 2.001650 -0.188436
 2155.000000 2.063856 -0.118814
 2156.000000 2.120230 -0.145177
 2157.000000 2.095289 -0.105656
 2158.000000 2.069578 -0.115032
 2159.000000 2.101452 -0.073295
 2160.000000 2.076932 -0.026218
 2161.000000 2.061738 -0.057085
 2162.000000 2.102009 -0.174647
 2163.000000 2.067229 -0.139682
 2164.000000 2.091230 -0.149030
 2165.000000 2.045042 -0.082268
 2166.000000 2.134222 -0.076562
 2167.000000 1.957626 -0.100607
 2168.000000 2.026234 -0.275098
 2169.000000 2.084897 -0.223138
 2170.000000 1.969065 -0.056708
 2171.000000 2.117925 -0.057968
 2172.000000 2.001575 -0.095717
 2173.000000 2.111549 -0.206571
 2174.000000 2.115649 -0.105611
 2175.000000 1.980148 -0.021382
 2176.000000 2.044735 -0.116150
 2177.000000 2.067569 -0.015349
 2178.000000 2.025359 -0.046566
 2179.000000 2.047444 -0.107469
 2180.000000 2.020323 -0.162261
 2181.000000 2.034364 -0.147309
 2182.000000 2.005457 -0.142555
 2183.000000 2.117599 -0.035395
 2184.000000 2.018377 -0.065194
 2185.000000 2.076081 0.006848
 2186.000000 2.032249 -0.047138
 2187.000000 2.039113 -0.103378
 2188.000000 2.068562 -0.215404
 2189.000000 2.043762 -0.045103
 2190.000000 1.993264 -0.139161
 2191.000000 2.065988 -0.076164
 2192.000000 2.001600 -0.085176
 2193.000000 2.063673 -0.074945
 2194.000000 1.998378 -0.165210
 2195.000000 2.203710 -0.093339
 2196.000000 1.974191 -0.007564
 2197.000000 1.974487 -0.072575
 2198.000000 2.032644 -0.047715
 2199.000000 2.168130 -0.149014
 2200.000000 2.120747 -0.111302
 2201.000000 2.047044 -0.249074
 2202.000000 2.093460 -0.195218
 2203.000000 2.027892 -0.089050
 2204.000000 2.083004 -0.066281
 2205.000000 2.040826 -0.189404
 2206.000000 1.962948 -0.129385
 2207.000000 1.989084 -0.177087
 2208.000000 2.106726 -0.170011
 2209.000000 2.098590 -0.107681
 2210.000000 1.992364 -0.074769
 2211.000000 2.005661 -0.137256
 2212.000000 2.024437 -0.123734
 2213.000000 2.048930 -0.195120
 2214.000000 2.098015 -0.174763
 2215.000000 1.990596 -0.128251
 2216.000000 2.020534 -0.069504
 2217.000000 2.008408 -0.121931
 2218.000000 1.979555 -0.086355
 2219.000000 1.956968 -0.112732
 2220.000000 1.943896 -0.074498
 2221.000000 2.080013 -0.077271
 2222.000000 1.992661 -0.051286
 2223.000000 1.952730 -0.015387
 2224.000000 2.035832 -0.057885
 2225.000000 1.955842 -0.000475
 2226.000000 1.976333 -0.047280
 2227.000000 2.063888 -0.012123
 2228.000000 2.002403 -0.088457
 2229.000000 1.967489 -0.097151
 2230.000000 1.976566 -0.120391
 2231.000000 2.022937 -0.090916
 2232.000000 1.898552 -0.067786
 2233.000000 2.029372 -0.087494
 2234.000000 1.988825 -0.200917
 2235.000000 2.102593 -0.109231
 2236.000000 2.021296 -0.104415
 2237.000000 1.955238 -0.155369
 2238.000000 1.928269 -0.123446
 2239.000000 1.997752 -0.187085
 2240.000000 2.024815 -0.124438
 2241.000000 2.002172 -0.100162
 2242.000000 1.949298 -0.196742
 2243.000000 1.990173 -0.097922
 2244.000000 2.001451 -0.183288
 2245.000000 2.035169 -0.079361
 2246.000000 2.008870 -0.130384
 2247.000000 1.963706 -0.053654
 2248.000000 1.960033 -0.012880
 2249.000000 1.983658 -0.089595
 2250.000000 2.038724 -0.108341
 2251.000000 1.946983 -0.048783
 2252.000000 2.073260 -0.018667
 2253.000000 1.975940 -0.074470
 2254.000000 2.053091 -0.197810
 2255.000000 1.907410 -0.083654
 2256.000000 2.014553 -0.163987
 2257.000000 1.945858 -0.070728
 2258.000000 2.036134 -0.165984
 2259.000000 2.051870 -0.030363
 2260.000000 1.986566 -0.086602
 2261.000000 2.047449 -0.166248
 2262.000000 2.037252 -0.160459
 2263.000000 1.883121 -0.051245
 2264.000000 1.940978 -0.109101
 2265.000000 1.950142 0.001125
 2266.000000 2.001756 -0.067638
 2267.000000 2.035964 -0.061992
 2268.000000 1.972877 -0.061607
 2269.000000 1.940632 -0.074089
 2270.000000 1.991715 -0.083665
 2271.000000 1.894126 -0.062823
 2272.000000 2.026379 -0.159578
 2273.000000 2.097693 -0.136427
 2274.000000 2.145288 -0.096184
 2275.000000 2.031227 -0.206067
 2276.000000 2.053280 -0.159181
 2277.000000 1.877103 -0.151017
 2278.000000 2.057580 -0.088378
 2279.000000 2.024763 -0.203109
 2280.000000 2.033854 -0.118498
 2281.000000 1.979385 -0.128650
 2282.000000 1.910011 -0.129457
 2283.000000 2.073120 -0.181631
 2284.000000 2.010692 -0.060830
 2285.000000 1.879826 -0.231681
 2286.000000 2.012140 -0.141752
 2287.000000 2.029428 -0.078780
 2288.000000 1.951133 -0.102518
 2289.000000 1.954752 -0.169111
 2290.000000 1.975335 -0.223515
 2291.000000 2.141381 -0.127706
 2292.000000 2.118064 -0.155472
 2293.000000 1.983490 -0.145964
 2294.000000 2.038889 -0.162032
 2295.000000 2.002500 -0.088970
 2296.000000 1.939727 -0.083748
 2297.000000 2.093395 -0.060779
 2298.000000 1.984269 -0.073924
 2299.000000 2.020207 -0.071552
 2300.000000 1.971065 -0.047200
 2301.000000 2.082024 0.009780
 2302.000000 2.020557 -0.048826
 2303.000000 2.133879 -0.044081
 2304.000000 2.031713 -0.113421
 2305.000000 2.087815 -0.075034
 2306.000000 2.104859 0.018946
 2307.000000 2.007604 -0.097329
 2308.000000 1.928934 -0.049127
 2309.000000 2.008834 -0.172684
 2310.000000 2.037943 -0.149718
 2311.000000 2.040650 -0.158510
 2312.000000 2.056886 -0.067672
 2313.000000 2.068530 -0.089835
 2314.000000 2.092616 -0.105983
 2315.000000 2.069530 -0.038737
 2316.000000 2.015434 -0.123921
 2317.000000 1.971001 -0.163997
 2318.000000 2.146651 -0.079880
 2319.000000 2.066576 -0.120520
 2320.000000 2.051145 -0.193075
 2321.000000 2.100420 -0.106987
 2322.000000 2.004442 -0.097236
 2323.000000 2.059091 -0.053620
 2324.000000 2.029960 -0.119913
 2325.000000 2.060142 -0.008705
 2326.000000 2.022215 -0.181624
 2327.000000 2.014624 -0.065833
 2328.000000 2.031496 -0.143942
 2329.000000 2.018961 -0.085377
 2330.000000 2.003946 -0.082341
 2331.000000 2.055133 -0.061701
 2332.000000 1.997496 -0.019638
 2333.000000 2.010887 -0.126780
 2334.000000 2.049049 -0.158804
 2335.000000 2.035130 -0.153021
 2336.000000 1.976940 -0.198645
 2337.000000 1.936566 -0.157945
 2338.000000 1.903452 -0.109458
 2339.000000 2.056479 -0.103346
 2340.000000 2.105791 -0.099526
 2341.000000 2.030358 -0.063129
 2342.000000 2.004460 -0.006728
 2343.000000 2.103225 -0.025184
 2344.000000 2.102880 -0.084696
 2345.000000 2.045579 -0.102016
 2346.000000 2.013385 -0.214148
 2347.000000 2.002600 -0.109039
 2348.000000 2.099661 -0.162279
 2349.000000 1.919582 -0.174146
 2350.000000 2.124730 -0.179939
 2351.000000 2.017726 -0.123579
 2352.000000 2.051580 -0.089236
 2353.000000 1.993501 -0.050318
 2354.000000 1.992345 -0.058355
 2355.000000 1.988071 -0.073909
 2356.000000 1.977309 -0.101500
 2357.000000 2.031980 -0.142440
 2358.000000 2.005875 0.036106
 2359.000000 1.914970 -0.033996
 2360.000000 1.988619 -0.075652
 2361.000000 1.960835 -0.128055
 2362.000000 2.009243 -0.047047
 2363.000000 1.990559 -0.108274
 2364.000000 2.100429 -0.065772
 2365.000000 2.024568 0.002874
 2366.000000 1.995869 -0.055855
 2367.000000 1.943736 -0.108417
 2368.000000 2.032583 -0.114394
 2369.000000 1.918647 -0.054774
 2370.000000 1.922779 -0.009694
 2371.000000 1.984415 -0.156216
 2372.000000 2.024007 -0.111213
 2373.000000 2.001061 -0.017406
 2374.000000 2.010466 -0.068655
 2375.000000 2.045797 -0.057996
 2376.000000 1.994036 -0.050520
 2377.000000 2.030343 -0.013044
 2378.000000 1.929175 -0.057718
 2379.000000 2.038408 -0.089065
 2380.000000 2.007766 -0.101188
 2381.000000 2.044393 -0.080997
 2382.000000 2.111612 -0.137411
 2383.000000 2.060323 -0.084707
 2384.000000 1.967257 -0.032303
 2385.000000 2.056902 -0.167989
 2386.000000 2.095795 -0.078858
 2387.000000 1.984524 -0.158463
 2388.000000 1.939148 -0.180303
 2389.000000 1.876902 -0.122173
 2390.000000 2.059672 -0.081378
 2391.000000 2.003750 -0.080769
 2392.000000 1.989011 0.004167
 2393.000000 2.009339 -0.165715
 2394.000000 2.037039 -0.076114
 2395.000000 1.953386 -0.128418
 2396.000000 2.030330 -0.174740
 2397.000000 1.959689 -0.073742
 2398.000000 2.004681 -0.207077
 2399.000000 2.087890 -0.113813
 2400.000000 2.039776 -0.113285
 2401.000000 1.989227 -0.079905
 2402.000000 1.943113 -0.096532
 2403.000000 1.907344 -0.119384
 2404.000000 1.978745 -0.118103
 2405.000000 1.967347 -0.167069
 2406.000000 2.015715 -0.128138
 2407.000000 2.031998 -0.151872
 2408.000000 1.944788 -0.093182
 2409.000000 1.993093 -0.094968
 2410.000000 1.939493 -0.077529
 2411.000000 1.995911 -0.155375
 2412.000000 2.039730 -0.183118
 2413.000000 2.069264 -0.148902
 2414.000000 1.980947 -0.036140
 2415.000000 2.037303 -0.198494
 2416.000000 2.029644 -0.145133
 2417.000000 2.074567 -0.095176
 2418.000000 1.993147 -0.091322
 2419.000000 1.982864 -0.134131
 2420.000000 2.044861 -0.117952
 2421.000000 2.020203 -0.113298
 2422.000000 2.080736 -0.094078
 2423.000000 2.037762 -0.122223
 2424.000000 1.874051 -0.079562
 2425.000000 2.041465 -0.070347
 2426.000000 1.944916 -0.077807
 2427.000000 1.973357 -0.141627
 2428.000000 1.960221 -0.140988
 2429.000000 2.116006 -0.168550
 2430.000000 1.849095 -0.131424
 2431.000000 2.069029 -0.179567
 2432.000000 1.997533 -0.172566
 2433.000000 2.078667 -0.172014
 2434.000000 1.979400 -0.185249
 2435.000000 1.928077 -0.149302
 2436.000000 1.976939 -0.181232
 2437.000000 2.049215 -0.139706
 2438.000000 1.971929 -0.087996
 2439.000000 1.965439 -0.205320
 2440.000000 1.879341 -0.167365
 2441.000000 1.919954 -0.210416
 2442.000000 1.984143 -0.198886
 2443.000000 1.989770 -0.187762
 2444.000000 1.994139 -0.085334
 2445.000000 2.032404 -0.113130
 2446.000000 2.007439 -0.165603
 2447.000000 2.006737 -0.071825
 2448.000000 1.952826 -0.197280
 2449.000000 1.961320 -0.009626
 2450.000000 1.917907 -0.158710
 2451.000000 2.042067 -0.017840
 2452.000000 1.926835 -0.073266
 2453.000000 1.903579 -0.151259
 2454.000000 2.068093 -0.095257
 2455.000000 2.060653 -0.100974
 2456.000000 2.056522 -0.080667
 2457.000000 2.060227 -0.084461
 2458.000000 2.078270 -0.149360
 2459.000000 1.924075 -0.059738
 2460.000000 1.977352 -0.094974
 2461.000000 2.018632 -0.081689
 2462.000000 1.975644 -0.138638
 2463.000000 2.021280 -0.097494
 2464.000000 2.142101 -0.182810
 2465.000000 1.972240 -0.004281
 2466.000000 1.950541 -0.122628
 2467.000000 2.029525 -0.132706
 2468.000000 1.992539 -0.147297
 2469.000000 2.040747 -0.083227
 2470.000000 1.970165 -0.116686
 2471.000000 1.915100 -0.146258
 2472.000000 1.987656 -0.152299
 2473.000000 2.018160 -0.078804
 2474.000000 2.050280 -0.187651
 2475.000000 1.967522 -0.022173
 2476.000000 1.984716 -0.117875
 2477.000000 1.948105 -0.053491
 2478.000000 2.016833 -0.013773
 2479.000000 2.050353 -0.149910
 2480.000000 1.943206 -0.061460
 2481.000000 1.970981 -0.118979
 2482.000000 1.988451 -0.078482
 2483.000000 2.027171 -0.084604
 2484.000000 2.025960 -0.196127
 2485.000000 1.935810 -0.067870
 2486.000000 2.026285 -0.115758
 2487.000000 2.014964 -0.084741
 2488.000000 1.960774 -0.211480
 2489.000000 1.984794 -0.119144
 2490.000000 1.990210 -0.122836
 2491.000000 1.921225 -0.085310
 2492.000000 1.974674 -0.065565
 2493.000000 2.071686 -0.052079
 2494.000000 2.065752 -0.091415
 2495.000000 1.999733 -0.180998
 2496.000000 2.006823 -0.093879
 2497.000000 1.948544 -0.065741
 2498.000000 1.924331 -0.063700
 2499.000000 1.934996 -0.143784
 2500.000000 1.877138 -0.065135
