#! FIELDS time pd_137_140 diff
 0.000000 1.107019 0.512690
 1.000000 1.265186 0.228792
 2.000000 1.187200 0.246153
 3.000000 1.218838 0.161289
 4.000000 1.208988 0.241514
 5.000000 1.237068 0.174139
 6.000000 1.234724 0.212339
 7.000000 1.269421 0.102190
 8.000000 1.280257 0.165800
 9.000000 1.361546 0.205639
 10.000000 1.152279 0.228907
 11.000000 1.273644 0.269480
 12.000000 1.264328 0.172255
 13.000000 1.223305 0.234759
 14.000000 1.210492 0.215307
 15.000000 1.301116 0.276295
 16.000000 1.228842 0.195873
 17.000000 1.201912 0.305969
 18.000000 1.211757 0.181212
 19.000000 1.250620 0.071303
 20.000000 1.287016 0.186750
 21.000000 1.207179 0.199802
 22.000000 1.247211 0.234865
 23.000000 1.137582 0.203487
 24.000000 1.173287 0.121858
 25.000000 1.167027 0.166088
 26.000000 1.249083 0.144084
 27.000000 1.166840 0.217441
 28.000000 1.174740 0.134219
 29.000000 1.195710 0.133831
 30.000000 1.210187 0.199399
 31.000000 1.216292 0.194922
 32.000000 1.155351 0.236436
 33.000000 1.154144 0.107019
 34.000000 1.078789 0.248744
 35.000000 1.078361 0.171831
 36.000000 1.136066 0.207692
 37.000000 1.112489 0.178912
 38.000000 1.163181 0.199597
 39.000000 1.127841 0.197067
 40.000000 1.268070 0.211965
 41.000000 1.226661 0.164844
 42.000000 1.252430 0.068963
 43.000000 1.201861 0.113826
 44.000000 1.046494 0.137751
 45.000000 1.008195 0.164530
 46.000000 1.161553 0.270035
 47.000000 1.039812 0.134163
 48.000000 1.117295 0.197927
 49.000000 1.112289 0.183437
 50.000000 1.140758 0.159379
 51.000000 1.111116 0.158352
 52.000000 1.112028 0.223846
 53.000000 1.138113 0.307326
 54.000000 1.117523 0.266254
 55.000000 1.132714 0.091555
 56.000000 1.069174 0.203059
 57.000000 1.124510 0.173789
 58.000000 1.097106 0.163783
 59.000000 1.154641 0.222952
 60.000000 1.200918 0.121207
 61.000000 1.222447 0.192713
 62.000000 1.204900 0.153665
 63.000000 1.124675 0.279180
 64.000000 1.193572 0.143473
 65.000000 1.131760 0.197505
 66.000000 1.131219 0.221499
 67.000000 1.077320 0.249855
 68.000000 1.137153 0.207217
 69.000000 1.140652 0.170294
 70.000000 1.170853 0.172320
 71.000000 1.179712 0.173738
 72.000000 1.096232 0.106393
 73.000000 1.223532 0.165757
 74.000000 1.170910 0.088373
 75.000000 1.118781 0.201385
 76.000000 1.134249 0.185788
 77.000000 1.214948 0.246547
 78.000000 1.184102 0.252290
 79.000000 1.247782 0.258082
 80.000000 1.167904 0.230380
 81.000000 1.037894 0.176195
 82.000000 1.141229 0.192807
 83.000000 1.121175 0.205621
 84.000000 1.156561 0.237989
 85.000000 1.172292 0.219064
 86.000000 1.167299 0.142836
 87.000000 1.154562 0.134296
 88.000000 1.172820 0.136098
 89.000000 1.224138 0.229165
 90.000000 1.108869 0.200076
 91.000000 1.175010 0.255199
 92.000000 1.103328 0.114856
 93.000000 1.095014 0.264402
 94.000000 1.116324 0.201377
 95.000000 1.076238 0.231454
 96.000000 1.122345 0.178229
 97.000000 1.166970 0.240760
 98.000000 1.240978 0.146983
 99.000000 1.079395 0.200290
 100.000000 1.230546 0.163413
 101.000000 1.200867 0.200930
 102.000000 1.113901 0.111035
 103.000000 1.066241 0.177532
 104.000000 1.100017 0.136653
 105.000000 1.096209 -0.009171
 106.000000 1.125664 0.119674
 107.000000 1.263664 0.116728
 108.000000 1.202431 0.130266
 109.000000 1.151938 0.214327
 110.000000 1.187200 0.227992
 111.000000 1.185494 0.152417
 112.000000 1.218672 0.162702
 113.000000 1.170946 0.402171
 114.000000 1.207272 0.239603
 115.000000 1.163660 0.120350
 116.000000 1.168998 0.154071
 117.000000 1.177108 0.136763
 118.000000 1.211989 0.195115
 119.000000 1.186824 0.189871
 120.000000 1.294812 0.191112
 121.000000 1.158039 0.170133
 122.000000 1.246962 0.134409
 123.000000 1.147095 0.150022
 124.000000 1.192079 0.040834
 125.000000 1.207790 0.172062
 126.000000 1.188006 0.146500
 127.000000 1.311604 0.086148
 128.000000 1.108214 0.134988
 129.000000 1.059931 0.106745
 130.000000 1.022786 0.037674
 131.000000 1.212774 0.094642
 132.000000 1.180102 0.077245
 133.000000 1.236185 0.138881
 134.000000 1.119430 0.195410
 135.000000 1.104303 0.275655
 136.000000 1.152830 0.103236
 137.000000 1.204853 0.137986
 138.000000 1.241737 0.092095
 139.000000 1.219207 0.210300
 140.000000 1.193409 0.225689
 141.000000 1.165015 0.198447
 142.000000 1.201683 0.221260
 143.000000 1.174860 0.149703
 144.000000 1.191212 0.150326
 145.000000 1.131308 0.155948
 146.000000 1.153597 0.177366
 147.000000 1.195567 0.223511
 148.000000 1.203754 0.145868
 149.000000 1.127476 0.227809
 150.000000 1.138001 0.160286
 151.000000 1.263624 0.264426
 152.000000 1.148735 0.233123
 153.000000 1.270399 0.126716
 154.000000 1.282110 0.163634
 155.000000 1.139672 0.080311
 156.000000 1.165725 0.154533
 157.000000 1.160870 0.163577
 158.000000 1.211624 0.145597
 159.000000 1.214257 0.223437
 160.000000 1.201972 0.194054
 161.000000 1.271219 0.210879
 162.000000 1.217227 0.122826
 163.000000 1.197091 0.220161
 164.000000 1.199127 0.198624
 165.000000 1.208771 0.245366
 166.000000 1.207904 0.165385
 167.000000 1.317480 0.318442
 168.000000 1.196673 0.221385
 169.000000 1.232778 0.194509
 170.000000 1.197331 0.119607
 171.000000 1.396841 0.134098
 172.000000 1.303765 0.233457
 173.000000 1.193451 0.118007
 174.000000 1.217910 0.230800
 175.000000 1.218452 0.201850
 176.000000 1.258553 0.181197
 177.000000 1.268209 0.239386
 178.000000 1.225540 0.127685
 179.000000 1.285180 0.104870
 180.000000 1.186818 0.167727
 181.000000 1.180364 0.187619
 182.000000 1.062732 0.167708
 183.000000 1.217888 0.239600
 184.000000 1.215585 0.161853
 185.000000 1.236773 0.199549
 186.000000 1.255958 0.232161
 187.000000 1.134620 0.234019
 188.000000 1.172554 0.207745
 189.000000 1.175645 0.211704
 190.000000 1.175539 0.174176
 191.000000 1.132509 0.228025
 192.000000 1.244780 0.149276
 193.000000 1.111353 0.230142
 194.000000 1.184058 0.099845
 195.000000 1.189817 0.276650
 196.000000 1.101258 0.187494
 197.000000 1.131744 0.222863
 198.000000 1.134015 0.190416
 199.000000 1.301478 0.236417
 200.000000 1.217937 0.153169
 201.000000 1.183164 0.164324
 202.000000 1.347042 0.095875
 203.000000 1.216210 0.164055
 204.000000 1.207015 0.148840
 205.000000 1.338292 0.278346
 206.000000 1.262531 0.207418
 207.000000 1.192736 0.250289
 208.000000 1.216727 0.295833
 209.000000 1.235290 0.274849
 210.000000 1.255655 0.199950
 211.000000 1.169115 0.294451
 212.000000 1.260007 0.200069
 213.000000 1.306737 0.217182
 214.000000 1.131276 0.273607
 215.000000 1.302710 0.163920
 216.000000 1.232865 0.254718
 217.000000 1.198717 0.221043
 218.000000 1.231984 0.207836
 219.000000 1.222497 0.271562
 220.000000 1.256907 0.214825
 221.000000 1.183361 0.249490
 222.000000 1.209359 0.192859
 223.000000 1.126598 0.157494
 224.000000 1.212375 0.168604
 225.000000 1.225562 0.214656
 226.000000 1.151594 0.143043
 227.000000 1.127290 0.149094
 228.000000 1.162315 0.097832
 229.000000 1.179230 0.075257
 230.000000 1.208054 0.135843
 231.000000 1.162510 0.195613
 232.000000 1.182998 0.202663
 233.000000 1.278137 0.238398
 234.000000 1.179809 0.157310
 235.000000 1.162612 0.158178
 236.000000 1.147202 0.239906
 237.000000 1.182980 0.219943
 238.000000 1.203064 0.202314
 239.000000 1.275155 0.321765
 240.000000 1.237500 0.205371
 241.000000 1.043592 0.270683
 242.000000 1.206957 0.166943
 243.000000 1.241560 0.238009
 244.000000 1.133500 0.175631
 245.000000 1.095441 0.197907
 246.000000 1.048872 0.207877
 247.000000 1.072870 0.136930
 248.000000 1.192746 0.142315
 249.000000 1.184869 0.194185
 250.000000 1.155387 0.145305
 251.000000 1.201230 0.149742
 252.000000 1.127051 0.220553
 253.000000 1.326909 0.166333
 254.000000 1.203542 0.170059
 255.000000 1.151769 0.137656
 256.000000 1.181334 0.297052
 257.000000 1.236428 0.212878
 258.000000 1.247289 0.188994
 259.000000 1.206700 0.168199
 260.000000 1.218237 0.221538
 261.000000 1.191663 0.179931
 262.000000 1.122278 0.277432
 263.000000 1.159282 0.378692
 264.000000 1.169682 0.374759
 265.000000 1.129183 0.261987
 266.000000 1.068592 0.140361
 267.000000 1.193310 0.207813
 268.000000 1.291676 0.282819
 269.000000 1.227486 0.255789
 270.000000 1.152582 0.299148
 271.000000 1.147852 0.229944
 272.000000 1.195578 0.192290
 273.000000 1.248397 0.304872
 274.000000 1.165354 0.310038
 275.000000 1.217433 0.301488
 276.000000 1.162301 0.251650
 277.000000 1.170021 0.119382
 278.000000 1.104893 0.346006
 279.000000 1.161709 0.356736
 280.000000 1.199230 0.399654
 281.000000 1.137510 0.237020
 282.000000 1.190735 0.267062
 283.000000 1.140064 0.154648
 284.000000 1.160457 0.124543
 285.000000 1.147012 0.159155
 286.000000 1.177141 0.255707
 287.000000 1.184558 0.299143
 288.000000 1.203865 0.227919
 289.000000 1.249410 0.278080
 290.000000 1.217412 0.261126
 291.000000 1.248999 0.221820
 292.000000 1.201149 0.246338
 293.000000 1.081762 0.226998
 294.000000 1.207544 0.090494
 295.000000 1.208450 0.157729
 296.000000 1.147487 0.237842
 297.000000 1.148906 0.165757
 298.000000 1.140716 0.188357
 299.000000 1.254674 0.217427
 300.000000 1.292148 0.191938
 301.000000 1.135306 0.121916
 302.000000 1.164838 0.156684
 303.000000 1.242295 0.215751
 304.000000 1.194930 0.247518
 305.000000 1.153399 0.169375
 306.000000 1.280835 0.171717
 307.000000 1.212407 0.242299
 308.000000 1.163985 0.257639
 309.000000 1.115703 0.160089
 310.000000 1.228567 0.233424
 311.000000 1.200405 0.239089
 312.000000 1.204492 0.253020
 313.000000 1.115835 0.261352
 314.000000 1.201255 0.184266
 315.000000 1.170954 0.194367
 316.000000 1.103113 0.289565
 317.000000 1.160697 0.196341
 318.000000 1.149177 0.221094
 319.000000 1.156398 0.114157
 320.000000 1.086262 0.198123
 321.000000 1.183885 0.311870
 322.000000 1.110035 0.177089
 323.000000 1.100153 0.241817
 324.000000 1.126732 0.244309
 325.000000 1.171871 0.184475
 326.000000 1.125028 0.227778
 327.000000 1.186866 0.280620
 328.000000 1.101858 0.133187
 329.000000 1.127473 0.238916
 330.000000 1.202186 0.212672
 331.000000 1.120165 0.174711
 332.000000 1.130225 0.113588
 333.000000 1.193657 0.238738
 334.000000 1.161439 0.259506
 335.000000 1.113419 0.070290
 336.000000 1.122213 0.044571
 337.000000 1.161546 0.097135
 338.000000 1.103987 0.122898
 339.000000 1.272478 0.164400
 340.000000 1.233563 0.186612
 341.000000 1.117512 0.165492
 342.000000 1.099292 0.359379
 343.000000 1.180686 0.208225
 344.000000 1.108434 0.155878
 345.000000 1.118364 0.232832
 346.000000 1.085450 0.282876
 347.000000 1.173406 0.196498
 348.000000 1.195394 0.296290
 349.000000 1.149953 0.271447
 350.000000 1.251239 0.243058
 351.000000 1.116996 0.212114
 352.000000 1.254067 0.186260
 353.000000 1.252044 0.275322
 354.000000 1.159405 0.309263
 355.000000 1.151961 0.209298
 356.000000 1.084622 0.169849
 357.000000 1.125027 0.162428
 358.000000 1.092526 0.265277
 359.000000 1.136992 0.316324
 360.000000 1.086199 0.240146
 361.000000 1.205180 0.229766
 362.000000 1.131633 0.143615
 363.000000 1.141855 0.202708
 364.000000 1.082918 0.164901
 365.000000 1.204439 0.209802
 366.000000 1.077869 0.279129
 367.000000 1.068642 0.204029
 368.000000 1.266668 0.219705
 369.000000 1.178792 0.154568
 370.000000 1.238232 0.154145
 371.000000 1.226834 0.271930
 372.000000 1.173036 0.232042
 373.000000 1.183275 0.254343
 374.000000 1.070011 0.150312
 375.000000 1.193204 0.224106
 376.000000 1.205147 0.302479
 377.000000 1.152535 0.203620
 378.000000 1.200332 0.217542
 379.000000 1.185401 0.368834
 380.000000 1.196552 0.234656
 381.000000 1.189777 0.304829
 382.000000 1.169390 0.209558
 383.000000 1.219893 0.288959
 384.000000 1.193193 0.235075
 385.000000 1.111643 0.213631
 386.000000 1.217493 0.195841
 387.000000 1.106808 0.125722
 388.000000 1.212971 0.183947
 389.000000 1.166707 0.292773
 390.000000 1.117825 0.273303
 391.000000 1.128011 0.254477
 392.000000 1.111582 0.374373
 393.000000 1.092992 0.226461
 394.000000 1.167911 0.347196
 395.000000 1.134893 0.286895
 396.000000 1.087657 0.134827
 397.000000 1.174696 0.216987
 398.000000 1.156457 0.130792
 399.000000 1.124829 0.197154
 400.000000 1.106285 0.188632
 401.000000 1.124333 0.167455
 402.000000 1.094555 0.245657
 403.000000 1.113045 0.251068
 404.000000 1.010450 0.248305
 405.000000 1.007888 0.206396
 406.000000 1.044729 0.253093
 407.000000 1.119411 0.088979
 408.000000 1.077995 0.311469
 409.000000 1.099970 0.241239
 410.000000 1.052024 0.242248
 411.000000 1.159492 0.222705
 412.000000 1.157225 0.233564
 413.000000 1.153315 0.188249
 414.000000 1.148079 0.180655
 415.000000 1.243533 0.223382
 416.000000 1.102943 0.222562
 417.000000 1.177414 0.256825
 418.000000 1.208857 0.199151
 419.000000 1.101479 0.205066
 420.000000 1.110091 0.212360
 421.000000 1.064581 0.292754
 422.000000 1.156544 0.176686
 423.000000 1.108623 0.181560
 424.000000 1.255112 0.122805
 425.000000 1.261233 0.131405
 426.000000 1.066535 0.231406
 427.000000 1.197809 0.293521
 428.000000 1.074555 0.191430
 429.000000 1.089369 0.158000
 430.000000 1.092689 0.245327
 431.000000 1.148521 0.137035
 432.000000 1.014046 0.372442
 433.000000 1.209587 0.242663
 434.000000 1.133081 0.202296
 435.000000 1.177792 0.266509
 436.000000 1.154996 0.232991
 437.000000 1.106587 0.200589
 438.000000 1.177740 0.266065
 439.000000 1.168025 0.226755
 440.000000 1.196074 0.306619
 441.000000 1.209375 0.181736
 442.000000 1.158694 0.245394
 443.000000 1.232851 0.239362
 444.000000 1.216194 0.300487
 445.000000 1.162696 0.267462
 446.000000 1.225681 0.249901
 447.000000 1.218502 0.202432
 448.000000 1.171646 0.162978
 449.000000 1.082015 0.189495
 450.000000 1.180344 0.196052
 451.000000 1.174722 0.343861
 452.000000 1.083264 0.154473
 453.000000 1.155086 0.176556
 454.000000 1.086237 0.132105
 455.000000 1.176044 0.133996
 456.000000 1.115233 0.152345
 457.000000 0.934193 0.127206
 458.000000 1.096550 0.185628
 459.000000 1.075626 0.152561
 460.000000 1.072525 0.158693
 461.000000 1.112474 0.163122
 462.000000 1.124263 0.288804
 463.000000 1.090181 0.227502
 464.000000 1.091642 0.210594
 465.000000 1.185014 0.273424
 466.000000 1.155735 0.148606
 467.000000 1.165523 0.209799
 468.000000 1.160362 0.159002
 469.000000 1.211021 0.180391
 470.000000 1.040651 0.118123
 471.000000 1.149558 0.200112
 472.000000 1.139309 0.185623
 473.000000 1.118030 0.187510
 474.000000 1.208711 0.250721
 475.000000 1.260920 0.260051
 476.000000 1.142817 0.206030
 477.000000 1.155080 0.151323
 478.000000 1.106559 0.227941
 479.000000 1.109922 0.116657
 480.000000 1.163949 0.189919
 481.000000 1.134280 0.213917
 482.000000 1.164291 0.184675
 483.000000 1.210259 0.136280
 484.000000 1.187561 0.173626
 485.000000 1.070772 0.119819
 486.000000 1.130640 0.127667
 487.000000 1.246976 0.306803
 488.000000 1.170064 0.228024
 489.000000 1.192352 0.241542
 490.000000 1.118698 0.210768
 491.000000 1.184199 0.146154
 492.000000 1.189735 0.091024
 493.000000 1.160845 0.263240
 494.000000 1.195737 0.235677
 495.000000 1.134407 0.192716
 496.000000 1.217271 0.190669
 497.000000 1.079481 0.159769
 498.000000 1.186732 0.206243
 499.000000 1.122474 0.216546
 500.000000 1.138236 0.180915
 501.000000 1.263490 0.240707
 502.000000 1.128418 0.295053
 503.000000 1.173997 0.153449
 504.000000 1.068647 0.232219
 505.000000 1.173415 0.214961
 506.000000 1.129271 0.264964
 507.000000 1.180468 0.163348
 508.000000 1.255872 0.143254
 509.000000 1.241481 0.184321
 510.000000 1.080228 0.047580
 511.000000 1.131696 0.219620
 512.000000 1.098048 0.145666
 513.000000 1.140616 0.244501
 514.000000 1.204735 0.179274
 515.000000 1.056663 0.139000
 516.000000 1.121538 0.120798
 517.000000 1.160624 0.216497
 518.000000 1.148246 0.220751
 519.000000 1.110803 0.213633
 520.000000 1.171440 0.210356
 521.000000 1.129679 0.175258
 522.000000 1.255064 0.294651
 523.000000 1.198419 0.197254
 524.000000 1.108091 0.206054
 525.000000 1.111562 0.141628
 526.000000 1.100565 0.186075
 527.000000 1.174979 0.148398
 528.000000 1.216610 0.160813
 529.000000 1.177488 0.131215
 530.000000 1.150963 0.143783
 531.000000 1.151431 0.211120
 532.000000 1.182018 0.217944
 533.000000 1.143705 0.266349
 534.000000 1.101402 0.295692
 535.000000 1.224299 0.186451
 536.000000 1.157703 0.210009
 537.000000 1.199642 0.229763
 538.000000 1.143153 0.225771
 539.000000 1.090341 0.244728
 540.000000 1.147067 0.184771
 541.000000 1.070754 0.255614
 542.000000 1.124551 0.177989
 543.000000 1.141411 0.139274
 544.000000 1.153017 0.153306
 545.000000 1.228037 0.117631
 546.000000 1.191437 0.157214
 547.000000 1.234421 0.156618
 548.000000 1.185860 0.137631
 549.000000 1.126542 0.177875
 550.000000 1.139201 0.185767
 551.000000 1.114677 0.177740
 552.000000 1.120160 0.161789
 553.000000 1.084773 0.262087
 554.000000 1.174277 0.177305
 555.000000 1.176087 0.189398
 556.000000 1.077974 0.288562
 557.000000 1.022713 0.177243
 558.000000 1.222293 0.176146
 559.000000 1.158643 0.235812
 560.000000 1.115858 0.106581
 561.000000 1.135098 0.176884
 562.000000 1.255203 0.219609
 563.000000 1.231396 0.044778
 564.000000 1.114144 0.092221
 565.000000 1.091811 0.149926
 566.000000 1.190981 0.177872
 567.000000 1.136799 0.162564
 568.000000 1.069847 0.138349
 569.000000 1.137572 0.152349
 570.000000 1.229668 0.327523
 571.000000 1.143686 0.201866
 572.000000 1.226078 0.184322
 573.000000 1.195664 0.128474
 574.000000 1.204892 0.208125
 575.000000 1.114670 0.190094
 576.000000 1.031122 0.131801
 577.000000 1.062560 0.110257
 578.000000 1.112779 0.193577
 579.000000 1.185796 0.126806
 580.000000 1.009418 0.201731
 581.000000 1.056427 0.177759
 582.000000 1.149791 0.138723
 583.000000 1.142922 0.212763
 584.000000 1.104548 0.221425
 585.000000 1.119326 0.176398
 586.000000 1.127408 0.161573
 587.000000 1.126136 0.140477
 588.000000 1.160010 0.067314
 589.000000 1.126556 0.198070
 590.000000 1.115221 0.218700
 591.000000 1.094863 0.331272
 592.000000 1.104374 0.239279
 593.000000 1.204191 0.246009
 594.000000 1.137009 0.120677
 595.000000 1.227471 0.187745
 596.000000 1.117553 0.221358
 597.000000 1.258536 0.198499
 598.000000 1.154998 0.174804
 599.000000 1.142032 0.257612
 600.000000 1.163479 0.194274
 601.000000 1.074811 0.117677
 602.000000 1.140655 0.151016
 603.000000 1.220595 0.247172
 604.000000 1.216788 0.264040
 605.000000 1.084167 0.250560
 606.000000 1.144332 0.194315
 607.000000 1.095359 0.308441
 608.000000 1.237603 0.186653
 609.000000 1.087042 0.201389
 610.000000 1.058767 0.234324
 611.000000 1.238348 0.290651
 612.000000 1.158377 0.302973
 613.000000 1.148035 0.187867
 614.000000 1.154910 0.209263
 615.000000 1.134051 0.175599
 616.000000 1.119093 0.264909
 617.000000 1.081928 0.219338
 618.000000 1.140959 0.198888
 619.000000 1.192109 0.209755
 620.000000 1.096396 0.199954
 621.000000 1.136211 0.308104
 622.000000 1.068018 0.303502
 623.000000 1.205015 0.282648
 624.000000 1.147627 0.260898
 625.000000 1.020886 0.223575
 626.000000 1.218582 0.267064
 627.000000 1.026049 0.187166
 628.000000 1.116875 0.253749
 629.000000 1.124461 0.142165
 630.000000 1.201145 0.251386
 631.000000 1.146250 0.160832
 632.000000 1.139093 0.348871
 633.000000 1.100582 0.215951
 634.000000 1.055714 0.264695
 635.000000 1.038694 0.244502
 636.000000 1.087839 0.237242
 637.000000 1.147731 0.230487
 638.000000 1.143741 0.220783
 639.000000 0.997684 0.153297
 640.000000 1.142428 0.232312
 641.000000 1.128466 0.171848
 642.000000 1.111457 0.299905
 643.000000 1.114959 0.180119
 644.000000 1.150191 0.280862
 645.000000 1.169042 0.252597
 646.000000 1.150616 0.312696
 647.000000 1.123645 0.299792
 648.000000 1.146661 0.180374
 649.000000 1.130196 0.202712
 650.000000 1.059085 0.275844
 651.000000 1.102376 0.212165
 652.000000 1.119206 0.178852
 653.000000 1.165767 0.317910
 654.000000 1.032377 0.218903
 655.000000 1.069249 0.203194
 656.000000 1.106840 0.234751
 657.000000 1.157077 0.242387
 658.000000 1.184074 0.225406
 659.000000 1.182480 0.174315
 660.000000 1.153459 0.228898
 661.000000 1.170221 0.236964
 662.000000 1.169920 0.274757
 663.000000 1.214177 0.222780
 664.000000 1.223465 0.297150
 665.000000 1.115832 0.216849
 666.000000 1.234127 0.240104
 667.000000 1.131791 0.214968
 668.000000 1.142785 0.321784
 669.000000 1.193269 0.238089
 670.000000 1.184024 0.262022
 671.000000 1.225068 0.240537
 672.000000 1.165848 0.219041
 673.000000 1.112232 0.286628
 674.000000 1.201274 0.258338
 675.000000 1.221427 0.197795
 676.000000 1.219889 0.184882
 677.000000 1.231308 0.217958
 678.000000 1.227365 0.293715
 679.000000 1.086944 0.352087
 680.000000 1.200668 0.222629
 681.000000 1.214153 0.273079
 682.000000 1.176959 0.207221
 683.000000 1.257066 0.305467
 684.000000 1.216663 0.284402
 685.000000 1.212715 0.295053
 686.000000 1.282264 0.311362
 687.000000 1.116605 0.276846
 688.000000 1.118420 0.267040
 689.000000 1.132017 0.210199
 690.000000 1.191021 0.292021
 691.000000 1.219746 0.231215
 692.000000 1.144634 0.320342
 693.000000 1.279112 0.235865
 694.000000 1.270705 0.269351
 695.000000 1.258102 0.237313
 696.000000 1.154961 0.181701
 697.000000 1.128002 0.244700
 698.000000 1.148868 0.299229
 699.000000 1.230591 0.188953
 700.000000 1.232383 0.292150
 701.000000 1.270165 0.235735
 702.000000 1.086862 0.182108
 703.000000 1.153844 0.157354
 704.000000 1.265052 0.209769
 705.000000 1.234052 0.326856
 706.000000 1.238555 0.170318
 707.000000 1.150537 0.226248
 708.000000 1.203752 0.187713
 709.000000 1.214467 0.243633
 710.000000 1.304854 0.261723
 711.000000 1.299880 0.226308
 712.000000 1.171158 0.271020
 713.000000 1.217295 0.202107
 714.000000 1.239818 0.170414
 715.000000 1.252033 0.225679
 716.000000 1.108852 0.201775
 717.000000 1.226498 0.250407
 718.000000 1.109719 0.216167
 719.000000 1.135396 0.186640
 720.000000 1.252766 0.127139
 721.000000 1.187746 0.284684
 722.000000 1.255614 0.291724
 723.000000 1.200913 0.184766
 724.000000 1.268968 0.089172
 725.000000 1.188355 0.323156
 726.000000 1.180833 0.155177
 727.000000 1.203693 0.159303
 728.000000 1.138641 0.253768
 729.000000 1.231024 0.217784
 730.000000 1.123843 0.342106
 731.000000 1.287457 0.092166
 732.000000 1.222502 0.178685
 733.000000 1.204081 0.161655
 734.000000 1.184306 0.117273
 735.000000 1.269751 0.225871
 736.000000 1.287584 0.215873
 737.000000 1.225485 0.209956
 738.000000 1.286753 0.203657
 739.000000 1.205860 0.336239
 740.000000 1.347086 0.189336
 741.000000 1.175166 0.230233
 742.000000 1.265174 0.224660
 743.000000 1.260402 0.192462
 744.000000 1.285618 0.231979
 745.000000 1.315024 0.250319
 746.000000 1.161830 0.316861
 747.000000 1.298019 0.271563
 748.000000 1.264985 0.241121
 749.000000 1.194332 0.204336
 750.000000 1.183888 0.153292
 751.000000 1.284500 0.123807
 752.000000 1.247669 0.193819
 753.000000 1.219586 0.178931
 754.000000 1.199134 0.134232
 755.000000 1.205040 0.204663
 756.000000 1.243536 0.238656
 757.000000 1.279058 0.128786
 758.000000 1.270997 0.167068
 759.000000 1.201424 0.184843
 760.000000 1.183067 0.146339
 761.000000 1.189913 0.134104
 762.000000 1.162150 0.187816
 763.000000 1.243242 0.217715
 764.000000 1.255255 0.106065
 765.000000 1.270956 0.145258
 766.000000 1.189531 0.207864
 767.000000 1.155982 0.177538
 768.000000 1.195884 0.205470
 769.000000 1.257908 0.166284
 770.000000 1.176964 0.237020
 771.000000 1.120089 0.189343
 772.000000 1.313077 0.148079
 773.000000 1.223751 0.239695
 774.000000 1.160406 0.158610
 775.000000 1.214576 0.271705
 776.000000 1.137217 0.187854
 777.000000 1.166018 0.221168
 778.000000 1.156091 0.149370
 779.000000 1.172235 0.228922
 780.000000 1.194494 0.259925
 781.000000 1.226124 0.188730
 782.000000 1.128676 0.158753
 783.000000 1.217175 0.244253
 784.000000 1.145394 0.167194
 785.000000 1.175178 0.195379
 786.000000 1.209174 0.149382
 787.000000 1.242372 0.218893
 788.000000 1.315481 0.180383
 789.000000 1.330217 0.209943
 790.000000 1.266757 0.247114
 791.000000 1.158434 0.140525
 792.000000 1.194873 0.198180
 793.000000 1.241089 0.170223
 794.000000 1.226183 0.167708
 795.000000 1.210044 0.273695
 796.000000 1.218628 0.219975
 797.000000 1.128261 0.184882
 798.000000 1.217366 0.157859
 799.000000 1.335097 0.118307
 800.000000 1.302253 0.105514
 801.000000 1.179524 0.239451
 802.000000 1.181796 0.199966
 803.000000 1.311578 0.159427
 804.000000 1.205930 0.107437
 805.000000 1.137592 0.265957
 806.000000 1.179125 0.210459
 807.000000 1.196908 0.226028
 808.000000 1.174292 0.193960
 809.000000 1.226842 0.241320
 810.000000 1.202721 0.207679
 811.000000 1.235609 0.184089
 812.000000 1.188163 0.184745
 813.000000 1.115156 0.249197
 814.000000 1.201372 0.195913
 815.000000 1.225013 0.186132
 816.000000 1.195753 0.176072
 817.000000 1.234488 0.167382
 818.000000 1.219203 0.172109
 819.000000 1.283646 0.272323
 820.000000 1.245113 0.206283
 821.000000 1.262487 0.159033
 822.000000 1.245773 0.272563
 823.000000 1.209063 0.251890
 824.000000 1.134591 0.201932
 825.000000 1.213022 0.229504
 826.000000 1.268645 0.148992
 827.000000 1.245476 0.203379
 828.000000 1.123265 0.199862
 829.000000 1.170159 0.312885
 830.000000 1.280968 0.312657
 831.000000 1.169042 0.184632
 832.000000 1.225535 0.128412
 833.000000 1.281438 0.263982
 834.000000 1.209019 0.229268
 835.000000 1.155188 0.146589
 836.000000 1.246402 0.185861
 837.000000 1.263876 0.198903
 838.000000 1.163700 0.076190
 839.000000 1.180471 0.193414
 840.000000 1.161032 0.224049
 841.000000 1.275092 0.154921
 842.000000 1.261147 0.282290
 843.000000 1.120750 0.230805
 844.000000 1.198394 0.149006
 845.000000 1.227992 0.268554
 846.000000 1.388897 0.138700
 847.000000 1.247290 0.150003
 848.000000 1.249472 0.104820
 849.000000 1.308457 0.252455
 850.000000 1.272694 0.144281
 851.000000 1.110578 0.226069
 852.000000 1.227262 0.217836
 853.000000 1.242316 0.259143
 854.000000 1.190086 0.263790
 855.000000 1.264809 0.202645
 856.000000 1.139737 0.175040
 857.000000 1.250812 0.348206
 858.000000 1.225607 0.225647
 859.000000 1.153491 0.196940
 860.000000 1.111142 0.217134
 861.000000 1.244343 0.264539
 862.000000 1.145025 0.312911
 863.000000 1.263617 0.152194
 864.000000 1.192931 0.257100
 865.000000 1.219217 0.275260
 866.000000 1.294263 0.220159
 867.000000 1.252482 0.209534
 868.000000 1.223534 0.175025
 869.000000 1.238980 0.143206
 870.000000 1.198148 0.150014
 871.000000 1.206256 0.200325
 872.000000 1.275777 0.213534
 873.000000 1.142895 0.253476
 874.000000 1.204503 0.233857
 875.000000 1.228659 0.310191
 876.000000 1.242585 0.182458
 877.000000 1.209391 0.116804
 878.000000 1.243297 0.194421
 879.000000 1.243713 0.288850
 880.000000 1.289886 0.174416
 881.000000 1.214092 0.048918
 882.000000 1.177534 0.240348
 883.000000 1.234916 0.249918
 884.000000 1.196137 0.276449
 885.000000 1.227275 0.215977
 886.000000 1.295252 0.303895
 887.000000 1.186410 0.181512
 888.000000 1.227744 0.284785
 889.000000 1.287391 0.233250
 890.000000 1.123819 0.302093
 891.000000 1.081158 0.296774
 892.000000 1.208963 0.302723
 893.000000 1.194794 0.366809
 894.000000 1.284873 0.264122
 895.000000 1.234015 0.244665
 896.000000 1.193291 0.221217
 897.000000 1.108794 0.086969
 898.000000 1.260080 0.243582
 899.000000 1.294053 0.183522
 900.000000 1.202321 0.164729
 901.000000 1.206355 0.263977
 902.000000 1.143223 0.225879
 903.000000 1.189663 0.178945
 904.000000 1.135547 0.178789
 905.000000 1.205691 0.178540
 906.000000 1.154351 0.204710
 907.000000 1.226618 0.210609
 908.000000 1.212130 0.272102
 909.000000 1.248214 0.146372
 910.000000 1.195951 0.255407
 911.000000 1.158606 0.202453
 912.000000 1.236662 0.190092
 913.000000 1.204351 0.193170
 914.000000 1.130912 0.080762
 915.000000 1.230805 0.251527
 916.000000 1.178100 0.223424
 917.000000 1.302816 0.252934
 918.000000 1.203471 0.298933
 919.000000 1.191920 0.307040
 920.000000 1.120502 0.319664
 921.000000 1.124393 0.249152
 922.000000 1.122727 0.301719
 923.000000 1.157835 0.252168
 924.000000 1.152697 0.157477
 925.000000 1.132978 0.233419
 926.000000 1.131498 0.348006
 927.000000 1.151700 0.231781
 928.000000 1.200026 0.219283
 929.000000 1.110413 0.266208
 930.000000 1.154573 0.316889
 931.000000 1.113827 0.172472
 932.000000 1.162552 0.275008
 933.000000 1.105440 0.161962
 934.000000 1.194900 0.069158
 935.000000 1.093368 0.190601
 936.000000 1.157923 0.280266
 937.000000 1.193053 0.391910
 938.000000 1.172318 0.211546
 939.000000 1.136739 0.287111
 940.000000 1.131146 0.192492
 941.000000 1.169662 0.166768
 942.000000 1.187651 0.169906
 943.000000 1.196557 0.225858
 944.000000 1.100482 0.233228
 945.000000 1.287327 0.218249
 946.000000 1.208604 0.312472
 947.000000 1.154403 0.362264
 948.000000 1.302367 0.269386
 949.000000 1.251113 0.303328
 950.000000 1.219520 0.235857
 951.000000 1.189582 0.212145
 952.000000 1.136352 0.202433
 953.000000 1.149867 0.256393
 954.000000 1.097339 0.262089
 955.000000 1.124872 0.316875
 956.000000 1.203121 0.175809
 957.000000 1.122962 0.323520
 958.000000 1.202022 0.294788
 959.000000 1.237237 0.258680
 960.000000 1.195652 0.203743
 961.000000 1.254586 0.258490
 962.000000 1.182507 0.303488
 963.000000 1.111804 0.263312
 964.000000 1.140965 0.330926
 965.000000 1.162910 0.287538
 966.000000 1.084673 0.258874
 967.000000 1.171202 0.221101
 968.000000 1.156178 0.190187
 969.000000 1.141833 0.127251
 970.000000 1.133227 0.203071
 971.000000 1.232837 0.312782
 972.000000 1.255844 0.163076
 973.000000 1.217615 0.320350
 974.000000 1.208587 0.233044
 975.000000 1.247170 0.232063
 976.000000 1.204561 0.295770
 977.000000 1.160965 0.226088
 978.000000 1.162281 0.272206
 979.000000 1.233437 0.285484
 980.000000 1.140056 0.244543
 981.000000 1.189256 0.386410
 982.000000 1.155434 0.223273
 983.000000 1.234145 0.259322
 984.000000 1.232586 0.252628
 985.000000 1.192628 0.299804
 986.000000 1.228277 0.331708
 987.000000 1.251614 0.170095
 988.000000 1.301011 0.221548
 989.000000 1.208917 0.189754
 990.000000 1.200175 0.235665
 991.000000 1.151881 0.237824
 992.000000 1.258868 0.228540
 993.000000 1.137866 0.349792
 994.000000 1.220834 0.255808
 995.000000 1.237672 0.200253
 996.000000 1.137884 0.297613
 997.000000 1.135453 0.269435
 998.000000 1.189547 0.211376
 999.000000 1.202181 0.312680
 1000.000000 1.282358 0.297560
 1001.000000 1.270788 0.293763
 1002.000000 1.218579 0.239742
 1003.000000 1.235606 0.142875
 1004.000000 1.158665 0.138290
 1005.000000 1.219991 0.220390
 1006.000000 1.266547 0.213619
 1007.000000 1.131903 0.271136
 1008.000000 1.144535 0.200572
 1009.000000 1.107563 0.235536
 1010.000000 1.151079 0.288516
 1011.000000 1.208069 0.248623
 1012.000000 1.278520 0.243848
 1013.000000 1.215515 0.186409
 1014.000000 1.263026 0.260661
 1015.000000 1.273459 0.263116
 1016.000000 1.225334 0.229515
 1017.000000 1.248707 0.271764
 1018.000000 1.211463 0.285162
 1019.000000 1.285959 0.219286
 1020.000000 1.270694 0.227027
 1021.000000 1.226851 0.288497
 1022.000000 1.153961 0.311434
 1023.000000 1.163241 0.190573
 1024.000000 1.209955 0.261196
 1025.000000 1.185857 0.252469
 1026.000000 1.244931 0.203089
 1027.000000 1.190459 0.278801
 1028.000000 1.138522 0.163878
 1029.000000 1.092277 0.260850
 1030.000000 1.194341 0.187564
 1031.000000 1.190654 0.198927
 1032.000000 1.137959 0.234759
 1033.000000 1.148108 0.220978
 1034.000000 1.166031 0.150691
 1035.000000 1.187956 0.173061
 1036.000000 1.195090 0.203334
 1037.000000 1.178800 0.244651
 1038.000000 1.155136 0.305189
 1039.000000 1.210922 0.266367
 1040.000000 1.189143 0.198200
 1041.000000 1.060480 0.210036
 1042.000000 1.267548 0.187379
 1043.000000 1.170854 0.265636
 1044.000000 1.163119 0.170706
 1045.000000 1.201861 0.247958
 1046.000000 1.111287 0.194951
 1047.000000 1.258457 0.222449
 1048.000000 1.273721 0.268003
 1049.000000 1.141390 0.216846
 1050.000000 1.179794 0.293446
 1051.000000 1.242042 0.294721
 1052.000000 1.245411 0.248764
 1053.000000 1.174754 0.166693
 1054.000000 1.200910 0.285514
 1055.000000 1.195135 0.257110
 1056.000000 1.250791 0.153170
 1057.000000 1.252008 0.209141
 1058.000000 1.179517 0.189241
 1059.000000 1.135112 0.265641
 1060.000000 1.167164 0.156728
 1061.000000 1.109591 0.278617
 1062.000000 1.183430 0.237249
 1063.000000 1.143938 0.207576
 1064.000000 1.202149 0.258228
 1065.000000 1.186469 0.240598
 1066.000000 1.272331 0.229056
 1067.000000 1.244036 0.267565
 1068.000000 1.319069 0.119899
 1069.000000 1.325263 0.187546
 1070.000000 1.104294 0.211124
 1071.000000 1.179922 0.187157
 1072.000000 1.165205 0.253227
 1073.000000 1.115093 0.214347
 1074.000000 1.154248 0.189380
 1075.000000 1.123935 0.247394
 1076.000000 1.061957 0.197230
 1077.000000 1.149051 0.169178
 1078.000000 1.165980 0.265534
 1079.000000 1.191114 0.195646
 1080.000000 1.125705 0.159709
 1081.000000 1.103920 0.306624
 1082.000000 1.209337 0.218663
 1083.000000 1.147784 0.204447
 1084.000000 1.156230 0.117929
 1085.000000 1.161383 0.182833
 1086.000000 1.210635 0.213585
 1087.000000 1.180636 0.290961
 1088.000000 1.215956 0.171086
 1089.000000 1.078491 0.155052
 1090.000000 1.179351 0.191144
 1091.000000 1.156958 0.229384
 1092.000000 1.109331 0.177218
 1093.000000 1.265514 0.261257
 1094.000000 1.118160 0.298231
 1095.000000 1.225542 0.317103
 1096.000000 1.214741 0.160636
 1097.000000 1.128024 0.170313
 1098.000000 1.155440 0.208375
 1099.000000 1.088824 0.183106
 1100.000000 1.134667 0.288318
 1101.000000 1.150194 0.191455
 1102.000000 1.099543 0.333361
 1103.000000 1.189368 0.239401
 1104.000000 1.171047 0.168544
 1105.000000 1.184390 0.273264
 1106.000000 1.191398 0.211022
 1107.000000 1.145977 0.232059
 1108.000000 1.153401 0.243987
 1109.000000 1.194400 0.258599
 1110.000000 1.093857 0.242410
 1111.000000 1.241947 0.213488
 1112.000000 1.223593 0.211611
 1113.000000 1.194713 0.261951
 1114.000000 1.187169 0.217268
 1115.000000 1.246229 0.175401
 1116.000000 1.164972 0.242025
 1117.000000 1.188324 0.174777
 1118.000000 1.192681 0.299238
 1119.000000 1.207603 0.247851
 1120.000000 1.139273 0.295963
 1121.000000 1.155818 0.296417
 1122.000000 1.170344 0.248998
 1123.000000 1.091835 0.218909
 1124.000000 1.263429 0.225795
 1125.000000 1.258051 0.286625
 1126.000000 1.246342 0.215443
 1127.000000 1.255312 0.294861
 1128.000000 1.131233 0.272199
 1129.000000 1.253857 0.208439
 1130.000000 1.187817 0.172240
 1131.000000 1.222831 0.300316
 1132.000000 1.166443 0.319595
 1133.000000 1.210184 0.281419
 1134.000000 1.160350 0.216045
 1135.000000 1.236501 0.245606
 1136.000000 1.178609 0.314209
 1137.000000 1.196798 0.283447
 1138.000000 1.185396 0.325096
 1139.000000 1.248656 0.194952
 1140.000000 1.117130 0.247725
 1141.000000 1.188517 0.244770
 1142.000000 1.157997 0.290966
 1143.000000 1.261255 0.272745
 1144.000000 1.206356 0.189810
 1145.000000 1.340698 0.271668
 1146.000000 1.174887 0.320569
 1147.000000 1.178920 0.224014
 1148.000000 1.186592 0.279830
 1149.000000 1.133859 0.196884
 1150.000000 1.158287 0.212678
 1151.000000 1.137581 0.295355
 1152.000000 1.131296 0.226698
 1153.000000 1.299278 0.115859
 1154.000000 1.284526 0.299051
 1155.000000 1.219306 0.329326
 1156.000000 1.204792 0.303408
 1157.000000 1.267581 0.184720
 1158.000000 1.284408 0.213373
 1159.000000 1.156463 0.230319
 1160.000000 1.204167 0.291505
 1161.000000 1.183052 0.222262
 1162.000000 1.178430 0.148905
 1163.000000 1.133723 0.101335
 1164.000000 1.190805 0.119379
 1165.000000 1.209782 0.262509
 1166.000000 1.209381 0.149967
 1167.000000 1.200042 0.175419
 1168.000000 1.199272 0.198998
 1169.000000 1.214763 0.251479
 1170.000000 1.253476 0.257338
 1171.000000 1.217619 0.195952
 1172.000000 1.167427 0.226542
 1173.000000 1.330505 0.316882
 1174.000000 1.281600 0.188981
 1175.000000 1.221338 0.231245
 1176.000000 1.243831 0.217923
 1177.000000 1.173924 0.253053
 1178.000000 1.246433 0.234501
 1179.000000 1.227268 0.217705
 1180.000000 1.138279 0.174393
 1181.000000 1.190726 0.182507
 1182.000000 1.154983 0.230365
 1183.000000 1.192688 0.180275
 1184.000000 1.099314 0.203203
 1185.000000 1.190874 0.195471
 1186.000000 1.339460 0.233448
 1187.000000 1.292243 0.205760
 1188.000000 1.237498 0.172815
 1189.000000 1.154410 0.198758
 1190.000000 1.130064 0.268042
 1191.000000 1.158784 0.268100
 1192.000000 1.257689 0.263797
 1193.000000 1.241452 0.321622
 1194.000000 1.191721 0.318477
 1195.000000 1.166532 0.241864
 1196.000000 1.248085 0.291474
 1197.000000 1.224503 0.257440
 1198.000000 1.117429 0.330737
 1199.000000 1.147639 0.273010
 1200.000000 1.203727 0.238822
 1201.000000 1.050901 0.260155
 1202.000000 1.202339 0.309884
 1203.000000 1.149810 0.330416
 1204.000000 1.157314 0.328484
 1205.000000 1.179354 0.242967
 1206.000000 1.196336 0.249089
 1207.000000 1.203548 0.137557
 1208.000000 1.212687 0.263013
 1209.000000 1.093927 0.239860
 1210.000000 1.147153 0.180078
 1211.000000 1.133820 0.167890
 1212.000000 1.121735 0.224352
 1213.000000 1.199511 0.211092
 1214.000000 1.158199 0.236847
 1215.000000 1.178637 0.251951
 1216.000000 1.228295 0.191784
 1217.000000 1.167721 0.161707
 1218.000000 1.190382 0.236879
 1219.000000 1.080491 0.176752
 1220.000000 1.189980 0.234516
 1221.000000 1.138162 0.235987
 1222.000000 1.262275 0.173756
 1223.000000 1.229259 0.315873
 1224.000000 1.210627 0.259962
 1225.000000 1.218345 0.194694
 1226.000000 1.173064 0.271390
 1227.000000 1.249174 0.208383
 1228.000000 1.200106 0.192633
 1229.000000 1.129475 0.234128
 1230.000000 1.173075 0.281231
 1231.000000 1.263226 0.224117
 1232.000000 1.165147 0.199866
 1233.000000 1.223867 0.266200
 1234.000000 1.256477 0.186053
 1235.000000 1.208604 0.218489
 1236.000000 1.169393 0.251765
 1237.000000 1.129045 0.219237
 1238.000000 1.220748 0.200196
 1239.000000 1.255038 0.272717
 1240.000000 1.146907 0.264854
 1241.000000 1.183284 0.212305
 1242.000000 1.203759 0.188586
 1243.000000 1.226727 0.268237
 1244.000000 1.104276 0.327171
 1245.000000 1.289751 0.340416
 1246.000000 1.217305 0.190473
 1247.000000 1.218726 0.166625
 1248.000000 1.079238 0.231988
 1249.000000 1.152122 0.205221
 1250.000000 1.160374 0.218229
 1251.000000 1.215643 0.151338
 1252.000000 1.242588 0.211117
 1253.000000 1.117457 0.181242
 1254.000000 1.244323 0.252587
 1255.000000 1.200208 0.275828
 1256.000000 1.261875 0.302683
 1257.000000 1.158399 0.237429
 1258.000000 1.264917 0.247855
 1259.000000 1.164977 0.199829
 1260.000000 1.227655 0.193589
 1261.000000 1.219960 0.226401
 1262.000000 1.202571 0.198007
 1263.000000 1.196877 0.215737
 1264.000000 1.186460 0.219147
 1265.000000 1.245231 0.211388
 1266.000000 1.146348 0.189160
 1267.000000 1.112342 0.178367
 1268.000000 1.219580 0.231921
 1269.000000 1.178242 0.179485
 1270.000000 1.215255 0.241304
 1271.000000 1.188016 0.171621
 1272.000000 1.186882 0.263253
 1273.000000 1.138674 0.317065
 1274.000000 1.117558 0.266801
 1275.000000 1.170190 0.184278
 1276.000000 1.261727 0.196301
 1277.000000 1.178556 0.254601
 1278.000000 1.240492 0.154469
 1279.000000 1.124869 0.236361
 1280.000000 1.119595 0.125019
 1281.000000 1.104147 0.282849
 1282.000000 1.182598 0.191468
 1283.000000 1.187132 0.136023
 1284.000000 1.186337 0.319085
 1285.000000 1.154140 0.287223
 1286.000000 1.204319 0.234466
 1287.000000 1.264412 0.303237
 1288.000000 1.260160 0.214001
 1289.000000 1.118501 0.284527
 1290.000000 1.148715 0.228653
 1291.000000 1.172155 0.218148
 1292.000000 1.194637 0.204538
 1293.000000 1.209556 0.265562
 1294.000000 1.123218 0.279512
 1295.000000 1.092388 0.181524
 1296.000000 1.063167 0.233603
 1297.000000 1.197764 0.125645
 1298.000000 1.099296 0.167712
 1299.000000 1.159730 0.223691
 1300.000000 1.147565 0.228060
 1301.000000 1.061664 0.321176
 1302.000000 1.204057 0.320632
 1303.000000 1.158698 0.184376
 1304.000000 1.196788 0.204852
 1305.000000 1.135474 0.271063
 1306.000000 1.124952 0.235225
 1307.000000 1.093004 0.229021
 1308.000000 1.195171 0.261298
 1309.000000 1.108146 0.224977
 1310.000000 1.149419 0.327438
 1311.000000 1.141040 0.193399
 1312.000000 1.122262 0.304607
 1313.000000 1.229788 0.153119
 1314.000000 1.153707 0.317360
 1315.000000 1.234489 0.241546
 1316.000000 1.125651 0.258459
 1317.000000 1.152568 0.260986
 1318.000000 1.183646 0.281112
 1319.000000 1.123306 0.186374
 1320.000000 1.179950 0.177213
 1321.000000 1.188782 0.172364
 1322.000000 1.122314 0.248155
 1323.000000 1.234043 0.226666
 1324.000000 1.281616 0.208465
 1325.000000 1.240799 0.225644
 1326.000000 1.257609 0.113675
 1327.000000 1.187687 0.183903
 1328.000000 1.160141 0.134873
 1329.000000 1.212126 0.321776
 1330.000000 1.172705 0.154968
 1331.000000 1.193265 0.177393
 1332.000000 1.154267 0.293848
 1333.000000 1.190614 0.238401
 1334.000000 1.159925 0.162074
 1335.000000 1.130788 0.265960
 1336.000000 1.093735 0.199739
 1337.000000 1.148999 0.188656
 1338.000000 1.105834 0.194372
 1339.000000 1.136849 0.242523
 1340.000000 1.198593 0.145591
 1341.000000 1.111495 0.186425
 1342.000000 1.091502 0.180316
 1343.000000 1.154452 0.204361
 1344.000000 1.186585 0.189385
 1345.000000 1.146061 0.263263
 1346.000000 1.216053 0.175494
 1347.000000 1.132852 0.213877
 1348.000000 1.172715 0.256451
 1349.000000 1.185362 0.300345
 1350.000000 1.271736 0.331349
 1351.000000 1.205954 0.241025
 1352.000000 1.132745 0.185250
 1353.000000 1.181412 0.168703
 1354.000000 1.153254 0.284229
 1355.000000 1.122145 0.227537
 1356.000000 1.192194 0.180918
 1357.000000 1.220355 0.228014
 1358.000000 1.095163 0.250548
 1359.000000 1.208515 0.103389
 1360.000000 1.186629 0.239973
 1361.000000 1.172509 0.224047
 1362.000000 1.109144 0.181089
 1363.000000 1.107985 0.150288
 1364.000000 1.123897 0.175589
 1365.000000 1.182031 0.108174
 1366.000000 1.156813 0.141106
 1367.000000 1.140466 0.175424
 1368.000000 1.153738 0.222887
 1369.000000 1.175701 0.163985
 1370.000000 1.217079 0.161054
 1371.000000 1.130139 0.199141
 1372.000000 1.114907 0.236609
 1373.000000 1.138267 0.298949
 1374.000000 1.150024 0.209375
 1375.000000 1.181025 0.287240
 1376.000000 1.273095 0.219862
 1377.000000 1.270870 0.349191
 1378.000000 1.200453 0.327600
 1379.000000 1.176998 0.231814
 1380.000000 1.209331 0.285873
 1381.000000 1.117611 0.107403
 1382.000000 1.111767 0.136452
 1383.000000 1.135605 0.154862
 1384.000000 1.184817 0.292047
 1385.000000 1.129786 0.223606
 1386.000000 1.210462 0.130800
 1387.000000 1.160333 0.198288
 1388.000000 1.261564 0.177358
 1389.000000 1.222090 0.234330
 1390.000000 1.138259 0.210685
 1391.000000 1.183527 0.210474
 1392.000000 1.203414 0.163996
 1393.000000 1.134711 0.124227
 1394.000000 1.273039 0.246702
 1395.000000 1.217630 0.161613
 1396.000000 1.249426 0.245289
 1397.000000 1.209654 0.185108
 1398.000000 1.162435 0.200549
 1399.000000 1.203691 0.168639
 1400.000000 0.986561 0.247834
 1401.000000 1.158793 0.236948
 1402.000000 1.245335 0.277441
 1403.000000 1.113765 0.220001
 1404.000000 1.126416 0.273596
 1405.000000 1.151555 0.312628
 1406.000000 1.187556 0.199713
 1407.000000 1.082754 0.268991
 1408.000000 1.094231 0.268633
 1409.000000 1.157259 0.175034
 1410.000000 1.193233 0.163418
 1411.000000 1.258824 0.208650
 1412.000000 1.190796 0.166631
 1413.000000 1.198140 0.271167
 1414.000000 1.137191 0.272327
 1415.000000 1.230049 0.243227
 1416.000000 1.282100 0.188726
 1417.000000 1.067139 0.205636
 1418.000000 1.091050 0.219415
 1419.000000 1.211352 0.170002
 1420.000000 1.248722 0.300712
 1421.000000 1.192861 0.258269
 1422.000000 1.126764 0.251252
 1423.000000 1.046880 0.220547
 1424.000000 1.253311 0.257115
 1425.000000 1.131467 0.208246
 1426.000000 1.190425 0.202430
 1427.000000 1.159967 0.247550
 1428.000000 1.119494 0.280353
 1429.000000 1.102214 0.209633
 1430.000000 1.110855 0.245565
 1431.000000 1.112078 0.285754
 1432.000000 1.074845 0.237430
 1433.000000 1.081967 0.317711
 1434.000000 1.200234 0.186937
 1435.000000 1.066884 0.233732
 1436.000000 1.145321 0.164976
 1437.000000 1.101928 0.154076
 1438.000000 1.131802 0.268439
 1439.000000 1.049797 0.185668
 1440.000000 1.161375 0.157494
 1441.000000 1.095508 0.242457
 1442.000000 1.149539 0.241208
 1443.000000 1.080958 0.200491
 1444.000000 1.090313 0.183408
 1445.000000 1.189716 0.169146
 1446.000000 1.163440 0.173575
 1447.000000 1.201786 0.194561
 1448.000000 1.093890 0.200735
 1449.000000 1.165641 0.219854
 1450.000000 1.179848 0.182481
 1451.000000 1.186935 0.138191
 1452.000000 1.176981 0.231481
 1453.000000 1.037249 0.226525
 1454.000000 1.019242 0.143019
 1455.000000 1.085435 0.207280
 1456.000000 1.087545 0.166897
 1457.000000 1.102504 0.207864
 1458.000000 1.200262 0.197313
 1459.000000 1.032493 0.251752
 1460.000000 1.018051 0.190781
 1461.000000 1.068414 0.185670
 1462.000000 1.134606 0.200842
 1463.000000 1.136694 0.172712
 1464.000000 1.087543 0.207946
 1465.000000 1.125950 0.197416
 1466.000000 1.128927 0.248466
 1467.000000 1.140062 0.143154
 1468.000000 1.155892 0.265818
 1469.000000 1.119866 0.161188
 1470.000000 1.174040 0.126333
 1471.000000 1.128139 0.223019
 1472.000000 1.173269 0.201011
 1473.000000 1.211617 0.216487
 1474.000000 1.178899 0.212002
 1475.000000 1.156380 0.249505
 1476.000000 1.121047 0.217627
 1477.000000 1.136241 0.206144
 1478.000000 1.176488 0.248496
 1479.000000 1.088224 0.269397
 1480.000000 1.226652 0.180000
 1481.000000 1.050188 0.240802
 1482.000000 1.167543 0.257728
 1483.000000 1.097327 0.205423
 1484.000000 1.170138 0.285933
 1485.000000 1.068896 0.269492
 1486.000000 1.100088 0.196364
 1487.000000 1.113341 0.201072
 1488.000000 1.087620 0.208054
 1489.000000 1.179888 0.233917
 1490.000000 1.178694 0.225433
 1491.000000 1.122466 0.156514
 1492.000000 1.085630 0.212475
 1493.000000 1.096593 0.163898
 1494.000000 1.185760 0.259958
 1495.000000 1.163522 0.178047
 1496.000000 1.154169 0.174154
 1497.000000 1.154236 0.330158
 1498.000000 1.162768 0.098803
 1499.000000 1.057768 0.203900
 1500.000000 1.107150 0.082428
 1501.000000 1.201208 0.134212
 1502.000000 1.232195 0.235431
 1503.000000 1.127970 0.194896
 1504.000000 1.155822 0.228670
 1505.000000 1.121274 0.271663
 1506.000000 1.109470 0.255830
 1507.000000 1.150930 0.254489
 1508.000000 1.130822 0.212723
 1509.000000 1.184307 0.290845
 1510.000000 1.176652 0.202591
 1511.000000 1.198657 0.222283
 1512.000000 1.114501 0.251434
 1513.000000 1.161143 0.266212
 1514.000000 1.102947 0.266563
 1515.000000 1.119810 0.221164
 1516.000000 1.126656 0.234664
 1517.000000 1.156506 0.196336
 1518.000000 1.114939 0.276656
 1519.000000 1.191137 0.180279
 1520.000000 1.219922 0.213440
 1521.000000 1.145467 0.211896
 1522.000000 1.185373 0.190395
 1523.000000 1.168734 0.250614
 1524.000000 1.127986 0.244278
 1525.000000 1.125871 0.150740
 1526.000000 1.191582 0.249978
 1527.000000 1.219099 0.150195
 1528.000000 1.175386 0.219532
 1529.000000 1.270865 0.220723
 1530.000000 1.309863 0.162224
 1531.000000 1.181882 0.270184
 1532.000000 1.169583 0.203715
 1533.000000 1.223420 0.329234
 1534.000000 1.228523 0.159677
 1535.000000 1.217530 0.280309
 1536.000000 1.284843 0.287069
 1537.000000 1.198962 0.190274
 1538.000000 1.295956 0.243721
 1539.000000 1.182264 0.229850
 1540.000000 1.184332 0.283012
 1541.000000 1.205976 0.236796
 1542.000000 1.096509 0.333979
 1543.000000 1.222764 0.195292
 1544.000000 1.064031 0.193763
 1545.000000 1.182827 0.143455
 1546.000000 1.059844 0.229404
 1547.000000 1.060462 0.250662
 1548.000000 1.073860 0.272038
 1549.000000 1.143406 0.186628
 1550.000000 1.100702 0.230543
 1551.000000 1.187942 0.168648
 1552.000000 1.230345 0.255417
 1553.000000 1.120945 0.143148
 1554.000000 1.168516 0.248241
 1555.000000 1.170663 0.220701
 1556.000000 1.095419 0.215568
 1557.000000 1.104296 0.233378
 1558.000000 1.179015 0.224152
 1559.000000 1.171546 0.254416
 1560.000000 1.025411 0.292321
 1561.000000 1.061693 0.232820
 1562.000000 1.169094 0.315074
 1563.000000 1.120392 0.211763
 1564.000000 1.117845 0.254017
 1565.000000 1.204344 0.196949
 1566.000000 1.112215 0.289599
 1567.000000 1.094207 0.285622
 1568.000000 1.211885 0.294632
 1569.000000 1.185855 0.283654
 1570.000000 1.157000 0.283282
 1571.000000 1.188496 0.327136
 1572.000000 1.063903 0.128909
 1573.000000 1.178909 0.311274
 1574.000000 1.134614 0.219483
 1575.000000 1.128939 0.230106
 1576.000000 1.190285 0.219354
 1577.000000 1.258362 0.216658
 1578.000000 1.177548 0.189534
 1579.000000 1.166415 0.228337
 1580.000000 1.169499 0.281478
 1581.000000 1.204267 0.272729
 1582.000000 1.270256 0.230218
 1583.000000 1.219538 0.271370
 1584.000000 1.165549 0.204156
 1585.000000 1.128279 0.253528
 1586.000000 1.168319 0.298340
 1587.000000 1.156183 0.195998
 1588.000000 1.154404 0.313434
 1589.000000 1.249202 0.349101
 1590.000000 1.127979 0.229407
 1591.000000 1.186147 0.275177
 1592.000000 1.169300 0.293227
 1593.000000 1.189166 0.211522
 1594.000000 1.203963 0.179450
 1595.000000 1.156228 0.231958
 1596.000000 1.237702 0.245178
 1597.000000 1.192391 0.240440
 1598.000000 1.185022 0.220439
 1599.000000 1.160945 0.257977
 1600.000000 1.178252 0.300685
 1601.000000 1.134635 0.256254
 1602.000000 1.205776 0.242290
 1603.000000 1.075388 0.143708
 1604.000000 1.105548 0.272755
 1605.000000 1.193106 0.180959
 1606.000000 1.184359 0.179616
 1607.000000 1.117266 0.280912
 1608.000000 1.163939 0.178202
 1609.000000 1.055807 0.129294
 1610.000000 1.158548 0.134446
 1611.000000 1.264863 0.158586
 1612.000000 1.229726 0.163371
 1613.000000 1.117809 0.184815
 1614.000000 1.137766 0.178661
 1615.000000 1.124340 0.153913
 1616.000000 1.155089 0.138682
 1617.000000 1.118864 0.199544
 1618.000000 1.175595 0.218539
 1619.000000 1.116253 0.183091
 1620.000000 1.164686 0.227664
 1621.000000 1.140071 0.232682
 1622.000000 1.163089 0.151496
 1623.000000 1.168958 0.174575
 1624.000000 1.210420 0.216868
 1625.000000 1.174407 0.176935
 1626.000000 1.220480 0.190590
 1627.000000 1.122318 0.180703
 1628.000000 1.055831 0.144351
 1629.000000 1.070152 0.214576
 1630.000000 1.206277 0.098554
 1631.000000 1.226234 0.188511
 1632.000000 1.249132 0.165025
 1633.000000 1.194275 0.250518
 1634.000000 1.210453 0.180899
 1635.000000 1.247854 0.141522
 1636.000000 1.173731 0.137061
 1637.000000 1.268476 0.213705
 1638.000000 1.211481 0.213971
 1639.000000 1.144227 0.283002
 1640.000000 1.236859 0.217446
 1641.000000 1.254482 0.232474
 1642.000000 1.199256 0.185180
 1643.000000 1.179370 0.216920
 1644.000000 1.255948 0.132994
 1645.000000 1.115493 0.194612
 1646.000000 1.199368 0.197145
 1647.000000 1.093643 0.224957
 1648.000000 1.057479 0.155015
 1649.000000 1.125152 0.213074
 1650.000000 1.173072 0.207554
 1651.000000 1.201595 0.208834
 1652.000000 1.107782 0.199129
 1653.000000 1.093147 0.198703
 1654.000000 1.120976 0.255241
 1655.000000 1.182160 0.310715
 1656.000000 1.075647 0.184983
 1657.000000 1.180608 0.178658
 1658.000000 1.195084 0.242359
 1659.000000 1.166904 0.140504
 1660.000000 1.076798 0.235123
 1661.000000 1.306336 0.177549
 1662.000000 1.126568 0.146128
 1663.000000 1.144060 0.130163
 1664.000000 1.113950 0.164981
 1665.000000 1.293503 0.127124
 1666.000000 1.196952 0.186337
 1667.000000 1.185102 0.125057
 1668.000000 1.238816 0.148943
 1669.000000 1.177100 0.108258
 1670.000000 1.163063 0.238493
 1671.000000 1.205811 0.153354
 1672.000000 1.189117 0.277985
 1673.000000 1.163220 0.094655
 1674.000000 1.163891 0.203504
 1675.000000 1.175622 0.140388
 1676.000000 1.115427 0.155822
 1677.000000 1.171899 0.213654
 1678.000000 1.156456 0.283697
 1679.000000 1.132540 0.185687
 1680.000000 1.149020 0.083768
 1681.000000 1.154571 0.117051
 1682.000000 1.215565 0.280253
 1683.000000 1.245315 0.269279
 1684.000000 1.289588 0.195513
 1685.000000 1.255796 0.141345
 1686.000000 1.178710 0.194933
 1687.000000 1.221318 0.209128
 1688.000000 1.205744 0.239393
 1689.000000 1.245921 0.221097
 1690.000000 1.177520 0.282929
 1691.000000 1.236416 0.186373
 1692.000000 1.122654 0.236728
 1693.000000 1.166770 0.249809
 1694.000000 1.192671 0.202882
 1695.000000 1.133524 0.157081
 1696.000000 1.158309 0.179706
 1697.000000 1.174731 0.179777
 1698.000000 1.142261 0.263972
 1699.000000 1.162204 0.140797
 1700.000000 1.152389 0.193359
 1701.000000 1.134374 0.214013
 1702.000000 1.164208 0.220616
 1703.000000 1.148531 0.247777
 1704.000000 1.184953 0.168992
 1705.000000 1.204367 0.101949
 1706.000000 1.093269 0.308422
 1707.000000 1.242524 0.257147
 1708.000000 1.200951 0.197036
 1709.000000 1.158355 0.253255
 1710.000000 1.222745 0.255366
 1711.000000 1.289936 0.225042
 1712.000000 1.160755 0.285647
 1713.000000 1.215322 0.330262
 1714.000000 1.181483 0.259072
 1715.000000 1.155805 0.221876
 1716.000000 1.024381 0.325890
 1717.000000 1.044094 0.299443
 1718.000000 1.138568 0.145750
 1719.000000 1.192391 0.265400
 1720.000000 1.272376 0.307768
 1721.000000 1.118425 0.228181
 1722.000000 1.121288 0.216005
 1723.000000 1.228050 0.239076
 1724.000000 1.060272 0.196946
 1725.000000 1.191207 0.221506
 1726.000000 1.128449 0.203012
 1727.000000 1.116034 0.264877
 1728.000000 1.074045 0.242206
 1729.000000 1.139779 0.311832
 1730.000000 1.109799 0.291822
 1731.000000 1.144274 0.174260
 1732.000000 1.090207 0.368355
 1733.000000 1.200377 0.233449
 1734.000000 1.149298 0.264470
 1735.000000 1.255111 0.362943
 1736.000000 1.183804 0.227973
 1737.000000 1.243674 0.173435
 1738.000000 1.046082 0.247854
 1739.000000 1.144024 0.204964
 1740.000000 1.128582 0.264058
 1741.000000 1.202031 0.294398
 1742.000000 1.172238 0.191045
 1743.000000 1.153778 0.295683
 1744.000000 1.150463 0.219550
 1745.000000 1.207321 0.190819
 1746.000000 1.225107 0.176991
 1747.000000 1.208522 0.246835
 1748.000000 1.186800 0.235626
 1749.000000 1.099932 0.150793
 1750.000000 1.189380 0.152102
 1751.000000 1.162762 0.166885
 1752.000000 1.170393 0.204208
 1753.000000 1.132521 0.167254
 1754.000000 1.070485 0.228888
 1755.000000 1.074100 0.142059
 1756.000000 1.090082 0.139176
 1757.000000 1.179152 0.211777
 1758.000000 1.094105 0.220779
 1759.000000 1.072959 0.200220
 1760.000000 1.072983 0.250159
 1761.000000 1.240777 0.258614
 1762.000000 1.131841 0.211299
 1763.000000 1.139684 0.156914
 1764.000000 1.176454 0.210589
 1765.000000 1.259976 0.223610
 1766.000000 1.077839 0.276571
 1767.000000 1.246011 0.185077
 1768.000000 1.104962 0.229324
 1769.000000 1.222591 0.116111
 1770.000000 1.178594 0.172612
 1771.000000 1.113386 0.188544
 1772.000000 1.149303 0.187968
 1773.000000 1.194241 0.228063
 1774.000000 1.235224 0.220014
 1775.000000 1.216835 0.223828
 1776.000000 1.246815 0.228377
 1777.000000 1.092767 0.256359
 1778.000000 1.216721 0.141748
 1779.000000 1.187886 0.102920
 1780.000000 1.194592 0.051223
 1781.000000 1.270789 0.192204
 1782.000000 1.243669 0.252152
 1783.000000 1.237086 0.245437
 1784.000000 1.256814 0.196435
 1785.000000 1.304801 0.170460
 1786.000000 1.154147 0.210435
 1787.000000 1.203734 0.261317
 1788.000000 1.146006 0.207459
 1789.000000 1.193652 0.235372
 1790.000000 1.199401 0.130388
 1791.000000 1.223339 0.130460
 1792.000000 1.173036 0.146836
 1793.000000 1.219498 0.226624
 1794.000000 1.241462 0.255457
 1795.000000 1.164341 0.298957
 1796.000000 1.183335 0.222879
 1797.000000 1.118450 0.257967
 1798.000000 1.116217 0.246232
 1799.000000 1.179330 0.223874
 1800.000000 1.203875 0.200760
 1801.000000 1.167098 0.208516
 1802.000000 1.173165 0.112241
 1803.000000 1.192056 0.244646
 1804.000000 1.173375 0.200374
 1805.000000 1.180444 0.235576
 1806.000000 1.123564 0.264742
 1807.000000 1.220896 0.207377
 1808.000000 1.136252 0.228448
 1809.000000 1.230842 0.243167
 1810.000000 1.133740 0.197984
 1811.000000 1.142508 0.216054
 1812.000000 1.134482 0.164009
 1813.000000 1.180828 0.236568
 1814.000000 1.135317 0.142480
 1815.000000 1.052958 0.141887
 1816.000000 1.125454 0.241827
 1817.000000 1.185954 0.194073
 1818.000000 1.196316 0.381127
 1819.000000 1.166259 0.242991
 1820.000000 1.111933 0.290627
 1821.000000 1.208925 0.222968
 1822.000000 1.179920 0.160828
 1823.000000 1.109873 0.140342
 1824.000000 1.139682 0.233358
 1825.000000 1.215898 0.262222
 1826.000000 1.123214 0.270404
 1827.000000 1.194637 0.216660
 1828.000000 1.157195 0.269703
 1829.000000 1.150927 0.272399
 1830.000000 1.226740 0.258552
 1831.000000 1.226223 0.272392
 1832.000000 1.044420 0.261411
 1833.000000 1.198996 0.202760
 1834.000000 1.202359 0.171499
 1835.000000 1.091615 0.134775
 1836.000000 1.152950 0.140274
 1837.000000 1.098784 0.299622
 1838.000000 1.151952 0.241349
 1839.000000 1.096984 0.288056
 1840.000000 1.168548 0.432977
 1841.000000 1.100976 0.281724
 1842.000000 1.185153 0.168964
 1843.000000 1.187250 0.292067
 1844.000000 1.174492 0.225012
 1845.000000 1.100740 0.300201
 1846.000000 1.230211 0.163357
 1847.000000 1.087747 0.175146
 1848.000000 1.136955 0.232204
 1849.000000 1.098614 0.202265
 1850.000000 1.161122 0.208309
 1851.000000 1.075554 0.197167
 1852.000000 1.084317 0.191182
 1853.000000 1.108155 0.204752
 1854.000000 1.181917 0.286505
 1855.000000 1.174701 0.136240
 1856.000000 1.162989 0.210949
 1857.000000 1.121248 0.178771
 1858.000000 1.166061 0.177532
 1859.000000 1.166766 0.202493
 1860.000000 1.200923 0.255485
 1861.000000 1.191624 0.223150
 1862.000000 1.174051 0.206458
 1863.000000 1.242383 0.224557
 1864.000000 1.230430 0.152248
 1865.000000 1.114603 0.202964
 1866.000000 1.172911 0.289431
 1867.000000 1.157136 0.305164
 1868.000000 1.162137 0.308186
 1869.000000 1.084315 0.289435
 1870.000000 1.131890 0.230419
 1871.000000 1.181054 0.274365
 1872.000000 1.173353 0.150169
 1873.000000 1.166418 0.278993
 1874.000000 1.242214 0.227246
 1875.000000 1.201235 0.309043
 1876.000000 1.188224 0.230319
 1877.000000 1.168689 0.298329
 1878.000000 1.120728 0.198274
 1879.000000 1.078576 0.263703
 1880.000000 1.105287 0.238148
 1881.000000 1.151948 0.267170
 1882.000000 1.020431 0.261403
 1883.000000 1.098632 0.126655
 1884.000000 1.103688 0.227336
 1885.000000 1.098092 0.237731
 1886.000000 1.072767 0.219115
 1887.000000 1.130854 0.212578
 1888.000000 1.128541 0.286628
 1889.000000 1.221392 0.295119
 1890.000000 1.191462 0.325345
 1891.000000 1.145118 0.249896
 1892.000000 1.170100 0.168645
 1893.000000 1.103557 0.184631
 1894.000000 1.185563 0.331483
 1895.000000 1.068315 0.208899
 1896.000000 1.101430 0.156189
 1897.000000 1.150922 0.126829
 1898.000000 1.203277 0.114461
 1899.000000 1.145243 0.247521
 1900.000000 1.102213 0.224267
 1901.000000 1.060499 0.181808
 1902.000000 1.116948 0.149562
 1903.000000 1.192539 0.272143
 1904.000000 1.159922 0.164256
 1905.000000 1.166045 0.130007
 1906.000000 1.115315 0.185957
 1907.000000 1.139635 0.123906
 1908.000000 1.138731 0.197763
 1909.000000 1.206598 0.218183
 1910.000000 1.218845 0.146450
 1911.000000 1.355305 0.211207
 1912.000000 1.200305 0.165363
 1913.000000 1.156812 0.124223
 1914.000000 1.147256 0.219407
 1915.000000 1.190074 0.164908
 1916.000000 1.254454 0.190614
 1917.000000 1.177843 0.151169
 1918.000000 1.168873 0.195476
 1919.000000 1.232957 0.249468
 1920.000000 1.125071 0.166922
 1921.000000 1.205131 0.211246
 1922.000000 1.174597 0.204343
 1923.000000 1.132228 0.135815
 1924.000000 1.134553 0.222642
 1925.000000 1.196672 0.214434
 1926.000000 1.109409 0.261639
 1927.000000 1.100250 0.178460
 1928.000000 1.150424 0.158237
 1929.000000 1.180873 0.219217
 1930.000000 1.173779 0.190557
 1931.000000 1.144565 0.233191
 1932.000000 1.247671 0.191639
 1933.000000 1.142989 0.179394
 1934.000000 1.154063 0.203021
 1935.000000 1.105691 0.247736
 1936.000000 1.175736 0.104276
 1937.000000 1.091823 0.200403
 1938.000000 1.155302 0.134654
 1939.000000 1.116778 0.103310
 1940.000000 1.194416 0.117783
 1941.000000 1.120040 0.175867
 1942.000000 1.231690 0.201439
 1943.000000 1.243119 0.153710
 1944.000000 1.241247 0.124172
 1945.000000 1.138581 0.183706
 1946.000000 1.226865 0.115893
 1947.000000 1.157789 0.140365
 1948.000000 1.168540 0.270305
 1949.000000 1.208276 0.131128
 1950.000000 1.102332 0.144769
 1951.000000 1.178403 0.174382
 1952.000000 1.217991 0.181276
 1953.000000 1.184719 0.179927
 1954.000000 1.255888 0.192156
 1955.000000 1.147345 0.114455
 1956.000000 1.216058 0.146508
 1957.000000 1.283666 0.245159
 1958.000000 1.189535 0.150479
 1959.000000 1.202149 0.245170
 1960.000000 1.217429 0.204898
 1961.000000 1.229681 0.156483
 1962.000000 1.213044 0.215346
 1963.000000 1.291490 0.273904
 1964.000000 1.208510 0.278681
 1965.000000 1.246246 0.273653
 1966.000000 1.116119 0.265129
 1967.000000 1.210766 0.203762
 1968.000000 1.156147 0.306313
 1969.000000 1.204138 0.324071
 1970.000000 1.210090 0.377535
 1971.000000 1.278277 0.228682
 1972.000000 1.139480 0.244698
 1973.000000 1.219624 0.211950
 1974.000000 1.089851 0.196806
 1975.000000 1.229929 0.254441
 1976.000000 1.176330 0.200237
 1977.000000 1.214837 0.231293
 1978.000000 1.155076 0.147040
 1979.000000 1.195083 0.164021
 1980.000000 1.150724 0.221005
 1981.000000 1.216391 0.230988
 1982.000000 1.181432 0.099191
 1983.000000 1.179313 0.290910
 1984.000000 1.154285 0.223476
 1985.000000 1.176940 0.166620
 1986.000000 1.242847 0.147092
 1987.000000 1.148731 0.302217
 1988.000000 1.173925 0.249232
 1989.000000 1.154352 0.262094
 1990.000000 1.191545 0.300759
 1991.000000 1.196091 0.199708
 1992.000000 1.209267 0.130782
 1993.000000 1.242535 0.184240
 1994.000000 1.230140 0.182463
 1995.000000 1.219352 0.211943
 1996.000000 1.192579 0.214948
 1997.000000 1.212452 0.260734
 1998.000000 1.125282 0.237430
 1999.000000 1.225522 0.205643
 2000.000000 1.158040 0.129270
 2001.000000 1.131204 0.185364
 2002.000000 1.139066 0.209083
 2003.000000 1.201511 0.231811
 2004.000000 1.136394 0.266102
 2005.000000 1.162000 0.314086
 2006.000000 1.192686 0.309083
 2007.000000 1.190005 0.250587
 2008.000000 1.114502 0.269187
 2009.000000 1.132856 0.211983
 2010.000000 1.147284 0.241063
 2011.000000 1.260357 0.207074
 2012.000000 1.162824 0.316159
 2013.000000 1.172415 0.139392
 2014.000000 1.163824 0.233048
 2015.000000 1.194443 0.201702
 2016.000000 1.108908 0.184846
 2017.000000 1.238371 0.233792
 2018.000000 1.144885 0.257239
 2019.000000 1.170913 0.234408
 2020.000000 1.173381 0.272953
 2021.000000 1.001353 0.206366
 2022.000000 1.060602 0.204178
 2023.000000 1.177967 0.176801
 2024.000000 1.211356 0.150776
 2025.000000 1.176578 0.151223
 2026.000000 1.133448 0.130198
 2027.000000 1.219633 0.176626
 2028.000000 1.169386 0.006908
 2029.000000 1.159317 0.098604
 2030.000000 1.160487 0.235202
 2031.000000 1.213885 0.223181
 2032.000000 1.075320 0.281264
 2033.000000 1.174783 0.250009
 2034.000000 1.259014 0.236555
 2035.000000 1.203667 0.251208
 2036.000000 1.190478 0.138707
 2037.000000 1.119165 0.236311
 2038.000000 1.203291 0.248553
 2039.000000 1.196980 0.230282
 2040.000000 1.093777 0.127374
 2041.000000 1.162875 0.140520
 2042.000000 1.125880 0.156105
 2043.000000 1.172394 0.118763
 2044.000000 1.146149 0.176294
 2045.000000 1.147413 0.333278
 2046.000000 1.171475 0.242919
 2047.000000 1.203060 0.158118
 2048.000000 1.119528 0.118563
 2049.000000 1.175266 0.205844
 2050.000000 1.223244 0.269041
 2051.000000 1.239616 0.151765
 2052.000000 1.315765 0.049433
 2053.000000 1.133051 0.142833
 2054.000000 1.143877 0.206142
 2055.000000 1.117305 0.127181
 2056.000000 1.152677 0.182969
 2057.000000 1.224424 0.187486
 2058.000000 1.178646 0.240866
 2059.000000 1.194620 0.202496
 2060.000000 1.216207 0.141014
 2061.000000 1.195048 0.232369
 2062.000000 1.192907 0.296827
 2063.000000 1.150792 0.292120
 2064.000000 1.179625 0.209441
 2065.000000 1.166342 0.281309
 2066.000000 1.166436 0.262135
 2067.000000 1.099924 0.193619
 2068.000000 1.096878 0.198179
 2069.000000 1.055109 0.239823
 2070.000000 1.194435 0.298287
 2071.000000 1.111571 0.225500
 2072.000000 1.138568 0.255884
 2073.000000 1.142657 0.264832
 2074.000000 1.103868 0.273559
 2075.000000 1.157995 0.233332
 2076.000000 1.121016 0.287941
 2077.000000 1.080545 0.295028
 2078.000000 1.145505 0.246772
 2079.000000 1.162591 0.282487
 2080.000000 1.157197 0.169862
 2081.000000 1.079736 0.135748
 2082.000000 1.134476 0.221272
 2083.000000 1.063483 0.144036
 2084.000000 1.120362 0.214076
 2085.000000 1.213236 0.277850
 2086.000000 1.170815 0.257626
 2087.000000 1.145437 0.240133
 2088.000000 1.167070 0.221913
 2089.000000 1.191239 0.138006
 2090.000000 1.237927 0.240415
 2091.000000 1.154683 0.180498
 2092.000000 1.172931 0.240419
 2093.000000 1.241854 0.228317
 2094.000000 1.250697 0.188198
 2095.000000 1.263227 0.172101
 2096.000000 1.145337 0.153687
 2097.000000 1.297495 0.197427
 2098.000000 1.112378 0.212103
 2099.000000 1.197085 0.300254
 2100.000000 1.120633 0.213497
 2101.000000 1.250810 0.283121
 2102.000000 1.097686 0.294146
 2103.000000 1.128495 0.216877
 2104.000000 1.154275 0.207461
 2105.000000 1.149896 0.240676
 2106.000000 1.113377 0.173125
 2107.000000 1.112432 0.198953
 2108.000000 1.060204 0.166547
 2109.000000 1.203420 0.195139
 2110.000000 1.219835 0.246772
 2111.000000 1.094896 0.303336
 2112.000000 1.219191 0.191079
 2113.000000 1.216744 0.198971
 2114.000000 1.167222 0.214716
 2115.000000 1.212534 0.206623
 2116.000000 1.101497 0.248247
 2117.000000 1.143746 0.204515
 2118.000000 1.180256 0.262056
 2119.000000 1.189432 0.280736
 2120.000000 1.209383 0.215562
 2121.000000 1.186419 0.227485
 2122.000000 1.234355 0.227157
 2123.000000 1.175563 0.240809
 2124.000000 1.140556 0.157588
 2125.000000 1.095320 0.178632
 2126.000000 1.156947 0.248409
 2127.000000 1.158272 0.228163
 2128.000000 1.176917 0.202863
 2129.000000 1.263258 0.225396
 2130.000000 1.076864 0.268300
 2131.000000 1.224234 0.158918
 2132.000000 1.138500 0.300055
 2133.000000 1.183852 0.191834
 2134.000000 1.112379 0.278955
 2135.000000 1.164231 0.179940
 2136.000000 1.192749 0.228013
 2137.000000 1.206322 0.264084
 2138.000000 1.246736 0.122358
 2139.000000 1.252370 0.146642
 2140.000000 1.251111 0.098008
 2141.000000 1.176614 0.180398
 2142.000000 1.167817 0.226553
 2143.000000 1.300778 0.192061
 2144.000000 1.077804 0.210863
 2145.000000 1.192544 0.225605
 2146.000000 1.174236 0.207580
 2147.000000 1.128501 0.283257
 2148.000000 1.147968 0.182801
 2149.000000 1.190584 0.182276
 2150.000000 1.236011 0.136952
 2151.000000 1.214023 0.213174
 2152.000000 1.194657 0.204614
 2153.000000 1.146132 0.252950
 2154.000000 1.214906 0.184167
 2155.000000 1.144581 0.172924
 2156.000000 1.219718 0.187804
 2157.000000 1.108581 0.150665
 2158.000000 1.122504 0.155248
 2159.000000 1.025939 0.248097
 2160.000000 1.123479 0.193741
 2161.000000 1.054443 0.195635
 2162.000000 1.199321 0.179807
 2163.000000 1.017730 0.186527
 2164.000000 1.080720 0.225256
 2165.000000 1.078946 0.306522
 2166.000000 1.209022 0.227440
 2167.000000 1.096629 0.213573
 2168.000000 1.250668 0.140274
 2169.000000 1.100824 0.219629
 2170.000000 1.140630 0.185383
 2171.000000 1.186154 0.259062
 2172.000000 1.252233 0.321172
 2173.000000 1.269112 0.247028
 2174.000000 1.201204 0.295279
 2175.000000 1.187883 0.181223
 2176.000000 1.154171 0.275743
 2177.000000 1.167108 0.297528
 2178.000000 1.224333 0.206798
 2179.000000 1.054329 0.260464
 2180.000000 1.178596 0.217994
 2181.000000 1.080832 0.214690
 2182.000000 1.142771 0.243204
 2183.000000 1.189607 0.099230
 2184.000000 1.087952 0.210298
 2185.000000 1.209268 0.218970
 2186.000000 1.137926 0.277224
 2187.000000 1.199794 0.316210
 2188.000000 1.189776 0.282357
 2189.000000 1.169371 0.176456
 2190.000000 1.119026 0.284813
 2191.000000 1.134389 0.251509
 2192.000000 1.213092 0.202667
 2193.000000 1.117664 0.190887
 2194.000000 1.188515 0.229686
 2195.000000 1.170955 0.204070
 2196.000000 1.110743 0.236792
 2197.000000 1.121370 0.225337
 2198.000000 1.239282 0.140144
 2199.000000 1.211427 0.225227
 2200.000000 1.252190 0.214447
 2201.000000 1.227900 0.298993
 2202.000000 1.376583 0.179757
 2203.000000 1.299806 0.182595
 2204.000000 1.185432 0.272292
 2205.000000 1.143187 0.282526
 2206.000000 1.136446 0.213868
 2207.000000 1.161714 0.239597
 2208.000000 1.116814 0.125474
 2209.000000 1.132458 0.165530
 2210.000000 1.143437 0.223714
 2211.000000 1.140902 0.182002
 2212.000000 1.053327 0.189755
 2213.000000 1.138635 0.248048
 2214.000000 1.184678 0.093539
 2215.000000 1.148951 0.184102
 2216.000000 1.179216 0.194638
 2217.000000 1.170261 0.207217
 2218.000000 1.305686 0.159302
 2219.000000 1.175431 0.078685
 2220.000000 1.106084 0.206086
 2221.000000 1.144126 0.211696
 2222.000000 1.162122 0.168314
 2223.000000 1.133030 0.172723
 2224.000000 1.098536 0.212317
 2225.000000 1.098126 0.197521
 2226.000000 1.127838 0.175514
 2227.000000 1.235280 0.133488
 2228.000000 1.217265 0.076776
 2229.000000 1.136760 0.146948
 2230.000000 1.064622 0.181230
 2231.000000 1.147043 0.160893
 2232.000000 1.151351 0.225222
 2233.000000 1.127714 0.236845
 2234.000000 1.198670 0.136588
 2235.000000 1.141908 0.124962
 2236.000000 1.210491 0.139402
 2237.000000 1.064421 0.222321
 2238.000000 1.162798 0.167745
 2239.000000 1.160404 0.129788
 2240.000000 1.082824 0.137036
 2241.000000 1.231164 0.210274
 2242.000000 1.188115 0.209636
 2243.000000 1.137785 0.245975
 2244.000000 1.156478 0.217447
 2245.000000 1.168367 0.120250
 2246.000000 1.221632 0.113187
 2247.000000 1.145668 0.244418
 2248.000000 1.205656 0.249508
 2249.000000 1.287467 0.163148
 2250.000000 1.282911 0.197527
 2251.000000 1.154838 0.180261
 2252.000000 1.235659 0.162511
 2253.000000 1.142378 0.177392
 2254.000000 1.168519 0.155605
 2255.000000 1.259456 0.216391
 2256.000000 1.159739 0.193355
 2257.000000 1.200657 0.222735
 2258.000000 1.168757 0.255619
 2259.000000 1.179866 0.310257
 2260.000000 1.199636 0.326299
 2261.000000 1.158390 0.196009
 2262.000000 1.271554 0.270174
 2263.000000 1.135934 0.244680
 2264.000000 1.155595 0.179591
 2265.000000 1.141160 0.241536
 2266.000000 1.202746 0.217497
 2267.000000 1.276957 0.275471
 2268.000000 1.187176 0.289541
 2269.000000 1.286602 0.270993
 2270.000000 1.257809 0.250880
 2271.000000 1.154868 0.304685
 2272.000000 1.131342 0.356430
 2273.000000 1.137579 0.229122
 2274.000000 1.179788 0.150935
 2275.000000 1.160451 0.221894
 2276.000000 1.236263 0.081127
 2277.000000 1.148263 0.292669
 2278.000000 1.214574 0.216565
 2279.000000 1.240807 0.236888
 2280.000000 1.083559 0.275968
 2281.000000 1.157343 0.277914
 2282.000000 1.206281 0.243676
 2283.000000 1.160477 0.287395
 2284.000000 1.131050 0.212937
 2285.000000 1.101484 0.281868
 2286.000000 1.132026 0.216090
 2287.000000 1.262339 0.181591
 2288.000000 1.132457 0.236218
 2289.000000 1.132649 0.139749
 2290.000000 1.209152 0.247580
 2291.000000 1.180769 0.203139
 2292.000000 1.088400 0.276566
 2293.000000 1.121165 0.220089
 2294.000000 1.097588 0.202445
 2295.000000 1.220179 0.183374
 2296.000000 1.134476 0.210088
 2297.000000 1.227673 0.208692
 2298.000000 1.197374 0.202076
 2299.000000 1.151893 0.166787
 2300.000000 1.239535 0.148227
 2301.000000 1.217467 0.161787
 2302.000000 1.206972 0.185403
 2303.000000 1.210843 0.240733
 2304.000000 1.170274 0.235269
 2305.000000 1.241931 0.203442
 2306.000000 1.208837 0.241001
 2307.000000 1.098138 0.311412
 2308.000000 1.276250 0.239694
 2309.000000 1.243160 0.252163
 2310.000000 1.274527 0.215113
 2311.000000 1.011186 0.250646
 2312.000000 1.123589 0.200952
 2313.000000 1.086143 0.207286
 2314.000000 1.163993 0.143761
 2315.000000 1.149500 0.178462
 2316.000000 1.158800 0.127152
 2317.000000 1.095594 0.152334
 2318.000000 1.171986 0.296377
 2319.000000 1.260503 0.349402
 2320.000000 1.106175 0.248145
 2321.000000 1.268978 0.262746
 2322.000000 1.208552 0.281258
 2323.000000 1.200573 0.288529
 2324.000000 1.206738 0.266808
 2325.000000 1.168268 0.174477
 2326.000000 1.097182 0.165425
 2327.000000 1.235036 0.302584
 2328.000000 1.257631 0.289591
 2329.000000 1.233359 0.190558
 2330.000000 1.224233 0.282266
 2331.000000 1.157925 0.308374
 2332.000000 1.235818 0.136478
 2333.000000 1.226090 0.222427
 2334.000000 1.202487 0.255194
 2335.000000 1.248983 0.244285
 2336.000000 1.290043 0.292135
 2337.000000 1.175070 0.344936
 2338.000000 1.223818 0.179866
 2339.000000 1.202429 0.368059
 2340.000000 1.220171 0.367903
 2341.000000 1.213319 0.308539
 2342.000000 1.177780 0.306081
 2343.000000 1.133032 0.291255
 2344.000000 1.112840 0.258976
 2345.000000 1.239614 0.205389
 2346.000000 1.125539 0.241033
 2347.000000 1.261553 0.189307
 2348.000000 1.194391 0.197891
 2349.000000 1.090862 0.194647
 2350.000000 1.153122 0.239593
 2351.000000 1.115528 0.193226
 2352.000000 1.156987 0.254189
 2353.000000 1.216833 0.142743
 2354.000000 1.179379 0.124042
 2355.000000 1.184942 0.256150
 2356.000000 1.144253 0.157192
 2357.000000 1.165936 0.181114
 2358.000000 1.195207 0.132916
 2359.000000 1.128200 0.106922
 2360.000000 1.075558 0.221172
 2361.000000 1.121766 0.258703
 2362.000000 1.134061 0.244616
 2363.000000 1.171178 0.380129
 2364.000000 1.192377 0.265295
 2365.000000 1.136272 0.209214
 2366.000000 1.063585 0.216927
 2367.000000 1.129963 0.203071
 2368.000000 1.135423 0.217068
 2369.000000 1.200438 0.252174
 2370.000000 1.121922 0.152660
 2371.000000 1.137226 0.266564
 2372.000000 1.140834 0.229778
 2373.000000 1.169910 0.193148
 2374.000000 1.154501 0.206387
 2375.000000 1.110160 0.187600
 2376.000000 1.231920 0.218374
 2377.000000 1.160405 0.340159
 2378.000000 1.097339 0.173430
 2379.000000 1.188362 0.165360
 2380.000000 1.184742 0.209937
 2381.000000 1.080998 0.308398
 2382.000000 1.094451 0.303668
 2383.000000 1.247737 0.187273
 2384.000000 1.139362 0.325889
 2385.000000 1.152584 0.290133
 2386.000000 1.169046 0.270592
 2387.000000 1.106383 0.236517
 2388.000000 1.242063 0.313885
 2389.000000 1.235733 0.277346
 2390.000000 1.196814 0.249866
 2391.000000 1.157610 0.222985
 2392.000000 1.210608 0.212776
 2393.000000 1.164898 0.165756
 2394.000000 1.115091 0.155530
 2395.000000 1.225252 0.176701
 2396.000000 1.231975 0.181056
 2397.000000 1.150558 0.172848
 2398.000000 1.208241 0.343941
 2399.000000 1.238830 0.205734
 2400.000000 1.148143 0.194367
 2401.000000 1.112835 0.282472
 2402.000000 1.152719 0.191474
 2403.000000 1.144293 0.213339
 2404.000000 1.106964 0.213706
 2405.000000 1.122958 0.212875
 2406.000000 1.285325 0.136371
 2407.000000 1.165451 0.124635
 2408.000000 1.205654 0.142154
 2409.000000 1.231612 0.196943
 2410.000000 1.274060 0.200451
 2411.000000 1.245201 0.203803
 2412.000000 1.249021 0.249050
 2413.000000 1.211534 0.227160
 2414.000000 1.120701 0.199547
 2415.000000 1.169296 0.241359
 2416.000000 1.139338 0.169615
 2417.000000 1.215134 0.230465
 2418.000000 1.157559 0.256281
 2419.000000 1.262549 0.220749
 2420.000000 1.126800 0.184143
 2421.000000 1.181510 0.224362
 2422.000000 1.261121 0.210464
 2423.000000 1.198094 0.286715
 2424.000000 1.184223 0.285412
 2425.000000 1.208689 0.267227
 2426.000000 1.133062 0.208206
 2427.000000 1.118118 0.221019
 2428.000000 1.162632 0.217311
 2429.000000 1.256241 0.293646
 2430.000000 1.165298 0.161749
 2431.000000 1.104589 0.354049
 2432.000000 1.187478 0.299769
 2433.000000 1.138946 0.177757
 2434.000000 1.132951 0.210063
 2435.000000 1.130368 0.153734
 2436.000000 1.095937 0.209615
 2437.000000 1.261146 0.190725
 2438.000000 1.093141 0.258176
 2439.000000 1.178448 0.302767
 2440.000000 1.204915 0.320861
 2441.000000 1.120409 0.210253
 2442.000000 1.186036 0.162633
 2443.000000 1.212164 0.201302
 2444.000000 1.229082 0.217636
 2445.000000 1.261236 0.277857
 2446.000000 1.240862 0.198769
 2447.000000 1.156713 0.173767
 2448.000000 1.261406 0.150272
 2449.000000 1.174561 0.186238
 2450.000000 1.196480 0.254832
 2451.000000 1.231164 0.091769
 2452.000000 1.096342 0.246788
 2453.000000 1.131835 0.293533
 2454.000000 1.076220 0.273521
 2455.000000 1.207372 0.160283
 2456.000000 1.005434 0.210272
 2457.000000 1.069782 0.139032
 2458.000000 1.088504 0.221449
 2459.000000 1.045726 0.185371
 2460.000000 1.108488 0.266154
 2461.000000 1.185299 0.199532
 2462.000000 1.164462 0.284247
 2463.000000 1.162724 0.285718
 2464.000000 1.171133 0.240609
 2465.000000 1.075083 0.161743
 2466.000000 1.112855 0.102579
 2467.000000 1.129060 0.151510
 2468.000000 1.227604 0.227024
 2469.000000 1.296269 0.291089
 2470.000000 1.199639 0.182862
 2471.000000 1.153945 0.253229
 2472.000000 1.177526 0.179888
 2473.000000 1.146379 0.191645
 2474.000000 1.165232 0.296134
 2475.000000 1.123403 0.185780
 2476.000000 1.090153 0.195519
 2477.000000 1.118413 0.210515
 2478.000000 1.207781 0.269181
 2479.000000 1.247833 0.237458
 2480.000000 1.146726 0.227884
 2481.000000 1.048598 0.304603
 2482.000000 1.098834 0.240853
 2483.000000 1.048175 0.210190
 2484.000000 0.983533 0.307809
 2485.000000 1.108028 0.311843
 2486.000000 1.058871 0.239932
 2487.000000 1.075269 0.231372
 2488.000000 1.034878 0.213242
 2489.000000 1.250663 0.118315
 2490.000000 1.177804 0.252623
 2491.000000 1.191284 0.223768
 2492.000000 1.140349 0.275236
 2493.000000 1.070838 0.216244
 2494.000000 1.210211 0.204608
 2495.000000 1.270613 0.173541
 2496.000000 1.124786 0.271171
 2497.000000 1.101030 0.206870
 2498.000000 1.186077 0.281740
 2499.000000 1.125251 0.335791
 2500.000000 1.242826 0.207348
