#! FIELDS time pd_137_140 diff
 0.000000 2.111475 -0.097613
 1.000000 2.117217 -0.179339
 2.000000 2.134301 -0.345391
 3.000000 2.018770 -0.244795
 4.000000 2.116567 -0.181149
 5.000000 2.074002 -0.328888
 6.000000 2.021108 -0.260044
 7.000000 2.008920 -0.251281
 8.000000 2.138656 -0.199410
 9.000000 2.060430 -0.350636
 10.000000 2.161927 -0.198301
 11.000000 2.148875 -0.407293
 12.000000 2.053397 -0.292083
 13.000000 2.160147 -0.352696
 14.000000 2.104334 -0.187957
 15.000000 2.092129 -0.311231
 16.000000 2.074778 -0.288798
 17.000000 2.027086 -0.268847
 18.000000 2.089447 -0.230825
 19.000000 2.083578 -0.339958
 20.000000 2.033964 -0.372074
 21.000000 2.086534 -0.332201
 22.000000 2.090837 -0.351983
 23.000000 2.185056 -0.298197
 24.000000 2.112981 -0.347454
 25.000000 2.182760 -0.291192
 26.000000 2.107572 -0.302954
 27.000000 2.096351 -0.227840
 28.000000 2.093442 -0.377118
 29.000000 2.050333 -0.277627
 30.000000 1.970806 -0.348737
 31.000000 2.113785 -0.358777
 32.000000 1.972170 -0.337471
 33.000000 2.078328 -0.331668
 34.000000 2.039831 -0.250130
 35.000000 2.020423 -0.213350
 36.000000 2.097203 -0.387812
 37.000000 1.983252 -0.281036
 38.000000 2.206094 -0.285753
 39.000000 2.058847 -0.316668
 40.000000 2.161655 -0.221958
 41.000000 2.122985 -0.261670
 42.000000 2.171720 -0.237747
 43.000000 2.089398 -0.249576
 44.000000 2.149078 -0.268559
 45.000000 2.157119 -0.408043
 46.000000 2.062126 -0.219417
 47.000000 2.014618 -0.372074
 48.000000 2.118105 -0.335416
 49.000000 2.086192 -0.368225
 50.000000 2.046593 -0.266884
 51.000000 2.127031 -0.245730
 52.000000 2.112310 -0.249406
 53.000000 2.112554 -0.316462
 54.000000 2.186295 -0.341067
 55.000000 2.046989 -0.268737
 56.000000 2.030736 -0.204924
 57.000000 2.207066 -0.320725
 58.000000 2.105886 -0.263598
 59.000000 2.191705 -0.292216
 60.000000 2.100293 -0.250065
 61.000000 2.077743 -0.242114
 62.000000 2.130345 -0.354673
 63.000000 2.047875 -0.266177
 64.000000 2.063281 -0.271880
 65.000000 2.221016 -0.264899
 66.000000 2.058872 -0.303508
 67.000000 2.110391 -0.194392
 68.000000 2.064602 -0.296802
 69.000000 2.041706 -0.256235
 70.000000 2.173023 -0.310661
 71.000000 2.149379 -0.262306
 72.000000 2.091213 -0.301120
 73.000000 2.066141 -0.169707
 74.000000 1.960918 -0.241150
 75.000000 2.032798 -0.240865
 76.000000 1.939323 -0.222116
 77.000000 2.031423 -0.238638
 78.000000 2.051090 -0.276095
 79.000000 2.029412 -0.242587
 80.000000 2.036453 -0.245590
 81.000000 2.098532 -0.240507
 82.000000 2.095900 -0.259159
 83.000000 2.019586 -0.320638
 84.000000 2.064630 -0.295090
 85.000000 2.030973 -0.216175
 86.000000 2.065958 -0.310716
 87.000000 2.120714 -0.203196
 88.000000 1.956619 -0.309656
 89.000000 2.002761 -0.260626
 90.000000 2.082557 -0.346217
 91.000000 2.047634 -0.250222
 92.000000 2.081959 -0.296890
 93.000000 2.131859 -0.291996
 94.000000 2.099953 -0.326268
 95.000000 2.131915 -0.332261
 96.000000 2.213799 -0.283499
 97.000000 2.099331 -0.296168
 98.000000 2.015776 -0.301468
 99.000000 2.100202 -0.326682
 100.000000 2.074083 -0.179602
 101.000000 2.112734 -0.217892
 102.000000 2.126490 -0.226766
 103.000000 2.138121 -0.291278
 104.000000 2.136494 -0.265187
 105.000000 1.980833 -0.232972
 106.000000 1.997623 -0.255393
 107.000000 2.046579 -0.221158
 108.000000 2.146988 -0.238711
 109.000000 2.169761 -0.306597
 110.000000 2.037008 -0.230268
 111.000000 2.022142 -0.295490
 112.000000 2.064402 -0.211910
 113.000000 2.065520 -0.311659
 114.000000 1.985515 -0.174735
 115.000000 1.974691 -0.296093
 116.000000 2.065021 -0.305335
 117.000000 2.003933 -0.264298
 118.000000 2.005130 -0.166580
 119.000000 2.122200 -0.223164
 120.000000 2.108390 -0.349044
 121.000000 2.062900 -0.162460
 122.000000 2.073192 -0.397091
 123.000000 2.082781 -0.185549
 124.000000 2.076004 -0.169258
 125.000000 2.046339 -0.291691
 126.000000 2.055019 -0.230255
 127.000000 2.103130 -0.318011
 128.000000 2.136931 -0.264369
 129.000000 2.100881 -0.217592
 130.000000 2.047063 -0.285464
 131.000000 1.996247 -0.220142
 132.000000 2.080582 -0.384517
 133.000000 2.078325 -0.333093
 134.000000 2.086054 -0.352941
 135.000000 2.099950 -0.282184
 136.000000 2.211463 -0.332283
 137.000000 2.074102 -0.263227
 138.000000 2.190188 -0.295463
 139.000000 1.991533 -0.352557
 140.000000 2.052918 -0.323237
 141.000000 2.044168 -0.186343
 142.000000 2.128625 -0.361606
 143.000000 2.059988 -0.258440
 144.000000 2.044710 -0.321250
 145.000000 2.077262 -0.323916
 146.000000 2.073231 -0.177535
 147.000000 2.117365 -0.144291
 148.000000 2.021733 -0.156951
 149.000000 1.960661 -0.243775
 150.000000 2.085305 -0.334947
 151.000000 2.141635 -0.184953
 152.000000 2.149554 -0.227887
 153.000000 2.134823 -0.322965
 154.000000 2.033417 -0.275268
 155.000000 2.139079 -0.181276
 156.000000 2.024593 -0.333499
 157.000000 2.039297 -0.394808
 158.000000 2.016522 -0.419929
 159.000000 2.109313 -0.309258
 160.000000 2.133089 -0.238649
 161.000000 2.073113 -0.348027
 162.000000 2.048742 -0.307358
 163.000000 2.025617 -0.332543
 164.000000 2.102783 -0.302497
 165.000000 2.019500 -0.251464
 166.000000 2.098242 -0.321363
 167.000000 2.134410 -0.374071
 168.000000 2.048373 -0.292514
 169.000000 2.076090 -0.261121
 170.000000 2.119108 -0.314819
 171.000000 2.054622 -0.371744
 172.000000 2.097429 -0.309723
 173.000000 2.061800 -0.372900
 174.000000 1.950228 -0.350888
 175.000000 2.096128 -0.325973
 176.000000 2.078021 -0.390903
 177.000000 2.053284 -0.324130
 178.000000 1.999667 -0.309645
 179.000000 2.082710 -0.309478
 180.000000 2.048181 -0.413951
 181.000000 2.106732 -0.300413
 182.000000 2.143131 -0.265599
 183.000000 2.068059 -0.287759
 184.000000 2.036623 -0.210386
 185.000000 2.015229 -0.313305
 186.000000 2.083128 -0.291168
 187.000000 2.040061 -0.258008
 188.000000 2.165729 -0.311583
 189.000000 2.155942 -0.410210
 190.000000 2.036444 -0.271546
 191.000000 2.161049 -0.274663
 192.000000 2.110077 -0.266063
 193.000000 2.028389 -0.313330
 194.000000 2.003750 -0.312075
 195.000000 2.198067 -0.263551
 196.000000 2.103089 -0.189305
 197.000000 2.051249 -0.310445
 198.000000 2.135176 -0.298637
 199.000000 2.072243 -0.265677
 200.000000 2.135494 -0.356348
 201.000000 2.037173 -0.273378
 202.000000 2.105549 -0.277386
 203.000000 2.006679 -0.327549
 204.000000 2.049862 -0.273281
 205.000000 2.048381 -0.392065
 206.000000 2.072946 -0.372728
 207.000000 2.134268 -0.255523
 208.000000 2.184865 -0.271464
 209.000000 2.051891 -0.301367
 210.000000 2.094970 -0.306511
 211.000000 2.087249 -0.338877
 212.000000 2.015155 -0.306290
 213.000000 2.102974 -0.293119
 214.000000 2.170099 -0.367506
 215.000000 2.173919 -0.209927
 216.000000 2.149582 -0.265793
 217.000000 2.074218 -0.301109
 218.000000 2.060438 -0.343258
 219.000000 2.078628 -0.325049
 220.000000 1.976175 -0.275565
 221.000000 2.021687 -0.345099
 222.000000 2.096553 -0.228141
 223.000000 2.116735 -0.299160
 224.000000 2.053314 -0.323339
 225.000000 2.127346 -0.302747
 226.000000 2.170057 -0.312699
 227.000000 2.116087 -0.293515
 228.000000 2.144766 -0.404009
 229.000000 2.109405 -0.302717
 230.000000 2.203859 -0.283497
 231.000000 2.129867 -0.232429
 232.000000 2.058828 -0.348702
 233.000000 2.014751 -0.342614
 234.000000 2.181157 -0.308001
 235.000000 2.037748 -0.341389
 236.000000 2.018250 -0.318109
 237.000000 1.983639 -0.399631
 238.000000 2.072042 -0.327795
 239.000000 2.022519 -0.379547
 240.000000 2.072428 -0.324278
 241.000000 2.116159 -0.366417
 242.000000 2.096185 -0.385562
 243.000000 2.021757 -0.262134
 244.000000 2.059865 -0.259309
 245.000000 2.170811 -0.300827
 246.000000 2.153715 -0.383236
 247.000000 2.041415 -0.341808
 248.000000 2.143814 -0.330711
 249.000000 2.135219 -0.365014
 250.000000 2.114550 -0.312821
 251.000000 2.174678 -0.324164
 252.000000 2.108007 -0.278950
 253.000000 2.014283 -0.314470
 254.000000 2.031383 -0.294869
 255.000000 2.032702 -0.258281
 256.000000 1.940490 -0.285469
 257.000000 2.073932 -0.414064
 258.000000 2.174653 -0.276207
 259.000000 2.073368 -0.336181
 260.000000 2.159068 -0.316266
 261.000000 2.050499 -0.307311
 262.000000 2.177352 -0.294309
 263.000000 1.993057 -0.250815
 264.000000 2.023597 -0.232209
 265.000000 1.976173 -0.241711
 266.000000 2.020264 -0.257192
 267.000000 2.054399 -0.226873
 268.000000 2.087581 -0.336572
 269.000000 1.945477 -0.275369
 270.000000 2.144589 -0.329465
 271.000000 2.145539 -0.333232
 272.000000 2.004574 -0.311051
 273.000000 2.118407 -0.332603
 274.000000 2.172662 -0.271102
 275.000000 2.159909 -0.318430
 276.000000 2.171286 -0.319303
 277.000000 2.066710 -0.337635
 278.000000 2.030001 -0.405942
 279.000000 2.027292 -0.309220
 280.000000 2.051080 -0.261537
 281.000000 2.056225 -0.411459
 282.000000 2.060960 -0.273783
 283.000000 2.139833 -0.257389
 284.000000 2.148732 -0.304475
 285.000000 2.060696 -0.283308
 286.000000 2.082397 -0.208554
 287.000000 2.078004 -0.341752
 288.000000 2.186126 -0.263756
 289.000000 2.129785 -0.204713
 290.000000 2.110534 -0.241836
 291.000000 2.086324 -0.275492
 292.000000 2.126286 -0.314470
 293.000000 1.996224 -0.325970
 294.000000 2.072248 -0.248037
 295.000000 2.221897 -0.222241
 296.000000 2.064770 -0.331743
 297.000000 2.170706 -0.383049
 298.000000 2.016685 -0.352089
 299.000000 2.162488 -0.327157
 300.000000 2.069134 -0.285239
 301.000000 2.141279 -0.307241
 302.000000 2.102342 -0.408129
 303.000000 2.037204 -0.303503
 304.000000 2.191933 -0.436647
 305.000000 2.025852 -0.246732
 306.000000 2.044720 -0.334358
 307.000000 2.049221 -0.392584
 308.000000 1.999082 -0.240519
 309.000000 2.007424 -0.330697
 310.000000 2.173577 -0.374723
 311.000000 2.041715 -0.267514
 312.000000 2.142789 -0.364327
 313.000000 2.114378 -0.404913
 314.000000 2.118576 -0.336823
 315.000000 2.075598 -0.399315
 316.000000 2.146553 -0.315301
 317.000000 2.124840 -0.328136
 318.000000 2.147816 -0.336347
 319.000000 1.976173 -0.360059
 320.000000 2.092990 -0.282918
 321.000000 2.054433 -0.292074
 322.000000 2.043546 -0.435279
 323.000000 2.158080 -0.416933
 324.000000 2.096206 -0.312585
 325.000000 2.045390 -0.334793
 326.000000 2.168777 -0.293468
 327.000000 2.045465 -0.370442
 328.000000 2.123748 -0.375790
 329.000000 2.160599 -0.331459
 330.000000 2.073047 -0.328459
 331.000000 2.110425 -0.389793
 332.000000 2.222979 -0.244401
 333.000000 2.178475 -0.306597
 334.000000 2.157777 -0.396125
 335.000000 2.093016 -0.314956
 336.000000 2.117712 -0.352881
 337.000000 2.064439 -0.236841
 338.000000 2.160331 -0.296811
 339.000000 2.116099 -0.251358
 340.000000 2.151880 -0.230069
 341.000000 2.203028 -0.278207
 342.000000 2.099394 -0.261735
 343.000000 2.123209 -0.252153
 344.000000 2.107465 -0.211377
 345.000000 2.045354 -0.259741
 346.000000 2.077790 -0.239933
 347.000000 2.115776 -0.275762
 348.000000 2.134379 -0.170093
 349.000000 2.065606 -0.298548
 350.000000 2.192407 -0.270344
 351.000000 2.182543 -0.284055
 352.000000 2.100414 -0.371087
 353.000000 2.135744 -0.207436
 354.000000 2.095097 -0.283918
 355.000000 2.104125 -0.262660
 356.000000 2.124746 -0.285754
 357.000000 2.075404 -0.277680
 358.000000 2.171333 -0.261484
 359.000000 2.025723 -0.311630
 360.000000 2.162325 -0.303591
 361.000000 2.030506 -0.187619
 362.000000 2.114658 -0.253330
 363.000000 2.143495 -0.202102
 364.000000 2.134109 -0.277906
 365.000000 2.227880 -0.217104
 366.000000 2.156402 -0.215526
 367.000000 2.047708 -0.281585
 368.000000 2.065634 -0.291206
 369.000000 2.123566 -0.252097
 370.000000 1.978840 -0.352538
 371.000000 2.102975 -0.304061
 372.000000 2.001424 -0.319667
 373.000000 2.059108 -0.200062
 374.000000 2.104486 -0.271693
 375.000000 2.142121 -0.295445
 376.000000 2.055872 -0.366849
 377.000000 2.121325 -0.263374
 378.000000 2.031108 -0.356778
 379.000000 1.993033 -0.304569
 380.000000 2.037070 -0.319641
 381.000000 2.144587 -0.202825
 382.000000 2.060636 -0.254618
 383.000000 2.050424 -0.287144
 384.000000 1.963167 -0.251656
 385.000000 2.111823 -0.247426
 386.000000 2.032137 -0.436454
 387.000000 2.078875 -0.346641
 388.000000 2.101651 -0.348859
 389.000000 2.003866 -0.325738
 390.000000 2.034663 -0.278552
 391.000000 2.024952 -0.187358
 392.000000 2.012003 -0.309020
 393.000000 2.106738 -0.327246
 394.000000 2.043959 -0.273563
 395.000000 2.171302 -0.309826
 396.000000 2.083884 -0.301350
 397.000000 2.073772 -0.324268
 398.000000 2.085047 -0.296117
 399.000000 2.143284 -0.322962
 400.000000 2.078147 -0.343026
 401.000000 2.031157 -0.341727
 402.000000 2.035462 -0.338102
 403.000000 2.081406 -0.305576
 404.000000 2.077607 -0.203694
 405.000000 2.227584 -0.321928
 406.000000 2.110065 -0.241519
 407.000000 2.127088 -0.300509
 408.000000 2.037785 -0.299001
 409.000000 2.109544 -0.255493
 410.000000 2.084873 -0.302723
 411.000000 1.975697 -0.267255
 412.000000 2.040878 -0.277711
 413.000000 2.074218 -0.366713
 414.000000 1.998996 -0.275696
 415.000000 2.078462 -0.305969
 416.000000 2.025063 -0.282367
 417.000000 2.095498 -0.242702
 418.000000 1.931304 -0.218930
 419.000000 2.111058 -0.271547
 420.000000 2.109756 -0.357264
 421.000000 2.017969 -0.293439
 422.000000 2.030697 -0.262735
 423.000000 2.044728 -0.257281
 424.000000 1.988442 -0.261134
 425.000000 2.090955 -0.307526
 426.000000 2.050572 -0.408251
 427.000000 2.138626 -0.395974
 428.000000 2.147474 -0.367187
 429.000000 2.055713 -0.332679
 430.000000 1.984912 -0.406835
 431.000000 2.032888 -0.260909
 432.000000 2.068531 -0.312338
 433.000000 2.112963 -0.208677
 434.000000 2.082597 -0.203033
 435.000000 2.032713 -0.306212
 436.000000 2.051144 -0.305908
 437.000000 2.088387 -0.304816
 438.000000 2.073215 -0.327177
 439.000000 2.117211 -0.320154
 440.000000 2.101575 -0.285904
 441.000000 2.145389 -0.337722
 442.000000 2.237174 -0.294115
 443.000000 2.171437 -0.309725
 444.000000 2.155683 -0.314441
 445.000000 2.138836 -0.273729
 446.000000 2.093709 -0.258964
 447.000000 2.081424 -0.352996
 448.000000 2.127177 -0.269635
 449.000000 2.155683 -0.236678
 450.000000 2.008501 -0.285210
 451.000000 2.138504 -0.212233
 452.000000 2.022785 -0.259297
 453.000000 2.129068 -0.247398
 454.000000 2.027619 -0.239265
 455.000000 2.128943 -0.250526
 456.000000 2.026970 -0.259991
 457.000000 2.003654 -0.341434
 458.000000 2.087496 -0.301854
 459.000000 1.995740 -0.282068
 460.000000 2.144052 -0.268445
 461.000000 2.065835 -0.288769
 462.000000 2.167012 -0.251504
 463.000000 2.120236 -0.364828
 464.000000 2.026342 -0.301770
 465.000000 2.077221 -0.432881
 466.000000 2.089003 -0.356201
 467.000000 2.070348 -0.387700
 468.000000 2.050655 -0.308644
 469.000000 1.967039 -0.393602
 470.000000 2.035986 -0.374044
 471.000000 2.110047 -0.355011
 472.000000 2.095277 -0.314572
 473.000000 1.985425 -0.394588
 474.000000 1.967401 -0.389515
 475.000000 2.063966 -0.459406
 476.000000 2.119221 -0.341219
 477.000000 2.080114 -0.320034
 478.000000 2.008056 -0.213974
 479.000000 2.072656 -0.203030
 480.000000 1.972621 -0.255418
 481.000000 2.042286 -0.264986
 482.000000 2.052583 -0.306054
 483.000000 1.988121 -0.259756
 484.000000 2.002715 -0.244790
 485.000000 2.039945 -0.274277
 486.000000 2.125516 -0.326321
 487.000000 2.057469 -0.320320
 488.000000 2.156548 -0.268396
 489.000000 2.066552 -0.380457
 490.000000 2.062245 -0.250595
 491.000000 2.122273 -0.258118
 492.000000 2.111708 -0.153229
 493.000000 2.081387 -0.250134
 494.000000 2.126437 -0.275258
 495.000000 2.089825 -0.243403
 496.000000 2.065767 -0.275832
 497.000000 2.134917 -0.292255
 498.000000 1.948291 -0.319737
 499.000000 2.050566 -0.205354
 500.000000 2.112223 -0.332287
 501.000000 2.109890 -0.369388
 502.000000 2.052319 -0.339733
 503.000000 2.193140 -0.226754
 504.000000 2.083868 -0.285923
 505.000000 2.107341 -0.262026
 506.000000 2.112765 -0.286243
 507.000000 2.169965 -0.248176
 508.000000 2.126608 -0.250634
 509.000000 2.094479 -0.296538
 510.000000 2.179671 -0.345895
 511.000000 2.069141 -0.241988
 512.000000 2.153283 -0.366532
 513.000000 2.119853 -0.333358
 514.000000 2.036511 -0.327295
 515.000000 2.079495 -0.287966
 516.000000 1.978529 -0.273349
 517.000000 2.082820 -0.240858
 518.000000 2.042762 -0.337892
 519.000000 2.098847 -0.316774
 520.000000 2.130089 -0.316147
 521.000000 2.129173 -0.418774
 522.000000 2.033944 -0.399298
 523.000000 2.082753 -0.308673
 524.000000 2.063521 -0.359581
 525.000000 2.126123 -0.253495
 526.000000 2.170095 -0.247708
 527.000000 2.037775 -0.274460
 528.000000 1.964438 -0.218859
 529.000000 2.027686 -0.302131
 530.000000 2.050914 -0.203997
 531.000000 2.089081 -0.289172
 532.000000 2.122793 -0.257718
 533.000000 1.991746 -0.298408
 534.000000 2.076648 -0.313647
 535.000000 2.072126 -0.326595
 536.000000 2.035658 -0.324411
 537.000000 2.098768 -0.233859
 538.000000 1.946203 -0.199426
 539.000000 2.037038 -0.271308
 540.000000 2.115535 -0.287520
 541.000000 2.142030 -0.346443
 542.000000 2.139008 -0.257885
 543.000000 2.041505 -0.236038
 544.000000 2.193370 -0.339693
 545.000000 2.129243 -0.199456
 546.000000 2.042257 -0.271765
 547.000000 2.026042 -0.280151
 548.000000 2.089759 -0.265164
 549.000000 2.051711 -0.243286
 550.000000 2.067019 -0.226827
 551.000000 2.132112 -0.295014
 552.000000 1.979734 -0.242574
 553.000000 1.956452 -0.274851
 554.000000 2.089028 -0.263770
 555.000000 2.142512 -0.303890
 556.000000 2.098574 -0.343549
 557.000000 2.185980 -0.198716
 558.000000 2.070887 -0.260431
 559.000000 2.098904 -0.282655
 560.000000 2.125358 -0.251038
 561.000000 2.155238 -0.203515
 562.000000 2.107251 -0.259013
 563.000000 1.992754 -0.295854
 564.000000 2.143026 -0.337120
 565.000000 2.050322 -0.284572
 566.000000 2.051791 -0.348790
 567.000000 2.058608 -0.253146
 568.000000 2.004227 -0.348124
 569.000000 2.030387 -0.266703
 570.000000 2.092792 -0.231552
 571.000000 2.146839 -0.345255
 572.000000 2.066962 -0.256098
 573.000000 2.016047 -0.248075
 574.000000 2.019733 -0.249959
 575.000000 2.079438 -0.230899
 576.000000 2.159947 -0.232419
 577.000000 2.133043 -0.306451
 578.000000 2.108863 -0.380624
 579.000000 2.141294 -0.367308
 580.000000 1.917325 -0.255655
 581.000000 2.112938 -0.312778
 582.000000 2.217543 -0.222575
 583.000000 2.098752 -0.269337
 584.000000 2.080745 -0.236461
 585.000000 2.147319 -0.254459
 586.000000 2.103086 -0.276295
 587.000000 2.058466 -0.310778
 588.000000 2.097099 -0.420372
 589.000000 2.061986 -0.290347
 590.000000 2.069946 -0.327149
 591.000000 2.153598 -0.372828
 592.000000 2.085004 -0.336576
 593.000000 2.088571 -0.273481
 594.000000 2.169929 -0.272648
 595.000000 2.209876 -0.224812
 596.000000 2.146553 -0.182897
 597.000000 2.127053 -0.279389
 598.000000 2.140347 -0.330698
 599.000000 2.045275 -0.308930
 600.000000 2.197956 -0.254746
 601.000000 2.127928 -0.279170
 602.000000 2.197750 -0.353524
 603.000000 2.154783 -0.266016
 604.000000 2.075121 -0.296799
 605.000000 2.129407 -0.310697
 606.000000 2.047664 -0.302596
 607.000000 2.206338 -0.331104
 608.000000 2.106770 -0.327215
 609.000000 2.149451 -0.289523
 610.000000 2.130102 -0.297605
 611.000000 2.057280 -0.233413
 612.000000 2.072951 -0.307998
 613.000000 2.193836 -0.369978
 614.000000 2.036374 -0.349599
 615.000000 2.120629 -0.339912
 616.000000 2.218929 -0.295985
 617.000000 1.945279 -0.297693
 618.000000 1.994183 -0.289054
 619.000000 2.152621 -0.292811
 620.000000 2.038440 -0.238343
 621.000000 2.114792 -0.208226
 622.000000 2.106882 -0.353597
 623.000000 2.152047 -0.319681
 624.000000 2.167281 -0.255871
 625.000000 2.094358 -0.330943
 626.000000 2.064338 -0.297911
 627.000000 2.187202 -0.345296
 628.000000 2.143741 -0.318478
 629.000000 2.073251 -0.319121
 630.000000 2.201323 -0.247048
 631.000000 2.062950 -0.317612
 632.000000 2.099701 -0.213440
 633.000000 2.117701 -0.310691
 634.000000 2.075224 -0.197700
 635.000000 2.130498 -0.275673
 636.000000 2.164401 -0.236994
 637.000000 2.215779 -0.208098
 638.000000 2.181523 -0.215606
 639.000000 2.063455 -0.256861
 640.000000 2.070316 -0.327612
 641.000000 2.142847 -0.256159
 642.000000 2.163933 -0.392689
 643.000000 2.024065 -0.328015
 644.000000 2.175710 -0.287405
 645.000000 2.142400 -0.210638
 646.000000 2.169948 -0.330739
 647.000000 2.127747 -0.376313
 648.000000 2.161928 -0.301945
 649.000000 2.124469 -0.228320
 650.000000 2.121269 -0.333459
 651.000000 2.003471 -0.304570
 652.000000 2.092613 -0.279359
 653.000000 2.057610 -0.329515
 654.000000 1.981084 -0.307143
 655.000000 2.028620 -0.317150
 656.000000 2.041408 -0.388828
 657.000000 2.039853 -0.281500
 658.000000 2.138216 -0.323869
 659.000000 1.975027 -0.318352
 660.000000 2.045234 -0.269732
 661.000000 2.047962 -0.278640
 662.000000 2.033638 -0.257972
 663.000000 2.095793 -0.283850
 664.000000 2.100267 -0.159091
 665.000000 2.070332 -0.150084
 666.000000 2.065683 -0.187203
 667.000000 2.046588 -0.313547
 668.000000 2.161074 -0.260489
 669.000000 2.082167 -0.291082
 670.000000 2.076793 -0.400258
 671.000000 2.193941 -0.318202
 672.000000 2.101909 -0.258829
 673.000000 2.086622 -0.272291
 674.000000 1.965888 -0.226474
 675.000000 1.971539 -0.221601
 676.000000 2.145415 -0.310338
 677.000000 2.023866 -0.260353
 678.000000 1.938419 -0.374993
 679.000000 2.043283 -0.318219
 680.000000 2.034439 -0.249780
 681.000000 2.001973 -0.198143
 682.000000 2.033038 -0.254343
 683.000000 1.968433 -0.246820
 684.000000 1.991828 -0.295164
 685.000000 2.010879 -0.289511
 686.000000 1.894089 -0.297848
 687.000000 1.945731 -0.317661
 688.000000 2.037401 -0.308711
 689.000000 2.066724 -0.361429
 690.000000 2.071687 -0.395974
 691.000000 1.943175 -0.281678
 692.000000 1.993370 -0.326134
 693.000000 1.918510 -0.264515
 694.000000 1.912059 -0.378852
 695.000000 1.958155 -0.303489
 696.000000 2.090361 -0.342083
 697.000000 2.054306 -0.322105
 698.000000 2.035619 -0.403762
 699.000000 1.977780 -0.306210
 700.000000 1.954140 -0.376302
 701.000000 2.067336 -0.369989
 702.000000 2.062847 -0.240556
 703.000000 1.922224 -0.417674
 704.000000 2.154966 -0.388139
 705.000000 1.893052 -0.291955
 706.000000 2.021991 -0.279674
 707.000000 1.940200 -0.158571
 708.000000 2.050886 -0.390351
 709.000000 1.987984 -0.347087
 710.000000 2.114404 -0.313950
 711.000000 2.117765 -0.345507
 712.000000 2.090374 -0.280486
 713.000000 2.190311 -0.307678
 714.000000 2.132234 -0.253377
 715.000000 2.184821 -0.332959
 716.000000 2.107633 -0.293841
 717.000000 2.101800 -0.286332
 718.000000 2.188627 -0.344045
 719.000000 2.252831 -0.309581
 720.000000 2.174350 -0.342537
 721.000000 2.073743 -0.285241
 722.000000 2.179126 -0.284391
 723.000000 2.079640 -0.305333
 724.000000 2.073896 -0.236031
 725.000000 2.111026 -0.334434
 726.000000 2.046535 -0.318292
 727.000000 2.127624 -0.381628
 728.000000 2.054653 -0.294830
 729.000000 2.101224 -0.262711
 730.000000 2.035887 -0.295293
 731.000000 2.115727 -0.267528
 732.000000 2.135483 -0.274673
 733.000000 2.096963 -0.288636
 734.000000 2.116458 -0.256516
 735.000000 2.102817 -0.228329
 736.000000 2.187149 -0.322566
 737.000000 2.032825 -0.269263
 738.000000 2.162826 -0.233221
 739.000000 2.174760 -0.305348
 740.000000 2.045498 -0.325039
 741.000000 2.138303 -0.411881
 742.000000 2.122426 -0.367631
 743.000000 2.170911 -0.299378
 744.000000 2.041429 -0.375452
 745.000000 2.087182 -0.252032
 746.000000 1.985080 -0.365374
 747.000000 1.995428 -0.310809
 748.000000 2.124450 -0.393678
 749.000000 1.985085 -0.307730
 750.000000 2.005557 -0.277689
 751.000000 2.056485 -0.365034
 752.000000 2.063514 -0.296776
 753.000000 2.084087 -0.321899
 754.000000 2.044381 -0.362565
 755.000000 1.998098 -0.309756
 756.000000 2.163321 -0.271582
 757.000000 2.085320 -0.299357
 758.000000 2.020833 -0.331864
 759.000000 2.074783 -0.284871
 760.000000 2.083923 -0.287054
 761.000000 1.985589 -0.255940
 762.000000 2.093061 -0.265052
 763.000000 2.132175 -0.249793
 764.000000 2.092612 -0.293075
 765.000000 2.088323 -0.341063
 766.000000 2.075631 -0.313613
 767.000000 2.116855 -0.348352
 768.000000 2.073645 -0.316031
 769.000000 2.063411 -0.362111
 770.000000 2.142040 -0.359773
 771.000000 2.010187 -0.418379
 772.000000 2.019324 -0.416969
 773.000000 2.106072 -0.404376
 774.000000 2.028803 -0.256911
 775.000000 2.055903 -0.263738
 776.000000 2.078819 -0.280603
 777.000000 2.035174 -0.376609
 778.000000 2.072362 -0.297473
 779.000000 2.081088 -0.260018
 780.000000 2.161488 -0.266235
 781.000000 2.090652 -0.295862
 782.000000 2.219266 -0.402741
 783.000000 2.098438 -0.218313
 784.000000 2.033271 -0.310768
 785.000000 2.161356 -0.282123
 786.000000 2.129641 -0.310248
 787.000000 2.013896 -0.315294
 788.000000 2.098688 -0.286426
 789.000000 2.160946 -0.342800
 790.000000 2.079659 -0.311628
 791.000000 2.023141 -0.256127
 792.000000 1.962148 -0.294234
 793.000000 2.129091 -0.291834
 794.000000 2.036100 -0.295767
 795.000000 2.015238 -0.261274
 796.000000 2.077763 -0.289663
 797.000000 2.014187 -0.377674
 798.000000 1.976826 -0.312347
 799.000000 2.048892 -0.352341
 800.000000 2.042556 -0.328935
 801.000000 2.002616 -0.258279
 802.000000 2.046660 -0.248509
 803.000000 2.119525 -0.317142
 804.000000 2.111083 -0.301714
 805.000000 1.970753 -0.324286
 806.000000 2.050700 -0.260384
 807.000000 2.133557 -0.298072
 808.000000 2.164041 -0.307094
 809.000000 2.000331 -0.321671
 810.000000 2.123451 -0.253700
 811.000000 1.977554 -0.319052
 812.000000 2.108660 -0.312813
 813.000000 2.055185 -0.181093
 814.000000 2.202676 -0.282259
 815.000000 2.041813 -0.289789
 816.000000 2.101687 -0.397297
 817.000000 2.070892 -0.303798
 818.000000 2.046267 -0.261792
 819.000000 2.003706 -0.284990
 820.000000 2.104801 -0.190713
 821.000000 2.156954 -0.262321
 822.000000 2.031930 -0.230759
 823.000000 2.054215 -0.290569
 824.000000 2.093299 -0.273151
 825.000000 2.112550 -0.211437
 826.000000 2.042140 -0.270684
 827.000000 2.083528 -0.260313
 828.000000 2.187364 -0.305982
 829.000000 2.184306 -0.346430
 830.000000 2.069838 -0.234990
 831.000000 2.199290 -0.335739
 832.000000 2.198923 -0.311690
 833.000000 2.113854 -0.195898
 834.000000 2.063437 -0.255350
 835.000000 2.073640 -0.184619
 836.000000 2.123638 -0.330521
 837.000000 2.165740 -0.283819
 838.000000 2.104464 -0.264324
 839.000000 2.140779 -0.226259
 840.000000 2.129903 -0.210028
 841.000000 2.024836 -0.265575
 842.000000 2.035830 -0.283754
 843.000000 2.060482 -0.223207
 844.000000 2.148869 -0.228070
 845.000000 2.130033 -0.245340
 846.000000 2.070983 -0.283507
 847.000000 2.024462 -0.209493
 848.000000 2.066758 -0.264831
 849.000000 2.021301 -0.229228
 850.000000 2.062450 -0.295358
 851.000000 2.107165 -0.204706
 852.000000 2.067305 -0.308528
 853.000000 2.042585 -0.254913
 854.000000 2.066480 -0.321122
 855.000000 2.151689 -0.255479
 856.000000 2.094774 -0.271108
 857.000000 2.054441 -0.287613
 858.000000 2.167414 -0.266351
 859.000000 2.023425 -0.265007
 860.000000 2.053711 -0.240976
 861.000000 1.952539 -0.294749
 862.000000 2.035688 -0.374224
 863.000000 2.079499 -0.263690
 864.000000 2.057021 -0.338523
 865.000000 2.072169 -0.298744
 866.000000 2.106407 -0.313796
 867.000000 2.041764 -0.218927
 868.000000 2.076953 -0.265140
 869.000000 2.078134 -0.304295
 870.000000 2.131869 -0.313861
 871.000000 2.141321 -0.238084
 872.000000 1.988749 -0.322036
 873.000000 2.036531 -0.298053
 874.000000 2.138269 -0.391963
 875.000000 2.072150 -0.244660
 876.000000 2.038047 -0.372371
 877.000000 2.073764 -0.234900
 878.000000 2.046019 -0.232335
 879.000000 2.021337 -0.276543
 880.000000 2.061600 -0.246418
 881.000000 2.142348 -0.309445
 882.000000 2.066877 -0.268414
 883.000000 2.076070 -0.291076
 884.000000 2.042683 -0.266457
 885.000000 2.056190 -0.317532
 886.000000 2.080410 -0.260615
 887.000000 2.014345 -0.326748
 888.000000 2.081724 -0.375294
 889.000000 2.181871 -0.362912
 890.000000 2.054706 -0.198639
 891.000000 2.088192 -0.318494
 892.000000 2.123145 -0.370608
 893.000000 2.081050 -0.342657
 894.000000 2.033261 -0.324415
 895.000000 2.020183 -0.287831
 896.000000 2.092406 -0.286112
 897.000000 1.901648 -0.433900
 898.000000 2.081904 -0.339707
 899.000000 2.024643 -0.246743
 900.000000 2.102271 -0.233826
 901.000000 2.157054 -0.163043
 902.000000 2.022161 -0.179670
 903.000000 2.026157 -0.195645
 904.000000 2.144638 -0.238081
 905.000000 2.118722 -0.288121
 906.000000 2.057308 -0.329556
 907.000000 2.181289 -0.326387
 908.000000 2.051612 -0.219547
 909.000000 2.099089 -0.123678
 910.000000 2.076967 -0.278156
 911.000000 2.125587 -0.220167
 912.000000 2.078970 -0.316868
 913.000000 2.104699 -0.296249
 914.000000 2.069718 -0.233375
 915.000000 2.068701 -0.311885
 916.000000 1.977255 -0.256365
 917.000000 1.982083 -0.321084
 918.000000 2.109873 -0.332977
 919.000000 2.048379 -0.309048
 920.000000 1.914829 -0.344897
 921.000000 1.949310 -0.294869
 922.000000 2.063929 -0.229093
 923.000000 2.048265 -0.335772
 924.000000 1.999116 -0.229554
 925.000000 2.087617 -0.376645
 926.000000 2.075703 -0.295073
 927.000000 2.029428 -0.292475
 928.000000 2.052943 -0.343459
 929.000000 2.045846 -0.372947
 930.000000 1.979161 -0.203013
 931.000000 2.119226 -0.364912
 932.000000 1.969205 -0.247046
 933.000000 2.047773 -0.253452
 934.000000 2.005062 -0.267206
 935.000000 1.981830 -0.276087
 936.000000 2.004851 -0.304185
 937.000000 1.915087 -0.286393
 938.000000 2.064440 -0.334517
 939.000000 1.930046 -0.375198
 940.000000 2.135110 -0.260793
 941.000000 2.009525 -0.170572
 942.000000 2.004071 -0.261651
 943.000000 2.029280 -0.270432
 944.000000 1.992664 -0.199375
 945.000000 1.958747 -0.109251
 946.000000 2.068973 -0.234758
 947.000000 2.033392 -0.263591
 948.000000 1.967056 -0.218767
 949.000000 2.042563 -0.242404
 950.000000 1.893182 -0.198086
 951.000000 2.068686 -0.177710
 952.000000 1.873170 -0.166071
 953.000000 2.025894 -0.183778
 954.000000 2.042399 -0.176150
 955.000000 1.886887 -0.224289
 956.000000 1.966837 -0.243703
 957.000000 1.990761 -0.276909
 958.000000 2.080477 -0.250336
 959.000000 2.023623 -0.218512
 960.000000 2.056072 -0.220624
 961.000000 2.053869 -0.312749
 962.000000 2.047903 -0.240760
 963.000000 2.027553 -0.234207
 964.000000 2.009423 -0.253720
 965.000000 2.043022 -0.250305
 966.000000 1.942040 -0.252256
 967.000000 1.936039 -0.297294
 968.000000 1.977233 -0.262239
 969.000000 1.958658 -0.251404
 970.000000 2.084244 -0.249435
 971.000000 1.993476 -0.210019
 972.000000 2.050633 -0.241832
 973.000000 2.010606 -0.279299
 974.000000 1.983876 -0.294758
 975.000000 2.021018 -0.335623
 976.000000 2.038283 -0.354968
 977.000000 2.143738 -0.168924
 978.000000 2.069002 -0.251467
 979.000000 1.966616 -0.225680
 980.000000 1.975027 -0.190033
 981.000000 1.995745 -0.299665
 982.000000 2.091061 -0.257908
 983.000000 2.050065 -0.207950
 984.000000 2.030549 -0.208867
 985.000000 2.106601 -0.325793
 986.000000 2.031034 -0.230596
 987.000000 1.890478 -0.230407
 988.000000 1.971290 -0.362281
 989.000000 1.989975 -0.281703
 990.000000 2.043217 -0.212691
 991.000000 2.171332 -0.274759
 992.000000 1.981939 -0.250855
 993.000000 2.065894 -0.259536
 994.000000 2.057715 -0.235625
 995.000000 2.000377 -0.169437
 996.000000 2.033066 -0.273953
 997.000000 2.067517 -0.197941
 998.000000 2.119890 -0.156173
 999.000000 2.040354 -0.334516
 1000.000000 2.070153 -0.266345
 1001.000000 2.023988 -0.234879
 1002.000000 2.170572 -0.301929
 1003.000000 2.138984 -0.307541
 1004.000000 1.948503 -0.224537
 1005.000000 2.118890 -0.227279
 1006.000000 2.006716 -0.329242
 1007.000000 2.083955 -0.294445
 1008.000000 2.080980 -0.183869
 1009.000000 2.136494 -0.263944
 1010.000000 1.935145 -0.315199
 1011.000000 2.088152 -0.357803
 1012.000000 2.063038 -0.320134
 1013.000000 2.031377 -0.239587
 1014.000000 2.139969 -0.350822
 1015.000000 2.075583 -0.265177
 1016.000000 2.022726 -0.209725
 1017.000000 2.084478 -0.266407
 1018.000000 2.017866 -0.263396
 1019.000000 2.015205 -0.195279
 1020.000000 2.071007 -0.203504
 1021.000000 2.094708 -0.208008
 1022.000000 1.986335 -0.243568
 1023.000000 2.008664 -0.252304
 1024.000000 2.082149 -0.308362
 1025.000000 2.083445 -0.299004
 1026.000000 2.090504 -0.304331
 1027.000000 2.030541 -0.322559
 1028.000000 2.091728 -0.232599
 1029.000000 2.079910 -0.270835
 1030.000000 2.058957 -0.277304
 1031.000000 1.962830 -0.289036
 1032.000000 1.982037 -0.300004
 1033.000000 1.978136 -0.338757
 1034.000000 2.024945 -0.320715
 1035.000000 2.033738 -0.296724
 1036.000000 2.030892 -0.313331
 1037.000000 1.986221 -0.333670
 1038.000000 2.077680 -0.338787
 1039.000000 2.090331 -0.317452
 1040.000000 2.082789 -0.336224
 1041.000000 1.973166 -0.298220
 1042.000000 1.948377 -0.300819
 1043.000000 2.007135 -0.308039
 1044.000000 2.104693 -0.281433
 1045.000000 2.014827 -0.207129
 1046.000000 2.072724 -0.198002
 1047.000000 2.064972 -0.350496
 1048.000000 1.973211 -0.358922
 1049.000000 2.038072 -0.287659
 1050.000000 2.122735 -0.210774
 1051.000000 2.070552 -0.271299
 1052.000000 1.979334 -0.302783
 1053.000000 2.016574 -0.311247
 1054.000000 2.033851 -0.272925
 1055.000000 2.095704 -0.248223
 1056.000000 2.139800 -0.264878
 1057.000000 1.969056 -0.258499
 1058.000000 2.098742 -0.247890
 1059.000000 1.955059 -0.227198
 1060.000000 2.056902 -0.169175
 1061.000000 2.085612 -0.277005
 1062.000000 1.977499 -0.317683
 1063.000000 2.036934 -0.286999
 1064.000000 2.053880 -0.203049
 1065.000000 2.035754 -0.240393
 1066.000000 2.037075 -0.276876
 1067.000000 2.124751 -0.273188
 1068.000000 2.083497 -0.314270
 1069.000000 2.064961 -0.384503
 1070.000000 2.090630 -0.333847
 1071.000000 2.125698 -0.297630
 1072.000000 2.143696 -0.362606
 1073.000000 2.046870 -0.304399
 1074.000000 2.099747 -0.139552
 1075.000000 2.047462 -0.182728
 1076.000000 2.108466 -0.205231
 1077.000000 1.999012 -0.378749
 1078.000000 2.075084 -0.326190
 1079.000000 2.059136 -0.266858
 1080.000000 2.019599 -0.282116
 1081.000000 2.004721 -0.272836
 1082.000000 2.085135 -0.282551
 1083.000000 2.038659 -0.209303
 1084.000000 2.099938 -0.226220
 1085.000000 2.003818 -0.305322
 1086.000000 2.142189 -0.281201
 1087.000000 2.025175 -0.294399
 1088.000000 2.095823 -0.230641
 1089.000000 2.071581 -0.210366
 1090.000000 2.071162 -0.238631
 1091.000000 2.092694 -0.154099
 1092.000000 1.986721 -0.244220
 1093.000000 1.982560 -0.242120
 1094.000000 2.004537 -0.338599
 1095.000000 1.873036 -0.263689
 1096.000000 2.051900 -0.334049
 1097.000000 2.007142 -0.377326
 1098.000000 2.121486 -0.270458
 1099.000000 2.092694 -0.169250
 1100.000000 2.089299 -0.204323
 1101.000000 2.051225 -0.125362
 1102.000000 2.053553 -0.168174
 1103.000000 2.101005 -0.137085
 1104.000000 1.934997 -0.310914
 1105.000000 2.055377 -0.222965
 1106.000000 2.121274 -0.240246
 1107.000000 2.003099 -0.273548
 1108.000000 2.002445 -0.234402
 1109.000000 2.011116 -0.281077
 1110.000000 2.057537 -0.100573
 1111.000000 2.095333 -0.231773
 1112.000000 2.090574 -0.256614
 1113.000000 2.044329 -0.239901
 1114.000000 2.014355 -0.168386
 1115.000000 1.996336 -0.373926
 1116.000000 2.092012 -0.270831
 1117.000000 2.015310 -0.279555
 1118.000000 2.080135 -0.167250
 1119.000000 1.993984 -0.300767
 1120.000000 2.086735 -0.211915
 1121.000000 2.026618 -0.213197
 1122.000000 2.037083 -0.264627
 1123.000000 1.905403 -0.237688
 1124.000000 1.964371 -0.149298
 1125.000000 1.970790 -0.288105
 1126.000000 2.109365 -0.352923
 1127.000000 2.067915 -0.254344
 1128.000000 1.995773 -0.263257
 1129.000000 2.042928 -0.296215
 1130.000000 2.065662 -0.161270
 1131.000000 2.056654 -0.222509
 1132.000000 2.023550 -0.278937
 1133.000000 2.085241 -0.200381
 1134.000000 1.983632 -0.365266
 1135.000000 1.958789 -0.344364
 1136.000000 2.002726 -0.318259
 1137.000000 2.047621 -0.332289
 1138.000000 2.006702 -0.281579
 1139.000000 2.054883 -0.347477
 1140.000000 1.950573 -0.343563
 1141.000000 2.037067 -0.350823
 1142.000000 1.994940 -0.221982
 1143.000000 2.046100 -0.278213
 1144.000000 2.133393 -0.293557
 1145.000000 2.013704 -0.249749
 1146.000000 1.952527 -0.316012
 1147.000000 2.023530 -0.292597
 1148.000000 2.054530 -0.276215
 1149.000000 2.103316 -0.257315
 1150.000000 2.029694 -0.224008
 1151.000000 2.012340 -0.315328
 1152.000000 2.007693 -0.305922
 1153.000000 2.016267 -0.330492
 1154.000000 2.012549 -0.324343
 1155.000000 2.149708 -0.335645
 1156.000000 2.021063 -0.415335
 1157.000000 2.039603 -0.290118
 1158.000000 2.041924 -0.272550
 1159.000000 1.916989 -0.269952
 1160.000000 2.099481 -0.331164
 1161.000000 1.956603 -0.275557
 1162.000000 2.075756 -0.218060
 1163.000000 1.984774 -0.264616
 1164.000000 2.051403 -0.308137
 1165.000000 1.961743 -0.272031
 1166.000000 2.039046 -0.408880
 1167.000000 2.065127 -0.332126
 1168.000000 2.101058 -0.366099
 1169.000000 2.086658 -0.269100
 1170.000000 2.068868 -0.293314
 1171.000000 2.060602 -0.208939
 1172.000000 1.928163 -0.320088
 1173.000000 2.131777 -0.285111
 1174.000000 2.006825 -0.244150
 1175.000000 2.122489 -0.411715
 1176.000000 2.113684 -0.230872
 1177.000000 1.983747 -0.250357
 1178.000000 1.974873 -0.348048
 1179.000000 1.944505 -0.275366
 1180.000000 1.985682 -0.294952
 1181.000000 2.049319 -0.324848
 1182.000000 2.043931 -0.408006
 1183.000000 1.989327 -0.350919
 1184.000000 1.929277 -0.267618
 1185.000000 1.953930 -0.247966
 1186.000000 1.974149 -0.300554
 1187.000000 2.156539 -0.299787
 1188.000000 2.005537 -0.285678
 1189.000000 2.047233 -0.323076
 1190.000000 1.999939 -0.333804
 1191.000000 1.970478 -0.231253
 1192.000000 1.933293 -0.214494
 1193.000000 1.995245 -0.308322
 1194.000000 2.042496 -0.267328
 1195.000000 2.021388 -0.240468
 1196.000000 2.054837 -0.317309
 1197.000000 1.994359 -0.217059
 1198.000000 2.066433 -0.249859
 1199.000000 2.057745 -0.201121
 1200.000000 2.091104 -0.150186
 1201.000000 2.011280 -0.273930
 1202.000000 2.132608 -0.383507
 1203.000000 2.014549 -0.278205
 1204.000000 1.966423 -0.299491
 1205.000000 2.059909 -0.334980
 1206.000000 1.965938 -0.279920
 1207.000000 2.092269 -0.275115
 1208.000000 2.072653 -0.272838
 1209.000000 2.078894 -0.290280
 1210.000000 2.090670 -0.231455
 1211.000000 2.146190 -0.203806
 1212.000000 2.100851 -0.325434
 1213.000000 2.044042 -0.327477
 1214.000000 1.934885 -0.303866
 1215.000000 2.126573 -0.232489
 1216.000000 2.069842 -0.232020
 1217.000000 2.140249 -0.249251
 1218.000000 2.085145 -0.291223
 1219.000000 2.053063 -0.164320
 1220.000000 1.860224 -0.300877
 1221.000000 2.047195 -0.308627
 1222.000000 2.044907 -0.245882
 1223.000000 2.057286 -0.310237
 1224.000000 2.043339 -0.262041
 1225.000000 2.077536 -0.272615
 1226.000000 2.095724 -0.216543
 1227.000000 1.927518 -0.369356
 1228.000000 1.978553 -0.323898
 1229.000000 2.157166 -0.283273
 1230.000000 1.991912 -0.267655
 1231.000000 1.940773 -0.244659
 1232.000000 2.037456 -0.345569
 1233.000000 2.025090 -0.358498
 1234.000000 2.011053 -0.321172
 1235.000000 2.050469 -0.301067
 1236.000000 2.063733 -0.320566
 1237.000000 2.107064 -0.258998
 1238.000000 2.056433 -0.259373
 1239.000000 1.980695 -0.417421
 1240.000000 2.022582 -0.347868
 1241.000000 1.945555 -0.304481
 1242.000000 2.072353 -0.189904
 1243.000000 2.073398 -0.223364
 1244.000000 2.002271 -0.244500
 1245.000000 1.990640 -0.347306
 1246.000000 2.018334 -0.296822
 1247.000000 2.060411 -0.165214
 1248.000000 2.058196 -0.247899
 1249.000000 2.133191 -0.269813
 1250.000000 1.994726 -0.351623
 1251.000000 2.040668 -0.289909
 1252.000000 2.125615 -0.317387
 1253.000000 2.140714 -0.354883
 1254.000000 2.045984 -0.252118
 1255.000000 2.031333 -0.209664
 1256.000000 2.055468 -0.278790
 1257.000000 2.226112 -0.353342
 1258.000000 2.007884 -0.289109
 1259.000000 2.061360 -0.333882
 1260.000000 1.950736 -0.342732
 1261.000000 1.985741 -0.277722
 1262.000000 2.080105 -0.342649
 1263.000000 2.018045 -0.314838
 1264.000000 2.085820 -0.335749
 1265.000000 1.926457 -0.284425
 1266.000000 2.002260 -0.451908
 1267.000000 2.006182 -0.359238
 1268.000000 1.994507 -0.304458
 1269.000000 1.964824 -0.266859
 1270.000000 2.041582 -0.253802
 1271.000000 2.060214 -0.241829
 1272.000000 2.065796 -0.268508
 1273.000000 1.983537 -0.112594
 1274.000000 1.969278 -0.202571
 1275.000000 2.016554 -0.268799
 1276.000000 2.057311 -0.253063
 1277.000000 2.102500 -0.192406
 1278.000000 2.081376 -0.214524
 1279.000000 2.043943 -0.300309
 1280.000000 2.049017 -0.229313
 1281.000000 2.044154 -0.263250
 1282.000000 1.970363 -0.156977
 1283.000000 2.106979 -0.193536
 1284.000000 2.049947 -0.271367
 1285.000000 1.908683 -0.351152
 1286.000000 2.072372 -0.237080
 1287.000000 2.039225 -0.231303
 1288.000000 2.038553 -0.350051
 1289.000000 1.873483 -0.327581
 1290.000000 2.101201 -0.355265
 1291.000000 2.004721 -0.285124
 1292.000000 2.077886 -0.345917
 1293.000000 1.978571 -0.202523
 1294.000000 1.967596 -0.305213
 1295.000000 1.979115 -0.299529
 1296.000000 1.939900 -0.332226
 1297.000000 2.072071 -0.279728
 1298.000000 2.073937 -0.399602
 1299.000000 2.086594 -0.300520
 1300.000000 2.096563 -0.297187
 1301.000000 2.045132 -0.346801
 1302.000000 2.135216 -0.344911
 1303.000000 2.038967 -0.265574
 1304.000000 2.025177 -0.358613
 1305.000000 2.048696 -0.342538
 1306.000000 2.087096 -0.304135
 1307.000000 2.058461 -0.223200
 1308.000000 2.137520 -0.135415
 1309.000000 2.051097 -0.273258
 1310.000000 2.066303 -0.241906
 1311.000000 1.936711 -0.274816
 1312.000000 2.172019 -0.299994
 1313.000000 1.952496 -0.207461
 1314.000000 2.056837 -0.275768
 1315.000000 2.086159 -0.360008
 1316.000000 2.024768 -0.267965
 1317.000000 2.036515 -0.278062
 1318.000000 1.979843 -0.226075
 1319.000000 2.111597 -0.289364
 1320.000000 2.017244 -0.171549
 1321.000000 1.973397 -0.302025
 1322.000000 2.048298 -0.261057
 1323.000000 2.071966 -0.247156
 1324.000000 2.021931 -0.419100
 1325.000000 2.045845 -0.388487
 1326.000000 2.072530 -0.292792
 1327.000000 2.052231 -0.269998
 1328.000000 1.999309 -0.273009
 1329.000000 2.100351 -0.313205
 1330.000000 2.001960 -0.342295
 1331.000000 2.104697 -0.271040
 1332.000000 2.093913 -0.324602
 1333.000000 2.018238 -0.318829
 1334.000000 2.075976 -0.211559
 1335.000000 2.001492 -0.282152
 1336.000000 1.992983 -0.259247
 1337.000000 1.992841 -0.299169
 1338.000000 2.104310 -0.258604
 1339.000000 2.044058 -0.340730
 1340.000000 2.075326 -0.255373
 1341.000000 2.090268 -0.311911
 1342.000000 2.091748 -0.319700
 1343.000000 1.985542 -0.302870
 1344.000000 2.025568 -0.364472
 1345.000000 2.038731 -0.266792
 1346.000000 2.078862 -0.278240
 1347.000000 2.172226 -0.335474
 1348.000000 2.033034 -0.236356
 1349.000000 2.150044 -0.225292
 1350.000000 2.057947 -0.297818
 1351.000000 2.000721 -0.202525
 1352.000000 2.076905 -0.176059
 1353.000000 2.076822 -0.311568
 1354.000000 2.034500 -0.333136
 1355.000000 2.096279 -0.258245
 1356.000000 2.077108 -0.238565
 1357.000000 2.099422 -0.241640
 1358.000000 1.879812 -0.323004
 1359.000000 2.019201 -0.341362
 1360.000000 1.943972 -0.407283
 1361.000000 1.979259 -0.253328
 1362.000000 2.076156 -0.299753
 1363.000000 2.061533 -0.303737
 1364.000000 2.091817 -0.361863
 1365.000000 2.134766 -0.300844
 1366.000000 2.019204 -0.256879
 1367.000000 2.017651 -0.199647
 1368.000000 2.002217 -0.290910
 1369.000000 2.075637 -0.423561
 1370.000000 2.151041 -0.178251
 1371.000000 2.007900 -0.287573
 1372.000000 2.092554 -0.359150
 1373.000000 2.001802 -0.344808
 1374.000000 2.089781 -0.298736
 1375.000000 2.017020 -0.214490
 1376.000000 2.082220 -0.223820
 1377.000000 2.062007 -0.282415
 1378.000000 2.155593 -0.277703
 1379.000000 2.138475 -0.332905
 1380.000000 2.034528 -0.324872
 1381.000000 2.076080 -0.321127
 1382.000000 2.089747 -0.212961
 1383.000000 1.971753 -0.353880
 1384.000000 2.093971 -0.230183
 1385.000000 1.947474 -0.287126
 1386.000000 2.092958 -0.375053
 1387.000000 2.020025 -0.339382
 1388.000000 2.020682 -0.169934
 1389.000000 2.033906 -0.232345
 1390.000000 1.961236 -0.272136
 1391.000000 2.069477 -0.181908
 1392.000000 2.033087 -0.240498
 1393.000000 2.104601 -0.304586
 1394.000000 2.072968 -0.292341
 1395.000000 2.101318 -0.245696
 1396.000000 2.062291 -0.249076
 1397.000000 1.993961 -0.257400
 1398.000000 2.165621 -0.251646
 1399.000000 2.110107 -0.220123
 1400.000000 2.052057 -0.241816
 1401.000000 1.978574 -0.217744
 1402.000000 2.080306 -0.298300
 1403.000000 2.012549 -0.212138
 1404.000000 2.144462 -0.347206
 1405.000000 2.013267 -0.255826
 1406.000000 2.097779 -0.373497
 1407.000000 2.088743 -0.233270
 1408.000000 2.037813 -0.275414
 1409.000000 2.128874 -0.253673
 1410.000000 1.969797 -0.263818
 1411.000000 2.076794 -0.209470
 1412.000000 2.112006 -0.347729
 1413.000000 2.109775 -0.361717
 1414.000000 2.154328 -0.270100
 1415.000000 2.110826 -0.231623
 1416.000000 2.038648 -0.305915
 1417.000000 2.027379 -0.319346
 1418.000000 2.068355 -0.294717
 1419.000000 2.044367 -0.402636
 1420.000000 2.059527 -0.241234
 1421.000000 2.188130 -0.229836
 1422.000000 2.150966 -0.223876
 1423.000000 2.033047 -0.316213
 1424.000000 2.049202 -0.265440
 1425.000000 2.066633 -0.284125
 1426.000000 2.101409 -0.338693
 1427.000000 2.104865 -0.273000
 1428.000000 2.148841 -0.211439
 1429.000000 2.014830 -0.256193
 1430.000000 2.220894 -0.278417
 1431.000000 2.029081 -0.273949
 1432.000000 2.083889 -0.275228
 1433.000000 2.035030 -0.201756
 1434.000000 2.139912 -0.234121
 1435.000000 1.994678 -0.172640
 1436.000000 2.076817 -0.278127
 1437.000000 2.066041 -0.267879
 1438.000000 2.097454 -0.244284
 1439.000000 2.001388 -0.295231
 1440.000000 2.164420 -0.153715
 1441.000000 2.007181 -0.210253
 1442.000000 2.142055 -0.322446
 1443.000000 2.099995 -0.226337
 1444.000000 2.064449 -0.181901
 1445.000000 2.104097 -0.191861
 1446.000000 2.105944 -0.267244
 1447.000000 2.094692 -0.250257
 1448.000000 2.037259 -0.223768
 1449.000000 2.080267 -0.348956
 1450.000000 2.057473 -0.285224
 1451.000000 2.094800 -0.290183
 1452.000000 2.028493 -0.251956
 1453.000000 2.060516 -0.262923
 1454.000000 2.027323 -0.253648
 1455.000000 2.001309 -0.279743
 1456.000000 2.081681 -0.267860
 1457.000000 2.137224 -0.326734
 1458.000000 2.081153 -0.343159
 1459.000000 2.026214 -0.383096
 1460.000000 2.075862 -0.291564
 1461.000000 2.047091 -0.324516
 1462.000000 2.043557 -0.281576
 1463.000000 2.041225 -0.256258
 1464.000000 2.085699 -0.305691
 1465.000000 2.099680 -0.255921
 1466.000000 2.124568 -0.223702
 1467.000000 2.088641 -0.263807
 1468.000000 2.004359 -0.294261
 1469.000000 1.974434 -0.237027
 1470.000000 2.043655 -0.330818
 1471.000000 2.077157 -0.294918
 1472.000000 1.971883 -0.322624
 1473.000000 2.132401 -0.232600
 1474.000000 2.068200 -0.320057
 1475.000000 2.059534 -0.245740
 1476.000000 2.038867 -0.341382
 1477.000000 2.116288 -0.171838
 1478.000000 2.151889 -0.182186
 1479.000000 2.131646 -0.254083
 1480.000000 1.960151 -0.332141
 1481.000000 2.058471 -0.373449
 1482.000000 2.160696 -0.337425
 1483.000000 2.055064 -0.236775
 1484.000000 2.024884 -0.287280
 1485.000000 2.057578 -0.222840
 1486.000000 2.070026 -0.340579
 1487.000000 2.106663 -0.292958
 1488.000000 1.990095 -0.310331
 1489.000000 1.981281 -0.276235
 1490.000000 1.999972 -0.323547
 1491.000000 2.061208 -0.194594
 1492.000000 2.024321 -0.231654
 1493.000000 2.063816 -0.195431
 1494.000000 2.044686 -0.256924
 1495.000000 2.005776 -0.204471
 1496.000000 2.100341 -0.328556
 1497.000000 2.025378 -0.190052
 1498.000000 2.020054 -0.193062
 1499.000000 1.923729 -0.166777
 1500.000000 2.127337 -0.171982
 1501.000000 2.060150 -0.243125
 1502.000000 1.978312 -0.248248
 1503.000000 2.101507 -0.185812
 1504.000000 2.086551 -0.191062
 1505.000000 2.103934 -0.268590
 1506.000000 2.052140 -0.178288
 1507.000000 2.068737 -0.237374
 1508.000000 2.027339 -0.258044
 1509.000000 2.051802 -0.336363
 1510.000000 2.120043 -0.275023
 1511.000000 2.019141 -0.270724
 1512.000000 2.000170 -0.321904
 1513.000000 2.027103 -0.243273
 1514.000000 2.049532 -0.289613
 1515.000000 2.003718 -0.298300
 1516.000000 1.989302 -0.277416
 1517.000000 2.026207 -0.229186
 1518.000000 2.066105 -0.320445
 1519.000000 2.147532 -0.270672
 1520.000000 2.135944 -0.246596
 1521.000000 2.038007 -0.274500
 1522.000000 2.099022 -0.274261
 1523.000000 2.041485 -0.307439
 1524.000000 2.122264 -0.327648
 1525.000000 2.066483 -0.248603
 1526.000000 2.105700 -0.252076
 1527.000000 1.996065 -0.280807
 1528.000000 2.065791 -0.286851
 1529.000000 1.925824 -0.296976
 1530.000000 2.095177 -0.316133
 1531.000000 2.079112 -0.282782
 1532.000000 2.026977 -0.275024
 1533.000000 2.029508 -0.367444
 1534.000000 2.073730 -0.349492
 1535.000000 2.089854 -0.204658
 1536.000000 2.045711 -0.261908
 1537.000000 1.981390 -0.405924
 1538.000000 2.072026 -0.255229
 1539.000000 2.032966 -0.279628
 1540.000000 1.919642 -0.322262
 1541.000000 2.095277 -0.298108
 1542.000000 2.053511 -0.274496
 1543.000000 2.073077 -0.275793
 1544.000000 2.055283 -0.225624
 1545.000000 2.071967 -0.274274
 1546.000000 2.083773 -0.254125
 1547.000000 2.109798 -0.250740
 1548.000000 2.072346 -0.408368
 1549.000000 2.146717 -0.247367
 1550.000000 2.018298 -0.204053
 1551.000000 2.123387 -0.327162
 1552.000000 2.044908 -0.227556
 1553.000000 2.044540 -0.231358
 1554.000000 2.058741 -0.226840
 1555.000000 1.953060 -0.242104
 1556.000000 2.110587 -0.208678
 1557.000000 2.145231 -0.258433
 1558.000000 1.993133 -0.250580
 1559.000000 2.091951 -0.319674
 1560.000000 2.021973 -0.385338
 1561.000000 2.058686 -0.293979
 1562.000000 2.092820 -0.280867
 1563.000000 2.045085 -0.372544
 1564.000000 2.083041 -0.244324
 1565.000000 2.124568 -0.227657
 1566.000000 2.074785 -0.291089
 1567.000000 1.998352 -0.232366
 1568.000000 1.944551 -0.251407
 1569.000000 2.086620 -0.278638
 1570.000000 2.081921 -0.261689
 1571.000000 2.072874 -0.221245
 1572.000000 2.058980 -0.276256
 1573.000000 2.079471 -0.286237
 1574.000000 2.066121 -0.295292
 1575.000000 2.022009 -0.254890
 1576.000000 2.091384 -0.237916
 1577.000000 1.973211 -0.256694
 1578.000000 2.089645 -0.235206
 1579.000000 1.991066 -0.289719
 1580.000000 2.015643 -0.308974
 1581.000000 2.082928 -0.350049
 1582.000000 2.060226 -0.387759
 1583.000000 2.092810 -0.339236
 1584.000000 2.011207 -0.294400
 1585.000000 2.117252 -0.230183
 1586.000000 2.053924 -0.245323
 1587.000000 2.013816 -0.270071
 1588.000000 2.100305 -0.335607
 1589.000000 2.095610 -0.266986
 1590.000000 2.028709 -0.226613
 1591.000000 1.926096 -0.247664
 1592.000000 2.134148 -0.205745
 1593.000000 2.040103 -0.181524
 1594.000000 2.140034 -0.275970
 1595.000000 2.060141 -0.332043
 1596.000000 2.108812 -0.311112
 1597.000000 1.967088 -0.307015
 1598.000000 2.107300 -0.246165
 1599.000000 1.991676 -0.318080
 1600.000000 2.010759 -0.286823
 1601.000000 2.064086 -0.277242
 1602.000000 2.030899 -0.278692
 1603.000000 2.072621 -0.293866
 1604.000000 1.994987 -0.240001
 1605.000000 2.021803 -0.292518
 1606.000000 2.050112 -0.355951
 1607.000000 1.951645 -0.290280
 1608.000000 2.028914 -0.223048
 1609.000000 2.088401 -0.326425
 1610.000000 1.984446 -0.299226
 1611.000000 2.040388 -0.273898
 1612.000000 2.045859 -0.240584
 1613.000000 2.052034 -0.331723
 1614.000000 1.949324 -0.275622
 1615.000000 2.074805 -0.222448
 1616.000000 1.975850 -0.260332
 1617.000000 2.056184 -0.340795
 1618.000000 2.052213 -0.271923
 1619.000000 2.132795 -0.232488
 1620.000000 2.228941 -0.300102
 1621.000000 2.034181 -0.334025
 1622.000000 1.996190 -0.247334
 1623.000000 2.026969 -0.273060
 1624.000000 2.099307 -0.268966
 1625.000000 2.026758 -0.298254
 1626.000000 1.922472 -0.306852
 1627.000000 2.039967 -0.252771
 1628.000000 1.947799 -0.253887
 1629.000000 2.010492 -0.204954
 1630.000000 2.020538 -0.143116
 1631.000000 2.005715 -0.240325
 1632.000000 1.990023 -0.105995
 1633.000000 2.114664 -0.240657
 1634.000000 1.919828 -0.197733
 1635.000000 2.038394 -0.232253
 1636.000000 2.041183 -0.218127
 1637.000000 2.048704 -0.255655
 1638.000000 2.031035 -0.298115
 1639.000000 1.984954 -0.231152
 1640.000000 1.992549 -0.245119
 1641.000000 1.946969 -0.228382
 1642.000000 1.922383 -0.258428
 1643.000000 2.016094 -0.326857
 1644.000000 2.062490 -0.373131
 1645.000000 2.044103 -0.240277
 1646.000000 2.013071 -0.313499
 1647.000000 2.080110 -0.199508
 1648.000000 2.080225 -0.258913
 1649.000000 2.010300 -0.273035
 1650.000000 2.090501 -0.299547
 1651.000000 2.106976 -0.189810
 1652.000000 2.100571 -0.269164
 1653.000000 2.014557 -0.295494
 1654.000000 2.172953 -0.260983
 1655.000000 2.167760 -0.197505
 1656.000000 2.103587 -0.143334
 1657.000000 2.004763 -0.187785
 1658.000000 2.054079 -0.231247
 1659.000000 2.113393 -0.222545
 1660.000000 2.121589 -0.246646
 1661.000000 2.099185 -0.212191
 1662.000000 2.006611 -0.242850
 1663.000000 1.960030 -0.227309
 1664.000000 2.080381 -0.283222
 1665.000000 2.067545 -0.323811
 1666.000000 2.076923 -0.238545
 1667.000000 2.100377 -0.306294
 1668.000000 2.109086 -0.378848
 1669.000000 2.166392 -0.289751
 1670.000000 2.105798 -0.310316
 1671.000000 2.051087 -0.280929
 1672.000000 2.147581 -0.322930
 1673.000000 2.128018 -0.219866
 1674.000000 2.063585 -0.260103
 1675.000000 2.092985 -0.260331
 1676.000000 2.109679 -0.224264
 1677.000000 2.055701 -0.290861
 1678.000000 2.062124 -0.212821
 1679.000000 2.086366 -0.283284
 1680.000000 2.148510 -0.392308
 1681.000000 2.048264 -0.352376
 1682.000000 2.099587 -0.383089
 1683.000000 2.077426 -0.305995
 1684.000000 2.153166 -0.299004
 1685.000000 2.032467 -0.162270
 1686.000000 1.987280 -0.336996
 1687.000000 2.130715 -0.315424
 1688.000000 2.097402 -0.320864
 1689.000000 2.092195 -0.209140
 1690.000000 2.166378 -0.249710
 1691.000000 2.123397 -0.359315
 1692.000000 2.053114 -0.370484
 1693.000000 2.113029 -0.274885
 1694.000000 2.070280 -0.231725
 1695.000000 2.138828 -0.306297
 1696.000000 2.061195 -0.255618
 1697.000000 2.088939 -0.259572
 1698.000000 2.067227 -0.250943
 1699.000000 2.016939 -0.259918
 1700.000000 2.045007 -0.272642
 1701.000000 2.110819 -0.254826
 1702.000000 2.034973 -0.242191
 1703.000000 2.102496 -0.193640
 1704.000000 2.080685 -0.301705
 1705.000000 1.966035 -0.255835
 1706.000000 2.001967 -0.249717
 1707.000000 2.168362 -0.299208
 1708.000000 2.004109 -0.254634
 1709.000000 2.097361 -0.314415
 1710.000000 2.118623 -0.258666
 1711.000000 2.258703 -0.293964
 1712.000000 2.067615 -0.257076
 1713.000000 2.169311 -0.346178
 1714.000000 2.040022 -0.368891
 1715.000000 2.099085 -0.307393
 1716.000000 2.118700 -0.303831
 1717.000000 2.035863 -0.304626
 1718.000000 2.042851 -0.203908
 1719.000000 2.121672 -0.265493
 1720.000000 2.021462 -0.189957
 1721.000000 2.026299 -0.312222
 1722.000000 2.103486 -0.126339
 1723.000000 2.204273 -0.235610
 1724.000000 2.103374 -0.261580
 1725.000000 2.097041 -0.234038
 1726.000000 2.001403 -0.253724
 1727.000000 2.043136 -0.153883
 1728.000000 2.055068 -0.301864
 1729.000000 2.182678 -0.143159
 1730.000000 1.996536 -0.383073
 1731.000000 2.182410 -0.264339
 1732.000000 2.000407 -0.237599
 1733.000000 2.167249 -0.293374
 1734.000000 2.215051 -0.267068
 1735.000000 2.177222 -0.271961
 1736.000000 2.037177 -0.172882
 1737.000000 2.002636 -0.194257
 1738.000000 2.020621 -0.260787
 1739.000000 2.096796 -0.270039
 1740.000000 2.074871 -0.265238
 1741.000000 2.142027 -0.368572
 1742.000000 2.066262 -0.250933
 1743.000000 2.003933 -0.359110
 1744.000000 2.061784 -0.465633
 1745.000000 2.085996 -0.398031
 1746.000000 2.081985 -0.388663
 1747.000000 2.067928 -0.428645
 1748.000000 2.030839 -0.335788
 1749.000000 2.015913 -0.325797
 1750.000000 2.120553 -0.336115
 1751.000000 2.073347 -0.337817
 1752.000000 2.045375 -0.371671
 1753.000000 2.136657 -0.317399
 1754.000000 2.091865 -0.367073
 1755.000000 2.050797 -0.321448
 1756.000000 2.063775 -0.357047
 1757.000000 2.014706 -0.272457
 1758.000000 2.065417 -0.327674
 1759.000000 2.162025 -0.292855
 1760.000000 2.163773 -0.313997
 1761.000000 2.161134 -0.205723
 1762.000000 2.102356 -0.305146
 1763.000000 2.099954 -0.172182
 1764.000000 2.099548 -0.252176
 1765.000000 2.113613 -0.331126
 1766.000000 2.121877 -0.344443
 1767.000000 2.077091 -0.350527
 1768.000000 2.010048 -0.295979
 1769.000000 2.055075 -0.241828
 1770.000000 2.125227 -0.291400
 1771.000000 2.085870 -0.333595
 1772.000000 2.148270 -0.214629
 1773.000000 2.188306 -0.252066
 1774.000000 2.049835 -0.248723
 1775.000000 2.101736 -0.263440
 1776.000000 2.107029 -0.226437
 1777.000000 2.121000 -0.150793
 1778.000000 2.083804 -0.285106
 1779.000000 2.145429 -0.286569
 1780.000000 2.158183 -0.265543
 1781.000000 2.195448 -0.160785
 1782.000000 2.164807 -0.236521
 1783.000000 2.062804 -0.209264
 1784.000000 2.067191 -0.285714
 1785.000000 2.149665 -0.394188
 1786.000000 2.022525 -0.290866
 1787.000000 2.091937 -0.244089
 1788.000000 2.125436 -0.281574
 1789.000000 1.978914 -0.364982
 1790.000000 2.092603 -0.365233
 1791.000000 2.138512 -0.280217
 1792.000000 2.075537 -0.264002
 1793.000000 2.152650 -0.286146
 1794.000000 2.135219 -0.279003
 1795.000000 2.121736 -0.266066
 1796.000000 2.075286 -0.277908
 1797.000000 2.172054 -0.355042
 1798.000000 2.010304 -0.302902
 1799.000000 2.119329 -0.266377
 1800.000000 2.063021 -0.160956
 1801.000000 2.103859 -0.280290
 1802.000000 2.176259 -0.325745
 1803.000000 2.075964 -0.256439
 1804.000000 2.111863 -0.352340
 1805.000000 2.153439 -0.261834
 1806.000000 2.032887 -0.310911
 1807.000000 2.181537 -0.274096
 1808.000000 2.115211 -0.190063
 1809.000000 2.240703 -0.359161
 1810.000000 2.098118 -0.274054
 1811.000000 2.156960 -0.275813
 1812.000000 2.070234 -0.196531
 1813.000000 2.006675 -0.306455
 1814.000000 2.101828 -0.291540
 1815.000000 2.155895 -0.195845
 1816.000000 2.016002 -0.338591
 1817.000000 2.173005 -0.336388
 1818.000000 2.125975 -0.321528
 1819.000000 2.106747 -0.298877
 1820.000000 2.084147 -0.302335
 1821.000000 2.061035 -0.243171
 1822.000000 2.064116 -0.402484
 1823.000000 2.245969 -0.325175
 1824.000000 2.142709 -0.263832
 1825.000000 2.055907 -0.393675
 1826.000000 2.047936 -0.345469
 1827.000000 2.001255 -0.255895
 1828.000000 2.101667 -0.200531
 1829.000000 2.087985 -0.321542
 1830.000000 2.202008 -0.312359
 1831.000000 2.093507 -0.288533
 1832.000000 2.158674 -0.334190
 1833.000000 2.004858 -0.389688
 1834.000000 2.091633 -0.424968
 1835.000000 2.070895 -0.225868
 1836.000000 2.131335 -0.119238
 1837.000000 2.102574 -0.260691
 1838.000000 2.128182 -0.366859
 1839.000000 2.115676 -0.317320
 1840.000000 2.179809 -0.300826
 1841.000000 2.091400 -0.318345
 1842.000000 2.129097 -0.331031
 1843.000000 2.217956 -0.253975
 1844.000000 2.060124 -0.348029
 1845.000000 2.058743 -0.324955
 1846.000000 2.213423 -0.279381
 1847.000000 2.060177 -0.250632
 1848.000000 2.151436 -0.197915
 1849.000000 2.035203 -0.223800
 1850.000000 2.060243 -0.206986
 1851.000000 2.096241 -0.304817
 1852.000000 2.031055 -0.256324
 1853.000000 2.033040 -0.290168
 1854.000000 2.088902 -0.279604
 1855.000000 1.982691 -0.242230
 1856.000000 2.015517 -0.292760
 1857.000000 2.035418 -0.289153
 1858.000000 2.066514 -0.375253
 1859.000000 2.079307 -0.252374
 1860.000000 2.049035 -0.260051
 1861.000000 2.081214 -0.238411
 1862.000000 1.982382 -0.239836
 1863.000000 2.025077 -0.205919
 1864.000000 2.121917 -0.139544
 1865.000000 2.073162 -0.160482
 1866.000000 2.016598 -0.127947
 1867.000000 2.087301 -0.211752
 1868.000000 2.120494 -0.129641
 1869.000000 2.068834 -0.181315
 1870.000000 2.085164 -0.189880
 1871.000000 2.067027 -0.217632
 1872.000000 2.119047 -0.161091
 1873.000000 2.108951 -0.233083
 1874.000000 2.155245 -0.310882
 1875.000000 2.034868 -0.234955
 1876.000000 2.073222 -0.234598
 1877.000000 2.093134 -0.266745
 1878.000000 2.037555 -0.289774
 1879.000000 2.091490 -0.190324
 1880.000000 2.188064 -0.216758
 1881.000000 2.059592 -0.299408
 1882.000000 2.080929 -0.291842
 1883.000000 2.172972 -0.260522
 1884.000000 2.061613 -0.251409
 1885.000000 2.027308 -0.296343
 1886.000000 2.062922 -0.215547
 1887.000000 2.045472 -0.317734
 1888.000000 2.094736 -0.266536
 1889.000000 2.010164 -0.329603
 1890.000000 2.066735 -0.342210
 1891.000000 2.053302 -0.256815
 1892.000000 2.009851 -0.275401
 1893.000000 1.937972 -0.258354
 1894.000000 2.001837 -0.365403
 1895.000000 2.059085 -0.254769
 1896.000000 2.161913 -0.265617
 1897.000000 2.024287 -0.172656
 1898.000000 1.984445 -0.338489
 1899.000000 2.051179 -0.232069
 1900.000000 2.011949 -0.333827
 1901.000000 2.063733 -0.276141
 1902.000000 2.084634 -0.256103
 1903.000000 2.054420 -0.244294
 1904.000000 2.000824 -0.241758
 1905.000000 2.114882 -0.318638
 1906.000000 2.010014 -0.258504
 1907.000000 1.962320 -0.330945
 1908.000000 2.094704 -0.340021
 1909.000000 2.064785 -0.284987
 1910.000000 2.093078 -0.300269
 1911.000000 1.985933 -0.258501
 1912.000000 2.137157 -0.262727
 1913.000000 2.028831 -0.219778
 1914.000000 1.961690 -0.277163
 1915.000000 2.040988 -0.265293
 1916.000000 2.023035 -0.290900
 1917.000000 1.998434 -0.331027
 1918.000000 1.980705 -0.291243
 1919.000000 1.966328 -0.318133
 1920.000000 2.064026 -0.306787
 1921.000000 2.138588 -0.231176
 1922.000000 2.091706 -0.298442
 1923.000000 2.000086 -0.280499
 1924.000000 2.031626 -0.342037
 1925.000000 2.138580 -0.297616
 1926.000000 2.017701 -0.235933
 1927.000000 2.126338 -0.311459
 1928.000000 2.042239 -0.306899
 1929.000000 2.010820 -0.306885
 1930.000000 2.002191 -0.317521
 1931.000000 2.125957 -0.323220
 1932.000000 2.099054 -0.310895
 1933.000000 2.141870 -0.282567
 1934.000000 2.084065 -0.308122
 1935.000000 2.043198 -0.271141
 1936.000000 2.169198 -0.310804
 1937.000000 2.119972 -0.321374
 1938.000000 2.029861 -0.214385
 1939.000000 2.075551 -0.240937
 1940.000000 2.121038 -0.315790
 1941.000000 1.999495 -0.333097
 1942.000000 2.062210 -0.238245
 1943.000000 1.975240 -0.271691
 1944.000000 2.047211 -0.368710
 1945.000000 1.952112 -0.306348
 1946.000000 2.148529 -0.318678
 1947.000000 2.101838 -0.288909
 1948.000000 2.042552 -0.202858
 1949.000000 1.926802 -0.256908
 1950.000000 2.131026 -0.237170
 1951.000000 2.006107 -0.304709
 1952.000000 2.024614 -0.227319
 1953.000000 2.010915 -0.197208
 1954.000000 1.997285 -0.284577
 1955.000000 2.065601 -0.241917
 1956.000000 2.070559 -0.378106
 1957.000000 2.105677 -0.219111
 1958.000000 2.173243 -0.340920
 1959.000000 2.004875 -0.229915
 1960.000000 1.981586 -0.169948
 1961.000000 2.084408 -0.293071
 1962.000000 1.986566 -0.273800
 1963.000000 2.026684 -0.259726
 1964.000000 2.089812 -0.344512
 1965.000000 2.034622 -0.381552
 1966.000000 2.068637 -0.362580
 1967.000000 2.073006 -0.372558
 1968.000000 2.050917 -0.255916
 1969.000000 2.145238 -0.346696
 1970.000000 2.058338 -0.198933
 1971.000000 2.094406 -0.217851
 1972.000000 1.977848 -0.251549
 1973.000000 2.049702 -0.290437
 1974.000000 2.065340 -0.316610
 1975.000000 2.026345 -0.335561
 1976.000000 1.984093 -0.263105
 1977.000000 2.033286 -0.333961
 1978.000000 1.986945 -0.409842
 1979.000000 2.081011 -0.333938
 1980.000000 2.088368 -0.300101
 1981.000000 2.062461 -0.340992
 1982.000000 2.107174 -0.369198
 1983.000000 2.091956 -0.296397
 1984.000000 2.059280 -0.361504
 1985.000000 2.006921 -0.224633
 1986.000000 1.987166 -0.265978
 1987.000000 2.179516 -0.285277
 1988.000000 2.125281 -0.216184
 1989.000000 2.064011 -0.254032
 1990.000000 2.142158 -0.247951
 1991.000000 2.017274 -0.336512
 1992.000000 2.124336 -0.317625
 1993.000000 2.028119 -0.309771
 1994.000000 2.163329 -0.382614
 1995.000000 2.038356 -0.283529
 1996.000000 2.059381 -0.282093
 1997.000000 2.067255 -0.233265
 1998.000000 2.069359 -0.225691
 1999.000000 2.072106 -0.295126
 2000.000000 2.100360 -0.266471
 2001.000000 2.089879 -0.268111
 2002.000000 1.988053 -0.329161
 2003.000000 2.110307 -0.239531
 2004.000000 2.053937 -0.315420
 2005.000000 2.192119 -0.328585
 2006.000000 2.077123 -0.322628
 2007.000000 2.073459 -0.249102
 2008.000000 2.192141 -0.219324
 2009.000000 2.048717 -0.243480
 2010.000000 2.048003 -0.306010
 2011.000000 2.070223 -0.160824
 2012.000000 2.084195 -0.258591
 2013.000000 2.045643 -0.185504
 2014.000000 2.136877 -0.391970
 2015.000000 2.130694 -0.235860
 2016.000000 2.141029 -0.368569
 2017.000000 2.124050 -0.357689
 2018.000000 2.161814 -0.352051
 2019.000000 2.145403 -0.318805
 2020.000000 2.029402 -0.144468
 2021.000000 2.019466 -0.317450
 2022.000000 1.992692 -0.278054
 2023.000000 2.020421 -0.186282
 2024.000000 2.131064 -0.163266
 2025.000000 2.064862 -0.234923
 2026.000000 2.032464 -0.254712
 2027.000000 2.025316 -0.266862
 2028.000000 2.120998 -0.141575
 2029.000000 2.053133 -0.174692
 2030.000000 2.066616 -0.317251
 2031.000000 2.083470 -0.277732
 2032.000000 2.138307 -0.315634
 2033.000000 2.035055 -0.310288
 2034.000000 2.028078 -0.241988
 2035.000000 2.131273 -0.280669
 2036.000000 2.137810 -0.204974
 2037.000000 2.200061 -0.143759
 2038.000000 2.099700 -0.328682
 2039.000000 2.047401 -0.296457
 2040.000000 1.993209 -0.333611
 2041.000000 2.182314 -0.311018
 2042.000000 2.086584 -0.424446
 2043.000000 2.025675 -0.255662
 2044.000000 2.195272 -0.356758
 2045.000000 2.152316 -0.317601
 2046.000000 2.108923 -0.302286
 2047.000000 2.134084 -0.289455
 2048.000000 2.136038 -0.221919
 2049.000000 2.058539 -0.351708
 2050.000000 2.163059 -0.245069
 2051.000000 2.028323 -0.337595
 2052.000000 2.171566 -0.299703
 2053.000000 2.063873 -0.222563
 2054.000000 2.041523 -0.332692
 2055.000000 2.152096 -0.347905
 2056.000000 2.107967 -0.292917
 2057.000000 1.891532 -0.280708
 2058.000000 2.089492 -0.312343
 2059.000000 2.100306 -0.331247
 2060.000000 2.008864 -0.217039
 2061.000000 2.132132 -0.247329
 2062.000000 2.062022 -0.208698
 2063.000000 2.118707 -0.280881
 2064.000000 2.041085 -0.266421
 2065.000000 2.012693 -0.322559
 2066.000000 2.203194 -0.311698
 2067.000000 1.981083 -0.344713
 2068.000000 1.960031 -0.269703
 2069.000000 2.146797 -0.362240
 2070.000000 2.018774 -0.304542
 2071.000000 1.981827 -0.383365
 2072.000000 2.077145 -0.285161
 2073.000000 2.093851 -0.365514
 2074.000000 2.146247 -0.254945
 2075.000000 2.076100 -0.321541
 2076.000000 2.060835 -0.220907
 2077.000000 2.167212 -0.256990
 2078.000000 2.056914 -0.316264
 2079.000000 1.938145 -0.283023
 2080.000000 2.054987 -0.296835
 2081.000000 2.116946 -0.260808
 2082.000000 2.041881 -0.270893
 2083.000000 2.170598 -0.282609
 2084.000000 2.117892 -0.275508
 2085.000000 2.053626 -0.309152
 2086.000000 2.061135 -0.300604
 2087.000000 2.104447 -0.367381
 2088.000000 2.070186 -0.271343
 2089.000000 2.039118 -0.342073
 2090.000000 2.034441 -0.367566
 2091.000000 2.137884 -0.367800
 2092.000000 2.017506 -0.276856
 2093.000000 2.067756 -0.334017
 2094.000000 2.096130 -0.256213
 2095.000000 2.071377 -0.242926
 2096.000000 2.063851 -0.357677
 2097.000000 2.037706 -0.353605
 2098.000000 2.112130 -0.360965
 2099.000000 2.150002 -0.326377
 2100.000000 1.999869 -0.389542
 2101.000000 2.207928 -0.330437
 2102.000000 2.032450 -0.278610
 2103.000000 2.105318 -0.220938
 2104.000000 2.177495 -0.364998
 2105.000000 2.111251 -0.298699
 2106.000000 2.028577 -0.255230
 2107.000000 1.988550 -0.448852
 2108.000000 2.097978 -0.309795
 2109.000000 1.991590 -0.293471
 2110.000000 2.095471 -0.234270
 2111.000000 2.205811 -0.361513
 2112.000000 2.064364 -0.383628
 2113.000000 2.090967 -0.247621
 2114.000000 2.032088 -0.409052
 2115.000000 2.048856 -0.327410
 2116.000000 2.093783 -0.317226
 2117.000000 2.103937 -0.196599
 2118.000000 2.026403 -0.334136
 2119.000000 2.065147 -0.305981
 2120.000000 2.067605 -0.239127
 2121.000000 2.073119 -0.322130
 2122.000000 2.075717 -0.320162
 2123.000000 2.070801 -0.298454
 2124.000000 2.011353 -0.305177
 2125.000000 2.183418 -0.318882
 2126.000000 2.086952 -0.283030
 2127.000000 2.085853 -0.272974
 2128.000000 2.054106 -0.365770
 2129.000000 2.058193 -0.327468
 2130.000000 2.192044 -0.399565
 2131.000000 2.079277 -0.232115
 2132.000000 2.121729 -0.376234
 2133.000000 2.095431 -0.257303
 2134.000000 2.116691 -0.301539
 2135.000000 2.131184 -0.238136
 2136.000000 2.234298 -0.323725
 2137.000000 2.060081 -0.288758
 2138.000000 2.110948 -0.292533
 2139.000000 2.097346 -0.311465
 2140.000000 2.091882 -0.246155
 2141.000000 2.128027 -0.276498
 2142.000000 2.225368 -0.206501
 2143.000000 2.136316 -0.162101
 2144.000000 2.060128 -0.257137
 2145.000000 2.088866 -0.470123
 2146.000000 1.994414 -0.413418
 2147.000000 2.048859 -0.248400
 2148.000000 2.076707 -0.291839
 2149.000000 2.089131 -0.284759
 2150.000000 2.082859 -0.265559
 2151.000000 2.027216 -0.266549
 2152.000000 2.068725 -0.342127
 2153.000000 2.054739 -0.203032
 2154.000000 2.082096 -0.390456
 2155.000000 2.017324 -0.307176
 2156.000000 2.121435 -0.210667
 2157.000000 2.069817 -0.234931
 2158.000000 1.971659 -0.271817
 2159.000000 1.957877 -0.320758
 2160.000000 2.120696 -0.320780
 2161.000000 2.128890 -0.321710
 2162.000000 2.198819 -0.284617
 2163.000000 2.198297 -0.117387
 2164.000000 2.005340 -0.303835
 2165.000000 2.110031 -0.278257
 2166.000000 2.081583 -0.340877
 2167.000000 2.031144 -0.331335
 2168.000000 2.144905 -0.333037
 2169.000000 2.083582 -0.341811
 2170.000000 2.133647 -0.261913
 2171.000000 2.074891 -0.275395
 2172.000000 2.018458 -0.398309
 2173.000000 2.112378 -0.347405
 2174.000000 2.160316 -0.223598
 2175.000000 2.011261 -0.351006
 2176.000000 2.116488 -0.365903
 2177.000000 2.079353 -0.282199
 2178.000000 2.097703 -0.324078
 2179.000000 2.081115 -0.279406
 2180.000000 2.064838 -0.379144
 2181.000000 1.958781 -0.287386
 2182.000000 2.153859 -0.265064
 2183.000000 2.057880 -0.278950
 2184.000000 2.142324 -0.269378
 2185.000000 2.040409 -0.292149
 2186.000000 2.013567 -0.239718
 2187.000000 1.996185 -0.357574
 2188.000000 2.065582 -0.276284
 2189.000000 2.176219 -0.300455
 2190.000000 2.137628 -0.386905
 2191.000000 2.086544 -0.342083
 2192.000000 2.088251 -0.308130
 2193.000000 2.065402 -0.319606
 2194.000000 1.976989 -0.332158
 2195.000000 2.035083 -0.253760
 2196.000000 2.129073 -0.355246
 2197.000000 2.115845 -0.361672
 2198.000000 2.058391 -0.242458
 2199.000000 2.010050 -0.262221
 2200.000000 2.043873 -0.342185
 2201.000000 1.978854 -0.313010
 2202.000000 2.027801 -0.283288
 2203.000000 2.024510 -0.267983
 2204.000000 2.024682 -0.276877
 2205.000000 2.076133 -0.326388
 2206.000000 2.077880 -0.287917
 2207.000000 2.178554 -0.240205
 2208.000000 2.070054 -0.305699
 2209.000000 2.036605 -0.383274
 2210.000000 2.076084 -0.319924
 2211.000000 2.122984 -0.293090
 2212.000000 2.174206 -0.356514
 2213.000000 1.966315 -0.334097
 2214.000000 2.081834 -0.290235
 2215.000000 2.012590 -0.420527
 2216.000000 1.930843 -0.270986
 2217.000000 1.967834 -0.474002
 2218.000000 1.977444 -0.321692
 2219.000000 2.114688 -0.364370
 2220.000000 2.046855 -0.298109
 2221.000000 2.065995 -0.338727
 2222.000000 2.010802 -0.293011
 2223.000000 1.952250 -0.307084
 2224.000000 2.054769 -0.237623
 2225.000000 1.934481 -0.241248
 2226.000000 2.008457 -0.270707
 2227.000000 2.120819 -0.272961
 2228.000000 2.091044 -0.238840
 2229.000000 2.114617 -0.258529
 2230.000000 2.171676 -0.249134
 2231.000000 2.093769 -0.365629
 2232.000000 2.123282 -0.241686
 2233.000000 1.966651 -0.147675
 2234.000000 2.116618 -0.230478
 2235.000000 2.019322 -0.281625
 2236.000000 2.064437 -0.242164
 2237.000000 2.092762 -0.236437
 2238.000000 2.125335 -0.250612
 2239.000000 2.095046 -0.365597
 2240.000000 2.017039 -0.325605
 2241.000000 1.898754 -0.228601
 2242.000000 1.930145 -0.280910
 2243.000000 1.989647 -0.282041
 2244.000000 2.066832 -0.248894
 2245.000000 2.064117 -0.333528
 2246.000000 2.082243 -0.307605
 2247.000000 2.069732 -0.359092
 2248.000000 2.013865 -0.275662
 2249.000000 2.198441 -0.237664
 2250.000000 2.164964 -0.319293
 2251.000000 2.099666 -0.272044
 2252.000000 2.206020 -0.315238
 2253.000000 2.037706 -0.323928
 2254.000000 2.100867 -0.336427
 2255.000000 2.135220 -0.265994
 2256.000000 2.122814 -0.356635
 2257.000000 2.029236 -0.405987
 2258.000000 2.034706 -0.338197
 2259.000000 1.891233 -0.275787
 2260.000000 2.019016 -0.317175
 2261.000000 2.041837 -0.354398
 2262.000000 2.082436 -0.405933
 2263.000000 1.997291 -0.303903
 2264.000000 2.006157 -0.344303
 2265.000000 2.025635 -0.315520
 2266.000000 2.045948 -0.316902
 2267.000000 2.141481 -0.349046
 2268.000000 2.154121 -0.335070
 2269.000000 2.128202 -0.309467
 2270.000000 2.126430 -0.326879
 2271.000000 2.125537 -0.250072
 2272.000000 2.156150 -0.213201
 2273.000000 2.048005 -0.303195
 2274.000000 2.119124 -0.407444
 2275.000000 1.997792 -0.317804
 2276.000000 2.083424 -0.344887
 2277.000000 2.154522 -0.244539
 2278.000000 2.116921 -0.230956
 2279.000000 2.021610 -0.349278
 2280.000000 2.071615 -0.271555
 2281.000000 2.192150 -0.354595
 2282.000000 2.092626 -0.452980
 2283.000000 2.192835 -0.260900
 2284.000000 2.054722 -0.341959
 2285.000000 2.111392 -0.407493
 2286.000000 2.059538 -0.356016
 2287.000000 2.026040 -0.335103
 2288.000000 2.176506 -0.300473
 2289.000000 2.086782 -0.285895
 2290.000000 2.142699 -0.350840
 2291.000000 2.067642 -0.324099
 2292.000000 2.011767 -0.321255
 2293.000000 2.096734 -0.322228
 2294.000000 2.098369 -0.243188
 2295.000000 2.095059 -0.187961
 2296.000000 2.069377 -0.198564
 2297.000000 2.088040 -0.265426
 2298.000000 2.092370 -0.305348
 2299.000000 2.091260 -0.273625
 2300.000000 2.100693 -0.180204
 2301.000000 2.083930 -0.110593
 2302.000000 2.116257 -0.314680
 2303.000000 2.194776 -0.245616
 2304.000000 2.132177 -0.358362
 2305.000000 2.196916 -0.294489
 2306.000000 2.103866 -0.234698
 2307.000000 2.106742 -0.238094
 2308.000000 2.079954 -0.182645
 2309.000000 2.097784 -0.213791
 2310.000000 2.065825 -0.257762
 2311.000000 2.052935 -0.190566
 2312.000000 2.080567 -0.261479
 2313.000000 2.083615 -0.251564
 2314.000000 2.103210 -0.296196
 2315.000000 2.133478 -0.271570
 2316.000000 2.102457 -0.306046
 2317.000000 2.097605 -0.297587
 2318.000000 2.048724 -0.308170
 2319.000000 2.160178 -0.283039
 2320.000000 2.055587 -0.256583
 2321.000000 2.057044 -0.328240
 2322.000000 2.122241 -0.361909
 2323.000000 2.007432 -0.278997
 2324.000000 2.184604 -0.235227
 2325.000000 2.088256 -0.272897
 2326.000000 2.105906 -0.286088
 2327.000000 2.091458 -0.241883
 2328.000000 2.119050 -0.234799
 2329.000000 2.183339 -0.270691
 2330.000000 2.169168 -0.311990
 2331.000000 2.133493 -0.230069
 2332.000000 2.138005 -0.278633
 2333.000000 2.232722 -0.245430
 2334.000000 2.134149 -0.385328
 2335.000000 2.058780 -0.317537
 2336.000000 2.103366 -0.393498
 2337.000000 2.037240 -0.304407
 2338.000000 2.065652 -0.303619
 2339.000000 2.081673 -0.259266
 2340.000000 2.056841 -0.294826
 2341.000000 2.091428 -0.392266
 2342.000000 2.064869 -0.210314
 2343.000000 2.030659 -0.254618
 2344.000000 2.151313 -0.332950
 2345.000000 2.003098 -0.341084
 2346.000000 2.109079 -0.253533
 2347.000000 2.089506 -0.237013
 2348.000000 2.109990 -0.415449
 2349.000000 2.127010 -0.259808
 2350.000000 2.157479 -0.182980
 2351.000000 2.177319 -0.307291
 2352.000000 2.176461 -0.279519
 2353.000000 2.103918 -0.259983
 2354.000000 2.032111 -0.294429
 2355.000000 2.155801 -0.289036
 2356.000000 2.012053 -0.288174
 2357.000000 2.057428 -0.314759
 2358.000000 2.087605 -0.268906
 2359.000000 2.025039 -0.304141
 2360.000000 2.137459 -0.310700
 2361.000000 2.023086 -0.285195
 2362.000000 2.046445 -0.348800
 2363.000000 2.086654 -0.276553
 2364.000000 2.114754 -0.357117
 2365.000000 2.165081 -0.354722
 2366.000000 2.106852 -0.356135
 2367.000000 2.067958 -0.309696
 2368.000000 2.082106 -0.359300
 2369.000000 2.186061 -0.366599
 2370.000000 2.051527 -0.240966
 2371.000000 2.048837 -0.249647
 2372.000000 2.124049 -0.395847
 2373.000000 2.057793 -0.334924
 2374.000000 2.142453 -0.233100
 2375.000000 2.074260 -0.215584
 2376.000000 2.111023 -0.214140
 2377.000000 2.153405 -0.295452
 2378.000000 1.985855 -0.160155
 2379.000000 2.191883 -0.298591
 2380.000000 2.024061 -0.379030
 2381.000000 2.141726 -0.347519
 2382.000000 2.017247 -0.281991
 2383.000000 2.120058 -0.305878
 2384.000000 2.096263 -0.307449
 2385.000000 2.065283 -0.244973
 2386.000000 2.070257 -0.239409
 2387.000000 2.093660 -0.190927
 2388.000000 2.026146 -0.352153
 2389.000000 2.094895 -0.221778
 2390.000000 2.165469 -0.309152
 2391.000000 2.138234 -0.332814
 2392.000000 2.088450 -0.487261
 2393.000000 2.222101 -0.347292
 2394.000000 2.094868 -0.339298
 2395.000000 2.113175 -0.309358
 2396.000000 2.122311 -0.281941
 2397.000000 2.067981 -0.302403
 2398.000000 2.039382 -0.361618
 2399.000000 2.086512 -0.168771
 2400.000000 2.051002 -0.338316
 2401.000000 2.110465 -0.323354
 2402.000000 2.137671 -0.343235
 2403.000000 2.061117 -0.287613
 2404.000000 2.040673 -0.274714
 2405.000000 2.032048 -0.193672
 2406.000000 2.032639 -0.318602
 2407.000000 2.061540 -0.327716
 2408.000000 2.112387 -0.316971
 2409.000000 2.130392 -0.373261
 2410.000000 2.066573 -0.295556
 2411.000000 2.044592 -0.297819
 2412.000000 2.079625 -0.328904
 2413.000000 1.975403 -0.242102
 2414.000000 2.118475 -0.328821
 2415.000000 2.014255 -0.253776
 2416.000000 1.978206 -0.298504
 2417.000000 2.098621 -0.263434
 2418.000000 2.125938 -0.263711
 2419.000000 2.217132 -0.326495
 2420.000000 2.044710 -0.325156
 2421.000000 2.197701 -0.226870
 2422.000000 2.094216 -0.189900
 2423.000000 1.980485 -0.178260
 2424.000000 2.113296 -0.200969
 2425.000000 1.965787 -0.309121
 2426.000000 2.142824 -0.273441
 2427.000000 1.967343 -0.311628
 2428.000000 2.053261 -0.359903
 2429.000000 2.097040 -0.354823
 2430.000000 2.022470 -0.251609
 2431.000000 2.141641 -0.219764
 2432.000000 2.103864 -0.375798
 2433.000000 2.097705 -0.349622
 2434.000000 1.977226 -0.273239
 2435.000000 2.101093 -0.357643
 2436.000000 2.157819 -0.340341
 2437.000000 2.163996 -0.330218
 2438.000000 2.068698 -0.367970
 2439.000000 2.048642 -0.261267
 2440.000000 2.000866 -0.178765
 2441.000000 2.096489 -0.312409
 2442.000000 1.982949 -0.336299
 2443.000000 2.030555 -0.300708
 2444.000000 2.101851 -0.288133
 2445.000000 2.044106 -0.370036
 2446.000000 2.139678 -0.290033
 2447.000000 2.082038 -0.334830
 2448.000000 2.153385 -0.347937
 2449.000000 1.956167 -0.254370
 2450.000000 2.080639 -0.323389
 2451.000000 2.102058 -0.322079
 2452.000000 2.098830 -0.310786
 2453.000000 2.074717 -0.329515
 2454.000000 2.095908 -0.334188
 2455.000000 2.076060 -0.323829
 2456.000000 1.879390 -0.377291
 2457.000000 2.038633 -0.353617
 2458.000000 2.089084 -0.345494
 2459.000000 2.139625 -0.308178
 2460.000000 2.078828 -0.348147
 2461.000000 2.144769 -0.322300
 2462.000000 2.083939 -0.291932
 2463.000000 2.138111 -0.252549
 2464.000000 2.009306 -0.182727
 2465.000000 2.103746 -0.296452
 2466.000000 2.093006 -0.306528
 2467.000000 2.123587 -0.360190
 2468.000000 2.098113 -0.332819
 2469.000000 2.052764 -0.308113
 2470.000000 2.097330 -0.361803
 2471.000000 2.120888 -0.267060
 2472.000000 2.037267 -0.329706
 2473.000000 2.089861 -0.335956
 2474.000000 2.091727 -0.250081
 2475.000000 2.046566 -0.206436
 2476.000000 2.056736 -0.316860
 2477.000000 2.059369 -0.317520
 2478.000000 2.092018 -0.398168
 2479.000000 2.157145 -0.388182
 2480.000000 2.122192 -0.334461
 2481.000000 2.065672 -0.390475
 2482.000000 1.977083 -0.266463
 2483.000000 2.098616 -0.312216
 2484.000000 2.077847 -0.302214
 2485.000000 2.082103 -0.288772
 2486.000000 2.065802 -0.198871
 2487.000000 2.116472 -0.338466
 2488.000000 2.024956 -0.352632
 2489.000000 2.066266 -0.322650
 2490.000000 2.119049 -0.361816
 2491.000000 1.959538 -0.245666
 2492.000000 2.108629 -0.299414
 2493.000000 1.988206 -0.305497
 2494.000000 2.071382 -0.186300
 2495.000000 2.178973 -0.233629
 2496.000000 2.074519 -0.341027
 2497.000000 2.185721 -0.265103
 2498.000000 2.090020 -0.320964
 2499.000000 2.056221 -0.271159
 2500.000000 2.073217 -0.296356
