#! FIELDS time pd_137_140 diff
 0.000000 1.100573 0.853766
 1.000000 1.119635 0.759849
 2.000000 1.125863 0.759491
 3.000000 1.111653 0.600091
 4.000000 1.112830 0.703820
 5.000000 1.198182 0.626353
 6.000000 1.183237 0.657119
 7.000000 1.214468 0.731791
 8.000000 1.208343 0.753863
 9.000000 1.243605 0.753022
 10.000000 1.209125 0.719670
 11.000000 1.215494 0.800703
 12.000000 1.312952 0.786253
 13.000000 1.184020 0.829161
 14.000000 1.232808 0.764689
 15.000000 1.263258 0.741189
 16.000000 1.118561 0.782220
 17.000000 1.133895 0.771350
 18.000000 1.198069 0.762047
 19.000000 1.174352 0.724022
 20.000000 1.257366 0.719234
 21.000000 1.092079 0.762977
 22.000000 1.160315 0.722774
 23.000000 1.218450 0.782646
 24.000000 1.140672 0.683336
 25.000000 1.165200 0.710493
 26.000000 1.170566 0.697945
 27.000000 1.247591 0.729175
 28.000000 1.235817 0.700108
 29.000000 1.154112 0.787995
 30.000000 1.213348 0.770959
 31.000000 1.041057 0.756218
 32.000000 1.147571 0.663655
 33.000000 1.018711 0.714404
 34.000000 1.094217 0.718581
 35.000000 1.001943 0.699517
 36.000000 1.055389 0.711062
 37.000000 1.152876 0.643909
 38.000000 1.129032 0.714574
 39.000000 1.194153 0.765507
 40.000000 1.146429 0.670345
 41.000000 1.099707 0.806831
 42.000000 1.030255 0.646234
 43.000000 1.105710 0.652849
 44.000000 1.059701 0.657199
 45.000000 1.072544 0.628430
 46.000000 1.049304 0.515098
 47.000000 1.020973 0.696978
 48.000000 1.096600 0.741999
 49.000000 1.133886 0.848161
 50.000000 1.083722 0.705351
 51.000000 1.039436 0.730731
 52.000000 1.085562 0.664357
 53.000000 1.120709 0.624534
 54.000000 1.192219 0.654453
 55.000000 1.156474 0.789459
 56.000000 1.011037 0.725487
 57.000000 1.011288 0.724933
 58.000000 1.151486 0.734295
 59.000000 1.013363 0.707449
 60.000000 1.073363 0.672473
 61.000000 1.073439 0.645150
 62.000000 1.141289 0.676309
 63.000000 1.154827 0.715224
 64.000000 1.131385 0.733677
 65.000000 1.078564 0.759085
 66.000000 1.018341 0.762353
 67.000000 1.097056 0.746661
 68.000000 1.168743 0.784368
 69.000000 1.078499 0.730918
 70.000000 1.089585 0.691542
 71.000000 1.075497 0.623763
 72.000000 1.147734 0.744639
 73.000000 1.173193 0.728657
 74.000000 1.152634 0.754414
 75.000000 1.089373 0.705800
 76.000000 1.157054 0.702030
 77.000000 1.094595 0.747625
 78.000000 1.072815 0.685029
 79.000000 1.095511 0.843191
 80.000000 1.043521 0.626291
 81.000000 1.109180 0.675417
 82.000000 1.050930 0.812489
 83.000000 0.974514 0.727327
 84.000000 1.056336 0.706848
 85.000000 1.184131 0.786122
 86.000000 0.966994 0.802658
 87.000000 1.028461 0.791962
 88.000000 1.086716 0.787271
 89.000000 1.031442 0.748097
 90.000000 1.073439 0.717520
 91.000000 1.046237 0.607619
 92.000000 1.095438 0.707286
 93.000000 1.065176 0.622750
 94.000000 1.077545 0.709760
 95.000000 1.160546 0.714616
 96.000000 1.079530 0.587087
 97.000000 1.009908 0.657669
 98.000000 1.077394 0.681744
 99.000000 1.108541 0.703329
 100.000000 1.091272 0.748603
 101.000000 1.032026 0.818979
 102.000000 1.085436 0.734211
 103.000000 1.093124 0.649961
 104.000000 1.092350 0.668500
 105.000000 0.976502 0.645569
 106.000000 1.110206 0.615218
 107.000000 1.142178 0.610740
 108.000000 1.180172 0.713935
 109.000000 1.104848 0.668073
 110.000000 1.067140 0.734460
 111.000000 1.056063 0.612738
 112.000000 1.043066 0.613655
 113.000000 1.088694 0.630488
 114.000000 1.048349 0.688466
 115.000000 1.063250 0.607539
 116.000000 1.037059 0.734337
 117.000000 0.983489 0.620655
 118.000000 0.952278 0.751770
 119.000000 1.005582 0.623799
 120.000000 1.050655 0.714027
 121.000000 1.068007 0.656901
 122.000000 1.099712 0.619749
 123.000000 0.866402 0.591093
 124.000000 1.045304 0.602219
 125.000000 1.106702 0.648186
 126.000000 1.042478 0.664264
 127.000000 1.082817 0.669120
 128.000000 1.155207 0.612878
 129.000000 1.221938 0.671849
 130.000000 1.151040 0.600439
 131.000000 1.187861 0.606010
 132.000000 1.136798 0.536681
 133.000000 1.178343 0.659029
 134.000000 1.082955 0.747468
 135.000000 1.232113 0.597258
 136.000000 1.088899 0.630367
 137.000000 1.047841 0.622411
 138.000000 1.045336 0.695824
 139.000000 0.979057 0.750854
 140.000000 1.074583 0.681086
 141.000000 1.088329 0.720427
 142.000000 1.138646 0.717665
 143.000000 1.104485 0.696656
 144.000000 1.071434 0.604577
 145.000000 1.127884 0.640129
 146.000000 0.967304 0.675633
 147.000000 1.105327 0.728723
 148.000000 0.948835 0.740101
 149.000000 1.033870 0.720505
 150.000000 1.018891 0.731237
 151.000000 0.953723 0.703822
 152.000000 1.062701 0.759197
 153.000000 0.976578 0.652167
 154.000000 0.983912 0.675562
 155.000000 1.042438 0.761490
 156.000000 1.036798 0.699705
 157.000000 1.035289 0.728590
 158.000000 1.090195 0.759758
 159.000000 1.023748 0.770218
 160.000000 1.032273 0.774415
 161.000000 1.055597 0.670560
 162.000000 1.036396 0.671345
 163.000000 0.956358 0.673313
 164.000000 1.116251 0.692772
 165.000000 1.012273 0.752431
 166.000000 0.976321 0.813666
 167.000000 1.044648 0.736642
 168.000000 1.093092 0.758101
 169.000000 0.942762 0.695412
 170.000000 1.090894 0.686717
 171.000000 1.059178 0.621850
 172.000000 1.097474 0.652818
 173.000000 0.962851 0.698973
 174.000000 0.972227 0.664644
 175.000000 1.027130 0.669010
 176.000000 1.086402 0.623896
 177.000000 0.989918 0.785187
 178.000000 1.047198 0.702118
 179.000000 1.069587 0.700692
 180.000000 1.082609 0.665919
 181.000000 1.074371 0.696233
 182.000000 1.044343 0.694214
 183.000000 1.053286 0.640721
 184.000000 1.070605 0.825974
 185.000000 0.970321 0.766212
 186.000000 1.073408 0.641355
 187.000000 1.070424 0.746995
 188.000000 1.086141 0.794772
 189.000000 0.923017 0.656344
 190.000000 1.052386 0.725624
 191.000000 1.048043 0.699621
 192.000000 1.073358 0.672673
 193.000000 1.060858 0.726678
 194.000000 1.090045 0.761536
 195.000000 0.891885 0.741614
 196.000000 0.975532 0.731705
 197.000000 0.984030 0.677606
 198.000000 1.119314 0.652699
 199.000000 1.185559 0.766962
 200.000000 1.064653 0.735851
 201.000000 1.046454 0.677810
 202.000000 1.082710 0.645271
 203.000000 1.004399 0.706418
 204.000000 1.073565 0.729732
 205.000000 1.162373 0.669826
 206.000000 1.100453 0.669194
 207.000000 1.058406 0.693380
 208.000000 1.035236 0.682769
 209.000000 1.092773 0.651278
 210.000000 1.072116 0.663779
 211.000000 1.026119 0.623656
 212.000000 1.032879 0.809802
 213.000000 1.069241 0.792432
 214.000000 1.021644 0.724411
 215.000000 1.047748 0.770103
 216.000000 1.092503 0.697853
 217.000000 1.101794 0.731570
 218.000000 1.000582 0.695677
 219.000000 1.040583 0.741209
 220.000000 1.097625 0.728901
 221.000000 1.025066 0.774451
 222.000000 1.182561 0.825703
 223.000000 1.130631 0.781261
 224.000000 1.043631 0.671089
 225.000000 0.991229 0.660912
 226.000000 0.986903 0.700075
 227.000000 1.006843 0.622354
 228.000000 0.978866 0.615009
 229.000000 1.037616 0.690862
 230.000000 1.114178 0.606384
 231.000000 0.971931 0.768188
 232.000000 1.023747 0.742970
 233.000000 1.057624 0.777328
 234.000000 1.074349 0.727469
 235.000000 1.124718 0.732281
 236.000000 1.005721 0.739443
 237.000000 1.173119 0.743678
 238.000000 1.071593 0.697416
 239.000000 1.100713 0.838410
 240.000000 1.086973 0.713734
 241.000000 1.116824 0.778069
 242.000000 1.086487 0.904905
 243.000000 1.178551 0.731495
 244.000000 1.086505 0.745019
 245.000000 1.122049 0.682206
 246.000000 1.110931 0.622813
 247.000000 1.094896 0.715745
 248.000000 1.116870 0.720597
 249.000000 1.057116 0.757105
 250.000000 1.027388 0.704463
 251.000000 1.066834 0.756600
 252.000000 1.096710 0.720414
 253.000000 1.044074 0.801552
 254.000000 1.189249 0.808368
 255.000000 1.105488 0.793727
 256.000000 1.125387 0.837160
 257.000000 1.046529 0.872597
 258.000000 1.084685 0.794010
 259.000000 1.126497 0.759498
 260.000000 1.124853 0.799439
 261.000000 1.190490 0.842309
 262.000000 1.149709 0.714285
 263.000000 1.135590 0.840852
 264.000000 1.044999 0.768003
 265.000000 1.070941 0.809414
 266.000000 1.016708 0.783947
 267.000000 1.005190 0.713331
 268.000000 1.051240 0.651144
 269.000000 1.063052 0.664960
 270.000000 0.966334 0.658210
 271.000000 1.057688 0.736337
 272.000000 1.091573 0.711685
 273.000000 1.158618 0.723493
 274.000000 1.179525 0.767719
 275.000000 1.215510 0.732969
 276.000000 1.169416 0.694531
 277.000000 1.043259 0.756920
 278.000000 1.085773 0.709706
 279.000000 1.160024 0.758276
 280.000000 1.142936 0.741598
 281.000000 1.062213 0.717340
 282.000000 1.113524 0.768738
 283.000000 1.082974 0.716639
 284.000000 1.077137 0.714936
 285.000000 1.065379 0.641842
 286.000000 1.135379 0.658694
 287.000000 1.029833 0.685982
 288.000000 1.214896 0.761981
 289.000000 1.063303 0.677363
 290.000000 1.100025 0.622163
 291.000000 1.019371 0.717166
 292.000000 1.159219 0.675224
 293.000000 1.012479 0.772387
 294.000000 1.040019 0.711452
 295.000000 1.043641 0.756682
 296.000000 1.169084 0.751735
 297.000000 1.114825 0.772200
 298.000000 1.203839 0.723270
 299.000000 1.170614 0.713862
 300.000000 1.235553 0.840185
 301.000000 1.201843 0.769289
 302.000000 1.193811 0.723944
 303.000000 1.113954 0.647894
 304.000000 1.112267 0.715731
 305.000000 1.081187 0.760274
 306.000000 1.187272 0.654544
 307.000000 1.194918 0.752912
 308.000000 1.001948 0.689426
 309.000000 0.950270 0.794900
 310.000000 1.094361 0.698158
 311.000000 1.066211 0.695218
 312.000000 1.139775 0.734930
 313.000000 0.997837 0.777449
 314.000000 1.094910 0.760442
 315.000000 1.142079 0.675563
 316.000000 1.066902 0.874559
 317.000000 1.068919 0.788934
 318.000000 0.921471 0.748418
 319.000000 1.111047 0.783483
 320.000000 1.033189 0.794002
 321.000000 1.018482 0.717928
 322.000000 1.066606 0.756731
 323.000000 1.030876 0.846553
 324.000000 1.132632 0.780019
 325.000000 1.098070 0.738258
 326.000000 1.104306 0.722718
 327.000000 1.130449 0.809712
 328.000000 1.134257 0.803322
 329.000000 1.040663 0.752704
 330.000000 1.063630 0.646720
 331.000000 1.098588 0.782570
 332.000000 0.967964 0.817902
 333.000000 1.055481 0.838587
 334.000000 1.018214 0.738371
 335.000000 1.042061 0.786908
 336.000000 1.187704 0.707892
 337.000000 1.161060 0.710916
 338.000000 0.996354 0.811843
 339.000000 1.158701 0.816321
 340.000000 1.183262 0.695480
 341.000000 1.045348 0.719245
 342.000000 0.996608 0.756439
 343.000000 1.108772 0.781528
 344.000000 1.064971 0.713593
 345.000000 0.985511 0.698298
 346.000000 0.945232 0.732989
 347.000000 1.025919 0.692910
 348.000000 1.063454 0.841235
 349.000000 1.118334 0.758607
 350.000000 1.068651 0.717122
 351.000000 1.115933 0.762403
 352.000000 1.065028 0.732895
 353.000000 1.115027 0.702072
 354.000000 1.050343 0.682238
 355.000000 1.077277 0.784623
 356.000000 1.182983 0.824417
 357.000000 1.131791 0.833532
 358.000000 1.073713 0.762280
 359.000000 1.121648 0.787735
 360.000000 1.051256 0.737207
 361.000000 1.136205 0.792830
 362.000000 1.169517 0.843469
 363.000000 1.197122 0.769676
 364.000000 1.167647 0.768640
 365.000000 1.083468 0.795244
 366.000000 1.166877 0.825940
 367.000000 1.021462 0.753815
 368.000000 1.173452 0.658382
 369.000000 1.098114 0.711069
 370.000000 1.067454 0.624664
 371.000000 1.116509 0.731271
 372.000000 1.115089 0.751591
 373.000000 1.132106 0.683654
 374.000000 1.094216 0.717273
 375.000000 1.210383 0.821713
 376.000000 1.077023 0.756729
 377.000000 1.046713 0.811449
 378.000000 1.137404 0.800294
 379.000000 1.079910 0.778413
 380.000000 1.098862 0.711742
 381.000000 1.087051 0.647982
 382.000000 1.207667 0.714871
 383.000000 1.081878 0.762632
 384.000000 1.212117 0.807467
 385.000000 1.226567 0.759034
 386.000000 1.104733 0.675482
 387.000000 1.092504 0.798968
 388.000000 1.120323 0.771296
 389.000000 1.074944 0.795248
 390.000000 1.193321 0.799486
 391.000000 1.112138 0.728864
 392.000000 1.061612 0.771340
 393.000000 1.126193 0.759052
 394.000000 1.040812 0.725934
 395.000000 1.228122 0.740974
 396.000000 1.098713 0.790891
 397.000000 1.034169 0.813087
 398.000000 1.027477 0.709851
 399.000000 1.184210 0.793949
 400.000000 1.103178 0.717330
 401.000000 1.050810 0.742973
 402.000000 1.068605 0.832603
 403.000000 1.171700 0.728934
 404.000000 1.221261 0.795318
 405.000000 1.189564 0.649066
 406.000000 1.153545 0.723713
 407.000000 1.057651 0.777990
 408.000000 1.024071 0.703433
 409.000000 1.199599 0.686738
 410.000000 1.065659 0.687447
 411.000000 1.063647 0.717002
 412.000000 1.194908 0.735061
 413.000000 1.214604 0.723870
 414.000000 1.068951 0.673431
 415.000000 1.119467 0.716583
 416.000000 1.162780 0.799634
 417.000000 1.074195 0.729954
 418.000000 1.017988 0.838031
 419.000000 1.077102 0.786577
 420.000000 0.999703 0.638172
 421.000000 1.055927 0.684722
 422.000000 1.097686 0.856661
 423.000000 1.036227 0.781319
 424.000000 1.086106 0.734686
 425.000000 1.067563 0.662806
 426.000000 1.038471 0.773549
 427.000000 1.003846 0.758411
 428.000000 1.054555 0.751848
 429.000000 1.070996 0.855385
 430.000000 1.005574 0.807039
 431.000000 1.035989 0.782490
 432.000000 1.005734 0.795538
 433.000000 1.026291 0.752036
 434.000000 1.078393 0.737616
 435.000000 1.030949 0.697318
 436.000000 1.097462 0.778435
 437.000000 1.074465 0.717130
 438.000000 1.207614 0.751815
 439.000000 1.210311 0.739614
 440.000000 1.075737 0.660317
 441.000000 1.085831 0.733137
 442.000000 1.077293 0.740301
 443.000000 1.133921 0.749504
 444.000000 1.164424 0.697312
 445.000000 1.060843 0.696528
 446.000000 1.194270 0.733725
 447.000000 1.203334 0.777154
 448.000000 1.149331 0.720151
 449.000000 1.121504 0.734994
 450.000000 1.209176 0.783826
 451.000000 1.170697 0.687846
 452.000000 1.091387 0.742803
 453.000000 0.938608 0.700378
 454.000000 1.106694 0.703606
 455.000000 1.129344 0.733705
 456.000000 1.106540 0.751341
 457.000000 1.104403 0.708768
 458.000000 1.099212 0.727816
 459.000000 1.102760 0.777245
 460.000000 1.074427 0.750778
 461.000000 1.091607 0.703816
 462.000000 1.089477 0.714449
 463.000000 1.084577 0.760271
 464.000000 1.057126 0.663104
 465.000000 1.129250 0.701973
 466.000000 1.096161 0.667933
 467.000000 1.095463 0.717092
 468.000000 1.034877 0.692557
 469.000000 1.183934 0.638907
 470.000000 1.029358 0.646336
 471.000000 1.060462 0.630652
 472.000000 1.141104 0.707919
 473.000000 1.144964 0.678822
 474.000000 0.932028 0.772037
 475.000000 1.105366 0.690889
 476.000000 1.076038 0.825456
 477.000000 1.060516 0.682507
 478.000000 1.162345 0.725877
 479.000000 0.988780 0.699542
 480.000000 1.042433 0.720940
 481.000000 1.042407 0.693460
 482.000000 1.039807 0.700324
 483.000000 1.018791 0.673107
 484.000000 1.013595 0.747925
 485.000000 1.006525 0.724573
 486.000000 1.035056 0.680598
 487.000000 0.985035 0.784975
 488.000000 1.051117 0.767936
 489.000000 0.931801 0.742037
 490.000000 1.079846 0.761470
 491.000000 1.003240 0.790640
 492.000000 1.110481 0.740595
 493.000000 1.111039 0.783019
 494.000000 1.114110 0.789492
 495.000000 0.999084 0.746892
 496.000000 1.134511 0.722399
 497.000000 1.056790 0.840492
 498.000000 1.046832 0.802688
 499.000000 1.100816 0.736613
 500.000000 1.067760 0.709113
 501.000000 1.020129 0.711047
 502.000000 1.089498 0.814374
 503.000000 1.093221 0.803506
 504.000000 1.014216 0.795108
 505.000000 0.968420 0.743291
 506.000000 1.066007 0.742759
 507.000000 1.062879 0.746670
 508.000000 1.088903 0.702661
 509.000000 1.155739 0.670035
 510.000000 1.043324 0.704638
 511.000000 1.004242 0.730530
 512.000000 1.090318 0.799334
 513.000000 1.046734 0.767681
 514.000000 1.102033 0.675480
 515.000000 1.096048 0.707929
 516.000000 1.110931 0.718024
 517.000000 1.066651 0.650910
 518.000000 0.958650 0.781563
 519.000000 0.961408 0.763972
 520.000000 1.050455 0.749959
 521.000000 1.071655 0.737930
 522.000000 1.089459 0.696129
 523.000000 1.022373 0.702462
 524.000000 1.063017 0.599128
 525.000000 1.092970 0.634362
 526.000000 1.009857 0.742445
 527.000000 1.159701 0.716333
 528.000000 1.106563 0.754128
 529.000000 1.220926 0.700654
 530.000000 1.031624 0.731548
 531.000000 1.092495 0.801304
 532.000000 0.974057 0.715175
 533.000000 1.095753 0.745197
 534.000000 1.093856 0.683737
 535.000000 1.064478 0.749318
 536.000000 1.085619 0.808802
 537.000000 1.072648 0.807659
 538.000000 1.070292 0.828292
 539.000000 1.024125 0.854307
 540.000000 1.087881 0.815828
 541.000000 0.975966 0.742196
 542.000000 1.002256 0.775541
 543.000000 1.082819 0.768006
 544.000000 0.996095 0.762815
 545.000000 1.035835 0.697361
 546.000000 1.127538 0.751439
 547.000000 1.169401 0.761929
 548.000000 1.107004 0.841655
 549.000000 1.091307 0.838796
 550.000000 1.168017 0.837665
 551.000000 1.232852 0.857522
 552.000000 1.155534 0.689199
 553.000000 1.133881 0.755728
 554.000000 1.156010 0.730291
 555.000000 1.104223 0.725336
 556.000000 1.188381 0.714566
 557.000000 1.130653 0.749952
 558.000000 1.072145 0.713841
 559.000000 1.103509 0.764539
 560.000000 0.992457 0.704097
 561.000000 1.126189 0.766967
 562.000000 1.117719 0.630395
 563.000000 1.101178 0.807157
 564.000000 1.176033 0.702069
 565.000000 1.099134 0.690386
 566.000000 1.011942 0.676376
 567.000000 1.088426 0.688964
 568.000000 1.035668 0.693101
 569.000000 1.012905 0.719906
 570.000000 0.982335 0.688342
 571.000000 1.031804 0.734322
 572.000000 0.987401 0.702299
 573.000000 1.008570 0.808678
 574.000000 1.010585 0.759515
 575.000000 0.987188 0.755105
 576.000000 1.054447 0.714730
 577.000000 1.099259 0.739363
 578.000000 1.059795 0.821472
 579.000000 0.989860 0.725985
 580.000000 1.039614 0.827701
 581.000000 1.006391 0.751224
 582.000000 1.105250 0.717866
 583.000000 1.044059 0.788743
 584.000000 1.113018 0.787052
 585.000000 1.193111 0.729790
 586.000000 1.052390 0.834738
 587.000000 0.971309 0.776024
 588.000000 1.170728 0.814495
 589.000000 1.067829 0.839958
 590.000000 1.092132 0.798228
 591.000000 1.020117 0.834897
 592.000000 1.080367 0.760198
 593.000000 0.979560 0.819262
 594.000000 1.101121 0.765275
 595.000000 0.978567 0.705784
 596.000000 1.090165 0.768419
 597.000000 0.999958 0.786596
 598.000000 1.029248 0.686379
 599.000000 0.979893 0.828042
 600.000000 1.023839 0.679731
 601.000000 1.021506 0.771908
 602.000000 0.959709 0.803659
 603.000000 1.093803 0.768073
 604.000000 1.069091 0.824449
 605.000000 1.010262 0.766600
 606.000000 1.038004 0.743571
 607.000000 1.012126 0.769533
 608.000000 1.197616 0.811729
 609.000000 1.057241 0.759609
 610.000000 1.081449 0.744171
 611.000000 1.072185 0.719629
 612.000000 1.120931 0.752529
 613.000000 0.978165 0.750755
 614.000000 1.199356 0.792747
 615.000000 1.004903 0.826940
 616.000000 1.109408 0.693156
 617.000000 1.009222 0.717162
 618.000000 1.008534 0.780725
 619.000000 1.085351 0.735135
 620.000000 1.073407 0.759411
 621.000000 1.055632 0.755128
 622.000000 1.044704 0.747268
 623.000000 1.004881 0.690326
 624.000000 0.987041 0.758205
 625.000000 1.129910 0.689833
 626.000000 1.044341 0.749843
 627.000000 0.986573 0.698760
 628.000000 1.152593 0.587975
 629.000000 1.050390 0.692577
 630.000000 1.127550 0.717935
 631.000000 1.146870 0.677855
 632.000000 1.102853 0.696419
 633.000000 1.229200 0.660320
 634.000000 1.175083 0.706956
 635.000000 1.137537 0.715396
 636.000000 1.166541 0.758227
 637.000000 1.071439 0.663812
 638.000000 1.110976 0.712206
 639.000000 1.151916 0.747584
 640.000000 1.107609 0.681937
 641.000000 1.155351 0.691070
 642.000000 1.074033 0.704227
 643.000000 1.052158 0.688124
 644.000000 1.152211 0.711983
 645.000000 1.222332 0.795344
 646.000000 1.191322 0.789704
 647.000000 1.114791 0.812471
 648.000000 1.071449 0.673837
 649.000000 1.034751 0.718180
 650.000000 1.133274 0.680382
 651.000000 1.129149 0.750315
 652.000000 1.106299 0.729171
 653.000000 1.168460 0.654738
 654.000000 1.078549 0.762061
 655.000000 1.116628 0.676083
 656.000000 1.210763 0.726543
 657.000000 1.122270 0.746314
 658.000000 1.104741 0.805663
 659.000000 1.074500 0.709413
 660.000000 1.131938 0.720000
 661.000000 1.079050 0.605888
 662.000000 1.089677 0.794319
 663.000000 1.146463 0.661967
 664.000000 1.251650 0.738127
 665.000000 1.063338 0.785159
 666.000000 1.107610 0.646147
 667.000000 1.120011 0.697944
 668.000000 1.172182 0.710529
 669.000000 1.187173 0.660863
 670.000000 1.090498 0.680564
 671.000000 1.200354 0.726655
 672.000000 1.091814 0.668055
 673.000000 1.139401 0.671139
 674.000000 1.124632 0.724935
 675.000000 1.110964 0.727725
 676.000000 1.181287 0.681730
 677.000000 1.187559 0.670716
 678.000000 1.191559 0.737672
 679.000000 1.083270 0.699710
 680.000000 1.086189 0.747352
 681.000000 1.131202 0.800401
 682.000000 1.148369 0.699244
 683.000000 1.178508 0.727836
 684.000000 1.134251 0.694450
 685.000000 1.190377 0.780092
 686.000000 1.088781 0.716288
 687.000000 1.185923 0.697291
 688.000000 1.151471 0.741833
 689.000000 1.239377 0.734711
 690.000000 1.121736 0.749779
 691.000000 1.160919 0.686602
 692.000000 1.206706 0.747528
 693.000000 1.174023 0.717970
 694.000000 1.142621 0.707020
 695.000000 1.142008 0.716909
 696.000000 1.126808 0.608439
 697.000000 1.069514 0.666166
 698.000000 1.146104 0.670974
 699.000000 1.077369 0.700061
 700.000000 1.137410 0.706002
 701.000000 1.115423 0.694767
 702.000000 1.151480 0.697840
 703.000000 1.165255 0.763748
 704.000000 1.083711 0.774530
 705.000000 1.127353 0.683471
 706.000000 1.144771 0.682587
 707.000000 1.241942 0.737240
 708.000000 1.094023 0.784319
 709.000000 1.151242 0.780376
 710.000000 1.152858 0.704725
 711.000000 1.160980 0.694587
 712.000000 1.114633 0.797187
 713.000000 1.130058 0.783372
 714.000000 1.124783 0.720037
 715.000000 1.097495 0.802877
 716.000000 1.141200 0.809917
 717.000000 1.044305 0.752097
 718.000000 1.096942 0.778450
 719.000000 1.171633 0.714348
 720.000000 1.205070 0.774228
 721.000000 1.092275 0.685592
 722.000000 1.066312 0.776328
 723.000000 1.134885 0.828864
 724.000000 1.194074 0.764265
 725.000000 1.214283 0.785176
 726.000000 1.213082 0.724516
 727.000000 1.054553 0.798390
 728.000000 1.108591 0.783930
 729.000000 1.073714 0.731867
 730.000000 1.187283 0.765958
 731.000000 1.238569 0.762761
 732.000000 1.104251 0.628827
 733.000000 1.163906 0.761627
 734.000000 1.103621 0.767442
 735.000000 1.078941 0.633180
 736.000000 1.174226 0.674284
 737.000000 1.220972 0.664023
 738.000000 1.112797 0.700617
 739.000000 1.024653 0.779883
 740.000000 1.117714 0.693511
 741.000000 1.124908 0.695901
 742.000000 1.137777 0.669723
 743.000000 1.071033 0.730036
 744.000000 1.036866 0.748649
 745.000000 1.073629 0.623681
 746.000000 1.137260 0.674615
 747.000000 1.179497 0.772468
 748.000000 1.124804 0.721296
 749.000000 1.130535 0.607193
 750.000000 1.153793 0.706350
 751.000000 1.087900 0.656749
 752.000000 1.090940 0.668739
 753.000000 1.055378 0.691537
 754.000000 1.169883 0.707672
 755.000000 1.108668 0.645847
 756.000000 1.064246 0.700518
 757.000000 1.099885 0.846651
 758.000000 1.123314 0.699221
 759.000000 1.038476 0.727227
 760.000000 1.186835 0.810390
 761.000000 1.125363 0.697191
 762.000000 1.270408 0.603699
 763.000000 1.201019 0.652885
 764.000000 1.197939 0.741380
 765.000000 1.275396 0.669053
 766.000000 1.205493 0.667973
 767.000000 1.216296 0.715177
 768.000000 1.212539 0.734825
 769.000000 1.151936 0.708051
 770.000000 1.089949 0.591795
 771.000000 1.107762 0.677347
 772.000000 1.082589 0.653212
 773.000000 1.131430 0.651078
 774.000000 1.155760 0.670313
 775.000000 1.155241 0.684609
 776.000000 1.193991 0.719628
 777.000000 1.084795 0.642693
 778.000000 1.141697 0.682632
 779.000000 1.245987 0.757089
 780.000000 1.220882 0.656941
 781.000000 1.247170 0.711012
 782.000000 1.189065 0.679683
 783.000000 1.175725 0.695276
 784.000000 1.203613 0.770893
 785.000000 1.206663 0.680141
 786.000000 1.216750 0.738531
 787.000000 1.281118 0.766269
 788.000000 1.212300 0.775856
 789.000000 1.237303 0.720736
 790.000000 1.168333 0.680324
 791.000000 1.249746 0.804316
 792.000000 1.219114 0.747835
 793.000000 1.134772 0.680522
 794.000000 1.107819 0.729580
 795.000000 1.132256 0.741122
 796.000000 1.119346 0.726828
 797.000000 1.163552 0.674530
 798.000000 1.197536 0.679011
 799.000000 1.134650 0.658924
 800.000000 1.234992 0.709805
 801.000000 1.183470 0.676397
 802.000000 1.046457 0.749485
 803.000000 1.113585 0.668326
 804.000000 1.159799 0.665786
 805.000000 1.149123 0.652089
 806.000000 1.181203 0.641023
 807.000000 1.181538 0.745906
 808.000000 1.146617 0.712953
 809.000000 1.167513 0.739757
 810.000000 1.053729 0.704044
 811.000000 1.236184 0.708485
 812.000000 1.160261 0.798390
 813.000000 1.204123 0.723843
 814.000000 1.046122 0.821614
 815.000000 1.126366 0.813783
 816.000000 1.167552 0.774214
 817.000000 1.177146 0.705532
 818.000000 1.126996 0.798051
 819.000000 1.204538 0.783075
 820.000000 1.096635 0.805406
 821.000000 1.051165 0.725230
 822.000000 1.094073 0.742658
 823.000000 0.919146 0.745946
 824.000000 1.083836 0.727045
 825.000000 1.097771 0.723472
 826.000000 1.064036 0.680039
 827.000000 1.119712 0.821357
 828.000000 1.164626 0.727910
 829.000000 1.135557 0.712727
 830.000000 1.052708 0.706275
 831.000000 1.105652 0.744091
 832.000000 1.016065 0.566299
 833.000000 1.096547 0.656342
 834.000000 1.022812 0.730446
 835.000000 1.082771 0.566503
 836.000000 1.017099 0.672146
 837.000000 1.037676 0.711976
 838.000000 1.081242 0.750135
 839.000000 1.005929 0.696820
 840.000000 0.981033 0.655999
 841.000000 1.045335 0.650039
 842.000000 1.009622 0.770741
 843.000000 1.125329 0.741403
 844.000000 1.185857 0.797284
 845.000000 1.139237 0.725816
 846.000000 1.250570 0.744399
 847.000000 1.090793 0.700545
 848.000000 1.140243 0.603285
 849.000000 1.030526 0.628232
 850.000000 0.989604 0.632832
 851.000000 1.111765 0.696036
 852.000000 1.138945 0.734549
 853.000000 1.181718 0.705547
 854.000000 1.209644 0.665734
 855.000000 1.154992 0.669528
 856.000000 1.060975 0.664728
 857.000000 1.174387 0.576852
 858.000000 1.117812 0.689004
 859.000000 1.043523 0.626191
 860.000000 1.046875 0.689312
 861.000000 1.086148 0.686422
 862.000000 1.059998 0.703606
 863.000000 1.120061 0.697946
 864.000000 1.090231 0.600777
 865.000000 1.049050 0.702438
 866.000000 1.120795 0.688502
 867.000000 1.148898 0.716986
 868.000000 1.190214 0.626595
 869.000000 1.102316 0.823397
 870.000000 1.158488 0.680810
 871.000000 1.101021 0.723658
 872.000000 1.155520 0.802387
 873.000000 1.076071 0.728204
 874.000000 1.197779 0.782633
 875.000000 1.127398 0.719223
 876.000000 1.092229 0.748546
 877.000000 1.105465 0.716247
 878.000000 1.145543 0.707079
 879.000000 1.162866 0.754701
 880.000000 1.193018 0.786826
 881.000000 1.160202 0.753121
 882.000000 1.179724 0.777710
 883.000000 1.220837 0.661248
 884.000000 1.022383 0.728713
 885.000000 1.143686 0.658665
 886.000000 1.131288 0.720852
 887.000000 1.075882 0.705121
 888.000000 1.055062 0.792162
 889.000000 1.186313 0.825110
 890.000000 1.058925 0.723169
 891.000000 0.968215 0.714923
 892.000000 1.065990 0.745245
 893.000000 1.165250 0.613594
 894.000000 1.207648 0.758627
 895.000000 1.109176 0.734843
 896.000000 1.134447 0.690174
 897.000000 1.075116 0.688962
 898.000000 1.114031 0.683202
 899.000000 1.014858 0.694665
 900.000000 1.082149 0.806715
 901.000000 1.044586 0.803554
 902.000000 1.125803 0.733487
 903.000000 1.075894 0.678755
 904.000000 1.060057 0.727930
 905.000000 1.134214 0.673402
 906.000000 1.141329 0.743661
 907.000000 1.177713 0.768339
 908.000000 1.189537 0.828818
 909.000000 1.202628 0.779960
 910.000000 1.218485 0.695002
 911.000000 1.224458 0.723003
 912.000000 1.160491 0.690942
 913.000000 1.183917 0.746631
 914.000000 1.276707 0.674389
 915.000000 1.193307 0.797045
 916.000000 1.108909 0.722590
 917.000000 1.016246 0.797887
 918.000000 1.144359 0.735691
 919.000000 1.106669 0.722732
 920.000000 1.036446 0.674246
 921.000000 1.111795 0.695159
 922.000000 1.053350 0.734484
 923.000000 1.185328 0.675064
 924.000000 1.133461 0.742115
 925.000000 1.105319 0.675073
 926.000000 1.060053 0.667105
 927.000000 1.254146 0.697934
 928.000000 1.226847 0.607100
 929.000000 1.018546 0.747903
 930.000000 1.064693 0.753983
 931.000000 1.131133 0.730950
 932.000000 1.195801 0.797363
 933.000000 1.161676 0.784897
 934.000000 1.111625 0.765171
 935.000000 1.197146 0.800571
 936.000000 1.110672 0.690865
 937.000000 1.083729 0.810553
 938.000000 1.080177 0.746106
 939.000000 1.123385 0.710874
 940.000000 1.148052 0.741260
 941.000000 1.224519 0.769071
 942.000000 1.172591 0.714295
 943.000000 1.175445 0.689183
 944.000000 1.217055 0.736960
 945.000000 1.135470 0.719601
 946.000000 1.163814 0.756289
 947.000000 1.099297 0.662082
 948.000000 1.124798 0.731858
 949.000000 1.138767 0.700259
 950.000000 1.200153 0.722837
 951.000000 1.079491 0.695331
 952.000000 1.166527 0.723569
 953.000000 1.097763 0.645391
 954.000000 1.184163 0.668777
 955.000000 1.168630 0.729459
 956.000000 1.132443 0.719455
 957.000000 1.188802 0.687445
 958.000000 1.205806 0.701669
 959.000000 1.185970 0.653616
 960.000000 1.194318 0.687555
 961.000000 1.082943 0.686353
 962.000000 1.047773 0.624505
 963.000000 1.111778 0.683491
 964.000000 1.100684 0.616810
 965.000000 1.041058 0.672861
 966.000000 1.088096 0.654731
 967.000000 1.142697 0.756160
 968.000000 1.169410 0.679093
 969.000000 1.149104 0.688293
 970.000000 1.131882 0.710857
 971.000000 1.067269 0.728961
 972.000000 1.060257 0.704898
 973.000000 1.147524 0.644775
 974.000000 1.171073 0.623281
 975.000000 1.157116 0.610699
 976.000000 1.148640 0.715397
 977.000000 1.107746 0.784668
 978.000000 1.259199 0.684131
 979.000000 1.058903 0.721806
 980.000000 1.137424 0.680840
 981.000000 1.171938 0.711632
 982.000000 1.255897 0.720174
 983.000000 1.296040 0.789133
 984.000000 1.226717 0.651185
 985.000000 1.061651 0.771250
 986.000000 1.051993 0.675008
 987.000000 1.113415 0.715850
 988.000000 1.082939 0.710545
 989.000000 1.165976 0.610285
 990.000000 1.111641 0.690515
 991.000000 1.091661 0.657576
 992.000000 1.025196 0.631008
 993.000000 1.179181 0.690404
 994.000000 1.032821 0.714468
 995.000000 1.083966 0.635135
 996.000000 1.051385 0.622549
 997.000000 1.107264 0.654487
 998.000000 1.069971 0.746406
 999.000000 1.121933 0.750323
 1000.000000 1.177989 0.851680
 1001.000000 1.068862 0.740030
 1002.000000 1.027468 0.674393
 1003.000000 1.015615 0.688514
 1004.000000 1.112506 0.682491
 1005.000000 1.114114 0.645497
 1006.000000 1.169898 0.715410
 1007.000000 1.053329 0.611815
 1008.000000 1.154448 0.747035
 1009.000000 1.276430 0.849765
 1010.000000 1.065340 0.672808
 1011.000000 1.077980 0.568006
 1012.000000 1.050872 0.687255
 1013.000000 1.154415 0.717581
 1014.000000 1.053313 0.698632
 1015.000000 1.152448 0.652683
 1016.000000 1.067931 0.717573
 1017.000000 1.122385 0.722987
 1018.000000 1.086232 0.683621
 1019.000000 1.149453 0.686825
 1020.000000 1.205421 0.729394
 1021.000000 1.155512 0.693548
 1022.000000 1.077915 0.713381
 1023.000000 1.107919 0.640023
 1024.000000 1.187061 0.701888
 1025.000000 1.173694 0.703139
 1026.000000 1.111623 0.640745
 1027.000000 1.096200 0.791082
 1028.000000 1.190643 0.679760
 1029.000000 1.057935 0.684156
 1030.000000 1.134038 0.630846
 1031.000000 1.085206 0.687513
 1032.000000 1.177858 0.716171
 1033.000000 1.081273 0.747282
 1034.000000 1.130500 0.761188
 1035.000000 1.198878 0.628370
 1036.000000 1.119927 0.709506
 1037.000000 1.092827 0.723328
 1038.000000 1.080264 0.769464
 1039.000000 1.184993 0.712522
 1040.000000 1.239527 0.687900
 1041.000000 1.129498 0.676538
 1042.000000 1.150291 0.695640
 1043.000000 1.101207 0.726326
 1044.000000 1.165958 0.672191
 1045.000000 1.116813 0.778298
 1046.000000 1.120172 0.671490
 1047.000000 1.095290 0.611730
 1048.000000 0.998557 0.737622
 1049.000000 1.128715 0.707670
 1050.000000 1.122358 0.728716
 1051.000000 1.021765 0.743059
 1052.000000 1.049934 0.669740
 1053.000000 1.199844 0.675853
 1054.000000 1.087764 0.736677
 1055.000000 1.206984 0.736041
 1056.000000 1.107013 0.670022
 1057.000000 1.080398 0.715590
 1058.000000 1.211164 0.737887
 1059.000000 1.176966 0.700931
 1060.000000 1.167718 0.788167
 1061.000000 1.038813 0.728260
 1062.000000 1.183161 0.769329
 1063.000000 1.207833 0.715279
 1064.000000 1.101430 0.663159
 1065.000000 1.111905 0.697952
 1066.000000 1.082243 0.768193
 1067.000000 1.093510 0.799402
 1068.000000 1.026004 0.701904
 1069.000000 1.164797 0.628894
 1070.000000 1.252711 0.697991
 1071.000000 1.150146 0.668481
 1072.000000 1.214353 0.639894
 1073.000000 1.094715 0.737518
 1074.000000 1.148652 0.732371
 1075.000000 1.120872 0.728576
 1076.000000 1.104415 0.678410
 1077.000000 1.080177 0.702029
 1078.000000 1.061717 0.716465
 1079.000000 1.077381 0.754324
 1080.000000 1.153897 0.848614
 1081.000000 1.106222 0.694226
 1082.000000 1.135724 0.764330
 1083.000000 1.024907 0.699500
 1084.000000 1.161837 0.726520
 1085.000000 1.206931 0.615044
 1086.000000 1.118967 0.636039
 1087.000000 1.101465 0.743498
 1088.000000 1.191948 0.747408
 1089.000000 1.184940 0.554669
 1090.000000 1.278996 0.619463
 1091.000000 1.225503 0.731888
 1092.000000 1.142048 0.721118
 1093.000000 1.212010 0.775018
 1094.000000 1.114662 0.798320
 1095.000000 1.191016 0.825031
 1096.000000 1.165406 0.683396
 1097.000000 1.141538 0.733413
 1098.000000 1.187421 0.776987
 1099.000000 1.144591 0.782057
 1100.000000 1.209405 0.717007
 1101.000000 1.203847 0.722897
 1102.000000 1.156604 0.720551
 1103.000000 1.230893 0.708934
 1104.000000 1.146839 0.782693
 1105.000000 1.174483 0.686813
 1106.000000 1.118961 0.692932
 1107.000000 1.133110 0.697014
 1108.000000 1.064662 0.725517
 1109.000000 1.152676 0.737581
 1110.000000 1.188731 0.695122
 1111.000000 1.090552 0.724496
 1112.000000 1.116290 0.684683
 1113.000000 1.153887 0.674001
 1114.000000 1.088604 0.656799
 1115.000000 1.132769 0.712382
 1116.000000 1.084147 0.664322
 1117.000000 1.039653 0.660555
 1118.000000 1.230269 0.653811
 1119.000000 1.192473 0.683951
 1120.000000 1.209441 0.743113
 1121.000000 1.166715 0.686341
 1122.000000 1.112308 0.651824
 1123.000000 1.126206 0.679974
 1124.000000 1.047237 0.671571
 1125.000000 1.121780 0.647120
 1126.000000 1.150958 0.623464
 1127.000000 1.071425 0.593043
 1128.000000 1.203427 0.639056
 1129.000000 1.082630 0.556829
 1130.000000 1.110734 0.658859
 1131.000000 1.157049 0.636434
 1132.000000 1.091174 0.701253
 1133.000000 1.165450 0.700413
 1134.000000 1.179381 0.678851
 1135.000000 1.142442 0.723096
 1136.000000 1.125036 0.699960
 1137.000000 1.050279 0.618788
 1138.000000 1.118567 0.772248
 1139.000000 1.138426 0.713527
 1140.000000 1.147948 0.671403
 1141.000000 1.205355 0.701945
 1142.000000 1.145992 0.645932
 1143.000000 1.219945 0.615650
 1144.000000 1.028605 0.746913
 1145.000000 1.175171 0.744820
 1146.000000 1.073813 0.745031
 1147.000000 1.089007 0.701616
 1148.000000 1.078382 0.742681
 1149.000000 1.130095 0.698644
 1150.000000 1.172458 0.729688
 1151.000000 1.095950 0.721335
 1152.000000 1.062071 0.732528
 1153.000000 1.117138 0.679260
 1154.000000 1.071042 0.736350
 1155.000000 1.102266 0.775743
 1156.000000 1.046197 0.744296
 1157.000000 1.051534 0.609320
 1158.000000 1.053942 0.655904
 1159.000000 1.030469 0.666067
 1160.000000 1.105379 0.766468
 1161.000000 1.147477 0.656572
 1162.000000 1.146510 0.629094
 1163.000000 1.136862 0.673811
 1164.000000 1.066610 0.584487
 1165.000000 1.184539 0.659219
 1166.000000 1.164561 0.777921
 1167.000000 1.081856 0.780302
 1168.000000 1.054120 0.691594
 1169.000000 1.100518 0.583653
 1170.000000 1.090994 0.679336
 1171.000000 1.114614 0.616215
 1172.000000 1.128493 0.726487
 1173.000000 1.119587 0.715626
 1174.000000 1.229554 0.717361
 1175.000000 1.291565 0.662401
 1176.000000 1.228815 0.684293
 1177.000000 1.186085 0.688570
 1178.000000 1.216525 0.775831
 1179.000000 1.080369 0.682815
 1180.000000 1.088701 0.703147
 1181.000000 1.123340 0.640571
 1182.000000 1.215718 0.628251
 1183.000000 1.145764 0.621875
 1184.000000 1.080907 0.697163
 1185.000000 1.186883 0.681330
 1186.000000 1.084243 0.584950
 1187.000000 1.185967 0.652545
 1188.000000 1.129611 0.680540
 1189.000000 1.164406 0.623314
 1190.000000 1.187256 0.672969
 1191.000000 1.166943 0.595987
 1192.000000 1.134135 0.675272
 1193.000000 1.088967 0.687181
 1194.000000 1.151240 0.698629
 1195.000000 1.108505 0.680096
 1196.000000 1.178328 0.679693
 1197.000000 1.097605 0.704933
 1198.000000 1.163518 0.678270
 1199.000000 1.139060 0.654923
 1200.000000 1.177753 0.638685
 1201.000000 1.149752 0.660997
 1202.000000 1.045134 0.654828
 1203.000000 1.075570 0.622684
 1204.000000 1.098965 0.618739
 1205.000000 1.111226 0.646147
 1206.000000 1.143486 0.542140
 1207.000000 1.216233 0.616416
 1208.000000 1.157397 0.657291
 1209.000000 1.143815 0.664781
 1210.000000 1.155896 0.712943
 1211.000000 1.165783 0.634636
 1212.000000 1.039712 0.618219
 1213.000000 1.130368 0.569766
 1214.000000 1.043664 0.587335
 1215.000000 1.158495 0.685977
 1216.000000 1.093047 0.697471
 1217.000000 1.182953 0.668654
 1218.000000 1.119869 0.748947
 1219.000000 1.142372 0.709354
 1220.000000 1.080624 0.637929
 1221.000000 1.193595 0.749469
 1222.000000 1.038010 0.668720
 1223.000000 1.036249 0.655355
 1224.000000 1.145201 0.694369
 1225.000000 1.250247 0.694684
 1226.000000 1.090428 0.649892
 1227.000000 0.977789 0.803205
 1228.000000 1.072036 0.699598
 1229.000000 1.189614 0.664784
 1230.000000 1.171440 0.708241
 1231.000000 1.052085 0.662948
 1232.000000 1.060909 0.601256
 1233.000000 1.173686 0.663970
 1234.000000 1.160224 0.723686
 1235.000000 1.119342 0.704423
 1236.000000 1.213599 0.766262
 1237.000000 1.166084 0.641137
 1238.000000 1.152698 0.657938
 1239.000000 1.222222 0.725750
 1240.000000 1.057683 0.731349
 1241.000000 1.071399 0.741944
 1242.000000 1.095176 0.710727
 1243.000000 1.097391 0.686871
 1244.000000 1.087546 0.800157
 1245.000000 1.057952 0.697114
 1246.000000 1.042206 0.668876
 1247.000000 1.097090 0.753328
 1248.000000 1.032618 0.727575
 1249.000000 1.035495 0.630302
 1250.000000 1.052949 0.731253
 1251.000000 0.961890 0.708316
 1252.000000 1.064762 0.765458
 1253.000000 0.999674 0.770632
 1254.000000 1.027221 0.735986
 1255.000000 1.034165 0.755510
 1256.000000 1.101322 0.730986
 1257.000000 0.987712 0.607701
 1258.000000 1.185906 0.625827
 1259.000000 1.009253 0.745068
 1260.000000 1.007850 0.639399
 1261.000000 1.039623 0.813484
 1262.000000 1.142817 0.678306
 1263.000000 1.045493 0.753273
 1264.000000 1.082029 0.685962
 1265.000000 1.067534 0.689959
 1266.000000 1.081898 0.689775
 1267.000000 1.057425 0.692378
 1268.000000 1.099339 0.700897
 1269.000000 1.042567 0.688627
 1270.000000 1.020367 0.737949
 1271.000000 1.123085 0.699383
 1272.000000 0.927652 0.661824
 1273.000000 1.134041 0.748269
 1274.000000 1.055074 0.733512
 1275.000000 1.040402 0.656244
 1276.000000 1.050597 0.657965
 1277.000000 1.058020 0.598728
 1278.000000 1.024242 0.740646
 1279.000000 1.026459 0.659560
 1280.000000 1.010775 0.615321
 1281.000000 0.993795 0.716123
 1282.000000 1.060853 0.754146
 1283.000000 1.003038 0.677764
 1284.000000 1.151320 0.706558
 1285.000000 1.040173 0.655439
 1286.000000 0.960628 0.551896
 1287.000000 1.051441 0.651570
 1288.000000 1.135813 0.645893
 1289.000000 1.013656 0.661978
 1290.000000 1.054997 0.687253
 1291.000000 1.051603 0.632935
 1292.000000 1.094561 0.657912
 1293.000000 1.089550 0.709395
 1294.000000 1.064250 0.707064
 1295.000000 1.122069 0.627916
 1296.000000 1.038398 0.688719
 1297.000000 1.192863 0.563630
 1298.000000 1.042607 0.626500
 1299.000000 1.074543 0.707545
 1300.000000 1.102218 0.685532
 1301.000000 1.107241 0.668776
 1302.000000 0.952082 0.714003
 1303.000000 1.017668 0.644896
 1304.000000 1.114571 0.674595
 1305.000000 1.066994 0.643968
 1306.000000 1.076964 0.632844
 1307.000000 1.135547 0.704048
 1308.000000 1.127881 0.692677
 1309.000000 1.091446 0.674184
 1310.000000 1.131631 0.783660
 1311.000000 1.115358 0.661658
 1312.000000 1.162522 0.705731
 1313.000000 1.120205 0.712413
 1314.000000 1.125233 0.659579
 1315.000000 1.029716 0.723098
 1316.000000 1.204384 0.751900
 1317.000000 1.103953 0.696790
 1318.000000 1.122751 0.742455
 1319.000000 0.994707 0.655882
 1320.000000 1.076345 0.780728
 1321.000000 1.126307 0.749255
 1322.000000 0.972643 0.713938
 1323.000000 0.982291 0.667636
 1324.000000 1.028855 0.807055
 1325.000000 1.068333 0.682369
 1326.000000 1.178045 0.725086
 1327.000000 1.204400 0.753685
 1328.000000 1.068690 0.664670
 1329.000000 1.090996 0.755687
 1330.000000 1.080524 0.712199
 1331.000000 0.987332 0.689586
 1332.000000 1.151563 0.753513
 1333.000000 1.130747 0.617947
 1334.000000 1.064782 0.622904
 1335.000000 1.063372 0.772518
 1336.000000 1.080887 0.716073
 1337.000000 1.100032 0.791732
 1338.000000 1.099425 0.653330
 1339.000000 1.157094 0.832779
 1340.000000 0.943729 0.691773
 1341.000000 1.066480 0.657829
 1342.000000 1.043990 0.654835
 1343.000000 1.011095 0.611636
 1344.000000 1.059798 0.707821
 1345.000000 1.066698 0.650759
 1346.000000 1.093368 0.584022
 1347.000000 1.026010 0.646213
 1348.000000 0.988749 0.701372
 1349.000000 1.187703 0.625618
 1350.000000 1.078423 0.739501
 1351.000000 1.045025 0.667646
 1352.000000 1.022732 0.749572
 1353.000000 1.034919 0.764326
 1354.000000 1.050054 0.720617
 1355.000000 0.978316 0.671017
 1356.000000 1.030630 0.649198
 1357.000000 1.043477 0.676662
 1358.000000 0.998756 0.727413
 1359.000000 1.126901 0.653797
 1360.000000 1.107188 0.646292
 1361.000000 1.106106 0.632217
 1362.000000 1.040189 0.612767
 1363.000000 1.049134 0.752372
 1364.000000 1.086050 0.631070
 1365.000000 1.037174 0.695687
 1366.000000 1.070609 0.648175
 1367.000000 1.004061 0.699200
 1368.000000 1.145079 0.679186
 1369.000000 1.020495 0.740707
 1370.000000 1.168490 0.659960
 1371.000000 1.031047 0.531985
 1372.000000 1.113046 0.603120
 1373.000000 1.087882 0.601484
 1374.000000 1.093769 0.600633
 1375.000000 1.127836 0.703373
 1376.000000 1.177892 0.728735
 1377.000000 1.088066 0.678944
 1378.000000 1.100336 0.746976
 1379.000000 0.959047 0.762192
 1380.000000 1.008236 0.765864
 1381.000000 1.072015 0.701879
 1382.000000 1.191495 0.751185
 1383.000000 1.043540 0.753733
 1384.000000 1.012419 0.743065
 1385.000000 1.026774 0.789473
 1386.000000 1.140273 0.750057
 1387.000000 1.138424 0.660752
 1388.000000 1.086722 0.796258
 1389.000000 1.065678 0.715244
 1390.000000 1.035660 0.737182
 1391.000000 1.055667 0.672419
 1392.000000 1.126562 0.710002
 1393.000000 0.939216 0.623117
 1394.000000 1.053437 0.729774
 1395.000000 1.026333 0.719952
 1396.000000 1.145113 0.762057
 1397.000000 0.964074 0.674239
 1398.000000 1.039573 0.728405
 1399.000000 1.092973 0.745740
 1400.000000 1.083816 0.623149
 1401.000000 0.980654 0.746841
 1402.000000 1.069387 0.703067
 1403.000000 1.052798 0.635576
 1404.000000 1.089009 0.720668
 1405.000000 1.115379 0.800173
 1406.000000 1.071870 0.721119
 1407.000000 1.089988 0.814185
 1408.000000 1.107653 0.733952
 1409.000000 1.120238 0.755624
 1410.000000 1.022181 0.736358
 1411.000000 1.001419 0.817829
 1412.000000 1.140576 0.743222
 1413.000000 1.093265 0.769633
 1414.000000 1.090528 0.739801
 1415.000000 1.136772 0.748107
 1416.000000 1.036985 0.797403
 1417.000000 1.002177 0.765437
 1418.000000 1.106798 0.714067
 1419.000000 1.049897 0.721522
 1420.000000 1.147322 0.586706
 1421.000000 1.069137 0.663874
 1422.000000 1.063025 0.632092
 1423.000000 0.959257 0.643750
 1424.000000 1.084037 0.651193
 1425.000000 1.025703 0.724526
 1426.000000 1.028590 0.668188
 1427.000000 1.124997 0.682292
 1428.000000 1.124638 0.702053
 1429.000000 1.129336 0.672141
 1430.000000 1.057508 0.737677
 1431.000000 1.032244 0.688384
 1432.000000 1.031575 0.659183
 1433.000000 1.062268 0.674264
 1434.000000 1.033172 0.749343
 1435.000000 0.919623 0.645095
 1436.000000 1.024583 0.746517
 1437.000000 0.938710 0.626946
 1438.000000 1.110055 0.766204
 1439.000000 1.097309 0.673544
 1440.000000 1.035679 0.667823
 1441.000000 1.039576 0.701482
 1442.000000 1.079723 0.670350
 1443.000000 1.094096 0.679237
 1444.000000 1.043184 0.645192
 1445.000000 0.967878 0.717572
 1446.000000 1.138037 0.683097
 1447.000000 1.036937 0.612680
 1448.000000 1.177098 0.713403
 1449.000000 1.106461 0.755280
 1450.000000 1.062633 0.776882
 1451.000000 0.875375 0.798648
 1452.000000 1.076635 0.668245
 1453.000000 1.043300 0.735851
 1454.000000 1.091722 0.645221
 1455.000000 1.049369 0.618440
 1456.000000 0.971824 0.698807
 1457.000000 0.969546 0.710774
 1458.000000 0.972630 0.704584
 1459.000000 1.055202 0.653697
 1460.000000 1.088325 0.746041
 1461.000000 1.163624 0.679212
 1462.000000 1.144383 0.783969
 1463.000000 1.123626 0.735441
 1464.000000 1.084145 0.606609
 1465.000000 1.001761 0.637158
 1466.000000 1.163997 0.697995
 1467.000000 1.017045 0.636027
 1468.000000 0.948510 0.548020
 1469.000000 0.957805 0.615431
 1470.000000 1.050469 0.731700
 1471.000000 1.066472 0.674469
 1472.000000 1.100273 0.729640
 1473.000000 1.130099 0.648931
 1474.000000 1.155619 0.760125
 1475.000000 1.097175 0.733255
 1476.000000 1.091919 0.742603
 1477.000000 1.104004 0.657662
 1478.000000 1.086203 0.680552
 1479.000000 1.053730 0.691442
 1480.000000 1.063739 0.704663
 1481.000000 1.099777 0.675228
 1482.000000 1.058347 0.710078
 1483.000000 1.131757 0.736538
 1484.000000 1.058524 0.699518
 1485.000000 1.065047 0.740151
 1486.000000 1.088029 0.676688
 1487.000000 1.021869 0.697659
 1488.000000 1.019982 0.689210
 1489.000000 0.963570 0.669376
 1490.000000 1.127061 0.729531
 1491.000000 0.946517 0.716620
 1492.000000 1.047670 0.703333
 1493.000000 1.067764 0.734808
 1494.000000 1.068227 0.631383
 1495.000000 1.152950 0.593937
 1496.000000 1.155406 0.646443
 1497.000000 1.079616 0.743228
 1498.000000 1.110069 0.764039
 1499.000000 1.007665 0.669316
 1500.000000 1.153453 0.720497
 1501.000000 1.189494 0.734640
 1502.000000 1.079662 0.715023
 1503.000000 0.929343 0.756712
 1504.000000 1.080606 0.720096
 1505.000000 1.012367 0.742876
 1506.000000 1.099532 0.752107
 1507.000000 1.105345 0.820430
 1508.000000 1.095744 0.697852
 1509.000000 1.140917 0.649240
 1510.000000 1.109471 0.719072
 1511.000000 1.055486 0.692263
 1512.000000 1.145726 0.627564
 1513.000000 1.071954 0.726143
 1514.000000 1.085446 0.701950
 1515.000000 1.024704 0.709532
 1516.000000 1.075899 0.746279
 1517.000000 1.124019 0.726005
 1518.000000 1.194762 0.691280
 1519.000000 1.045279 0.717295
 1520.000000 1.107419 0.683328
 1521.000000 1.052347 0.665998
 1522.000000 1.114140 0.750973
 1523.000000 1.050015 0.729282
 1524.000000 1.073975 0.695103
 1525.000000 1.080599 0.721676
 1526.000000 1.108638 0.787182
 1527.000000 1.037378 0.750936
 1528.000000 1.037117 0.688968
 1529.000000 1.047292 0.710859
 1530.000000 1.085688 0.888792
 1531.000000 1.003444 0.808646
 1532.000000 1.113402 0.766229
 1533.000000 1.095974 0.689226
 1534.000000 1.123429 0.776589
 1535.000000 1.032497 0.736129
 1536.000000 1.107101 0.703975
 1537.000000 1.011334 0.756928
 1538.000000 0.908833 0.750949
 1539.000000 1.115295 0.820682
 1540.000000 1.094442 0.720054
 1541.000000 1.107674 0.722106
 1542.000000 1.070303 0.716762
 1543.000000 1.021279 0.742374
 1544.000000 1.119235 0.724084
 1545.000000 1.191351 0.766916
 1546.000000 1.084955 0.751312
 1547.000000 1.098568 0.763456
 1548.000000 1.136980 0.674661
 1549.000000 1.075488 0.728813
 1550.000000 1.074031 0.620843
 1551.000000 1.077184 0.701881
 1552.000000 1.142340 0.718013
 1553.000000 1.068476 0.717072
 1554.000000 1.086563 0.706265
 1555.000000 1.013277 0.783089
 1556.000000 1.067133 0.727681
 1557.000000 1.140834 0.783991
 1558.000000 1.043732 0.727751
 1559.000000 1.032146 0.641749
 1560.000000 1.135109 0.787621
 1561.000000 1.143277 0.837900
 1562.000000 0.957082 0.719892
 1563.000000 0.916214 0.712944
 1564.000000 0.944366 0.696486
 1565.000000 1.095608 0.678566
 1566.000000 0.969166 0.756356
 1567.000000 1.068856 0.747351
 1568.000000 1.079418 0.713139
 1569.000000 0.959174 0.727125
 1570.000000 1.165196 0.747533
 1571.000000 1.114097 0.782167
 1572.000000 1.021001 0.758091
 1573.000000 1.150611 0.750378
 1574.000000 1.128689 0.762412
 1575.000000 1.079889 0.734126
 1576.000000 1.000563 0.704492
 1577.000000 1.076406 0.727821
 1578.000000 0.998029 0.725273
 1579.000000 1.069217 0.695655
 1580.000000 1.101402 0.843502
 1581.000000 1.118977 0.745131
 1582.000000 1.111675 0.765800
 1583.000000 1.055093 0.733295
 1584.000000 1.054843 0.778396
 1585.000000 0.953983 0.727623
 1586.000000 1.206855 0.711775
 1587.000000 1.125038 0.684411
 1588.000000 1.015624 0.707015
 1589.000000 0.999693 0.708775
 1590.000000 1.058952 0.630111
 1591.000000 1.151573 0.704226
 1592.000000 1.052481 0.649227
 1593.000000 1.058326 0.630861
 1594.000000 0.996587 0.786609
 1595.000000 1.066824 0.735841
 1596.000000 1.070719 0.694534
 1597.000000 1.028101 0.711487
 1598.000000 0.987171 0.682919
 1599.000000 1.091951 0.759156
 1600.000000 1.089654 0.768875
 1601.000000 1.043151 0.790642
 1602.000000 1.021809 0.740155
 1603.000000 1.034492 0.706614
 1604.000000 0.968941 0.769821
 1605.000000 1.013017 0.683239
 1606.000000 1.173818 0.791973
 1607.000000 1.064222 0.784949
 1608.000000 1.144338 0.833031
 1609.000000 1.119327 0.811869
 1610.000000 1.017660 0.729086
 1611.000000 1.200861 0.731154
 1612.000000 1.111665 0.768521
 1613.000000 1.023407 0.680242
 1614.000000 1.062810 0.700322
 1615.000000 1.063778 0.722839
 1616.000000 1.059159 0.682445
 1617.000000 1.037305 0.724723
 1618.000000 0.988918 0.628666
 1619.000000 1.015408 0.730339
 1620.000000 1.030401 0.669569
 1621.000000 0.996816 0.727812
 1622.000000 1.060645 0.764338
 1623.000000 0.949705 0.733287
 1624.000000 1.001895 0.677049
 1625.000000 1.049240 0.612987
 1626.000000 0.971441 0.639899
 1627.000000 1.097383 0.745595
 1628.000000 1.057664 0.719074
 1629.000000 1.047599 0.635021
 1630.000000 1.028217 0.643363
 1631.000000 0.984096 0.637427
 1632.000000 1.140032 0.701062
 1633.000000 1.106400 0.751421
 1634.000000 0.971791 0.690135
 1635.000000 1.070776 0.757929
 1636.000000 0.957939 0.740723
 1637.000000 1.078084 0.676734
 1638.000000 1.041344 0.707300
 1639.000000 1.157007 0.694004
 1640.000000 1.109159 0.689908
 1641.000000 0.966847 0.720533
 1642.000000 1.153049 0.662488
 1643.000000 1.088416 0.700701
 1644.000000 1.018774 0.784553
 1645.000000 0.927935 0.723299
 1646.000000 0.990741 0.650232
 1647.000000 1.057302 0.648451
 1648.000000 1.023929 0.685537
 1649.000000 1.061834 0.667405
 1650.000000 0.929341 0.748674
 1651.000000 1.035209 0.740378
 1652.000000 1.033688 0.746333
 1653.000000 1.099788 0.769593
 1654.000000 1.035820 0.821747
 1655.000000 1.073937 0.734791
 1656.000000 1.019894 0.759359
 1657.000000 1.016590 0.761909
 1658.000000 1.026090 0.757338
 1659.000000 0.996978 0.726744
 1660.000000 1.042946 0.728255
 1661.000000 1.069803 0.750925
 1662.000000 1.083111 0.693034
 1663.000000 0.962647 0.753761
 1664.000000 1.064163 0.786427
 1665.000000 1.059179 0.694818
 1666.000000 1.014580 0.631685
 1667.000000 1.017898 0.644570
 1668.000000 1.126667 0.646039
 1669.000000 1.041148 0.676505
 1670.000000 1.074317 0.747938
 1671.000000 1.010725 0.770801
 1672.000000 1.059686 0.678400
 1673.000000 1.118771 0.638484
 1674.000000 1.061923 0.645500
 1675.000000 0.990895 0.675902
 1676.000000 1.088309 0.694465
 1677.000000 1.038250 0.839739
 1678.000000 1.077166 0.692815
 1679.000000 1.121215 0.771033
 1680.000000 1.067230 0.768579
 1681.000000 1.095581 0.752584
 1682.000000 1.038133 0.727926
 1683.000000 1.019180 0.836818
 1684.000000 1.047612 0.766874
 1685.000000 1.184026 0.704861
 1686.000000 1.034126 0.807530
 1687.000000 1.048496 0.764510
 1688.000000 1.117840 0.719362
 1689.000000 1.097684 0.869125
 1690.000000 1.076775 0.763859
 1691.000000 1.004626 0.752933
 1692.000000 1.029742 0.788823
 1693.000000 1.145056 0.699111
 1694.000000 1.014152 0.755877
 1695.000000 0.991020 0.805200
 1696.000000 1.051078 0.753782
 1697.000000 1.016160 0.786899
 1698.000000 0.990423 0.794358
 1699.000000 0.975879 0.770383
 1700.000000 1.075924 0.772051
 1701.000000 1.013401 0.734766
 1702.000000 1.047867 0.752246
 1703.000000 1.037585 0.709202
 1704.000000 0.967315 0.709452
 1705.000000 1.042528 0.698170
 1706.000000 0.967768 0.673390
 1707.000000 1.043552 0.819985
 1708.000000 1.024016 0.760634
 1709.000000 1.069253 0.695662
 1710.000000 1.040450 0.686202
 1711.000000 1.032403 0.766464
 1712.000000 1.021487 0.704751
 1713.000000 1.041730 0.714369
 1714.000000 1.073210 0.767779
 1715.000000 1.041628 0.731634
 1716.000000 0.957158 0.801639
 1717.000000 0.971910 0.732233
 1718.000000 1.027523 0.710828
 1719.000000 1.031548 0.722466
 1720.000000 1.056067 0.732304
 1721.000000 1.000672 0.773313
 1722.000000 0.918595 0.750166
 1723.000000 1.092429 0.653934
 1724.000000 1.155943 0.815542
 1725.000000 0.976564 0.713140
 1726.000000 1.119200 0.850370
 1727.000000 1.145942 0.692656
 1728.000000 1.133505 0.701582
 1729.000000 1.068855 0.699889
 1730.000000 1.063928 0.710377
 1731.000000 0.955279 0.673716
 1732.000000 1.173754 0.748183
 1733.000000 1.090492 0.754191
 1734.000000 1.126694 0.694989
 1735.000000 1.102586 0.756554
 1736.000000 1.135344 0.720017
 1737.000000 1.120326 0.757893
 1738.000000 1.133016 0.789604
 1739.000000 1.066850 0.709402
 1740.000000 1.211168 0.790332
 1741.000000 1.038610 0.790206
 1742.000000 1.048393 0.700634
 1743.000000 1.107451 0.734206
 1744.000000 1.111861 0.774836
 1745.000000 1.087869 0.777087
 1746.000000 1.090812 0.713317
 1747.000000 1.151646 0.807382
 1748.000000 0.972109 0.845915
 1749.000000 1.019823 0.751621
 1750.000000 1.079631 0.719680
 1751.000000 1.102619 0.711799
 1752.000000 1.038106 0.766112
 1753.000000 1.150699 0.765120
 1754.000000 1.059002 0.763439
 1755.000000 1.140585 0.794821
 1756.000000 0.969516 0.778719
 1757.000000 1.170989 0.823961
 1758.000000 1.073067 0.739587
 1759.000000 0.946647 0.750456
 1760.000000 1.158213 0.723390
 1761.000000 0.977749 0.723560
 1762.000000 1.089325 0.673361
 1763.000000 1.075274 0.774684
 1764.000000 1.039039 0.757463
 1765.000000 1.063092 0.807826
 1766.000000 0.999650 0.792273
 1767.000000 1.108259 0.796548
 1768.000000 1.111179 0.813495
 1769.000000 1.106444 0.718644
 1770.000000 1.041256 0.756602
 1771.000000 1.165224 0.733491
 1772.000000 1.234174 0.756193
 1773.000000 1.038001 0.742251
 1774.000000 1.047832 0.792210
 1775.000000 1.035761 0.724917
 1776.000000 1.034848 0.692857
 1777.000000 0.995982 0.768687
 1778.000000 1.043251 0.771832
 1779.000000 1.057808 0.732398
 1780.000000 1.098703 0.819635
 1781.000000 1.053756 0.707407
 1782.000000 1.041835 0.733378
 1783.000000 1.055103 0.712338
 1784.000000 1.025402 0.724177
 1785.000000 1.004338 0.724213
 1786.000000 0.995900 0.749318
 1787.000000 1.053993 0.764152
 1788.000000 1.062561 0.748403
 1789.000000 1.084673 0.777000
 1790.000000 1.039211 0.687697
 1791.000000 1.075849 0.768623
 1792.000000 1.125019 0.759555
 1793.000000 1.108279 0.665794
 1794.000000 1.018329 0.725108
 1795.000000 1.211006 0.830520
 1796.000000 0.967620 0.721011
 1797.000000 1.111731 0.722161
 1798.000000 1.095988 0.773032
 1799.000000 1.035861 0.761377
 1800.000000 1.065278 0.795589
 1801.000000 1.059764 0.717949
 1802.000000 1.119100 0.715806
 1803.000000 1.019570 0.679834
 1804.000000 1.030754 0.714644
 1805.000000 1.045060 0.742615
 1806.000000 1.079688 0.696198
 1807.000000 1.088744 0.757336
 1808.000000 1.010900 0.713666
 1809.000000 1.077112 0.828299
 1810.000000 1.098585 0.762486
 1811.000000 1.131069 0.810661
 1812.000000 1.045655 0.684067
 1813.000000 1.127216 0.755798
 1814.000000 1.041701 0.756392
 1815.000000 0.950824 0.704523
 1816.000000 1.014493 0.733996
 1817.000000 1.030905 0.768016
 1818.000000 1.073345 0.853859
 1819.000000 1.008806 0.841944
 1820.000000 1.131998 0.864088
 1821.000000 0.995379 0.685957
 1822.000000 1.131647 0.666746
 1823.000000 1.094724 0.772127
 1824.000000 1.056994 0.668789
 1825.000000 1.118691 0.758239
 1826.000000 1.017891 0.659098
 1827.000000 1.094287 0.803052
 1828.000000 1.166654 0.823169
 1829.000000 1.017297 0.743899
 1830.000000 0.999570 0.680061
 1831.000000 1.087932 0.647983
 1832.000000 1.117574 0.700590
 1833.000000 1.133087 0.695067
 1834.000000 1.091030 0.713227
 1835.000000 1.076430 0.719246
 1836.000000 1.018695 0.696611
 1837.000000 1.145619 0.724604
 1838.000000 1.106964 0.747354
 1839.000000 1.098781 0.730540
 1840.000000 0.987710 0.731851
 1841.000000 1.008265 0.640887
 1842.000000 1.109520 0.722142
 1843.000000 1.084410 0.817961
 1844.000000 1.017369 0.747102
 1845.000000 1.055165 0.761876
 1846.000000 1.062130 0.755881
 1847.000000 1.127863 0.773896
 1848.000000 1.125457 0.780897
 1849.000000 1.047340 0.687293
 1850.000000 1.088774 0.711464
 1851.000000 1.068211 0.748866
 1852.000000 1.028449 0.721364
 1853.000000 1.041706 0.763388
 1854.000000 1.069347 0.670696
 1855.000000 1.056062 0.799048
 1856.000000 1.024012 0.799588
 1857.000000 1.059757 0.802057
 1858.000000 1.052168 0.749525
 1859.000000 1.047034 0.705551
 1860.000000 1.044992 0.718671
 1861.000000 1.139141 0.704402
 1862.000000 1.061961 0.755614
 1863.000000 1.043206 0.765423
 1864.000000 1.099604 0.788966
 1865.000000 1.110541 0.913249
 1866.000000 1.148708 0.783460
 1867.000000 1.091377 0.722076
 1868.000000 1.082682 0.707303
 1869.000000 1.044844 0.793379
 1870.000000 1.009859 0.654385
 1871.000000 1.067655 0.637857
 1872.000000 0.975832 0.804416
 1873.000000 1.177644 0.737774
 1874.000000 1.098063 0.744900
 1875.000000 1.101320 0.725251
 1876.000000 1.097177 0.736946
 1877.000000 1.089386 0.736626
 1878.000000 1.026236 0.729376
 1879.000000 0.973465 0.698262
 1880.000000 1.052415 0.806387
 1881.000000 1.082683 0.715506
 1882.000000 1.131973 0.760368
 1883.000000 0.933602 0.751270
 1884.000000 1.077856 0.697351
 1885.000000 1.004482 0.747870
 1886.000000 0.927992 0.767014
 1887.000000 0.994099 0.715814
 1888.000000 0.994492 0.722973
 1889.000000 1.055318 0.744260
 1890.000000 1.094651 0.664183
 1891.000000 1.014244 0.849528
 1892.000000 0.995188 0.728765
 1893.000000 0.941310 0.648178
 1894.000000 1.090765 0.762756
 1895.000000 1.124037 0.721727
 1896.000000 1.036947 0.772312
 1897.000000 0.952168 0.706034
 1898.000000 1.111231 0.755329
 1899.000000 1.011887 0.768543
 1900.000000 1.075678 0.680366
 1901.000000 1.099248 0.722822
 1902.000000 1.039582 0.789070
 1903.000000 1.186826 0.745498
 1904.000000 1.055151 0.802114
 1905.000000 0.970354 0.699944
 1906.000000 1.013091 0.640791
 1907.000000 1.088531 0.711647
 1908.000000 1.131963 0.716893
 1909.000000 1.084087 0.753826
 1910.000000 1.004371 0.686345
 1911.000000 1.218362 0.721863
 1912.000000 1.004785 0.744120
 1913.000000 1.096879 0.769787
 1914.000000 0.903400 0.702265
 1915.000000 1.080806 0.665196
 1916.000000 1.053626 0.695068
 1917.000000 1.055354 0.731378
 1918.000000 1.164508 0.758188
 1919.000000 1.172186 0.670709
 1920.000000 1.053624 0.806572
 1921.000000 1.017972 0.797419
 1922.000000 1.033881 0.764601
 1923.000000 1.125014 0.757525
 1924.000000 1.004761 0.712601
 1925.000000 1.052538 0.769655
 1926.000000 0.997625 0.853033
 1927.000000 0.946062 0.737024
 1928.000000 1.027179 0.725407
 1929.000000 1.074499 0.691790
 1930.000000 1.027693 0.691773
 1931.000000 1.000547 0.743567
 1932.000000 1.084496 0.739026
 1933.000000 0.952013 0.767736
 1934.000000 0.974363 0.770962
 1935.000000 1.003691 0.736703
 1936.000000 0.989483 0.664189
 1937.000000 1.019225 0.728495
 1938.000000 1.137571 0.729513
 1939.000000 1.047883 0.776297
 1940.000000 1.048549 0.749614
 1941.000000 0.961139 0.659673
 1942.000000 1.024077 0.800262
 1943.000000 0.991121 0.672902
 1944.000000 1.030055 0.671933
 1945.000000 1.004224 0.676306
 1946.000000 1.061881 0.656959
 1947.000000 1.061763 0.648683
 1948.000000 1.156907 0.648098
 1949.000000 1.012629 0.764087
 1950.000000 1.013506 0.657397
 1951.000000 1.095613 0.708910
 1952.000000 1.032569 0.712136
 1953.000000 1.033837 0.711049
 1954.000000 1.110276 0.702037
 1955.000000 1.037325 0.742626
 1956.000000 1.116925 0.728394
 1957.000000 1.019204 0.719966
 1958.000000 1.105457 0.662915
 1959.000000 1.100530 0.701448
 1960.000000 1.053132 0.728676
 1961.000000 1.018145 0.718159
 1962.000000 0.979460 0.714151
 1963.000000 1.045777 0.698917
 1964.000000 1.026633 0.692134
 1965.000000 1.014663 0.733303
 1966.000000 1.163669 0.730175
 1967.000000 1.150553 0.737802
 1968.000000 1.162313 0.786843
 1969.000000 1.108611 0.732811
 1970.000000 1.140577 0.773852
 1971.000000 1.030164 0.773823
 1972.000000 1.071515 0.720397
 1973.000000 1.149216 0.760902
 1974.000000 1.048584 0.762757
 1975.000000 1.028320 0.755213
 1976.000000 1.157031 0.702961
 1977.000000 1.099439 0.742409
 1978.000000 1.200288 0.812183
 1979.000000 1.088108 0.793444
 1980.000000 1.135339 0.729862
 1981.000000 1.109113 0.716417
 1982.000000 1.122105 0.740850
 1983.000000 1.084524 0.788969
 1984.000000 1.043749 0.750856
 1985.000000 1.146003 0.730683
 1986.000000 1.007483 0.728646
 1987.000000 1.003463 0.738737
 1988.000000 1.140664 0.810666
 1989.000000 1.120799 0.769105
 1990.000000 1.171137 0.787386
 1991.000000 1.048346 0.803936
 1992.000000 1.025178 0.788973
 1993.000000 1.093606 0.776521
 1994.000000 1.068009 0.745151
 1995.000000 1.117331 0.710691
 1996.000000 0.941776 0.758571
 1997.000000 1.118127 0.853230
 1998.000000 1.050602 0.715848
 1999.000000 1.021218 0.663893
 2000.000000 1.115866 0.765310
 2001.000000 1.051389 0.705823
 2002.000000 1.118827 0.697485
 2003.000000 1.099422 0.640150
 2004.000000 1.024466 0.774936
 2005.000000 1.061443 0.666969
 2006.000000 1.080243 0.783614
 2007.000000 0.950712 0.699213
 2008.000000 1.080716 0.876134
 2009.000000 1.052474 0.699582
 2010.000000 1.035001 0.756356
 2011.000000 1.037553 0.717234
 2012.000000 1.127002 0.743809
 2013.000000 1.103841 0.785896
 2014.000000 1.083100 0.665948
 2015.000000 0.957977 0.720133
 2016.000000 1.058190 0.701611
 2017.000000 1.082517 0.753272
 2018.000000 1.035792 0.734649
 2019.000000 1.062708 0.727913
 2020.000000 1.059439 0.707620
 2021.000000 1.080243 0.812347
 2022.000000 1.017315 0.748891
 2023.000000 1.041328 0.707074
 2024.000000 1.047576 0.692494
 2025.000000 1.038342 0.707389
 2026.000000 1.054241 0.723752
 2027.000000 1.075659 0.781653
 2028.000000 1.132751 0.730648
 2029.000000 1.160285 0.726940
 2030.000000 1.117517 0.769232
 2031.000000 1.096156 0.750372
 2032.000000 1.022475 0.697627
 2033.000000 1.086553 0.744508
 2034.000000 1.013332 0.715045
 2035.000000 1.101223 0.826167
 2036.000000 1.097303 0.779317
 2037.000000 1.103000 0.828128
 2038.000000 1.031324 0.717653
 2039.000000 1.099629 0.715664
 2040.000000 1.062440 0.666033
 2041.000000 1.085576 0.729711
 2042.000000 1.029681 0.678324
 2043.000000 1.057157 0.742183
 2044.000000 1.058604 0.704145
 2045.000000 1.046673 0.756208
 2046.000000 0.936838 0.708938
 2047.000000 1.063953 0.704375
 2048.000000 1.023429 0.732762
 2049.000000 1.019193 0.776620
 2050.000000 1.120232 0.733903
 2051.000000 1.109300 0.736557
 2052.000000 0.953616 0.696638
 2053.000000 1.010868 0.748696
 2054.000000 1.017001 0.713048
 2055.000000 1.116750 0.772544
 2056.000000 1.031456 0.725032
 2057.000000 1.051967 0.796747
 2058.000000 1.018222 0.706683
 2059.000000 1.036349 0.794835
 2060.000000 1.013154 0.698589
 2061.000000 1.001146 0.713571
 2062.000000 1.054792 0.747632
 2063.000000 1.047751 0.709885
 2064.000000 1.069557 0.717398
 2065.000000 0.939556 0.756676
 2066.000000 1.088341 0.751520
 2067.000000 1.074103 0.810627
 2068.000000 1.125782 0.790381
 2069.000000 1.143082 0.769003
 2070.000000 1.104144 0.714784
 2071.000000 1.110618 0.758737
 2072.000000 1.095006 0.774270
 2073.000000 1.039688 0.724898
 2074.000000 1.056884 0.680543
 2075.000000 1.090888 0.732137
 2076.000000 1.031267 0.776826
 2077.000000 0.991339 0.741923
 2078.000000 1.097502 0.724128
 2079.000000 1.058107 0.732954
 2080.000000 1.033689 0.695308
 2081.000000 1.069261 0.703771
 2082.000000 0.940068 0.828797
 2083.000000 1.103240 0.753472
 2084.000000 1.036130 0.723761
 2085.000000 0.974154 0.749351
 2086.000000 0.971712 0.673545
 2087.000000 0.974634 0.723442
 2088.000000 0.984501 0.783255
 2089.000000 0.903815 0.797928
 2090.000000 0.999825 0.805331
 2091.000000 0.967762 0.733027
 2092.000000 1.037491 0.762489
 2093.000000 1.115402 0.773255
 2094.000000 1.005955 0.689501
 2095.000000 1.107375 0.725859
 2096.000000 1.158883 0.694125
 2097.000000 1.018439 0.739733
 2098.000000 1.133788 0.700821
 2099.000000 1.054381 0.681041
 2100.000000 0.977051 0.708406
 2101.000000 1.046637 0.784475
 2102.000000 1.127244 0.699001
 2103.000000 0.966822 0.637606
 2104.000000 1.061504 0.764931
 2105.000000 1.058167 0.739965
 2106.000000 0.979298 0.676279
 2107.000000 1.074058 0.629006
 2108.000000 1.059463 0.703999
 2109.000000 1.086112 0.702550
 2110.000000 1.107596 0.756692
 2111.000000 1.085355 0.729379
 2112.000000 1.037527 0.711604
 2113.000000 0.990575 0.714804
 2114.000000 1.010408 0.710665
 2115.000000 1.073602 0.683341
 2116.000000 1.128151 0.699420
 2117.000000 0.994163 0.716228
 2118.000000 1.074503 0.708989
 2119.000000 1.018085 0.678480
 2120.000000 1.030957 0.701427
 2121.000000 1.014624 0.687579
 2122.000000 1.041002 0.705870
 2123.000000 1.032054 0.606363
 2124.000000 1.079805 0.722483
 2125.000000 1.113042 0.681505
 2126.000000 1.100233 0.713144
 2127.000000 1.054738 0.742387
 2128.000000 1.046937 0.764073
 2129.000000 1.104806 0.700382
 2130.000000 0.971058 0.709567
 2131.000000 0.948394 0.719470
 2132.000000 0.999383 0.729845
 2133.000000 1.022806 0.715748
 2134.000000 0.989163 0.582803
 2135.000000 1.042629 0.716103
 2136.000000 0.997850 0.701537
 2137.000000 1.041435 0.757319
 2138.000000 1.002917 0.752146
 2139.000000 1.119202 0.651867
 2140.000000 0.959491 0.707877
 2141.000000 1.012133 0.775637
 2142.000000 0.973657 0.728513
 2143.000000 1.045035 0.741891
 2144.000000 1.023717 0.790780
 2145.000000 1.099127 0.635757
 2146.000000 1.048504 0.746442
 2147.000000 1.100649 0.793121
 2148.000000 1.084596 0.657417
 2149.000000 1.095977 0.772532
 2150.000000 1.014877 0.775744
 2151.000000 1.059551 0.743982
 2152.000000 1.053721 0.784970
 2153.000000 1.024336 0.721962
 2154.000000 0.974610 0.709191
 2155.000000 1.020104 0.734240
 2156.000000 1.008469 0.716545
 2157.000000 0.986280 0.758540
 2158.000000 1.030722 0.733950
 2159.000000 0.984737 0.734236
 2160.000000 1.069179 0.806899
 2161.000000 1.073240 0.790460
 2162.000000 1.008868 0.864214
 2163.000000 1.009414 0.718334
 2164.000000 1.013807 0.715042
 2165.000000 0.952767 0.708553
 2166.000000 1.010055 0.760894
 2167.000000 1.011448 0.796266
 2168.000000 0.941399 0.701740
 2169.000000 1.066273 0.863309
 2170.000000 1.058905 0.703977
 2171.000000 0.970079 0.768390
 2172.000000 1.039048 0.659809
 2173.000000 1.048146 0.766275
 2174.000000 1.031308 0.713569
 2175.000000 1.045707 0.770876
 2176.000000 0.965240 0.774980
 2177.000000 0.964470 0.834496
 2178.000000 1.077500 0.691880
 2179.000000 1.047669 0.643952
 2180.000000 1.012405 0.786215
 2181.000000 0.977842 0.736588
 2182.000000 1.027118 0.746384
 2183.000000 0.885263 0.714645
 2184.000000 1.028066 0.687072
 2185.000000 1.012387 0.801506
 2186.000000 1.135066 0.750794
 2187.000000 1.038835 0.741349
 2188.000000 1.048918 0.791667
 2189.000000 1.119259 0.726804
 2190.000000 0.923097 0.657427
 2191.000000 1.111304 0.736230
 2192.000000 1.153286 0.606958
 2193.000000 1.053036 0.639298
 2194.000000 1.061616 0.649385
 2195.000000 1.120774 0.668889
 2196.000000 1.032529 0.652680
 2197.000000 1.141658 0.767862
 2198.000000 0.892114 0.813305
 2199.000000 0.986824 0.655698
 2200.000000 1.039977 0.708809
 2201.000000 0.994942 0.693221
 2202.000000 1.032329 0.720148
 2203.000000 1.091608 0.770221
 2204.000000 1.063340 0.691690
 2205.000000 1.119002 0.730677
 2206.000000 0.994682 0.712492
 2207.000000 0.969777 0.740722
 2208.000000 1.030137 0.660488
 2209.000000 1.053550 0.696865
 2210.000000 1.019459 0.733701
 2211.000000 1.113377 0.696640
 2212.000000 1.133670 0.723454
 2213.000000 1.081820 0.682349
 2214.000000 1.141800 0.762526
 2215.000000 1.054187 0.645620
 2216.000000 1.032397 0.746991
 2217.000000 1.090743 0.753762
 2218.000000 1.153777 0.760716
 2219.000000 1.077752 0.758433
 2220.000000 1.166208 0.689179
 2221.000000 1.021836 0.662817
 2222.000000 1.076584 0.801893
 2223.000000 1.115429 0.733795
 2224.000000 1.151950 0.730943
 2225.000000 1.122534 0.822349
 2226.000000 1.095486 0.759451
 2227.000000 1.134649 0.741494
 2228.000000 1.087072 0.829941
 2229.000000 1.101299 0.763029
 2230.000000 1.054422 0.726883
 2231.000000 1.116715 0.712359
 2232.000000 1.156789 0.666707
 2233.000000 1.056917 0.769909
 2234.000000 1.141893 0.692360
 2235.000000 1.041312 0.720965
 2236.000000 1.074109 0.734818
 2237.000000 1.132029 0.667527
 2238.000000 1.004946 0.688447
 2239.000000 1.089258 0.710454
 2240.000000 1.008202 0.721187
 2241.000000 1.061535 0.778789
 2242.000000 1.091778 0.765720
 2243.000000 1.167053 0.754697
 2244.000000 1.081693 0.723872
 2245.000000 1.053348 0.702599
 2246.000000 1.061550 0.798356
 2247.000000 1.077107 0.776404
 2248.000000 1.075989 0.735957
 2249.000000 1.032805 0.645635
 2250.000000 1.088148 0.706358
 2251.000000 1.107440 0.708098
 2252.000000 1.020187 0.682858
 2253.000000 1.168061 0.672809
 2254.000000 1.062158 0.777003
 2255.000000 1.150225 0.762288
 2256.000000 1.077364 0.708063
 2257.000000 1.038499 0.693483
 2258.000000 1.028891 0.724271
 2259.000000 1.160362 0.738901
 2260.000000 1.169610 0.726524
 2261.000000 1.115409 0.741191
 2262.000000 0.988857 0.714547
 2263.000000 1.119792 0.615303
 2264.000000 1.158612 0.800221
 2265.000000 1.242068 0.745001
 2266.000000 1.199344 0.797500
 2267.000000 1.132708 0.714294
 2268.000000 1.145680 0.775589
 2269.000000 1.188898 0.685514
 2270.000000 1.174057 0.751002
 2271.000000 1.071247 0.648888
 2272.000000 1.043729 0.679508
 2273.000000 1.035553 0.767517
 2274.000000 1.092659 0.747845
 2275.000000 1.139331 0.682498
 2276.000000 1.102778 0.766450
 2277.000000 1.095624 0.789308
 2278.000000 1.181559 0.709574
 2279.000000 1.094355 0.824615
 2280.000000 1.126107 0.755780
 2281.000000 0.976936 0.802773
 2282.000000 1.114326 0.735017
 2283.000000 1.114821 0.724001
 2284.000000 1.175934 0.729930
 2285.000000 1.155525 0.798774
 2286.000000 1.160967 0.751827
 2287.000000 1.183718 0.743994
 2288.000000 1.182445 0.731612
 2289.000000 1.088408 0.860792
 2290.000000 1.130120 0.770931
 2291.000000 1.043251 0.788024
 2292.000000 1.152599 0.675562
 2293.000000 1.203773 0.666334
 2294.000000 1.091050 0.717259
 2295.000000 1.164220 0.731659
 2296.000000 1.103206 0.673821
 2297.000000 0.970262 0.801908
 2298.000000 1.140080 0.806342
 2299.000000 1.177730 0.678361
 2300.000000 1.194596 0.638701
 2301.000000 1.089974 0.694420
 2302.000000 1.063050 0.696132
 2303.000000 1.073197 0.719139
 2304.000000 1.076670 0.787855
 2305.000000 1.130141 0.750951
 2306.000000 1.071048 0.649955
 2307.000000 1.136346 0.772275
 2308.000000 1.000315 0.629529
 2309.000000 1.078192 0.768987
 2310.000000 1.026167 0.702422
 2311.000000 0.912648 0.725970
 2312.000000 1.093654 0.717227
 2313.000000 1.064347 0.702409
 2314.000000 1.119745 0.761115
 2315.000000 1.279071 0.658992
 2316.000000 1.169623 0.706411
 2317.000000 1.167734 0.691225
 2318.000000 0.986550 0.654598
 2319.000000 1.122465 0.751571
 2320.000000 1.097652 0.724449
 2321.000000 1.119738 0.659972
 2322.000000 1.037848 0.684433
 2323.000000 1.042171 0.716611
 2324.000000 1.060234 0.707728
 2325.000000 0.967698 0.654332
 2326.000000 1.021509 0.739837
 2327.000000 0.937235 0.766971
 2328.000000 1.023297 0.697441
 2329.000000 1.226850 0.678170
 2330.000000 1.035095 0.709818
 2331.000000 1.104050 0.690985
 2332.000000 1.028028 0.768026
 2333.000000 1.135888 0.679119
 2334.000000 0.941834 0.691612
 2335.000000 1.083535 0.675704
 2336.000000 1.096867 0.694133
 2337.000000 0.974167 0.684111
 2338.000000 1.186838 0.693002
 2339.000000 0.966669 0.759678
 2340.000000 1.040754 0.711519
 2341.000000 1.002706 0.768444
 2342.000000 1.117475 0.700413
 2343.000000 1.056087 0.697235
 2344.000000 1.107410 0.686042
 2345.000000 0.977726 0.660438
 2346.000000 0.989016 0.736145
 2347.000000 1.063278 0.624097
 2348.000000 0.981709 0.723844
 2349.000000 1.032586 0.714551
 2350.000000 1.048400 0.797091
 2351.000000 1.019890 0.610843
 2352.000000 0.962250 0.698266
 2353.000000 1.020500 0.649005
 2354.000000 1.058214 0.744431
 2355.000000 1.171144 0.745898
 2356.000000 1.123048 0.754545
 2357.000000 1.054727 0.704567
 2358.000000 1.061932 0.730524
 2359.000000 1.082547 0.732466
 2360.000000 0.994681 0.775553
 2361.000000 1.041977 0.738023
 2362.000000 1.014836 0.825004
 2363.000000 1.026015 0.779513
 2364.000000 0.947909 0.778735
 2365.000000 1.001883 0.834907
 2366.000000 0.952766 0.693813
 2367.000000 1.043488 0.730329
 2368.000000 1.069327 0.749867
 2369.000000 1.013643 0.765500
 2370.000000 0.930863 0.781099
 2371.000000 1.069615 0.835185
 2372.000000 1.128113 0.794131
 2373.000000 1.100592 0.849842
 2374.000000 1.108215 0.777317
 2375.000000 1.095407 0.804337
 2376.000000 1.139564 0.834551
 2377.000000 1.121818 0.781599
 2378.000000 1.081738 0.761309
 2379.000000 1.168024 0.715052
 2380.000000 1.042322 0.762331
 2381.000000 0.966496 0.788726
 2382.000000 1.035515 0.694997
 2383.000000 1.133722 0.691045
 2384.000000 1.052358 0.681774
 2385.000000 1.027226 0.692238
 2386.000000 1.128472 0.715258
 2387.000000 1.154349 0.747368
 2388.000000 1.151657 0.753282
 2389.000000 1.171062 0.727094
 2390.000000 1.036867 0.799081
 2391.000000 0.989358 0.764371
 2392.000000 1.131752 0.815135
 2393.000000 0.939510 0.818199
 2394.000000 1.082367 0.804513
 2395.000000 1.141230 0.742602
 2396.000000 1.055159 0.811368
 2397.000000 1.045548 0.808160
 2398.000000 1.071517 0.639250
 2399.000000 1.039272 0.726619
 2400.000000 1.037721 0.701143
 2401.000000 1.044122 0.808120
 2402.000000 1.068386 0.821022
 2403.000000 1.069278 0.800927
 2404.000000 1.041730 0.756232
 2405.000000 1.057657 0.843788
 2406.000000 1.105531 0.827478
 2407.000000 1.117375 0.807609
 2408.000000 0.986829 0.706639
 2409.000000 1.161724 0.775510
 2410.000000 1.010860 0.788865
 2411.000000 1.144602 0.896570
 2412.000000 1.113727 0.768996
 2413.000000 1.066265 0.861651
 2414.000000 1.067200 0.686597
 2415.000000 1.033523 0.828423
 2416.000000 1.081276 0.706730
 2417.000000 1.111402 0.822663
 2418.000000 1.132999 0.855093
 2419.000000 1.057935 0.846601
 2420.000000 1.082095 0.756770
 2421.000000 1.039268 0.779928
 2422.000000 1.036417 0.753627
 2423.000000 1.036043 0.843166
 2424.000000 0.988599 0.775661
 2425.000000 1.125045 0.821503
 2426.000000 1.212568 0.751937
 2427.000000 1.045251 0.799086
 2428.000000 1.019754 0.805596
 2429.000000 1.008429 0.754766
 2430.000000 1.024777 0.877156
 2431.000000 1.076935 0.746202
 2432.000000 1.113678 0.735341
 2433.000000 1.092979 0.705108
 2434.000000 1.068954 0.724218
 2435.000000 1.051895 0.845115
 2436.000000 1.010505 0.805358
 2437.000000 1.089395 0.803475
 2438.000000 1.110490 0.730758
 2439.000000 1.097967 0.737942
 2440.000000 1.063672 0.773730
 2441.000000 1.077025 0.690122
 2442.000000 1.106061 0.719780
 2443.000000 1.066504 0.712414
 2444.000000 0.996651 0.729546
 2445.000000 1.118328 0.732659
 2446.000000 1.160816 0.738867
 2447.000000 1.086178 0.718680
 2448.000000 1.105485 0.783700
 2449.000000 1.109709 0.710846
 2450.000000 1.002446 0.705698
 2451.000000 1.153507 0.716889
 2452.000000 1.018171 0.736859
 2453.000000 1.059631 0.768168
 2454.000000 1.105384 0.746841
 2455.000000 1.007300 0.808768
 2456.000000 1.125528 0.802474
 2457.000000 1.175310 0.723547
 2458.000000 1.069490 0.789885
 2459.000000 1.076898 0.807355
 2460.000000 1.054715 0.793959
 2461.000000 1.141221 0.704340
 2462.000000 1.127546 0.749805
 2463.000000 1.145459 0.666321
 2464.000000 1.186422 0.718509
 2465.000000 1.040423 0.750272
 2466.000000 1.104015 0.762415
 2467.000000 1.030825 0.768674
 2468.000000 1.105929 0.707774
 2469.000000 1.055153 0.754825
 2470.000000 0.962100 0.774905
 2471.000000 1.047702 0.817826
 2472.000000 1.040430 0.788448
 2473.000000 1.052872 0.803552
 2474.000000 1.017887 0.778165
 2475.000000 1.063898 0.787454
 2476.000000 1.084741 0.749393
 2477.000000 1.108744 0.747916
 2478.000000 1.067533 0.769885
 2479.000000 1.080118 0.846821
 2480.000000 1.027542 0.780802
 2481.000000 1.141931 0.693098
 2482.000000 1.035575 0.712494
 2483.000000 1.055954 0.704368
 2484.000000 1.112264 0.781301
 2485.000000 1.023081 0.737848
 2486.000000 1.034091 0.769578
 2487.000000 1.142441 0.741648
 2488.000000 1.018843 0.739656
 2489.000000 1.052170 0.825729
 2490.000000 1.050787 0.809624
 2491.000000 1.105591 0.686372
 2492.000000 1.091470 0.836311
 2493.000000 0.996744 0.681793
 2494.000000 1.119048 0.714678
 2495.000000 1.139066 0.801913
 2496.000000 1.089182 0.662296
 2497.000000 1.117065 0.738374
 2498.000000 1.014688 0.788688
 2499.000000 1.031822 0.762592
 2500.000000 1.032867 0.773831
