#! FIELDS time pd_137_140 diff
 0.000000 0.550453 -1.198333
 1.000000 0.369553 -1.191138
 2.000000 0.354603 -1.261982
 3.000000 0.429919 -1.220309
 4.000000 0.373445 -1.138961
 5.000000 0.367390 -1.061191
 6.000000 0.475118 -1.126940
 7.000000 0.482859 -1.118756
 8.000000 0.487047 -1.161046
 9.000000 0.425254 -1.167582
 10.000000 0.393070 -1.156094
 11.000000 0.404400 -1.206812
 12.000000 0.392038 -1.140418
 13.000000 0.410915 -1.168240
 14.000000 0.396943 -1.187137
 15.000000 0.316244 -1.110014
 16.000000 0.354252 -1.191553
 17.000000 0.341949 -1.144070
 18.000000 0.424966 -1.180756
 19.000000 0.476110 -1.117925
 20.000000 0.396679 -1.116825
 21.000000 0.382160 -1.127726
 22.000000 0.418437 -1.105146
 23.000000 0.462937 -1.163575
 24.000000 0.551192 -1.120354
 25.000000 0.413749 -1.140900
 26.000000 0.395710 -1.077260
 27.000000 0.408349 -1.157040
 28.000000 0.484020 -1.133902
 29.000000 0.388224 -1.114496
 30.000000 0.330680 -1.145432
 31.000000 0.417417 -1.127107
 32.000000 0.383470 -1.082333
 33.000000 0.408500 -1.091904
 34.000000 0.435593 -1.039931
 35.000000 0.363511 -1.189325
 36.000000 0.514350 -1.180441
 37.000000 0.414402 -1.159859
 38.000000 0.451792 -1.180992
 39.000000 0.443283 -1.150524
 40.000000 0.388757 -1.196430
 41.000000 0.478630 -1.192001
 42.000000 0.512809 -1.132702
 43.000000 0.401137 -1.179220
 44.000000 0.426435 -1.154813
 45.000000 0.535023 -1.133048
 46.000000 0.424515 -1.149231
 47.000000 0.370247 -1.185551
 48.000000 0.390844 -1.163521
 49.000000 0.437627 -1.125312
 50.000000 0.506230 -1.135515
 51.000000 0.492485 -1.101322
 52.000000 0.404465 -1.144220
 53.000000 0.429119 -1.140497
 54.000000 0.469953 -1.122903
 55.000000 0.430637 -1.167115
 56.000000 0.322650 -1.074328
 57.000000 0.369235 -1.235522
 58.000000 0.360913 -1.166520
 59.000000 0.387708 -1.126780
 60.000000 0.321628 -1.220406
 61.000000 0.361548 -1.238847
 62.000000 0.398747 -1.179444
 63.000000 0.392816 -1.182698
 64.000000 0.314692 -1.172445
 65.000000 0.346142 -1.124059
 66.000000 0.340301 -1.191704
 67.000000 0.301741 -1.090296
 68.000000 0.401573 -1.225043
 69.000000 0.460259 -1.189276
 70.000000 0.341036 -1.103984
 71.000000 0.329769 -1.168463
 72.000000 0.400750 -1.139905
 73.000000 0.565964 -1.183111
 74.000000 0.369950 -1.207194
 75.000000 0.373403 -1.163333
 76.000000 0.394024 -1.140868
 77.000000 0.404556 -1.265902
 78.000000 0.422062 -1.311897
 79.000000 0.513129 -1.212333
 80.000000 0.435784 -1.210811
 81.000000 0.389251 -1.257184
 82.000000 0.488169 -1.208175
 83.000000 0.498759 -1.207891
 84.000000 0.434343 -1.228717
 85.000000 0.427322 -1.250088
 86.000000 0.458081 -1.212833
 87.000000 0.509381 -1.219454
 88.000000 0.472725 -1.161427
 89.000000 0.469096 -1.232227
 90.000000 0.435271 -1.191122
 91.000000 0.397616 -1.281389
 92.000000 0.389858 -1.267074
 93.000000 0.435096 -1.167975
 94.000000 0.449508 -1.182344
 95.000000 0.351735 -1.169804
 96.000000 0.509982 -1.134672
 97.000000 0.293293 -1.187122
 98.000000 0.431454 -1.131548
 99.000000 0.371853 -1.169064
 100.000000 0.366492 -1.150642
 101.000000 0.410984 -1.132825
 102.000000 0.340665 -1.220345
 103.000000 0.280367 -1.201120
 104.000000 0.357800 -1.236296
 105.000000 0.381356 -1.179631
 106.000000 0.429131 -1.173224
 107.000000 0.467978 -1.179738
 108.000000 0.367246 -1.181845
 109.000000 0.531243 -1.262686
 110.000000 0.436912 -1.179563
 111.000000 0.358188 -1.133747
 112.000000 0.332401 -1.130642
 113.000000 0.449167 -1.169808
 114.000000 0.317506 -1.168366
 115.000000 0.369608 -1.125012
 116.000000 0.410497 -1.176290
 117.000000 0.336359 -1.139310
 118.000000 0.441144 -1.111142
 119.000000 0.378753 -1.144040
 120.000000 0.387931 -1.094013
 121.000000 0.361394 -1.113944
 122.000000 0.403853 -1.121165
 123.000000 0.352908 -1.126342
 124.000000 0.419728 -1.157221
 125.000000 0.417928 -1.214861
 126.000000 0.368492 -1.168412
 127.000000 0.336229 -1.224624
 128.000000 0.366037 -1.130652
 129.000000 0.383442 -1.180683
 130.000000 0.319890 -1.169829
 131.000000 0.380963 -1.191898
 132.000000 0.373000 -1.126286
 133.000000 0.447438 -1.133886
 134.000000 0.373417 -1.135776
 135.000000 0.334173 -1.150822
 136.000000 0.347295 -1.083261
 137.000000 0.408571 -1.107738
 138.000000 0.365747 -1.105246
 139.000000 0.407331 -1.103707
 140.000000 0.441009 -1.125898
 141.000000 0.355013 -1.128902
 142.000000 0.351176 -1.111992
 143.000000 0.327175 -1.172761
 144.000000 0.349520 -1.117946
 145.000000 0.409419 -1.097290
 146.000000 0.393475 -1.062057
 147.000000 0.322231 -1.031112
 148.000000 0.344615 -1.126408
 149.000000 0.457436 -1.133954
 150.000000 0.422297 -1.080447
 151.000000 0.320566 -1.108517
 152.000000 0.390684 -1.101584
 153.000000 0.458353 -1.078835
 154.000000 0.311697 -1.102161
 155.000000 0.355958 -1.121111
 156.000000 0.423101 -1.096549
 157.000000 0.349379 -1.133398
 158.000000 0.424075 -1.094239
 159.000000 0.370952 -1.064610
 160.000000 0.412123 -1.170931
 161.000000 0.379790 -1.097367
 162.000000 0.317540 -1.096009
 163.000000 0.372733 -1.231650
 164.000000 0.363789 -1.238902
 165.000000 0.410123 -1.166208
 166.000000 0.377552 -1.187845
 167.000000 0.389241 -1.124360
 168.000000 0.424359 -1.167326
 169.000000 0.382938 -1.204482
 170.000000 0.322113 -1.154685
 171.000000 0.348704 -1.140362
 172.000000 0.373540 -1.170636
 173.000000 0.428277 -1.201478
 174.000000 0.468866 -1.133673
 175.000000 0.350522 -1.188143
 176.000000 0.285939 -1.125196
 177.000000 0.465256 -1.130022
 178.000000 0.441105 -1.099520
 179.000000 0.330283 -1.089254
 180.000000 0.403379 -1.080965
 181.000000 0.356237 -1.122791
 182.000000 0.370351 -1.151335
 183.000000 0.354224 -1.167971
 184.000000 0.361628 -1.158296
 185.000000 0.434963 -1.211298
 186.000000 0.423562 -1.146883
 187.000000 0.417537 -1.202829
 188.000000 0.387533 -1.189243
 189.000000 0.382606 -1.208448
 190.000000 0.408772 -1.191982
 191.000000 0.367680 -1.237775
 192.000000 0.416979 -1.140113
 193.000000 0.376470 -1.126435
 194.000000 0.407107 -1.222181
 195.000000 0.336348 -1.229483
 196.000000 0.363741 -1.171161
 197.000000 0.385049 -1.179802
 198.000000 0.400255 -1.204580
 199.000000 0.445223 -1.155360
 200.000000 0.414903 -1.226573
 201.000000 0.403224 -1.232018
 202.000000 0.318854 -1.193562
 203.000000 0.371103 -1.140996
 204.000000 0.345147 -1.262149
 205.000000 0.415568 -1.207384
 206.000000 0.464763 -1.258777
 207.000000 0.459080 -1.140764
 208.000000 0.488125 -1.162414
 209.000000 0.411503 -1.170884
 210.000000 0.328593 -1.229939
 211.000000 0.436125 -1.150797
 212.000000 0.371505 -1.151845
 213.000000 0.405703 -1.208459
 214.000000 0.562166 -1.175557
 215.000000 0.434863 -1.193794
 216.000000 0.456226 -1.159747
 217.000000 0.365785 -1.166640
 218.000000 0.410448 -1.149615
 219.000000 0.433690 -1.218164
 220.000000 0.372368 -1.180660
 221.000000 0.432838 -1.213560
 222.000000 0.391725 -1.091223
 223.000000 0.405935 -1.258415
 224.000000 0.408611 -1.161310
 225.000000 0.475667 -1.060911
 226.000000 0.400164 -1.095260
 227.000000 0.402746 -1.148720
 228.000000 0.436171 -1.169891
 229.000000 0.532127 -1.156401
 230.000000 0.441221 -1.163488
 231.000000 0.403520 -1.186057
 232.000000 0.460467 -1.220150
 233.000000 0.458877 -1.175669
 234.000000 0.436939 -1.196682
 235.000000 0.410473 -1.180947
 236.000000 0.383253 -1.215133
 237.000000 0.394115 -1.195345
 238.000000 0.365288 -1.169479
 239.000000 0.461944 -1.088887
 240.000000 0.457071 -1.145879
 241.000000 0.475137 -1.175837
 242.000000 0.472112 -1.138407
 243.000000 0.518582 -1.093342
 244.000000 0.427334 -1.176373
 245.000000 0.437551 -1.213680
 246.000000 0.421519 -1.154126
 247.000000 0.432509 -1.131113
 248.000000 0.501881 -1.178309
 249.000000 0.367046 -1.184545
 250.000000 0.414448 -1.183708
 251.000000 0.374799 -1.162415
 252.000000 0.311738 -1.178233
 253.000000 0.406801 -1.082127
 254.000000 0.501633 -1.127469
 255.000000 0.446983 -1.085180
 256.000000 0.411799 -1.122380
 257.000000 0.455624 -1.152227
 258.000000 0.434809 -1.090115
 259.000000 0.384056 -1.080140
 260.000000 0.443115 -1.162335
 261.000000 0.424441 -1.108201
 262.000000 0.470131 -1.107461
 263.000000 0.391742 -1.054207
 264.000000 0.432523 -1.094628
 265.000000 0.457983 -1.098903
 266.000000 0.441653 -1.080769
 267.000000 0.368527 -1.042485
 268.000000 0.398056 -1.169359
 269.000000 0.417535 -1.090618
 270.000000 0.408780 -1.181672
 271.000000 0.400442 -1.158742
 272.000000 0.440080 -1.136209
 273.000000 0.417521 -1.038866
 274.000000 0.426123 -1.089536
 275.000000 0.362564 -1.099817
 276.000000 0.343290 -1.249393
 277.000000 0.334469 -1.147497
 278.000000 0.446244 -1.084699
 279.000000 0.439200 -1.114125
 280.000000 0.495530 -1.041545
 281.000000 0.355782 -1.157591
 282.000000 0.404519 -1.191019
 283.000000 0.472090 -1.177624
 284.000000 0.434363 -1.150606
 285.000000 0.450623 -1.195622
 286.000000 0.442577 -1.173435
 287.000000 0.392518 -1.132323
 288.000000 0.391969 -1.193849
 289.000000 0.391674 -1.196488
 290.000000 0.421335 -1.154237
 291.000000 0.550595 -1.151772
 292.000000 0.453480 -1.216905
 293.000000 0.496247 -1.143357
 294.000000 0.432920 -1.138537
 295.000000 0.478106 -1.214059
 296.000000 0.381310 -1.232715
 297.000000 0.402417 -1.165179
 298.000000 0.379809 -1.235682
 299.000000 0.363164 -1.137685
 300.000000 0.419308 -1.171455
 301.000000 0.403134 -1.170501
 302.000000 0.400331 -1.182450
 303.000000 0.381215 -1.248484
 304.000000 0.441126 -1.172861
 305.000000 0.390603 -1.207729
 306.000000 0.327342 -1.123343
 307.000000 0.357285 -1.163594
 308.000000 0.455708 -1.063955
 309.000000 0.316009 -1.147177
 310.000000 0.449349 -1.104923
 311.000000 0.399060 -1.129480
 312.000000 0.454381 -1.183280
 313.000000 0.390191 -1.099361
 314.000000 0.417865 -1.087358
 315.000000 0.487131 -1.201992
 316.000000 0.489083 -1.146445
 317.000000 0.497649 -1.123169
 318.000000 0.438494 -1.155010
 319.000000 0.462975 -1.092622
 320.000000 0.451198 -1.172039
 321.000000 0.515132 -1.184062
 322.000000 0.412042 -1.130116
 323.000000 0.483386 -1.164929
 324.000000 0.420775 -1.143387
 325.000000 0.408099 -1.156833
 326.000000 0.413046 -1.193085
 327.000000 0.522113 -1.151156
 328.000000 0.410797 -1.134603
 329.000000 0.427716 -1.116833
 330.000000 0.493807 -1.121001
 331.000000 0.500572 -1.140912
 332.000000 0.514889 -1.184901
 333.000000 0.423499 -1.232630
 334.000000 0.418672 -1.129256
 335.000000 0.428618 -1.154194
 336.000000 0.409232 -1.148732
 337.000000 0.420561 -1.108385
 338.000000 0.395288 -1.136514
 339.000000 0.497469 -1.044715
 340.000000 0.540344 -1.118701
 341.000000 0.405892 -1.114075
 342.000000 0.436417 -1.142005
 343.000000 0.483837 -1.095951
 344.000000 0.422295 -1.064553
 345.000000 0.548516 -1.046910
 346.000000 0.501241 -1.102480
 347.000000 0.369470 -1.111184
 348.000000 0.451786 -1.169503
 349.000000 0.453785 -1.155757
 350.000000 0.446766 -1.055376
 351.000000 0.454417 -1.137367
 352.000000 0.428411 -1.071967
 353.000000 0.348596 -1.163022
 354.000000 0.483334 -1.194465
 355.000000 0.378757 -1.207878
 356.000000 0.430531 -1.167323
 357.000000 0.455919 -1.178074
 358.000000 0.442312 -1.239761
 359.000000 0.381710 -1.152447
 360.000000 0.452989 -1.191386
 361.000000 0.409756 -1.202324
 362.000000 0.472245 -1.141723
 363.000000 0.392816 -1.215970
 364.000000 0.419296 -1.165749
 365.000000 0.429195 -1.224868
 366.000000 0.399824 -1.206481
 367.000000 0.467653 -1.228871
 368.000000 0.437438 -1.197809
 369.000000 0.450451 -1.183897
 370.000000 0.550710 -1.235263
 371.000000 0.397651 -1.188873
 372.000000 0.471437 -1.224440
 373.000000 0.451574 -1.189821
 374.000000 0.457944 -1.158865
 375.000000 0.438544 -1.152156
 376.000000 0.352681 -1.188352
 377.000000 0.343869 -1.149646
 378.000000 0.496782 -1.158858
 379.000000 0.391237 -1.132828
 380.000000 0.493276 -1.093307
 381.000000 0.449051 -1.065932
 382.000000 0.297067 -1.096455
 383.000000 0.454057 -1.058413
 384.000000 0.512938 -1.153622
 385.000000 0.477629 -1.150116
 386.000000 0.473585 -1.202120
 387.000000 0.417908 -1.216777
 388.000000 0.375143 -1.198442
 389.000000 0.399148 -1.186998
 390.000000 0.375159 -1.192754
 391.000000 0.386470 -1.208004
 392.000000 0.434490 -1.165396
 393.000000 0.385068 -1.166388
 394.000000 0.393449 -1.178030
 395.000000 0.437678 -1.191264
 396.000000 0.344484 -1.090223
 397.000000 0.465279 -1.217285
 398.000000 0.473758 -1.171915
 399.000000 0.442401 -1.134945
 400.000000 0.474522 -1.183750
 401.000000 0.459962 -1.171090
 402.000000 0.425886 -1.140699
 403.000000 0.363364 -1.226909
 404.000000 0.395656 -1.280844
 405.000000 0.399202 -1.207663
 406.000000 0.409931 -1.248689
 407.000000 0.355884 -1.252510
 408.000000 0.397765 -1.212927
 409.000000 0.345737 -1.194378
 410.000000 0.410027 -1.126102
 411.000000 0.388282 -1.234198
 412.000000 0.372219 -1.217111
 413.000000 0.422601 -1.132630
 414.000000 0.360722 -1.186873
 415.000000 0.401212 -1.200834
 416.000000 0.400199 -1.107300
 417.000000 0.428211 -1.206744
 418.000000 0.434959 -1.192025
 419.000000 0.390423 -1.176727
 420.000000 0.421184 -1.128211
 421.000000 0.335686 -1.176761
 422.000000 0.439813 -1.167996
 423.000000 0.510300 -1.203560
 424.000000 0.428166 -1.190953
 425.000000 0.349722 -1.120418
 426.000000 0.429365 -1.228433
 427.000000 0.353918 -1.209658
 428.000000 0.397863 -1.219453
 429.000000 0.378644 -1.206054
 430.000000 0.400063 -1.196106
 431.000000 0.406981 -1.245835
 432.000000 0.396937 -1.174999
 433.000000 0.413659 -1.232428
 434.000000 0.340767 -1.222919
 435.000000 0.425651 -1.088333
 436.000000 0.408171 -1.143194
 437.000000 0.390958 -1.190849
 438.000000 0.408506 -1.208821
 439.000000 0.394434 -1.159122
 440.000000 0.341025 -1.198799
 441.000000 0.395071 -1.021379
 442.000000 0.420506 -1.041762
 443.000000 0.429495 -1.124636
 444.000000 0.377968 -1.196664
 445.000000 0.367281 -1.151523
 446.000000 0.353713 -1.195476
 447.000000 0.472490 -1.156339
 448.000000 0.369743 -1.172253
 449.000000 0.425813 -1.133290
 450.000000 0.350353 -1.142453
 451.000000 0.429462 -1.197311
 452.000000 0.386904 -1.220243
 453.000000 0.387217 -1.168689
 454.000000 0.468697 -1.202130
 455.000000 0.419408 -1.193307
 456.000000 0.351970 -1.127636
 457.000000 0.385673 -1.191075
 458.000000 0.467910 -1.138409
 459.000000 0.407841 -1.085177
 460.000000 0.343181 -1.157948
 461.000000 0.341595 -1.172046
 462.000000 0.403156 -1.133573
 463.000000 0.417592 -1.140429
 464.000000 0.401527 -1.073089
 465.000000 0.330583 -1.077247
 466.000000 0.453155 -1.127218
 467.000000 0.416593 -1.145824
 468.000000 0.365349 -1.139457
 469.000000 0.415509 -1.210925
 470.000000 0.404997 -1.177433
 471.000000 0.394994 -1.205607
 472.000000 0.389185 -1.100564
 473.000000 0.369136 -1.158124
 474.000000 0.433397 -1.100408
 475.000000 0.380569 -1.126043
 476.000000 0.424071 -1.217231
 477.000000 0.373687 -1.176433
 478.000000 0.409915 -1.084913
 479.000000 0.341425 -1.216375
 480.000000 0.440336 -1.186280
 481.000000 0.381054 -1.162515
 482.000000 0.470304 -1.131960
 483.000000 0.358247 -1.143476
 484.000000 0.356394 -1.173875
 485.000000 0.393636 -1.166063
 486.000000 0.421589 -1.182840
 487.000000 0.443396 -1.212541
 488.000000 0.423717 -1.119274
 489.000000 0.434694 -1.142249
 490.000000 0.392524 -1.154880
 491.000000 0.401197 -1.109296
 492.000000 0.389459 -1.118261
 493.000000 0.526829 -1.075998
 494.000000 0.418855 -1.091814
 495.000000 0.464325 -1.143868
 496.000000 0.466750 -1.138305
 497.000000 0.452087 -1.166919
 498.000000 0.523660 -1.164945
 499.000000 0.406349 -1.098540
 500.000000 0.389945 -1.153309
 501.000000 0.426152 -1.239881
 502.000000 0.413118 -1.218813
 503.000000 0.398413 -1.232670
 504.000000 0.460441 -1.197037
 505.000000 0.400951 -1.188861
 506.000000 0.432029 -1.167335
 507.000000 0.442816 -1.287822
 508.000000 0.466862 -1.236344
 509.000000 0.428680 -1.238278
 510.000000 0.412869 -1.136906
 511.000000 0.409080 -1.136598
 512.000000 0.479373 -1.163576
 513.000000 0.384261 -1.186830
 514.000000 0.349498 -1.087126
 515.000000 0.396285 -1.181761
 516.000000 0.398158 -1.275345
 517.000000 0.425203 -1.273056
 518.000000 0.408949 -1.190492
 519.000000 0.411552 -1.206493
 520.000000 0.406382 -1.221425
 521.000000 0.361387 -1.240540
 522.000000 0.318462 -1.151576
 523.000000 0.354143 -1.199503
 524.000000 0.353089 -1.256671
 525.000000 0.501337 -1.233467
 526.000000 0.352191 -1.238939
 527.000000 0.435036 -1.223833
 528.000000 0.388212 -1.269179
 529.000000 0.349266 -1.228968
 530.000000 0.347489 -1.288035
 531.000000 0.355907 -1.236091
 532.000000 0.433681 -1.240849
 533.000000 0.374192 -1.339547
 534.000000 0.410008 -1.228736
 535.000000 0.359306 -1.288879
 536.000000 0.346660 -1.245833
 537.000000 0.488015 -1.290308
 538.000000 0.368278 -1.276567
 539.000000 0.379664 -1.240839
 540.000000 0.422739 -1.225898
 541.000000 0.415203 -1.236202
 542.000000 0.377702 -1.242208
 543.000000 0.379904 -1.221158
 544.000000 0.472295 -1.238528
 545.000000 0.464348 -1.256787
 546.000000 0.386068 -1.302086
 547.000000 0.392340 -1.237003
 548.000000 0.515270 -1.215982
 549.000000 0.434557 -1.206728
 550.000000 0.353448 -1.167941
 551.000000 0.390001 -1.226122
 552.000000 0.451179 -1.229909
 553.000000 0.392891 -1.252110
 554.000000 0.461234 -1.265755
 555.000000 0.454724 -1.212784
 556.000000 0.304691 -1.252148
 557.000000 0.327946 -1.070149
 558.000000 0.408127 -1.173002
 559.000000 0.361979 -1.108749
 560.000000 0.372177 -1.152661
 561.000000 0.347792 -1.192326
 562.000000 0.354576 -1.207272
 563.000000 0.341601 -1.117849
 564.000000 0.324466 -1.127437
 565.000000 0.362388 -1.086726
 566.000000 0.278554 -1.159694
 567.000000 0.333768 -1.203602
 568.000000 0.364725 -1.200870
 569.000000 0.332637 -1.178463
 570.000000 0.316015 -1.257220
 571.000000 0.407728 -1.246208
 572.000000 0.355714 -1.235122
 573.000000 0.272818 -1.242570
 574.000000 0.382187 -1.189021
 575.000000 0.466139 -1.137426
 576.000000 0.429655 -1.076092
 577.000000 0.432170 -1.108942
 578.000000 0.423684 -1.166247
 579.000000 0.419638 -1.165677
 580.000000 0.459209 -1.126350
 581.000000 0.352036 -1.227377
 582.000000 0.339810 -1.230603
 583.000000 0.398309 -1.224996
 584.000000 0.428739 -1.194566
 585.000000 0.428656 -1.242377
 586.000000 0.390556 -1.129252
 587.000000 0.413022 -1.070873
 588.000000 0.352243 -1.172514
 589.000000 0.257454 -1.196172
 590.000000 0.415745 -1.175122
 591.000000 0.351814 -1.159740
 592.000000 0.347630 -1.147090
 593.000000 0.416106 -1.240007
 594.000000 0.414980 -1.207607
 595.000000 0.290937 -1.186263
 596.000000 0.300601 -1.214165
 597.000000 0.394463 -1.135632
 598.000000 0.397228 -1.176191
 599.000000 0.343641 -1.193904
 600.000000 0.357301 -1.167664
 601.000000 0.394662 -1.141605
 602.000000 0.311362 -1.151515
 603.000000 0.429260 -1.177102
 604.000000 0.412700 -1.144622
 605.000000 0.372796 -1.172690
 606.000000 0.377051 -1.144974
 607.000000 0.426145 -1.186367
 608.000000 0.440546 -1.192443
 609.000000 0.409458 -1.151556
 610.000000 0.433992 -1.274308
 611.000000 0.428835 -1.200432
 612.000000 0.455014 -1.221124
 613.000000 0.468066 -1.208970
 614.000000 0.334294 -1.160836
 615.000000 0.419549 -1.238189
 616.000000 0.471865 -1.218677
 617.000000 0.356262 -1.219716
 618.000000 0.456972 -1.253358
 619.000000 0.433147 -1.221760
 620.000000 0.449590 -1.198913
 621.000000 0.421081 -1.231416
 622.000000 0.482983 -1.216538
 623.000000 0.404500 -1.230277
 624.000000 0.428444 -1.182002
 625.000000 0.440423 -1.236839
 626.000000 0.413077 -1.193588
 627.000000 0.421376 -1.179568
 628.000000 0.417508 -1.144347
 629.000000 0.427401 -1.277280
 630.000000 0.377691 -1.217585
 631.000000 0.376721 -1.202602
 632.000000 0.403449 -1.273978
 633.000000 0.462843 -1.230316
 634.000000 0.501879 -1.264648
 635.000000 0.462544 -1.194818
 636.000000 0.350015 -1.197476
 637.000000 0.490370 -1.204877
 638.000000 0.470449 -1.120399
 639.000000 0.381181 -1.128753
 640.000000 0.466160 -1.240974
 641.000000 0.435395 -1.163510
 642.000000 0.456629 -1.243980
 643.000000 0.334043 -1.154382
 644.000000 0.389544 -1.187690
 645.000000 0.440264 -1.133434
 646.000000 0.475279 -1.239994
 647.000000 0.353135 -1.256863
 648.000000 0.369149 -1.175640
 649.000000 0.347604 -1.163482
 650.000000 0.447786 -1.284888
 651.000000 0.457564 -1.233148
 652.000000 0.494834 -1.220679
 653.000000 0.462937 -1.235689
 654.000000 0.442064 -1.203340
 655.000000 0.551767 -1.232859
 656.000000 0.444649 -1.229641
 657.000000 0.471487 -1.240612
 658.000000 0.481896 -1.186280
 659.000000 0.512139 -1.185295
 660.000000 0.410884 -1.239202
 661.000000 0.433697 -1.162664
 662.000000 0.481947 -1.111724
 663.000000 0.385901 -1.173062
 664.000000 0.392639 -1.160392
 665.000000 0.315905 -1.201370
 666.000000 0.351178 -1.211442
 667.000000 0.382505 -1.239337
 668.000000 0.444565 -1.212544
 669.000000 0.434876 -1.169390
 670.000000 0.443428 -1.143103
 671.000000 0.422231 -1.231734
 672.000000 0.362660 -1.166907
 673.000000 0.396828 -1.241710
 674.000000 0.430692 -1.182560
 675.000000 0.487317 -1.196036
 676.000000 0.359246 -1.154200
 677.000000 0.384386 -1.226713
 678.000000 0.422096 -1.196404
 679.000000 0.500589 -1.150661
 680.000000 0.432976 -1.087971
 681.000000 0.515827 -1.171580
 682.000000 0.435246 -1.134047
 683.000000 0.364337 -1.194041
 684.000000 0.330293 -1.282752
 685.000000 0.439029 -1.291901
 686.000000 0.352166 -1.225837
 687.000000 0.371526 -1.221395
 688.000000 0.435702 -1.209318
 689.000000 0.329484 -1.115449
 690.000000 0.464120 -1.282242
 691.000000 0.367239 -1.152266
 692.000000 0.467570 -1.184992
 693.000000 0.445973 -1.165373
 694.000000 0.418893 -1.275011
 695.000000 0.416296 -1.235913
 696.000000 0.341613 -1.145751
 697.000000 0.341056 -1.189417
 698.000000 0.367030 -1.152888
 699.000000 0.508509 -1.112226
 700.000000 0.456891 -1.161045
 701.000000 0.410138 -1.204934
 702.000000 0.453578 -1.119848
 703.000000 0.393955 -1.162081
 704.000000 0.328255 -1.102601
 705.000000 0.437234 -1.187470
 706.000000 0.372755 -1.162828
 707.000000 0.413417 -1.098197
 708.000000 0.378810 -1.235784
 709.000000 0.417288 -1.231574
 710.000000 0.449726 -1.187756
 711.000000 0.428190 -1.217537
 712.000000 0.423504 -1.134094
 713.000000 0.480145 -1.181215
 714.000000 0.427818 -1.103293
 715.000000 0.541796 -1.203258
 716.000000 0.381315 -1.163020
 717.000000 0.336346 -1.168357
 718.000000 0.426567 -1.279950
 719.000000 0.385677 -1.183175
 720.000000 0.324463 -1.145959
 721.000000 0.326226 -1.158129
 722.000000 0.344500 -1.202825
 723.000000 0.372272 -1.160310
 724.000000 0.382048 -1.174350
 725.000000 0.328164 -1.173931
 726.000000 0.360316 -1.166588
 727.000000 0.367260 -1.172798
 728.000000 0.302623 -1.204366
 729.000000 0.410329 -1.192923
 730.000000 0.309528 -1.103905
 731.000000 0.395292 -1.186199
 732.000000 0.352701 -1.148051
 733.000000 0.508700 -1.169406
 734.000000 0.425598 -1.151603
 735.000000 0.470766 -1.178954
 736.000000 0.346162 -1.171021
 737.000000 0.403978 -1.169822
 738.000000 0.374858 -1.240690
 739.000000 0.342915 -1.151650
 740.000000 0.420965 -1.188548
 741.000000 0.582314 -1.130405
 742.000000 0.434399 -1.156556
 743.000000 0.438522 -1.246159
 744.000000 0.427493 -1.187724
 745.000000 0.401419 -1.180472
 746.000000 0.491403 -1.158146
 747.000000 0.413974 -1.153829
 748.000000 0.431787 -1.212042
 749.000000 0.414228 -1.146866
 750.000000 0.416389 -1.177881
 751.000000 0.358112 -1.139451
 752.000000 0.357211 -1.197432
 753.000000 0.343669 -1.170641
 754.000000 0.362156 -1.111187
 755.000000 0.401833 -1.180392
 756.000000 0.424506 -1.078839
 757.000000 0.395780 -1.186086
 758.000000 0.425955 -1.230605
 759.000000 0.406923 -1.199385
 760.000000 0.389965 -1.222427
 761.000000 0.339005 -1.132257
 762.000000 0.396429 -1.183678
 763.000000 0.440351 -1.235730
 764.000000 0.477657 -1.161009
 765.000000 0.355870 -1.206322
 766.000000 0.372151 -1.185502
 767.000000 0.411519 -1.212271
 768.000000 0.502823 -1.137975
 769.000000 0.352032 -1.142598
 770.000000 0.452443 -1.203181
 771.000000 0.423243 -1.154517
 772.000000 0.360580 -1.172077
 773.000000 0.427346 -1.224081
 774.000000 0.385352 -1.177338
 775.000000 0.463628 -1.183832
 776.000000 0.453317 -1.238840
 777.000000 0.437625 -1.171299
 778.000000 0.431297 -1.193423
 779.000000 0.442251 -1.208129
 780.000000 0.331731 -1.190913
 781.000000 0.412506 -1.185746
 782.000000 0.349447 -1.191566
 783.000000 0.482300 -1.134864
 784.000000 0.347659 -1.128975
 785.000000 0.385356 -1.185105
 786.000000 0.370918 -1.213193
 787.000000 0.336271 -1.177028
 788.000000 0.436422 -1.185177
 789.000000 0.515582 -1.186801
 790.000000 0.503261 -1.129311
 791.000000 0.451650 -1.173972
 792.000000 0.366953 -1.265252
 793.000000 0.487678 -1.205008
 794.000000 0.483256 -1.215556
 795.000000 0.410944 -1.206339
 796.000000 0.420527 -1.201066
 797.000000 0.431290 -1.221847
 798.000000 0.441219 -1.255766
 799.000000 0.278119 -1.149874
 800.000000 0.429280 -1.185101
 801.000000 0.426432 -1.141559
 802.000000 0.350576 -1.185311
 803.000000 0.473528 -1.187306
 804.000000 0.408916 -1.195904
 805.000000 0.387876 -1.083482
 806.000000 0.425875 -1.166649
 807.000000 0.403171 -1.158292
 808.000000 0.357980 -1.182219
 809.000000 0.484298 -1.174838
 810.000000 0.430927 -1.236332
 811.000000 0.436422 -1.118469
 812.000000 0.387611 -1.121221
 813.000000 0.363112 -1.173197
 814.000000 0.333047 -1.273051
 815.000000 0.395328 -1.158177
 816.000000 0.390765 -1.190912
 817.000000 0.534429 -1.162045
 818.000000 0.420055 -1.180459
 819.000000 0.459477 -1.200459
 820.000000 0.435287 -1.239979
 821.000000 0.500755 -1.191974
 822.000000 0.422910 -1.144225
 823.000000 0.494891 -1.126447
 824.000000 0.494829 -1.103957
 825.000000 0.453647 -1.144104
 826.000000 0.405311 -1.071927
 827.000000 0.416970 -1.219132
 828.000000 0.434480 -1.149591
 829.000000 0.432273 -1.246532
 830.000000 0.388631 -1.168439
 831.000000 0.399129 -1.162601
 832.000000 0.426626 -1.135727
 833.000000 0.375252 -1.182018
 834.000000 0.371098 -1.268263
 835.000000 0.409068 -1.154494
 836.000000 0.341611 -1.220048
 837.000000 0.402187 -1.178721
 838.000000 0.316690 -1.083367
 839.000000 0.418102 -1.197016
 840.000000 0.415597 -1.168355
 841.000000 0.432090 -1.199185
 842.000000 0.485423 -1.163331
 843.000000 0.364861 -1.158304
 844.000000 0.413983 -1.165093
 845.000000 0.425303 -1.171192
 846.000000 0.381232 -1.124212
 847.000000 0.424691 -1.111324
 848.000000 0.389919 -1.094646
 849.000000 0.340340 -1.127871
 850.000000 0.445768 -1.169133
 851.000000 0.428146 -1.180352
 852.000000 0.326286 -1.187962
 853.000000 0.393782 -1.155299
 854.000000 0.345828 -1.144952
 855.000000 0.374107 -1.238181
 856.000000 0.327706 -1.144497
 857.000000 0.364681 -1.143226
 858.000000 0.334185 -1.198764
 859.000000 0.312975 -1.196848
 860.000000 0.456853 -1.225679
 861.000000 0.407367 -1.190665
 862.000000 0.369796 -1.245403
 863.000000 0.418728 -1.190802
 864.000000 0.382619 -1.153543
 865.000000 0.387690 -1.210816
 866.000000 0.371685 -1.103730
 867.000000 0.356247 -1.198051
 868.000000 0.392490 -1.193592
 869.000000 0.428069 -1.202967
 870.000000 0.380226 -1.109178
 871.000000 0.416953 -1.164187
 872.000000 0.413254 -1.139506
 873.000000 0.416128 -1.158981
 874.000000 0.374464 -1.148938
 875.000000 0.367786 -1.249574
 876.000000 0.409143 -1.199125
 877.000000 0.343041 -1.195475
 878.000000 0.359989 -1.129034
 879.000000 0.311058 -1.140702
 880.000000 0.321755 -1.160064
 881.000000 0.343419 -1.191112
 882.000000 0.369788 -1.152057
 883.000000 0.384584 -1.131559
 884.000000 0.388351 -1.157540
 885.000000 0.426709 -1.168512
 886.000000 0.414200 -1.213751
 887.000000 0.373493 -1.223457
 888.000000 0.418710 -1.190314
 889.000000 0.401401 -1.238128
 890.000000 0.425546 -1.222547
 891.000000 0.328067 -1.232664
 892.000000 0.393403 -1.227460
 893.000000 0.385854 -1.168092
 894.000000 0.431860 -1.182119
 895.000000 0.418090 -1.203750
 896.000000 0.446419 -1.154507
 897.000000 0.424757 -1.112054
 898.000000 0.395130 -1.156455
 899.000000 0.524803 -1.175440
 900.000000 0.429729 -1.181623
 901.000000 0.519236 -1.137296
 902.000000 0.491909 -1.109696
 903.000000 0.380084 -1.226615
 904.000000 0.392041 -1.190676
 905.000000 0.358811 -1.196476
 906.000000 0.383992 -1.224495
 907.000000 0.339348 -1.285536
 908.000000 0.369089 -1.217757
 909.000000 0.453040 -1.219260
 910.000000 0.284899 -1.151743
 911.000000 0.284305 -1.235381
 912.000000 0.454345 -1.218857
 913.000000 0.405865 -1.209290
 914.000000 0.451753 -1.189864
 915.000000 0.459107 -1.198568
 916.000000 0.362264 -1.231045
 917.000000 0.392796 -1.230892
 918.000000 0.377413 -1.215017
 919.000000 0.455942 -1.235627
 920.000000 0.376823 -1.213990
 921.000000 0.347040 -1.226858
 922.000000 0.365671 -1.210072
 923.000000 0.396979 -1.183195
 924.000000 0.362947 -1.148981
 925.000000 0.388999 -1.259258
 926.000000 0.451890 -1.213113
 927.000000 0.342583 -1.206708
 928.000000 0.388500 -1.213850
 929.000000 0.342286 -1.132860
 930.000000 0.464974 -1.184263
 931.000000 0.395405 -1.231338
 932.000000 0.411296 -1.236369
 933.000000 0.440377 -1.210861
 934.000000 0.400513 -1.206147
 935.000000 0.369444 -1.183442
 936.000000 0.381744 -1.240746
 937.000000 0.374182 -1.186403
 938.000000 0.389419 -1.168928
 939.000000 0.449209 -1.200527
 940.000000 0.413006 -1.220727
 941.000000 0.446454 -1.138566
 942.000000 0.420073 -1.100932
 943.000000 0.442128 -1.189145
 944.000000 0.387133 -1.210181
 945.000000 0.492324 -1.185824
 946.000000 0.387836 -1.183490
 947.000000 0.373773 -1.103817
 948.000000 0.449887 -1.116779
 949.000000 0.396647 -1.125395
 950.000000 0.393075 -1.116545
 951.000000 0.415215 -1.101341
 952.000000 0.466532 -1.150374
 953.000000 0.467547 -1.184023
 954.000000 0.389020 -1.103131
 955.000000 0.393890 -1.180785
 956.000000 0.416931 -1.168360
 957.000000 0.316191 -1.078862
 958.000000 0.425243 -1.193674
 959.000000 0.501356 -1.177172
 960.000000 0.483306 -1.119428
 961.000000 0.404151 -1.169474
 962.000000 0.404580 -1.151718
 963.000000 0.461974 -1.168205
 964.000000 0.396375 -1.176968
 965.000000 0.381972 -1.169825
 966.000000 0.436852 -1.116852
 967.000000 0.421249 -1.179183
 968.000000 0.428226 -1.154516
 969.000000 0.451912 -1.169760
 970.000000 0.402587 -1.120529
 971.000000 0.408007 -1.153344
 972.000000 0.422365 -1.161180
 973.000000 0.409372 -1.162374
 974.000000 0.485833 -1.133143
 975.000000 0.391205 -1.146189
 976.000000 0.435042 -1.171759
 977.000000 0.477983 -1.170185
 978.000000 0.434188 -1.168089
 979.000000 0.469632 -1.189309
 980.000000 0.426234 -1.148857
 981.000000 0.392778 -1.092781
 982.000000 0.414187 -1.115805
 983.000000 0.458111 -1.131428
 984.000000 0.409229 -1.130159
 985.000000 0.437824 -1.122375
 986.000000 0.389806 -1.032101
 987.000000 0.400647 -1.162527
 988.000000 0.428084 -1.160869
 989.000000 0.462880 -1.181945
 990.000000 0.370040 -1.137576
 991.000000 0.427986 -1.148827
 992.000000 0.426905 -1.201338
 993.000000 0.466785 -1.134258
 994.000000 0.394735 -1.109311
 995.000000 0.413231 -1.194834
 996.000000 0.432907 -1.237392
 997.000000 0.384656 -1.248876
 998.000000 0.413632 -1.157352
 999.000000 0.353413 -1.169265
 1000.000000 0.358200 -1.142207
 1001.000000 0.299559 -1.206057
 1002.000000 0.389586 -1.247697
 1003.000000 0.499011 -1.163253
 1004.000000 0.352660 -1.205590
 1005.000000 0.472077 -1.130914
 1006.000000 0.497031 -1.147990
 1007.000000 0.428961 -1.261542
 1008.000000 0.426887 -1.176503
 1009.000000 0.509764 -1.160665
 1010.000000 0.376836 -1.193001
 1011.000000 0.463457 -1.150435
 1012.000000 0.382934 -1.214436
 1013.000000 0.405633 -1.193842
 1014.000000 0.444475 -1.156270
 1015.000000 0.456999 -1.166645
 1016.000000 0.418810 -1.032103
 1017.000000 0.450094 -1.086476
 1018.000000 0.435655 -1.142904
 1019.000000 0.394829 -1.178476
 1020.000000 0.367757 -1.198778
 1021.000000 0.406417 -1.122954
 1022.000000 0.410670 -1.094533
 1023.000000 0.328966 -1.157390
 1024.000000 0.412662 -1.162484
 1025.000000 0.386848 -1.074991
 1026.000000 0.392263 -1.195439
 1027.000000 0.277378 -1.156102
 1028.000000 0.377669 -1.213225
 1029.000000 0.405314 -1.200478
 1030.000000 0.420360 -1.157233
 1031.000000 0.363122 -1.187404
 1032.000000 0.362294 -1.184345
 1033.000000 0.380782 -1.196755
 1034.000000 0.481064 -1.166102
 1035.000000 0.332951 -1.185145
 1036.000000 0.330198 -1.123787
 1037.000000 0.428457 -1.137149
 1038.000000 0.331277 -1.160478
 1039.000000 0.367500 -1.135362
 1040.000000 0.428708 -1.228619
 1041.000000 0.451052 -1.120234
 1042.000000 0.431441 -1.151674
 1043.000000 0.370715 -1.106064
 1044.000000 0.396894 -1.188086
 1045.000000 0.365060 -1.127422
 1046.000000 0.411006 -1.155979
 1047.000000 0.443868 -1.129831
 1048.000000 0.426643 -1.181127
 1049.000000 0.499360 -1.167849
 1050.000000 0.466156 -1.204784
 1051.000000 0.339517 -1.169243
 1052.000000 0.449289 -1.167421
 1053.000000 0.373996 -1.208666
 1054.000000 0.472855 -1.160614
 1055.000000 0.461883 -1.186098
 1056.000000 0.391951 -1.290266
 1057.000000 0.400599 -1.138816
 1058.000000 0.419143 -1.125852
 1059.000000 0.382515 -1.193975
 1060.000000 0.368616 -1.118072
 1061.000000 0.324269 -1.240026
 1062.000000 0.425081 -1.138269
 1063.000000 0.380739 -1.096478
 1064.000000 0.357899 -1.165469
 1065.000000 0.460425 -1.164318
 1066.000000 0.438229 -1.183741
 1067.000000 0.367430 -1.168399
 1068.000000 0.407459 -1.179345
 1069.000000 0.486300 -1.097388
 1070.000000 0.445872 -1.126662
 1071.000000 0.436935 -1.098699
 1072.000000 0.433306 -1.107575
 1073.000000 0.389456 -1.152686
 1074.000000 0.402551 -1.083089
 1075.000000 0.319644 -1.138100
 1076.000000 0.376533 -1.159634
 1077.000000 0.415783 -1.209197
 1078.000000 0.419089 -1.143727
 1079.000000 0.445290 -1.112467
 1080.000000 0.387618 -1.082247
 1081.000000 0.412637 -1.189236
 1082.000000 0.329614 -1.105182
 1083.000000 0.379013 -1.139955
 1084.000000 0.390308 -1.107799
 1085.000000 0.406896 -1.159453
 1086.000000 0.330683 -1.072352
 1087.000000 0.475586 -1.169203
 1088.000000 0.372812 -1.175699
 1089.000000 0.502948 -1.118433
 1090.000000 0.382061 -1.156672
 1091.000000 0.335369 -1.104647
 1092.000000 0.363341 -1.175976
 1093.000000 0.328522 -1.104200
 1094.000000 0.418980 -1.215005
 1095.000000 0.350747 -1.163371
 1096.000000 0.370084 -1.234400
 1097.000000 0.428583 -1.232137
 1098.000000 0.516537 -1.167671
 1099.000000 0.395776 -1.157790
 1100.000000 0.459547 -1.167829
 1101.000000 0.416360 -1.062892
 1102.000000 0.308841 -1.187719
 1103.000000 0.392748 -1.163210
 1104.000000 0.420500 -1.229659
 1105.000000 0.408681 -1.146082
 1106.000000 0.313422 -1.152876
 1107.000000 0.360544 -1.134795
 1108.000000 0.375119 -1.174455
 1109.000000 0.409564 -1.123916
 1110.000000 0.323656 -1.161526
 1111.000000 0.344631 -1.082391
 1112.000000 0.386589 -1.144146
 1113.000000 0.451647 -1.214955
 1114.000000 0.337112 -1.187712
 1115.000000 0.395403 -1.115689
 1116.000000 0.394151 -1.154508
 1117.000000 0.424195 -1.174393
 1118.000000 0.366868 -1.159287
 1119.000000 0.433641 -1.146898
 1120.000000 0.390871 -1.206932
 1121.000000 0.420695 -1.233874
 1122.000000 0.319549 -1.152762
 1123.000000 0.378767 -1.165689
 1124.000000 0.408079 -1.173786
 1125.000000 0.446591 -1.070653
 1126.000000 0.432923 -1.104577
 1127.000000 0.388897 -1.080095
 1128.000000 0.400636 -1.214601
 1129.000000 0.434390 -1.092931
 1130.000000 0.431049 -1.097007
 1131.000000 0.375822 -1.115508
 1132.000000 0.393634 -1.270622
 1133.000000 0.395303 -1.209542
 1134.000000 0.369168 -1.090709
 1135.000000 0.400017 -1.201339
 1136.000000 0.353467 -1.101598
 1137.000000 0.267601 -1.160402
 1138.000000 0.423752 -1.096290
 1139.000000 0.366313 -1.193139
 1140.000000 0.472582 -1.196979
 1141.000000 0.447255 -1.212413
 1142.000000 0.360453 -1.236089
 1143.000000 0.408719 -1.209859
 1144.000000 0.378807 -1.183143
 1145.000000 0.380663 -1.135967
 1146.000000 0.381299 -1.184905
 1147.000000 0.448290 -1.163926
 1148.000000 0.366864 -1.131023
 1149.000000 0.454149 -1.189286
 1150.000000 0.371508 -1.148113
 1151.000000 0.397459 -1.203747
 1152.000000 0.404039 -1.183711
 1153.000000 0.435353 -1.177952
 1154.000000 0.389943 -1.161509
 1155.000000 0.380116 -1.202294
 1156.000000 0.433879 -1.163315
 1157.000000 0.408638 -1.119196
 1158.000000 0.404946 -1.114390
 1159.000000 0.391626 -1.129301
 1160.000000 0.393436 -1.170485
 1161.000000 0.383191 -1.192532
 1162.000000 0.384394 -1.175969
 1163.000000 0.381074 -1.239972
 1164.000000 0.360249 -1.108661
 1165.000000 0.393209 -1.184924
 1166.000000 0.420235 -1.160776
 1167.000000 0.428271 -1.234575
 1168.000000 0.388218 -1.197192
 1169.000000 0.356025 -1.197181
 1170.000000 0.408340 -1.212209
 1171.000000 0.361843 -1.166877
 1172.000000 0.443576 -1.233763
 1173.000000 0.409753 -1.237841
 1174.000000 0.302127 -1.227295
 1175.000000 0.409825 -1.196519
 1176.000000 0.394020 -1.220821
 1177.000000 0.303383 -1.233448
 1178.000000 0.315052 -1.166385
 1179.000000 0.390463 -1.237852
 1180.000000 0.349117 -1.223611
 1181.000000 0.387790 -1.205996
 1182.000000 0.450751 -1.232057
 1183.000000 0.408054 -1.180078
 1184.000000 0.365607 -1.217063
 1185.000000 0.411857 -1.248119
 1186.000000 0.364030 -1.255344
 1187.000000 0.341584 -1.179120
 1188.000000 0.435376 -1.212693
 1189.000000 0.361467 -1.072872
 1190.000000 0.416376 -1.114772
 1191.000000 0.446821 -1.104706
 1192.000000 0.359912 -1.121275
 1193.000000 0.370990 -1.201954
 1194.000000 0.421978 -1.171160
 1195.000000 0.304405 -1.206000
 1196.000000 0.390699 -1.200417
 1197.000000 0.360198 -1.147612
 1198.000000 0.373263 -1.158468
 1199.000000 0.402253 -1.164733
 1200.000000 0.334839 -1.164683
 1201.000000 0.342131 -1.201963
 1202.000000 0.352121 -1.117313
 1203.000000 0.445324 -1.244541
 1204.000000 0.430385 -1.150139
 1205.000000 0.370761 -1.158181
 1206.000000 0.386847 -1.148235
 1207.000000 0.409596 -1.161413
 1208.000000 0.462499 -1.147640
 1209.000000 0.440660 -1.188554
 1210.000000 0.372977 -1.226360
 1211.000000 0.349739 -1.101241
 1212.000000 0.439506 -1.161433
 1213.000000 0.425994 -1.216080
 1214.000000 0.389234 -1.082034
 1215.000000 0.389866 -1.207079
 1216.000000 0.361822 -1.097760
 1217.000000 0.397177 -1.115160
 1218.000000 0.388241 -1.180670
 1219.000000 0.369979 -1.115708
 1220.000000 0.402102 -1.155119
 1221.000000 0.345226 -1.119398
 1222.000000 0.342324 -1.150472
 1223.000000 0.346347 -1.076817
 1224.000000 0.359526 -1.204127
 1225.000000 0.369065 -1.184549
 1226.000000 0.366351 -1.089067
 1227.000000 0.345574 -1.166467
 1228.000000 0.386270 -1.175805
 1229.000000 0.339640 -1.144401
 1230.000000 0.374401 -1.163506
 1231.000000 0.382925 -1.110356
 1232.000000 0.348930 -1.197049
 1233.000000 0.331514 -1.206776
 1234.000000 0.365682 -1.099826
 1235.000000 0.324018 -1.110331
 1236.000000 0.360572 -1.196830
 1237.000000 0.317294 -1.183384
 1238.000000 0.366636 -1.157558
 1239.000000 0.344135 -1.169066
 1240.000000 0.357873 -1.191231
 1241.000000 0.361293 -1.215219
 1242.000000 0.375663 -1.111143
 1243.000000 0.333609 -1.121015
 1244.000000 0.343928 -1.093594
 1245.000000 0.376068 -1.113337
 1246.000000 0.428224 -1.178950
 1247.000000 0.366979 -1.094481
 1248.000000 0.317980 -1.158397
 1249.000000 0.421279 -1.151581
 1250.000000 0.343766 -1.140325
 1251.000000 0.407856 -1.182543
 1252.000000 0.343594 -1.207508
 1253.000000 0.346858 -1.213557
 1254.000000 0.349192 -1.199962
 1255.000000 0.354185 -1.190100
 1256.000000 0.319101 -1.212395
 1257.000000 0.371050 -1.172031
 1258.000000 0.399740 -1.182676
 1259.000000 0.354700 -1.207548
 1260.000000 0.397127 -1.199992
 1261.000000 0.325891 -1.143360
 1262.000000 0.414714 -1.235207
 1263.000000 0.322401 -1.205158
 1264.000000 0.391045 -1.156691
 1265.000000 0.414649 -1.203246
 1266.000000 0.314714 -1.189229
 1267.000000 0.351281 -1.229368
 1268.000000 0.325194 -1.222987
 1269.000000 0.384657 -1.172128
 1270.000000 0.338529 -1.137695
 1271.000000 0.355749 -1.167704
 1272.000000 0.402306 -1.157716
 1273.000000 0.435755 -1.067837
 1274.000000 0.349347 -1.156502
 1275.000000 0.437768 -1.156833
 1276.000000 0.407701 -1.178511
 1277.000000 0.404347 -1.060837
 1278.000000 0.391881 -1.055986
 1279.000000 0.349732 -1.124220
 1280.000000 0.422179 -1.132051
 1281.000000 0.434338 -1.189066
 1282.000000 0.398163 -1.212139
 1283.000000 0.415094 -1.198967
 1284.000000 0.366561 -1.133807
 1285.000000 0.347321 -1.213148
 1286.000000 0.327806 -1.210164
 1287.000000 0.382070 -1.192470
 1288.000000 0.366346 -1.195408
 1289.000000 0.387642 -1.228796
 1290.000000 0.428151 -1.149053
 1291.000000 0.362434 -1.196693
 1292.000000 0.384228 -1.147598
 1293.000000 0.407337 -1.193736
 1294.000000 0.406837 -1.119089
 1295.000000 0.369241 -1.136588
 1296.000000 0.422673 -1.086352
 1297.000000 0.462402 -1.062702
 1298.000000 0.333764 -1.023202
 1299.000000 0.387050 -1.163925
 1300.000000 0.267806 -1.074832
 1301.000000 0.329696 -1.101309
 1302.000000 0.340973 -1.147552
 1303.000000 0.440956 -1.264955
 1304.000000 0.352435 -1.161385
 1305.000000 0.424024 -1.206992
 1306.000000 0.384249 -1.167232
 1307.000000 0.404847 -1.198224
 1308.000000 0.374123 -1.214865
 1309.000000 0.383616 -1.143706
 1310.000000 0.401035 -1.175672
 1311.000000 0.414204 -1.199868
 1312.000000 0.308737 -1.176665
 1313.000000 0.340933 -1.141052
 1314.000000 0.358553 -1.125112
 1315.000000 0.434234 -1.200350
 1316.000000 0.397491 -1.131670
 1317.000000 0.326241 -1.126783
 1318.000000 0.431040 -1.143311
 1319.000000 0.338764 -1.172777
 1320.000000 0.367854 -1.138695
 1321.000000 0.406477 -1.107109
 1322.000000 0.311563 -1.107646
 1323.000000 0.351229 -1.102542
 1324.000000 0.402254 -1.127602
 1325.000000 0.359078 -1.139918
 1326.000000 0.405828 -1.162107
 1327.000000 0.384881 -1.117599
 1328.000000 0.314301 -1.158756
 1329.000000 0.422149 -1.133617
 1330.000000 0.339661 -1.117789
 1331.000000 0.404074 -1.169502
 1332.000000 0.381786 -1.180728
 1333.000000 0.394927 -1.095818
 1334.000000 0.355019 -1.112885
 1335.000000 0.387682 -1.216298
 1336.000000 0.321168 -1.123379
 1337.000000 0.292325 -1.141853
 1338.000000 0.341299 -1.136272
 1339.000000 0.290137 -1.091194
 1340.000000 0.301595 -1.130822
 1341.000000 0.371007 -1.130307
 1342.000000 0.371774 -1.134614
 1343.000000 0.372536 -1.135981
 1344.000000 0.300845 -1.099208
 1345.000000 0.348496 -1.148712
 1346.000000 0.357237 -1.163253
 1347.000000 0.370923 -1.125914
 1348.000000 0.303994 -1.117432
 1349.000000 0.356037 -1.115315
 1350.000000 0.310149 -1.147422
 1351.000000 0.299372 -1.140382
 1352.000000 0.471961 -1.172805
 1353.000000 0.434054 -1.148108
 1354.000000 0.383919 -1.225392
 1355.000000 0.421290 -1.103347
 1356.000000 0.374091 -1.141875
 1357.000000 0.397433 -1.135214
 1358.000000 0.365714 -1.118305
 1359.000000 0.342157 -1.148596
 1360.000000 0.416151 -1.095585
 1361.000000 0.337431 -1.087164
 1362.000000 0.330982 -1.090238
 1363.000000 0.315714 -1.144876
 1364.000000 0.309731 -1.188452
 1365.000000 0.363019 -1.127924
 1366.000000 0.316381 -1.132976
 1367.000000 0.391976 -1.156652
 1368.000000 0.356358 -1.133303
 1369.000000 0.337501 -1.116991
 1370.000000 0.337063 -1.143942
 1371.000000 0.393173 -1.167909
 1372.000000 0.409977 -1.144590
 1373.000000 0.380673 -1.096567
 1374.000000 0.403544 -1.111126
 1375.000000 0.384763 -1.150141
 1376.000000 0.402042 -1.153649
 1377.000000 0.376814 -1.141008
 1378.000000 0.372370 -1.158736
 1379.000000 0.349422 -1.133909
 1380.000000 0.303286 -1.136166
 1381.000000 0.359984 -1.247851
 1382.000000 0.365987 -1.151905
 1383.000000 0.335251 -1.163391
 1384.000000 0.351838 -1.104616
 1385.000000 0.348132 -1.084651
 1386.000000 0.361097 -1.125055
 1387.000000 0.359418 -1.213613
 1388.000000 0.329500 -1.069100
 1389.000000 0.380806 -1.110863
 1390.000000 0.338772 -1.077293
 1391.000000 0.435074 -1.090531
 1392.000000 0.413591 -1.140264
 1393.000000 0.328985 -1.100606
 1394.000000 0.377863 -1.099696
 1395.000000 0.361658 -1.130504
 1396.000000 0.351774 -1.152708
 1397.000000 0.405799 -1.207032
 1398.000000 0.313775 -1.194371
 1399.000000 0.381702 -1.189777
 1400.000000 0.369945 -1.157820
 1401.000000 0.365780 -1.115363
 1402.000000 0.324620 -1.095730
 1403.000000 0.365425 -1.184889
 1404.000000 0.362110 -1.143335
 1405.000000 0.393697 -1.129236
 1406.000000 0.379985 -1.221274
 1407.000000 0.378738 -1.117989
 1408.000000 0.414912 -1.080697
 1409.000000 0.395884 -1.073850
 1410.000000 0.385118 -1.135332
 1411.000000 0.416225 -1.141647
 1412.000000 0.398206 -1.088377
 1413.000000 0.424085 -1.118792
 1414.000000 0.347117 -1.126694
 1415.000000 0.326835 -1.094394
 1416.000000 0.423412 -1.082598
 1417.000000 0.371901 -1.159058
 1418.000000 0.346114 -1.224974
 1419.000000 0.305161 -1.164309
 1420.000000 0.329021 -1.068780
 1421.000000 0.369192 -1.095906
 1422.000000 0.345672 -1.158684
 1423.000000 0.395123 -1.235324
 1424.000000 0.370166 -1.190811
 1425.000000 0.411308 -1.153277
 1426.000000 0.436976 -1.120876
 1427.000000 0.378748 -1.241084
 1428.000000 0.352136 -1.055833
 1429.000000 0.424777 -1.181705
 1430.000000 0.487369 -1.128372
 1431.000000 0.457928 -1.153245
 1432.000000 0.395999 -1.094823
 1433.000000 0.441471 -1.159899
 1434.000000 0.381842 -1.250940
 1435.000000 0.402603 -1.166758
 1436.000000 0.402497 -1.142020
 1437.000000 0.364012 -1.181822
 1438.000000 0.458849 -1.059827
 1439.000000 0.404817 -1.150633
 1440.000000 0.468561 -1.191279
 1441.000000 0.357448 -1.131515
 1442.000000 0.397882 -1.089916
 1443.000000 0.406183 -1.160943
 1444.000000 0.336098 -1.140978
 1445.000000 0.374018 -1.057053
 1446.000000 0.351959 -1.165439
 1447.000000 0.465356 -1.174394
 1448.000000 0.362607 -1.080518
 1449.000000 0.393184 -1.149165
 1450.000000 0.384112 -1.110315
 1451.000000 0.337616 -1.128816
 1452.000000 0.335155 -1.126926
 1453.000000 0.417558 -1.112830
 1454.000000 0.395440 -1.116716
 1455.000000 0.392221 -1.061899
 1456.000000 0.408696 -1.105812
 1457.000000 0.369301 -1.126039
 1458.000000 0.448113 -1.098038
 1459.000000 0.413199 -1.119141
 1460.000000 0.411700 -1.120778
 1461.000000 0.400643 -1.136735
 1462.000000 0.421594 -1.139784
 1463.000000 0.420507 -1.149442
 1464.000000 0.404742 -1.136773
 1465.000000 0.401796 -1.113916
 1466.000000 0.454539 -1.144206
 1467.000000 0.368815 -1.206108
 1468.000000 0.399960 -1.111430
 1469.000000 0.353474 -1.115720
 1470.000000 0.422671 -1.104305
 1471.000000 0.416570 -1.063671
 1472.000000 0.456200 -1.087803
 1473.000000 0.401186 -1.147157
 1474.000000 0.393325 -1.115980
 1475.000000 0.363699 -1.160439
 1476.000000 0.373307 -1.178094
 1477.000000 0.402415 -1.139760
 1478.000000 0.303816 -1.159355
 1479.000000 0.386719 -1.150754
 1480.000000 0.375398 -1.143589
 1481.000000 0.414054 -1.180964
 1482.000000 0.326596 -1.080519
 1483.000000 0.306584 -1.109450
 1484.000000 0.443756 -1.170820
 1485.000000 0.316449 -1.165339
 1486.000000 0.383978 -1.183450
 1487.000000 0.353503 -1.158900
 1488.000000 0.368771 -1.198814
 1489.000000 0.373679 -1.120280
 1490.000000 0.361193 -1.050777
 1491.000000 0.395579 -1.093830
 1492.000000 0.391371 -1.117138
 1493.000000 0.396931 -1.125563
 1494.000000 0.345306 -1.110064
 1495.000000 0.377765 -1.093573
 1496.000000 0.384023 -1.188745
 1497.000000 0.347084 -1.140580
 1498.000000 0.381984 -1.081575
 1499.000000 0.364276 -1.178401
 1500.000000 0.384983 -1.181493
 1501.000000 0.443641 -1.272770
 1502.000000 0.355881 -1.223865
 1503.000000 0.397531 -1.146944
 1504.000000 0.362612 -1.159091
 1505.000000 0.360065 -1.220108
 1506.000000 0.421220 -1.139300
 1507.000000 0.384639 -1.142064
 1508.000000 0.407058 -1.172116
 1509.000000 0.424558 -1.142486
 1510.000000 0.361268 -1.154225
 1511.000000 0.440718 -1.139949
 1512.000000 0.437622 -1.136287
 1513.000000 0.387471 -1.203141
 1514.000000 0.395417 -1.141389
 1515.000000 0.408412 -1.196113
 1516.000000 0.349218 -1.163516
 1517.000000 0.397512 -1.158044
 1518.000000 0.430041 -1.230012
 1519.000000 0.410526 -1.191627
 1520.000000 0.453619 -1.140295
 1521.000000 0.393820 -1.208265
 1522.000000 0.394847 -1.164875
 1523.000000 0.446425 -1.102269
 1524.000000 0.330901 -1.125265
 1525.000000 0.369454 -1.144807
 1526.000000 0.338121 -1.198901
 1527.000000 0.326814 -1.191473
 1528.000000 0.346295 -1.093617
 1529.000000 0.373842 -1.222708
 1530.000000 0.323583 -1.187456
 1531.000000 0.332815 -1.176760
 1532.000000 0.389734 -1.173939
 1533.000000 0.372321 -1.163728
 1534.000000 0.353304 -1.119280
 1535.000000 0.404853 -1.137350
 1536.000000 0.437450 -1.147629
 1537.000000 0.364269 -1.188224
 1538.000000 0.412792 -1.224005
 1539.000000 0.387279 -1.189140
 1540.000000 0.359636 -1.191197
 1541.000000 0.384601 -1.211884
 1542.000000 0.356225 -1.125825
 1543.000000 0.382057 -1.144289
 1544.000000 0.425562 -1.119406
 1545.000000 0.381134 -1.115276
 1546.000000 0.396979 -1.237526
 1547.000000 0.397030 -1.127386
 1548.000000 0.423392 -1.123716
 1549.000000 0.400306 -1.121869
 1550.000000 0.420811 -1.188169
 1551.000000 0.439341 -1.069403
 1552.000000 0.344893 -1.199851
 1553.000000 0.371288 -1.193168
 1554.000000 0.323231 -1.137612
 1555.000000 0.320222 -1.191690
 1556.000000 0.437614 -1.226160
 1557.000000 0.437121 -1.174977
 1558.000000 0.342496 -1.079842
 1559.000000 0.415208 -1.145570
 1560.000000 0.482610 -1.194780
 1561.000000 0.377709 -1.189245
 1562.000000 0.461694 -1.130569
 1563.000000 0.382581 -1.208894
 1564.000000 0.367060 -1.117260
 1565.000000 0.375851 -1.232788
 1566.000000 0.330554 -1.211720
 1567.000000 0.421803 -1.239388
 1568.000000 0.338810 -1.199442
 1569.000000 0.373944 -1.220833
 1570.000000 0.397570 -1.202030
 1571.000000 0.396305 -1.199701
 1572.000000 0.365758 -1.165848
 1573.000000 0.379415 -1.307436
 1574.000000 0.331506 -1.263005
 1575.000000 0.459994 -1.272658
 1576.000000 0.454311 -1.237791
 1577.000000 0.378526 -1.185551
 1578.000000 0.401615 -1.198573
 1579.000000 0.395261 -1.172449
 1580.000000 0.361955 -1.202570
 1581.000000 0.413457 -1.129251
 1582.000000 0.353664 -1.197525
 1583.000000 0.436405 -1.177166
 1584.000000 0.468008 -1.188887
 1585.000000 0.392086 -1.169739
 1586.000000 0.429477 -1.103395
 1587.000000 0.492115 -1.214802
 1588.000000 0.366937 -1.210280
 1589.000000 0.411984 -1.158386
 1590.000000 0.377714 -1.206599
 1591.000000 0.328961 -1.111522
 1592.000000 0.390801 -1.160395
 1593.000000 0.424466 -1.199749
 1594.000000 0.400024 -1.181705
 1595.000000 0.340112 -1.217884
 1596.000000 0.408872 -1.189801
 1597.000000 0.460343 -1.211038
 1598.000000 0.369259 -1.203971
 1599.000000 0.417815 -1.167694
 1600.000000 0.377282 -1.203599
 1601.000000 0.407996 -1.229789
 1602.000000 0.418031 -1.185450
 1603.000000 0.375373 -1.170681
 1604.000000 0.334093 -1.230474
 1605.000000 0.414387 -1.197157
 1606.000000 0.474291 -1.244835
 1607.000000 0.321806 -1.160867
 1608.000000 0.404937 -1.199971
 1609.000000 0.428884 -1.187272
 1610.000000 0.384089 -1.141895
 1611.000000 0.432886 -1.136865
 1612.000000 0.414968 -1.160191
 1613.000000 0.402495 -1.133449
 1614.000000 0.436155 -1.166899
 1615.000000 0.322912 -1.124991
 1616.000000 0.354788 -1.239350
 1617.000000 0.386210 -1.072901
 1618.000000 0.401221 -1.204210
 1619.000000 0.392833 -1.165360
 1620.000000 0.363964 -1.153746
 1621.000000 0.382831 -1.153777
 1622.000000 0.401451 -1.208301
 1623.000000 0.337329 -1.143781
 1624.000000 0.288698 -1.118311
 1625.000000 0.352363 -1.173419
 1626.000000 0.424351 -1.121125
 1627.000000 0.346662 -1.094083
 1628.000000 0.314593 -1.098741
 1629.000000 0.404507 -1.140210
 1630.000000 0.405091 -1.192637
 1631.000000 0.391796 -1.205827
 1632.000000 0.424860 -1.139915
 1633.000000 0.441726 -1.173302
 1634.000000 0.359080 -1.237113
 1635.000000 0.318053 -1.216683
 1636.000000 0.350953 -1.128040
 1637.000000 0.462653 -1.097277
 1638.000000 0.439973 -1.182496
 1639.000000 0.438958 -1.185604
 1640.000000 0.396072 -1.157766
 1641.000000 0.382290 -1.153431
 1642.000000 0.383953 -1.207992
 1643.000000 0.386886 -1.268262
 1644.000000 0.410852 -1.244589
 1645.000000 0.398308 -1.150091
 1646.000000 0.336027 -1.166690
 1647.000000 0.397907 -1.133824
 1648.000000 0.407866 -1.082258
 1649.000000 0.445920 -1.171474
 1650.000000 0.397657 -1.055927
 1651.000000 0.376992 -1.118566
 1652.000000 0.377039 -1.087579
 1653.000000 0.450015 -1.102887
 1654.000000 0.446698 -1.096006
 1655.000000 0.350688 -1.191372
 1656.000000 0.369426 -1.038514
 1657.000000 0.386059 -1.066623
 1658.000000 0.470746 -1.145265
 1659.000000 0.368835 -1.196106
 1660.000000 0.392605 -1.082151
 1661.000000 0.382832 -1.084393
 1662.000000 0.369973 -1.117643
 1663.000000 0.364686 -1.135366
 1664.000000 0.392146 -1.095965
 1665.000000 0.350590 -1.129555
 1666.000000 0.371900 -1.137214
 1667.000000 0.343705 -1.170592
 1668.000000 0.407131 -1.188474
 1669.000000 0.383019 -1.101642
 1670.000000 0.394763 -1.055830
 1671.000000 0.454923 -1.113675
 1672.000000 0.466529 -1.076090
 1673.000000 0.403412 -1.084877
 1674.000000 0.406505 -1.183256
 1675.000000 0.311834 -1.103860
 1676.000000 0.423154 -1.113703
 1677.000000 0.425192 -1.111483
 1678.000000 0.352319 -1.159013
 1679.000000 0.327409 -1.124313
 1680.000000 0.338725 -1.144649
 1681.000000 0.419880 -1.254516
 1682.000000 0.350039 -1.161893
 1683.000000 0.395494 -1.153152
 1684.000000 0.321548 -1.186963
 1685.000000 0.367866 -1.165152
 1686.000000 0.427656 -1.116885
 1687.000000 0.379333 -1.075358
 1688.000000 0.438376 -1.095876
 1689.000000 0.423019 -1.102482
 1690.000000 0.366302 -1.149572
 1691.000000 0.436467 -1.036205
 1692.000000 0.378062 -1.081003
 1693.000000 0.435688 -1.078072
 1694.000000 0.364335 -1.240958
 1695.000000 0.369743 -1.206939
 1696.000000 0.359917 -1.188639
 1697.000000 0.369872 -1.128886
 1698.000000 0.328617 -1.158596
 1699.000000 0.407492 -1.148780
 1700.000000 0.394149 -1.175978
 1701.000000 0.372811 -1.175106
 1702.000000 0.309306 -1.079103
 1703.000000 0.357996 -1.105646
 1704.000000 0.319313 -1.219115
 1705.000000 0.310106 -1.145746
 1706.000000 0.368403 -1.172695
 1707.000000 0.336439 -1.087076
 1708.000000 0.363279 -1.184875
 1709.000000 0.339944 -1.176620
 1710.000000 0.313361 -1.165808
 1711.000000 0.417257 -1.241421
 1712.000000 0.429292 -1.216786
 1713.000000 0.394780 -1.233125
 1714.000000 0.302773 -1.121385
 1715.000000 0.474154 -1.186989
 1716.000000 0.434137 -1.194525
 1717.000000 0.415502 -1.216692
 1718.000000 0.391102 -1.238430
 1719.000000 0.375815 -1.143903
 1720.000000 0.385295 -1.149461
 1721.000000 0.326850 -1.167381
 1722.000000 0.375560 -1.213710
 1723.000000 0.344612 -1.084225
 1724.000000 0.377878 -1.221804
 1725.000000 0.368092 -1.135121
 1726.000000 0.355368 -1.127260
 1727.000000 0.425907 -1.168081
 1728.000000 0.418969 -1.128719
 1729.000000 0.428553 -1.073757
 1730.000000 0.453435 -1.171163
 1731.000000 0.401711 -1.108368
 1732.000000 0.378942 -1.147435
 1733.000000 0.442527 -1.209674
 1734.000000 0.329412 -1.177457
 1735.000000 0.343924 -1.139178
 1736.000000 0.285383 -1.158762
 1737.000000 0.363304 -1.118338
 1738.000000 0.333617 -1.188254
 1739.000000 0.355699 -1.158588
 1740.000000 0.303167 -1.176216
 1741.000000 0.391667 -1.135601
 1742.000000 0.372224 -1.152854
 1743.000000 0.309711 -1.139282
 1744.000000 0.344151 -1.137508
 1745.000000 0.403648 -1.148787
 1746.000000 0.344425 -1.136720
 1747.000000 0.417685 -1.200037
 1748.000000 0.360024 -1.153697
 1749.000000 0.335407 -1.202659
 1750.000000 0.326320 -1.254455
 1751.000000 0.303703 -1.216426
 1752.000000 0.405910 -1.222569
 1753.000000 0.388229 -1.209222
 1754.000000 0.405596 -1.267404
 1755.000000 0.374910 -1.183359
 1756.000000 0.438407 -1.191979
 1757.000000 0.336173 -1.139500
 1758.000000 0.282431 -1.194799
 1759.000000 0.347881 -1.189536
 1760.000000 0.343746 -1.117221
 1761.000000 0.369852 -1.198537
 1762.000000 0.359172 -1.153683
 1763.000000 0.415189 -1.110513
 1764.000000 0.414490 -1.165887
 1765.000000 0.373399 -1.151635
 1766.000000 0.398200 -1.160688
 1767.000000 0.310627 -1.137922
 1768.000000 0.394505 -1.140109
 1769.000000 0.396410 -1.134541
 1770.000000 0.332350 -1.172096
 1771.000000 0.412085 -1.134622
 1772.000000 0.411046 -1.212517
 1773.000000 0.387554 -1.228785
 1774.000000 0.351889 -1.163431
 1775.000000 0.305377 -1.133899
 1776.000000 0.408014 -1.092745
 1777.000000 0.375910 -1.249619
 1778.000000 0.334704 -1.206640
 1779.000000 0.402421 -1.145149
 1780.000000 0.385531 -1.196190
 1781.000000 0.375652 -1.193716
 1782.000000 0.425304 -1.203300
 1783.000000 0.344903 -1.158950
 1784.000000 0.362727 -1.138019
 1785.000000 0.322354 -1.221552
 1786.000000 0.431281 -1.220949
 1787.000000 0.350058 -1.230376
 1788.000000 0.393732 -1.260950
 1789.000000 0.331253 -1.203664
 1790.000000 0.323836 -1.156801
 1791.000000 0.391917 -1.234643
 1792.000000 0.408104 -1.171543
 1793.000000 0.384343 -1.105252
 1794.000000 0.403343 -1.169466
 1795.000000 0.356997 -1.129955
 1796.000000 0.301178 -1.132108
 1797.000000 0.350254 -1.191754
 1798.000000 0.361223 -1.162801
 1799.000000 0.436068 -1.181817
 1800.000000 0.370344 -1.119857
 1801.000000 0.389449 -1.193264
 1802.000000 0.373084 -1.175957
 1803.000000 0.353477 -1.214674
 1804.000000 0.389852 -1.176286
 1805.000000 0.347139 -1.154443
 1806.000000 0.393198 -1.181491
 1807.000000 0.462742 -1.189416
 1808.000000 0.384347 -1.164324
 1809.000000 0.396244 -1.155041
 1810.000000 0.311349 -1.079672
 1811.000000 0.343407 -1.118157
 1812.000000 0.368499 -1.104267
 1813.000000 0.315688 -1.150813
 1814.000000 0.371649 -1.134283
 1815.000000 0.348798 -1.190337
 1816.000000 0.314401 -1.105794
 1817.000000 0.417663 -1.146818
 1818.000000 0.317417 -1.128052
 1819.000000 0.405134 -1.204670
 1820.000000 0.399354 -1.164296
 1821.000000 0.310314 -1.155933
 1822.000000 0.380705 -1.106376
 1823.000000 0.325229 -1.149078
 1824.000000 0.411146 -1.164552
 1825.000000 0.393519 -1.154647
 1826.000000 0.399043 -1.126910
 1827.000000 0.335305 -1.169297
 1828.000000 0.351778 -1.131591
 1829.000000 0.344948 -1.152192
 1830.000000 0.319001 -1.059329
 1831.000000 0.389689 -1.153059
 1832.000000 0.397165 -1.170748
 1833.000000 0.368361 -1.110004
 1834.000000 0.388049 -1.098974
 1835.000000 0.327003 -1.133587
 1836.000000 0.429845 -1.169611
 1837.000000 0.363794 -1.220570
 1838.000000 0.384083 -1.121165
 1839.000000 0.386741 -1.109614
 1840.000000 0.347290 -1.143664
 1841.000000 0.410895 -1.131751
 1842.000000 0.346734 -1.136601
 1843.000000 0.344227 -1.102325
 1844.000000 0.337691 -1.137318
 1845.000000 0.410480 -1.167790
 1846.000000 0.336205 -1.152210
 1847.000000 0.364073 -1.148443
 1848.000000 0.368038 -1.151416
 1849.000000 0.450940 -1.186256
 1850.000000 0.367878 -1.104155
 1851.000000 0.360811 -1.131245
 1852.000000 0.327540 -1.201298
 1853.000000 0.303967 -1.071965
 1854.000000 0.391371 -1.114505
 1855.000000 0.386055 -1.027345
 1856.000000 0.323439 -1.132305
 1857.000000 0.341778 -1.153940
 1858.000000 0.321256 -1.117867
 1859.000000 0.292652 -1.133797
 1860.000000 0.354181 -1.170425
 1861.000000 0.343724 -1.131261
 1862.000000 0.402018 -1.174795
 1863.000000 0.324945 -1.147376
 1864.000000 0.302511 -1.112611
 1865.000000 0.291836 -1.115505
 1866.000000 0.384226 -1.076738
 1867.000000 0.377525 -1.114684
 1868.000000 0.292847 -1.083515
 1869.000000 0.297733 -1.114737
 1870.000000 0.338276 -1.170428
 1871.000000 0.335655 -1.170247
 1872.000000 0.320910 -1.132115
 1873.000000 0.378527 -1.120523
 1874.000000 0.381462 -1.081957
 1875.000000 0.358765 -1.250329
 1876.000000 0.348972 -1.144987
 1877.000000 0.291910 -1.195404
 1878.000000 0.292193 -1.176913
 1879.000000 0.371395 -1.135004
 1880.000000 0.435399 -1.257030
 1881.000000 0.291766 -1.256177
 1882.000000 0.267355 -1.102368
 1883.000000 0.358125 -1.117133
 1884.000000 0.339504 -1.183384
 1885.000000 0.331649 -1.172403
 1886.000000 0.330707 -1.134305
 1887.000000 0.342049 -1.211978
 1888.000000 0.308740 -1.146577
 1889.000000 0.377184 -1.190482
 1890.000000 0.339746 -1.168049
 1891.000000 0.305020 -1.165553
 1892.000000 0.351102 -1.122326
 1893.000000 0.328458 -1.227890
 1894.000000 0.295206 -1.224413
 1895.000000 0.380711 -1.216663
 1896.000000 0.443748 -1.175685
 1897.000000 0.342793 -1.102587
 1898.000000 0.395349 -1.101179
 1899.000000 0.321023 -1.150556
 1900.000000 0.336079 -1.140187
 1901.000000 0.264078 -1.168834
 1902.000000 0.318930 -1.146842
 1903.000000 0.292752 -1.155040
 1904.000000 0.395031 -1.171129
 1905.000000 0.362747 -1.158474
 1906.000000 0.358479 -1.151791
 1907.000000 0.429801 -1.124165
 1908.000000 0.308921 -1.238365
 1909.000000 0.382334 -1.147456
 1910.000000 0.420384 -1.121018
 1911.000000 0.384569 -1.254667
 1912.000000 0.327880 -1.187253
 1913.000000 0.332430 -1.141888
 1914.000000 0.374421 -1.108997
 1915.000000 0.355579 -1.160041
 1916.000000 0.392283 -1.065026
 1917.000000 0.308570 -1.185979
 1918.000000 0.349843 -1.113540
 1919.000000 0.319556 -1.174525
 1920.000000 0.373950 -1.181051
 1921.000000 0.393464 -1.127982
 1922.000000 0.316858 -1.133500
 1923.000000 0.374498 -1.155473
 1924.000000 0.331948 -1.116940
 1925.000000 0.327945 -1.116990
 1926.000000 0.331091 -1.079597
 1927.000000 0.294843 -1.134619
 1928.000000 0.319411 -1.160243
 1929.000000 0.272134 -1.177660
 1930.000000 0.357595 -1.164824
 1931.000000 0.315639 -1.090409
 1932.000000 0.430846 -1.222374
 1933.000000 0.370385 -1.165582
 1934.000000 0.342820 -1.102788
 1935.000000 0.323491 -1.150728
 1936.000000 0.433442 -1.139196
 1937.000000 0.381576 -1.153950
 1938.000000 0.408425 -1.167216
 1939.000000 0.427090 -1.080085
 1940.000000 0.353049 -1.084333
 1941.000000 0.350771 -1.139968
 1942.000000 0.276624 -1.172266
 1943.000000 0.300272 -1.161102
 1944.000000 0.375044 -1.132409
 1945.000000 0.373993 -1.214184
 1946.000000 0.408344 -1.118180
 1947.000000 0.353137 -1.219011
 1948.000000 0.308062 -1.174752
 1949.000000 0.338299 -1.209278
 1950.000000 0.323612 -1.152798
 1951.000000 0.352141 -1.185533
 1952.000000 0.328478 -1.064898
 1953.000000 0.328883 -1.143567
 1954.000000 0.346253 -1.168074
 1955.000000 0.336621 -1.224398
 1956.000000 0.375700 -1.171798
 1957.000000 0.319539 -1.150140
 1958.000000 0.349246 -1.154622
 1959.000000 0.351483 -1.056914
 1960.000000 0.364434 -1.231974
 1961.000000 0.306434 -1.143796
 1962.000000 0.297995 -1.171046
 1963.000000 0.360800 -1.206359
 1964.000000 0.316414 -1.174568
 1965.000000 0.404540 -1.135554
 1966.000000 0.336809 -1.259831
 1967.000000 0.422843 -1.226325
 1968.000000 0.404555 -1.187816
 1969.000000 0.305822 -1.247159
 1970.000000 0.255337 -1.109535
 1971.000000 0.380414 -1.153522
 1972.000000 0.376966 -1.180007
 1973.000000 0.390771 -1.116993
 1974.000000 0.344646 -1.175336
 1975.000000 0.380663 -1.133935
 1976.000000 0.380030 -1.208454
 1977.000000 0.386730 -1.113978
 1978.000000 0.401611 -1.159461
 1979.000000 0.347930 -1.144368
 1980.000000 0.355288 -1.172152
 1981.000000 0.457557 -1.193294
 1982.000000 0.351802 -1.207656
 1983.000000 0.367431 -1.174969
 1984.000000 0.270288 -1.245112
 1985.000000 0.314823 -1.156900
 1986.000000 0.329117 -1.152187
 1987.000000 0.357858 -1.196983
 1988.000000 0.269694 -1.225772
 1989.000000 0.333720 -1.142173
 1990.000000 0.301810 -1.108666
 1991.000000 0.402375 -1.087619
 1992.000000 0.416384 -1.148904
 1993.000000 0.341831 -1.156080
 1994.000000 0.338463 -1.160150
 1995.000000 0.354371 -1.120392
 1996.000000 0.363644 -1.104574
 1997.000000 0.373706 -1.183585
 1998.000000 0.363990 -1.128120
 1999.000000 0.357648 -1.123456
 2000.000000 0.407430 -1.158091
 2001.000000 0.299816 -1.081357
 2002.000000 0.440111 -1.146945
 2003.000000 0.352832 -1.063059
 2004.000000 0.342552 -1.111041
 2005.000000 0.316510 -1.150121
 2006.000000 0.332121 -1.079844
 2007.000000 0.367341 -1.108325
 2008.000000 0.331528 -1.089587
 2009.000000 0.304128 -1.043649
 2010.000000 0.358025 -1.144348
 2011.000000 0.288695 -1.122742
 2012.000000 0.364456 -1.193963
 2013.000000 0.334802 -1.071739
 2014.000000 0.343153 -1.144809
 2015.000000 0.430681 -1.074649
 2016.000000 0.389840 -1.193701
 2017.000000 0.327485 -1.174757
 2018.000000 0.365529 -1.189502
 2019.000000 0.316162 -1.189764
 2020.000000 0.342332 -1.121327
 2021.000000 0.337330 -1.129661
 2022.000000 0.338857 -1.186498
 2023.000000 0.297724 -1.203253
 2024.000000 0.313243 -1.168787
 2025.000000 0.311726 -1.115385
 2026.000000 0.367613 -1.216241
 2027.000000 0.314080 -1.095051
 2028.000000 0.349799 -1.144223
 2029.000000 0.345808 -1.152645
 2030.000000 0.321259 -1.153821
 2031.000000 0.389339 -1.194154
 2032.000000 0.373920 -1.104632
 2033.000000 0.390149 -1.031951
 2034.000000 0.325306 -1.090318
 2035.000000 0.398609 -1.145511
 2036.000000 0.372052 -1.150043
 2037.000000 0.323449 -1.141395
 2038.000000 0.372125 -1.073971
 2039.000000 0.320798 -1.105017
 2040.000000 0.413641 -1.113614
 2041.000000 0.409104 -1.174533
 2042.000000 0.351261 -1.073031
 2043.000000 0.386283 -1.162724
 2044.000000 0.419689 -1.041267
 2045.000000 0.366102 -1.106782
 2046.000000 0.434972 -1.116823
 2047.000000 0.403804 -1.087446
 2048.000000 0.429210 -1.249851
 2049.000000 0.318569 -1.230370
 2050.000000 0.370724 -1.099815
 2051.000000 0.334153 -1.033947
 2052.000000 0.414371 -1.172491
 2053.000000 0.447258 -1.115618
 2054.000000 0.342006 -1.124421
 2055.000000 0.376901 -1.099058
 2056.000000 0.423739 -1.051988
 2057.000000 0.385980 -1.138983
 2058.000000 0.355340 -1.050544
 2059.000000 0.385381 -1.016796
 2060.000000 0.349148 -1.102754
 2061.000000 0.368676 -1.102277
 2062.000000 0.360860 -1.131647
 2063.000000 0.370749 -1.133034
 2064.000000 0.320609 -1.116000
 2065.000000 0.374936 -1.104328
 2066.000000 0.351370 -1.189392
 2067.000000 0.393540 -1.169647
 2068.000000 0.420244 -1.167502
 2069.000000 0.366265 -1.191884
 2070.000000 0.350895 -1.185759
 2071.000000 0.278131 -1.219457
 2072.000000 0.394411 -1.249145
 2073.000000 0.269348 -1.150774
 2074.000000 0.281658 -1.205756
 2075.000000 0.335629 -1.203968
 2076.000000 0.302875 -1.151865
 2077.000000 0.289315 -1.171207
 2078.000000 0.329808 -1.198485
 2079.000000 0.331807 -1.172354
 2080.000000 0.343179 -1.216525
 2081.000000 0.384018 -1.128144
 2082.000000 0.383274 -1.195252
 2083.000000 0.404372 -1.186506
 2084.000000 0.354633 -1.237361
 2085.000000 0.367984 -1.083133
 2086.000000 0.406855 -1.166246
 2087.000000 0.420365 -1.075102
 2088.000000 0.508629 -1.178816
 2089.000000 0.468068 -1.251992
 2090.000000 0.358393 -1.209834
 2091.000000 0.366434 -1.129998
 2092.000000 0.467001 -1.187130
 2093.000000 0.355616 -1.165695
 2094.000000 0.404431 -1.089133
 2095.000000 0.412617 -1.100927
 2096.000000 0.376100 -1.169174
 2097.000000 0.379588 -1.123362
 2098.000000 0.365711 -1.166290
 2099.000000 0.391519 -1.111152
 2100.000000 0.390010 -1.140786
 2101.000000 0.454761 -1.242933
 2102.000000 0.440155 -1.140741
 2103.000000 0.418966 -1.153665
 2104.000000 0.508364 -1.118602
 2105.000000 0.473012 -1.133589
 2106.000000 0.464177 -1.223334
 2107.000000 0.374727 -1.138135
 2108.000000 0.436795 -1.196644
 2109.000000 0.499588 -1.172197
 2110.000000 0.463443 -1.171336
 2111.000000 0.421602 -1.106057
 2112.000000 0.406387 -1.078213
 2113.000000 0.327389 -1.144680
 2114.000000 0.427453 -1.057871
 2115.000000 0.425626 -1.076029
 2116.000000 0.427065 -1.096501
 2117.000000 0.453302 -1.130194
 2118.000000 0.465767 -1.127639
 2119.000000 0.387383 -1.159693
 2120.000000 0.421330 -1.126375
 2121.000000 0.417466 -1.185424
 2122.000000 0.376020 -1.105657
 2123.000000 0.408287 -1.111034
 2124.000000 0.418348 -1.131515
 2125.000000 0.427644 -1.110289
 2126.000000 0.394487 -1.105540
 2127.000000 0.343713 -1.126551
 2128.000000 0.421358 -1.126182
 2129.000000 0.436096 -1.149652
 2130.000000 0.449261 -1.138018
 2131.000000 0.448846 -1.125059
 2132.000000 0.399803 -1.126304
 2133.000000 0.482415 -1.137025
 2134.000000 0.405920 -1.078380
 2135.000000 0.379380 -1.133319
 2136.000000 0.464301 -1.110835
 2137.000000 0.448539 -1.067951
 2138.000000 0.380507 -1.062702
 2139.000000 0.393055 -1.135159
 2140.000000 0.410866 -1.081882
 2141.000000 0.500608 -1.090276
 2142.000000 0.413160 -1.088419
 2143.000000 0.529646 -1.033350
 2144.000000 0.501594 -1.143153
 2145.000000 0.461789 -1.081538
 2146.000000 0.463016 -1.177644
 2147.000000 0.557109 -1.114273
 2148.000000 0.443873 -1.105520
 2149.000000 0.425311 -1.153724
 2150.000000 0.496358 -1.181979
 2151.000000 0.390053 -1.108942
 2152.000000 0.484931 -1.050937
 2153.000000 0.488334 -1.166856
 2154.000000 0.437015 -1.082299
 2155.000000 0.422590 -1.097698
 2156.000000 0.357634 -1.121578
 2157.000000 0.355613 -1.172903
 2158.000000 0.446696 -1.122995
 2159.000000 0.402080 -1.271051
 2160.000000 0.396682 -1.211901
 2161.000000 0.395237 -1.188587
 2162.000000 0.462498 -1.202559
 2163.000000 0.348088 -1.251125
 2164.000000 0.375573 -1.166143
 2165.000000 0.443232 -1.246489
 2166.000000 0.374180 -1.188556
 2167.000000 0.368191 -1.178516
 2168.000000 0.344496 -1.186971
 2169.000000 0.340494 -1.197182
 2170.000000 0.399589 -1.194924
 2171.000000 0.423584 -1.221234
 2172.000000 0.394323 -1.183619
 2173.000000 0.455159 -1.263375
 2174.000000 0.351742 -1.256517
 2175.000000 0.349937 -1.169481
 2176.000000 0.365484 -1.159466
 2177.000000 0.389806 -1.224363
 2178.000000 0.358594 -1.173712
 2179.000000 0.333071 -1.147730
 2180.000000 0.368440 -1.130310
 2181.000000 0.369669 -1.136660
 2182.000000 0.439414 -1.146545
 2183.000000 0.429930 -1.109918
 2184.000000 0.417500 -1.133062
 2185.000000 0.418855 -1.205862
 2186.000000 0.422966 -1.108437
 2187.000000 0.449822 -1.183828
 2188.000000 0.370797 -1.092754
 2189.000000 0.471689 -1.076007
 2190.000000 0.419568 -1.170979
 2191.000000 0.419104 -1.016231
 2192.000000 0.379489 -1.068043
 2193.000000 0.334369 -1.034175
 2194.000000 0.390598 -1.157137
 2195.000000 0.409384 -1.130860
 2196.000000 0.367239 -1.129422
 2197.000000 0.335845 -1.193295
 2198.000000 0.381498 -1.184610
 2199.000000 0.365091 -1.157602
 2200.000000 0.353266 -1.147391
 2201.000000 0.342966 -1.113664
 2202.000000 0.410419 -1.170925
 2203.000000 0.428276 -1.096869
 2204.000000 0.463430 -1.121817
 2205.000000 0.379919 -1.143652
 2206.000000 0.397370 -1.113971
 2207.000000 0.320022 -1.149831
 2208.000000 0.394549 -1.126005
 2209.000000 0.354894 -1.108449
 2210.000000 0.257614 -1.174558
 2211.000000 0.334731 -1.099111
 2212.000000 0.350651 -1.210347
 2213.000000 0.429282 -1.175757
 2214.000000 0.422737 -1.129477
 2215.000000 0.449959 -1.179985
 2216.000000 0.445290 -1.211980
 2217.000000 0.419944 -1.171266
 2218.000000 0.493648 -1.144263
 2219.000000 0.387760 -1.149211
 2220.000000 0.458348 -1.183407
 2221.000000 0.426844 -1.138195
 2222.000000 0.312409 -1.143400
 2223.000000 0.411029 -1.137776
 2224.000000 0.334010 -1.081745
 2225.000000 0.400694 -1.183860
 2226.000000 0.347718 -1.073451
 2227.000000 0.346593 -1.140418
 2228.000000 0.270484 -1.166732
 2229.000000 0.362133 -1.095347
 2230.000000 0.352599 -1.148905
 2231.000000 0.382378 -1.102949
 2232.000000 0.393768 -1.063586
 2233.000000 0.435588 -1.208451
 2234.000000 0.407260 -1.140248
 2235.000000 0.331066 -1.154197
 2236.000000 0.328914 -1.143756
 2237.000000 0.399751 -1.126025
 2238.000000 0.349909 -1.198386
 2239.000000 0.306587 -1.181723
 2240.000000 0.369177 -1.221514
 2241.000000 0.371522 -1.134459
 2242.000000 0.332403 -1.151406
 2243.000000 0.331271 -1.172082
 2244.000000 0.285727 -1.153132
 2245.000000 0.389977 -1.158132
 2246.000000 0.405734 -1.146347
 2247.000000 0.344552 -1.180633
 2248.000000 0.371381 -1.175908
 2249.000000 0.403167 -1.081125
 2250.000000 0.364482 -1.161857
 2251.000000 0.342215 -1.187830
 2252.000000 0.396361 -1.140324
 2253.000000 0.338323 -1.167663
 2254.000000 0.348818 -1.155278
 2255.000000 0.351106 -1.151261
 2256.000000 0.346018 -1.177461
 2257.000000 0.394885 -1.194582
 2258.000000 0.312279 -1.118680
 2259.000000 0.308263 -1.179720
 2260.000000 0.335021 -1.285004
 2261.000000 0.293176 -1.201671
 2262.000000 0.338490 -1.183741
 2263.000000 0.300698 -1.213000
 2264.000000 0.372002 -1.230519
 2265.000000 0.422522 -1.222850
 2266.000000 0.331517 -1.217111
 2267.000000 0.272326 -1.197033
 2268.000000 0.437936 -1.190725
 2269.000000 0.331017 -1.139360
 2270.000000 0.438038 -1.209054
 2271.000000 0.377884 -1.256946
 2272.000000 0.383360 -1.271830
 2273.000000 0.358509 -1.173401
 2274.000000 0.324605 -1.188174
 2275.000000 0.316405 -1.134688
 2276.000000 0.392917 -1.168177
 2277.000000 0.360965 -1.156149
 2278.000000 0.406992 -1.210849
 2279.000000 0.396248 -1.187459
 2280.000000 0.321846 -1.192233
 2281.000000 0.309200 -1.132296
 2282.000000 0.412492 -1.137022
 2283.000000 0.380257 -1.185809
 2284.000000 0.379366 -1.175514
 2285.000000 0.323852 -1.167030
 2286.000000 0.335366 -1.113510
 2287.000000 0.431333 -1.187355
 2288.000000 0.386002 -1.161238
 2289.000000 0.383720 -1.138968
 2290.000000 0.343457 -1.148527
 2291.000000 0.340636 -1.155822
 2292.000000 0.366377 -1.146211
 2293.000000 0.383412 -1.178387
 2294.000000 0.372182 -1.109894
 2295.000000 0.411256 -1.137989
 2296.000000 0.367158 -1.128433
 2297.000000 0.419864 -1.118517
 2298.000000 0.353762 -1.146402
 2299.000000 0.371401 -1.156425
 2300.000000 0.418893 -1.063646
 2301.000000 0.361964 -1.144803
 2302.000000 0.386981 -1.093392
 2303.000000 0.469580 -1.070770
 2304.000000 0.309965 -1.067618
 2305.000000 0.340764 -1.071983
 2306.000000 0.357655 -1.168772
 2307.000000 0.394588 -1.150022
 2308.000000 0.359945 -1.117950
 2309.000000 0.433066 -1.078811
 2310.000000 0.374351 -1.049712
 2311.000000 0.380546 -1.053761
 2312.000000 0.443690 -1.106297
 2313.000000 0.435499 -1.123527
 2314.000000 0.400434 -1.098417
 2315.000000 0.418675 -1.059506
 2316.000000 0.406398 -1.074011
 2317.000000 0.397689 -1.112768
 2318.000000 0.300633 -1.108185
 2319.000000 0.343643 -1.087448
 2320.000000 0.421282 -1.063801
 2321.000000 0.381981 -1.055402
 2322.000000 0.294933 -1.064519
 2323.000000 0.303705 -1.049180
 2324.000000 0.364498 -0.986899
 2325.000000 0.348525 -1.106827
 2326.000000 0.326407 -1.083076
 2327.000000 0.356383 -1.076604
 2328.000000 0.346819 -1.189213
 2329.000000 0.387631 -1.207482
 2330.000000 0.408529 -1.179408
 2331.000000 0.418715 -1.218263
 2332.000000 0.364753 -1.135467
 2333.000000 0.343671 -1.030229
 2334.000000 0.347783 -1.106617
 2335.000000 0.405843 -1.205630
 2336.000000 0.397418 -1.113431
 2337.000000 0.367987 -1.149546
 2338.000000 0.372664 -1.074454
 2339.000000 0.403299 -1.113742
 2340.000000 0.373698 -1.087107
 2341.000000 0.381899 -1.181100
 2342.000000 0.339658 -1.148725
 2343.000000 0.473675 -1.167347
 2344.000000 0.331740 -1.165808
 2345.000000 0.409899 -1.260848
 2346.000000 0.457362 -1.145799
 2347.000000 0.417510 -1.176210
 2348.000000 0.439004 -1.207266
 2349.000000 0.402113 -1.179110
 2350.000000 0.416671 -1.146849
 2351.000000 0.349184 -1.206081
 2352.000000 0.349164 -1.146225
 2353.000000 0.360264 -1.114414
 2354.000000 0.364368 -1.283836
 2355.000000 0.340365 -1.161565
 2356.000000 0.351704 -1.105267
 2357.000000 0.314831 -1.181869
 2358.000000 0.450745 -1.139454
 2359.000000 0.446154 -1.170516
 2360.000000 0.462812 -1.165347
 2361.000000 0.409900 -1.134607
 2362.000000 0.419208 -1.157746
 2363.000000 0.357910 -1.188255
 2364.000000 0.342412 -1.284996
 2365.000000 0.404694 -1.188556
 2366.000000 0.450117 -1.157927
 2367.000000 0.408596 -1.206087
 2368.000000 0.353630 -1.230544
 2369.000000 0.395133 -1.228157
 2370.000000 0.423036 -1.190883
 2371.000000 0.402497 -1.254619
 2372.000000 0.396003 -1.256644
 2373.000000 0.378317 -1.239293
 2374.000000 0.389839 -1.218593
 2375.000000 0.401235 -1.205016
 2376.000000 0.353170 -1.215642
 2377.000000 0.340738 -1.284337
 2378.000000 0.371242 -1.169686
 2379.000000 0.372423 -1.181863
 2380.000000 0.371869 -1.279172
 2381.000000 0.419054 -1.186647
 2382.000000 0.397127 -1.182752
 2383.000000 0.359617 -1.121009
 2384.000000 0.298187 -1.176204
 2385.000000 0.365932 -1.169358
 2386.000000 0.411073 -1.191333
 2387.000000 0.335139 -1.097455
 2388.000000 0.347040 -1.172701
 2389.000000 0.394032 -1.090019
 2390.000000 0.358384 -1.133449
 2391.000000 0.315967 -1.189584
 2392.000000 0.294403 -1.198492
 2393.000000 0.300152 -1.198584
 2394.000000 0.515951 -1.186000
 2395.000000 0.354640 -1.202854
 2396.000000 0.382599 -1.261766
 2397.000000 0.367033 -1.205555
 2398.000000 0.347306 -1.200471
 2399.000000 0.449732 -1.277001
 2400.000000 0.369141 -1.139511
 2401.000000 0.408740 -1.189257
 2402.000000 0.393808 -1.234540
 2403.000000 0.311396 -1.236643
 2404.000000 0.394721 -1.198129
 2405.000000 0.351634 -1.103951
 2406.000000 0.332895 -1.149658
 2407.000000 0.370477 -1.102929
 2408.000000 0.368989 -1.188924
 2409.000000 0.389381 -1.167467
 2410.000000 0.368947 -1.137255
 2411.000000 0.362327 -1.111324
 2412.000000 0.319556 -1.156741
 2413.000000 0.319773 -1.146410
 2414.000000 0.368537 -1.143618
 2415.000000 0.315225 -1.168170
 2416.000000 0.315555 -1.201480
 2417.000000 0.342777 -1.137832
 2418.000000 0.432993 -1.100862
 2419.000000 0.433280 -1.171230
 2420.000000 0.394165 -1.128463
 2421.000000 0.424280 -1.117492
 2422.000000 0.345350 -1.140682
 2423.000000 0.360297 -1.086442
 2424.000000 0.385415 -1.123426
 2425.000000 0.409868 -1.122760
 2426.000000 0.384715 -1.142189
 2427.000000 0.328710 -1.106323
 2428.000000 0.367852 -1.075583
 2429.000000 0.405048 -1.128705
 2430.000000 0.419645 -1.149093
 2431.000000 0.478806 -1.170302
 2432.000000 0.441983 -1.114822
 2433.000000 0.396409 -1.146313
 2434.000000 0.317911 -1.127525
 2435.000000 0.323368 -1.130604
 2436.000000 0.381624 -1.178051
 2437.000000 0.343699 -1.190493
 2438.000000 0.352526 -1.122217
 2439.000000 0.293482 -1.072797
 2440.000000 0.338750 -1.221316
 2441.000000 0.381866 -1.214275
 2442.000000 0.375262 -1.227348
 2443.000000 0.362549 -1.116432
 2444.000000 0.335556 -1.256395
 2445.000000 0.358395 -1.103278
 2446.000000 0.349605 -1.184353
 2447.000000 0.356088 -1.175656
 2448.000000 0.404239 -1.057658
 2449.000000 0.337028 -1.184607
 2450.000000 0.374748 -1.139752
 2451.000000 0.311889 -1.158097
 2452.000000 0.331169 -1.146136
 2453.000000 0.349696 -1.115931
 2454.000000 0.372798 -1.137853
 2455.000000 0.372302 -1.114400
 2456.000000 0.346370 -1.092663
 2457.000000 0.312819 -1.138607
 2458.000000 0.371732 -1.115574
 2459.000000 0.412645 -1.141704
 2460.000000 0.412206 -1.079598
 2461.000000 0.257554 -1.076635
 2462.000000 0.338594 -1.185875
 2463.000000 0.335567 -1.106544
 2464.000000 0.375826 -1.171116
 2465.000000 0.387505 -1.195096
 2466.000000 0.383129 -1.223617
 2467.000000 0.425022 -1.068083
 2468.000000 0.333550 -1.087295
 2469.000000 0.380264 -1.131794
 2470.000000 0.375139 -1.185930
 2471.000000 0.315317 -1.073537
 2472.000000 0.404070 -1.120504
 2473.000000 0.347902 -1.095319
 2474.000000 0.323787 -1.074473
 2475.000000 0.378300 -1.141821
 2476.000000 0.361769 -1.135928
 2477.000000 0.464135 -1.140883
 2478.000000 0.351829 -1.189496
 2479.000000 0.381404 -1.150814
 2480.000000 0.411181 -1.131653
 2481.000000 0.394998 -1.198042
 2482.000000 0.389392 -1.229521
 2483.000000 0.397729 -1.122876
 2484.000000 0.379685 -1.194463
 2485.000000 0.454647 -1.105088
 2486.000000 0.408686 -1.212203
 2487.000000 0.297247 -1.158230
 2488.000000 0.352726 -1.126258
 2489.000000 0.385736 -1.193307
 2490.000000 0.364505 -1.131951
 2491.000000 0.387850 -1.211813
 2492.000000 0.338259 -1.168338
 2493.000000 0.407242 -1.128674
 2494.000000 0.421687 -1.190543
 2495.000000 0.328302 -1.142157
 2496.000000 0.278103 -1.136532
 2497.000000 0.414383 -1.112622
 2498.000000 0.370477 -1.211085
 2499.000000 0.403964 -1.142409
 2500.000000 0.367393 -1.223613
