#! FIELDS time pd_137_140 diff
 0.000000 1.533395 -0.605134
 1.000000 1.456973 -0.767450
 2.000000 1.538916 -0.708606
 3.000000 1.441588 -0.832706
 4.000000 1.555736 -0.915496
 5.000000 1.510957 -0.786454
 6.000000 1.567940 -0.841027
 7.000000 1.392017 -0.763757
 8.000000 1.629978 -0.814417
 9.000000 1.541514 -0.808115
 10.000000 1.477687 -0.871791
 11.000000 1.464022 -0.875013
 12.000000 1.434385 -0.884116
 13.000000 1.437696 -0.820026
 14.000000 1.460396 -0.806988
 15.000000 1.496018 -0.815232
 16.000000 1.550863 -0.728012
 17.000000 1.601695 -0.751486
 18.000000 1.482406 -0.814530
 19.000000 1.558702 -0.764347
 20.000000 1.471928 -0.871903
 21.000000 1.479117 -0.830237
 22.000000 1.503134 -0.857606
 23.000000 1.572989 -0.836125
 24.000000 1.562667 -0.896017
 25.000000 1.548689 -0.927265
 26.000000 1.476891 -0.989189
 27.000000 1.567985 -0.853006
 28.000000 1.669390 -0.754812
 29.000000 1.535361 -0.787614
 30.000000 1.489917 -0.830265
 31.000000 1.658658 -0.791716
 32.000000 1.561217 -0.751325
 33.000000 1.511176 -0.835921
 34.000000 1.498988 -0.800946
 35.000000 1.708760 -0.829457
 36.000000 1.624839 -0.866205
 37.000000 1.614265 -0.790287
 38.000000 1.725986 -0.885020
 39.000000 1.701720 -0.825914
 40.000000 1.721701 -0.837183
 41.000000 1.547819 -0.880946
 42.000000 1.564423 -0.835760
 43.000000 1.622828 -0.880242
 44.000000 1.582456 -0.896912
 45.000000 1.647461 -0.804875
 46.000000 1.584159 -0.936271
 47.000000 1.585479 -0.785336
 48.000000 1.561776 -0.847703
 49.000000 1.679618 -0.901046
 50.000000 1.568822 -0.888783
 51.000000 1.562206 -0.895067
 52.000000 1.509521 -0.817160
 53.000000 1.538031 -0.889289
 54.000000 1.546208 -0.817032
 55.000000 1.605322 -0.784382
 56.000000 1.528551 -0.868725
 57.000000 1.493016 -0.759810
 58.000000 1.554330 -0.836274
 59.000000 1.502043 -0.816775
 60.000000 1.457344 -0.774858
 61.000000 1.430505 -0.781032
 62.000000 1.571550 -0.822333
 63.000000 1.640954 -0.737759
 64.000000 1.541465 -0.804267
 65.000000 1.626433 -0.772268
 66.000000 1.501552 -0.737515
 67.000000 1.637486 -0.776136
 68.000000 1.716907 -0.858459
 69.000000 1.537078 -0.893259
 70.000000 1.492093 -0.817696
 71.000000 1.562909 -0.817751
 72.000000 1.559915 -0.777717
 73.000000 1.526280 -0.753170
 74.000000 1.485850 -0.723828
 75.000000 1.602626 -0.735889
 76.000000 1.522143 -0.785003
 77.000000 1.648601 -0.796002
 78.000000 1.644539 -0.790949
 79.000000 1.608081 -0.790228
 80.000000 1.617309 -0.796392
 81.000000 1.601616 -0.833857
 82.000000 1.558716 -0.839729
 83.000000 1.684189 -0.818693
 84.000000 1.530647 -0.808317
 85.000000 1.643439 -0.859370
 86.000000 1.479454 -0.806871
 87.000000 1.507378 -0.791147
 88.000000 1.531247 -0.787472
 89.000000 1.522498 -0.804083
 90.000000 1.586722 -0.774047
 91.000000 1.485143 -0.810512
 92.000000 1.514911 -0.921063
 93.000000 1.560003 -0.823019
 94.000000 1.550624 -0.835670
 95.000000 1.514792 -0.883781
 96.000000 1.525601 -0.895686
 97.000000 1.526795 -0.951142
 98.000000 1.532681 -0.771601
 99.000000 1.556267 -0.829923
 100.000000 1.598374 -0.838306
 101.000000 1.568152 -0.850077
 102.000000 1.526998 -0.890266
 103.000000 1.525423 -0.818819
 104.000000 1.502970 -0.816555
 105.000000 1.513988 -0.822479
 106.000000 1.488374 -0.794452
 107.000000 1.509043 -0.832663
 108.000000 1.606017 -0.867028
 109.000000 1.746236 -0.888043
 110.000000 1.681472 -0.871529
 111.000000 1.606929 -0.876449
 112.000000 1.501517 -0.906802
 113.000000 1.656261 -0.862890
 114.000000 1.450772 -0.845730
 115.000000 1.612257 -0.868857
 116.000000 1.507119 -0.840863
 117.000000 1.593031 -0.866172
 118.000000 1.450727 -0.884939
 119.000000 1.606135 -0.903609
 120.000000 1.496124 -0.924722
 121.000000 1.600627 -0.893218
 122.000000 1.773212 -0.978969
 123.000000 1.703672 -0.976069
 124.000000 1.475654 -0.879111
 125.000000 1.623337 -0.891510
 126.000000 1.630723 -0.949486
 127.000000 1.627762 -0.914281
 128.000000 1.631104 -0.999332
 129.000000 1.608306 -0.897978
 130.000000 1.545393 -0.945155
 131.000000 1.632125 -0.860699
 132.000000 1.648525 -0.866166
 133.000000 1.632561 -0.866392
 134.000000 1.586953 -0.952673
 135.000000 1.617881 -0.806192
 136.000000 1.710331 -0.892962
 137.000000 1.608599 -0.880890
 138.000000 1.588227 -0.840787
 139.000000 1.540266 -0.884275
 140.000000 1.515255 -0.843541
 141.000000 1.532176 -0.840024
 142.000000 1.610930 -0.895538
 143.000000 1.499868 -0.829378
 144.000000 1.578407 -0.844500
 145.000000 1.458186 -0.910109
 146.000000 1.555112 -0.811272
 147.000000 1.448151 -0.943598
 148.000000 1.453578 -0.863706
 149.000000 1.558380 -0.908917
 150.000000 1.579148 -0.981803
 151.000000 1.557690 -0.950935
 152.000000 1.601005 -0.901345
 153.000000 1.542227 -0.915864
 154.000000 1.504719 -0.912879
 155.000000 1.551866 -0.875885
 156.000000 1.687871 -0.799647
 157.000000 1.647451 -0.866038
 158.000000 1.612173 -0.852734
 159.000000 1.521420 -0.927245
 160.000000 1.672652 -0.860828
 161.000000 1.594228 -0.965472
 162.000000 1.729948 -0.869562
 163.000000 1.567673 -0.929052
 164.000000 1.555822 -0.895091
 165.000000 1.653817 -1.001662
 166.000000 1.498948 -0.916005
 167.000000 1.543859 -0.939988
 168.000000 1.573188 -0.781688
 169.000000 1.577322 -0.823905
 170.000000 1.547766 -0.925543
 171.000000 1.542180 -0.910246
 172.000000 1.648577 -0.859244
 173.000000 1.580560 -0.889033
 174.000000 1.596203 -0.814173
 175.000000 1.587490 -0.889680
 176.000000 1.663619 -0.889214
 177.000000 1.576381 -0.910251
 178.000000 1.629895 -0.840844
 179.000000 1.573374 -0.899375
 180.000000 1.484858 -0.925075
 181.000000 1.694830 -0.839775
 182.000000 1.658235 -0.896657
 183.000000 1.522330 -0.865238
 184.000000 1.552593 -0.847322
 185.000000 1.613742 -0.874953
 186.000000 1.499253 -0.840597
 187.000000 1.564862 -0.862146
 188.000000 1.549699 -0.866926
 189.000000 1.560872 -0.831837
 190.000000 1.608484 -0.907485
 191.000000 1.594953 -0.930286
 192.000000 1.595732 -0.971367
 193.000000 1.500039 -0.914211
 194.000000 1.720968 -0.963372
 195.000000 1.652918 -0.969503
 196.000000 1.562288 -0.928800
 197.000000 1.602049 -0.978251
 198.000000 1.662178 -0.842980
 199.000000 1.553532 -0.906063
 200.000000 1.604538 -0.838136
 201.000000 1.585114 -0.967127
 202.000000 1.587574 -0.859573
 203.000000 1.492484 -0.844604
 204.000000 1.688608 -0.898350
 205.000000 1.482268 -0.824188
 206.000000 1.618830 -0.825835
 207.000000 1.656922 -0.874421
 208.000000 1.530291 -0.911574
 209.000000 1.584004 -0.936833
 210.000000 1.629123 -0.803958
 211.000000 1.593149 -0.779575
 212.000000 1.594260 -0.824828
 213.000000 1.520585 -0.860931
 214.000000 1.509181 -0.814618
 215.000000 1.603535 -0.915804
 216.000000 1.574044 -0.859327
 217.000000 1.618989 -0.781348
 218.000000 1.668414 -0.918595
 219.000000 1.650599 -0.885647
 220.000000 1.647598 -0.837756
 221.000000 1.614587 -0.864037
 222.000000 1.672922 -0.809957
 223.000000 1.631191 -0.873517
 224.000000 1.645391 -0.868375
 225.000000 1.595402 -0.909015
 226.000000 1.492832 -0.895514
 227.000000 1.516400 -0.863358
 228.000000 1.655563 -0.839186
 229.000000 1.592569 -0.824006
 230.000000 1.658456 -0.812360
 231.000000 1.553903 -0.846282
 232.000000 1.472290 -0.687846
 233.000000 1.570769 -0.786681
 234.000000 1.508187 -0.869282
 235.000000 1.510277 -0.854731
 236.000000 1.661806 -0.935227
 237.000000 1.466881 -0.884212
 238.000000 1.656427 -0.839125
 239.000000 1.589921 -0.898146
 240.000000 1.665435 -0.849757
 241.000000 1.613461 -0.895639
 242.000000 1.668418 -0.881125
 243.000000 1.665278 -0.940327
 244.000000 1.550879 -0.800475
 245.000000 1.552523 -0.763399
 246.000000 1.548491 -0.810681
 247.000000 1.473664 -0.778197
 248.000000 1.536145 -0.891039
 249.000000 1.574604 -0.812704
 250.000000 1.506989 -0.910820
 251.000000 1.409668 -0.930174
 252.000000 1.476327 -0.882421
 253.000000 1.624028 -0.881921
 254.000000 1.571495 -0.874564
 255.000000 1.477523 -0.920065
 256.000000 1.653694 -0.848353
 257.000000 1.483587 -0.778618
 258.000000 1.616751 -0.870985
 259.000000 1.549509 -0.772958
 260.000000 1.461657 -0.790983
 261.000000 1.551858 -0.857718
 262.000000 1.493313 -0.849071
 263.000000 1.540385 -0.798459
 264.000000 1.534340 -0.850244
 265.000000 1.519419 -0.813354
 266.000000 1.579630 -0.815543
 267.000000 1.441767 -0.893607
 268.000000 1.563134 -0.880942
 269.000000 1.566716 -0.846650
 270.000000 1.491739 -0.802141
 271.000000 1.541834 -0.833971
 272.000000 1.552078 -0.801002
 273.000000 1.536584 -0.847820
 274.000000 1.524387 -0.866707
 275.000000 1.581203 -0.768960
 276.000000 1.545359 -0.814373
 277.000000 1.582630 -0.825130
 278.000000 1.532884 -0.853539
 279.000000 1.592310 -0.810535
 280.000000 1.546309 -0.798338
 281.000000 1.502799 -0.845876
 282.000000 1.587369 -0.789186
 283.000000 1.638916 -0.858265
 284.000000 1.650863 -0.807157
 285.000000 1.589275 -0.919175
 286.000000 1.428351 -0.884560
 287.000000 1.535022 -0.829816
 288.000000 1.619920 -0.804366
 289.000000 1.553396 -0.961313
 290.000000 1.521577 -0.904322
 291.000000 1.535546 -0.885558
 292.000000 1.526813 -0.978345
 293.000000 1.569025 -0.901881
 294.000000 1.569709 -0.917693
 295.000000 1.730364 -0.890259
 296.000000 1.589412 -0.885732
 297.000000 1.637919 -0.796738
 298.000000 1.647919 -0.814335
 299.000000 1.559574 -0.809983
 300.000000 1.501770 -0.932618
 301.000000 1.687441 -0.832803
 302.000000 1.595636 -0.807016
 303.000000 1.606139 -0.832002
 304.000000 1.482013 -0.771530
 305.000000 1.558026 -0.749674
 306.000000 1.514125 -0.795046
 307.000000 1.598613 -0.763728
 308.000000 1.688855 -0.770228
 309.000000 1.637293 -0.840607
 310.000000 1.581296 -0.800843
 311.000000 1.597294 -0.812763
 312.000000 1.524891 -0.793341
 313.000000 1.553820 -0.848395
 314.000000 1.577452 -0.756471
 315.000000 1.570359 -0.793558
 316.000000 1.570899 -0.803275
 317.000000 1.550621 -0.840843
 318.000000 1.523349 -0.814103
 319.000000 1.512467 -0.863884
 320.000000 1.578012 -0.907385
 321.000000 1.533563 -0.814364
 322.000000 1.501438 -0.813542
 323.000000 1.533225 -0.821578
 324.000000 1.489497 -0.870976
 325.000000 1.561903 -0.892218
 326.000000 1.476306 -0.878663
 327.000000 1.432395 -0.851643
 328.000000 1.471368 -0.934235
 329.000000 1.570161 -0.824617
 330.000000 1.490016 -0.839624
 331.000000 1.565439 -0.902982
 332.000000 1.614482 -0.831425
 333.000000 1.588352 -0.848910
 334.000000 1.578452 -0.877408
 335.000000 1.544760 -0.899594
 336.000000 1.592639 -0.881676
 337.000000 1.572363 -0.918966
 338.000000 1.652904 -0.851477
 339.000000 1.669467 -1.010693
 340.000000 1.497279 -0.940545
 341.000000 1.598912 -0.922228
 342.000000 1.602445 -0.877253
 343.000000 1.500662 -0.873120
 344.000000 1.481489 -0.828656
 345.000000 1.520143 -0.841241
 346.000000 1.512770 -0.856878
 347.000000 1.494410 -0.911310
 348.000000 1.641655 -0.852998
 349.000000 1.625809 -0.855832
 350.000000 1.625310 -0.814901
 351.000000 1.572113 -0.719551
 352.000000 1.552153 -0.743075
 353.000000 1.623281 -0.812379
 354.000000 1.558341 -0.872016
 355.000000 1.530050 -0.841263
 356.000000 1.735925 -0.944691
 357.000000 1.683394 -0.924879
 358.000000 1.589346 -0.983155
 359.000000 1.573435 -0.895239
 360.000000 1.522352 -0.812758
 361.000000 1.504188 -0.869902
 362.000000 1.469637 -0.918290
 363.000000 1.505050 -0.892820
 364.000000 1.551079 -0.848988
 365.000000 1.614821 -0.901957
 366.000000 1.616047 -0.831038
 367.000000 1.702195 -0.878605
 368.000000 1.610687 -0.739156
 369.000000 1.499790 -0.819161
 370.000000 1.524669 -0.823077
 371.000000 1.531362 -0.848277
 372.000000 1.525434 -0.782021
 373.000000 1.366892 -0.832201
 374.000000 1.547104 -0.842156
 375.000000 1.464865 -0.872448
 376.000000 1.514743 -0.897023
 377.000000 1.433752 -0.836365
 378.000000 1.487466 -0.849565
 379.000000 1.528263 -0.932068
 380.000000 1.485178 -0.841128
 381.000000 1.478714 -0.825470
 382.000000 1.598099 -0.793301
 383.000000 1.584752 -0.837689
 384.000000 1.597993 -0.863252
 385.000000 1.505251 -0.919281
 386.000000 1.557675 -0.922027
 387.000000 1.539375 -0.865884
 388.000000 1.464941 -0.941283
 389.000000 1.742405 -0.931236
 390.000000 1.527841 -0.780489
 391.000000 1.552384 -0.822292
 392.000000 1.556452 -0.820094
 393.000000 1.528106 -0.689721
 394.000000 1.536175 -0.799041
 395.000000 1.576808 -0.842157
 396.000000 1.646445 -0.824747
 397.000000 1.533333 -0.816651
 398.000000 1.496582 -0.809129
 399.000000 1.493372 -0.871465
 400.000000 1.573876 -0.817302
 401.000000 1.706828 -0.803098
 402.000000 1.514789 -0.836965
 403.000000 1.595746 -0.805231
 404.000000 1.601409 -0.873088
 405.000000 1.532673 -0.758134
 406.000000 1.451048 -0.771289
 407.000000 1.612812 -0.764715
 408.000000 1.580631 -0.757137
 409.000000 1.578912 -0.794966
 410.000000 1.475178 -0.818082
 411.000000 1.698709 -0.858845
 412.000000 1.543412 -0.780540
 413.000000 1.491646 -0.876384
 414.000000 1.595245 -0.916653
 415.000000 1.497181 -0.848221
 416.000000 1.638025 -0.804564
 417.000000 1.567956 -0.806859
 418.000000 1.496543 -0.891907
 419.000000 1.557190 -0.816908
 420.000000 1.551836 -0.906000
 421.000000 1.551436 -0.871396
 422.000000 1.509030 -0.916310
 423.000000 1.520041 -0.906846
 424.000000 1.593985 -0.868477
 425.000000 1.485284 -0.885142
 426.000000 1.542324 -0.912002
 427.000000 1.554836 -0.884676
 428.000000 1.580176 -0.832970
 429.000000 1.531757 -0.866821
 430.000000 1.516694 -0.867128
 431.000000 1.648908 -0.731351
 432.000000 1.585357 -0.867143
 433.000000 1.572797 -0.879321
 434.000000 1.639496 -0.842978
 435.000000 1.612946 -0.786902
 436.000000 1.607946 -0.908718
 437.000000 1.514561 -0.921593
 438.000000 1.568913 -0.962713
 439.000000 1.558398 -0.956354
 440.000000 1.463683 -0.853008
 441.000000 1.463649 -0.796333
 442.000000 1.472836 -0.877606
 443.000000 1.569798 -0.972017
 444.000000 1.481180 -0.894301
 445.000000 1.443799 -0.796933
 446.000000 1.548067 -0.875780
 447.000000 1.615892 -0.890013
 448.000000 1.563721 -0.935269
 449.000000 1.495844 -0.802449
 450.000000 1.545940 -0.966888
 451.000000 1.474711 -0.861987
 452.000000 1.525431 -0.950413
 453.000000 1.367800 -0.899196
 454.000000 1.540052 -0.925153
 455.000000 1.659868 -0.923515
 456.000000 1.634835 -0.864191
 457.000000 1.695489 -0.917243
 458.000000 1.597379 -0.919149
 459.000000 1.626686 -0.870760
 460.000000 1.574011 -0.870002
 461.000000 1.630249 -0.860569
 462.000000 1.614305 -0.860491
 463.000000 1.572177 -0.846912
 464.000000 1.633378 -0.849958
 465.000000 1.464508 -0.873763
 466.000000 1.592247 -0.816883
 467.000000 1.530262 -0.767943
 468.000000 1.612902 -0.815471
 469.000000 1.615098 -0.694491
 470.000000 1.610801 -0.833484
 471.000000 1.716197 -0.780097
 472.000000 1.581369 -0.809582
 473.000000 1.504184 -0.762638
 474.000000 1.605872 -0.822132
 475.000000 1.523029 -0.772815
 476.000000 1.589618 -0.851492
 477.000000 1.547955 -0.875774
 478.000000 1.556047 -0.930105
 479.000000 1.551168 -0.851999
 480.000000 1.509148 -0.878383
 481.000000 1.623096 -0.837437
 482.000000 1.593434 -0.838981
 483.000000 1.587397 -0.808247
 484.000000 1.619869 -0.833858
 485.000000 1.548338 -0.800370
 486.000000 1.656363 -0.878748
 487.000000 1.547254 -0.822925
 488.000000 1.634687 -0.803843
 489.000000 1.647558 -0.810855
 490.000000 1.528738 -0.799490
 491.000000 1.630312 -0.733966
 492.000000 1.532454 -0.774306
 493.000000 1.597518 -0.807083
 494.000000 1.665462 -0.754125
 495.000000 1.632086 -0.781714
 496.000000 1.641868 -0.749804
 497.000000 1.586890 -0.701023
 498.000000 1.628968 -0.840024
 499.000000 1.616046 -0.822082
 500.000000 1.474218 -0.812935
 501.000000 1.629717 -0.803824
 502.000000 1.532709 -0.823552
 503.000000 1.621346 -0.893588
 504.000000 1.598264 -0.770263
 505.000000 1.521516 -0.744923
 506.000000 1.587769 -0.744421
 507.000000 1.547071 -0.908326
 508.000000 1.517789 -0.821597
 509.000000 1.590821 -0.815998
 510.000000 1.615823 -0.796327
 511.000000 1.504844 -0.782098
 512.000000 1.528220 -0.811849
 513.000000 1.622250 -0.871186
 514.000000 1.518651 -0.851251
 515.000000 1.553982 -0.847154
 516.000000 1.490957 -0.808076
 517.000000 1.525863 -0.856654
 518.000000 1.605786 -0.804916
 519.000000 1.497653 -0.843793
 520.000000 1.590103 -0.956763
 521.000000 1.607366 -0.967845
 522.000000 1.453692 -0.899875
 523.000000 1.566398 -0.990249
 524.000000 1.595710 -0.856336
 525.000000 1.586453 -0.894169
 526.000000 1.565379 -0.855794
 527.000000 1.587397 -0.903576
 528.000000 1.582694 -0.888142
 529.000000 1.570349 -0.923029
 530.000000 1.381405 -0.872097
 531.000000 1.509247 -0.859760
 532.000000 1.559248 -0.852840
 533.000000 1.575033 -0.883795
 534.000000 1.540013 -0.826696
 535.000000 1.603447 -0.905035
 536.000000 1.543798 -0.840707
 537.000000 1.410360 -0.869899
 538.000000 1.663590 -0.872748
 539.000000 1.554212 -0.931739
 540.000000 1.679498 -0.858406
 541.000000 1.559922 -0.806057
 542.000000 1.648426 -0.877685
 543.000000 1.657607 -0.952904
 544.000000 1.532785 -0.829591
 545.000000 1.598088 -0.855534
 546.000000 1.553743 -0.888154
 547.000000 1.481039 -1.008711
 548.000000 1.618654 -0.898470
 549.000000 1.584486 -0.789930
 550.000000 1.623108 -0.873691
 551.000000 1.646601 -0.822947
 552.000000 1.577196 -0.856926
 553.000000 1.570441 -0.826328
 554.000000 1.605975 -0.707062
 555.000000 1.612346 -0.761911
 556.000000 1.548031 -0.756046
 557.000000 1.517320 -0.901941
 558.000000 1.441371 -0.859961
 559.000000 1.505997 -0.869534
 560.000000 1.463186 -0.935131
 561.000000 1.560942 -0.881962
 562.000000 1.548091 -0.814298
 563.000000 1.591614 -0.870663
 564.000000 1.521568 -0.829626
 565.000000 1.429624 -0.869041
 566.000000 1.500166 -0.847234
 567.000000 1.523949 -0.863647
 568.000000 1.553238 -0.871845
 569.000000 1.538193 -0.844356
 570.000000 1.512107 -0.894927
 571.000000 1.517497 -0.756353
 572.000000 1.612731 -0.887268
 573.000000 1.464994 -0.792420
 574.000000 1.538818 -0.810953
 575.000000 1.584663 -0.842708
 576.000000 1.548044 -0.931543
 577.000000 1.531572 -0.773170
 578.000000 1.571382 -0.888700
 579.000000 1.553678 -0.935346
 580.000000 1.542944 -0.891122
 581.000000 1.569247 -0.862624
 582.000000 1.569496 -0.900706
 583.000000 1.604113 -0.893051
 584.000000 1.547566 -0.746195
 585.000000 1.519300 -0.814390
 586.000000 1.561535 -0.771982
 587.000000 1.597751 -0.837522
 588.000000 1.519271 -0.882026
 589.000000 1.553230 -0.790476
 590.000000 1.564407 -0.801072
 591.000000 1.546798 -0.842806
 592.000000 1.496164 -0.839455
 593.000000 1.422837 -0.837221
 594.000000 1.516321 -0.939106
 595.000000 1.480324 -0.958369
 596.000000 1.460170 -0.813340
 597.000000 1.496145 -0.899738
 598.000000 1.509473 -0.811551
 599.000000 1.585512 -0.834142
 600.000000 1.644450 -0.837591
 601.000000 1.446503 -0.916823
 602.000000 1.596344 -0.872603
 603.000000 1.589153 -0.936730
 604.000000 1.511191 -0.876076
 605.000000 1.602589 -0.786282
 606.000000 1.525153 -0.947690
 607.000000 1.591907 -0.924752
 608.000000 1.533072 -0.837432
 609.000000 1.543806 -0.793293
 610.000000 1.512765 -0.795775
 611.000000 1.596904 -0.816972
 612.000000 1.511983 -0.797648
 613.000000 1.531890 -0.811250
 614.000000 1.566182 -0.866280
 615.000000 1.603137 -0.895090
 616.000000 1.528014 -0.835831
 617.000000 1.539503 -0.858132
 618.000000 1.408400 -0.805288
 619.000000 1.468845 -0.847612
 620.000000 1.560277 -0.793782
 621.000000 1.562948 -0.758033
 622.000000 1.372205 -0.932783
 623.000000 1.392569 -0.797587
 624.000000 1.506449 -0.883222
 625.000000 1.690478 -0.753833
 626.000000 1.528060 -0.857558
 627.000000 1.546715 -0.833496
 628.000000 1.585215 -0.796792
 629.000000 1.479820 -0.772473
 630.000000 1.601275 -0.772950
 631.000000 1.566980 -0.844651
 632.000000 1.590450 -0.772445
 633.000000 1.467311 -0.802184
 634.000000 1.586719 -0.915613
 635.000000 1.566329 -1.023042
 636.000000 1.425934 -0.934760
 637.000000 1.577153 -0.836333
 638.000000 1.562165 -0.943257
 639.000000 1.534423 -0.959588
 640.000000 1.531536 -0.986164
 641.000000 1.475484 -0.915965
 642.000000 1.501214 -0.964648
 643.000000 1.576940 -0.964769
 644.000000 1.462325 -0.891772
 645.000000 1.472569 -0.911116
 646.000000 1.454909 -0.874933
 647.000000 1.477313 -0.896533
 648.000000 1.603208 -0.890127
 649.000000 1.419904 -0.930129
 650.000000 1.565083 -0.901450
 651.000000 1.551799 -0.897103
 652.000000 1.572344 -0.867538
 653.000000 1.492417 -0.844890
 654.000000 1.458025 -0.845386
 655.000000 1.607598 -0.880633
 656.000000 1.511393 -0.933791
 657.000000 1.541442 -0.779843
 658.000000 1.538951 -0.863283
 659.000000 1.519802 -0.887861
 660.000000 1.567657 -0.877746
 661.000000 1.574760 -0.868354
 662.000000 1.531733 -0.817755
 663.000000 1.504959 -0.853251
 664.000000 1.573494 -0.874375
 665.000000 1.632392 -0.894021
 666.000000 1.478232 -0.936153
 667.000000 1.530189 -0.920106
 668.000000 1.472764 -0.893414
 669.000000 1.443450 -0.898211
 670.000000 1.553940 -0.950880
 671.000000 1.582298 -0.794477
 672.000000 1.507468 -0.844462
 673.000000 1.650191 -0.815378
 674.000000 1.619020 -0.849327
 675.000000 1.550024 -0.825677
 676.000000 1.524357 -0.844586
 677.000000 1.522256 -0.752006
 678.000000 1.545541 -0.915260
 679.000000 1.479893 -0.852683
 680.000000 1.490001 -0.802462
 681.000000 1.479630 -0.872380
 682.000000 1.561875 -0.925242
 683.000000 1.417990 -0.962403
 684.000000 1.470283 -1.008205
 685.000000 1.371217 -0.917826
 686.000000 1.534142 -0.925263
 687.000000 1.521493 -0.861880
 688.000000 1.554862 -0.932382
 689.000000 1.578581 -0.902455
 690.000000 1.470603 -0.854694
 691.000000 1.558157 -0.872102
 692.000000 1.535256 -0.871301
 693.000000 1.499049 -0.827083
 694.000000 1.548354 -0.820210
 695.000000 1.558373 -0.833500
 696.000000 1.499204 -0.830899
 697.000000 1.638746 -0.893980
 698.000000 1.452700 -0.929851
 699.000000 1.593052 -0.887930
 700.000000 1.710621 -0.857911
 701.000000 1.624730 -0.958069
 702.000000 1.584562 -0.943611
 703.000000 1.577562 -0.901141
 704.000000 1.555095 -0.831874
 705.000000 1.529919 -0.930213
 706.000000 1.499108 -0.845106
 707.000000 1.626627 -0.786269
 708.000000 1.495747 -0.791236
 709.000000 1.468042 -0.853108
 710.000000 1.629161 -0.771846
 711.000000 1.571394 -0.795353
 712.000000 1.657987 -0.808793
 713.000000 1.518427 -0.863146
 714.000000 1.546421 -0.793405
 715.000000 1.516144 -0.856937
 716.000000 1.637007 -0.801151
 717.000000 1.492100 -0.773012
 718.000000 1.624319 -0.821339
 719.000000 1.457207 -0.822692
 720.000000 1.527476 -0.854631
 721.000000 1.483211 -0.805410
 722.000000 1.449988 -0.783533
 723.000000 1.523541 -0.708388
 724.000000 1.609840 -0.880712
 725.000000 1.622649 -0.923315
 726.000000 1.619944 -0.919415
 727.000000 1.590855 -0.817699
 728.000000 1.566986 -0.916074
 729.000000 1.466646 -0.860959
 730.000000 1.518928 -0.863182
 731.000000 1.540188 -0.902878
 732.000000 1.439689 -0.898063
 733.000000 1.512318 -0.912942
 734.000000 1.554048 -0.865490
 735.000000 1.478740 -0.826787
 736.000000 1.434494 -0.784192
 737.000000 1.430169 -0.770167
 738.000000 1.562755 -0.835439
 739.000000 1.531742 -0.866329
 740.000000 1.554024 -0.764476
 741.000000 1.512273 -0.922076
 742.000000 1.598925 -0.873323
 743.000000 1.488315 -0.781780
 744.000000 1.524129 -0.831228
 745.000000 1.543091 -0.779651
 746.000000 1.482786 -0.888226
 747.000000 1.478848 -0.887004
 748.000000 1.457170 -0.919139
 749.000000 1.574391 -0.888472
 750.000000 1.466056 -0.903230
 751.000000 1.562612 -0.937853
 752.000000 1.425424 -0.987130
 753.000000 1.493644 -0.948036
 754.000000 1.619421 -0.841722
 755.000000 1.484771 -0.866736
 756.000000 1.447572 -0.819588
 757.000000 1.564345 -0.905175
 758.000000 1.534715 -0.921506
 759.000000 1.532999 -0.846774
 760.000000 1.592910 -0.927425
 761.000000 1.586818 -0.877703
 762.000000 1.484948 -0.912125
 763.000000 1.567235 -0.876829
 764.000000 1.646932 -0.853867
 765.000000 1.547517 -0.862636
 766.000000 1.530977 -0.827972
 767.000000 1.527170 -0.985220
 768.000000 1.499260 -0.894034
 769.000000 1.489154 -0.902585
 770.000000 1.569795 -0.879125
 771.000000 1.701727 -0.912260
 772.000000 1.580310 -0.904604
 773.000000 1.505973 -0.903392
 774.000000 1.610296 -0.850138
 775.000000 1.649107 -0.865950
 776.000000 1.571816 -0.860920
 777.000000 1.625051 -0.879986
 778.000000 1.568139 -0.894476
 779.000000 1.517132 -0.822289
 780.000000 1.541352 -0.785398
 781.000000 1.615258 -0.825582
 782.000000 1.626509 -0.869966
 783.000000 1.615391 -0.902330
 784.000000 1.624479 -0.770232
 785.000000 1.483460 -0.826121
 786.000000 1.478975 -0.818432
 787.000000 1.533515 -0.813890
 788.000000 1.630181 -0.881688
 789.000000 1.524646 -0.848155
 790.000000 1.581363 -0.852165
 791.000000 1.539429 -0.890907
 792.000000 1.675161 -0.891619
 793.000000 1.641079 -0.846754
 794.000000 1.606664 -0.850723
 795.000000 1.545240 -0.879450
 796.000000 1.700277 -0.856110
 797.000000 1.588955 -0.767226
 798.000000 1.552044 -0.805437
 799.000000 1.605692 -0.826127
 800.000000 1.611205 -0.764572
 801.000000 1.522513 -0.819674
 802.000000 1.489854 -0.880570
 803.000000 1.603293 -0.899263
 804.000000 1.516548 -0.805969
 805.000000 1.537739 -0.772207
 806.000000 1.539371 -0.835468
 807.000000 1.528154 -0.823500
 808.000000 1.498562 -0.780799
 809.000000 1.591299 -0.836091
 810.000000 1.617991 -0.846602
 811.000000 1.620657 -0.894532
 812.000000 1.624103 -0.890751
 813.000000 1.610983 -0.800312
 814.000000 1.581965 -0.874853
 815.000000 1.536887 -0.883062
 816.000000 1.571780 -0.836792
 817.000000 1.633063 -0.849766
 818.000000 1.566684 -0.909875
 819.000000 1.588490 -0.861520
 820.000000 1.483150 -0.817079
 821.000000 1.514992 -0.878327
 822.000000 1.503445 -0.785361
 823.000000 1.468997 -0.870114
 824.000000 1.474880 -0.935306
 825.000000 1.668354 -0.912916
 826.000000 1.502366 -0.870513
 827.000000 1.608794 -0.882767
 828.000000 1.614538 -0.976195
 829.000000 1.486942 -0.860173
 830.000000 1.608182 -0.796559
 831.000000 1.537479 -0.878788
 832.000000 1.645089 -0.958334
 833.000000 1.572829 -0.852214
 834.000000 1.619096 -0.869308
 835.000000 1.488228 -0.894236
 836.000000 1.542037 -0.888095
 837.000000 1.560381 -0.939801
 838.000000 1.636554 -0.824986
 839.000000 1.620437 -0.780208
 840.000000 1.660616 -0.815253
 841.000000 1.647253 -0.822687
 842.000000 1.675215 -0.772881
 843.000000 1.649515 -0.829312
 844.000000 1.597476 -0.841318
 845.000000 1.640754 -0.800534
 846.000000 1.635252 -0.850913
 847.000000 1.607146 -0.822500
 848.000000 1.527007 -0.877741
 849.000000 1.567246 -0.916362
 850.000000 1.542548 -0.899147
 851.000000 1.572496 -0.909163
 852.000000 1.603416 -0.858200
 853.000000 1.495444 -0.858758
 854.000000 1.553124 -0.868828
 855.000000 1.555631 -0.824013
 856.000000 1.473106 -0.809249
 857.000000 1.396452 -0.801469
 858.000000 1.463275 -0.822378
 859.000000 1.395470 -0.851552
 860.000000 1.586371 -0.751792
 861.000000 1.635390 -0.877565
 862.000000 1.423802 -0.946886
 863.000000 1.412607 -0.870081
 864.000000 1.446771 -0.902119
 865.000000 1.557857 -0.958982
 866.000000 1.584513 -0.894089
 867.000000 1.577704 -0.905898
 868.000000 1.529157 -0.945864
 869.000000 1.528994 -0.867281
 870.000000 1.466574 -0.895212
 871.000000 1.604789 -0.917269
 872.000000 1.587840 -0.959683
 873.000000 1.470221 -0.864011
 874.000000 1.606545 -0.879705
 875.000000 1.367955 -0.979554
 876.000000 1.573990 -0.929912
 877.000000 1.576196 -0.954743
 878.000000 1.510337 -0.963266
 879.000000 1.528079 -0.865098
 880.000000 1.420394 -0.904043
 881.000000 1.458290 -0.863333
 882.000000 1.512597 -0.806062
 883.000000 1.623428 -0.876648
 884.000000 1.608444 -0.825177
 885.000000 1.565828 -0.891163
 886.000000 1.588064 -0.858451
 887.000000 1.532433 -0.841379
 888.000000 1.616604 -0.814535
 889.000000 1.497266 -0.825057
 890.000000 1.601963 -0.918182
 891.000000 1.570737 -0.889075
 892.000000 1.502068 -0.809226
 893.000000 1.576172 -0.890952
 894.000000 1.577078 -0.935391
 895.000000 1.519958 -0.869886
 896.000000 1.453948 -0.815001
 897.000000 1.586706 -0.861299
 898.000000 1.445565 -0.901291
 899.000000 1.552700 -0.885499
 900.000000 1.471324 -0.809781
 901.000000 1.564089 -0.780248
 902.000000 1.571121 -0.830754
 903.000000 1.478829 -0.779108
 904.000000 1.625772 -0.772359
 905.000000 1.549991 -0.852901
 906.000000 1.548366 -0.956186
 907.000000 1.612324 -0.929094
 908.000000 1.582995 -0.914422
 909.000000 1.549925 -0.841841
 910.000000 1.520121 -0.898644
 911.000000 1.563982 -0.902022
 912.000000 1.530889 -0.896062
 913.000000 1.582786 -0.905516
 914.000000 1.573159 -0.888368
 915.000000 1.607493 -0.826830
 916.000000 1.602101 -0.914885
 917.000000 1.568381 -0.927150
 918.000000 1.608653 -0.950845
 919.000000 1.549052 -0.902019
 920.000000 1.645112 -0.884197
 921.000000 1.490205 -0.894398
 922.000000 1.604229 -0.821222
 923.000000 1.631857 -0.893127
 924.000000 1.553485 -0.846811
 925.000000 1.552028 -0.823367
 926.000000 1.558786 -0.776922
 927.000000 1.630601 -0.794988
 928.000000 1.589816 -0.878478
 929.000000 1.510352 -0.772261
 930.000000 1.646847 -0.789492
 931.000000 1.659744 -0.803352
 932.000000 1.693240 -0.858394
 933.000000 1.568378 -0.906852
 934.000000 1.528110 -0.848967
 935.000000 1.570112 -0.955841
 936.000000 1.600750 -0.922555
 937.000000 1.689640 -0.859313
 938.000000 1.705889 -0.782292
 939.000000 1.609224 -0.865911
 940.000000 1.548825 -0.827241
 941.000000 1.506040 -0.807298
 942.000000 1.489245 -0.840369
 943.000000 1.594871 -0.904083
 944.000000 1.480253 -0.881983
 945.000000 1.568225 -0.901580
 946.000000 1.565726 -0.823812
 947.000000 1.583423 -0.819645
 948.000000 1.533147 -0.809253
 949.000000 1.576978 -0.764231
 950.000000 1.456247 -0.840328
 951.000000 1.591577 -0.864500
 952.000000 1.485202 -0.834057
 953.000000 1.497677 -0.876579
 954.000000 1.596011 -0.847573
 955.000000 1.630825 -0.816668
 956.000000 1.526963 -0.877547
 957.000000 1.595700 -0.873304
 958.000000 1.578713 -0.899895
 959.000000 1.613214 -0.894626
 960.000000 1.581168 -0.781643
 961.000000 1.622861 -0.778535
 962.000000 1.486313 -0.815753
 963.000000 1.561202 -0.837627
 964.000000 1.550286 -0.817308
 965.000000 1.535108 -0.859258
 966.000000 1.563589 -0.803359
 967.000000 1.642822 -0.875937
 968.000000 1.506044 -0.839189
 969.000000 1.644652 -0.824269
 970.000000 1.577091 -0.854513
 971.000000 1.456426 -0.808159
 972.000000 1.603880 -0.947618
 973.000000 1.625649 -0.860828
 974.000000 1.541660 -0.842111
 975.000000 1.610751 -0.846235
 976.000000 1.584703 -0.856500
 977.000000 1.692360 -0.894940
 978.000000 1.545783 -0.905826
 979.000000 1.624869 -0.828207
 980.000000 1.621721 -0.886261
 981.000000 1.543933 -0.847039
 982.000000 1.527096 -0.834788
 983.000000 1.596604 -0.912278
 984.000000 1.504731 -0.867683
 985.000000 1.545853 -0.931664
 986.000000 1.471095 -0.942387
 987.000000 1.567698 -0.799569
 988.000000 1.525298 -0.910278
 989.000000 1.479535 -0.901906
 990.000000 1.405469 -0.852304
 991.000000 1.550875 -0.957318
 992.000000 1.545913 -0.955930
 993.000000 1.544845 -0.887452
 994.000000 1.530391 -0.850278
 995.000000 1.571768 -0.805807
 996.000000 1.541443 -0.837520
 997.000000 1.611781 -0.899718
 998.000000 1.532377 -0.857366
 999.000000 1.520833 -0.752760
 1000.000000 1.489326 -0.844623
 1001.000000 1.547577 -0.773956
 1002.000000 1.578981 -0.787693
 1003.000000 1.620164 -0.755063
 1004.000000 1.565936 -0.873521
 1005.000000 1.548918 -0.771814
 1006.000000 1.486836 -0.846537
 1007.000000 1.582223 -0.869116
 1008.000000 1.538673 -0.837221
 1009.000000 1.455428 -0.833549
 1010.000000 1.579333 -0.843736
 1011.000000 1.586968 -0.877498
 1012.000000 1.544543 -0.853115
 1013.000000 1.495000 -0.811285
 1014.000000 1.553588 -0.886398
 1015.000000 1.545357 -0.956595
 1016.000000 1.577834 -0.923330
 1017.000000 1.473075 -0.864215
 1018.000000 1.509681 -0.858639
 1019.000000 1.535218 -0.891109
 1020.000000 1.552097 -0.877126
 1021.000000 1.558443 -0.873054
 1022.000000 1.495770 -0.882458
 1023.000000 1.504562 -0.933219
 1024.000000 1.516517 -0.827282
 1025.000000 1.450316 -0.932771
 1026.000000 1.428859 -0.839882
 1027.000000 1.461627 -0.848183
 1028.000000 1.551503 -0.878156
 1029.000000 1.578559 -0.893261
 1030.000000 1.520938 -0.804442
 1031.000000 1.555741 -0.907658
 1032.000000 1.461151 -0.851268
 1033.000000 1.584543 -0.936921
 1034.000000 1.415115 -0.878118
 1035.000000 1.480491 -0.893088
 1036.000000 1.504790 -0.839869
 1037.000000 1.562939 -0.917429
 1038.000000 1.509423 -0.882757
 1039.000000 1.536830 -0.930542
 1040.000000 1.393135 -0.743123
 1041.000000 1.511973 -0.945229
 1042.000000 1.509325 -0.874021
 1043.000000 1.455536 -0.904809
 1044.000000 1.506229 -0.908127
 1045.000000 1.513003 -0.892214
 1046.000000 1.508580 -0.814605
 1047.000000 1.489717 -0.798131
 1048.000000 1.489548 -0.903250
 1049.000000 1.575547 -0.786993
 1050.000000 1.471120 -0.933715
 1051.000000 1.591325 -0.872302
 1052.000000 1.506249 -0.930882
 1053.000000 1.500325 -0.889782
 1054.000000 1.572199 -0.914621
 1055.000000 1.435197 -0.856917
 1056.000000 1.645023 -0.921234
 1057.000000 1.562418 -0.900082
 1058.000000 1.581601 -0.916535
 1059.000000 1.523705 -0.967854
 1060.000000 1.463034 -0.916633
 1061.000000 1.538162 -0.926199
 1062.000000 1.591391 -0.956197
 1063.000000 1.619580 -0.895879
 1064.000000 1.519559 -0.886170
 1065.000000 1.510807 -0.869605
 1066.000000 1.517305 -0.850568
 1067.000000 1.448817 -0.927502
 1068.000000 1.464293 -0.881382
 1069.000000 1.467512 -0.948195
 1070.000000 1.718553 -0.941814
 1071.000000 1.545678 -0.933499
 1072.000000 1.532553 -0.849605
 1073.000000 1.557816 -0.838075
 1074.000000 1.476987 -0.926059
 1075.000000 1.554055 -0.904276
 1076.000000 1.521237 -0.887962
 1077.000000 1.544904 -0.897301
 1078.000000 1.517363 -0.900541
 1079.000000 1.569967 -0.925067
 1080.000000 1.493653 -0.909167
 1081.000000 1.586264 -0.874208
 1082.000000 1.531338 -0.846905
 1083.000000 1.531525 -0.833128
 1084.000000 1.576524 -0.866170
 1085.000000 1.538410 -0.904058
 1086.000000 1.501109 -0.762090
 1087.000000 1.449891 -0.881928
 1088.000000 1.409801 -0.778419
 1089.000000 1.465110 -0.761347
 1090.000000 1.573530 -0.789536
 1091.000000 1.438457 -0.805798
 1092.000000 1.349311 -0.835701
 1093.000000 1.501326 -0.818806
 1094.000000 1.465430 -0.823949
 1095.000000 1.498679 -0.817557
 1096.000000 1.445807 -0.813538
 1097.000000 1.585640 -0.905551
 1098.000000 1.542933 -0.931754
 1099.000000 1.577491 -0.875211
 1100.000000 1.536606 -0.853613
 1101.000000 1.503298 -0.823407
 1102.000000 1.548717 -0.774423
 1103.000000 1.602166 -0.805298
 1104.000000 1.561919 -0.799045
 1105.000000 1.568522 -0.901174
 1106.000000 1.540383 -0.916237
 1107.000000 1.598527 -0.818620
 1108.000000 1.572569 -0.911827
 1109.000000 1.557440 -0.882688
 1110.000000 1.543950 -0.894204
 1111.000000 1.606003 -0.947362
 1112.000000 1.501141 -0.949309
 1113.000000 1.521221 -0.908973
 1114.000000 1.551577 -0.920346
 1115.000000 1.483033 -0.834320
 1116.000000 1.605803 -0.760554
 1117.000000 1.563553 -0.856074
 1118.000000 1.449714 -0.860774
 1119.000000 1.507639 -0.856244
 1120.000000 1.584619 -0.880983
 1121.000000 1.586675 -0.902390
 1122.000000 1.513536 -0.879191
 1123.000000 1.491221 -0.809400
 1124.000000 1.383014 -0.767961
 1125.000000 1.507250 -0.885280
 1126.000000 1.408901 -0.814684
 1127.000000 1.553347 -0.790539
 1128.000000 1.490362 -0.827901
 1129.000000 1.434991 -0.922638
 1130.000000 1.399460 -0.884750
 1131.000000 1.555528 -0.789315
 1132.000000 1.633393 -0.785296
 1133.000000 1.391077 -0.839265
 1134.000000 1.474999 -0.914474
 1135.000000 1.508774 -0.975131
 1136.000000 1.572206 -0.823556
 1137.000000 1.577634 -0.820563
 1138.000000 1.601722 -0.847654
 1139.000000 1.476229 -0.876192
 1140.000000 1.531742 -0.845336
 1141.000000 1.394684 -0.873111
 1142.000000 1.516179 -0.856143
 1143.000000 1.471580 -0.898150
 1144.000000 1.405689 -0.828156
 1145.000000 1.533327 -0.853175
 1146.000000 1.403448 -0.922214
 1147.000000 1.538912 -0.894774
 1148.000000 1.495495 -0.934539
 1149.000000 1.596254 -0.820110
 1150.000000 1.454724 -0.791187
 1151.000000 1.516275 -0.805785
 1152.000000 1.426136 -0.876205
 1153.000000 1.489862 -0.868421
 1154.000000 1.450279 -0.880711
 1155.000000 1.481933 -0.800115
 1156.000000 1.320584 -0.851698
 1157.000000 1.394679 -0.950895
 1158.000000 1.358320 -0.847950
 1159.000000 1.553219 -0.872637
 1160.000000 1.569392 -0.804776
 1161.000000 1.411312 -0.819523
 1162.000000 1.388733 -0.878872
 1163.000000 1.446437 -0.881938
 1164.000000 1.529993 -0.872217
 1165.000000 1.535251 -0.840007
 1166.000000 1.549218 -0.839214
 1167.000000 1.425870 -0.873979
 1168.000000 1.655483 -0.897909
 1169.000000 1.416544 -0.851578
 1170.000000 1.507609 -0.833160
 1171.000000 1.484964 -0.772516
 1172.000000 1.488142 -0.824503
 1173.000000 1.420179 -0.831235
 1174.000000 1.479581 -0.766522
 1175.000000 1.424594 -0.882127
 1176.000000 1.402797 -0.903330
 1177.000000 1.497545 -0.947818
 1178.000000 1.409145 -0.860025
 1179.000000 1.515106 -0.839371
 1180.000000 1.484670 -0.829179
 1181.000000 1.501277 -0.798562
 1182.000000 1.575979 -0.796780
 1183.000000 1.450952 -0.795330
 1184.000000 1.510276 -0.835577
 1185.000000 1.540638 -0.744839
 1186.000000 1.566055 -0.845262
 1187.000000 1.573524 -0.831100
 1188.000000 1.478932 -0.735187
 1189.000000 1.508093 -0.829798
 1190.000000 1.517375 -0.789610
 1191.000000 1.506834 -0.770126
 1192.000000 1.560529 -0.698631
 1193.000000 1.494528 -0.803357
 1194.000000 1.524379 -0.777315
 1195.000000 1.528976 -0.763203
 1196.000000 1.649426 -0.786353
 1197.000000 1.637592 -0.734984
 1198.000000 1.596067 -0.789657
 1199.000000 1.603165 -0.765840
 1200.000000 1.641091 -0.785786
 1201.000000 1.652843 -0.827782
 1202.000000 1.470202 -0.798556
 1203.000000 1.481307 -0.805691
 1204.000000 1.523965 -0.784697
 1205.000000 1.549134 -0.873665
 1206.000000 1.551689 -0.767151
 1207.000000 1.576228 -0.800624
 1208.000000 1.503795 -0.840393
 1209.000000 1.515402 -0.732340
 1210.000000 1.596988 -0.777770
 1211.000000 1.514009 -0.787768
 1212.000000 1.544340 -0.842368
 1213.000000 1.569900 -0.815840
 1214.000000 1.578227 -0.838667
 1215.000000 1.516948 -0.900468
 1216.000000 1.578797 -0.820149
 1217.000000 1.647149 -0.852353
 1218.000000 1.533656 -0.852797
 1219.000000 1.506132 -0.823193
 1220.000000 1.584254 -0.815620
 1221.000000 1.565605 -0.957633
 1222.000000 1.606982 -0.857779
 1223.000000 1.551478 -0.853680
 1224.000000 1.549056 -0.860888
 1225.000000 1.580815 -0.944979
 1226.000000 1.660295 -0.891713
 1227.000000 1.442330 -0.919100
 1228.000000 1.569666 -0.813633
 1229.000000 1.432735 -0.896815
 1230.000000 1.571404 -0.877066
 1231.000000 1.556733 -0.885527
 1232.000000 1.410100 -0.833154
 1233.000000 1.489054 -0.841331
 1234.000000 1.568537 -0.849566
 1235.000000 1.539520 -0.906115
 1236.000000 1.445828 -0.890350
 1237.000000 1.616407 -0.878767
 1238.000000 1.473783 -0.863624
 1239.000000 1.721893 -0.946439
 1240.000000 1.722109 -0.852942
 1241.000000 1.650221 -0.844521
 1242.000000 1.649617 -0.834943
 1243.000000 1.710748 -0.828202
 1244.000000 1.571358 -0.841917
 1245.000000 1.561225 -0.778146
 1246.000000 1.635948 -0.889031
 1247.000000 1.503445 -0.860366
 1248.000000 1.574949 -0.828150
 1249.000000 1.580386 -0.881811
 1250.000000 1.533649 -0.886606
 1251.000000 1.660862 -0.812525
 1252.000000 1.547355 -0.800101
 1253.000000 1.596112 -0.804100
 1254.000000 1.608456 -0.778103
 1255.000000 1.585042 -0.771751
 1256.000000 1.628269 -0.718232
 1257.000000 1.670334 -0.836064
 1258.000000 1.640362 -0.739288
 1259.000000 1.589345 -0.685774
 1260.000000 1.694426 -0.772371
 1261.000000 1.476928 -0.780887
 1262.000000 1.518854 -0.810506
 1263.000000 1.584606 -0.773272
 1264.000000 1.586853 -0.827750
 1265.000000 1.546069 -0.773416
 1266.000000 1.503742 -0.818438
 1267.000000 1.483550 -0.817405
 1268.000000 1.564405 -0.866898
 1269.000000 1.512030 -0.811732
 1270.000000 1.530067 -0.750741
 1271.000000 1.527098 -0.759627
 1272.000000 1.587696 -0.794311
 1273.000000 1.510963 -0.802744
 1274.000000 1.591794 -0.871297
 1275.000000 1.545255 -0.791487
 1276.000000 1.575580 -0.842811
 1277.000000 1.605588 -0.877209
 1278.000000 1.611722 -0.861130
 1279.000000 1.610385 -0.818795
 1280.000000 1.601902 -0.873321
 1281.000000 1.668556 -0.776064
 1282.000000 1.534168 -0.873586
 1283.000000 1.519881 -0.906469
 1284.000000 1.547114 -0.877824
 1285.000000 1.590978 -0.856616
 1286.000000 1.568646 -0.795374
 1287.000000 1.540756 -0.867735
 1288.000000 1.500169 -0.925195
 1289.000000 1.465964 -0.869312
 1290.000000 1.493508 -0.880349
 1291.000000 1.566393 -0.832318
 1292.000000 1.650826 -0.900226
 1293.000000 1.633190 -0.787415
 1294.000000 1.537052 -0.819668
 1295.000000 1.706298 -0.902083
 1296.000000 1.684791 -0.816802
 1297.000000 1.603205 -0.794823
 1298.000000 1.545075 -0.908125
 1299.000000 1.518069 -0.825077
 1300.000000 1.537672 -0.810646
 1301.000000 1.433930 -0.776255
 1302.000000 1.560421 -0.806142
 1303.000000 1.558406 -0.816060
 1304.000000 1.482663 -0.799020
 1305.000000 1.458561 -0.799176
 1306.000000 1.532142 -0.856790
 1307.000000 1.443636 -0.839516
 1308.000000 1.482995 -0.893673
 1309.000000 1.555855 -0.818234
 1310.000000 1.512643 -0.844031
 1311.000000 1.527488 -0.936397
 1312.000000 1.607647 -0.891735
 1313.000000 1.662425 -0.844941
 1314.000000 1.567470 -0.772302
 1315.000000 1.660677 -0.839592
 1316.000000 1.707615 -0.900812
 1317.000000 1.539149 -0.897463
 1318.000000 1.490710 -0.853586
 1319.000000 1.500827 -0.938421
 1320.000000 1.577332 -0.904741
 1321.000000 1.559040 -0.819078
 1322.000000 1.561573 -0.881699
 1323.000000 1.504944 -0.817362
 1324.000000 1.489132 -0.835045
 1325.000000 1.606633 -0.874475
 1326.000000 1.533111 -0.852876
 1327.000000 1.551280 -0.878665
 1328.000000 1.627920 -0.825274
 1329.000000 1.663719 -0.801535
 1330.000000 1.528466 -0.830525
 1331.000000 1.669565 -0.829690
 1332.000000 1.559012 -0.802332
 1333.000000 1.454912 -0.788895
 1334.000000 1.523752 -0.856260
 1335.000000 1.539168 -0.903080
 1336.000000 1.582671 -0.860237
 1337.000000 1.621020 -0.886889
 1338.000000 1.581926 -0.909686
 1339.000000 1.622931 -0.879345
 1340.000000 1.637897 -0.832784
 1341.000000 1.575830 -0.888933
 1342.000000 1.622288 -0.833657
 1343.000000 1.605564 -0.882069
 1344.000000 1.474429 -0.886957
 1345.000000 1.599612 -0.783827
 1346.000000 1.575607 -0.781815
 1347.000000 1.480129 -0.804315
 1348.000000 1.490690 -0.770557
 1349.000000 1.552063 -0.907053
 1350.000000 1.393264 -0.784531
 1351.000000 1.582376 -0.790182
 1352.000000 1.545930 -0.793997
 1353.000000 1.629196 -0.819061
 1354.000000 1.504119 -0.803696
 1355.000000 1.612789 -0.904582
 1356.000000 1.552540 -0.911406
 1357.000000 1.674611 -0.777482
 1358.000000 1.595045 -0.762172
 1359.000000 1.481042 -0.838829
 1360.000000 1.648465 -0.885530
 1361.000000 1.542521 -0.700336
 1362.000000 1.601543 -0.744594
 1363.000000 1.599470 -0.821585
 1364.000000 1.643022 -0.821150
 1365.000000 1.541933 -0.750974
 1366.000000 1.644372 -0.798495
 1367.000000 1.605660 -0.784514
 1368.000000 1.663551 -0.787646
 1369.000000 1.701749 -0.814058
 1370.000000 1.654690 -0.774978
 1371.000000 1.654199 -0.810037
 1372.000000 1.602217 -0.837933
 1373.000000 1.515590 -0.827042
 1374.000000 1.612786 -0.680654
 1375.000000 1.490610 -0.768430
 1376.000000 1.487144 -0.821221
 1377.000000 1.633658 -0.865309
 1378.000000 1.597136 -0.773474
 1379.000000 1.599918 -0.845373
 1380.000000 1.520991 -0.788059
 1381.000000 1.621617 -0.759689
 1382.000000 1.547934 -0.793463
 1383.000000 1.567858 -0.801881
 1384.000000 1.612488 -0.811220
 1385.000000 1.726356 -0.852306
 1386.000000 1.527078 -0.831616
 1387.000000 1.520580 -0.789845
 1388.000000 1.564210 -0.858363
 1389.000000 1.516594 -0.843286
 1390.000000 1.752315 -0.872014
 1391.000000 1.421461 -0.862927
 1392.000000 1.583545 -0.949716
 1393.000000 1.619935 -0.877516
 1394.000000 1.597957 -0.842272
 1395.000000 1.612388 -0.824844
 1396.000000 1.541564 -0.852288
 1397.000000 1.618015 -0.824299
 1398.000000 1.539689 -0.827461
 1399.000000 1.588734 -0.917294
 1400.000000 1.556254 -0.818733
 1401.000000 1.662473 -0.810627
 1402.000000 1.581695 -0.802588
 1403.000000 1.608518 -0.832302
 1404.000000 1.607963 -0.888375
 1405.000000 1.550096 -0.849447
 1406.000000 1.603426 -0.838186
 1407.000000 1.568073 -0.924268
 1408.000000 1.584458 -0.871836
 1409.000000 1.534296 -0.874456
 1410.000000 1.695412 -0.914808
 1411.000000 1.580447 -0.815340
 1412.000000 1.577905 -0.797467
 1413.000000 1.584323 -0.790961
 1414.000000 1.620778 -0.807311
 1415.000000 1.661303 -0.861053
 1416.000000 1.600677 -0.771057
 1417.000000 1.625549 -0.763527
 1418.000000 1.719824 -0.769832
 1419.000000 1.611629 -0.777924
 1420.000000 1.750902 -0.797401
 1421.000000 1.582278 -0.732496
 1422.000000 1.543964 -0.749820
 1423.000000 1.726619 -0.803759
 1424.000000 1.617023 -0.829505
 1425.000000 1.580771 -0.847724
 1426.000000 1.551747 -0.895584
 1427.000000 1.484817 -0.900539
 1428.000000 1.490808 -0.881488
 1429.000000 1.676684 -0.800198
 1430.000000 1.623905 -0.872378
 1431.000000 1.634892 -0.841749
 1432.000000 1.697432 -0.839781
 1433.000000 1.589687 -0.870948
 1434.000000 1.625624 -0.829696
 1435.000000 1.669070 -0.803387
 1436.000000 1.584752 -0.842195
 1437.000000 1.629161 -0.745228
 1438.000000 1.568187 -0.902560
 1439.000000 1.486200 -0.796792
 1440.000000 1.506947 -0.827563
 1441.000000 1.558848 -0.858324
 1442.000000 1.586273 -0.744378
 1443.000000 1.575615 -0.788249
 1444.000000 1.592236 -0.894313
 1445.000000 1.556386 -0.746346
 1446.000000 1.537895 -0.731454
 1447.000000 1.578177 -0.861294
 1448.000000 1.545450 -0.888918
 1449.000000 1.579159 -0.801716
 1450.000000 1.558759 -0.866522
 1451.000000 1.570004 -0.777047
 1452.000000 1.618197 -0.851444
 1453.000000 1.602624 -0.767146
 1454.000000 1.627262 -0.817618
 1455.000000 1.611464 -0.900624
 1456.000000 1.468127 -0.818453
 1457.000000 1.673476 -0.746960
 1458.000000 1.610680 -0.769537
 1459.000000 1.629873 -0.809189
 1460.000000 1.626513 -0.841149
 1461.000000 1.566387 -0.791687
 1462.000000 1.485061 -0.784410
 1463.000000 1.601287 -0.813490
 1464.000000 1.535674 -0.833235
 1465.000000 1.593149 -0.873817
 1466.000000 1.538099 -0.855462
 1467.000000 1.645727 -0.826804
 1468.000000 1.678465 -0.810179
 1469.000000 1.624246 -0.783009
 1470.000000 1.323509 -0.803434
 1471.000000 1.534904 -0.825167
 1472.000000 1.574988 -0.761642
 1473.000000 1.634556 -0.860832
 1474.000000 1.487234 -0.727798
 1475.000000 1.528615 -0.861777
 1476.000000 1.552221 -0.823837
 1477.000000 1.625053 -0.736904
 1478.000000 1.629491 -0.711934
 1479.000000 1.649178 -0.775834
 1480.000000 1.579437 -0.747905
 1481.000000 1.593600 -0.834370
 1482.000000 1.707245 -0.815261
 1483.000000 1.612227 -0.856286
 1484.000000 1.611357 -0.864005
 1485.000000 1.627361 -0.831339
 1486.000000 1.655631 -0.791592
 1487.000000 1.607584 -0.873122
 1488.000000 1.523487 -0.894300
 1489.000000 1.554318 -0.779600
 1490.000000 1.603591 -0.809984
 1491.000000 1.552152 -0.738492
 1492.000000 1.589360 -0.769712
 1493.000000 1.484548 -0.819129
 1494.000000 1.727140 -0.786524
 1495.000000 1.551227 -0.805334
 1496.000000 1.579689 -0.853343
 1497.000000 1.664945 -0.805287
 1498.000000 1.577076 -0.894585
 1499.000000 1.545147 -0.913262
 1500.000000 1.484626 -0.829313
 1501.000000 1.573759 -0.755556
 1502.000000 1.466441 -0.892984
 1503.000000 1.514339 -0.892680
 1504.000000 1.475313 -0.867666
 1505.000000 1.565870 -0.784475
 1506.000000 1.478505 -0.800532
 1507.000000 1.597242 -0.807352
 1508.000000 1.528483 -0.907052
 1509.000000 1.475088 -0.954711
 1510.000000 1.524054 -0.862563
 1511.000000 1.502037 -0.946545
 1512.000000 1.496632 -0.884418
 1513.000000 1.594026 -0.771125
 1514.000000 1.586922 -0.895855
 1515.000000 1.648705 -0.939780
 1516.000000 1.555379 -0.787844
 1517.000000 1.581290 -0.858201
 1518.000000 1.617866 -0.765772
 1519.000000 1.627142 -0.860545
 1520.000000 1.662191 -0.885952
 1521.000000 1.524205 -0.823176
 1522.000000 1.614290 -0.851836
 1523.000000 1.595595 -0.855047
 1524.000000 1.580733 -0.901218
 1525.000000 1.615096 -0.882769
 1526.000000 1.475279 -0.823243
 1527.000000 1.575219 -0.878721
 1528.000000 1.617004 -0.863116
 1529.000000 1.519010 -0.816767
 1530.000000 1.552772 -0.853520
 1531.000000 1.491462 -0.941893
 1532.000000 1.466321 -0.875310
 1533.000000 1.560692 -0.804128
 1534.000000 1.531174 -0.758164
 1535.000000 1.480190 -0.904701
 1536.000000 1.592712 -0.859445
 1537.000000 1.460533 -0.868745
 1538.000000 1.490453 -0.940204
 1539.000000 1.490665 -0.862264
 1540.000000 1.502314 -0.791471
 1541.000000 1.469892 -0.797211
 1542.000000 1.476911 -0.778087
 1543.000000 1.535002 -0.812200
 1544.000000 1.576307 -0.833933
 1545.000000 1.667645 -0.804891
 1546.000000 1.487336 -0.838107
 1547.000000 1.522806 -0.809955
 1548.000000 1.603906 -0.905598
 1549.000000 1.500189 -0.814397
 1550.000000 1.523028 -0.827746
 1551.000000 1.500550 -0.839087
 1552.000000 1.549793 -0.901180
 1553.000000 1.564420 -0.901192
 1554.000000 1.513675 -0.801349
 1555.000000 1.645178 -0.826356
 1556.000000 1.643035 -0.846489
 1557.000000 1.529074 -0.833581
 1558.000000 1.590171 -0.749296
 1559.000000 1.479611 -0.881892
 1560.000000 1.559280 -0.824451
 1561.000000 1.556592 -0.924409
 1562.000000 1.593136 -0.840991
 1563.000000 1.599118 -0.826785
 1564.000000 1.688388 -0.855541
 1565.000000 1.652921 -0.875254
 1566.000000 1.527343 -0.872479
 1567.000000 1.514719 -0.900436
 1568.000000 1.468523 -0.928587
 1569.000000 1.625931 -0.819193
 1570.000000 1.483421 -0.773388
 1571.000000 1.621076 -0.762745
 1572.000000 1.480031 -0.824126
 1573.000000 1.506014 -0.842514
 1574.000000 1.507928 -0.866334
 1575.000000 1.534635 -0.785098
 1576.000000 1.489659 -0.885334
 1577.000000 1.524594 -0.816511
 1578.000000 1.609656 -0.830483
 1579.000000 1.604615 -0.858856
 1580.000000 1.540512 -0.842553
 1581.000000 1.533729 -0.784842
 1582.000000 1.619208 -0.760280
 1583.000000 1.666871 -0.764552
 1584.000000 1.557680 -0.767303
 1585.000000 1.594655 -0.803908
 1586.000000 1.536792 -0.798713
 1587.000000 1.572552 -0.768433
 1588.000000 1.516515 -0.803761
 1589.000000 1.488594 -0.742807
 1590.000000 1.468373 -0.810109
 1591.000000 1.499287 -0.798847
 1592.000000 1.525347 -0.783367
 1593.000000 1.529354 -0.872074
 1594.000000 1.435097 -0.933722
 1595.000000 1.589464 -0.877050
 1596.000000 1.437275 -0.841413
 1597.000000 1.509485 -0.802933
 1598.000000 1.484442 -0.784162
 1599.000000 1.479661 -0.848173
 1600.000000 1.509817 -0.781163
 1601.000000 1.624042 -0.738964
 1602.000000 1.514954 -0.753389
 1603.000000 1.547864 -0.835038
 1604.000000 1.528369 -0.759160
 1605.000000 1.612899 -0.849443
 1606.000000 1.597537 -0.822396
 1607.000000 1.560553 -0.811056
 1608.000000 1.537126 -0.916559
 1609.000000 1.521939 -0.923780
 1610.000000 1.596651 -0.827796
 1611.000000 1.606242 -0.780035
 1612.000000 1.592628 -0.784919
 1613.000000 1.497310 -0.917938
 1614.000000 1.444893 -0.831205
 1615.000000 1.455954 -0.915889
 1616.000000 1.513867 -0.803875
 1617.000000 1.543676 -0.856040
 1618.000000 1.542270 -0.911138
 1619.000000 1.518793 -0.772943
 1620.000000 1.548580 -0.841586
 1621.000000 1.572543 -0.813745
 1622.000000 1.488178 -0.845113
 1623.000000 1.514572 -0.927825
 1624.000000 1.578184 -0.830697
 1625.000000 1.635894 -0.784175
 1626.000000 1.521634 -0.894184
 1627.000000 1.512268 -0.855404
 1628.000000 1.586625 -0.730975
 1629.000000 1.566484 -0.778240
 1630.000000 1.561851 -0.852939
 1631.000000 1.456096 -0.856151
 1632.000000 1.550773 -0.807293
 1633.000000 1.541149 -0.929967
 1634.000000 1.568580 -0.845382
 1635.000000 1.582360 -0.837870
 1636.000000 1.482424 -0.851700
 1637.000000 1.529273 -0.858938
 1638.000000 1.592824 -0.975652
 1639.000000 1.486618 -0.864070
 1640.000000 1.546747 -0.789286
 1641.000000 1.613853 -0.791757
 1642.000000 1.541602 -0.876273
 1643.000000 1.516672 -0.849766
 1644.000000 1.666783 -0.772884
 1645.000000 1.541034 -0.804217
 1646.000000 1.554961 -0.848225
 1647.000000 1.627868 -0.835521
 1648.000000 1.632658 -0.866045
 1649.000000 1.600212 -0.867574
 1650.000000 1.487386 -0.854135
 1651.000000 1.527937 -0.866482
 1652.000000 1.496168 -0.805103
 1653.000000 1.416902 -0.837507
 1654.000000 1.571149 -0.866945
 1655.000000 1.532523 -0.896915
 1656.000000 1.558672 -0.824652
 1657.000000 1.551480 -0.748043
 1658.000000 1.456512 -0.835859
 1659.000000 1.490778 -0.906875
 1660.000000 1.507244 -0.877596
 1661.000000 1.468374 -0.820086
 1662.000000 1.488366 -0.898809
 1663.000000 1.509888 -0.867275
 1664.000000 1.467515 -0.711383
 1665.000000 1.556949 -0.783828
 1666.000000 1.564831 -0.830281
 1667.000000 1.586615 -0.870361
 1668.000000 1.498464 -0.870234
 1669.000000 1.591777 -0.818235
 1670.000000 1.493641 -0.842037
 1671.000000 1.560570 -0.828095
 1672.000000 1.612373 -0.816884
 1673.000000 1.560166 -0.872612
 1674.000000 1.587173 -0.767671
 1675.000000 1.445752 -0.851011
 1676.000000 1.524108 -0.849496
 1677.000000 1.523647 -0.884158
 1678.000000 1.517755 -0.800285
 1679.000000 1.586679 -0.802589
 1680.000000 1.562568 -0.811070
 1681.000000 1.514538 -0.829477
 1682.000000 1.711814 -0.854997
 1683.000000 1.564619 -0.795248
 1684.000000 1.562019 -0.866518
 1685.000000 1.580799 -0.796069
 1686.000000 1.610006 -0.808853
 1687.000000 1.539841 -0.840345
 1688.000000 1.534962 -0.821518
 1689.000000 1.555806 -0.899613
 1690.000000 1.517216 -0.811249
 1691.000000 1.504955 -0.817082
 1692.000000 1.554326 -0.762487
 1693.000000 1.481525 -0.760200
 1694.000000 1.559454 -0.719043
 1695.000000 1.461812 -0.781210
 1696.000000 1.520287 -0.847365
 1697.000000 1.586599 -0.719981
 1698.000000 1.579304 -0.841135
 1699.000000 1.611699 -0.805728
 1700.000000 1.627457 -0.826828
 1701.000000 1.494564 -0.862141
 1702.000000 1.492620 -0.899506
 1703.000000 1.459610 -0.910583
 1704.000000 1.392489 -0.825825
 1705.000000 1.505220 -0.827145
 1706.000000 1.584126 -0.840161
 1707.000000 1.574582 -0.808533
 1708.000000 1.469931 -0.739160
 1709.000000 1.596475 -0.729226
 1710.000000 1.490840 -0.831817
 1711.000000 1.546234 -0.786725
 1712.000000 1.409565 -0.875501
 1713.000000 1.561735 -0.774900
 1714.000000 1.535965 -0.827545
 1715.000000 1.505029 -0.793737
 1716.000000 1.474492 -0.860808
 1717.000000 1.523847 -0.879758
 1718.000000 1.550147 -0.841021
 1719.000000 1.552981 -0.845798
 1720.000000 1.502509 -0.808615
 1721.000000 1.525309 -0.878160
 1722.000000 1.565146 -0.767679
 1723.000000 1.500106 -0.871925
 1724.000000 1.453711 -0.895950
 1725.000000 1.540847 -0.766084
 1726.000000 1.517280 -0.828596
 1727.000000 1.490422 -0.854126
 1728.000000 1.459574 -0.795898
 1729.000000 1.475013 -0.855251
 1730.000000 1.524670 -0.819937
 1731.000000 1.556596 -0.889722
 1732.000000 1.527309 -0.853515
 1733.000000 1.492570 -0.889423
 1734.000000 1.486837 -0.783115
 1735.000000 1.485206 -0.873849
 1736.000000 1.600232 -0.832029
 1737.000000 1.503547 -0.895917
 1738.000000 1.533395 -0.802074
 1739.000000 1.512247 -0.741257
 1740.000000 1.578720 -0.825468
 1741.000000 1.441197 -0.892458
 1742.000000 1.527315 -0.872402
 1743.000000 1.738157 -0.835579
 1744.000000 1.563369 -0.800468
 1745.000000 1.604605 -0.678408
 1746.000000 1.577697 -0.761047
 1747.000000 1.471771 -0.820049
 1748.000000 1.593140 -0.826688
 1749.000000 1.625374 -0.818302
 1750.000000 1.617054 -0.777787
 1751.000000 1.574031 -0.727102
 1752.000000 1.552283 -0.737617
 1753.000000 1.500887 -0.792372
 1754.000000 1.418727 -0.769302
 1755.000000 1.444738 -0.857410
 1756.000000 1.643078 -0.769507
 1757.000000 1.591784 -0.754854
 1758.000000 1.536436 -0.672652
 1759.000000 1.571382 -0.794329
 1760.000000 1.676378 -0.797555
 1761.000000 1.489506 -0.800015
 1762.000000 1.613914 -0.848405
 1763.000000 1.605446 -0.792116
 1764.000000 1.590274 -0.735424
 1765.000000 1.559221 -0.772329
 1766.000000 1.552743 -0.807616
 1767.000000 1.504687 -0.902288
 1768.000000 1.481320 -0.834098
 1769.000000 1.628424 -0.824943
 1770.000000 1.642436 -0.776846
 1771.000000 1.629228 -0.843296
 1772.000000 1.441698 -0.784781
 1773.000000 1.570274 -0.753384
 1774.000000 1.507964 -0.836698
 1775.000000 1.531575 -0.855087
 1776.000000 1.433529 -0.842642
 1777.000000 1.531351 -0.812505
 1778.000000 1.566584 -0.841883
 1779.000000 1.550340 -0.822052
 1780.000000 1.525894 -0.842943
 1781.000000 1.574619 -0.777391
 1782.000000 1.614514 -0.859811
 1783.000000 1.580112 -0.797774
 1784.000000 1.654774 -0.838755
 1785.000000 1.520116 -0.952916
 1786.000000 1.536550 -0.865096
 1787.000000 1.567948 -0.881355
 1788.000000 1.608302 -0.869721
 1789.000000 1.564260 -0.842007
 1790.000000 1.519893 -0.888732
 1791.000000 1.555099 -0.822741
 1792.000000 1.580223 -0.859350
 1793.000000 1.508693 -0.848322
 1794.000000 1.584498 -0.877743
 1795.000000 1.658371 -0.874237
 1796.000000 1.629212 -0.882929
 1797.000000 1.619920 -0.862409
 1798.000000 1.503358 -0.910885
 1799.000000 1.557336 -0.812583
 1800.000000 1.635695 -0.868480
 1801.000000 1.536575 -0.838030
 1802.000000 1.620560 -0.908671
 1803.000000 1.603233 -0.839373
 1804.000000 1.529648 -0.897113
 1805.000000 1.578747 -0.888643
 1806.000000 1.534824 -0.861663
 1807.000000 1.520531 -0.885624
 1808.000000 1.536087 -0.825669
 1809.000000 1.447529 -0.869995
 1810.000000 1.599240 -0.844638
 1811.000000 1.601748 -0.896859
 1812.000000 1.665647 -0.782234
 1813.000000 1.630563 -0.879294
 1814.000000 1.645087 -0.827463
 1815.000000 1.556380 -0.893626
 1816.000000 1.674312 -0.899629
 1817.000000 1.562359 -0.936132
 1818.000000 1.573188 -0.873413
 1819.000000 1.495449 -0.895571
 1820.000000 1.604793 -0.867516
 1821.000000 1.726626 -0.850704
 1822.000000 1.605632 -0.879000
 1823.000000 1.594121 -0.863723
 1824.000000 1.656797 -0.883152
 1825.000000 1.649092 -0.914893
 1826.000000 1.817374 -0.811237
 1827.000000 1.665962 -0.859823
 1828.000000 1.654059 -0.953116
 1829.000000 1.750975 -0.893315
 1830.000000 1.654403 -0.910879
 1831.000000 1.596358 -0.891525
 1832.000000 1.631214 -0.915302
 1833.000000 1.711712 -0.838154
 1834.000000 1.633155 -0.892535
 1835.000000 1.568215 -0.942316
 1836.000000 1.485088 -0.842849
 1837.000000 1.423526 -0.775156
 1838.000000 1.411458 -0.921587
 1839.000000 1.500435 -0.973393
 1840.000000 1.596129 -0.967660
 1841.000000 1.495712 -0.870879
 1842.000000 1.580024 -0.878236
 1843.000000 1.589664 -0.902728
 1844.000000 1.663928 -0.888299
 1845.000000 1.618134 -0.843058
 1846.000000 1.539053 -0.942119
 1847.000000 1.547802 -0.806820
 1848.000000 1.697621 -0.854531
 1849.000000 1.558983 -0.845116
 1850.000000 1.606281 -0.899690
 1851.000000 1.707056 -0.833349
 1852.000000 1.569808 -0.864689
 1853.000000 1.544576 -0.860620
 1854.000000 1.576711 -0.798329
 1855.000000 1.666903 -0.871001
 1856.000000 1.682222 -0.781364
 1857.000000 1.576395 -0.856942
 1858.000000 1.566245 -0.964436
 1859.000000 1.587400 -0.916604
 1860.000000 1.600844 -0.906162
 1861.000000 1.547997 -0.830254
 1862.000000 1.626422 -0.832077
 1863.000000 1.576525 -0.873872
 1864.000000 1.508236 -0.812019
 1865.000000 1.488770 -0.873952
 1866.000000 1.587829 -0.828238
 1867.000000 1.566618 -0.926625
 1868.000000 1.429333 -0.895865
 1869.000000 1.449816 -0.957708
 1870.000000 1.585633 -0.858383
 1871.000000 1.553072 -0.814729
 1872.000000 1.505408 -0.816366
 1873.000000 1.629707 -0.762583
 1874.000000 1.660560 -0.859404
 1875.000000 1.546362 -0.784737
 1876.000000 1.468132 -0.864176
 1877.000000 1.652733 -0.824708
 1878.000000 1.605300 -0.782830
 1879.000000 1.612056 -0.763888
 1880.000000 1.544062 -0.781143
 1881.000000 1.538345 -0.751552
 1882.000000 1.536314 -0.699792
 1883.000000 1.615666 -0.714293
 1884.000000 1.627185 -0.796275
 1885.000000 1.605371 -0.781350
 1886.000000 1.604143 -0.765166
 1887.000000 1.683431 -0.717708
 1888.000000 1.556867 -0.771316
 1889.000000 1.548802 -0.820042
 1890.000000 1.547991 -0.849985
 1891.000000 1.601278 -0.827988
 1892.000000 1.555593 -0.834209
 1893.000000 1.619051 -0.870820
 1894.000000 1.667391 -0.730776
 1895.000000 1.639985 -0.703980
 1896.000000 1.597200 -0.770314
 1897.000000 1.619128 -0.775799
 1898.000000 1.547383 -0.809831
 1899.000000 1.478725 -0.677986
 1900.000000 1.621220 -0.712914
 1901.000000 1.641062 -0.742770
 1902.000000 1.501033 -0.806342
 1903.000000 1.582873 -0.750283
 1904.000000 1.528424 -0.774851
 1905.000000 1.542700 -0.725698
 1906.000000 1.594811 -0.764066
 1907.000000 1.513805 -0.772599
 1908.000000 1.472131 -0.890973
 1909.000000 1.586048 -0.736269
 1910.000000 1.635833 -0.746723
 1911.000000 1.544021 -0.761819
 1912.000000 1.634589 -0.835618
 1913.000000 1.557247 -0.872816
 1914.000000 1.658118 -0.855104
 1915.000000 1.541364 -0.875793
 1916.000000 1.608662 -0.848422
 1917.000000 1.630640 -0.806955
 1918.000000 1.480527 -0.809765
 1919.000000 1.516138 -0.919760
 1920.000000 1.499270 -0.858795
 1921.000000 1.582092 -0.923013
 1922.000000 1.672148 -0.802584
 1923.000000 1.599922 -0.941597
 1924.000000 1.566926 -0.919801
 1925.000000 1.693743 -0.943553
 1926.000000 1.635569 -0.894273
 1927.000000 1.716570 -0.925093
 1928.000000 1.673667 -0.951323
 1929.000000 1.659902 -0.829237
 1930.000000 1.642173 -0.870557
 1931.000000 1.682317 -0.832130
 1932.000000 1.750288 -0.821289
 1933.000000 1.622273 -0.790337
 1934.000000 1.618808 -0.906240
 1935.000000 1.808444 -0.949514
 1936.000000 1.616811 -0.926725
 1937.000000 1.675956 -0.884936
 1938.000000 1.713215 -0.911102
 1939.000000 1.681411 -0.903012
 1940.000000 1.633028 -0.902745
 1941.000000 1.640160 -0.884016
 1942.000000 1.731117 -0.911408
 1943.000000 1.524270 -0.888149
 1944.000000 1.449753 -0.953180
 1945.000000 1.573443 -0.842356
 1946.000000 1.672611 -0.859354
 1947.000000 1.580050 -0.849021
 1948.000000 1.570776 -0.838625
 1949.000000 1.672200 -0.825856
 1950.000000 1.517109 -0.797005
 1951.000000 1.680344 -0.809187
 1952.000000 1.628625 -0.866017
 1953.000000 1.570517 -0.828889
 1954.000000 1.594094 -0.928705
 1955.000000 1.598218 -0.844287
 1956.000000 1.665107 -0.934168
 1957.000000 1.625281 -0.857497
 1958.000000 1.580578 -0.887645
 1959.000000 1.525396 -1.015311
 1960.000000 1.608754 -0.826075
 1961.000000 1.641729 -0.723325
 1962.000000 1.626582 -0.661450
 1963.000000 1.666664 -0.846338
 1964.000000 1.638690 -0.804553
 1965.000000 1.585776 -0.817469
 1966.000000 1.610096 -0.823954
 1967.000000 1.635834 -0.831116
 1968.000000 1.537729 -0.785767
 1969.000000 1.568826 -0.788476
 1970.000000 1.583855 -0.832513
 1971.000000 1.662156 -0.762810
 1972.000000 1.588110 -0.772309
 1973.000000 1.519577 -0.762717
 1974.000000 1.616987 -0.777563
 1975.000000 1.645388 -0.865627
 1976.000000 1.529363 -0.878209
 1977.000000 1.588551 -0.855855
 1978.000000 1.581131 -0.856190
 1979.000000 1.546986 -0.827932
 1980.000000 1.586247 -0.857396
 1981.000000 1.503261 -0.847452
 1982.000000 1.579923 -0.892479
 1983.000000 1.628699 -0.792641
 1984.000000 1.581987 -0.756602
 1985.000000 1.556515 -0.720951
 1986.000000 1.584551 -0.816850
 1987.000000 1.538512 -0.917086
 1988.000000 1.531621 -0.905295
 1989.000000 1.538719 -0.816212
 1990.000000 1.682591 -0.882919
 1991.000000 1.537361 -0.871611
 1992.000000 1.604966 -0.845545
 1993.000000 1.570487 -0.805254
 1994.000000 1.572770 -0.882237
 1995.000000 1.650302 -0.797921
 1996.000000 1.523240 -0.878220
 1997.000000 1.588255 -0.884314
 1998.000000 1.563698 -0.869916
 1999.000000 1.536588 -0.859682
 2000.000000 1.544895 -0.865752
 2001.000000 1.639146 -0.825726
 2002.000000 1.641136 -0.889937
 2003.000000 1.599829 -0.834757
 2004.000000 1.687752 -0.911828
 2005.000000 1.448390 -0.929649
 2006.000000 1.497331 -0.879370
 2007.000000 1.549952 -0.903372
 2008.000000 1.617582 -0.874159
 2009.000000 1.614065 -0.900184
 2010.000000 1.535813 -0.912397
 2011.000000 1.419859 -0.878450
 2012.000000 1.554935 -0.861414
 2013.000000 1.588880 -0.887709
 2014.000000 1.458783 -0.783630
 2015.000000 1.602281 -0.846817
 2016.000000 1.546057 -0.840822
 2017.000000 1.586022 -0.838082
 2018.000000 1.505147 -0.792120
 2019.000000 1.561711 -0.762063
 2020.000000 1.708845 -0.834679
 2021.000000 1.563944 -0.849063
 2022.000000 1.689716 -0.890963
 2023.000000 1.516515 -0.944189
 2024.000000 1.617271 -0.944336
 2025.000000 1.524055 -0.861771
 2026.000000 1.642930 -0.883787
 2027.000000 1.552863 -0.840352
 2028.000000 1.509571 -0.832596
 2029.000000 1.565878 -0.808917
 2030.000000 1.621523 -0.854208
 2031.000000 1.585615 -0.824873
 2032.000000 1.560499 -0.796872
 2033.000000 1.757946 -0.762612
 2034.000000 1.598501 -0.847077
 2035.000000 1.485829 -0.852048
 2036.000000 1.447278 -0.894966
 2037.000000 1.503810 -0.809967
 2038.000000 1.595886 -0.890551
 2039.000000 1.518283 -0.833615
 2040.000000 1.607159 -0.792149
 2041.000000 1.541843 -0.845957
 2042.000000 1.558268 -0.753907
 2043.000000 1.548889 -0.896734
 2044.000000 1.544654 -0.815787
 2045.000000 1.532421 -0.849241
 2046.000000 1.592470 -0.892656
 2047.000000 1.715445 -0.930854
 2048.000000 1.555914 -0.871180
 2049.000000 1.529408 -0.847712
 2050.000000 1.492922 -0.838089
 2051.000000 1.523860 -0.897446
 2052.000000 1.550248 -0.939147
 2053.000000 1.533163 -0.828316
 2054.000000 1.609377 -0.922575
 2055.000000 1.617498 -0.815573
 2056.000000 1.520660 -0.790494
 2057.000000 1.528517 -0.935995
 2058.000000 1.668341 -0.879422
 2059.000000 1.511536 -0.839825
 2060.000000 1.581261 -0.878820
 2061.000000 1.659909 -0.886698
 2062.000000 1.599915 -0.809777
 2063.000000 1.590942 -0.883632
 2064.000000 1.724622 -0.936014
 2065.000000 1.491218 -0.924402
 2066.000000 1.495476 -0.881165
 2067.000000 1.589116 -0.895014
 2068.000000 1.462201 -0.932604
 2069.000000 1.635726 -0.798852
 2070.000000 1.612452 -0.898551
 2071.000000 1.592084 -0.894999
 2072.000000 1.575332 -0.990835
 2073.000000 1.601232 -0.900334
 2074.000000 1.583928 -0.971997
 2075.000000 1.685883 -0.959661
 2076.000000 1.588843 -0.808247
 2077.000000 1.688199 -0.832383
 2078.000000 1.687578 -0.829706
 2079.000000 1.686337 -0.852741
 2080.000000 1.647358 -0.884093
 2081.000000 1.647930 -0.847729
 2082.000000 1.654359 -0.946216
 2083.000000 1.718669 -0.876925
 2084.000000 1.722882 -0.841477
 2085.000000 1.604812 -0.902730
 2086.000000 1.634036 -0.893283
 2087.000000 1.627291 -0.824181
 2088.000000 1.485095 -0.980500
 2089.000000 1.560054 -0.888452
 2090.000000 1.575611 -0.784273
 2091.000000 1.686834 -0.834258
 2092.000000 1.682941 -0.902125
 2093.000000 1.637440 -0.885982
 2094.000000 1.599367 -1.007245
 2095.000000 1.620773 -0.932073
 2096.000000 1.655651 -0.781817
 2097.000000 1.618550 -0.773312
 2098.000000 1.536578 -0.863363
 2099.000000 1.734801 -0.860016
 2100.000000 1.655174 -0.881823
 2101.000000 1.570121 -0.817755
 2102.000000 1.584817 -0.859048
 2103.000000 1.639317 -0.889038
 2104.000000 1.618519 -0.872825
 2105.000000 1.661433 -0.923974
 2106.000000 1.806534 -0.880573
 2107.000000 1.626378 -0.935982
 2108.000000 1.674285 -0.936885
 2109.000000 1.645204 -0.920966
 2110.000000 1.683086 -0.940220
 2111.000000 1.622072 -0.983641
 2112.000000 1.676744 -0.928099
 2113.000000 1.739102 -0.914648
 2114.000000 1.559786 -0.860057
 2115.000000 1.702837 -0.910841
 2116.000000 1.620728 -0.772198
 2117.000000 1.683181 -0.828842
 2118.000000 1.563922 -0.843068
 2119.000000 1.580361 -0.762261
 2120.000000 1.634348 -0.865787
 2121.000000 1.599089 -0.825950
 2122.000000 1.591624 -0.865004
 2123.000000 1.615694 -0.913667
 2124.000000 1.628425 -0.926633
 2125.000000 1.640244 -0.898912
 2126.000000 1.638986 -0.957923
 2127.000000 1.542788 -0.876684
 2128.000000 1.481836 -0.909392
 2129.000000 1.566754 -0.891290
 2130.000000 1.594803 -0.899405
 2131.000000 1.602309 -0.781064
 2132.000000 1.704219 -0.910727
 2133.000000 1.591652 -0.922211
 2134.000000 1.608684 -0.849477
 2135.000000 1.519653 -0.864390
 2136.000000 1.643656 -0.966763
 2137.000000 1.641751 -0.981323
 2138.000000 1.668318 -0.904382
 2139.000000 1.515089 -0.915331
 2140.000000 1.655396 -0.909929
 2141.000000 1.659729 -0.886055
 2142.000000 1.719408 -0.855598
 2143.000000 1.640612 -0.935571
 2144.000000 1.617048 -0.901122
 2145.000000 1.660546 -0.861267
 2146.000000 1.664121 -0.881147
 2147.000000 1.590687 -0.849995
 2148.000000 1.740738 -0.879552
 2149.000000 1.667800 -0.790963
 2150.000000 1.552352 -0.810052
 2151.000000 1.668721 -0.854967
 2152.000000 1.646476 -0.864122
 2153.000000 1.690856 -0.851829
 2154.000000 1.597567 -0.876613
 2155.000000 1.672961 -0.885458
 2156.000000 1.561339 -0.849809
 2157.000000 1.692697 -0.918859
 2158.000000 1.600605 -0.884521
 2159.000000 1.582023 -0.804296
 2160.000000 1.564496 -0.766752
 2161.000000 1.648993 -0.877391
 2162.000000 1.721674 -0.806741
 2163.000000 1.602199 -0.782098
 2164.000000 1.659478 -0.817664
 2165.000000 1.669556 -0.804744
 2166.000000 1.745526 -0.869111
 2167.000000 1.593000 -0.821245
 2168.000000 1.656585 -0.860578
 2169.000000 1.684855 -0.824190
 2170.000000 1.667197 -0.841220
 2171.000000 1.663051 -0.840516
 2172.000000 1.661066 -0.843727
 2173.000000 1.602518 -0.871511
 2174.000000 1.707894 -0.872632
 2175.000000 1.638628 -0.828669
 2176.000000 1.565821 -0.774400
 2177.000000 1.693206 -0.918330
 2178.000000 1.606879 -0.867338
 2179.000000 1.624131 -0.849966
 2180.000000 1.756437 -0.806964
 2181.000000 1.746623 -0.859588
 2182.000000 1.771870 -0.880628
 2183.000000 1.627527 -0.908738
 2184.000000 1.695082 -0.891835
 2185.000000 1.793888 -0.858279
 2186.000000 1.692837 -0.865939
 2187.000000 1.721164 -0.839392
 2188.000000 1.705655 -0.883737
 2189.000000 1.720322 -0.766902
 2190.000000 1.656220 -0.842144
 2191.000000 1.679073 -0.821666
 2192.000000 1.617124 -0.904790
 2193.000000 1.621193 -0.777333
 2194.000000 1.657078 -0.886243
 2195.000000 1.766037 -0.924278
 2196.000000 1.766035 -0.846096
 2197.000000 1.656097 -0.790694
 2198.000000 1.764175 -0.884318
 2199.000000 1.625706 -0.811691
 2200.000000 1.643451 -0.865296
 2201.000000 1.601540 -0.843494
 2202.000000 1.625411 -0.748464
 2203.000000 1.568372 -0.879161
 2204.000000 1.632664 -0.872894
 2205.000000 1.576353 -0.767677
 2206.000000 1.639589 -0.862651
 2207.000000 1.599857 -0.826469
 2208.000000 1.596331 -0.886865
 2209.000000 1.683767 -0.918674
 2210.000000 1.679993 -0.819892
 2211.000000 1.715875 -0.849242
 2212.000000 1.569388 -0.847526
 2213.000000 1.588451 -0.814838
 2214.000000 1.636036 -0.802427
 2215.000000 1.559648 -0.802706
 2216.000000 1.552660 -0.823331
 2217.000000 1.584684 -0.827399
 2218.000000 1.622117 -0.821053
 2219.000000 1.615421 -0.864117
 2220.000000 1.718536 -0.901358
 2221.000000 1.622471 -0.859401
 2222.000000 1.676611 -0.726799
 2223.000000 1.673697 -0.877587
 2224.000000 1.655808 -0.915847
 2225.000000 1.673200 -0.876321
 2226.000000 1.688131 -0.826601
 2227.000000 1.626293 -0.789002
 2228.000000 1.757725 -0.833855
 2229.000000 1.594248 -0.821921
 2230.000000 1.674684 -0.755753
 2231.000000 1.617372 -0.812440
 2232.000000 1.590895 -0.902122
 2233.000000 1.628576 -0.890094
 2234.000000 1.600172 -0.845823
 2235.000000 1.574969 -0.913439
 2236.000000 1.631570 -0.872102
 2237.000000 1.622282 -0.816868
 2238.000000 1.577423 -0.878093
 2239.000000 1.603627 -0.794842
 2240.000000 1.643542 -0.805446
 2241.000000 1.496795 -0.843702
 2242.000000 1.605790 -0.757963
 2243.000000 1.595912 -0.761532
 2244.000000 1.587199 -0.814099
 2245.000000 1.595111 -0.789837
 2246.000000 1.648605 -0.906016
 2247.000000 1.664939 -0.901067
 2248.000000 1.444926 -0.892352
 2249.000000 1.612020 -0.881432
 2250.000000 1.650689 -0.806324
 2251.000000 1.713694 -0.912578
 2252.000000 1.627572 -0.792460
 2253.000000 1.734637 -0.845368
 2254.000000 1.689847 -0.860271
 2255.000000 1.631949 -0.796346
 2256.000000 1.605889 -0.841251
 2257.000000 1.670025 -0.888216
 2258.000000 1.542047 -0.847419
 2259.000000 1.717898 -0.877455
 2260.000000 1.617014 -0.924131
 2261.000000 1.604743 -0.896421
 2262.000000 1.718045 -0.871549
 2263.000000 1.597994 -0.830274
 2264.000000 1.631450 -0.922721
 2265.000000 1.726917 -0.817312
 2266.000000 1.680501 -0.873275
 2267.000000 1.716771 -0.871782
 2268.000000 1.620880 -0.909164
 2269.000000 1.702196 -0.942505
 2270.000000 1.722654 -0.945888
 2271.000000 1.698774 -0.839967
 2272.000000 1.594905 -0.809032
 2273.000000 1.733422 -0.815415
 2274.000000 1.682497 -0.766222
 2275.000000 1.592090 -0.895647
 2276.000000 1.593442 -0.911368
 2277.000000 1.620917 -0.927812
 2278.000000 1.634667 -0.901967
 2279.000000 1.653673 -0.796746
 2280.000000 1.651504 -0.860285
 2281.000000 1.705367 -0.811689
 2282.000000 1.637074 -0.853604
 2283.000000 1.700901 -0.840347
 2284.000000 1.616439 -0.831233
 2285.000000 1.663929 -0.931476
 2286.000000 1.551034 -0.860629
 2287.000000 1.555580 -0.855975
 2288.000000 1.733046 -0.806019
 2289.000000 1.656407 -0.842595
 2290.000000 1.504685 -0.700663
 2291.000000 1.621173 -0.790518
 2292.000000 1.580294 -0.821850
 2293.000000 1.644890 -0.819401
 2294.000000 1.590855 -0.871775
 2295.000000 1.501323 -0.787261
 2296.000000 1.589069 -0.829932
 2297.000000 1.738077 -0.894748
 2298.000000 1.677548 -0.799723
 2299.000000 1.648333 -0.833322
 2300.000000 1.674374 -0.828172
 2301.000000 1.662856 -0.777540
 2302.000000 1.546622 -0.823355
 2303.000000 1.654519 -0.897415
 2304.000000 1.724074 -0.835247
 2305.000000 1.545568 -0.824790
 2306.000000 1.654849 -0.906381
 2307.000000 1.674947 -0.823120
 2308.000000 1.683178 -0.860813
 2309.000000 1.719898 -0.852481
 2310.000000 1.614427 -0.799046
 2311.000000 1.624616 -0.850967
 2312.000000 1.610988 -0.875277
 2313.000000 1.690173 -0.855750
 2314.000000 1.713973 -0.904457
 2315.000000 1.690715 -0.863469
 2316.000000 1.648440 -0.857523
 2317.000000 1.621382 -0.870769
 2318.000000 1.681734 -0.949179
 2319.000000 1.766978 -0.863531
 2320.000000 1.591222 -0.876095
 2321.000000 1.721321 -0.932225
 2322.000000 1.689196 -0.829061
 2323.000000 1.663396 -0.940699
 2324.000000 1.641369 -0.869646
 2325.000000 1.583259 -0.834651
 2326.000000 1.615280 -0.900055
 2327.000000 1.706421 -0.827739
 2328.000000 1.659256 -0.847868
 2329.000000 1.636441 -0.834103
 2330.000000 1.568552 -0.851769
 2331.000000 1.585057 -0.903194
 2332.000000 1.664807 -0.887791
 2333.000000 1.688647 -0.879190
 2334.000000 1.575768 -0.926081
 2335.000000 1.592110 -0.883935
 2336.000000 1.655699 -0.894826
 2337.000000 1.660039 -0.883975
 2338.000000 1.637053 -0.882752
 2339.000000 1.609364 -0.902140
 2340.000000 1.686164 -0.900795
 2341.000000 1.648766 -0.929317
 2342.000000 1.613891 -0.962717
 2343.000000 1.585953 -0.879883
 2344.000000 1.608786 -0.932478
 2345.000000 1.675331 -0.809686
 2346.000000 1.626948 -0.884432
 2347.000000 1.527414 -0.878811
 2348.000000 1.527430 -0.831977
 2349.000000 1.680050 -0.844066
 2350.000000 1.638682 -0.845687
 2351.000000 1.652243 -0.863147
 2352.000000 1.656610 -0.868146
 2353.000000 1.662493 -0.776724
 2354.000000 1.634750 -0.887528
 2355.000000 1.633005 -0.843661
 2356.000000 1.844214 -0.886629
 2357.000000 1.562643 -0.856016
 2358.000000 1.610129 -0.907510
 2359.000000 1.633900 -0.949359
 2360.000000 1.636074 -0.964300
 2361.000000 1.751499 -0.870831
 2362.000000 1.702458 -0.814425
 2363.000000 1.627447 -0.857364
 2364.000000 1.627039 -0.852686
 2365.000000 1.603875 -0.866033
 2366.000000 1.722686 -0.885011
 2367.000000 1.647684 -0.864863
 2368.000000 1.676462 -0.859662
 2369.000000 1.618505 -0.815891
 2370.000000 1.550419 -0.813541
 2371.000000 1.571752 -0.823993
 2372.000000 1.696312 -0.854565
 2373.000000 1.655315 -0.946420
 2374.000000 1.665898 -0.905664
 2375.000000 1.640865 -0.977609
 2376.000000 1.623884 -0.853574
 2377.000000 1.622424 -0.853554
 2378.000000 1.728859 -0.926082
 2379.000000 1.652447 -0.855835
 2380.000000 1.575018 -0.899703
 2381.000000 1.685817 -0.897109
 2382.000000 1.710930 -0.866439
 2383.000000 1.644006 -0.933887
 2384.000000 1.682224 -0.815889
 2385.000000 1.566997 -0.898103
 2386.000000 1.568533 -0.859642
 2387.000000 1.654663 -0.858547
 2388.000000 1.638442 -0.842439
 2389.000000 1.742647 -0.923442
 2390.000000 1.562232 -0.820235
 2391.000000 1.609877 -0.866999
 2392.000000 1.579016 -0.855487
 2393.000000 1.518063 -0.800963
 2394.000000 1.635383 -0.854163
 2395.000000 1.576532 -0.902962
 2396.000000 1.605621 -0.904686
 2397.000000 1.463695 -0.843623
 2398.000000 1.450542 -0.866218
 2399.000000 1.455476 -0.914136
 2400.000000 1.599805 -0.919278
 2401.000000 1.537200 -0.875286
 2402.000000 1.497844 -0.879969
 2403.000000 1.696274 -0.918755
 2404.000000 1.569242 -0.896465
 2405.000000 1.475877 -0.802929
 2406.000000 1.604554 -0.829793
 2407.000000 1.524441 -0.822824
 2408.000000 1.568666 -0.815712
 2409.000000 1.595012 -0.910490
 2410.000000 1.563403 -0.896426
 2411.000000 1.609018 -0.869883
 2412.000000 1.574109 -0.944348
 2413.000000 1.539240 -0.863584
 2414.000000 1.607234 -0.908528
 2415.000000 1.619775 -0.818771
 2416.000000 1.553202 -0.855789
 2417.000000 1.618198 -0.876066
 2418.000000 1.558365 -0.905295
 2419.000000 1.507239 -0.931537
 2420.000000 1.582412 -0.852982
 2421.000000 1.612561 -0.892340
 2422.000000 1.587584 -0.920690
 2423.000000 1.416547 -0.870571
 2424.000000 1.548392 -0.983141
 2425.000000 1.548862 -0.916638
 2426.000000 1.542401 -0.958449
 2427.000000 1.467628 -0.884970
 2428.000000 1.617319 -0.967881
 2429.000000 1.490629 -1.009422
 2430.000000 1.431104 -1.031296
 2431.000000 1.532188 -0.897981
 2432.000000 1.517023 -1.004745
 2433.000000 1.641239 -0.926575
 2434.000000 1.419860 -0.933696
 2435.000000 1.590149 -0.954097
 2436.000000 1.594716 -0.899270
 2437.000000 1.597481 -0.895273
 2438.000000 1.660250 -0.915990
 2439.000000 1.649055 -0.928211
 2440.000000 1.580932 -0.908941
 2441.000000 1.498818 -0.945594
 2442.000000 1.586929 -0.909566
 2443.000000 1.551034 -0.894319
 2444.000000 1.538616 -0.879377
 2445.000000 1.543967 -0.916138
 2446.000000 1.649996 -0.924808
 2447.000000 1.526851 -0.934736
 2448.000000 1.471702 -0.908439
 2449.000000 1.593263 -0.940015
 2450.000000 1.460512 -0.903574
 2451.000000 1.626395 -0.890080
 2452.000000 1.514294 -0.886927
 2453.000000 1.659259 -0.743684
 2454.000000 1.636085 -0.759929
 2455.000000 1.623027 -0.787790
 2456.000000 1.616970 -0.801823
 2457.000000 1.612973 -0.824633
 2458.000000 1.579492 -0.823151
 2459.000000 1.457048 -0.934032
 2460.000000 1.594432 -0.905056
 2461.000000 1.605230 -0.984332
 2462.000000 1.543404 -0.955708
 2463.000000 1.570591 -0.856186
 2464.000000 1.462003 -0.945252
 2465.000000 1.548958 -0.931339
 2466.000000 1.588555 -0.906453
 2467.000000 1.583466 -0.910029
 2468.000000 1.599884 -1.019354
 2469.000000 1.618976 -0.927786
 2470.000000 1.610342 -0.866590
 2471.000000 1.574698 -0.820541
 2472.000000 1.567561 -0.863778
 2473.000000 1.554205 -0.867293
 2474.000000 1.436577 -0.751225
 2475.000000 1.524497 -0.887024
 2476.000000 1.515465 -0.944859
 2477.000000 1.519420 -0.844509
 2478.000000 1.477924 -0.855783
 2479.000000 1.492040 -0.877828
 2480.000000 1.539401 -0.936227
 2481.000000 1.580685 -0.834846
 2482.000000 1.566815 -0.937809
 2483.000000 1.662825 -0.933852
 2484.000000 1.603640 -0.838385
 2485.000000 1.526269 -0.853372
 2486.000000 1.444321 -0.968885
 2487.000000 1.560515 -0.933017
 2488.000000 1.432605 -0.944056
 2489.000000 1.488765 -0.865941
 2490.000000 1.384400 -1.027570
 2491.000000 1.526849 -0.945396
 2492.000000 1.646794 -0.803529
 2493.000000 1.541994 -0.857436
 2494.000000 1.633930 -0.823889
 2495.000000 1.719446 -0.776491
 2496.000000 1.552837 -0.832038
 2497.000000 1.709839 -0.867354
 2498.000000 1.603975 -0.865491
 2499.000000 1.556841 -0.888129
 2500.000000 1.625460 -0.829274
