#! FIELDS time pd_137_140 diff
 0.000000 2.212598 1.465156
 1.000000 2.154644 1.464277
 2.000000 2.214336 1.449000
 3.000000 2.143389 1.422174
 4.000000 2.120394 1.496879
 5.000000 2.224571 1.434914
 6.000000 2.070330 1.434377
 7.000000 2.054996 1.432878
 8.000000 1.991180 1.421661
 9.000000 2.055057 1.366669
 10.000000 2.170380 1.409921
 11.000000 2.129455 1.471502
 12.000000 2.141702 1.399789
 13.000000 2.183829 1.405994
 14.000000 2.146519 1.450098
 15.000000 2.083261 1.357477
 16.000000 2.176152 1.320253
 17.000000 2.084207 1.431753
 18.000000 2.085465 1.332437
 19.000000 2.162568 1.419134
 20.000000 2.127482 1.429484
 21.000000 2.078673 1.430470
 22.000000 2.123511 1.312112
 23.000000 2.087506 1.365197
 24.000000 2.164880 1.337706
 25.000000 2.046742 1.390218
 26.000000 2.120993 1.419424
 27.000000 2.010949 1.290676
 28.000000 2.147349 1.383115
 29.000000 2.082867 1.329567
 30.000000 2.168859 1.395141
 31.000000 2.152329 1.442641
 32.000000 2.168510 1.423899
 33.000000 2.142438 1.433953
 34.000000 2.165417 1.504031
 35.000000 2.234048 1.449977
 36.000000 2.125595 1.471979
 37.000000 2.041442 1.410326
 38.000000 2.113182 1.424660
 39.000000 2.098260 1.471404
 40.000000 2.012866 1.452343
 41.000000 2.165338 1.459172
 42.000000 2.193845 1.399660
 43.000000 2.051781 1.408083
 44.000000 2.050701 1.361926
 45.000000 2.101482 1.408524
 46.000000 2.165046 1.384737
 47.000000 2.060196 1.421112
 48.000000 2.133601 1.456612
 49.000000 2.015194 1.465968
 50.000000 2.168240 1.395446
 51.000000 2.118561 1.406359
 52.000000 2.005616 1.383948
 53.000000 1.954341 1.442436
 54.000000 2.058542 1.388884
 55.000000 2.124416 1.435871
 56.000000 2.107294 1.308190
 57.000000 2.140663 1.385084
 58.000000 2.038857 1.385357
 59.000000 2.101850 1.367534
 60.000000 2.056270 1.279361
 61.000000 2.095372 1.346235
 62.000000 1.965296 1.285268
 63.000000 2.128396 1.278873
 64.000000 2.090316 1.310472
 65.000000 2.082446 1.310257
 66.000000 1.998312 1.426379
 67.000000 2.029147 1.384667
 68.000000 2.097266 1.425789
 69.000000 2.153672 1.472453
 70.000000 2.127017 1.420915
 71.000000 2.006762 1.459829
 72.000000 2.162431 1.402751
 73.000000 2.091821 1.395244
 74.000000 2.011530 1.360559
 75.000000 2.111703 1.322778
 76.000000 2.071634 1.449115
 77.000000 2.069717 1.434753
 78.000000 2.010567 1.376859
 79.000000 2.102691 1.379873
 80.000000 2.036746 1.347921
 81.000000 2.128544 1.403720
 82.000000 2.089144 1.431664
 83.000000 2.050097 1.440680
 84.000000 2.021873 1.401438
 85.000000 2.053800 1.440442
 86.000000 2.122628 1.393960
 87.000000 2.142949 1.434969
 88.000000 2.073647 1.381224
 89.000000 2.061021 1.389030
 90.000000 2.096458 1.455075
 91.000000 2.058566 1.389227
 92.000000 2.124781 1.338987
 93.000000 2.131644 1.420324
 94.000000 2.039120 1.379150
 95.000000 2.101729 1.365349
 96.000000 2.117851 1.351417
 97.000000 2.071980 1.367409
 98.000000 2.092596 1.303345
 99.000000 2.029587 1.249927
 100.000000 2.091357 1.336169
 101.000000 2.128575 1.340927
 102.000000 2.103098 1.465986
 103.000000 2.077954 1.330576
 104.000000 2.155485 1.437204
 105.000000 2.098132 1.440083
 106.000000 2.068827 1.422554
 107.000000 2.168497 1.438000
 108.000000 2.128438 1.421733
 109.000000 2.088517 1.322884
 110.000000 2.060285 1.317664
 111.000000 2.147147 1.384588
 112.000000 2.064149 1.382407
 113.000000 2.042848 1.400878
 114.000000 2.149944 1.342390
 115.000000 2.176063 1.405104
 116.000000 2.206088 1.407437
 117.000000 2.029091 1.378479
 118.000000 2.024301 1.403480
 119.000000 2.097858 1.464537
 120.000000 2.133771 1.439366
 121.000000 2.095392 1.489707
 122.000000 2.085342 1.413869
 123.000000 2.081448 1.420692
 124.000000 2.132889 1.385219
 125.000000 2.074909 1.352087
 126.000000 2.039486 1.312002
 127.000000 2.106965 1.380445
 128.000000 2.143252 1.396271
 129.000000 2.197151 1.406361
 130.000000 2.112395 1.473070
 131.000000 2.116195 1.391484
 132.000000 2.138814 1.405933
 133.000000 2.044575 1.357220
 134.000000 2.113939 1.439897
 135.000000 2.089872 1.438553
 136.000000 2.181168 1.453823
 137.000000 2.077616 1.413112
 138.000000 2.104373 1.394005
 139.000000 2.110661 1.389519
 140.000000 2.089551 1.404365
 141.000000 2.177791 1.397235
 142.000000 2.065328 1.350256
 143.000000 2.180678 1.363729
 144.000000 2.164937 1.393816
 145.000000 2.114388 1.389760
 146.000000 2.148365 1.379969
 147.000000 2.021475 1.414905
 148.000000 2.201339 1.390191
 149.000000 2.078692 1.410764
 150.000000 2.106634 1.417774
 151.000000 2.061474 1.389164
 152.000000 2.130582 1.415537
 153.000000 2.087664 1.414584
 154.000000 2.101009 1.417798
 155.000000 2.130020 1.379067
 156.000000 2.055322 1.362713
 157.000000 2.148995 1.428750
 158.000000 2.204837 1.393543
 159.000000 2.204669 1.377421
 160.000000 2.147239 1.477819
 161.000000 2.039768 1.413985
 162.000000 2.097717 1.422107
 163.000000 2.023389 1.408442
 164.000000 2.176314 1.459107
 165.000000 2.113703 1.421089
 166.000000 2.122234 1.437847
 167.000000 2.090018 1.350052
 168.000000 2.069510 1.440046
 169.000000 2.121834 1.397686
 170.000000 2.160669 1.457718
 171.000000 2.147306 1.401325
 172.000000 2.109342 1.450641
 173.000000 1.979352 1.380386
 174.000000 2.242757 1.394864
 175.000000 2.058828 1.417818
 176.000000 2.090497 1.404597
 177.000000 2.246295 1.358654
 178.000000 2.228901 1.343655
 179.000000 2.104596 1.396683
 180.000000 2.152375 1.426859
 181.000000 2.017469 1.401928
 182.000000 2.096688 1.375906
 183.000000 2.034084 1.428185
 184.000000 2.165847 1.377123
 185.000000 2.179266 1.367120
 186.000000 2.022324 1.451301
 187.000000 2.107304 1.318125
 188.000000 2.091948 1.415349
 189.000000 2.088251 1.443277
 190.000000 2.145163 1.350023
 191.000000 2.065811 1.403185
 192.000000 2.146966 1.416807
 193.000000 2.117539 1.426983
 194.000000 2.062128 1.442824
 195.000000 2.069862 1.443224
 196.000000 2.021351 1.411557
 197.000000 2.215737 1.391344
 198.000000 2.100616 1.438269
 199.000000 2.007020 1.409957
 200.000000 2.144060 1.422152
 201.000000 2.179681 1.410656
 202.000000 2.076577 1.443173
 203.000000 2.037683 1.345069
 204.000000 2.022169 1.389853
 205.000000 2.133155 1.358840
 206.000000 2.049683 1.441731
 207.000000 2.014296 1.461533
 208.000000 2.132689 1.477231
 209.000000 2.074368 1.404957
 210.000000 2.040620 1.489396
 211.000000 2.068396 1.458223
 212.000000 2.076729 1.458328
 213.000000 2.069441 1.424676
 214.000000 2.103269 1.392365
 215.000000 2.071332 1.344077
 216.000000 2.064159 1.387000
 217.000000 2.144862 1.423386
 218.000000 2.154465 1.391433
 219.000000 2.189335 1.407702
 220.000000 2.053599 1.416610
 221.000000 2.155626 1.341980
 222.000000 2.189515 1.354369
 223.000000 2.184193 1.415881
 224.000000 2.060881 1.446299
 225.000000 2.168972 1.412825
 226.000000 2.145380 1.424100
 227.000000 2.170760 1.324547
 228.000000 2.140575 1.330413
 229.000000 2.080620 1.388473
 230.000000 2.065966 1.422185
 231.000000 2.151204 1.434357
 232.000000 2.155960 1.406783
 233.000000 2.063283 1.426629
 234.000000 2.208451 1.496121
 235.000000 2.029131 1.401925
 236.000000 2.148815 1.403441
 237.000000 2.153059 1.487936
 238.000000 2.111860 1.427433
 239.000000 2.162010 1.484426
 240.000000 2.226124 1.398466
 241.000000 2.183126 1.397765
 242.000000 2.142548 1.428433
 243.000000 2.064568 1.394825
 244.000000 2.083172 1.430139
 245.000000 2.038235 1.392041
 246.000000 2.146974 1.397087
 247.000000 2.167451 1.361401
 248.000000 2.152992 1.444469
 249.000000 2.071140 1.436911
 250.000000 2.128010 1.442774
 251.000000 2.064614 1.408851
 252.000000 2.126087 1.371714
 253.000000 2.129464 1.446402
 254.000000 2.129145 1.539211
 255.000000 2.119296 1.401149
 256.000000 2.131516 1.451929
 257.000000 2.115747 1.482258
 258.000000 2.082914 1.444201
 259.000000 2.090960 1.367150
 260.000000 2.139535 1.416820
 261.000000 2.144969 1.378617
 262.000000 2.099768 1.419981
 263.000000 2.116404 1.367638
 264.000000 2.151574 1.435657
 265.000000 2.034262 1.364961
 266.000000 2.089025 1.387251
 267.000000 2.111629 1.382635
 268.000000 2.058573 1.312018
 269.000000 2.128494 1.393671
 270.000000 2.089950 1.419315
 271.000000 2.029842 1.398026
 272.000000 2.131365 1.427638
 273.000000 2.118283 1.428015
 274.000000 2.060912 1.444328
 275.000000 2.269541 1.394029
 276.000000 2.144834 1.391633
 277.000000 2.211663 1.452708
 278.000000 2.157349 1.399080
 279.000000 1.983057 1.448560
 280.000000 2.077865 1.429351
 281.000000 2.133032 1.399180
 282.000000 2.151520 1.425204
 283.000000 2.151207 1.443811
 284.000000 2.161552 1.421929
 285.000000 2.183934 1.377918
 286.000000 2.280734 1.395465
 287.000000 2.062016 1.331347
 288.000000 2.220672 1.340438
 289.000000 2.129141 1.358591
 290.000000 2.122759 1.344988
 291.000000 2.128316 1.360903
 292.000000 2.138056 1.286745
 293.000000 2.045904 1.430391
 294.000000 2.090615 1.451129
 295.000000 2.142681 1.333597
 296.000000 2.156147 1.411331
 297.000000 2.154961 1.432921
 298.000000 2.180464 1.479699
 299.000000 2.136556 1.502686
 300.000000 2.145098 1.394398
 301.000000 2.145787 1.384182
 302.000000 2.171209 1.438821
 303.000000 2.123590 1.410555
 304.000000 2.138400 1.412914
 305.000000 2.125235 1.365121
 306.000000 2.132604 1.325125
 307.000000 2.107353 1.370450
 308.000000 2.069115 1.390134
 309.000000 2.124503 1.341731
 310.000000 2.129781 1.407298
 311.000000 2.072311 1.381334
 312.000000 2.081487 1.393740
 313.000000 2.058297 1.384240
 314.000000 2.104643 1.410158
 315.000000 2.120419 1.407426
 316.000000 2.222287 1.292121
 317.000000 2.028862 1.348823
 318.000000 2.199250 1.372514
 319.000000 2.048847 1.347361
 320.000000 2.211175 1.292646
 321.000000 2.147315 1.302239
 322.000000 2.061947 1.318360
 323.000000 2.050796 1.318469
 324.000000 2.209342 1.368699
 325.000000 2.096668 1.398790
 326.000000 2.128700 1.318235
 327.000000 2.101995 1.330559
 328.000000 2.085071 1.449133
 329.000000 1.975224 1.351909
 330.000000 2.140884 1.474802
 331.000000 2.175867 1.341772
 332.000000 2.155113 1.377301
 333.000000 2.098840 1.353989
 334.000000 2.154606 1.354791
 335.000000 2.118178 1.371616
 336.000000 2.096253 1.453532
 337.000000 2.058603 1.374385
 338.000000 2.082264 1.418789
 339.000000 2.128446 1.422762
 340.000000 2.069855 1.379505
 341.000000 2.076167 1.435166
 342.000000 2.079410 1.437849
 343.000000 2.199928 1.475072
 344.000000 2.163067 1.458579
 345.000000 2.024315 1.385092
 346.000000 2.128690 1.418971
 347.000000 2.014915 1.437816
 348.000000 2.193980 1.399993
 349.000000 2.177877 1.467531
 350.000000 2.105466 1.395126
 351.000000 2.049793 1.357740
 352.000000 2.123080 1.434331
 353.000000 2.083574 1.403974
 354.000000 2.048028 1.345429
 355.000000 2.035360 1.390746
 356.000000 2.095198 1.392123
 357.000000 2.209176 1.470941
 358.000000 2.004650 1.395180
 359.000000 2.068255 1.360603
 360.000000 2.121315 1.406617
 361.000000 2.054815 1.325552
 362.000000 2.160714 1.364590
 363.000000 2.261003 1.449748
 364.000000 2.170237 1.361978
 365.000000 2.139408 1.497764
 366.000000 2.108034 1.345178
 367.000000 2.110632 1.410177
 368.000000 2.207534 1.467788
 369.000000 2.024947 1.503762
 370.000000 2.145591 1.487405
 371.000000 2.119349 1.456065
 372.000000 2.012878 1.436023
 373.000000 2.198671 1.424149
 374.000000 2.086980 1.403370
 375.000000 2.119712 1.370841
 376.000000 2.061911 1.321593
 377.000000 2.147849 1.409749
 378.000000 2.123508 1.443044
 379.000000 2.058666 1.386838
 380.000000 2.171275 1.497297
 381.000000 2.113375 1.423007
 382.000000 2.057785 1.403173
 383.000000 2.076151 1.420908
 384.000000 2.022068 1.429070
 385.000000 2.144903 1.399231
 386.000000 2.119673 1.372398
 387.000000 2.105647 1.406026
 388.000000 2.103553 1.323883
 389.000000 2.027193 1.322195
 390.000000 2.136792 1.385464
 391.000000 2.097286 1.437612
 392.000000 2.193715 1.469405
 393.000000 2.146872 1.440383
 394.000000 2.157726 1.396151
 395.000000 2.079073 1.474273
 396.000000 2.036476 1.366813
 397.000000 2.068182 1.393344
 398.000000 2.057321 1.413436
 399.000000 2.119696 1.453765
 400.000000 2.146947 1.385469
 401.000000 2.091748 1.333199
 402.000000 2.098140 1.345190
 403.000000 2.086881 1.345184
 404.000000 2.151919 1.375144
 405.000000 2.065831 1.339471
 406.000000 2.116493 1.419388
 407.000000 2.121190 1.302896
 408.000000 2.067734 1.294004
 409.000000 2.138105 1.412396
 410.000000 2.058136 1.353504
 411.000000 2.114933 1.405015
 412.000000 2.226034 1.399287
 413.000000 2.120774 1.360147
 414.000000 2.174153 1.386481
 415.000000 2.125869 1.330702
 416.000000 2.139387 1.420551
 417.000000 2.193186 1.423042
 418.000000 2.119290 1.442134
 419.000000 2.038701 1.299256
 420.000000 2.059655 1.381632
 421.000000 2.235196 1.367345
 422.000000 2.185872 1.408004
 423.000000 2.222100 1.435007
 424.000000 2.088542 1.377659
 425.000000 2.131167 1.424940
 426.000000 2.054241 1.432126
 427.000000 2.105543 1.432153
 428.000000 2.037709 1.368491
 429.000000 2.116672 1.384086
 430.000000 2.240951 1.379972
 431.000000 2.193859 1.405004
 432.000000 2.060919 1.404465
 433.000000 2.077129 1.334264
 434.000000 2.108468 1.431841
 435.000000 2.113202 1.390112
 436.000000 2.197907 1.371685
 437.000000 2.182134 1.424498
 438.000000 2.138735 1.338042
 439.000000 2.128858 1.405084
 440.000000 2.080376 1.378062
 441.000000 2.115894 1.381556
 442.000000 2.189526 1.347173
 443.000000 2.005790 1.382532
 444.000000 2.209491 1.434795
 445.000000 2.218823 1.456981
 446.000000 2.237649 1.339760
 447.000000 2.144668 1.393971
 448.000000 2.156747 1.443266
 449.000000 2.090552 1.408458
 450.000000 2.072907 1.428334
 451.000000 2.197833 1.473171
 452.000000 2.142312 1.432630
 453.000000 2.077005 1.356071
 454.000000 2.157041 1.335268
 455.000000 2.203442 1.304744
 456.000000 2.049171 1.356721
 457.000000 2.080147 1.383742
 458.000000 2.264619 1.436002
 459.000000 2.183514 1.301484
 460.000000 2.024462 1.340891
 461.000000 2.028062 1.351916
 462.000000 2.067246 1.345876
 463.000000 2.100667 1.277948
 464.000000 2.197189 1.357569
 465.000000 2.061898 1.319929
 466.000000 2.105337 1.269488
 467.000000 2.104689 1.375083
 468.000000 2.165163 1.353803
 469.000000 2.080581 1.329334
 470.000000 2.108268 1.325628
 471.000000 2.126798 1.318811
 472.000000 2.122065 1.351649
 473.000000 2.142788 1.343545
 474.000000 2.055654 1.336575
 475.000000 2.082598 1.400559
 476.000000 2.100172 1.349323
 477.000000 1.994382 1.414199
 478.000000 2.101060 1.399317
 479.000000 2.107199 1.361288
 480.000000 2.047590 1.431295
 481.000000 2.169300 1.437730
 482.000000 2.086189 1.368736
 483.000000 2.190025 1.425634
 484.000000 2.167601 1.407682
 485.000000 2.121672 1.429219
 486.000000 2.120003 1.370503
 487.000000 2.123586 1.359391
 488.000000 2.228315 1.457548
 489.000000 2.107969 1.389509
 490.000000 2.101668 1.433830
 491.000000 2.135309 1.447763
 492.000000 2.066746 1.390539
 493.000000 2.090343 1.384334
 494.000000 2.142789 1.411891
 495.000000 2.091124 1.443553
 496.000000 2.097003 1.340755
 497.000000 2.063454 1.337525
 498.000000 2.164924 1.395745
 499.000000 2.069931 1.395895
 500.000000 2.140416 1.420346
 501.000000 1.950170 1.414225
 502.000000 2.030585 1.338404
 503.000000 2.169439 1.402311
 504.000000 2.197584 1.373785
 505.000000 2.061222 1.461486
 506.000000 2.180349 1.425894
 507.000000 2.138221 1.360197
 508.000000 2.127277 1.347815
 509.000000 2.016303 1.396009
 510.000000 2.146213 1.437647
 511.000000 2.111462 1.443474
 512.000000 2.173815 1.460076
 513.000000 2.194324 1.370570
 514.000000 2.080251 1.426118
 515.000000 2.095414 1.395345
 516.000000 2.079515 1.348018
 517.000000 2.097588 1.352728
 518.000000 1.995192 1.437028
 519.000000 1.996485 1.431431
 520.000000 2.203235 1.418833
 521.000000 2.144727 1.423871
 522.000000 2.199432 1.441625
 523.000000 2.065424 1.416129
 524.000000 2.056433 1.393650
 525.000000 2.093695 1.470070
 526.000000 2.102821 1.377706
 527.000000 2.058573 1.424955
 528.000000 2.063705 1.490664
 529.000000 2.126960 1.380412
 530.000000 2.045712 1.432032
 531.000000 2.147526 1.426136
 532.000000 2.152797 1.417207
 533.000000 2.175194 1.378150
 534.000000 2.139219 1.349635
 535.000000 2.094519 1.374918
 536.000000 2.069107 1.400519
 537.000000 2.107614 1.416872
 538.000000 2.177492 1.421401
 539.000000 2.222556 1.475581
 540.000000 2.257302 1.490451
 541.000000 2.202207 1.439680
 542.000000 2.172793 1.451697
 543.000000 2.319883 1.439196
 544.000000 2.161360 1.460433
 545.000000 2.224935 1.453232
 546.000000 2.279691 1.295691
 547.000000 2.089228 1.260716
 548.000000 2.160703 1.389836
 549.000000 2.150001 1.406194
 550.000000 2.183278 1.402800
 551.000000 2.235773 1.418120
 552.000000 2.140265 1.478042
 553.000000 2.141410 1.409809
 554.000000 2.178410 1.399389
 555.000000 2.177909 1.396793
 556.000000 2.099531 1.366319
 557.000000 2.203247 1.450741
 558.000000 2.184520 1.420454
 559.000000 2.084646 1.432032
 560.000000 2.134777 1.405785
 561.000000 2.215574 1.414533
 562.000000 2.156651 1.411725
 563.000000 2.188923 1.417055
 564.000000 2.235807 1.359632
 565.000000 2.234759 1.354400
 566.000000 2.124237 1.458414
 567.000000 2.156614 1.386573
 568.000000 2.146762 1.447689
 569.000000 2.196096 1.478569
 570.000000 2.197715 1.423073
 571.000000 2.164070 1.413601
 572.000000 2.119979 1.422927
 573.000000 2.175132 1.362051
 574.000000 2.104619 1.379194
 575.000000 2.246237 1.408622
 576.000000 2.173473 1.400506
 577.000000 2.125276 1.404856
 578.000000 2.125368 1.427785
 579.000000 2.108609 1.445727
 580.000000 2.115995 1.433799
 581.000000 2.101102 1.383816
 582.000000 2.252525 1.416169
 583.000000 2.152380 1.438765
 584.000000 2.078405 1.418319
 585.000000 2.101659 1.389958
 586.000000 2.246971 1.431592
 587.000000 2.117220 1.441142
 588.000000 2.173167 1.409446
 589.000000 2.091910 1.386888
 590.000000 2.016279 1.357423
 591.000000 2.020622 1.375414
 592.000000 2.111476 1.423127
 593.000000 2.130116 1.409839
 594.000000 2.045336 1.459536
 595.000000 2.133280 1.397236
 596.000000 2.103880 1.341693
 597.000000 2.068594 1.357989
 598.000000 2.169838 1.400314
 599.000000 1.964821 1.313615
 600.000000 2.129829 1.270286
 601.000000 2.124641 1.352881
 602.000000 2.112404 1.334181
 603.000000 2.060807 1.337451
 604.000000 2.250549 1.335190
 605.000000 2.173201 1.304329
 606.000000 2.220834 1.317290
 607.000000 2.032961 1.341470
 608.000000 2.185929 1.403861
 609.000000 2.159394 1.341918
 610.000000 2.212516 1.347105
 611.000000 2.076924 1.369643
 612.000000 2.138660 1.420010
 613.000000 2.078464 1.443083
 614.000000 2.082319 1.389411
 615.000000 2.049236 1.411193
 616.000000 2.126422 1.442714
 617.000000 2.069621 1.403483
 618.000000 2.170111 1.418616
 619.000000 2.143427 1.480054
 620.000000 2.203380 1.453593
 621.000000 2.222612 1.419802
 622.000000 2.060134 1.377673
 623.000000 2.130374 1.420796
 624.000000 2.186658 1.455771
 625.000000 2.113438 1.406659
 626.000000 2.195445 1.338788
 627.000000 2.057353 1.352312
 628.000000 2.164402 1.384463
 629.000000 2.084651 1.385333
 630.000000 2.075291 1.402174
 631.000000 2.061432 1.312370
 632.000000 2.158824 1.348834
 633.000000 2.188059 1.429186
 634.000000 2.175484 1.385883
 635.000000 2.143861 1.433064
 636.000000 2.126094 1.393890
 637.000000 2.168547 1.431850
 638.000000 2.086203 1.401088
 639.000000 2.217238 1.378088
 640.000000 2.150215 1.409239
 641.000000 2.060857 1.440379
 642.000000 2.110477 1.467927
 643.000000 2.154731 1.373231
 644.000000 2.082929 1.402215
 645.000000 2.126588 1.387935
 646.000000 2.124096 1.368752
 647.000000 2.036011 1.347852
 648.000000 2.081785 1.376158
 649.000000 2.154073 1.412973
 650.000000 2.030916 1.336231
 651.000000 2.159380 1.461390
 652.000000 2.173691 1.376775
 653.000000 2.258605 1.397961
 654.000000 2.073859 1.384894
 655.000000 2.121149 1.379489
 656.000000 2.148069 1.280455
 657.000000 2.101994 1.271053
 658.000000 2.055168 1.374862
 659.000000 2.152181 1.308008
 660.000000 2.132243 1.322496
 661.000000 2.152718 1.356654
 662.000000 2.153499 1.347858
 663.000000 2.096892 1.296599
 664.000000 2.054336 1.379162
 665.000000 2.037433 1.410550
 666.000000 2.052000 1.388559
 667.000000 2.130364 1.407839
 668.000000 2.161760 1.412648
 669.000000 2.158743 1.411501
 670.000000 2.101712 1.449452
 671.000000 2.136041 1.423577
 672.000000 2.107889 1.369485
 673.000000 2.135961 1.385970
 674.000000 2.124678 1.358839
 675.000000 2.240085 1.367608
 676.000000 2.033622 1.379852
 677.000000 2.057266 1.349852
 678.000000 2.054631 1.417432
 679.000000 2.000032 1.441564
 680.000000 2.166435 1.419978
 681.000000 2.060970 1.392951
 682.000000 2.144393 1.411439
 683.000000 2.064649 1.383946
 684.000000 2.169236 1.452583
 685.000000 2.043271 1.447839
 686.000000 2.046352 1.375759
 687.000000 2.049328 1.473870
 688.000000 2.137296 1.412314
 689.000000 2.139292 1.400620
 690.000000 2.096549 1.406737
 691.000000 2.135014 1.384054
 692.000000 2.143932 1.412216
 693.000000 2.230734 1.378423
 694.000000 2.275852 1.345909
 695.000000 2.124974 1.392096
 696.000000 2.146084 1.362679
 697.000000 2.159996 1.348525
 698.000000 2.247336 1.376630
 699.000000 2.222578 1.375691
 700.000000 2.120123 1.332775
 701.000000 2.154363 1.305536
 702.000000 2.131987 1.354947
 703.000000 2.123955 1.386127
 704.000000 2.135660 1.359856
 705.000000 2.130563 1.371718
 706.000000 2.165526 1.350582
 707.000000 2.216581 1.340627
 708.000000 2.270201 1.303812
 709.000000 2.210893 1.403379
 710.000000 2.226958 1.361538
 711.000000 2.109367 1.303681
 712.000000 2.164647 1.321243
 713.000000 2.186404 1.271577
 714.000000 2.170666 1.465502
 715.000000 2.255239 1.428495
 716.000000 2.122742 1.496993
 717.000000 2.321010 1.457946
 718.000000 2.077052 1.343220
 719.000000 2.158006 1.409463
 720.000000 2.202056 1.448079
 721.000000 2.102722 1.406962
 722.000000 2.171509 1.350217
 723.000000 2.258139 1.363677
 724.000000 2.098832 1.398524
 725.000000 2.249566 1.377306
 726.000000 2.242331 1.382716
 727.000000 2.221706 1.383724
 728.000000 2.065587 1.399248
 729.000000 2.206302 1.436725
 730.000000 2.159113 1.400672
 731.000000 2.220647 1.494022
 732.000000 2.214300 1.473473
 733.000000 2.257983 1.441645
 734.000000 2.158841 1.461233
 735.000000 2.106464 1.443082
 736.000000 2.130564 1.417757
 737.000000 2.219387 1.473534
 738.000000 2.126198 1.447607
 739.000000 2.190661 1.433345
 740.000000 2.137815 1.492514
 741.000000 2.100729 1.397126
 742.000000 2.150888 1.475672
 743.000000 2.262869 1.478950
 744.000000 2.116257 1.417925
 745.000000 2.171539 1.428458
 746.000000 2.112347 1.369019
 747.000000 2.175746 1.426509
 748.000000 2.115755 1.437291
 749.000000 2.264060 1.415333
 750.000000 2.092988 1.393520
 751.000000 2.171459 1.435476
 752.000000 2.063307 1.369669
 753.000000 2.150826 1.403025
 754.000000 2.010672 1.437653
 755.000000 2.170362 1.400967
 756.000000 2.101051 1.473932
 757.000000 2.073427 1.350468
 758.000000 2.161909 1.334698
 759.000000 2.096359 1.355736
 760.000000 2.175606 1.381557
 761.000000 2.125292 1.396446
 762.000000 2.177824 1.339083
 763.000000 2.128410 1.435172
 764.000000 2.175693 1.431289
 765.000000 2.086985 1.351079
 766.000000 2.011030 1.427682
 767.000000 2.154149 1.342679
 768.000000 2.289219 1.416991
 769.000000 2.133101 1.409354
 770.000000 2.219721 1.432256
 771.000000 2.138155 1.314032
 772.000000 1.997814 1.323682
 773.000000 2.004906 1.341515
 774.000000 2.085928 1.333956
 775.000000 2.085521 1.334455
 776.000000 2.135729 1.309166
 777.000000 2.103775 1.439204
 778.000000 2.187137 1.413209
 779.000000 2.133834 1.385875
 780.000000 2.127390 1.354920
 781.000000 2.122856 1.339848
 782.000000 2.202340 1.359903
 783.000000 2.024715 1.356535
 784.000000 2.026253 1.309120
 785.000000 1.905648 1.457118
 786.000000 1.938312 1.452276
 787.000000 2.250601 1.282896
 788.000000 2.031928 1.408388
 789.000000 2.155781 1.357566
 790.000000 2.088124 1.362008
 791.000000 2.169038 1.342003
 792.000000 2.140714 1.343201
 793.000000 2.093144 1.329453
 794.000000 2.058187 1.376053
 795.000000 2.136746 1.451654
 796.000000 2.143758 1.397702
 797.000000 2.177011 1.402892
 798.000000 2.084013 1.287802
 799.000000 2.170565 1.364807
 800.000000 2.025697 1.351717
 801.000000 2.048500 1.339052
 802.000000 2.134811 1.376158
 803.000000 2.138266 1.367056
 804.000000 2.096290 1.390021
 805.000000 1.966375 1.416017
 806.000000 1.986363 1.334623
 807.000000 1.998541 1.404493
 808.000000 2.057258 1.342511
 809.000000 2.167975 1.359640
 810.000000 2.096841 1.297364
 811.000000 2.046866 1.418598
 812.000000 2.158300 1.404700
 813.000000 2.061358 1.389780
 814.000000 2.099001 1.309013
 815.000000 2.046357 1.318875
 816.000000 2.152992 1.353822
 817.000000 2.033464 1.299861
 818.000000 2.042892 1.352890
 819.000000 2.149776 1.346214
 820.000000 2.050382 1.338296
 821.000000 2.022228 1.320603
 822.000000 2.126168 1.389524
 823.000000 2.145845 1.331604
 824.000000 2.048370 1.402878
 825.000000 2.073894 1.368585
 826.000000 2.046886 1.397837
 827.000000 2.073881 1.340861
 828.000000 2.082194 1.348616
 829.000000 2.151917 1.347486
 830.000000 2.134961 1.410376
 831.000000 2.043044 1.343985
 832.000000 2.027731 1.436626
 833.000000 2.039464 1.428977
 834.000000 2.059661 1.465050
 835.000000 2.051273 1.404831
 836.000000 2.047597 1.404979
 837.000000 2.069976 1.418139
 838.000000 2.123225 1.360133
 839.000000 2.117700 1.347770
 840.000000 1.989684 1.343318
 841.000000 2.058893 1.271085
 842.000000 2.123946 1.393550
 843.000000 2.148939 1.331466
 844.000000 2.200166 1.276282
 845.000000 2.063714 1.330496
 846.000000 2.108658 1.368475
 847.000000 2.126530 1.304431
 848.000000 2.161491 1.320743
 849.000000 2.042243 1.264965
 850.000000 2.149564 1.250214
 851.000000 2.057579 1.298301
 852.000000 1.990996 1.244635
 853.000000 2.055095 1.315840
 854.000000 1.976773 1.244323
 855.000000 2.137050 1.292169
 856.000000 2.019668 1.334995
 857.000000 2.172192 1.391823
 858.000000 2.109703 1.367872
 859.000000 2.086523 1.361866
 860.000000 2.142401 1.310881
 861.000000 2.125594 1.349613
 862.000000 2.023836 1.376177
 863.000000 2.087957 1.481139
 864.000000 2.085244 1.506243
 865.000000 2.078078 1.448313
 866.000000 2.141338 1.451014
 867.000000 2.100196 1.365320
 868.000000 2.199052 1.428840
 869.000000 2.162282 1.480764
 870.000000 2.121004 1.354296
 871.000000 2.026928 1.460406
 872.000000 2.088018 1.525485
 873.000000 2.023405 1.431614
 874.000000 2.048872 1.371660
 875.000000 2.151686 1.419947
 876.000000 2.173026 1.415087
 877.000000 2.127858 1.472376
 878.000000 2.076056 1.403205
 879.000000 2.124084 1.369892
 880.000000 2.166178 1.368407
 881.000000 2.202877 1.289548
 882.000000 2.063659 1.391010
 883.000000 2.052426 1.400202
 884.000000 2.228518 1.419487
 885.000000 2.099655 1.415137
 886.000000 2.060805 1.309157
 887.000000 2.109865 1.417153
 888.000000 2.116224 1.398298
 889.000000 2.133624 1.437585
 890.000000 2.106681 1.401288
 891.000000 2.061280 1.335506
 892.000000 2.032303 1.358580
 893.000000 2.105691 1.313480
 894.000000 2.151150 1.325059
 895.000000 2.166602 1.352735
 896.000000 2.016048 1.372420
 897.000000 2.059727 1.383334
 898.000000 2.115067 1.351176
 899.000000 2.070102 1.389906
 900.000000 2.114062 1.436136
 901.000000 2.153582 1.299504
 902.000000 2.175642 1.452997
 903.000000 2.144514 1.380423
 904.000000 2.136795 1.479106
 905.000000 2.125459 1.417418
 906.000000 2.100454 1.379705
 907.000000 2.069158 1.451443
 908.000000 2.180901 1.438658
 909.000000 2.008451 1.368699
 910.000000 2.213133 1.459608
 911.000000 2.114708 1.486536
 912.000000 2.047674 1.399373
 913.000000 2.103967 1.433485
 914.000000 2.134612 1.404869
 915.000000 2.079547 1.362287
 916.000000 2.076172 1.383159
 917.000000 1.970029 1.361047
 918.000000 2.007018 1.399955
 919.000000 2.105592 1.440624
 920.000000 2.078798 1.505052
 921.000000 2.059633 1.487520
 922.000000 2.069834 1.391818
 923.000000 2.128425 1.468522
 924.000000 2.098541 1.395931
 925.000000 2.032574 1.396798
 926.000000 2.176247 1.411662
 927.000000 2.062136 1.338545
 928.000000 1.947035 1.351692
 929.000000 2.145812 1.435903
 930.000000 1.858373 1.370579
 931.000000 1.905540 1.358244
 932.000000 2.162793 1.381029
 933.000000 2.130016 1.476516
 934.000000 2.101048 1.338102
 935.000000 2.048529 1.401515
 936.000000 2.055903 1.360918
 937.000000 2.154816 1.399373
 938.000000 1.958768 1.316908
 939.000000 2.076122 1.346888
 940.000000 1.990005 1.393998
 941.000000 2.004509 1.391865
 942.000000 2.009542 1.375548
 943.000000 2.022780 1.402402
 944.000000 2.098459 1.394502
 945.000000 2.076394 1.321256
 946.000000 2.080934 1.329073
 947.000000 2.073156 1.390429
 948.000000 2.068013 1.395509
 949.000000 2.146284 1.309037
 950.000000 2.110069 1.356683
 951.000000 2.109018 1.300054
 952.000000 2.025123 1.285887
 953.000000 2.113147 1.303646
 954.000000 2.088032 1.329353
 955.000000 2.065840 1.369479
 956.000000 2.082024 1.373035
 957.000000 2.135459 1.416587
 958.000000 2.053716 1.364217
 959.000000 2.104943 1.374083
 960.000000 2.098231 1.386643
 961.000000 2.033806 1.413588
 962.000000 1.994564 1.409413
 963.000000 2.170840 1.480825
 964.000000 2.106231 1.431199
 965.000000 2.121584 1.414617
 966.000000 2.101120 1.479618
 967.000000 1.972335 1.427309
 968.000000 2.097901 1.449729
 969.000000 2.125937 1.432170
 970.000000 2.104896 1.381002
 971.000000 2.060382 1.354825
 972.000000 2.057132 1.310165
 973.000000 2.000896 1.379808
 974.000000 2.049451 1.281493
 975.000000 2.140771 1.396350
 976.000000 2.077222 1.421078
 977.000000 2.089065 1.484815
 978.000000 2.146312 1.441312
 979.000000 2.144683 1.452334
 980.000000 2.135144 1.332209
 981.000000 2.101826 1.380570
 982.000000 2.133045 1.364701
 983.000000 2.092278 1.321920
 984.000000 2.120036 1.456075
 985.000000 2.272266 1.438851
 986.000000 2.062643 1.409629
 987.000000 2.066520 1.461149
 988.000000 2.030650 1.419877
 989.000000 2.089974 1.355014
 990.000000 2.206957 1.436860
 991.000000 2.113735 1.336014
 992.000000 2.082126 1.374999
 993.000000 2.092386 1.419230
 994.000000 2.113876 1.418284
 995.000000 2.119242 1.403379
 996.000000 2.212243 1.481428
 997.000000 2.166152 1.399568
 998.000000 2.181685 1.400630
 999.000000 2.017565 1.398785
 1000.000000 2.118246 1.343490
 1001.000000 2.065299 1.366499
 1002.000000 2.118002 1.477568
 1003.000000 2.096961 1.410211
 1004.000000 2.134355 1.414422
 1005.000000 2.120161 1.375132
 1006.000000 2.183610 1.381203
 1007.000000 2.086683 1.400349
 1008.000000 2.119079 1.328642
 1009.000000 2.070486 1.351296
 1010.000000 2.127401 1.418913
 1011.000000 2.052652 1.440725
 1012.000000 1.951038 1.435648
 1013.000000 2.177351 1.494479
 1014.000000 2.255799 1.439204
 1015.000000 2.034625 1.402182
 1016.000000 2.101388 1.404057
 1017.000000 2.095102 1.433932
 1018.000000 2.118522 1.376035
 1019.000000 2.225306 1.368806
 1020.000000 2.155698 1.479035
 1021.000000 2.084058 1.367884
 1022.000000 2.087159 1.404173
 1023.000000 2.122347 1.314843
 1024.000000 2.135702 1.359560
 1025.000000 2.129898 1.448525
 1026.000000 2.246446 1.377811
 1027.000000 2.188386 1.372677
 1028.000000 2.273916 1.425873
 1029.000000 2.123745 1.427012
 1030.000000 2.106855 1.396469
 1031.000000 2.186283 1.387333
 1032.000000 2.114005 1.445321
 1033.000000 2.181593 1.371049
 1034.000000 2.250119 1.372999
 1035.000000 2.228783 1.438162
 1036.000000 2.041749 1.406570
 1037.000000 2.083608 1.406116
 1038.000000 2.075321 1.404827
 1039.000000 2.155033 1.295093
 1040.000000 2.098393 1.423482
 1041.000000 2.101166 1.382364
 1042.000000 2.064460 1.389145
 1043.000000 2.127518 1.393602
 1044.000000 2.026356 1.427043
 1045.000000 2.120240 1.381847
 1046.000000 2.082876 1.402201
 1047.000000 2.218847 1.398025
 1048.000000 2.067333 1.446591
 1049.000000 2.149679 1.434729
 1050.000000 2.214719 1.488222
 1051.000000 2.192820 1.474297
 1052.000000 2.277943 1.452941
 1053.000000 2.147299 1.417505
 1054.000000 2.252339 1.406983
 1055.000000 2.148815 1.428732
 1056.000000 2.162837 1.420361
 1057.000000 2.144548 1.403940
 1058.000000 2.140353 1.403645
 1059.000000 2.170824 1.420871
 1060.000000 2.086116 1.382973
 1061.000000 2.072864 1.468689
 1062.000000 2.114057 1.358501
 1063.000000 2.020642 1.368036
 1064.000000 2.142813 1.420420
 1065.000000 2.059505 1.453279
 1066.000000 2.092777 1.318470
 1067.000000 2.105540 1.358431
 1068.000000 2.198101 1.411583
 1069.000000 2.044679 1.336988
 1070.000000 2.142510 1.394437
 1071.000000 2.168594 1.342201
 1072.000000 2.127356 1.406300
 1073.000000 2.177987 1.371496
 1074.000000 2.093855 1.393410
 1075.000000 2.195361 1.340620
 1076.000000 2.267611 1.347827
 1077.000000 2.270111 1.376947
 1078.000000 2.148376 1.393481
 1079.000000 2.266988 1.255585
 1080.000000 2.178607 1.330782
 1081.000000 2.065760 1.369539
 1082.000000 2.136166 1.346673
 1083.000000 2.169837 1.412383
 1084.000000 2.176847 1.383863
 1085.000000 2.189064 1.323644
 1086.000000 2.065694 1.358967
 1087.000000 2.146874 1.385698
 1088.000000 1.976768 1.466869
 1089.000000 2.109391 1.418631
 1090.000000 2.114440 1.320911
 1091.000000 2.162646 1.333839
 1092.000000 2.052991 1.361395
 1093.000000 2.149173 1.400868
 1094.000000 2.173019 1.265258
 1095.000000 2.088248 1.317477
 1096.000000 2.078821 1.324031
 1097.000000 2.089467 1.436942
 1098.000000 2.142281 1.371688
 1099.000000 2.023292 1.392275
 1100.000000 2.164574 1.336971
 1101.000000 2.265750 1.399284
 1102.000000 2.234932 1.388560
 1103.000000 2.221418 1.387066
 1104.000000 2.140308 1.434017
 1105.000000 2.113162 1.440775
 1106.000000 2.102363 1.435324
 1107.000000 2.098740 1.353910
 1108.000000 2.166587 1.344959
 1109.000000 2.077579 1.367774
 1110.000000 2.147496 1.360812
 1111.000000 2.115525 1.336603
 1112.000000 2.117740 1.343729
 1113.000000 2.203175 1.364194
 1114.000000 2.039513 1.372576
 1115.000000 2.128492 1.336667
 1116.000000 2.157531 1.411873
 1117.000000 2.014144 1.320471
 1118.000000 2.143035 1.358225
 1119.000000 2.251089 1.315274
 1120.000000 2.139218 1.367232
 1121.000000 2.188021 1.337578
 1122.000000 2.185755 1.391709
 1123.000000 2.070885 1.407284
 1124.000000 2.203585 1.436630
 1125.000000 2.114134 1.373368
 1126.000000 2.095684 1.444375
 1127.000000 2.054541 1.429640
 1128.000000 2.224062 1.479178
 1129.000000 2.106868 1.411785
 1130.000000 2.033107 1.400472
 1131.000000 2.107874 1.387237
 1132.000000 2.122137 1.410600
 1133.000000 2.199974 1.410073
 1134.000000 2.066630 1.403832
 1135.000000 2.135679 1.401817
 1136.000000 2.106127 1.389538
 1137.000000 2.141689 1.456101
 1138.000000 2.119868 1.391961
 1139.000000 2.031005 1.372562
 1140.000000 2.210078 1.439949
 1141.000000 2.113237 1.345597
 1142.000000 2.043352 1.398223
 1143.000000 2.100795 1.504529
 1144.000000 2.134821 1.362853
 1145.000000 2.073430 1.324108
 1146.000000 2.105460 1.300539
 1147.000000 2.151012 1.342228
 1148.000000 2.152386 1.369578
 1149.000000 2.311933 1.443870
 1150.000000 2.088600 1.387011
 1151.000000 2.069720 1.395384
 1152.000000 2.160432 1.422030
 1153.000000 2.100272 1.431903
 1154.000000 2.048035 1.454974
 1155.000000 2.174621 1.417375
 1156.000000 2.012718 1.430745
 1157.000000 2.137387 1.420511
 1158.000000 2.091841 1.416317
 1159.000000 2.170842 1.368492
 1160.000000 2.015418 1.449917
 1161.000000 2.110766 1.515852
 1162.000000 2.090906 1.476226
 1163.000000 2.138325 1.429802
 1164.000000 2.037152 1.409780
 1165.000000 2.146255 1.324202
 1166.000000 2.089709 1.424223
 1167.000000 2.171843 1.461869
 1168.000000 2.002743 1.412677
 1169.000000 2.063859 1.357222
 1170.000000 2.242908 1.380530
 1171.000000 2.186892 1.493628
 1172.000000 2.092771 1.446840
 1173.000000 2.066348 1.333151
 1174.000000 2.177027 1.411997
 1175.000000 2.118052 1.435603
 1176.000000 2.117640 1.393829
 1177.000000 2.124085 1.388415
 1178.000000 2.139488 1.383003
 1179.000000 2.156480 1.353989
 1180.000000 2.059878 1.390478
 1181.000000 2.094489 1.399928
 1182.000000 2.075450 1.391203
 1183.000000 2.138760 1.392947
 1184.000000 2.010040 1.415004
 1185.000000 2.095684 1.344272
 1186.000000 2.071637 1.391315
 1187.000000 2.156305 1.410498
 1188.000000 2.065769 1.451771
 1189.000000 1.946124 1.395380
 1190.000000 2.026702 1.394340
 1191.000000 1.995866 1.406755
 1192.000000 2.175955 1.357724
 1193.000000 2.060334 1.478402
 1194.000000 2.080437 1.419379
 1195.000000 2.058067 1.441047
 1196.000000 2.088461 1.396253
 1197.000000 2.111416 1.455323
 1198.000000 2.099942 1.512368
 1199.000000 2.099183 1.407968
 1200.000000 2.065004 1.396449
 1201.000000 2.104724 1.354451
 1202.000000 2.063014 1.443612
 1203.000000 2.126519 1.451532
 1204.000000 2.064700 1.442522
 1205.000000 2.006474 1.313026
 1206.000000 2.116265 1.473182
 1207.000000 2.084494 1.469180
 1208.000000 2.169653 1.395618
 1209.000000 2.086221 1.382004
 1210.000000 2.119198 1.456771
 1211.000000 2.108622 1.377636
 1212.000000 2.044701 1.386852
 1213.000000 2.108988 1.386717
 1214.000000 2.063169 1.283265
 1215.000000 1.995731 1.358182
 1216.000000 2.133454 1.336036
 1217.000000 2.041274 1.399193
 1218.000000 1.997392 1.410545
 1219.000000 2.073274 1.434459
 1220.000000 2.009837 1.339252
 1221.000000 2.145245 1.417880
 1222.000000 2.120311 1.352321
 1223.000000 2.179414 1.438741
 1224.000000 2.185565 1.365906
 1225.000000 2.206417 1.447913
 1226.000000 2.118364 1.453012
 1227.000000 2.096662 1.333301
 1228.000000 1.981030 1.409660
 1229.000000 2.136296 1.316223
 1230.000000 2.143191 1.381357
 1231.000000 2.069271 1.382858
 1232.000000 1.983542 1.317735
 1233.000000 2.046897 1.385782
 1234.000000 1.995138 1.431792
 1235.000000 2.089498 1.389498
 1236.000000 2.037753 1.423183
 1237.000000 2.089634 1.400714
 1238.000000 2.084535 1.419083
 1239.000000 2.052322 1.386612
 1240.000000 1.958818 1.422132
 1241.000000 2.087642 1.369267
 1242.000000 2.070870 1.442187
 1243.000000 2.023578 1.320121
 1244.000000 2.082142 1.416770
 1245.000000 2.070510 1.355266
 1246.000000 2.016618 1.398220
 1247.000000 1.936126 1.446632
 1248.000000 1.973210 1.430115
 1249.000000 2.087014 1.366317
 1250.000000 2.130762 1.460310
 1251.000000 2.041978 1.405437
 1252.000000 2.081450 1.356587
 1253.000000 2.138832 1.410096
 1254.000000 2.194415 1.455540
 1255.000000 2.020902 1.418861
 1256.000000 2.123399 1.421744
 1257.000000 2.169717 1.431593
 1258.000000 2.139402 1.422641
 1259.000000 2.117042 1.411757
 1260.000000 2.096645 1.414786
 1261.000000 2.059018 1.437926
 1262.000000 2.180070 1.443751
 1263.000000 2.103521 1.320935
 1264.000000 2.137890 1.401644
 1265.000000 2.022939 1.362195
 1266.000000 2.126426 1.446682
 1267.000000 2.078137 1.475825
 1268.000000 2.040663 1.422138
 1269.000000 2.164807 1.465737
 1270.000000 2.074684 1.473090
 1271.000000 2.092109 1.498455
 1272.000000 2.072401 1.426674
 1273.000000 2.128924 1.455896
 1274.000000 2.168212 1.401645
 1275.000000 2.139855 1.437437
 1276.000000 2.080401 1.378804
 1277.000000 2.182413 1.418157
 1278.000000 1.975226 1.364054
 1279.000000 2.048939 1.372829
 1280.000000 2.169363 1.402671
 1281.000000 2.125522 1.421837
 1282.000000 2.083631 1.423081
 1283.000000 2.210805 1.400587
 1284.000000 2.072234 1.358695
 1285.000000 2.117912 1.425604
 1286.000000 2.038571 1.298556
 1287.000000 2.171771 1.426477
 1288.000000 2.084399 1.422002
 1289.000000 2.108202 1.402398
 1290.000000 2.194672 1.438114
 1291.000000 2.133461 1.359234
 1292.000000 2.248490 1.412975
 1293.000000 2.043652 1.397977
 1294.000000 2.105007 1.398935
 1295.000000 2.127588 1.358515
 1296.000000 2.084409 1.394137
 1297.000000 2.128895 1.381739
 1298.000000 2.179904 1.394427
 1299.000000 2.119841 1.405096
 1300.000000 2.141792 1.422612
 1301.000000 2.136423 1.447250
 1302.000000 2.217999 1.391524
 1303.000000 2.059322 1.395452
 1304.000000 1.993002 1.458114
 1305.000000 2.159920 1.429933
 1306.000000 2.158634 1.407813
 1307.000000 2.127984 1.343789
 1308.000000 2.120316 1.392026
 1309.000000 2.055256 1.465815
 1310.000000 2.220905 1.384648
 1311.000000 2.031414 1.396636
 1312.000000 2.192567 1.477523
 1313.000000 2.054743 1.413621
 1314.000000 2.184564 1.340998
 1315.000000 2.064894 1.379444
 1316.000000 2.073260 1.350877
 1317.000000 2.182672 1.548164
 1318.000000 2.116754 1.366928
 1319.000000 2.121914 1.440091
 1320.000000 2.188870 1.440112
 1321.000000 2.116524 1.526148
 1322.000000 2.061451 1.430061
 1323.000000 2.092187 1.341933
 1324.000000 2.177874 1.372099
 1325.000000 2.117818 1.371366
 1326.000000 2.058825 1.375546
 1327.000000 2.056335 1.416459
 1328.000000 2.184224 1.462706
 1329.000000 2.079076 1.451711
 1330.000000 2.152789 1.465212
 1331.000000 2.091911 1.437654
 1332.000000 2.099153 1.381606
 1333.000000 2.119223 1.460432
 1334.000000 2.139314 1.447363
 1335.000000 2.123031 1.413430
 1336.000000 2.191802 1.489230
 1337.000000 2.162178 1.506457
 1338.000000 2.071856 1.473363
 1339.000000 2.114427 1.404787
 1340.000000 2.140358 1.380862
 1341.000000 2.094809 1.474865
 1342.000000 2.178933 1.439744
 1343.000000 2.129439 1.455158
 1344.000000 2.143765 1.423977
 1345.000000 2.157081 1.409646
 1346.000000 2.217134 1.436546
 1347.000000 2.109850 1.386179
 1348.000000 2.115612 1.386459
 1349.000000 2.065567 1.374465
 1350.000000 2.083726 1.412206
 1351.000000 2.171009 1.470360
 1352.000000 2.136940 1.449266
 1353.000000 2.080421 1.403947
 1354.000000 2.122966 1.395607
 1355.000000 2.109695 1.424113
 1356.000000 2.102360 1.400213
 1357.000000 2.110675 1.302310
 1358.000000 2.072744 1.398974
 1359.000000 2.201532 1.408942
 1360.000000 2.011712 1.373049
 1361.000000 2.039043 1.426074
 1362.000000 2.110449 1.449236
 1363.000000 2.121913 1.455091
 1364.000000 2.144059 1.471544
 1365.000000 2.115010 1.386413
 1366.000000 1.989310 1.414006
 1367.000000 2.134712 1.367929
 1368.000000 2.117913 1.425533
 1369.000000 2.138670 1.428878
 1370.000000 2.113675 1.318522
 1371.000000 2.001713 1.338804
 1372.000000 2.063879 1.386744
 1373.000000 2.144239 1.408940
 1374.000000 2.087416 1.389239
 1375.000000 2.083471 1.388645
 1376.000000 2.189014 1.453050
 1377.000000 2.074691 1.360837
 1378.000000 2.059585 1.458566
 1379.000000 2.061480 1.409381
 1380.000000 2.192891 1.416624
 1381.000000 2.028739 1.376686
 1382.000000 2.128608 1.361640
 1383.000000 2.100699 1.421776
 1384.000000 2.136859 1.446792
 1385.000000 2.145651 1.418261
 1386.000000 2.094125 1.388917
 1387.000000 2.163529 1.376939
 1388.000000 2.157630 1.396157
 1389.000000 2.148686 1.351501
 1390.000000 2.112899 1.379645
 1391.000000 2.077458 1.352053
 1392.000000 2.064826 1.423240
 1393.000000 2.026204 1.334476
 1394.000000 2.023664 1.265054
 1395.000000 2.061713 1.326794
 1396.000000 2.040822 1.347694
 1397.000000 2.074874 1.343572
 1398.000000 2.134095 1.450943
 1399.000000 2.107101 1.390612
 1400.000000 2.127508 1.385911
 1401.000000 2.152902 1.476178
 1402.000000 2.123964 1.395892
 1403.000000 2.050840 1.327472
 1404.000000 2.103661 1.421861
 1405.000000 2.054506 1.368657
 1406.000000 2.100694 1.432859
 1407.000000 2.116513 1.481667
 1408.000000 2.065433 1.419222
 1409.000000 2.100316 1.358648
 1410.000000 2.032822 1.454735
 1411.000000 2.050518 1.348527
 1412.000000 2.180855 1.415631
 1413.000000 2.158485 1.397178
 1414.000000 2.115898 1.363615
 1415.000000 2.024380 1.389104
 1416.000000 2.148261 1.428094
 1417.000000 2.113983 1.421925
 1418.000000 2.170560 1.418173
 1419.000000 2.018476 1.390707
 1420.000000 2.086427 1.379613
 1421.000000 2.070731 1.406753
 1422.000000 2.112099 1.434738
 1423.000000 2.019782 1.355789
 1424.000000 2.106137 1.414922
 1425.000000 2.124509 1.336468
 1426.000000 2.144481 1.345037
 1427.000000 2.060488 1.375618
 1428.000000 2.057275 1.332539
 1429.000000 2.127564 1.454979
 1430.000000 2.141164 1.389565
 1431.000000 2.150585 1.442295
 1432.000000 2.085587 1.383137
 1433.000000 2.166947 1.360577
 1434.000000 2.080499 1.293615
 1435.000000 2.107891 1.387166
 1436.000000 2.084698 1.405903
 1437.000000 2.050671 1.402141
 1438.000000 2.198005 1.491507
 1439.000000 2.081986 1.342537
 1440.000000 2.146992 1.356501
 1441.000000 2.187310 1.363458
 1442.000000 2.021072 1.369660
 1443.000000 2.101593 1.400212
 1444.000000 2.104595 1.392784
 1445.000000 2.116193 1.376949
 1446.000000 2.171468 1.422452
 1447.000000 2.192201 1.401183
 1448.000000 2.069995 1.434760
 1449.000000 2.071694 1.412832
 1450.000000 2.109494 1.378163
 1451.000000 2.104270 1.421223
 1452.000000 2.010669 1.396844
 1453.000000 2.045086 1.418047
 1454.000000 2.040191 1.372141
 1455.000000 2.074390 1.339091
 1456.000000 2.069299 1.432406
 1457.000000 2.067434 1.379366
 1458.000000 2.009599 1.340819
 1459.000000 1.958899 1.433043
 1460.000000 1.967089 1.349623
 1461.000000 2.092322 1.383366
 1462.000000 2.082487 1.368777
 1463.000000 1.969809 1.309426
 1464.000000 1.964478 1.345658
 1465.000000 1.989740 1.268999
 1466.000000 2.089033 1.389552
 1467.000000 2.079896 1.373197
 1468.000000 2.020652 1.411971
 1469.000000 2.122202 1.371283
 1470.000000 2.075368 1.452371
 1471.000000 2.064662 1.468260
 1472.000000 2.069425 1.492118
 1473.000000 2.066199 1.420625
 1474.000000 2.105611 1.479270
 1475.000000 2.077732 1.495909
 1476.000000 2.095789 1.468579
 1477.000000 2.074377 1.509409
 1478.000000 2.004207 1.467605
 1479.000000 2.078339 1.431417
 1480.000000 1.969762 1.512423
 1481.000000 2.112087 1.490008
 1482.000000 1.972147 1.508288
 1483.000000 2.060123 1.479417
 1484.000000 2.096827 1.450961
 1485.000000 2.019292 1.450703
 1486.000000 2.022584 1.443284
 1487.000000 2.105540 1.405164
 1488.000000 1.931039 1.524048
 1489.000000 1.969409 1.473836
 1490.000000 2.000114 1.427834
 1491.000000 2.068237 1.479505
 1492.000000 2.060102 1.454040
 1493.000000 2.028556 1.435905
 1494.000000 2.051011 1.487473
 1495.000000 2.039898 1.455609
 1496.000000 2.101773 1.542868
 1497.000000 2.054653 1.370070
 1498.000000 2.051461 1.430246
 1499.000000 2.080617 1.373803
 1500.000000 2.082454 1.367173
 1501.000000 2.159042 1.410342
 1502.000000 2.103691 1.353064
 1503.000000 2.012569 1.419405
 1504.000000 2.113425 1.492008
 1505.000000 2.202249 1.427731
 1506.000000 2.064502 1.457400
 1507.000000 2.050026 1.484260
 1508.000000 2.151032 1.386454
 1509.000000 2.134416 1.343252
 1510.000000 2.162074 1.390198
 1511.000000 2.174094 1.413341
 1512.000000 2.078053 1.306613
 1513.000000 2.133789 1.354992
 1514.000000 2.288666 1.362538
 1515.000000 2.156384 1.342818
 1516.000000 2.090388 1.370164
 1517.000000 2.128146 1.384705
 1518.000000 2.246941 1.361100
 1519.000000 2.166691 1.249290
 1520.000000 2.117502 1.385274
 1521.000000 2.130646 1.261624
 1522.000000 2.041820 1.307922
 1523.000000 2.049226 1.382675
 1524.000000 2.087611 1.332805
 1525.000000 2.196726 1.375844
 1526.000000 2.083848 1.377992
 1527.000000 2.095216 1.426811
 1528.000000 2.041627 1.464040
 1529.000000 2.144993 1.434793
 1530.000000 2.243403 1.448009
 1531.000000 2.105809 1.501515
 1532.000000 2.036706 1.489466
 1533.000000 2.061758 1.439102
 1534.000000 2.163226 1.429876
 1535.000000 2.068255 1.357767
 1536.000000 2.162460 1.352225
 1537.000000 2.161306 1.471571
 1538.000000 2.100616 1.472134
 1539.000000 2.038237 1.418890
 1540.000000 2.145621 1.499608
 1541.000000 2.111806 1.502928
 1542.000000 2.081498 1.442656
 1543.000000 2.097119 1.483685
 1544.000000 2.049059 1.506381
 1545.000000 2.061347 1.426633
 1546.000000 2.079715 1.453594
 1547.000000 2.063496 1.480318
 1548.000000 2.080155 1.448513
 1549.000000 2.067490 1.435307
 1550.000000 2.005463 1.436108
 1551.000000 2.129055 1.411792
 1552.000000 2.186784 1.411028
 1553.000000 2.065418 1.380466
 1554.000000 2.111300 1.351017
 1555.000000 2.148105 1.389637
 1556.000000 2.075280 1.357374
 1557.000000 2.126654 1.419660
 1558.000000 2.157099 1.435240
 1559.000000 2.150833 1.413409
 1560.000000 2.112953 1.448807
 1561.000000 2.150952 1.394210
 1562.000000 2.042957 1.342596
 1563.000000 1.978186 1.445652
 1564.000000 2.003084 1.441850
 1565.000000 2.121219 1.381133
 1566.000000 1.995187 1.447011
 1567.000000 2.048126 1.394955
 1568.000000 2.064490 1.444480
 1569.000000 2.075393 1.413800
 1570.000000 2.148669 1.343913
 1571.000000 2.046971 1.425640
 1572.000000 2.164856 1.384625
 1573.000000 2.186447 1.359754
 1574.000000 2.155258 1.410876
 1575.000000 2.212671 1.355532
 1576.000000 2.211832 1.400746
 1577.000000 2.111170 1.415979
 1578.000000 2.119536 1.389094
 1579.000000 2.077350 1.326947
 1580.000000 2.041144 1.406850
 1581.000000 2.175592 1.370001
 1582.000000 2.161732 1.387173
 1583.000000 2.258956 1.376722
 1584.000000 2.100544 1.415533
 1585.000000 2.146577 1.451691
 1586.000000 2.052227 1.360668
 1587.000000 2.103299 1.400846
 1588.000000 2.177278 1.419094
 1589.000000 2.163079 1.404139
 1590.000000 2.227912 1.358865
 1591.000000 2.175177 1.327540
 1592.000000 2.128045 1.414024
 1593.000000 1.951617 1.330942
 1594.000000 2.047294 1.431458
 1595.000000 2.094065 1.424218
 1596.000000 2.127231 1.452401
 1597.000000 2.050620 1.428847
 1598.000000 2.118452 1.372414
 1599.000000 2.160206 1.385124
 1600.000000 2.154058 1.426051
 1601.000000 2.143569 1.395208
 1602.000000 2.174824 1.416579
 1603.000000 2.027113 1.523576
 1604.000000 2.113758 1.385405
 1605.000000 2.139174 1.493993
 1606.000000 2.107065 1.438622
 1607.000000 2.121056 1.307130
 1608.000000 2.007293 1.377101
 1609.000000 2.171580 1.433572
 1610.000000 2.041104 1.389315
 1611.000000 2.066599 1.386987
 1612.000000 2.156799 1.417724
 1613.000000 2.141367 1.350690
 1614.000000 2.208233 1.437118
 1615.000000 2.179692 1.406014
 1616.000000 2.091613 1.400516
 1617.000000 2.144438 1.394157
 1618.000000 1.996920 1.415471
 1619.000000 2.098614 1.368185
 1620.000000 2.024772 1.391302
 1621.000000 2.192264 1.453880
 1622.000000 2.009023 1.384078
 1623.000000 2.005743 1.416127
 1624.000000 2.116590 1.436671
 1625.000000 2.058874 1.385812
 1626.000000 2.107901 1.377635
 1627.000000 2.017620 1.448252
 1628.000000 2.220821 1.514451
 1629.000000 2.089047 1.407060
 1630.000000 2.139388 1.415749
 1631.000000 2.103413 1.402353
 1632.000000 2.147626 1.433417
 1633.000000 2.032327 1.341604
 1634.000000 2.182205 1.415834
 1635.000000 2.063201 1.324583
 1636.000000 2.164978 1.403148
 1637.000000 2.141067 1.432517
 1638.000000 2.034947 1.391177
 1639.000000 2.043336 1.502133
 1640.000000 2.135917 1.494490
 1641.000000 1.999103 1.461327
 1642.000000 2.103714 1.465646
 1643.000000 2.010727 1.362360
 1644.000000 1.993936 1.377182
 1645.000000 2.036332 1.401720
 1646.000000 2.121246 1.356557
 1647.000000 2.072971 1.350861
 1648.000000 2.085647 1.368813
 1649.000000 2.092561 1.301084
 1650.000000 2.098599 1.331074
 1651.000000 2.148354 1.383225
 1652.000000 2.036339 1.356733
 1653.000000 2.077894 1.364520
 1654.000000 2.004627 1.366355
 1655.000000 2.205450 1.340602
 1656.000000 2.140951 1.346534
 1657.000000 2.082947 1.394301
 1658.000000 1.999532 1.355823
 1659.000000 2.157942 1.428588
 1660.000000 2.026566 1.341122
 1661.000000 2.075237 1.402411
 1662.000000 2.021083 1.382149
 1663.000000 2.062664 1.387981
 1664.000000 2.114870 1.343121
 1665.000000 2.158856 1.388263
 1666.000000 2.075130 1.299944
 1667.000000 2.082158 1.332888
 1668.000000 2.133271 1.388933
 1669.000000 2.111734 1.399281
 1670.000000 2.075033 1.423118
 1671.000000 2.142104 1.433152
 1672.000000 1.976985 1.400748
 1673.000000 2.207738 1.421136
 1674.000000 2.020345 1.396231
 1675.000000 2.073168 1.482533
 1676.000000 2.135307 1.396250
 1677.000000 2.055990 1.409908
 1678.000000 2.155553 1.377595
 1679.000000 2.091376 1.466863
 1680.000000 2.015665 1.406426
 1681.000000 2.101487 1.388366
 1682.000000 2.115988 1.409791
 1683.000000 2.117404 1.357285
 1684.000000 2.095257 1.367216
 1685.000000 2.205375 1.400612
 1686.000000 2.167578 1.402026
 1687.000000 2.154247 1.362998
 1688.000000 2.128675 1.344334
 1689.000000 2.137269 1.370216
 1690.000000 2.110676 1.416883
 1691.000000 2.107493 1.333279
 1692.000000 2.055840 1.376760
 1693.000000 2.087257 1.325451
 1694.000000 2.112260 1.375255
 1695.000000 2.151543 1.343011
 1696.000000 2.087987 1.373387
 1697.000000 2.078953 1.319419
 1698.000000 2.197495 1.346593
 1699.000000 2.159593 1.334638
 1700.000000 2.140347 1.384950
 1701.000000 2.074494 1.444769
 1702.000000 2.128151 1.278624
 1703.000000 2.181187 1.391868
 1704.000000 2.074588 1.302391
 1705.000000 2.119202 1.364429
 1706.000000 2.089715 1.312616
 1707.000000 2.214027 1.431529
 1708.000000 2.121340 1.335058
 1709.000000 2.036189 1.430817
 1710.000000 2.007920 1.351436
 1711.000000 2.131240 1.371883
 1712.000000 2.093455 1.392205
 1713.000000 2.109785 1.408731
 1714.000000 2.154892 1.366201
 1715.000000 2.046004 1.434425
 1716.000000 2.083445 1.423405
 1717.000000 2.102112 1.404642
 1718.000000 2.031555 1.387793
 1719.000000 2.111828 1.313706
 1720.000000 2.085414 1.359566
 1721.000000 2.068676 1.447185
 1722.000000 2.028565 1.323022
 1723.000000 2.131513 1.312981
 1724.000000 2.071144 1.428632
 1725.000000 2.123039 1.411359
 1726.000000 2.125317 1.392987
 1727.000000 2.015525 1.359330
 1728.000000 2.130372 1.391095
 1729.000000 2.189307 1.434970
 1730.000000 2.185121 1.502986
 1731.000000 2.048485 1.377101
 1732.000000 2.035663 1.477332
 1733.000000 2.164827 1.410885
 1734.000000 2.075462 1.397115
 1735.000000 2.064275 1.400260
 1736.000000 2.157683 1.382690
 1737.000000 2.117687 1.398275
 1738.000000 2.109966 1.433531
 1739.000000 2.238897 1.360971
 1740.000000 2.173939 1.382852
 1741.000000 2.110427 1.410178
 1742.000000 2.182251 1.387810
 1743.000000 2.188650 1.349959
 1744.000000 2.091781 1.332532
 1745.000000 2.151151 1.417811
 1746.000000 2.140268 1.381046
 1747.000000 2.148992 1.371425
 1748.000000 2.120383 1.353136
 1749.000000 2.162871 1.393178
 1750.000000 2.196842 1.402319
 1751.000000 2.196223 1.386282
 1752.000000 2.160912 1.463134
 1753.000000 2.194489 1.318021
 1754.000000 2.123515 1.304438
 1755.000000 2.158839 1.384325
 1756.000000 2.114649 1.344794
 1757.000000 2.245405 1.406660
 1758.000000 2.173148 1.352455
 1759.000000 2.128485 1.383473
 1760.000000 2.076781 1.372064
 1761.000000 2.146373 1.389010
 1762.000000 2.128324 1.437360
 1763.000000 2.225571 1.441064
 1764.000000 2.173081 1.416260
 1765.000000 2.186597 1.401474
 1766.000000 2.059906 1.494784
 1767.000000 2.063799 1.442817
 1768.000000 2.148876 1.407077
 1769.000000 2.133328 1.360661
 1770.000000 2.015512 1.378550
 1771.000000 1.991957 1.346055
 1772.000000 2.122391 1.428316
 1773.000000 2.114915 1.439333
 1774.000000 2.214769 1.420742
 1775.000000 2.160025 1.442741
 1776.000000 2.172263 1.332465
 1777.000000 2.127619 1.393082
 1778.000000 2.106650 1.492499
 1779.000000 2.129232 1.476631
 1780.000000 2.123222 1.420410
 1781.000000 2.108415 1.386063
 1782.000000 2.021426 1.454995
 1783.000000 2.070369 1.448953
 1784.000000 2.036430 1.377692
 1785.000000 2.084988 1.416052
 1786.000000 2.178029 1.360878
 1787.000000 2.066994 1.412703
 1788.000000 2.046753 1.402526
 1789.000000 2.184862 1.416316
 1790.000000 2.074264 1.266834
 1791.000000 2.116904 1.383830
 1792.000000 2.137760 1.350404
 1793.000000 2.127687 1.386516
 1794.000000 2.126046 1.453731
 1795.000000 2.141982 1.363197
 1796.000000 2.130850 1.431796
 1797.000000 2.156754 1.387934
 1798.000000 2.121529 1.390855
 1799.000000 2.153637 1.413868
 1800.000000 2.093424 1.353038
 1801.000000 2.092201 1.375020
 1802.000000 2.112848 1.406806
 1803.000000 2.010422 1.403807
 1804.000000 2.071483 1.412894
 1805.000000 2.162552 1.451284
 1806.000000 2.071906 1.445220
 1807.000000 2.031168 1.406859
 1808.000000 2.196646 1.428609
 1809.000000 2.087412 1.385635
 1810.000000 2.151852 1.431374
 1811.000000 2.156052 1.402236
 1812.000000 2.063874 1.392821
 1813.000000 2.056636 1.421265
 1814.000000 2.144122 1.390659
 1815.000000 2.117116 1.374887
 1816.000000 2.156603 1.332677
 1817.000000 2.044559 1.342454
 1818.000000 2.179852 1.336895
 1819.000000 2.191826 1.319628
 1820.000000 2.163014 1.396726
 1821.000000 2.109711 1.377679
 1822.000000 2.172181 1.367981
 1823.000000 2.085654 1.417410
 1824.000000 2.170149 1.369103
 1825.000000 2.108800 1.431607
 1826.000000 2.197965 1.342988
 1827.000000 2.084516 1.377722
 1828.000000 2.093189 1.430594
 1829.000000 2.093038 1.357678
 1830.000000 2.137774 1.396194
 1831.000000 2.166563 1.430825
 1832.000000 2.252056 1.380184
 1833.000000 2.118527 1.390091
 1834.000000 2.168965 1.342419
 1835.000000 2.103669 1.316854
 1836.000000 2.200530 1.429844
 1837.000000 2.071746 1.435067
 1838.000000 2.128433 1.427511
 1839.000000 2.220815 1.373881
 1840.000000 2.173054 1.404173
 1841.000000 2.184358 1.466567
 1842.000000 2.209209 1.402950
 1843.000000 2.111785 1.392831
 1844.000000 2.238142 1.372568
 1845.000000 2.098646 1.428224
 1846.000000 2.066140 1.452942
 1847.000000 2.061663 1.434023
 1848.000000 2.074237 1.473464
 1849.000000 2.189526 1.407642
 1850.000000 2.102769 1.420829
 1851.000000 2.156133 1.427219
 1852.000000 2.173744 1.464729
 1853.000000 2.081422 1.454800
 1854.000000 2.142952 1.373219
 1855.000000 2.171029 1.375588
 1856.000000 2.210919 1.455990
 1857.000000 2.214499 1.407667
 1858.000000 2.193946 1.383154
 1859.000000 2.036661 1.389427
 1860.000000 2.141763 1.444202
 1861.000000 2.188987 1.396934
 1862.000000 2.168310 1.390021
 1863.000000 2.009247 1.443139
 1864.000000 2.178208 1.432491
 1865.000000 2.136696 1.426943
 1866.000000 2.093360 1.406486
 1867.000000 2.257525 1.430754
 1868.000000 2.224415 1.409701
 1869.000000 2.107759 1.407590
 1870.000000 2.157054 1.379525
 1871.000000 2.138289 1.453474
 1872.000000 2.069942 1.383739
 1873.000000 2.202419 1.399439
 1874.000000 2.251430 1.350405
 1875.000000 2.103427 1.389942
 1876.000000 2.133066 1.444434
 1877.000000 2.110329 1.430315
 1878.000000 2.186886 1.399949
 1879.000000 2.145341 1.381275
 1880.000000 2.206251 1.400503
 1881.000000 2.140802 1.427785
 1882.000000 2.151136 1.529055
 1883.000000 2.166249 1.503593
 1884.000000 2.170890 1.436390
 1885.000000 2.155157 1.493070
 1886.000000 2.059189 1.417479
 1887.000000 2.141655 1.469039
 1888.000000 2.192161 1.354558
 1889.000000 2.202452 1.489412
 1890.000000 2.078236 1.449209
 1891.000000 2.169108 1.459821
 1892.000000 2.101336 1.420273
 1893.000000 2.022500 1.406782
 1894.000000 1.963274 1.345300
 1895.000000 2.063501 1.491576
 1896.000000 2.187854 1.432740
 1897.000000 2.119645 1.477810
 1898.000000 2.111016 1.471994
 1899.000000 2.193479 1.473951
 1900.000000 2.189436 1.438611
 1901.000000 2.071239 1.439317
 1902.000000 2.250450 1.405633
 1903.000000 2.141532 1.382940
 1904.000000 2.147041 1.438202
 1905.000000 2.077376 1.407801
 1906.000000 2.084554 1.403914
 1907.000000 2.167775 1.405250
 1908.000000 2.067104 1.384986
 1909.000000 2.112489 1.389843
 1910.000000 2.130719 1.395288
 1911.000000 2.044966 1.428045
 1912.000000 2.121017 1.457784
 1913.000000 2.172652 1.364875
 1914.000000 2.220355 1.436486
 1915.000000 2.039354 1.329618
 1916.000000 2.039759 1.426342
 1917.000000 2.095854 1.407248
 1918.000000 2.125947 1.391345
 1919.000000 2.042814 1.309475
 1920.000000 2.047287 1.359030
 1921.000000 1.988060 1.381928
 1922.000000 2.013356 1.411785
 1923.000000 2.173930 1.424609
 1924.000000 2.070401 1.417517
 1925.000000 2.143886 1.420270
 1926.000000 2.072344 1.429178
 1927.000000 2.062740 1.432189
 1928.000000 2.037167 1.447552
 1929.000000 2.052732 1.345909
 1930.000000 2.071031 1.363617
 1931.000000 2.103850 1.422169
 1932.000000 2.121288 1.447726
 1933.000000 2.038700 1.352829
 1934.000000 2.089152 1.330770
 1935.000000 2.021917 1.421631
 1936.000000 2.107372 1.370521
 1937.000000 2.027127 1.396894
 1938.000000 2.083834 1.417061
 1939.000000 2.028933 1.392656
 1940.000000 2.079208 1.388588
 1941.000000 2.025567 1.396856
 1942.000000 2.138056 1.332464
 1943.000000 2.046144 1.356927
 1944.000000 2.142567 1.418451
 1945.000000 2.112983 1.350712
 1946.000000 2.216614 1.450166
 1947.000000 2.100902 1.484928
 1948.000000 2.022159 1.397474
 1949.000000 1.998776 1.420018
 1950.000000 2.063589 1.406865
 1951.000000 2.107208 1.385967
 1952.000000 2.099270 1.415514
 1953.000000 2.128625 1.372892
 1954.000000 2.092094 1.436138
 1955.000000 2.113895 1.424172
 1956.000000 2.177332 1.370882
 1957.000000 2.182198 1.353923
 1958.000000 2.201829 1.330940
 1959.000000 2.226644 1.359989
 1960.000000 2.125697 1.422360
 1961.000000 2.150153 1.407535
 1962.000000 2.114739 1.322622
 1963.000000 2.119527 1.375132
 1964.000000 2.112185 1.406828
 1965.000000 2.105651 1.331664
 1966.000000 2.107366 1.420337
 1967.000000 2.085047 1.429584
 1968.000000 2.063777 1.368481
 1969.000000 2.022868 1.375875
 1970.000000 2.076623 1.357599
 1971.000000 2.072932 1.376110
 1972.000000 2.127982 1.387551
 1973.000000 2.128894 1.365567
 1974.000000 2.114194 1.256569
 1975.000000 2.013912 1.346421
 1976.000000 2.075865 1.276934
 1977.000000 2.085566 1.344357
 1978.000000 2.058888 1.316038
 1979.000000 2.056524 1.323887
 1980.000000 2.067025 1.450940
 1981.000000 2.063303 1.413557
 1982.000000 2.045427 1.389573
 1983.000000 2.136796 1.428013
 1984.000000 2.144485 1.370343
 1985.000000 2.047440 1.383111
 1986.000000 2.098061 1.390601
 1987.000000 2.100831 1.381875
 1988.000000 2.181648 1.412909
 1989.000000 2.159957 1.456630
 1990.000000 2.148620 1.330121
 1991.000000 2.087839 1.410842
 1992.000000 2.166385 1.412952
 1993.000000 2.093350 1.336451
 1994.000000 2.065185 1.409914
 1995.000000 2.270764 1.412399
 1996.000000 2.097529 1.405582
 1997.000000 2.112261 1.355315
 1998.000000 2.054436 1.357822
 1999.000000 2.182510 1.356929
 2000.000000 2.226992 1.417413
 2001.000000 2.054491 1.354208
 2002.000000 2.030272 1.411344
 2003.000000 2.174903 1.324378
 2004.000000 2.113404 1.402716
 2005.000000 2.059236 1.449615
 2006.000000 2.128433 1.349002
 2007.000000 2.143282 1.374682
 2008.000000 2.103273 1.379729
 2009.000000 2.150018 1.379392
 2010.000000 2.078740 1.322782
 2011.000000 2.045038 1.281077
 2012.000000 2.110029 1.346023
 2013.000000 2.103443 1.349529
 2014.000000 2.040062 1.402808
 2015.000000 2.157480 1.328081
 2016.000000 2.201533 1.283076
 2017.000000 2.078431 1.305921
 2018.000000 1.972262 1.335825
 2019.000000 2.068733 1.351315
 2020.000000 2.050113 1.396732
 2021.000000 1.996408 1.445618
 2022.000000 2.025125 1.422229
 2023.000000 2.039443 1.423882
 2024.000000 2.134799 1.380130
 2025.000000 2.153342 1.497856
 2026.000000 2.059258 1.477236
 2027.000000 2.212890 1.406625
 2028.000000 2.145901 1.495624
 2029.000000 2.126486 1.371969
 2030.000000 2.076288 1.388540
 2031.000000 2.263370 1.391098
 2032.000000 2.115567 1.320050
 2033.000000 2.067167 1.392377
 2034.000000 2.151251 1.400007
 2035.000000 2.027248 1.365327
 2036.000000 2.151017 1.400663
 2037.000000 2.167621 1.439115
 2038.000000 2.082668 1.424325
 2039.000000 2.166696 1.434991
 2040.000000 2.141844 1.436140
 2041.000000 2.079743 1.431595
 2042.000000 2.199739 1.371184
 2043.000000 2.154907 1.402007
 2044.000000 2.033955 1.499715
 2045.000000 2.025426 1.335203
 2046.000000 2.066681 1.382962
 2047.000000 2.130790 1.337179
 2048.000000 2.122280 1.449804
 2049.000000 2.029690 1.360216
 2050.000000 2.143015 1.395430
 2051.000000 2.154373 1.395579
 2052.000000 2.055947 1.378042
 2053.000000 2.063467 1.417808
 2054.000000 2.073208 1.379969
 2055.000000 1.998540 1.402709
 2056.000000 2.132282 1.401531
 2057.000000 2.147103 1.381867
 2058.000000 2.099420 1.429490
 2059.000000 2.159438 1.446431
 2060.000000 2.029391 1.378227
 2061.000000 2.209293 1.376641
 2062.000000 2.134172 1.454237
 2063.000000 2.138108 1.481522
 2064.000000 2.130621 1.376655
 2065.000000 2.159727 1.345548
 2066.000000 2.163495 1.331920
 2067.000000 2.093793 1.387062
 2068.000000 2.189615 1.355454
 2069.000000 2.064824 1.324689
 2070.000000 2.093976 1.399156
 2071.000000 2.082190 1.388991
 2072.000000 2.041253 1.437381
 2073.000000 2.164625 1.432990
 2074.000000 2.004990 1.340375
 2075.000000 2.135776 1.368786
 2076.000000 2.150051 1.404393
 2077.000000 2.035140 1.403687
 2078.000000 2.132061 1.432120
 2079.000000 2.043251 1.388390
 2080.000000 2.134641 1.424292
 2081.000000 2.147620 1.355180
 2082.000000 2.114388 1.413843
 2083.000000 2.119526 1.362854
 2084.000000 2.125109 1.356068
 2085.000000 2.238540 1.374657
 2086.000000 2.047089 1.364894
 2087.000000 2.070334 1.339270
 2088.000000 2.177834 1.393821
 2089.000000 2.153835 1.254937
 2090.000000 2.105118 1.353496
 2091.000000 2.030067 1.417674
 2092.000000 2.002538 1.437442
 2093.000000 2.014801 1.462170
 2094.000000 2.075870 1.402650
 2095.000000 2.166461 1.459043
 2096.000000 2.110214 1.421080
 2097.000000 2.099286 1.382043
 2098.000000 2.116430 1.400336
 2099.000000 2.169880 1.473430
 2100.000000 1.987449 1.446846
 2101.000000 2.175465 1.474435
 2102.000000 2.183284 1.504903
 2103.000000 2.098708 1.440735
 2104.000000 2.012913 1.367334
 2105.000000 2.120068 1.494716
 2106.000000 2.069057 1.385486
 2107.000000 2.039343 1.365693
 2108.000000 2.151768 1.374633
 2109.000000 2.009273 1.363751
 2110.000000 2.091660 1.403556
 2111.000000 2.057484 1.339099
 2112.000000 2.098481 1.379519
 2113.000000 2.138919 1.370844
 2114.000000 2.115329 1.285809
 2115.000000 2.091608 1.339682
 2116.000000 2.053388 1.303764
 2117.000000 2.146469 1.329547
 2118.000000 2.061064 1.257979
 2119.000000 2.046035 1.335563
 2120.000000 1.999627 1.417924
 2121.000000 1.997648 1.366566
 2122.000000 2.110728 1.340567
 2123.000000 2.022768 1.419028
 2124.000000 2.025899 1.366886
 2125.000000 2.176830 1.371966
 2126.000000 2.072636 1.431720
 2127.000000 2.066812 1.338227
 2128.000000 1.995660 1.316967
 2129.000000 2.028527 1.428577
 2130.000000 2.105172 1.333506
 2131.000000 2.128721 1.369613
 2132.000000 2.030769 1.407411
 2133.000000 2.085646 1.393179
 2134.000000 2.080518 1.345918
 2135.000000 2.020443 1.330583
 2136.000000 2.215727 1.344856
 2137.000000 2.008092 1.351383
 2138.000000 2.092779 1.283327
 2139.000000 2.103938 1.374844
 2140.000000 2.019185 1.358619
 2141.000000 2.143064 1.429619
 2142.000000 2.055775 1.306028
 2143.000000 2.048288 1.353476
 2144.000000 2.093540 1.340877
 2145.000000 2.096075 1.294039
 2146.000000 2.098609 1.328340
 2147.000000 2.058787 1.396433
 2148.000000 2.079311 1.432353
 2149.000000 2.124977 1.444187
 2150.000000 2.111667 1.436661
 2151.000000 2.132000 1.349525
 2152.000000 2.106570 1.366594
 2153.000000 2.143338 1.342884
 2154.000000 1.949249 1.260035
 2155.000000 2.063618 1.272466
 2156.000000 2.070922 1.362423
 2157.000000 2.082197 1.382745
 2158.000000 2.043649 1.429015
 2159.000000 2.099713 1.463409
 2160.000000 2.116690 1.381072
 2161.000000 2.184787 1.295577
 2162.000000 1.985834 1.378703
 2163.000000 2.063002 1.293298
 2164.000000 2.123080 1.309388
 2165.000000 2.019956 1.326833
 2166.000000 2.073552 1.339472
 2167.000000 2.065162 1.350204
 2168.000000 2.175097 1.381347
 2169.000000 2.076138 1.411958
 2170.000000 2.090868 1.277774
 2171.000000 2.154119 1.306559
 2172.000000 2.091016 1.333687
 2173.000000 2.098208 1.363067
 2174.000000 2.084479 1.329340
 2175.000000 2.090868 1.370367
 2176.000000 1.972372 1.399027
 2177.000000 2.192835 1.333552
 2178.000000 2.181406 1.440121
 2179.000000 2.125333 1.391266
 2180.000000 2.018335 1.423047
 2181.000000 2.052571 1.443540
 2182.000000 2.095157 1.425140
 2183.000000 2.181718 1.437702
 2184.000000 2.075064 1.398685
 2185.000000 2.041066 1.380814
 2186.000000 2.008530 1.360801
 2187.000000 1.994458 1.368753
 2188.000000 2.060145 1.430311
 2189.000000 2.119677 1.414224
 2190.000000 2.206623 1.425734
 2191.000000 2.097949 1.460295
 2192.000000 2.124737 1.324954
 2193.000000 2.123110 1.354518
 2194.000000 2.063832 1.405705
 2195.000000 2.049907 1.449737
 2196.000000 1.978760 1.450313
 2197.000000 2.100912 1.333265
 2198.000000 2.082590 1.418174
 2199.000000 1.976481 1.394974
 2200.000000 2.076951 1.435427
 2201.000000 1.990262 1.378160
 2202.000000 1.954426 1.365151
 2203.000000 2.045385 1.386026
 2204.000000 1.987118 1.333783
 2205.000000 2.065705 1.394534
 2206.000000 2.154805 1.513310
 2207.000000 2.046604 1.441317
 2208.000000 2.086736 1.445510
 2209.000000 2.065211 1.391591
 2210.000000 2.138439 1.435616
 2211.000000 2.021745 1.480468
 2212.000000 2.044860 1.420485
 2213.000000 2.176501 1.425545
 2214.000000 2.073997 1.489915
 2215.000000 2.199102 1.432455
 2216.000000 2.154608 1.364611
 2217.000000 2.028380 1.455503
 2218.000000 2.134736 1.452664
 2219.000000 2.112909 1.371679
 2220.000000 2.022639 1.330472
 2221.000000 2.122491 1.357772
 2222.000000 2.067230 1.338790
 2223.000000 2.008133 1.357974
 2224.000000 1.979852 1.375838
 2225.000000 2.018781 1.368830
 2226.000000 2.066616 1.348185
 2227.000000 2.040197 1.457768
 2228.000000 2.033340 1.372129
 2229.000000 2.076439 1.460635
 2230.000000 2.043057 1.405194
 2231.000000 2.093198 1.377538
 2232.000000 2.193911 1.373398
 2233.000000 2.113049 1.403530
 2234.000000 2.084718 1.391734
 2235.000000 2.118612 1.429666
 2236.000000 2.050463 1.446392
 2237.000000 2.084369 1.441023
 2238.000000 2.156154 1.357688
 2239.000000 2.074622 1.375457
 2240.000000 2.103622 1.416193
 2241.000000 1.975135 1.467266
 2242.000000 2.195832 1.418365
 2243.000000 2.055003 1.391282
 2244.000000 2.073000 1.378500
 2245.000000 2.180597 1.416972
 2246.000000 2.053198 1.346955
 2247.000000 1.997626 1.465308
 2248.000000 2.046382 1.461232
 2249.000000 2.130816 1.385098
 2250.000000 2.004632 1.372295
 2251.000000 2.047037 1.388758
 2252.000000 2.014530 1.378019
 2253.000000 2.074201 1.367611
 2254.000000 2.200752 1.373593
 2255.000000 2.077830 1.427309
 2256.000000 2.020102 1.500317
 2257.000000 2.002807 1.441612
 2258.000000 2.159812 1.442995
 2259.000000 2.016590 1.365019
 2260.000000 2.136328 1.395631
 2261.000000 2.178775 1.428068
 2262.000000 2.183817 1.472291
 2263.000000 2.102606 1.396277
 2264.000000 1.925088 1.394296
 2265.000000 2.216374 1.368053
 2266.000000 1.999777 1.463930
 2267.000000 2.137742 1.368410
 2268.000000 2.167794 1.462870
 2269.000000 2.087491 1.471041
 2270.000000 2.005034 1.435219
 2271.000000 2.121466 1.387115
 2272.000000 2.118572 1.404859
 2273.000000 2.148081 1.412764
 2274.000000 2.059900 1.420230
 2275.000000 2.088690 1.364696
 2276.000000 2.061330 1.418808
 2277.000000 2.189841 1.432293
 2278.000000 2.179916 1.398294
 2279.000000 2.055919 1.385809
 2280.000000 2.100709 1.385808
 2281.000000 2.066423 1.436751
 2282.000000 2.115085 1.351615
 2283.000000 2.075359 1.399236
 2284.000000 2.155518 1.490941
 2285.000000 2.124980 1.324536
 2286.000000 2.129701 1.351694
 2287.000000 1.968994 1.425750
 2288.000000 2.145683 1.411662
 2289.000000 2.174504 1.424918
 2290.000000 2.139782 1.453174
 2291.000000 2.109364 1.448899
 2292.000000 2.094118 1.397040
 2293.000000 2.127301 1.412643
 2294.000000 2.112858 1.411055
 2295.000000 2.062934 1.395488
 2296.000000 2.090818 1.347439
 2297.000000 2.135040 1.453265
 2298.000000 2.128273 1.378434
 2299.000000 2.026299 1.427707
 2300.000000 2.163909 1.431468
 2301.000000 2.183638 1.361028
 2302.000000 2.157248 1.357707
 2303.000000 2.025569 1.340254
 2304.000000 2.112702 1.270387
 2305.000000 2.124871 1.329301
 2306.000000 2.059946 1.279524
 2307.000000 2.051185 1.326421
 2308.000000 2.024987 1.288193
 2309.000000 2.194449 1.345446
 2310.000000 2.094909 1.379544
 2311.000000 2.188248 1.354952
 2312.000000 2.113204 1.357299
 2313.000000 2.070881 1.462251
 2314.000000 2.252227 1.391963
 2315.000000 2.069463 1.377334
 2316.000000 2.105733 1.303757
 2317.000000 2.112790 1.345450
 2318.000000 2.172499 1.441555
 2319.000000 2.004588 1.345446
 2320.000000 2.130062 1.394278
 2321.000000 2.105904 1.409123
 2322.000000 2.179510 1.326514
 2323.000000 2.210900 1.461816
 2324.000000 2.097870 1.391829
 2325.000000 2.026677 1.422990
 2326.000000 2.100474 1.331456
 2327.000000 2.009479 1.303441
 2328.000000 2.092755 1.275486
 2329.000000 2.111229 1.386047
 2330.000000 2.282256 1.362838
 2331.000000 2.285692 1.395997
 2332.000000 2.093717 1.345849
 2333.000000 2.093262 1.378465
 2334.000000 2.153439 1.373985
 2335.000000 2.053314 1.353335
 2336.000000 2.143298 1.423338
 2337.000000 2.049510 1.273979
 2338.000000 2.181722 1.422578
 2339.000000 2.137424 1.403140
 2340.000000 2.079042 1.439400
 2341.000000 2.151723 1.465272
 2342.000000 2.135997 1.449386
 2343.000000 2.103930 1.436823
 2344.000000 2.087198 1.352512
 2345.000000 2.114286 1.412757
 2346.000000 2.088620 1.354748
 2347.000000 2.102140 1.437968
 2348.000000 2.224241 1.425743
 2349.000000 2.060298 1.351078
 2350.000000 2.116319 1.434597
 2351.000000 2.084671 1.365548
 2352.000000 2.062962 1.398108
 2353.000000 2.089290 1.427822
 2354.000000 2.079244 1.405764
 2355.000000 2.125542 1.361692
 2356.000000 2.104927 1.399736
 2357.000000 2.139925 1.397068
 2358.000000 2.080845 1.362762
 2359.000000 2.089014 1.356023
 2360.000000 2.183887 1.335789
 2361.000000 2.140719 1.384750
 2362.000000 2.031550 1.409158
 2363.000000 2.237655 1.360933
 2364.000000 2.143388 1.378100
 2365.000000 2.187505 1.367793
 2366.000000 2.159725 1.411561
 2367.000000 2.159421 1.325072
 2368.000000 2.144756 1.390739
 2369.000000 2.210806 1.406350
 2370.000000 2.202583 1.415577
 2371.000000 2.196034 1.375930
 2372.000000 2.189523 1.277624
 2373.000000 2.165828 1.376392
 2374.000000 2.124023 1.347188
 2375.000000 2.161173 1.382524
 2376.000000 2.089144 1.428917
 2377.000000 2.053793 1.435905
 2378.000000 2.147733 1.420788
 2379.000000 2.207184 1.430137
 2380.000000 2.006574 1.482186
 2381.000000 2.152971 1.415432
 2382.000000 2.138818 1.438487
 2383.000000 2.079352 1.436874
 2384.000000 2.086494 1.455414
 2385.000000 2.131316 1.496942
 2386.000000 2.174817 1.462094
 2387.000000 2.096605 1.423163
 2388.000000 2.103677 1.460554
 2389.000000 2.124256 1.396023
 2390.000000 2.152207 1.358310
 2391.000000 2.150443 1.365881
 2392.000000 2.099970 1.314187
 2393.000000 2.118171 1.407489
 2394.000000 2.153290 1.409959
 2395.000000 2.009353 1.387806
 2396.000000 2.163378 1.476543
 2397.000000 2.028383 1.441758
 2398.000000 2.160387 1.348028
 2399.000000 2.160525 1.348416
 2400.000000 2.180244 1.380026
 2401.000000 2.177482 1.371529
 2402.000000 2.170374 1.326582
 2403.000000 2.084096 1.389313
 2404.000000 2.013825 1.356364
 2405.000000 2.030802 1.319787
 2406.000000 2.065407 1.369503
 2407.000000 2.005828 1.454941
 2408.000000 2.105386 1.433163
 2409.000000 2.074430 1.422516
 2410.000000 2.130198 1.358284
 2411.000000 2.104139 1.390731
 2412.000000 2.138320 1.452058
 2413.000000 2.025592 1.490522
 2414.000000 2.174781 1.337575
 2415.000000 2.125354 1.299580
 2416.000000 2.183035 1.430434
 2417.000000 2.082631 1.353340
 2418.000000 2.150400 1.329958
 2419.000000 2.126567 1.308708
 2420.000000 2.103080 1.331388
 2421.000000 2.124030 1.286903
 2422.000000 2.109299 1.343992
 2423.000000 2.123363 1.404904
 2424.000000 2.030469 1.305483
 2425.000000 2.050210 1.323986
 2426.000000 2.169150 1.369573
 2427.000000 2.103192 1.338136
 2428.000000 2.160274 1.380620
 2429.000000 2.115400 1.282635
 2430.000000 2.122201 1.320860
 2431.000000 2.149322 1.423909
 2432.000000 2.079740 1.317303
 2433.000000 2.082999 1.344392
 2434.000000 2.071635 1.303960
 2435.000000 2.027346 1.338291
 2436.000000 2.128343 1.339741
 2437.000000 2.038235 1.388643
 2438.000000 2.111775 1.366065
 2439.000000 2.205814 1.289542
 2440.000000 2.135682 1.400407
 2441.000000 2.185247 1.340511
 2442.000000 2.127221 1.380874
 2443.000000 2.122615 1.452951
 2444.000000 2.141692 1.374297
 2445.000000 2.100412 1.434649
 2446.000000 2.083361 1.381937
 2447.000000 2.142524 1.405077
 2448.000000 2.022841 1.328135
 2449.000000 2.129370 1.388679
 2450.000000 2.125402 1.347794
 2451.000000 2.007292 1.416868
 2452.000000 2.164996 1.374129
 2453.000000 2.205689 1.472155
 2454.000000 2.023772 1.453232
 2455.000000 2.078284 1.388883
 2456.000000 2.171924 1.408462
 2457.000000 2.140044 1.393584
 2458.000000 2.189416 1.442276
 2459.000000 2.085664 1.445315
 2460.000000 2.073512 1.440213
 2461.000000 2.117182 1.510844
 2462.000000 2.072053 1.448495
 2463.000000 2.068008 1.442692
 2464.000000 2.171825 1.488475
 2465.000000 2.015624 1.345618
 2466.000000 1.990460 1.388140
 2467.000000 2.154753 1.371075
 2468.000000 1.984076 1.345173
 2469.000000 2.144125 1.398354
 2470.000000 2.149829 1.403315
 2471.000000 2.175193 1.359538
 2472.000000 2.148461 1.427487
 2473.000000 2.174293 1.391170
 2474.000000 2.070973 1.515508
 2475.000000 2.113566 1.429761
 2476.000000 2.034906 1.455927
 2477.000000 2.177200 1.428273
 2478.000000 2.033109 1.528039
 2479.000000 2.042872 1.453515
 2480.000000 2.207117 1.436101
 2481.000000 1.948415 1.406325
 2482.000000 2.136383 1.414216
 2483.000000 2.198846 1.410809
 2484.000000 2.175390 1.347662
 2485.000000 2.109383 1.371803
 2486.000000 2.122216 1.302079
 2487.000000 2.034341 1.323537
 2488.000000 1.984292 1.339552
 2489.000000 2.021379 1.349125
 2490.000000 2.234589 1.401665
 2491.000000 2.129961 1.357181
 2492.000000 2.094412 1.347348
 2493.000000 2.041007 1.388503
 2494.000000 2.112707 1.346604
 2495.000000 2.128664 1.437826
 2496.000000 2.093827 1.449395
 2497.000000 2.167872 1.373475
 2498.000000 1.987520 1.421701
 2499.000000 2.167381 1.339016
 2500.000000 2.021200 1.413059
