#! FIELDS time pd_137_140 diff
 0.000000 0.819853 1.191560
 1.000000 0.847573 1.380529
 2.000000 0.760928 1.365792
 3.000000 0.761345 1.345208
 4.000000 0.745192 1.331157
 5.000000 0.677407 1.342518
 6.000000 0.787692 1.322830
 7.000000 0.695618 1.432831
 8.000000 0.787622 1.367268
 9.000000 0.748222 1.330135
 10.000000 0.822923 1.318315
 11.000000 0.760160 1.324384
 12.000000 0.755199 1.360130
 13.000000 0.684812 1.374686
 14.000000 0.729746 1.414562
 15.000000 0.692525 1.460634
 16.000000 0.710202 1.316456
 17.000000 0.679583 1.459818
 18.000000 0.675424 1.386624
 19.000000 0.687260 1.297039
 20.000000 0.705592 1.404120
 21.000000 0.686067 1.354265
 22.000000 0.729480 1.402991
 23.000000 0.700923 1.444143
 24.000000 0.719507 1.350197
 25.000000 0.698151 1.322969
 26.000000 0.746772 1.421873
 27.000000 0.663599 1.362076
 28.000000 0.655685 1.455043
 29.000000 0.706417 1.435579
 30.000000 0.700063 1.360703
 31.000000 0.728557 1.352515
 32.000000 0.641916 1.289626
 33.000000 0.685685 1.408021
 34.000000 0.750744 1.509426
 35.000000 0.714018 1.402343
 36.000000 0.640996 1.353951
 37.000000 0.657282 1.331306
 38.000000 0.644465 1.447021
 39.000000 0.752956 1.439995
 40.000000 0.707932 1.331824
 41.000000 0.677088 1.363149
 42.000000 0.575546 1.385148
 43.000000 0.672771 1.408788
 44.000000 0.735285 1.415067
 45.000000 0.671851 1.381336
 46.000000 0.643220 1.359959
 47.000000 0.705265 1.392494
 48.000000 0.728303 1.342729
 49.000000 0.645162 1.274373
 50.000000 0.628410 1.371213
 51.000000 0.677857 1.332558
 52.000000 0.623868 1.349626
 53.000000 0.830540 1.413011
 54.000000 0.678431 1.336723
 55.000000 0.689380 1.423926
 56.000000 0.763731 1.378967
 57.000000 0.580660 1.414512
 58.000000 0.661413 1.453948
 59.000000 0.715862 1.405670
 60.000000 0.681863 1.427624
 61.000000 0.582909 1.391596
 62.000000 0.603734 1.398456
 63.000000 0.681321 1.395188
 64.000000 0.674125 1.388868
 65.000000 0.784249 1.459567
 66.000000 0.808222 1.465864
 67.000000 0.728969 1.406199
 68.000000 0.641095 1.402365
 69.000000 0.697121 1.347613
 70.000000 0.596513 1.346343
 71.000000 0.668415 1.439052
 72.000000 0.721314 1.287023
 73.000000 0.648054 1.344677
 74.000000 0.710908 1.376264
 75.000000 0.735511 1.487297
 76.000000 0.608814 1.401872
 77.000000 0.582800 1.425104
 78.000000 0.654181 1.387372
 79.000000 0.649209 1.401761
 80.000000 0.744817 1.430480
 81.000000 0.663479 1.302624
 82.000000 0.711081 1.383026
 83.000000 0.779420 1.412564
 84.000000 0.619634 1.342107
 85.000000 0.729909 1.378296
 86.000000 0.738307 1.386773
 87.000000 0.735937 1.355819
 88.000000 0.719113 1.327592
 89.000000 0.725487 1.353446
 90.000000 0.741151 1.444242
 91.000000 0.693877 1.393022
 92.000000 0.782587 1.441541
 93.000000 0.677864 1.391063
 94.000000 0.702483 1.432307
 95.000000 0.714358 1.395179
 96.000000 0.614667 1.382076
 97.000000 0.649923 1.447235
 98.000000 0.677155 1.407590
 99.000000 0.654711 1.486253
 100.000000 0.622934 1.350969
 101.000000 0.744046 1.416002
 102.000000 0.717097 1.357644
 103.000000 0.675020 1.320022
 104.000000 0.709886 1.334389
 105.000000 0.618793 1.439615
 106.000000 0.634963 1.373056
 107.000000 0.636796 1.387660
 108.000000 0.660388 1.392109
 109.000000 0.696706 1.321323
 110.000000 0.682625 1.401918
 111.000000 0.634843 1.338468
 112.000000 0.736018 1.410074
 113.000000 0.688669 1.347855
 114.000000 0.660136 1.381878
 115.000000 0.675133 1.460903
 116.000000 0.668010 1.332468
 117.000000 0.746014 1.439682
 118.000000 0.599002 1.342428
 119.000000 0.581781 1.382650
 120.000000 0.608857 1.386731
 121.000000 0.597665 1.384166
 122.000000 0.637309 1.428085
 123.000000 0.731527 1.397401
 124.000000 0.805877 1.330502
 125.000000 0.754707 1.311720
 126.000000 0.709009 1.365202
 127.000000 0.730131 1.429393
 128.000000 0.661232 1.430591
 129.000000 0.698516 1.313516
 130.000000 0.721857 1.386221
 131.000000 0.706635 1.455572
 132.000000 0.794107 1.378979
 133.000000 0.670212 1.389692
 134.000000 0.704457 1.383856
 135.000000 0.693164 1.317682
 136.000000 0.609963 1.391379
 137.000000 0.629894 1.376377
 138.000000 0.659847 1.381000
 139.000000 0.574857 1.424079
 140.000000 0.670456 1.352110
 141.000000 0.598625 1.386028
 142.000000 0.681238 1.378865
 143.000000 0.664945 1.350606
 144.000000 0.711626 1.338773
 145.000000 0.775039 1.318182
 146.000000 0.770409 1.432837
 147.000000 0.707919 1.339565
 148.000000 0.702132 1.377640
 149.000000 0.676242 1.310993
 150.000000 0.842008 1.292606
 151.000000 0.695615 1.292313
 152.000000 0.745783 1.342149
 153.000000 0.710836 1.382528
 154.000000 0.779146 1.363624
 155.000000 0.720373 1.381079
 156.000000 0.736257 1.400429
 157.000000 0.687197 1.425496
 158.000000 0.762025 1.382705
 159.000000 0.721262 1.349646
 160.000000 0.686388 1.351273
 161.000000 0.783021 1.394568
 162.000000 0.754531 1.400542
 163.000000 0.716867 1.349084
 164.000000 0.703695 1.360923
 165.000000 0.651775 1.317415
 166.000000 0.734229 1.394877
 167.000000 0.717366 1.336559
 168.000000 0.674515 1.355766
 169.000000 0.705681 1.407384
 170.000000 0.662849 1.346351
 171.000000 0.744858 1.368425
 172.000000 0.731120 1.356517
 173.000000 0.776922 1.353616
 174.000000 0.683359 1.348580
 175.000000 0.685823 1.378665
 176.000000 0.696659 1.388101
 177.000000 0.694627 1.406741
 178.000000 0.560128 1.476196
 179.000000 0.671858 1.346157
 180.000000 0.682012 1.387995
 181.000000 0.646879 1.410308
 182.000000 0.691305 1.370436
 183.000000 0.655561 1.363928
 184.000000 0.715872 1.456093
 185.000000 0.715596 1.305660
 186.000000 0.716274 1.421589
 187.000000 0.747172 1.389428
 188.000000 0.775766 1.343056
 189.000000 0.716269 1.370295
 190.000000 0.687408 1.355039
 191.000000 0.619830 1.357255
 192.000000 0.643014 1.358565
 193.000000 0.674412 1.377821
 194.000000 0.716823 1.313649
 195.000000 0.682102 1.369550
 196.000000 0.651061 1.400824
 197.000000 0.644640 1.338931
 198.000000 0.608491 1.383834
 199.000000 0.640279 1.419940
 200.000000 0.553067 1.373014
 201.000000 0.509790 1.435323
 202.000000 0.543507 1.313980
 203.000000 0.697193 1.396215
 204.000000 0.684810 1.355732
 205.000000 0.547186 1.364047
 206.000000 0.706402 1.319575
 207.000000 0.697561 1.385718
 208.000000 0.647345 1.403721
 209.000000 0.634756 1.383530
 210.000000 0.647599 1.402919
 211.000000 0.629553 1.356523
 212.000000 0.728399 1.397391
 213.000000 0.625856 1.310382
 214.000000 0.669777 1.360913
 215.000000 0.577554 1.301520
 216.000000 0.555357 1.385304
 217.000000 0.644120 1.360756
 218.000000 0.627698 1.421198
 219.000000 0.605857 1.386836
 220.000000 0.605501 1.377067
 221.000000 0.566294 1.328471
 222.000000 0.603113 1.375370
 223.000000 0.604887 1.377419
 224.000000 0.622620 1.416911
 225.000000 0.712117 1.455553
 226.000000 0.673995 1.366231
 227.000000 0.614144 1.463847
 228.000000 0.666896 1.309938
 229.000000 0.657112 1.350950
 230.000000 0.699776 1.400713
 231.000000 0.721340 1.343105
 232.000000 0.629187 1.364912
 233.000000 0.587750 1.337058
 234.000000 0.713084 1.343038
 235.000000 0.663105 1.387665
 236.000000 0.705938 1.388573
 237.000000 0.620954 1.373503
 238.000000 0.680431 1.325930
 239.000000 0.707491 1.427034
 240.000000 0.687971 1.363082
 241.000000 0.694542 1.325148
 242.000000 0.687106 1.367837
 243.000000 0.729862 1.354051
 244.000000 0.697159 1.356634
 245.000000 0.714671 1.370758
 246.000000 0.785700 1.351307
 247.000000 0.718409 1.418255
 248.000000 0.645979 1.315983
 249.000000 0.754324 1.344706
 250.000000 0.671230 1.336469
 251.000000 0.628810 1.330331
 252.000000 0.655965 1.338251
 253.000000 0.755078 1.315507
 254.000000 0.696931 1.358773
 255.000000 0.651264 1.371447
 256.000000 0.595564 1.344640
 257.000000 0.610217 1.353833
 258.000000 0.689764 1.277251
 259.000000 0.706230 1.405714
 260.000000 0.687351 1.370163
 261.000000 0.692674 1.399648
 262.000000 0.691908 1.350393
 263.000000 0.725704 1.359603
 264.000000 0.710333 1.346044
 265.000000 0.721609 1.353843
 266.000000 0.648725 1.311851
 267.000000 0.797533 1.371917
 268.000000 0.695492 1.342488
 269.000000 0.758721 1.362462
 270.000000 0.685061 1.312797
 271.000000 0.725273 1.303642
 272.000000 0.794968 1.337166
 273.000000 0.662584 1.298534
 274.000000 0.813267 1.340408
 275.000000 0.661754 1.359407
 276.000000 0.637301 1.261066
 277.000000 0.679134 1.358423
 278.000000 0.722452 1.416233
 279.000000 0.736082 1.369141
 280.000000 0.695964 1.313958
 281.000000 0.721535 1.337812
 282.000000 0.669592 1.382518
 283.000000 0.753033 1.305687
 284.000000 0.725155 1.386493
 285.000000 0.628822 1.340156
 286.000000 0.668607 1.313469
 287.000000 0.749718 1.380184
 288.000000 0.669592 1.342910
 289.000000 0.712946 1.338649
 290.000000 0.704824 1.343038
 291.000000 0.649329 1.346595
 292.000000 0.580017 1.369094
 293.000000 0.665066 1.384177
 294.000000 0.681622 1.339789
 295.000000 0.593153 1.341677
 296.000000 0.600859 1.377752
 297.000000 0.571018 1.361466
 298.000000 0.708894 1.336775
 299.000000 0.704572 1.391332
 300.000000 0.777779 1.328709
 301.000000 0.738155 1.280816
 302.000000 0.748426 1.394357
 303.000000 0.634825 1.373829
 304.000000 0.806678 1.374661
 305.000000 0.611342 1.378965
 306.000000 0.787831 1.373666
 307.000000 0.666006 1.293323
 308.000000 0.583778 1.351132
 309.000000 0.660172 1.340868
 310.000000 0.764829 1.352143
 311.000000 0.739185 1.373160
 312.000000 0.778834 1.300802
 313.000000 0.769163 1.412209
 314.000000 0.759367 1.403247
 315.000000 0.745145 1.307039
 316.000000 0.721191 1.369985
 317.000000 0.774476 1.406028
 318.000000 0.667799 1.438677
 319.000000 0.745343 1.298133
 320.000000 0.870466 1.334622
 321.000000 0.739750 1.418840
 322.000000 0.792194 1.256393
 323.000000 0.720934 1.264902
 324.000000 0.830254 1.321929
 325.000000 0.739380 1.280024
 326.000000 0.725255 1.317887
 327.000000 0.760839 1.342313
 328.000000 0.684856 1.315456
 329.000000 0.752738 1.225525
 330.000000 0.719404 1.290211
 331.000000 0.694975 1.283893
 332.000000 0.634253 1.324213
 333.000000 0.778952 1.266457
 334.000000 0.684435 1.250516
 335.000000 0.644562 1.314204
 336.000000 0.666160 1.306935
 337.000000 0.682664 1.298672
 338.000000 0.704880 1.226319
 339.000000 0.832869 1.303804
 340.000000 0.653548 1.293857
 341.000000 0.714446 1.333156
 342.000000 0.729633 1.326059
 343.000000 0.671024 1.295143
 344.000000 0.752794 1.294107
 345.000000 0.701503 1.333833
 346.000000 0.742595 1.289756
 347.000000 0.716903 1.284780
 348.000000 0.694224 1.290947
 349.000000 0.656388 1.325367
 350.000000 0.706453 1.253897
 351.000000 0.682657 1.327421
 352.000000 0.754843 1.340090
 353.000000 0.718440 1.258975
 354.000000 0.659637 1.273594
 355.000000 0.675545 1.317608
 356.000000 0.709798 1.360772
 357.000000 0.736992 1.356315
 358.000000 0.756205 1.279634
 359.000000 0.732032 1.356279
 360.000000 0.616782 1.303744
 361.000000 0.667816 1.231388
 362.000000 0.677646 1.328289
 363.000000 0.722219 1.347258
 364.000000 0.749404 1.334625
 365.000000 0.581636 1.291239
 366.000000 0.642726 1.323488
 367.000000 0.625264 1.358145
 368.000000 0.713620 1.280608
 369.000000 0.728385 1.375971
 370.000000 0.731235 1.331866
 371.000000 0.725166 1.369215
 372.000000 0.718407 1.418934
 373.000000 0.698302 1.289371
 374.000000 0.667080 1.383332
 375.000000 0.650112 1.327255
 376.000000 0.750835 1.272935
 377.000000 0.649063 1.364345
 378.000000 0.649071 1.316345
 379.000000 0.724008 1.354390
 380.000000 0.743519 1.366485
 381.000000 0.780456 1.409090
 382.000000 0.632880 1.378578
 383.000000 0.753163 1.382811
 384.000000 0.720574 1.303634
 385.000000 0.787600 1.392693
 386.000000 0.735064 1.352632
 387.000000 0.788976 1.321000
 388.000000 0.704478 1.326877
 389.000000 0.688781 1.325049
 390.000000 0.672890 1.338859
 391.000000 0.724371 1.391337
 392.000000 0.724657 1.386226
 393.000000 0.757118 1.395531
 394.000000 0.658901 1.352609
 395.000000 0.610379 1.313720
 396.000000 0.727524 1.345929
 397.000000 0.599460 1.369794
 398.000000 0.703997 1.416748
 399.000000 0.751817 1.381060
 400.000000 0.649189 1.339540
 401.000000 0.689349 1.354458
 402.000000 0.592565 1.364752
 403.000000 0.767406 1.391293
 404.000000 0.687210 1.390926
 405.000000 0.707597 1.378516
 406.000000 0.704937 1.281765
 407.000000 0.594498 1.311195
 408.000000 0.668472 1.321518
 409.000000 0.769523 1.255663
 410.000000 0.622931 1.334578
 411.000000 0.603185 1.290995
 412.000000 0.623467 1.347527
 413.000000 0.587902 1.375259
 414.000000 0.560602 1.332668
 415.000000 0.688793 1.286143
 416.000000 0.632650 1.383044
 417.000000 0.621471 1.428081
 418.000000 0.669425 1.433120
 419.000000 0.650568 1.356424
 420.000000 0.716342 1.362583
 421.000000 0.640501 1.300158
 422.000000 0.525431 1.303917
 423.000000 0.630734 1.284662
 424.000000 0.620753 1.288776
 425.000000 0.593807 1.350126
 426.000000 0.612134 1.282200
 427.000000 0.643819 1.339697
 428.000000 0.542173 1.358616
 429.000000 0.636677 1.324227
 430.000000 0.621922 1.324340
 431.000000 0.511828 1.323894
 432.000000 0.623711 1.330938
 433.000000 0.644161 1.357315
 434.000000 0.693562 1.351309
 435.000000 0.698572 1.321261
 436.000000 0.705417 1.314336
 437.000000 0.540048 1.302436
 438.000000 0.602026 1.309685
 439.000000 0.675849 1.377878
 440.000000 0.705477 1.310792
 441.000000 0.640772 1.296832
 442.000000 0.621317 1.387476
 443.000000 0.580709 1.340570
 444.000000 0.546523 1.351387
 445.000000 0.603694 1.332774
 446.000000 0.598878 1.361716
 447.000000 0.644571 1.423658
 448.000000 0.529913 1.408059
 449.000000 0.655242 1.368984
 450.000000 0.651235 1.414247
 451.000000 0.667375 1.285635
 452.000000 0.780102 1.290569
 453.000000 0.678135 1.382338
 454.000000 0.709576 1.316775
 455.000000 0.761911 1.306296
 456.000000 0.607693 1.408822
 457.000000 0.769359 1.444747
 458.000000 0.637860 1.418235
 459.000000 0.689047 1.410974
 460.000000 0.726158 1.372440
 461.000000 0.698839 1.370264
 462.000000 0.715090 1.371427
 463.000000 0.768723 1.342584
 464.000000 0.604190 1.324713
 465.000000 0.642149 1.306311
 466.000000 0.655248 1.344549
 467.000000 0.702934 1.263452
 468.000000 0.644575 1.314214
 469.000000 0.680515 1.273665
 470.000000 0.749309 1.300407
 471.000000 0.725822 1.323257
 472.000000 0.681779 1.266032
 473.000000 0.734473 1.323199
 474.000000 0.636843 1.321038
 475.000000 0.646750 1.338808
 476.000000 0.794608 1.348214
 477.000000 0.626640 1.364102
 478.000000 0.774617 1.345083
 479.000000 0.776385 1.258367
 480.000000 0.745417 1.244038
 481.000000 0.624175 1.358889
 482.000000 0.571641 1.327245
 483.000000 0.656453 1.383744
 484.000000 0.737207 1.366493
 485.000000 0.661796 1.354413
 486.000000 0.747687 1.322529
 487.000000 0.726845 1.349335
 488.000000 0.711468 1.280852
 489.000000 0.697597 1.313032
 490.000000 0.798940 1.301069
 491.000000 0.602894 1.290831
 492.000000 0.739012 1.285396
 493.000000 0.703782 1.339900
 494.000000 0.636754 1.295793
 495.000000 0.680318 1.259394
 496.000000 0.728132 1.354104
 497.000000 0.735830 1.363964
 498.000000 0.702556 1.328839
 499.000000 0.719465 1.339363
 500.000000 0.719542 1.342472
 501.000000 0.690769 1.369528
 502.000000 0.635444 1.302664
 503.000000 0.680608 1.354223
 504.000000 0.648923 1.344697
 505.000000 0.738159 1.376676
 506.000000 0.665960 1.344411
 507.000000 0.780335 1.342803
 508.000000 0.745343 1.396673
 509.000000 0.676193 1.389076
 510.000000 0.663006 1.314235
 511.000000 0.727922 1.313820
 512.000000 0.755502 1.265846
 513.000000 0.702496 1.289577
 514.000000 0.655396 1.393827
 515.000000 0.640982 1.405786
 516.000000 0.689331 1.439201
 517.000000 0.645066 1.339836
 518.000000 0.693197 1.386950
 519.000000 0.645007 1.354009
 520.000000 0.658376 1.377261
 521.000000 0.719061 1.384708
 522.000000 0.794991 1.372254
 523.000000 0.674800 1.362837
 524.000000 0.716520 1.418917
 525.000000 0.749327 1.373281
 526.000000 0.767471 1.369127
 527.000000 0.654256 1.340150
 528.000000 0.694067 1.358298
 529.000000 0.773882 1.306127
 530.000000 0.767048 1.366760
 531.000000 0.688547 1.382865
 532.000000 0.677969 1.416586
 533.000000 0.748045 1.363808
 534.000000 0.730856 1.430039
 535.000000 0.679193 1.489516
 536.000000 0.631799 1.429288
 537.000000 0.638108 1.377906
 538.000000 0.783953 1.476780
 539.000000 0.683462 1.438823
 540.000000 0.625198 1.445125
 541.000000 0.773801 1.433577
 542.000000 0.695491 1.327348
 543.000000 0.722959 1.298765
 544.000000 0.677420 1.324895
 545.000000 0.699765 1.378322
 546.000000 0.735482 1.409474
 547.000000 0.648234 1.339408
 548.000000 0.731121 1.288988
 549.000000 0.700685 1.316503
 550.000000 0.726419 1.484441
 551.000000 0.701266 1.430719
 552.000000 0.605271 1.440468
 553.000000 0.714472 1.398658
 554.000000 0.629886 1.403173
 555.000000 0.691535 1.317065
 556.000000 0.585261 1.430325
 557.000000 0.694133 1.343171
 558.000000 0.672932 1.314097
 559.000000 0.599453 1.373558
 560.000000 0.644117 1.358804
 561.000000 0.705930 1.285877
 562.000000 0.606553 1.366984
 563.000000 0.665225 1.398041
 564.000000 0.641135 1.412368
 565.000000 0.741930 1.369127
 566.000000 0.752142 1.457030
 567.000000 0.764573 1.396609
 568.000000 0.632863 1.482727
 569.000000 0.692276 1.473150
 570.000000 0.636731 1.385164
 571.000000 0.584172 1.365996
 572.000000 0.679083 1.419120
 573.000000 0.718750 1.414806
 574.000000 0.623639 1.436070
 575.000000 0.740075 1.343169
 576.000000 0.730530 1.477200
 577.000000 0.801475 1.470432
 578.000000 0.710877 1.324162
 579.000000 0.689189 1.374995
 580.000000 0.711919 1.348282
 581.000000 0.865654 1.414568
 582.000000 0.837568 1.373452
 583.000000 0.748880 1.377878
 584.000000 0.751730 1.329732
 585.000000 0.739087 1.275350
 586.000000 0.692442 1.342389
 587.000000 0.726113 1.348018
 588.000000 0.660503 1.320593
 589.000000 0.704483 1.377449
 590.000000 0.755338 1.349486
 591.000000 0.769952 1.398702
 592.000000 0.800610 1.383705
 593.000000 0.769906 1.362372
 594.000000 0.701665 1.353248
 595.000000 0.649562 1.282517
 596.000000 0.674398 1.321070
 597.000000 0.781754 1.364539
 598.000000 0.696943 1.334503
 599.000000 0.713241 1.391115
 600.000000 0.749919 1.355115
 601.000000 0.825336 1.347229
 602.000000 0.815185 1.364286
 603.000000 0.758814 1.386642
 604.000000 0.711054 1.335771
 605.000000 0.726100 1.320083
 606.000000 0.718561 1.341503
 607.000000 0.696287 1.404575
 608.000000 0.737385 1.389787
 609.000000 0.707381 1.365038
 610.000000 0.637283 1.426783
 611.000000 0.731433 1.268819
 612.000000 0.639647 1.407225
 613.000000 0.765045 1.323732
 614.000000 0.716602 1.420666
 615.000000 0.715459 1.445555
 616.000000 0.656189 1.392249
 617.000000 0.682931 1.397712
 618.000000 0.591678 1.342765
 619.000000 0.643512 1.353946
 620.000000 0.744584 1.347329
 621.000000 0.767460 1.361350
 622.000000 0.716095 1.339545
 623.000000 0.705700 1.360085
 624.000000 0.724626 1.332971
 625.000000 0.619270 1.393704
 626.000000 0.764764 1.326331
 627.000000 0.730120 1.311828
 628.000000 0.761686 1.386734
 629.000000 0.779206 1.383869
 630.000000 0.776971 1.378253
 631.000000 0.750265 1.338865
 632.000000 0.753700 1.444527
 633.000000 0.685726 1.413046
 634.000000 0.722148 1.385956
 635.000000 0.716404 1.423922
 636.000000 0.671152 1.408752
 637.000000 0.712042 1.461740
 638.000000 0.669173 1.461727
 639.000000 0.723525 1.421400
 640.000000 0.637585 1.383221
 641.000000 0.678055 1.393757
 642.000000 0.734435 1.320374
 643.000000 0.629274 1.440165
 644.000000 0.720794 1.313424
 645.000000 0.529833 1.240150
 646.000000 0.688618 1.408912
 647.000000 0.721337 1.413413
 648.000000 0.725473 1.403824
 649.000000 0.743994 1.384774
 650.000000 0.763892 1.421157
 651.000000 0.706684 1.410087
 652.000000 0.672421 1.429978
 653.000000 0.809257 1.462696
 654.000000 0.712112 1.381963
 655.000000 0.747683 1.359875
 656.000000 0.690048 1.265666
 657.000000 0.660220 1.376367
 658.000000 0.685525 1.353314
 659.000000 0.713678 1.463453
 660.000000 0.674302 1.352469
 661.000000 0.737894 1.377503
 662.000000 0.674173 1.399449
 663.000000 0.627022 1.339828
 664.000000 0.709271 1.336566
 665.000000 0.761762 1.429863
 666.000000 0.730512 1.411208
 667.000000 0.744955 1.512642
 668.000000 0.652372 1.406238
 669.000000 0.719430 1.340979
 670.000000 0.749779 1.393682
 671.000000 0.645324 1.423411
 672.000000 0.700935 1.505617
 673.000000 0.734822 1.321398
 674.000000 0.769024 1.407941
 675.000000 0.732870 1.436363
 676.000000 0.733445 1.424554
 677.000000 0.783912 1.497783
 678.000000 0.726406 1.428057
 679.000000 0.753176 1.362047
 680.000000 0.771470 1.325702
 681.000000 0.636791 1.271335
 682.000000 0.701782 1.224743
 683.000000 0.713143 1.340492
 684.000000 0.682893 1.372404
 685.000000 0.673924 1.403851
 686.000000 0.605147 1.365694
 687.000000 0.753102 1.337456
 688.000000 0.695192 1.428382
 689.000000 0.688558 1.405187
 690.000000 0.676557 1.438773
 691.000000 0.691396 1.389623
 692.000000 0.726857 1.387356
 693.000000 0.754228 1.365362
 694.000000 0.749029 1.397483
 695.000000 0.752087 1.357390
 696.000000 0.666663 1.290858
 697.000000 0.703542 1.378934
 698.000000 0.735360 1.417207
 699.000000 0.796647 1.377751
 700.000000 0.705474 1.461986
 701.000000 0.762241 1.343639
 702.000000 0.727990 1.337882
 703.000000 0.712049 1.405127
 704.000000 0.686146 1.417395
 705.000000 0.649799 1.459914
 706.000000 0.727013 1.405117
 707.000000 0.636946 1.438175
 708.000000 0.693178 1.363349
 709.000000 0.782429 1.381810
 710.000000 0.644865 1.436569
 711.000000 0.705699 1.418477
 712.000000 0.758351 1.410779
 713.000000 0.750596 1.310698
 714.000000 0.743009 1.320158
 715.000000 0.651448 1.350771
 716.000000 0.666514 1.436281
 717.000000 0.687104 1.439904
 718.000000 0.733285 1.502210
 719.000000 0.721176 1.438468
 720.000000 0.679419 1.399429
 721.000000 0.746298 1.458505
 722.000000 0.697569 1.368735
 723.000000 0.690716 1.419831
 724.000000 0.767575 1.425795
 725.000000 0.736614 1.357313
 726.000000 0.720948 1.416309
 727.000000 0.683723 1.364297
 728.000000 0.643762 1.377950
 729.000000 0.780484 1.310911
 730.000000 0.628309 1.335992
 731.000000 0.672105 1.421403
 732.000000 0.679083 1.413231
 733.000000 0.709634 1.373802
 734.000000 0.672582 1.396462
 735.000000 0.686765 1.312303
 736.000000 0.738852 1.390682
 737.000000 0.728749 1.424360
 738.000000 0.694322 1.337451
 739.000000 0.740210 1.374080
 740.000000 0.694176 1.467030
 741.000000 0.647108 1.425137
 742.000000 0.630468 1.329624
 743.000000 0.634335 1.322244
 744.000000 0.726217 1.277989
 745.000000 0.679988 1.405384
 746.000000 0.743321 1.400599
 747.000000 0.778361 1.427861
 748.000000 0.748644 1.428037
 749.000000 0.745102 1.371145
 750.000000 0.778306 1.448750
 751.000000 0.737974 1.455819
 752.000000 0.687553 1.399633
 753.000000 0.683117 1.410524
 754.000000 0.612335 1.323805
 755.000000 0.769880 1.366293
 756.000000 0.703792 1.430556
 757.000000 0.622504 1.485017
 758.000000 0.704379 1.474057
 759.000000 0.576401 1.439439
 760.000000 0.709636 1.463356
 761.000000 0.723672 1.385041
 762.000000 0.613291 1.433036
 763.000000 0.705264 1.427709
 764.000000 0.729144 1.406117
 765.000000 0.690925 1.339223
 766.000000 0.727055 1.374553
 767.000000 0.689672 1.396117
 768.000000 0.715205 1.303822
 769.000000 0.733774 1.349889
 770.000000 0.651718 1.303448
 771.000000 0.782260 1.407937
 772.000000 0.615360 1.298421
 773.000000 0.685967 1.386860
 774.000000 0.652278 1.291194
 775.000000 0.648736 1.391262
 776.000000 0.690328 1.333218
 777.000000 0.615722 1.279262
 778.000000 0.565097 1.296795
 779.000000 0.627582 1.395754
 780.000000 0.716728 1.393378
 781.000000 0.701126 1.450883
 782.000000 0.683597 1.455093
 783.000000 0.698289 1.496959
 784.000000 0.573064 1.428531
 785.000000 0.695521 1.452817
 786.000000 0.696634 1.430594
 787.000000 0.649236 1.422413
 788.000000 0.632374 1.355891
 789.000000 0.662790 1.448599
 790.000000 0.577052 1.478376
 791.000000 0.740098 1.382691
 792.000000 0.682694 1.458500
 793.000000 0.758253 1.449324
 794.000000 0.744359 1.471244
 795.000000 0.638069 1.366637
 796.000000 0.698585 1.343192
 797.000000 0.701681 1.339555
 798.000000 0.664370 1.464836
 799.000000 0.708396 1.442817
 800.000000 0.552156 1.459703
 801.000000 0.686222 1.389006
 802.000000 0.680189 1.320718
 803.000000 0.709438 1.445341
 804.000000 0.594933 1.406790
 805.000000 0.672806 1.469005
 806.000000 0.681413 1.376682
 807.000000 0.713238 1.417111
 808.000000 0.675800 1.384150
 809.000000 0.604009 1.362999
 810.000000 0.707117 1.312196
 811.000000 0.707222 1.468488
 812.000000 0.622346 1.430426
 813.000000 0.645712 1.430416
 814.000000 0.680820 1.431000
 815.000000 0.765751 1.384677
 816.000000 0.719743 1.359607
 817.000000 0.671826 1.324650
 818.000000 0.657868 1.371608
 819.000000 0.633341 1.414762
 820.000000 0.726506 1.366131
 821.000000 0.743324 1.412199
 822.000000 0.734402 1.415675
 823.000000 0.677179 1.426141
 824.000000 0.682153 1.425171
 825.000000 0.756142 1.402764
 826.000000 0.719453 1.472004
 827.000000 0.766086 1.525083
 828.000000 0.714897 1.391835
 829.000000 0.775093 1.443640
 830.000000 0.716263 1.443060
 831.000000 0.741598 1.466231
 832.000000 0.748323 1.455076
 833.000000 0.699172 1.428167
 834.000000 0.729048 1.376321
 835.000000 0.770202 1.462523
 836.000000 0.671020 1.389649
 837.000000 0.752338 1.464644
 838.000000 0.734144 1.399490
 839.000000 0.625278 1.497692
 840.000000 0.783613 1.384363
 841.000000 0.744370 1.486210
 842.000000 0.749320 1.425101
 843.000000 0.583748 1.377836
 844.000000 0.712952 1.380564
 845.000000 0.797077 1.403370
 846.000000 0.666784 1.431911
 847.000000 0.642232 1.399954
 848.000000 0.593816 1.436618
 849.000000 0.703622 1.373414
 850.000000 0.734025 1.451267
 851.000000 0.696547 1.394695
 852.000000 0.662382 1.374112
 853.000000 0.711743 1.349743
 854.000000 0.587764 1.438728
 855.000000 0.685174 1.390656
 856.000000 0.641124 1.484810
 857.000000 0.575230 1.387585
 858.000000 0.633270 1.388776
 859.000000 0.680134 1.414373
 860.000000 0.734415 1.483323
 861.000000 0.792840 1.438034
 862.000000 0.734944 1.491318
 863.000000 0.756493 1.520213
 864.000000 0.559781 1.541091
 865.000000 0.608451 1.420910
 866.000000 0.627157 1.449217
 867.000000 0.592053 1.508909
 868.000000 0.654244 1.506675
 869.000000 0.696863 1.492617
 870.000000 0.654987 1.377934
 871.000000 0.641022 1.467513
 872.000000 0.683398 1.419524
 873.000000 0.593822 1.347002
 874.000000 0.638519 1.384715
 875.000000 0.772654 1.319998
 876.000000 0.700400 1.299561
 877.000000 0.799869 1.327541
 878.000000 0.675684 1.384157
 879.000000 0.765380 1.397860
 880.000000 0.761751 1.321622
 881.000000 0.623340 1.422829
 882.000000 0.667953 1.344536
 883.000000 0.847271 1.472594
 884.000000 0.669589 1.449769
 885.000000 0.805421 1.334761
 886.000000 0.747140 1.456442
 887.000000 0.715466 1.431328
 888.000000 0.675478 1.415823
 889.000000 0.797899 1.513465
 890.000000 0.647949 1.483481
 891.000000 0.664139 1.411988
 892.000000 0.670876 1.358826
 893.000000 0.692015 1.406379
 894.000000 0.691920 1.334985
 895.000000 0.633788 1.382026
 896.000000 0.683542 1.324695
 897.000000 0.756947 1.298986
 898.000000 0.797930 1.379244
 899.000000 0.806569 1.387471
 900.000000 0.685429 1.436848
 901.000000 0.631172 1.428690
 902.000000 0.720497 1.370904
 903.000000 0.699217 1.421641
 904.000000 0.743646 1.449034
 905.000000 0.778883 1.407003
 906.000000 0.811331 1.470108
 907.000000 0.699802 1.419799
 908.000000 0.764955 1.409290
 909.000000 0.823862 1.305170
 910.000000 0.760651 1.420955
 911.000000 0.772436 1.323717
 912.000000 0.725586 1.348537
 913.000000 0.697215 1.365946
 914.000000 0.812833 1.371280
 915.000000 0.671153 1.379360
 916.000000 0.709804 1.449392
 917.000000 0.714719 1.335135
 918.000000 0.668212 1.309462
 919.000000 0.668026 1.452523
 920.000000 0.745697 1.407589
 921.000000 0.710844 1.279335
 922.000000 0.812342 1.302144
 923.000000 0.699000 1.304845
 924.000000 0.617302 1.374025
 925.000000 0.673026 1.378368
 926.000000 0.643051 1.315617
 927.000000 0.771679 1.429193
 928.000000 0.733733 1.419401
 929.000000 0.663974 1.340748
 930.000000 0.655047 1.348924
 931.000000 0.771463 1.380582
 932.000000 0.733815 1.282606
 933.000000 0.699556 1.394274
 934.000000 0.691390 1.497307
 935.000000 0.703443 1.436292
 936.000000 0.740268 1.313837
 937.000000 0.653287 1.349513
 938.000000 0.655560 1.414502
 939.000000 0.673209 1.454044
 940.000000 0.791382 1.312364
 941.000000 0.654769 1.290493
 942.000000 0.719783 1.348466
 943.000000 0.627068 1.279684
 944.000000 0.733788 1.376232
 945.000000 0.722283 1.399254
 946.000000 0.671900 1.340587
 947.000000 0.649295 1.411008
 948.000000 0.766639 1.400956
 949.000000 0.627206 1.399317
 950.000000 0.668611 1.376304
 951.000000 0.619000 1.373489
 952.000000 0.775345 1.429831
 953.000000 0.790413 1.362374
 954.000000 0.729582 1.417875
 955.000000 0.720022 1.443127
 956.000000 0.604878 1.340155
 957.000000 0.767233 1.320413
 958.000000 0.713786 1.423821
 959.000000 0.839821 1.379507
 960.000000 0.710280 1.426265
 961.000000 0.705000 1.328936
 962.000000 0.759756 1.389659
 963.000000 0.726084 1.293531
 964.000000 0.722869 1.412679
 965.000000 0.747361 1.394265
 966.000000 0.743388 1.420281
 967.000000 0.750701 1.370722
 968.000000 0.732247 1.402651
 969.000000 0.748476 1.416810
 970.000000 0.717729 1.418805
 971.000000 0.773490 1.406378
 972.000000 0.638847 1.441015
 973.000000 0.780417 1.497228
 974.000000 0.764508 1.391783
 975.000000 0.636735 1.382383
 976.000000 0.783633 1.361926
 977.000000 0.715600 1.406614
 978.000000 0.677711 1.344931
 979.000000 0.754598 1.282826
 980.000000 0.788120 1.358514
 981.000000 0.780859 1.387613
 982.000000 0.706325 1.414624
 983.000000 0.750744 1.454342
 984.000000 0.760824 1.325372
 985.000000 0.748863 1.291780
 986.000000 0.666471 1.380262
 987.000000 0.674099 1.362073
 988.000000 0.837124 1.450499
 989.000000 0.684573 1.436504
 990.000000 0.773766 1.370178
 991.000000 0.715621 1.370778
 992.000000 0.738160 1.341836
 993.000000 0.717811 1.328404
 994.000000 0.674009 1.441000
 995.000000 0.739040 1.423746
 996.000000 0.689013 1.412782
 997.000000 0.795067 1.494257
 998.000000 0.670541 1.385237
 999.000000 0.707944 1.415100
 1000.000000 0.693666 1.325261
 1001.000000 0.627425 1.329752
 1002.000000 0.754221 1.435875
 1003.000000 0.704843 1.330160
 1004.000000 0.696868 1.422688
 1005.000000 0.673498 1.373078
 1006.000000 0.733498 1.433614
 1007.000000 0.715071 1.351675
 1008.000000 0.738888 1.346007
 1009.000000 0.711532 1.366792
 1010.000000 0.723922 1.308768
 1011.000000 0.809404 1.380103
 1012.000000 0.789823 1.276944
 1013.000000 0.628962 1.363387
 1014.000000 0.649775 1.345096
 1015.000000 0.641117 1.482236
 1016.000000 0.743954 1.370251
 1017.000000 0.722828 1.366969
 1018.000000 0.795090 1.393939
 1019.000000 0.700993 1.337148
 1020.000000 0.728265 1.432553
 1021.000000 0.768809 1.385704
 1022.000000 0.705061 1.447730
 1023.000000 0.796595 1.343629
 1024.000000 0.621811 1.356583
 1025.000000 0.767201 1.414290
 1026.000000 0.627111 1.367266
 1027.000000 0.753745 1.478407
 1028.000000 0.730181 1.410590
 1029.000000 0.672524 1.447111
 1030.000000 0.750206 1.441980
 1031.000000 0.696449 1.491811
 1032.000000 0.712411 1.462306
 1033.000000 0.777396 1.367615
 1034.000000 0.663999 1.449341
 1035.000000 0.809974 1.450570
 1036.000000 0.755274 1.412629
 1037.000000 0.647616 1.448180
 1038.000000 0.785028 1.428940
 1039.000000 0.683509 1.472560
 1040.000000 0.645126 1.408752
 1041.000000 0.654565 1.459803
 1042.000000 0.704682 1.501743
 1043.000000 0.742413 1.433732
 1044.000000 0.772093 1.380699
 1045.000000 0.710206 1.419098
 1046.000000 0.756077 1.552171
 1047.000000 0.746219 1.422055
 1048.000000 0.667135 1.422501
 1049.000000 0.771376 1.435824
 1050.000000 0.709942 1.382000
 1051.000000 0.690645 1.375465
 1052.000000 0.747799 1.407260
 1053.000000 0.778281 1.443088
 1054.000000 0.733477 1.440690
 1055.000000 0.752886 1.399128
 1056.000000 0.646838 1.356044
 1057.000000 0.703107 1.507021
 1058.000000 0.748761 1.431955
 1059.000000 0.688758 1.410463
 1060.000000 0.614900 1.423101
 1061.000000 0.683763 1.326091
 1062.000000 0.677428 1.413855
 1063.000000 0.587155 1.355893
 1064.000000 0.732895 1.436584
 1065.000000 0.655370 1.434340
 1066.000000 0.753535 1.466290
 1067.000000 0.686206 1.392510
 1068.000000 0.701831 1.486039
 1069.000000 0.722921 1.395636
 1070.000000 0.733364 1.388726
 1071.000000 0.747949 1.501905
 1072.000000 0.692306 1.452181
 1073.000000 0.699547 1.442898
 1074.000000 0.732629 1.462578
 1075.000000 0.736044 1.462895
 1076.000000 0.671451 1.409618
 1077.000000 0.689052 1.382361
 1078.000000 0.739080 1.439211
 1079.000000 0.775735 1.347236
 1080.000000 0.689614 1.408982
 1081.000000 0.846677 1.444775
 1082.000000 0.688437 1.367956
 1083.000000 0.739432 1.451410
 1084.000000 0.774994 1.446895
 1085.000000 0.780906 1.388916
 1086.000000 0.716386 1.431944
 1087.000000 0.704833 1.419578
 1088.000000 0.682641 1.521855
 1089.000000 0.659109 1.408478
 1090.000000 0.798527 1.445770
 1091.000000 0.678448 1.383082
 1092.000000 0.684538 1.435795
 1093.000000 0.711538 1.308703
 1094.000000 0.663646 1.393059
 1095.000000 0.726263 1.457427
 1096.000000 0.672767 1.415383
 1097.000000 0.694161 1.442406
 1098.000000 0.722799 1.431471
 1099.000000 0.697022 1.367398
 1100.000000 0.646612 1.312368
 1101.000000 0.671123 1.424174
 1102.000000 0.680319 1.418481
 1103.000000 0.766666 1.524298
 1104.000000 0.719793 1.455014
 1105.000000 0.799793 1.282070
 1106.000000 0.743527 1.394140
 1107.000000 0.669558 1.388595
 1108.000000 0.720535 1.411809
 1109.000000 0.711150 1.416675
 1110.000000 0.751873 1.399340
 1111.000000 0.744558 1.390039
 1112.000000 0.693486 1.364672
 1113.000000 0.690324 1.491281
 1114.000000 0.674895 1.475524
 1115.000000 0.704151 1.419878
 1116.000000 0.730346 1.433221
 1117.000000 0.720014 1.430051
 1118.000000 0.687679 1.444027
 1119.000000 0.736947 1.402129
 1120.000000 0.699834 1.380994
 1121.000000 0.669800 1.332130
 1122.000000 0.747410 1.393585
 1123.000000 0.730529 1.369695
 1124.000000 0.673073 1.309310
 1125.000000 0.701615 1.420343
 1126.000000 0.720593 1.369061
 1127.000000 0.715896 1.334693
 1128.000000 0.729740 1.337150
 1129.000000 0.752930 1.476489
 1130.000000 0.697275 1.395814
 1131.000000 0.716872 1.473744
 1132.000000 0.776922 1.380191
 1133.000000 0.760884 1.433954
 1134.000000 0.670399 1.422320
 1135.000000 0.729311 1.476895
 1136.000000 0.769586 1.429986
 1137.000000 0.658526 1.493743
 1138.000000 0.676200 1.499548
 1139.000000 0.658963 1.280916
 1140.000000 0.790748 1.393180
 1141.000000 0.742183 1.375837
 1142.000000 0.670091 1.343312
 1143.000000 0.721695 1.463756
 1144.000000 0.725541 1.406207
 1145.000000 0.671292 1.363455
 1146.000000 0.710923 1.403224
 1147.000000 0.685979 1.337088
 1148.000000 0.777129 1.436261
 1149.000000 0.765321 1.413409
 1150.000000 0.702214 1.479501
 1151.000000 0.673530 1.328089
 1152.000000 0.677798 1.342268
 1153.000000 0.729188 1.412766
 1154.000000 0.773260 1.372041
 1155.000000 0.779415 1.436337
 1156.000000 0.723494 1.445440
 1157.000000 0.703737 1.474445
 1158.000000 0.638510 1.431953
 1159.000000 0.689829 1.473246
 1160.000000 0.743580 1.347023
 1161.000000 0.739351 1.443404
 1162.000000 0.697363 1.478181
 1163.000000 0.715392 1.352741
 1164.000000 0.705095 1.355378
 1165.000000 0.684456 1.458526
 1166.000000 0.671338 1.396437
 1167.000000 0.774495 1.442714
 1168.000000 0.673488 1.409852
 1169.000000 0.703210 1.375742
 1170.000000 0.799235 1.380962
 1171.000000 0.719156 1.460045
 1172.000000 0.610986 1.426203
 1173.000000 0.635365 1.448856
 1174.000000 0.682124 1.385117
 1175.000000 0.734014 1.392236
 1176.000000 0.634920 1.354126
 1177.000000 0.660551 1.433709
 1178.000000 0.710281 1.424026
 1179.000000 0.703295 1.503564
 1180.000000 0.637370 1.433279
 1181.000000 0.632686 1.384009
 1182.000000 0.721705 1.372331
 1183.000000 0.719256 1.311097
 1184.000000 0.794098 1.329323
 1185.000000 0.723386 1.340866
 1186.000000 0.782094 1.473209
 1187.000000 0.782780 1.435616
 1188.000000 0.639504 1.419776
 1189.000000 0.758272 1.445829
 1190.000000 0.676484 1.412286
 1191.000000 0.750299 1.347900
 1192.000000 0.690481 1.423614
 1193.000000 0.709264 1.409800
 1194.000000 0.780178 1.416300
 1195.000000 0.648992 1.428688
 1196.000000 0.614104 1.390052
 1197.000000 0.781301 1.442533
 1198.000000 0.644162 1.470740
 1199.000000 0.700263 1.332269
 1200.000000 0.705654 1.390882
 1201.000000 0.816731 1.340843
 1202.000000 0.654080 1.417926
 1203.000000 0.745395 1.381436
 1204.000000 0.690563 1.329913
 1205.000000 0.717936 1.389195
 1206.000000 0.673503 1.301873
 1207.000000 0.680905 1.433712
 1208.000000 0.711042 1.424657
 1209.000000 0.738796 1.377731
 1210.000000 0.715983 1.395006
 1211.000000 0.823345 1.437148
 1212.000000 0.793068 1.354573
 1213.000000 0.765284 1.437730
 1214.000000 0.768921 1.412541
 1215.000000 0.759861 1.388553
 1216.000000 0.653706 1.341464
 1217.000000 0.765297 1.418048
 1218.000000 0.685669 1.346582
 1219.000000 0.754105 1.374269
 1220.000000 0.756495 1.509658
 1221.000000 0.711734 1.413956
 1222.000000 0.685624 1.455223
 1223.000000 0.661089 1.482015
 1224.000000 0.743594 1.353128
 1225.000000 0.700692 1.297450
 1226.000000 0.740997 1.476939
 1227.000000 0.765520 1.405416
 1228.000000 0.698829 1.356908
 1229.000000 0.727966 1.491558
 1230.000000 0.729993 1.378088
 1231.000000 0.782189 1.442167
 1232.000000 0.754910 1.330986
 1233.000000 0.638343 1.420407
 1234.000000 0.737945 1.416005
 1235.000000 0.589705 1.375684
 1236.000000 0.716460 1.323459
 1237.000000 0.650083 1.411615
 1238.000000 0.815724 1.359166
 1239.000000 0.737452 1.457605
 1240.000000 0.709264 1.502250
 1241.000000 0.596825 1.467802
 1242.000000 0.719189 1.439516
 1243.000000 0.683150 1.413552
 1244.000000 0.721205 1.435045
 1245.000000 0.701635 1.449755
 1246.000000 0.666957 1.391457
 1247.000000 0.716580 1.437189
 1248.000000 0.674561 1.500678
 1249.000000 0.738731 1.393789
 1250.000000 0.784054 1.500335
 1251.000000 0.754672 1.427402
 1252.000000 0.716705 1.411010
 1253.000000 0.711205 1.407308
 1254.000000 0.733017 1.382778
 1255.000000 0.600958 1.366554
 1256.000000 0.630945 1.351133
 1257.000000 0.769983 1.450175
 1258.000000 0.744623 1.327738
 1259.000000 0.717353 1.449397
 1260.000000 0.726063 1.410341
 1261.000000 0.682648 1.442279
 1262.000000 0.693132 1.444205
 1263.000000 0.745234 1.423496
 1264.000000 0.768962 1.371376
 1265.000000 0.709769 1.400830
 1266.000000 0.775721 1.440336
 1267.000000 0.779316 1.348480
 1268.000000 0.661705 1.395438
 1269.000000 0.625059 1.439470
 1270.000000 0.677974 1.469052
 1271.000000 0.708705 1.494185
 1272.000000 0.729101 1.416008
 1273.000000 0.708065 1.451107
 1274.000000 0.796253 1.411186
 1275.000000 0.747566 1.491597
 1276.000000 0.745903 1.423401
 1277.000000 0.813495 1.405171
 1278.000000 0.595256 1.394787
 1279.000000 0.749070 1.402841
 1280.000000 0.595033 1.438572
 1281.000000 0.614237 1.405338
 1282.000000 0.753993 1.423602
 1283.000000 0.758319 1.404102
 1284.000000 0.677763 1.390819
 1285.000000 0.755252 1.412727
 1286.000000 0.744809 1.340391
 1287.000000 0.809049 1.419741
 1288.000000 0.762025 1.403655
 1289.000000 0.758055 1.414329
 1290.000000 0.729284 1.406921
 1291.000000 0.779284 1.407190
 1292.000000 0.748912 1.401476
 1293.000000 0.710567 1.329128
 1294.000000 0.752118 1.451046
 1295.000000 0.665978 1.349240
 1296.000000 0.694612 1.388906
 1297.000000 0.830432 1.380106
 1298.000000 0.788255 1.391201
 1299.000000 0.760524 1.312726
 1300.000000 0.701046 1.374753
 1301.000000 0.753665 1.442813
 1302.000000 0.763029 1.378597
 1303.000000 0.765467 1.449391
 1304.000000 0.731815 1.421042
 1305.000000 0.657286 1.411691
 1306.000000 0.775840 1.400037
 1307.000000 0.713853 1.418114
 1308.000000 0.766053 1.370781
 1309.000000 0.745651 1.363249
 1310.000000 0.712298 1.423587
 1311.000000 0.703395 1.470161
 1312.000000 0.684420 1.436985
 1313.000000 0.703704 1.393464
 1314.000000 0.697013 1.466344
 1315.000000 0.578062 1.472060
 1316.000000 0.752378 1.466476
 1317.000000 0.698913 1.433533
 1318.000000 0.648474 1.438358
 1319.000000 0.690672 1.403787
 1320.000000 0.739749 1.463126
 1321.000000 0.680557 1.441229
 1322.000000 0.687166 1.445907
 1323.000000 0.700930 1.396194
 1324.000000 0.755704 1.322075
 1325.000000 0.713785 1.455113
 1326.000000 0.738411 1.399580
 1327.000000 0.647756 1.400525
 1328.000000 0.767888 1.397427
 1329.000000 0.777392 1.463517
 1330.000000 0.786329 1.385548
 1331.000000 0.657277 1.382486
 1332.000000 0.650710 1.402408
 1333.000000 0.661800 1.366553
 1334.000000 0.688377 1.336651
 1335.000000 0.702540 1.378668
 1336.000000 0.706264 1.267318
 1337.000000 0.697110 1.449796
 1338.000000 0.749163 1.427546
 1339.000000 0.743758 1.403854
 1340.000000 0.664061 1.355715
 1341.000000 0.657757 1.502076
 1342.000000 0.722732 1.363002
 1343.000000 0.701079 1.367635
 1344.000000 0.754437 1.444383
 1345.000000 0.747164 1.462477
 1346.000000 0.719460 1.445307
 1347.000000 0.632161 1.388100
 1348.000000 0.650861 1.351456
 1349.000000 0.750019 1.468723
 1350.000000 0.683670 1.392706
 1351.000000 0.704055 1.380218
 1352.000000 0.704064 1.413944
 1353.000000 0.708663 1.393799
 1354.000000 0.743245 1.440069
 1355.000000 0.715045 1.417954
 1356.000000 0.688831 1.393484
 1357.000000 0.833854 1.445490
 1358.000000 0.741549 1.396618
 1359.000000 0.724042 1.361890
 1360.000000 0.692893 1.466921
 1361.000000 0.794153 1.356626
 1362.000000 0.735593 1.447444
 1363.000000 0.777611 1.428835
 1364.000000 0.687756 1.414892
 1365.000000 0.643793 1.388480
 1366.000000 0.671827 1.415659
 1367.000000 0.707803 1.383389
 1368.000000 0.698028 1.425492
 1369.000000 0.661603 1.412211
 1370.000000 0.679975 1.370291
 1371.000000 0.775600 1.326444
 1372.000000 0.699403 1.354708
 1373.000000 0.761046 1.428622
 1374.000000 0.700158 1.407311
 1375.000000 0.669687 1.383210
 1376.000000 0.666483 1.384313
 1377.000000 0.699079 1.422163
 1378.000000 0.807135 1.488122
 1379.000000 0.748195 1.452103
 1380.000000 0.692055 1.321361
 1381.000000 0.729668 1.425644
 1382.000000 0.792224 1.381700
 1383.000000 0.739070 1.533481
 1384.000000 0.756291 1.375674
 1385.000000 0.647505 1.393014
 1386.000000 0.805370 1.289418
 1387.000000 0.671848 1.345264
 1388.000000 0.719636 1.402516
 1389.000000 0.713153 1.491297
 1390.000000 0.727851 1.319989
 1391.000000 0.651655 1.457025
 1392.000000 0.648634 1.348248
 1393.000000 0.746075 1.448223
 1394.000000 0.618793 1.433450
 1395.000000 0.702086 1.376684
 1396.000000 0.676747 1.490307
 1397.000000 0.623555 1.445818
 1398.000000 0.727250 1.461900
 1399.000000 0.712486 1.393794
 1400.000000 0.616062 1.512829
 1401.000000 0.786825 1.494062
 1402.000000 0.680761 1.452722
 1403.000000 0.628057 1.405412
 1404.000000 0.670580 1.455403
 1405.000000 0.724498 1.446660
 1406.000000 0.650947 1.449906
 1407.000000 0.815476 1.473391
 1408.000000 0.685338 1.383618
 1409.000000 0.733647 1.334673
 1410.000000 0.773678 1.414095
 1411.000000 0.734613 1.404807
 1412.000000 0.722411 1.304116
 1413.000000 0.749379 1.325689
 1414.000000 0.726349 1.267650
 1415.000000 0.715075 1.360429
 1416.000000 0.766785 1.448741
 1417.000000 0.745394 1.298315
 1418.000000 0.756231 1.422288
 1419.000000 0.622937 1.416474
 1420.000000 0.684674 1.490359
 1421.000000 0.634708 1.347223
 1422.000000 0.682755 1.336229
 1423.000000 0.771296 1.357053
 1424.000000 0.671193 1.379271
 1425.000000 0.722598 1.346139
 1426.000000 0.697758 1.404270
 1427.000000 0.710692 1.422198
 1428.000000 0.717761 1.419643
 1429.000000 0.701401 1.457451
 1430.000000 0.691812 1.474494
 1431.000000 0.653260 1.396569
 1432.000000 0.629154 1.423991
 1433.000000 0.680004 1.491175
 1434.000000 0.617255 1.499870
 1435.000000 0.670280 1.327908
 1436.000000 0.755806 1.494624
 1437.000000 0.697774 1.475609
 1438.000000 0.638770 1.428943
 1439.000000 0.706185 1.496429
 1440.000000 0.682412 1.447064
 1441.000000 0.796793 1.439075
 1442.000000 0.704988 1.407035
 1443.000000 0.667194 1.421483
 1444.000000 0.715980 1.394683
 1445.000000 0.718413 1.410699
 1446.000000 0.675894 1.422035
 1447.000000 0.682449 1.359944
 1448.000000 0.671645 1.341334
 1449.000000 0.670011 1.379910
 1450.000000 0.651622 1.437003
 1451.000000 0.744153 1.302449
 1452.000000 0.745068 1.502516
 1453.000000 0.695016 1.401843
 1454.000000 0.712905 1.350164
 1455.000000 0.645817 1.394912
 1456.000000 0.700160 1.465059
 1457.000000 0.758608 1.449353
 1458.000000 0.698250 1.469986
 1459.000000 0.725362 1.431100
 1460.000000 0.685700 1.387191
 1461.000000 0.659620 1.412222
 1462.000000 0.605778 1.372359
 1463.000000 0.799835 1.441214
 1464.000000 0.735586 1.454847
 1465.000000 0.776549 1.468274
 1466.000000 0.770090 1.412961
 1467.000000 0.670538 1.481166
 1468.000000 0.654010 1.478251
 1469.000000 0.691909 1.467526
 1470.000000 0.803508 1.464259
 1471.000000 0.706640 1.514749
 1472.000000 0.762073 1.456054
 1473.000000 0.760358 1.526934
 1474.000000 0.692058 1.435772
 1475.000000 0.705946 1.411560
 1476.000000 0.651381 1.453435
 1477.000000 0.719292 1.291211
 1478.000000 0.716958 1.390622
 1479.000000 0.709057 1.387791
 1480.000000 0.705545 1.360079
 1481.000000 0.710898 1.320110
 1482.000000 0.656581 1.452944
 1483.000000 0.750383 1.416647
 1484.000000 0.783783 1.445977
 1485.000000 0.732459 1.394971
 1486.000000 0.782299 1.366662
 1487.000000 0.861055 1.330037
 1488.000000 0.700081 1.411810
 1489.000000 0.740350 1.429582
 1490.000000 0.678574 1.457456
 1491.000000 0.675576 1.430507
 1492.000000 0.747057 1.409868
 1493.000000 0.769425 1.367520
 1494.000000 0.766130 1.494549
 1495.000000 0.721487 1.482155
 1496.000000 0.755349 1.407819
 1497.000000 0.705506 1.404086
 1498.000000 0.739934 1.433772
 1499.000000 0.667834 1.326231
 1500.000000 0.793947 1.333795
 1501.000000 0.689950 1.358952
 1502.000000 0.778952 1.379286
 1503.000000 0.772466 1.383424
 1504.000000 0.713296 1.420152
 1505.000000 0.768124 1.425261
 1506.000000 0.757684 1.435317
 1507.000000 0.688779 1.424242
 1508.000000 0.821022 1.447505
 1509.000000 0.778600 1.426048
 1510.000000 0.808741 1.305815
 1511.000000 0.776387 1.494435
 1512.000000 0.694343 1.366746
 1513.000000 0.723896 1.307390
 1514.000000 0.815516 1.345109
 1515.000000 0.752483 1.350371
 1516.000000 0.837856 1.378556
 1517.000000 0.772611 1.385444
 1518.000000 0.688743 1.407876
 1519.000000 0.798956 1.407239
 1520.000000 0.820480 1.379265
 1521.000000 0.784704 1.461046
 1522.000000 0.653380 1.216547
 1523.000000 0.644684 1.328444
 1524.000000 0.659378 1.358498
 1525.000000 0.728441 1.318678
 1526.000000 0.679826 1.340569
 1527.000000 0.626022 1.413435
 1528.000000 0.739751 1.301348
 1529.000000 0.688287 1.375680
 1530.000000 0.724307 1.355396
 1531.000000 0.596839 1.389090
 1532.000000 0.697985 1.341308
 1533.000000 0.806773 1.358825
 1534.000000 0.688303 1.391217
 1535.000000 0.711669 1.349816
 1536.000000 0.643120 1.321188
 1537.000000 0.717714 1.275809
 1538.000000 0.799399 1.366754
 1539.000000 0.774643 1.428067
 1540.000000 0.732250 1.446399
 1541.000000 0.666843 1.468688
 1542.000000 0.625857 1.410076
 1543.000000 0.725022 1.379188
 1544.000000 0.760142 1.505410
 1545.000000 0.707167 1.452341
 1546.000000 0.675638 1.428950
 1547.000000 0.743583 1.453313
 1548.000000 0.624899 1.436150
 1549.000000 0.674031 1.322262
 1550.000000 0.769321 1.446878
 1551.000000 0.811596 1.329847
 1552.000000 0.690497 1.361924
 1553.000000 0.802400 1.378878
 1554.000000 0.724822 1.338748
 1555.000000 0.686993 1.438570
 1556.000000 0.687772 1.377765
 1557.000000 0.739936 1.372827
 1558.000000 0.728590 1.383574
 1559.000000 0.674849 1.368031
 1560.000000 0.762143 1.418692
 1561.000000 0.607743 1.377459
 1562.000000 0.735564 1.453370
 1563.000000 0.640554 1.440425
 1564.000000 0.698664 1.392706
 1565.000000 0.685197 1.371397
 1566.000000 0.713503 1.416778
 1567.000000 0.686473 1.418238
 1568.000000 0.739358 1.425666
 1569.000000 0.719122 1.417357
 1570.000000 0.703090 1.303222
 1571.000000 0.713537 1.307690
 1572.000000 0.746395 1.376188
 1573.000000 0.729796 1.418793
 1574.000000 0.732172 1.524920
 1575.000000 0.835122 1.542110
 1576.000000 0.744146 1.382618
 1577.000000 0.730240 1.330146
 1578.000000 0.719969 1.420006
 1579.000000 0.733635 1.387936
 1580.000000 0.743123 1.376248
 1581.000000 0.807839 1.340027
 1582.000000 0.765234 1.358735
 1583.000000 0.714851 1.443667
 1584.000000 0.776459 1.347739
 1585.000000 0.713711 1.336246
 1586.000000 0.700860 1.326277
 1587.000000 0.766517 1.318341
 1588.000000 0.791568 1.312906
 1589.000000 0.737360 1.364391
 1590.000000 0.699774 1.368108
 1591.000000 0.753035 1.420975
 1592.000000 0.793444 1.317970
 1593.000000 0.792926 1.425095
 1594.000000 0.715857 1.332089
 1595.000000 0.729012 1.450483
 1596.000000 0.697925 1.415312
 1597.000000 0.694537 1.361662
 1598.000000 0.687248 1.435349
 1599.000000 0.661105 1.346291
 1600.000000 0.620049 1.381568
 1601.000000 0.700859 1.272637
 1602.000000 0.681984 1.366477
 1603.000000 0.693699 1.375207
 1604.000000 0.696633 1.392542
 1605.000000 0.697820 1.484389
 1606.000000 0.672194 1.383839
 1607.000000 0.649798 1.405189
 1608.000000 0.715790 1.395652
 1609.000000 0.641841 1.381089
 1610.000000 0.635829 1.463313
 1611.000000 0.705513 1.393501
 1612.000000 0.702904 1.387882
 1613.000000 0.697576 1.464248
 1614.000000 0.605843 1.456941
 1615.000000 0.781837 1.427613
 1616.000000 0.629173 1.445555
 1617.000000 0.723877 1.370224
 1618.000000 0.733569 1.353302
 1619.000000 0.666804 1.419866
 1620.000000 0.667986 1.370839
 1621.000000 0.651549 1.257524
 1622.000000 0.729538 1.315216
 1623.000000 0.674483 1.425192
 1624.000000 0.629327 1.312252
 1625.000000 0.699848 1.297728
 1626.000000 0.693266 1.353372
 1627.000000 0.742570 1.323316
 1628.000000 0.712314 1.386415
 1629.000000 0.736078 1.483466
 1630.000000 0.687834 1.437575
 1631.000000 0.638653 1.425419
 1632.000000 0.748772 1.405275
 1633.000000 0.762648 1.361565
 1634.000000 0.683908 1.332773
 1635.000000 0.699271 1.471073
 1636.000000 0.739786 1.470273
 1637.000000 0.767698 1.434477
 1638.000000 0.644416 1.415221
 1639.000000 0.736410 1.370092
 1640.000000 0.674839 1.407827
 1641.000000 0.597135 1.346482
 1642.000000 0.761318 1.497690
 1643.000000 0.678051 1.338171
 1644.000000 0.702256 1.375804
 1645.000000 0.711554 1.363306
 1646.000000 0.784541 1.377742
 1647.000000 0.747027 1.440063
 1648.000000 0.732451 1.426032
 1649.000000 0.778832 1.408906
 1650.000000 0.656198 1.355387
 1651.000000 0.780352 1.306480
 1652.000000 0.822142 1.439093
 1653.000000 0.773235 1.364584
 1654.000000 0.802394 1.416189
 1655.000000 0.762813 1.373705
 1656.000000 0.667736 1.393420
 1657.000000 0.753084 1.315437
 1658.000000 0.848807 1.335401
 1659.000000 0.839542 1.433771
 1660.000000 0.752390 1.414035
 1661.000000 0.708381 1.315392
 1662.000000 0.754619 1.323720
 1663.000000 0.815152 1.342333
 1664.000000 0.686453 1.299469
 1665.000000 0.735995 1.343450
 1666.000000 0.724701 1.445534
 1667.000000 0.714741 1.312194
 1668.000000 0.579943 1.541404
 1669.000000 0.708101 1.398226
 1670.000000 0.639014 1.325891
 1671.000000 0.675476 1.358131
 1672.000000 0.625304 1.344003
 1673.000000 0.701132 1.398041
 1674.000000 0.602975 1.286335
 1675.000000 0.740383 1.363156
 1676.000000 0.743649 1.315324
 1677.000000 0.746621 1.420867
 1678.000000 0.582250 1.275221
 1679.000000 0.730764 1.407669
 1680.000000 0.761109 1.334394
 1681.000000 0.679753 1.299839
 1682.000000 0.659182 1.373385
 1683.000000 0.738454 1.254459
 1684.000000 0.632796 1.330618
 1685.000000 0.619125 1.446172
 1686.000000 0.691055 1.364543
 1687.000000 0.654012 1.502114
 1688.000000 0.714383 1.349272
 1689.000000 0.726784 1.331844
 1690.000000 0.665626 1.431093
 1691.000000 0.774586 1.418300
 1692.000000 0.748944 1.453851
 1693.000000 0.730171 1.415608
 1694.000000 0.716484 1.401273
 1695.000000 0.768028 1.379459
 1696.000000 0.648614 1.416582
 1697.000000 0.710919 1.431182
 1698.000000 0.737175 1.447039
 1699.000000 0.660178 1.355399
 1700.000000 0.694464 1.406816
 1701.000000 0.650631 1.403428
 1702.000000 0.644252 1.325215
 1703.000000 0.638175 1.409271
 1704.000000 0.724547 1.294909
 1705.000000 0.727073 1.352285
 1706.000000 0.561973 1.352451
 1707.000000 0.687150 1.387978
 1708.000000 0.669100 1.338704
 1709.000000 0.734227 1.339488
 1710.000000 0.655549 1.302581
 1711.000000 0.719065 1.358752
 1712.000000 0.571753 1.299863
 1713.000000 0.614504 1.412327
 1714.000000 0.628205 1.346589
 1715.000000 0.682487 1.381833
 1716.000000 0.639253 1.433068
 1717.000000 0.658854 1.397493
 1718.000000 0.606726 1.333276
 1719.000000 0.785643 1.404468
 1720.000000 0.709024 1.377085
 1721.000000 0.757968 1.362423
 1722.000000 0.707075 1.435859
 1723.000000 0.712171 1.409392
 1724.000000 0.736797 1.409911
 1725.000000 0.796934 1.417064
 1726.000000 0.730617 1.364905
 1727.000000 0.734677 1.411135
 1728.000000 0.713083 1.357572
 1729.000000 0.679875 1.360370
 1730.000000 0.696606 1.384803
 1731.000000 0.770843 1.363157
 1732.000000 0.654069 1.449928
 1733.000000 0.841181 1.356042
 1734.000000 0.651523 1.454530
 1735.000000 0.624237 1.407695
 1736.000000 0.515662 1.373616
 1737.000000 0.664658 1.349437
 1738.000000 0.711270 1.292914
 1739.000000 0.686148 1.395888
 1740.000000 0.692405 1.346271
 1741.000000 0.651751 1.243348
 1742.000000 0.639705 1.290818
 1743.000000 0.661397 1.326471
 1744.000000 0.698405 1.322537
 1745.000000 0.633334 1.255233
 1746.000000 0.704739 1.458392
 1747.000000 0.733734 1.406912
 1748.000000 0.660102 1.416783
 1749.000000 0.679684 1.317431
 1750.000000 0.682187 1.404961
 1751.000000 0.688674 1.406025
 1752.000000 0.663451 1.377336
 1753.000000 0.649524 1.451398
 1754.000000 0.735884 1.354076
 1755.000000 0.623554 1.337632
 1756.000000 0.645986 1.388032
 1757.000000 0.714202 1.351197
 1758.000000 0.613242 1.444223
 1759.000000 0.630167 1.466332
 1760.000000 0.677454 1.343029
 1761.000000 0.631280 1.422664
 1762.000000 0.679372 1.465377
 1763.000000 0.629705 1.393617
 1764.000000 0.575425 1.394882
 1765.000000 0.583822 1.409485
 1766.000000 0.615945 1.377794
 1767.000000 0.628426 1.363137
 1768.000000 0.608923 1.378244
 1769.000000 0.686046 1.434499
 1770.000000 0.635999 1.317927
 1771.000000 0.615433 1.399034
 1772.000000 0.654817 1.414707
 1773.000000 0.731792 1.338875
 1774.000000 0.714325 1.401954
 1775.000000 0.690979 1.376073
 1776.000000 0.611155 1.348656
 1777.000000 0.715803 1.365282
 1778.000000 0.673361 1.375052
 1779.000000 0.601502 1.424591
 1780.000000 0.668497 1.365865
 1781.000000 0.689388 1.409045
 1782.000000 0.697009 1.405984
 1783.000000 0.673865 1.454566
 1784.000000 0.733314 1.316198
 1785.000000 0.716825 1.440328
 1786.000000 0.723888 1.361257
 1787.000000 0.654166 1.386750
 1788.000000 0.692055 1.347661
 1789.000000 0.664019 1.348023
 1790.000000 0.655190 1.382686
 1791.000000 0.678873 1.348359
 1792.000000 0.672144 1.506403
 1793.000000 0.588215 1.341473
 1794.000000 0.781995 1.437850
 1795.000000 0.748609 1.341235
 1796.000000 0.691769 1.378177
 1797.000000 0.670286 1.381947
 1798.000000 0.750810 1.407781
 1799.000000 0.668781 1.422272
 1800.000000 0.717168 1.419242
 1801.000000 0.739206 1.334721
 1802.000000 0.753936 1.427827
 1803.000000 0.791553 1.378106
 1804.000000 0.691451 1.428025
 1805.000000 0.666509 1.421329
 1806.000000 0.728535 1.399233
 1807.000000 0.738084 1.389500
 1808.000000 0.679373 1.330113
 1809.000000 0.623533 1.370279
 1810.000000 0.663661 1.383768
 1811.000000 0.690521 1.373484
 1812.000000 0.717280 1.365638
 1813.000000 0.754170 1.427010
 1814.000000 0.734542 1.394230
 1815.000000 0.726466 1.443261
 1816.000000 0.667999 1.312975
 1817.000000 0.668976 1.433766
 1818.000000 0.717957 1.394711
 1819.000000 0.750622 1.359748
 1820.000000 0.685502 1.385695
 1821.000000 0.638403 1.360339
 1822.000000 0.716557 1.414097
 1823.000000 0.639971 1.312112
 1824.000000 0.773198 1.432413
 1825.000000 0.795041 1.507480
 1826.000000 0.775004 1.384211
 1827.000000 0.697342 1.434596
 1828.000000 0.822848 1.326255
 1829.000000 0.692354 1.408419
 1830.000000 0.788638 1.341056
 1831.000000 0.689455 1.424708
 1832.000000 0.767295 1.359842
 1833.000000 0.696626 1.387569
 1834.000000 0.552598 1.375083
 1835.000000 0.719447 1.457597
 1836.000000 0.682069 1.417055
 1837.000000 0.794754 1.341800
 1838.000000 0.703596 1.348465
 1839.000000 0.690278 1.353411
 1840.000000 0.683790 1.373871
 1841.000000 0.696248 1.344330
 1842.000000 0.639801 1.385468
 1843.000000 0.676838 1.460723
 1844.000000 0.698904 1.379708
 1845.000000 0.598670 1.365688
 1846.000000 0.678185 1.432465
 1847.000000 0.711485 1.446576
 1848.000000 0.725483 1.401102
 1849.000000 0.643512 1.419941
 1850.000000 0.676228 1.385620
 1851.000000 0.600725 1.291358
 1852.000000 0.683122 1.314358
 1853.000000 0.691620 1.354668
 1854.000000 0.685129 1.317566
 1855.000000 0.698974 1.294343
 1856.000000 0.706939 1.317730
 1857.000000 0.708232 1.319141
 1858.000000 0.718571 1.396125
 1859.000000 0.634955 1.384555
 1860.000000 0.689459 1.304971
 1861.000000 0.740959 1.400201
 1862.000000 0.702546 1.388601
 1863.000000 0.676891 1.356338
 1864.000000 0.730157 1.425886
 1865.000000 0.701841 1.314222
 1866.000000 0.708126 1.321522
 1867.000000 0.645941 1.341309
 1868.000000 0.638821 1.310764
 1869.000000 0.655826 1.438458
 1870.000000 0.647997 1.413139
 1871.000000 0.694244 1.525107
 1872.000000 0.661903 1.486373
 1873.000000 0.603884 1.388691
 1874.000000 0.654648 1.343626
 1875.000000 0.637796 1.373562
 1876.000000 0.743027 1.412013
 1877.000000 0.711821 1.326800
 1878.000000 0.724028 1.364482
 1879.000000 0.672327 1.339056
 1880.000000 0.710127 1.393011
 1881.000000 0.642896 1.311822
 1882.000000 0.651826 1.334207
 1883.000000 0.684519 1.470450
 1884.000000 0.690229 1.338252
 1885.000000 0.741474 1.387177
 1886.000000 0.633248 1.380608
 1887.000000 0.678419 1.393950
 1888.000000 0.652351 1.366370
 1889.000000 0.655128 1.277631
 1890.000000 0.721703 1.379165
 1891.000000 0.681314 1.375625
 1892.000000 0.637608 1.355231
 1893.000000 0.714457 1.450822
 1894.000000 0.717138 1.405119
 1895.000000 0.736647 1.390639
 1896.000000 0.594948 1.340764
 1897.000000 0.629638 1.264214
 1898.000000 0.684889 1.287098
 1899.000000 0.651929 1.378478
 1900.000000 0.559802 1.330436
 1901.000000 0.587958 1.273754
 1902.000000 0.658893 1.381808
 1903.000000 0.656979 1.408039
 1904.000000 0.671715 1.418643
 1905.000000 0.590032 1.324715
 1906.000000 0.686588 1.375646
 1907.000000 0.697099 1.396293
 1908.000000 0.676422 1.444715
 1909.000000 0.713175 1.406956
 1910.000000 0.685367 1.442022
 1911.000000 0.757890 1.388635
 1912.000000 0.711691 1.465161
 1913.000000 0.675240 1.476535
 1914.000000 0.746613 1.426602
 1915.000000 0.716038 1.402753
 1916.000000 0.680048 1.368786
 1917.000000 0.688951 1.399746
 1918.000000 0.604245 1.353341
 1919.000000 0.633459 1.348141
 1920.000000 0.675561 1.380195
 1921.000000 0.673557 1.471455
 1922.000000 0.712021 1.499029
 1923.000000 0.709169 1.512894
 1924.000000 0.618941 1.514111
 1925.000000 0.673849 1.400046
 1926.000000 0.659858 1.499329
 1927.000000 0.716755 1.530701
 1928.000000 0.613339 1.417742
 1929.000000 0.720286 1.485457
 1930.000000 0.738175 1.512733
 1931.000000 0.777241 1.513673
 1932.000000 0.745870 1.523104
 1933.000000 0.763412 1.508446
 1934.000000 0.775037 1.525497
 1935.000000 0.652472 1.454833
 1936.000000 0.713736 1.364650
 1937.000000 0.591624 1.510558
 1938.000000 0.668475 1.512937
 1939.000000 0.706931 1.444947
 1940.000000 0.685830 1.499392
 1941.000000 0.629300 1.579320
 1942.000000 0.700149 1.458234
 1943.000000 0.673085 1.482488
 1944.000000 0.645010 1.526976
 1945.000000 0.661284 1.522199
 1946.000000 0.613305 1.381328
 1947.000000 0.674160 1.435992
 1948.000000 0.650975 1.421071
 1949.000000 0.693977 1.422961
 1950.000000 0.686214 1.369768
 1951.000000 0.633335 1.352128
 1952.000000 0.620815 1.366748
 1953.000000 0.524332 1.341222
 1954.000000 0.579859 1.360314
 1955.000000 0.596878 1.347487
 1956.000000 0.580718 1.328830
 1957.000000 0.713677 1.393778
 1958.000000 0.731868 1.387101
 1959.000000 0.696267 1.431604
 1960.000000 0.632347 1.449327
 1961.000000 0.689054 1.388955
 1962.000000 0.672904 1.347174
 1963.000000 0.715600 1.411699
 1964.000000 0.702336 1.368768
 1965.000000 0.690879 1.428921
 1966.000000 0.644427 1.442483
 1967.000000 0.697816 1.418382
 1968.000000 0.722183 1.438412
 1969.000000 0.621732 1.342546
 1970.000000 0.591823 1.380612
 1971.000000 0.655189 1.407974
 1972.000000 0.640059 1.410018
 1973.000000 0.649572 1.377109
 1974.000000 0.767604 1.441909
 1975.000000 0.739830 1.348160
 1976.000000 0.676515 1.407498
 1977.000000 0.722537 1.376120
 1978.000000 0.662081 1.502162
 1979.000000 0.667909 1.445205
 1980.000000 0.619098 1.361198
 1981.000000 0.723508 1.443852
 1982.000000 0.693678 1.435762
 1983.000000 0.694228 1.437079
 1984.000000 0.685267 1.358051
 1985.000000 0.627832 1.449202
 1986.000000 0.682672 1.521081
 1987.000000 0.711125 1.417986
 1988.000000 0.675710 1.414802
 1989.000000 0.711672 1.377789
 1990.000000 0.665907 1.369726
 1991.000000 0.708445 1.500565
 1992.000000 0.629016 1.430946
 1993.000000 0.632460 1.393038
 1994.000000 0.588759 1.405653
 1995.000000 0.672827 1.355069
 1996.000000 0.720673 1.459788
 1997.000000 0.671165 1.374089
 1998.000000 0.717883 1.378877
 1999.000000 0.710020 1.425808
 2000.000000 0.603262 1.379246
 2001.000000 0.675943 1.333659
 2002.000000 0.693045 1.356043
 2003.000000 0.733842 1.382225
 2004.000000 0.752832 1.516667
 2005.000000 0.721428 1.476239
 2006.000000 0.696700 1.357216
 2007.000000 0.706411 1.304494
 2008.000000 0.774105 1.404413
 2009.000000 0.678587 1.298538
 2010.000000 0.754823 1.331976
 2011.000000 0.672092 1.419444
 2012.000000 0.741426 1.425714
 2013.000000 0.590905 1.398402
 2014.000000 0.571955 1.265735
 2015.000000 0.632893 1.258702
 2016.000000 0.590539 1.437839
 2017.000000 0.650408 1.462208
 2018.000000 0.786109 1.357075
 2019.000000 0.695286 1.290592
 2020.000000 0.658344 1.291514
 2021.000000 0.680652 1.316987
 2022.000000 0.687885 1.285131
 2023.000000 0.690077 1.320281
 2024.000000 0.636344 1.421367
 2025.000000 0.641686 1.349869
 2026.000000 0.646291 1.383867
 2027.000000 0.620964 1.410457
 2028.000000 0.680272 1.353496
 2029.000000 0.695223 1.391084
 2030.000000 0.645292 1.423960
 2031.000000 0.619128 1.342206
 2032.000000 0.667102 1.389672
 2033.000000 0.699865 1.403006
 2034.000000 0.677890 1.368461
 2035.000000 0.724489 1.379136
 2036.000000 0.587443 1.330711
 2037.000000 0.606884 1.425031
 2038.000000 0.697768 1.458325
 2039.000000 0.602901 1.362886
 2040.000000 0.679433 1.405582
 2041.000000 0.577929 1.408206
 2042.000000 0.649252 1.394198
 2043.000000 0.640975 1.363862
 2044.000000 0.551706 1.358636
 2045.000000 0.651529 1.427887
 2046.000000 0.665825 1.416751
 2047.000000 0.701636 1.386032
 2048.000000 0.703062 1.435254
 2049.000000 0.661232 1.456412
 2050.000000 0.674477 1.399091
 2051.000000 0.664176 1.400563
 2052.000000 0.638565 1.338949
 2053.000000 0.737600 1.383168
 2054.000000 0.736294 1.397655
 2055.000000 0.713315 1.302806
 2056.000000 0.765360 1.380849
 2057.000000 0.671732 1.323131
 2058.000000 0.652936 1.358908
 2059.000000 0.604114 1.359014
 2060.000000 0.731528 1.338716
 2061.000000 0.695459 1.444851
 2062.000000 0.658171 1.286228
 2063.000000 0.552758 1.410974
 2064.000000 0.592070 1.396124
 2065.000000 0.680681 1.409598
 2066.000000 0.669366 1.416062
 2067.000000 0.698423 1.402084
 2068.000000 0.689373 1.352595
 2069.000000 0.651982 1.271697
 2070.000000 0.701183 1.442553
 2071.000000 0.663097 1.420698
 2072.000000 0.694456 1.396811
 2073.000000 0.771813 1.390192
 2074.000000 0.690558 1.337449
 2075.000000 0.667522 1.353344
 2076.000000 0.687386 1.340588
 2077.000000 0.630604 1.377916
 2078.000000 0.631660 1.330995
 2079.000000 0.660795 1.396394
 2080.000000 0.705632 1.424844
 2081.000000 0.689643 1.388800
 2082.000000 0.772009 1.335678
 2083.000000 0.772681 1.488725
 2084.000000 0.639734 1.377413
 2085.000000 0.757003 1.400477
 2086.000000 0.664585 1.428949
 2087.000000 0.631293 1.435439
 2088.000000 0.668565 1.364510
 2089.000000 0.656636 1.274800
 2090.000000 0.685167 1.440313
 2091.000000 0.807583 1.351104
 2092.000000 0.689309 1.392567
 2093.000000 0.713832 1.397116
 2094.000000 0.681269 1.457726
 2095.000000 0.721313 1.366591
 2096.000000 0.715627 1.393311
 2097.000000 0.606592 1.386336
 2098.000000 0.698383 1.255662
 2099.000000 0.721085 1.388998
 2100.000000 0.698958 1.468999
 2101.000000 0.701094 1.425216
 2102.000000 0.614632 1.438916
 2103.000000 0.680432 1.464128
 2104.000000 0.682095 1.377848
 2105.000000 0.660734 1.354811
 2106.000000 0.641984 1.395637
 2107.000000 0.710619 1.470778
 2108.000000 0.744707 1.470162
 2109.000000 0.714094 1.291571
 2110.000000 0.694743 1.342749
 2111.000000 0.654332 1.318928
 2112.000000 0.616225 1.411135
 2113.000000 0.681502 1.356058
 2114.000000 0.610428 1.418287
 2115.000000 0.682837 1.406315
 2116.000000 0.675148 1.449238
 2117.000000 0.645245 1.413867
 2118.000000 0.717349 1.303870
 2119.000000 0.658689 1.398235
 2120.000000 0.658345 1.283503
 2121.000000 0.638635 1.392946
 2122.000000 0.765617 1.417790
 2123.000000 0.646133 1.441285
 2124.000000 0.675434 1.423216
 2125.000000 0.703590 1.389203
 2126.000000 0.673352 1.342243
 2127.000000 0.722877 1.342680
 2128.000000 0.693557 1.429031
 2129.000000 0.592165 1.385123
 2130.000000 0.668471 1.365885
 2131.000000 0.658723 1.433816
 2132.000000 0.654930 1.375534
 2133.000000 0.695920 1.393779
 2134.000000 0.517229 1.380447
 2135.000000 0.710720 1.453630
 2136.000000 0.709407 1.367902
 2137.000000 0.599622 1.369971
 2138.000000 0.768178 1.444686
 2139.000000 0.710038 1.501145
 2140.000000 0.625389 1.357063
 2141.000000 0.679649 1.368739
 2142.000000 0.613044 1.341369
 2143.000000 0.654088 1.353884
 2144.000000 0.748215 1.343893
 2145.000000 0.668818 1.385233
 2146.000000 0.717993 1.382905
 2147.000000 0.755212 1.393898
 2148.000000 0.741822 1.313687
 2149.000000 0.665059 1.453219
 2150.000000 0.746621 1.419467
 2151.000000 0.692601 1.497851
 2152.000000 0.641021 1.364742
 2153.000000 0.684635 1.451552
 2154.000000 0.586789 1.411678
 2155.000000 0.642445 1.315745
 2156.000000 0.622761 1.341332
 2157.000000 0.568037 1.343848
 2158.000000 0.626040 1.377282
 2159.000000 0.689136 1.455897
 2160.000000 0.601661 1.316201
 2161.000000 0.645437 1.381795
 2162.000000 0.665078 1.419812
 2163.000000 0.650030 1.408065
 2164.000000 0.650943 1.376578
 2165.000000 0.655956 1.333080
 2166.000000 0.641498 1.364708
 2167.000000 0.634169 1.344878
 2168.000000 0.629925 1.436470
 2169.000000 0.667347 1.339364
 2170.000000 0.682554 1.513818
 2171.000000 0.573903 1.455619
 2172.000000 0.684256 1.365060
 2173.000000 0.676100 1.359898
 2174.000000 0.695515 1.346390
 2175.000000 0.610497 1.429450
 2176.000000 0.606127 1.420947
 2177.000000 0.679831 1.407957
 2178.000000 0.719785 1.321408
 2179.000000 0.672254 1.380918
 2180.000000 0.635239 1.369972
 2181.000000 0.641777 1.475877
 2182.000000 0.692693 1.522770
 2183.000000 0.699194 1.397116
 2184.000000 0.596183 1.318490
 2185.000000 0.740373 1.268067
 2186.000000 0.680451 1.351327
 2187.000000 0.675341 1.232982
 2188.000000 0.744815 1.278034
 2189.000000 0.751472 1.293066
 2190.000000 0.688124 1.393904
 2191.000000 0.766416 1.352522
 2192.000000 0.675227 1.386615
 2193.000000 0.687757 1.382264
 2194.000000 0.628156 1.383237
 2195.000000 0.650705 1.331816
 2196.000000 0.645510 1.346417
 2197.000000 0.674436 1.390904
 2198.000000 0.634036 1.346998
 2199.000000 0.658618 1.438932
 2200.000000 0.617589 1.339590
 2201.000000 0.689539 1.386014
 2202.000000 0.633539 1.307512
 2203.000000 0.720080 1.320801
 2204.000000 0.626584 1.362815
 2205.000000 0.709785 1.358643
 2206.000000 0.660759 1.338270
 2207.000000 0.622497 1.279807
 2208.000000 0.607540 1.307518
 2209.000000 0.707490 1.320349
 2210.000000 0.694693 1.359934
 2211.000000 0.596560 1.370641
 2212.000000 0.603445 1.318974
 2213.000000 0.610807 1.251026
 2214.000000 0.716209 1.404042
 2215.000000 0.671294 1.352820
 2216.000000 0.635659 1.375748
 2217.000000 0.691008 1.303773
 2218.000000 0.684244 1.352038
 2219.000000 0.788834 1.341350
 2220.000000 0.690826 1.372243
 2221.000000 0.763588 1.267610
 2222.000000 0.592874 1.365746
 2223.000000 0.664090 1.315791
 2224.000000 0.631803 1.293453
 2225.000000 0.719162 1.331656
 2226.000000 0.626001 1.424648
 2227.000000 0.824314 1.338344
 2228.000000 0.710586 1.323235
 2229.000000 0.676896 1.362832
 2230.000000 0.662655 1.313503
 2231.000000 0.763549 1.328432
 2232.000000 0.729205 1.291846
 2233.000000 0.666465 1.286509
 2234.000000 0.606624 1.353086
 2235.000000 0.669096 1.367405
 2236.000000 0.606217 1.385131
 2237.000000 0.616492 1.284762
 2238.000000 0.642282 1.352206
 2239.000000 0.639558 1.298899
 2240.000000 0.707162 1.374734
 2241.000000 0.646802 1.371638
 2242.000000 0.620781 1.397736
 2243.000000 0.669345 1.401962
 2244.000000 0.739710 1.395917
 2245.000000 0.548610 1.393853
 2246.000000 0.715036 1.381775
 2247.000000 0.699592 1.388111
 2248.000000 0.644141 1.459543
 2249.000000 0.691802 1.404991
 2250.000000 0.773552 1.401159
 2251.000000 0.645717 1.383964
 2252.000000 0.592884 1.342810
 2253.000000 0.780167 1.424480
 2254.000000 0.689987 1.404775
 2255.000000 0.733922 1.433028
 2256.000000 0.664737 1.325930
 2257.000000 0.696506 1.337899
 2258.000000 0.727245 1.323613
 2259.000000 0.788355 1.347147
 2260.000000 0.701909 1.361291
 2261.000000 0.685372 1.365955
 2262.000000 0.737236 1.377530
 2263.000000 0.628461 1.316868
 2264.000000 0.683462 1.265101
 2265.000000 0.636885 1.335047
 2266.000000 0.626611 1.298311
 2267.000000 0.662651 1.299422
 2268.000000 0.771266 1.337797
 2269.000000 0.746409 1.468173
 2270.000000 0.706966 1.400944
 2271.000000 0.669067 1.497366
 2272.000000 0.603373 1.345745
 2273.000000 0.667671 1.319007
 2274.000000 0.683756 1.389397
 2275.000000 0.720808 1.313257
 2276.000000 0.719800 1.254616
 2277.000000 0.685564 1.347489
 2278.000000 0.661092 1.416236
 2279.000000 0.672741 1.270973
 2280.000000 0.583768 1.431759
 2281.000000 0.688593 1.377716
 2282.000000 0.690413 1.446414
 2283.000000 0.738683 1.415104
 2284.000000 0.706458 1.444643
 2285.000000 0.640527 1.446915
 2286.000000 0.605106 1.388504
 2287.000000 0.606400 1.414299
 2288.000000 0.658881 1.346651
 2289.000000 0.670571 1.381340
 2290.000000 0.693537 1.286888
 2291.000000 0.630365 1.319152
 2292.000000 0.641200 1.420027
 2293.000000 0.676240 1.358703
 2294.000000 0.657413 1.444007
 2295.000000 0.662863 1.417879
 2296.000000 0.735888 1.333063
 2297.000000 0.695459 1.345933
 2298.000000 0.675971 1.333078
 2299.000000 0.672824 1.398586
 2300.000000 0.681651 1.471776
 2301.000000 0.717307 1.384281
 2302.000000 0.676002 1.385514
 2303.000000 0.674875 1.418316
 2304.000000 0.636042 1.366124
 2305.000000 0.666609 1.313466
 2306.000000 0.742766 1.393148
 2307.000000 0.639885 1.335484
 2308.000000 0.660300 1.366334
 2309.000000 0.666259 1.461251
 2310.000000 0.742081 1.479742
 2311.000000 0.748160 1.318139
 2312.000000 0.646434 1.346200
 2313.000000 0.717098 1.385170
 2314.000000 0.565831 1.339412
 2315.000000 0.708025 1.366538
 2316.000000 0.717647 1.415601
 2317.000000 0.746822 1.391183
 2318.000000 0.701176 1.430069
 2319.000000 0.552019 1.428601
 2320.000000 0.598095 1.358161
 2321.000000 0.696683 1.351608
 2322.000000 0.516846 1.351451
 2323.000000 0.663696 1.334522
 2324.000000 0.510055 1.395754
 2325.000000 0.558606 1.426845
 2326.000000 0.567161 1.358174
 2327.000000 0.563024 1.338031
 2328.000000 0.586669 1.357704
 2329.000000 0.661353 1.354533
 2330.000000 0.563692 1.366704
 2331.000000 0.581471 1.372764
 2332.000000 0.652503 1.295837
 2333.000000 0.583705 1.339781
 2334.000000 0.556626 1.323418
 2335.000000 0.642624 1.369794
 2336.000000 0.666689 1.337442
 2337.000000 0.556502 1.465342
 2338.000000 0.690771 1.344112
 2339.000000 0.729856 1.390048
 2340.000000 0.774034 1.397369
 2341.000000 0.671004 1.348535
 2342.000000 0.686633 1.353074
 2343.000000 0.691711 1.312536
 2344.000000 0.658811 1.304465
 2345.000000 0.664295 1.325325
 2346.000000 0.608098 1.179570
 2347.000000 0.693204 1.250689
 2348.000000 0.711939 1.281128
 2349.000000 0.745487 1.385083
 2350.000000 0.692682 1.361067
 2351.000000 0.656697 1.349460
 2352.000000 0.634392 1.334167
 2353.000000 0.639547 1.315936
 2354.000000 0.558432 1.368415
 2355.000000 0.688134 1.392376
 2356.000000 0.684842 1.312107
 2357.000000 0.653340 1.396885
 2358.000000 0.564912 1.397822
 2359.000000 0.758048 1.381558
 2360.000000 0.580867 1.307867
 2361.000000 0.655962 1.390177
 2362.000000 0.655307 1.435990
 2363.000000 0.638667 1.383559
 2364.000000 0.691645 1.346491
 2365.000000 0.641660 1.331746
 2366.000000 0.597031 1.350381
 2367.000000 0.591207 1.394508
 2368.000000 0.563525 1.292403
 2369.000000 0.668744 1.305128
 2370.000000 0.742344 1.328969
 2371.000000 0.610755 1.345795
 2372.000000 0.586897 1.363573
 2373.000000 0.694313 1.289070
 2374.000000 0.680627 1.305209
 2375.000000 0.644353 1.450042
 2376.000000 0.706580 1.361469
 2377.000000 0.674478 1.430694
 2378.000000 0.638442 1.325443
 2379.000000 0.546668 1.421905
 2380.000000 0.798900 1.434522
 2381.000000 0.694008 1.373749
 2382.000000 0.682561 1.350435
 2383.000000 0.708641 1.349154
 2384.000000 0.684628 1.397133
 2385.000000 0.586772 1.381994
 2386.000000 0.591329 1.319478
 2387.000000 0.647605 1.312403
 2388.000000 0.622316 1.343311
 2389.000000 0.651237 1.343873
 2390.000000 0.588161 1.406643
 2391.000000 0.631720 1.387477
 2392.000000 0.637457 1.280572
 2393.000000 0.638023 1.253342
 2394.000000 0.637916 1.387048
 2395.000000 0.709244 1.316975
 2396.000000 0.569865 1.363087
 2397.000000 0.726842 1.299339
 2398.000000 0.707452 1.443130
 2399.000000 0.694953 1.391368
 2400.000000 0.760221 1.359588
 2401.000000 0.643140 1.402481
 2402.000000 0.599855 1.407346
 2403.000000 0.654340 1.386473
 2404.000000 0.673032 1.372559
 2405.000000 0.605295 1.318560
 2406.000000 0.655653 1.439021
 2407.000000 0.768854 1.364050
 2408.000000 0.643437 1.364218
 2409.000000 0.578644 1.353373
 2410.000000 0.574545 1.349854
 2411.000000 0.644907 1.281517
 2412.000000 0.603148 1.269033
 2413.000000 0.615452 1.368729
 2414.000000 0.660406 1.400440
 2415.000000 0.603226 1.335200
 2416.000000 0.681538 1.334211
 2417.000000 0.596925 1.381579
 2418.000000 0.596741 1.391088
 2419.000000 0.618867 1.391723
 2420.000000 0.671834 1.324083
 2421.000000 0.587312 1.263155
 2422.000000 0.584133 1.417405
 2423.000000 0.618395 1.427489
 2424.000000 0.690379 1.403487
 2425.000000 0.695002 1.324689
 2426.000000 0.668598 1.312737
 2427.000000 0.696248 1.418179
 2428.000000 0.684687 1.348818
 2429.000000 0.690816 1.391355
 2430.000000 0.663734 1.299733
 2431.000000 0.653852 1.383636
 2432.000000 0.705628 1.404849
 2433.000000 0.592975 1.420331
 2434.000000 0.611847 1.401825
 2435.000000 0.636632 1.451054
 2436.000000 0.716379 1.378366
 2437.000000 0.683104 1.467964
 2438.000000 0.703545 1.369707
 2439.000000 0.666232 1.466714
 2440.000000 0.681628 1.330777
 2441.000000 0.649743 1.450151
 2442.000000 0.694936 1.366358
 2443.000000 0.731843 1.345318
 2444.000000 0.632746 1.304536
 2445.000000 0.611887 1.341439
 2446.000000 0.679678 1.380331
 2447.000000 0.727988 1.420021
 2448.000000 0.604532 1.411673
 2449.000000 0.747557 1.426644
 2450.000000 0.530707 1.338023
 2451.000000 0.545832 1.363397
 2452.000000 0.661819 1.327438
 2453.000000 0.646716 1.371014
 2454.000000 0.552133 1.364167
 2455.000000 0.636714 1.379940
 2456.000000 0.617672 1.343007
 2457.000000 0.620099 1.360718
 2458.000000 0.594103 1.295127
 2459.000000 0.573023 1.329176
 2460.000000 0.573473 1.393903
 2461.000000 0.596843 1.366751
 2462.000000 0.690686 1.400838
 2463.000000 0.661709 1.357929
 2464.000000 0.597144 1.316045
 2465.000000 0.677802 1.326230
 2466.000000 0.626731 1.375483
 2467.000000 0.674669 1.341292
 2468.000000 0.643745 1.353464
 2469.000000 0.596651 1.403268
 2470.000000 0.624915 1.298398
 2471.000000 0.699792 1.382201
 2472.000000 0.735610 1.410104
 2473.000000 0.575611 1.370269
 2474.000000 0.614330 1.270881
 2475.000000 0.594557 1.339826
 2476.000000 0.674050 1.473708
 2477.000000 0.579923 1.402470
 2478.000000 0.563215 1.428327
 2479.000000 0.672363 1.415704
 2480.000000 0.720758 1.325679
 2481.000000 0.778627 1.342039
 2482.000000 0.658556 1.408267
 2483.000000 0.667260 1.353988
 2484.000000 0.670747 1.419556
 2485.000000 0.670469 1.321319
 2486.000000 0.643319 1.404831
 2487.000000 0.569841 1.360662
 2488.000000 0.644038 1.410763
 2489.000000 0.595948 1.384123
 2490.000000 0.547263 1.390372
 2491.000000 0.584137 1.351134
 2492.000000 0.576140 1.388365
 2493.000000 0.590390 1.351658
 2494.000000 0.630006 1.365415
 2495.000000 0.600081 1.447637
 2496.000000 0.783477 1.342667
 2497.000000 0.685118 1.338824
 2498.000000 0.743081 1.364610
 2499.000000 0.664903 1.288534
 2500.000000 0.676137 1.317434
