#! FIELDS time pd_137_140 diff
 0.000000 2.152075 -1.235023
 1.000000 2.002948 -1.446587
 2.000000 2.015248 -1.515896
 3.000000 2.010697 -1.561815
 4.000000 2.154484 -1.585789
 5.000000 2.011403 -1.607189
 6.000000 2.063906 -1.532835
 7.000000 2.017007 -1.612226
 8.000000 2.069476 -1.608663
 9.000000 2.089624 -1.573749
 10.000000 1.999048 -1.556404
 11.000000 2.092120 -1.549151
 12.000000 2.060273 -1.601931
 13.000000 2.077217 -1.628162
 14.000000 1.964683 -1.621656
 15.000000 1.946003 -1.555111
 16.000000 2.095007 -1.612579
 17.000000 1.981495 -1.622299
 18.000000 2.069378 -1.573944
 19.000000 2.048897 -1.636334
 20.000000 1.992838 -1.682978
 21.000000 2.130107 -1.656954
 22.000000 2.095776 -1.664227
 23.000000 2.018077 -1.666873
 24.000000 2.126719 -1.630656
 25.000000 2.063970 -1.636927
 26.000000 2.029195 -1.670152
 27.000000 2.054707 -1.624421
 28.000000 2.007699 -1.643479
 29.000000 2.085968 -1.681257
 30.000000 2.187809 -1.624186
 31.000000 2.019272 -1.686260
 32.000000 2.079239 -1.611383
 33.000000 2.169004 -1.597201
 34.000000 2.070582 -1.616379
 35.000000 2.079614 -1.632941
 36.000000 1.981627 -1.628958
 37.000000 2.076606 -1.610788
 38.000000 2.054283 -1.594295
 39.000000 2.107211 -1.595859
 40.000000 2.014140 -1.644015
 41.000000 2.105648 -1.635240
 42.000000 2.130109 -1.643939
 43.000000 2.070246 -1.600374
 44.000000 2.193098 -1.674251
 45.000000 2.036590 -1.631423
 46.000000 2.047999 -1.621952
 47.000000 2.055255 -1.584252
 48.000000 2.130966 -1.626491
 49.000000 2.015898 -1.625685
 50.000000 2.067560 -1.639577
 51.000000 2.012202 -1.615360
 52.000000 1.962481 -1.585504
 53.000000 2.133826 -1.523091
 54.000000 2.011614 -1.586252
 55.000000 2.144886 -1.664229
 56.000000 2.056282 -1.631259
 57.000000 2.064710 -1.574435
 58.000000 2.076996 -1.548697
 59.000000 2.227507 -1.558817
 60.000000 2.064879 -1.626031
 61.000000 2.081848 -1.608966
 62.000000 2.072027 -1.558100
 63.000000 2.111719 -1.607202
 64.000000 2.121562 -1.575889
 65.000000 2.049227 -1.622069
 66.000000 2.121527 -1.505564
 67.000000 2.067379 -1.527685
 68.000000 2.118706 -1.561841
 69.000000 2.218328 -1.642790
 70.000000 2.096231 -1.539873
 71.000000 2.212630 -1.569340
 72.000000 1.991455 -1.536911
 73.000000 2.078042 -1.662520
 74.000000 2.123604 -1.556606
 75.000000 2.087787 -1.598085
 76.000000 2.212220 -1.648754
 77.000000 2.058784 -1.583361
 78.000000 2.021730 -1.661479
 79.000000 2.020272 -1.568252
 80.000000 1.989566 -1.681318
 81.000000 2.044451 -1.684524
 82.000000 2.043766 -1.632595
 83.000000 2.048277 -1.598244
 84.000000 2.076162 -1.583402
 85.000000 2.120210 -1.545605
 86.000000 1.968547 -1.456449
 87.000000 2.204741 -1.539643
 88.000000 2.126808 -1.585447
 89.000000 2.042185 -1.598422
 90.000000 2.138404 -1.527640
 91.000000 2.047669 -1.619209
 92.000000 2.078900 -1.595780
 93.000000 2.134275 -1.496090
 94.000000 2.117392 -1.555434
 95.000000 2.145673 -1.538030
 96.000000 2.036670 -1.581472
 97.000000 2.101037 -1.665848
 98.000000 2.065873 -1.633259
 99.000000 1.981560 -1.612486
 100.000000 2.089536 -1.623986
 101.000000 2.049807 -1.577442
 102.000000 2.029520 -1.664721
 103.000000 1.988800 -1.615086
 104.000000 2.139614 -1.653047
 105.000000 2.066796 -1.624286
 106.000000 2.140071 -1.578047
 107.000000 2.079160 -1.574653
 108.000000 2.042225 -1.606046
 109.000000 2.024133 -1.599251
 110.000000 2.095756 -1.592117
 111.000000 1.982829 -1.685187
 112.000000 2.097392 -1.578855
 113.000000 2.086634 -1.602519
 114.000000 2.189690 -1.556428
 115.000000 2.091695 -1.641387
 116.000000 2.078429 -1.593947
 117.000000 2.192314 -1.665665
 118.000000 2.140028 -1.575212
 119.000000 2.178013 -1.578240
 120.000000 2.071824 -1.570593
 121.000000 2.138906 -1.610601
 122.000000 2.112674 -1.619576
 123.000000 2.055689 -1.594212
 124.000000 2.175950 -1.656305
 125.000000 2.017710 -1.625308
 126.000000 2.040848 -1.582357
 127.000000 2.029025 -1.506982
 128.000000 2.126887 -1.589027
 129.000000 2.101142 -1.614244
 130.000000 2.075103 -1.637918
 131.000000 1.957532 -1.654676
 132.000000 2.046319 -1.624231
 133.000000 2.094834 -1.644902
 134.000000 2.012281 -1.511377
 135.000000 2.098476 -1.608999
 136.000000 2.048679 -1.565653
 137.000000 2.149085 -1.635525
 138.000000 1.996250 -1.587879
 139.000000 2.066355 -1.501224
 140.000000 2.052460 -1.502248
 141.000000 2.201367 -1.620434
 142.000000 2.071260 -1.567268
 143.000000 2.160935 -1.666070
 144.000000 2.207570 -1.612184
 145.000000 2.142269 -1.533497
 146.000000 2.095702 -1.583651
 147.000000 2.136849 -1.530972
 148.000000 2.110225 -1.564398
 149.000000 2.139761 -1.583148
 150.000000 1.992279 -1.679291
 151.000000 2.091031 -1.640295
 152.000000 2.138714 -1.619017
 153.000000 2.101771 -1.557304
 154.000000 2.041987 -1.602040
 155.000000 2.138202 -1.586836
 156.000000 2.033368 -1.640270
 157.000000 2.031390 -1.538813
 158.000000 2.005728 -1.578733
 159.000000 2.045251 -1.563488
 160.000000 2.090514 -1.613307
 161.000000 2.056599 -1.561358
 162.000000 2.169361 -1.621040
 163.000000 2.049146 -1.597656
 164.000000 1.994824 -1.548859
 165.000000 2.097930 -1.666301
 166.000000 2.074137 -1.663307
 167.000000 2.096960 -1.543698
 168.000000 2.054253 -1.556104
 169.000000 2.014374 -1.587733
 170.000000 2.035352 -1.565313
 171.000000 2.162491 -1.674675
 172.000000 2.010405 -1.500655
 173.000000 2.074739 -1.610049
 174.000000 1.972080 -1.606004
 175.000000 2.101448 -1.597193
 176.000000 2.047907 -1.642631
 177.000000 2.086600 -1.577069
 178.000000 2.180988 -1.511026
 179.000000 2.108650 -1.550024
 180.000000 2.198212 -1.552033
 181.000000 2.065505 -1.599403
 182.000000 2.121223 -1.497505
 183.000000 2.157963 -1.501049
 184.000000 2.092051 -1.543557
 185.000000 2.165403 -1.518805
 186.000000 2.105400 -1.494626
 187.000000 2.204654 -1.558656
 188.000000 2.053015 -1.443839
 189.000000 2.055331 -1.547134
 190.000000 2.085780 -1.519763
 191.000000 2.123928 -1.602076
 192.000000 2.118054 -1.521349
 193.000000 2.031871 -1.550287
 194.000000 2.027703 -1.510656
 195.000000 2.150258 -1.480885
 196.000000 2.101456 -1.540243
 197.000000 2.138369 -1.516488
 198.000000 2.111419 -1.494772
 199.000000 2.066014 -1.553229
 200.000000 2.055779 -1.515998
 201.000000 2.112846 -1.587534
 202.000000 2.086222 -1.465682
 203.000000 1.995563 -1.610518
 204.000000 2.103232 -1.606327
 205.000000 2.125527 -1.621453
 206.000000 2.213384 -1.616638
 207.000000 2.111401 -1.587022
 208.000000 2.021412 -1.570182
 209.000000 2.039564 -1.639288
 210.000000 1.963113 -1.592514
 211.000000 2.111541 -1.519668
 212.000000 2.085933 -1.593219
 213.000000 2.115171 -1.524769
 214.000000 2.007074 -1.554197
 215.000000 2.171580 -1.579568
 216.000000 2.124567 -1.553615
 217.000000 2.085930 -1.677625
 218.000000 2.123237 -1.601199
 219.000000 2.161591 -1.536669
 220.000000 2.219321 -1.521246
 221.000000 2.045587 -1.563962
 222.000000 2.039077 -1.684623
 223.000000 2.107331 -1.595530
 224.000000 2.112124 -1.509168
 225.000000 2.098124 -1.567389
 226.000000 2.070550 -1.525304
 227.000000 2.040135 -1.546168
 228.000000 2.091923 -1.724514
 229.000000 1.988218 -1.639372
 230.000000 1.991956 -1.595936
 231.000000 1.974780 -1.662815
 232.000000 2.033594 -1.580698
 233.000000 2.093627 -1.609846
 234.000000 2.064008 -1.624821
 235.000000 2.025184 -1.653468
 236.000000 2.127284 -1.629147
 237.000000 2.114121 -1.583933
 238.000000 2.145262 -1.603342
 239.000000 2.012029 -1.619536
 240.000000 2.058323 -1.670540
 241.000000 2.070418 -1.543108
 242.000000 2.025371 -1.598778
 243.000000 1.979389 -1.705664
 244.000000 2.024308 -1.613289
 245.000000 1.985214 -1.559833
 246.000000 2.016309 -1.615533
 247.000000 1.958275 -1.616249
 248.000000 2.007039 -1.564304
 249.000000 2.030178 -1.689080
 250.000000 2.125071 -1.615474
 251.000000 2.046049 -1.680523
 252.000000 1.983193 -1.617396
 253.000000 2.124946 -1.611141
 254.000000 2.017788 -1.586794
 255.000000 2.171642 -1.561606
 256.000000 2.193504 -1.585103
 257.000000 2.091615 -1.597113
 258.000000 2.037401 -1.575758
 259.000000 2.021860 -1.572711
 260.000000 2.064089 -1.555450
 261.000000 2.028308 -1.598770
 262.000000 1.982537 -1.550918
 263.000000 2.090502 -1.635110
 264.000000 2.038838 -1.646466
 265.000000 2.120217 -1.650772
 266.000000 2.064293 -1.554259
 267.000000 2.074837 -1.531635
 268.000000 1.939483 -1.521161
 269.000000 2.045978 -1.550967
 270.000000 2.031810 -1.530388
 271.000000 2.114806 -1.573283
 272.000000 1.941227 -1.636934
 273.000000 2.033788 -1.641682
 274.000000 2.013900 -1.573739
 275.000000 2.030553 -1.621195
 276.000000 2.056728 -1.587652
 277.000000 2.038254 -1.671439
 278.000000 2.031190 -1.569301
 279.000000 2.117765 -1.613731
 280.000000 2.081822 -1.643477
 281.000000 2.107941 -1.543810
 282.000000 2.081913 -1.597367
 283.000000 2.071705 -1.566672
 284.000000 2.071246 -1.570003
 285.000000 2.055036 -1.575269
 286.000000 2.268947 -1.632670
 287.000000 2.094341 -1.583030
 288.000000 2.132696 -1.530475
 289.000000 2.093443 -1.592132
 290.000000 2.001875 -1.596364
 291.000000 2.026532 -1.552719
 292.000000 2.030024 -1.573878
 293.000000 2.166719 -1.609366
 294.000000 1.983629 -1.578698
 295.000000 2.066438 -1.580078
 296.000000 2.067876 -1.584814
 297.000000 2.037380 -1.587742
 298.000000 2.066205 -1.557460
 299.000000 2.053169 -1.560261
 300.000000 2.121382 -1.524837
 301.000000 2.124506 -1.578475
 302.000000 2.099783 -1.625130
 303.000000 2.110397 -1.563762
 304.000000 2.035571 -1.499069
 305.000000 2.081279 -1.499092
 306.000000 2.000600 -1.606399
 307.000000 2.118839 -1.610287
 308.000000 1.993768 -1.547580
 309.000000 2.139788 -1.605550
 310.000000 2.193644 -1.529517
 311.000000 2.107312 -1.676093
 312.000000 2.028537 -1.434017
 313.000000 1.970251 -1.551136
 314.000000 2.078634 -1.535003
 315.000000 2.091206 -1.468350
 316.000000 2.170331 -1.553070
 317.000000 1.991151 -1.536624
 318.000000 2.062863 -1.542692
 319.000000 1.965706 -1.628034
 320.000000 2.064952 -1.625200
 321.000000 1.927511 -1.576185
 322.000000 1.894177 -1.520877
 323.000000 2.141099 -1.587293
 324.000000 2.166356 -1.511669
 325.000000 2.006189 -1.477241
 326.000000 2.018177 -1.484722
 327.000000 2.101652 -1.508668
 328.000000 2.067489 -1.526843
 329.000000 2.073586 -1.503736
 330.000000 2.052382 -1.554497
 331.000000 2.086368 -1.636910
 332.000000 2.033822 -1.571457
 333.000000 2.143923 -1.596020
 334.000000 1.962842 -1.586301
 335.000000 2.091920 -1.568010
 336.000000 2.115391 -1.641954
 337.000000 2.041008 -1.636420
 338.000000 1.965444 -1.561788
 339.000000 2.146231 -1.647279
 340.000000 2.044642 -1.568518
 341.000000 2.038276 -1.698507
 342.000000 2.206050 -1.606947
 343.000000 2.153149 -1.595254
 344.000000 2.094892 -1.637023
 345.000000 2.141697 -1.683276
 346.000000 2.120479 -1.660369
 347.000000 2.094658 -1.505582
 348.000000 2.021555 -1.610941
 349.000000 2.073678 -1.583295
 350.000000 2.045506 -1.617203
 351.000000 1.962697 -1.559268
 352.000000 2.141965 -1.613822
 353.000000 2.161767 -1.616719
 354.000000 2.118626 -1.490757
 355.000000 2.072656 -1.652380
 356.000000 2.077122 -1.615443
 357.000000 2.161690 -1.604322
 358.000000 2.034388 -1.613657
 359.000000 2.110306 -1.616132
 360.000000 2.069615 -1.614774
 361.000000 2.044125 -1.600575
 362.000000 2.149692 -1.562338
 363.000000 2.130737 -1.600709
 364.000000 2.261748 -1.623900
 365.000000 2.097119 -1.648382
 366.000000 2.081752 -1.668490
 367.000000 2.232783 -1.690487
 368.000000 2.025522 -1.573540
 369.000000 2.116122 -1.632944
 370.000000 2.166976 -1.555270
 371.000000 2.185954 -1.519299
 372.000000 2.077999 -1.568895
 373.000000 1.983487 -1.630603
 374.000000 2.113847 -1.584880
 375.000000 2.127123 -1.638908
 376.000000 2.039639 -1.606092
 377.000000 2.114973 -1.618980
 378.000000 2.192045 -1.576482
 379.000000 2.018621 -1.571146
 380.000000 2.115922 -1.576646
 381.000000 2.041477 -1.546006
 382.000000 2.135078 -1.597352
 383.000000 2.122647 -1.568638
 384.000000 2.163036 -1.615433
 385.000000 2.132879 -1.621115
 386.000000 2.092681 -1.577996
 387.000000 2.166418 -1.599060
 388.000000 2.186212 -1.554088
 389.000000 2.115984 -1.672228
 390.000000 2.119377 -1.659606
 391.000000 2.034375 -1.650855
 392.000000 2.196830 -1.598855
 393.000000 2.099478 -1.526664
 394.000000 2.037933 -1.555731
 395.000000 2.063939 -1.679656
 396.000000 2.068693 -1.686271
 397.000000 2.139920 -1.676127
 398.000000 2.137021 -1.633338
 399.000000 2.052262 -1.640195
 400.000000 2.119139 -1.554665
 401.000000 2.072418 -1.612369
 402.000000 2.091688 -1.577334
 403.000000 2.124510 -1.610210
 404.000000 2.069603 -1.602611
 405.000000 2.182409 -1.587593
 406.000000 2.137558 -1.553710
 407.000000 2.078826 -1.579780
 408.000000 2.058339 -1.608046
 409.000000 2.110044 -1.526008
 410.000000 2.162767 -1.596001
 411.000000 2.085741 -1.591215
 412.000000 2.170575 -1.589399
 413.000000 2.043516 -1.596867
 414.000000 2.166868 -1.608900
 415.000000 2.227932 -1.596566
 416.000000 2.172806 -1.593080
 417.000000 2.018804 -1.597095
 418.000000 2.057018 -1.610094
 419.000000 2.103234 -1.555464
 420.000000 2.113014 -1.599180
 421.000000 2.093693 -1.585798
 422.000000 2.117020 -1.647757
 423.000000 1.962943 -1.627717
 424.000000 2.177125 -1.596226
 425.000000 2.031564 -1.550210
 426.000000 2.105395 -1.666208
 427.000000 2.259784 -1.602807
 428.000000 2.230151 -1.670686
 429.000000 2.075584 -1.577287
 430.000000 1.972228 -1.661729
 431.000000 2.107148 -1.584141
 432.000000 2.156231 -1.657609
 433.000000 2.008197 -1.632858
 434.000000 2.152631 -1.641429
 435.000000 2.131072 -1.615000
 436.000000 2.086498 -1.580543
 437.000000 2.065247 -1.695150
 438.000000 2.139330 -1.642942
 439.000000 2.101286 -1.616215
 440.000000 2.017569 -1.571791
 441.000000 2.139191 -1.501171
 442.000000 2.027012 -1.640952
 443.000000 2.123756 -1.649960
 444.000000 2.107159 -1.525909
 445.000000 2.109916 -1.611578
 446.000000 2.001039 -1.661887
 447.000000 2.074709 -1.656526
 448.000000 1.998578 -1.665832
 449.000000 2.016427 -1.645098
 450.000000 2.160660 -1.627745
 451.000000 2.167106 -1.691354
 452.000000 2.055799 -1.653986
 453.000000 1.980041 -1.611652
 454.000000 2.034335 -1.618902
 455.000000 2.109459 -1.582659
 456.000000 2.213424 -1.634923
 457.000000 2.017160 -1.592968
 458.000000 2.134165 -1.644456
 459.000000 2.034260 -1.582975
 460.000000 2.176872 -1.646327
 461.000000 1.993321 -1.646392
 462.000000 2.036037 -1.600864
 463.000000 2.088983 -1.647662
 464.000000 2.040002 -1.625533
 465.000000 2.083046 -1.658323
 466.000000 2.179341 -1.573940
 467.000000 2.066290 -1.600153
 468.000000 2.070578 -1.606150
 469.000000 2.132183 -1.626909
 470.000000 1.964594 -1.591828
 471.000000 2.132883 -1.703600
 472.000000 2.080135 -1.671718
 473.000000 2.115781 -1.638932
 474.000000 1.982392 -1.667056
 475.000000 2.081260 -1.659603
 476.000000 2.139658 -1.657086
 477.000000 2.017775 -1.648642
 478.000000 2.059424 -1.601500
 479.000000 1.944399 -1.586172
 480.000000 2.112760 -1.598911
 481.000000 2.046798 -1.620134
 482.000000 1.936521 -1.609551
 483.000000 2.025880 -1.625903
 484.000000 2.036583 -1.625743
 485.000000 1.991790 -1.671521
 486.000000 2.085162 -1.639833
 487.000000 1.953053 -1.628100
 488.000000 2.091411 -1.624525
 489.000000 2.119441 -1.582246
 490.000000 1.990687 -1.654799
 491.000000 2.084099 -1.572453
 492.000000 2.047223 -1.625941
 493.000000 2.056514 -1.585756
 494.000000 2.119032 -1.630404
 495.000000 1.997858 -1.668712
 496.000000 2.040322 -1.618757
 497.000000 2.081862 -1.635409
 498.000000 2.040910 -1.648531
 499.000000 2.091190 -1.696345
 500.000000 2.068478 -1.654274
 501.000000 2.115140 -1.593405
 502.000000 1.925745 -1.631341
 503.000000 1.970529 -1.608029
 504.000000 1.986392 -1.620023
 505.000000 2.105374 -1.549302
 506.000000 2.066755 -1.650988
 507.000000 2.088283 -1.594536
 508.000000 2.110367 -1.629219
 509.000000 2.111911 -1.631469
 510.000000 2.052764 -1.592008
 511.000000 2.056618 -1.506968
 512.000000 2.100072 -1.613370
 513.000000 2.249616 -1.611433
 514.000000 2.222949 -1.600729
 515.000000 2.118673 -1.603326
 516.000000 2.089746 -1.540897
 517.000000 2.017793 -1.554070
 518.000000 2.039344 -1.653530
 519.000000 2.108481 -1.550177
 520.000000 2.147591 -1.560742
 521.000000 1.932686 -1.545614
 522.000000 2.127366 -1.590874
 523.000000 2.064162 -1.648102
 524.000000 1.997627 -1.615198
 525.000000 2.163498 -1.658357
 526.000000 2.113439 -1.611061
 527.000000 1.977805 -1.609866
 528.000000 2.047665 -1.599617
 529.000000 2.166481 -1.621042
 530.000000 2.127861 -1.665288
 531.000000 2.098041 -1.583441
 532.000000 2.085692 -1.667900
 533.000000 2.132816 -1.632524
 534.000000 2.178735 -1.657604
 535.000000 2.115581 -1.664462
 536.000000 2.136315 -1.637530
 537.000000 2.099943 -1.546908
 538.000000 2.131595 -1.659157
 539.000000 2.106772 -1.619001
 540.000000 2.064058 -1.632553
 541.000000 2.159169 -1.638526
 542.000000 2.186393 -1.620333
 543.000000 2.054863 -1.613250
 544.000000 2.044494 -1.642140
 545.000000 2.148137 -1.596738
 546.000000 2.013025 -1.650341
 547.000000 2.144458 -1.646993
 548.000000 2.043061 -1.748280
 549.000000 2.089900 -1.702600
 550.000000 2.133164 -1.652068
 551.000000 2.101568 -1.701565
 552.000000 2.047850 -1.663717
 553.000000 2.149053 -1.605188
 554.000000 2.151716 -1.580531
 555.000000 1.961315 -1.698151
 556.000000 2.193819 -1.629760
 557.000000 2.153871 -1.543753
 558.000000 2.150432 -1.662448
 559.000000 2.103611 -1.652385
 560.000000 2.107357 -1.622302
 561.000000 2.125195 -1.677544
 562.000000 2.027907 -1.584047
 563.000000 1.974699 -1.623716
 564.000000 2.034194 -1.663516
 565.000000 2.071950 -1.617481
 566.000000 2.192221 -1.584899
 567.000000 2.106442 -1.650638
 568.000000 2.067980 -1.658513
 569.000000 2.050120 -1.538372
 570.000000 1.890601 -1.580998
 571.000000 2.075519 -1.596025
 572.000000 2.211870 -1.628032
 573.000000 2.109332 -1.593757
 574.000000 2.008956 -1.592705
 575.000000 2.037382 -1.609339
 576.000000 2.003633 -1.655606
 577.000000 2.092227 -1.612109
 578.000000 1.946460 -1.549825
 579.000000 2.182501 -1.639944
 580.000000 2.119927 -1.664096
 581.000000 2.050734 -1.671091
 582.000000 2.144989 -1.589297
 583.000000 2.042358 -1.485074
 584.000000 2.124533 -1.575723
 585.000000 2.071770 -1.516945
 586.000000 2.032264 -1.597364
 587.000000 2.174815 -1.578069
 588.000000 2.023303 -1.587510
 589.000000 2.095711 -1.590303
 590.000000 2.084925 -1.556785
 591.000000 2.065421 -1.649886
 592.000000 2.090026 -1.591905
 593.000000 2.157346 -1.631084
 594.000000 2.095295 -1.555825
 595.000000 2.166385 -1.651465
 596.000000 2.114701 -1.561357
 597.000000 2.050874 -1.618652
 598.000000 2.116218 -1.600031
 599.000000 2.102408 -1.674461
 600.000000 2.032996 -1.634702
 601.000000 2.120306 -1.579821
 602.000000 2.141735 -1.645309
 603.000000 2.184837 -1.671874
 604.000000 2.086907 -1.627186
 605.000000 2.138176 -1.533274
 606.000000 2.068018 -1.626180
 607.000000 2.037442 -1.586565
 608.000000 2.048641 -1.577789
 609.000000 2.074620 -1.473309
 610.000000 2.065533 -1.516150
 611.000000 2.076756 -1.605503
 612.000000 1.982564 -1.561301
 613.000000 1.989646 -1.658217
 614.000000 2.027377 -1.581794
 615.000000 2.120464 -1.634809
 616.000000 2.103007 -1.597253
 617.000000 2.019873 -1.538397
 618.000000 2.272924 -1.475858
 619.000000 2.188449 -1.649771
 620.000000 2.157368 -1.605065
 621.000000 2.121282 -1.594532
 622.000000 2.108838 -1.609602
 623.000000 2.115215 -1.584201
 624.000000 2.244782 -1.532803
 625.000000 2.172835 -1.617127
 626.000000 2.099585 -1.617145
 627.000000 2.112485 -1.572132
 628.000000 2.123763 -1.586579
 629.000000 2.133561 -1.492419
 630.000000 2.103811 -1.555802
 631.000000 2.196758 -1.594386
 632.000000 2.037612 -1.598810
 633.000000 2.151827 -1.543311
 634.000000 2.043409 -1.545455
 635.000000 2.040502 -1.596309
 636.000000 2.135284 -1.624830
 637.000000 2.068507 -1.526835
 638.000000 2.034500 -1.681647
 639.000000 2.140795 -1.529801
 640.000000 2.032731 -1.581481
 641.000000 2.059183 -1.585371
 642.000000 2.069778 -1.611852
 643.000000 2.097960 -1.622217
 644.000000 2.121794 -1.547850
 645.000000 2.122287 -1.579099
 646.000000 1.933752 -1.537765
 647.000000 2.016412 -1.546912
 648.000000 2.047683 -1.545903
 649.000000 2.126563 -1.532919
 650.000000 2.159209 -1.626203
 651.000000 2.027679 -1.561427
 652.000000 2.124519 -1.589236
 653.000000 2.172451 -1.548377
 654.000000 2.084174 -1.564663
 655.000000 2.070563 -1.612322
 656.000000 2.129784 -1.710958
 657.000000 2.133462 -1.628867
 658.000000 2.050619 -1.681776
 659.000000 2.112467 -1.579757
 660.000000 2.024983 -1.572536
 661.000000 2.107357 -1.627315
 662.000000 2.068469 -1.590859
 663.000000 2.108039 -1.548626
 664.000000 2.076800 -1.597889
 665.000000 2.118494 -1.699415
 666.000000 1.978282 -1.666696
 667.000000 2.226470 -1.698231
 668.000000 2.090127 -1.555158
 669.000000 2.153272 -1.661429
 670.000000 2.074154 -1.614064
 671.000000 2.052851 -1.661098
 672.000000 2.129337 -1.628061
 673.000000 2.084092 -1.736578
 674.000000 2.077593 -1.623385
 675.000000 1.921523 -1.598666
 676.000000 2.034119 -1.646338
 677.000000 2.116674 -1.616005
 678.000000 2.025931 -1.599571
 679.000000 2.011566 -1.675190
 680.000000 2.161037 -1.652877
 681.000000 2.162179 -1.598447
 682.000000 2.036993 -1.580521
 683.000000 2.118287 -1.631004
 684.000000 2.162666 -1.603589
 685.000000 2.076317 -1.539838
 686.000000 2.100625 -1.580519
 687.000000 1.954775 -1.573893
 688.000000 2.067044 -1.607294
 689.000000 2.100265 -1.577397
 690.000000 2.017715 -1.618506
 691.000000 2.057132 -1.624626
 692.000000 1.981513 -1.560645
 693.000000 1.923493 -1.617371
 694.000000 1.996782 -1.553066
 695.000000 2.125261 -1.636565
 696.000000 2.110669 -1.516056
 697.000000 2.009141 -1.613348
 698.000000 2.012828 -1.584111
 699.000000 2.028656 -1.665140
 700.000000 2.050870 -1.644898
 701.000000 1.990500 -1.642564
 702.000000 1.895766 -1.609556
 703.000000 2.017945 -1.561142
 704.000000 2.019909 -1.575316
 705.000000 2.026344 -1.604201
 706.000000 2.051354 -1.714909
 707.000000 2.060933 -1.555610
 708.000000 1.970619 -1.605018
 709.000000 2.024074 -1.646814
 710.000000 2.127568 -1.569586
 711.000000 2.060172 -1.669089
 712.000000 1.909223 -1.596206
 713.000000 2.087373 -1.587328
 714.000000 2.054318 -1.567210
 715.000000 2.090863 -1.678497
 716.000000 2.122131 -1.691883
 717.000000 2.058760 -1.545740
 718.000000 2.106454 -1.603785
 719.000000 1.968181 -1.549795
 720.000000 2.101431 -1.607095
 721.000000 2.057897 -1.586811
 722.000000 2.033388 -1.693036
 723.000000 2.075905 -1.640597
 724.000000 2.174788 -1.598306
 725.000000 2.050606 -1.573603
 726.000000 2.136204 -1.595512
 727.000000 2.080736 -1.573707
 728.000000 2.022730 -1.589472
 729.000000 2.127509 -1.569255
 730.000000 2.149006 -1.535883
 731.000000 2.083064 -1.639983
 732.000000 2.037499 -1.615991
 733.000000 1.969067 -1.542144
 734.000000 2.065920 -1.650497
 735.000000 2.078003 -1.642519
 736.000000 2.079517 -1.566669
 737.000000 2.133498 -1.640593
 738.000000 2.020155 -1.621112
 739.000000 2.038352 -1.639337
 740.000000 2.183392 -1.632238
 741.000000 2.143860 -1.580560
 742.000000 2.190108 -1.581627
 743.000000 2.050224 -1.547849
 744.000000 2.137221 -1.546996
 745.000000 2.063110 -1.480592
 746.000000 2.098559 -1.561598
 747.000000 2.067599 -1.555235
 748.000000 2.081179 -1.549207
 749.000000 2.053627 -1.491119
 750.000000 2.111792 -1.549678
 751.000000 2.055743 -1.599172
 752.000000 2.116805 -1.563767
 753.000000 2.126565 -1.659668
 754.000000 2.062378 -1.591625
 755.000000 2.097460 -1.571344
 756.000000 2.059428 -1.542992
 757.000000 2.131539 -1.546071
 758.000000 2.093363 -1.517253
 759.000000 2.093612 -1.572886
 760.000000 2.010572 -1.615215
 761.000000 2.059083 -1.631992
 762.000000 2.093864 -1.684049
 763.000000 1.992622 -1.575744
 764.000000 2.069730 -1.611251
 765.000000 2.103971 -1.591032
 766.000000 2.020174 -1.529998
 767.000000 2.201493 -1.556986
 768.000000 2.166246 -1.520579
 769.000000 2.107482 -1.688169
 770.000000 2.164180 -1.545280
 771.000000 2.118050 -1.604923
 772.000000 2.136030 -1.595420
 773.000000 2.144184 -1.649445
 774.000000 1.963179 -1.619848
 775.000000 2.041715 -1.639076
 776.000000 2.137528 -1.593765
 777.000000 2.057064 -1.540009
 778.000000 2.106250 -1.551600
 779.000000 2.073572 -1.553026
 780.000000 2.081490 -1.557751
 781.000000 2.070928 -1.575996
 782.000000 2.116699 -1.560622
 783.000000 2.163744 -1.571618
 784.000000 2.091665 -1.595405
 785.000000 2.062863 -1.598914
 786.000000 1.891152 -1.559592
 787.000000 2.043367 -1.552721
 788.000000 2.094895 -1.614013
 789.000000 2.063883 -1.575499
 790.000000 2.166924 -1.563447
 791.000000 2.168032 -1.645158
 792.000000 2.021499 -1.578171
 793.000000 2.053313 -1.615134
 794.000000 2.026100 -1.538085
 795.000000 2.030084 -1.633413
 796.000000 2.107972 -1.615423
 797.000000 2.122176 -1.653045
 798.000000 2.009922 -1.618352
 799.000000 2.155493 -1.550460
 800.000000 2.105687 -1.674025
 801.000000 2.073861 -1.545547
 802.000000 2.028251 -1.599709
 803.000000 2.094028 -1.565087
 804.000000 2.040875 -1.577393
 805.000000 2.060781 -1.613515
 806.000000 1.995658 -1.621302
 807.000000 2.138398 -1.636311
 808.000000 2.057043 -1.612510
 809.000000 1.990952 -1.636885
 810.000000 2.100642 -1.660002
 811.000000 2.068602 -1.678719
 812.000000 2.107103 -1.699850
 813.000000 2.148144 -1.662400
 814.000000 2.153829 -1.648056
 815.000000 2.101921 -1.617262
 816.000000 2.105152 -1.596179
 817.000000 2.043383 -1.699347
 818.000000 1.961833 -1.632352
 819.000000 2.145515 -1.663468
 820.000000 2.076847 -1.568677
 821.000000 2.138118 -1.624465
 822.000000 1.997145 -1.643845
 823.000000 2.091019 -1.610148
 824.000000 2.025339 -1.634833
 825.000000 2.042858 -1.594215
 826.000000 2.146133 -1.622471
 827.000000 2.037921 -1.609905
 828.000000 2.089588 -1.557555
 829.000000 2.013103 -1.602554
 830.000000 2.164666 -1.633150
 831.000000 2.113001 -1.652056
 832.000000 2.145997 -1.548507
 833.000000 2.181823 -1.540802
 834.000000 2.195373 -1.537027
 835.000000 2.071876 -1.511161
 836.000000 2.142958 -1.584787
 837.000000 2.088465 -1.533329
 838.000000 2.117288 -1.612645
 839.000000 2.035366 -1.579106
 840.000000 2.123708 -1.633516
 841.000000 2.153632 -1.595561
 842.000000 2.074681 -1.629913
 843.000000 2.179810 -1.529302
 844.000000 2.070259 -1.521845
 845.000000 2.043191 -1.543653
 846.000000 2.111790 -1.592364
 847.000000 1.996817 -1.582074
 848.000000 2.088617 -1.546047
 849.000000 2.208864 -1.557238
 850.000000 2.121612 -1.584619
 851.000000 2.174379 -1.494962
 852.000000 2.078039 -1.523742
 853.000000 2.110587 -1.631321
 854.000000 2.039163 -1.663677
 855.000000 1.985888 -1.561525
 856.000000 2.116134 -1.536615
 857.000000 2.076256 -1.553933
 858.000000 2.134425 -1.513483
 859.000000 2.047703 -1.603045
 860.000000 2.071322 -1.576224
 861.000000 2.145525 -1.615984
 862.000000 2.100895 -1.586496
 863.000000 2.072554 -1.572804
 864.000000 2.194175 -1.611674
 865.000000 2.036007 -1.631344
 866.000000 2.123007 -1.596202
 867.000000 2.141836 -1.645345
 868.000000 2.187274 -1.612619
 869.000000 2.130704 -1.584319
 870.000000 2.121612 -1.616673
 871.000000 2.021116 -1.627395
 872.000000 2.034082 -1.659872
 873.000000 2.087748 -1.643773
 874.000000 2.044542 -1.656543
 875.000000 2.127199 -1.653857
 876.000000 2.122981 -1.604973
 877.000000 2.056041 -1.602529
 878.000000 2.090703 -1.561405
 879.000000 2.088313 -1.592628
 880.000000 2.123956 -1.571263
 881.000000 2.147892 -1.570856
 882.000000 2.158374 -1.632535
 883.000000 2.131053 -1.658152
 884.000000 2.039560 -1.658021
 885.000000 2.088736 -1.557931
 886.000000 2.112323 -1.612073
 887.000000 2.038641 -1.627044
 888.000000 2.061382 -1.584648
 889.000000 2.115535 -1.523258
 890.000000 2.042437 -1.552922
 891.000000 2.091934 -1.571872
 892.000000 2.046808 -1.602133
 893.000000 2.138868 -1.577025
 894.000000 2.063506 -1.550858
 895.000000 1.981192 -1.583262
 896.000000 2.083642 -1.609976
 897.000000 2.113153 -1.551376
 898.000000 2.135305 -1.571437
 899.000000 2.156797 -1.504966
 900.000000 2.064181 -1.522494
 901.000000 2.031553 -1.538632
 902.000000 2.073128 -1.478778
 903.000000 2.059568 -1.438625
 904.000000 2.109273 -1.595388
 905.000000 2.108852 -1.641719
 906.000000 2.069797 -1.571741
 907.000000 2.094179 -1.588736
 908.000000 2.064313 -1.619233
 909.000000 2.103166 -1.576783
 910.000000 2.032913 -1.612529
 911.000000 1.968260 -1.590619
 912.000000 2.009876 -1.554265
 913.000000 2.102460 -1.603786
 914.000000 1.997149 -1.577200
 915.000000 2.097908 -1.638364
 916.000000 2.124658 -1.485666
 917.000000 2.039090 -1.577427
 918.000000 2.046592 -1.587124
 919.000000 2.110000 -1.628593
 920.000000 2.189364 -1.665588
 921.000000 2.137881 -1.651028
 922.000000 2.087013 -1.683449
 923.000000 2.076988 -1.642288
 924.000000 2.152770 -1.547697
 925.000000 1.989793 -1.571936
 926.000000 2.072849 -1.590126
 927.000000 2.015106 -1.584494
 928.000000 2.108110 -1.697921
 929.000000 1.999605 -1.561924
 930.000000 2.091297 -1.622016
 931.000000 2.003659 -1.638211
 932.000000 2.057507 -1.557756
 933.000000 2.135007 -1.622145
 934.000000 2.086014 -1.634280
 935.000000 2.019533 -1.614746
 936.000000 2.195674 -1.578288
 937.000000 2.125210 -1.643725
 938.000000 2.218658 -1.665383
 939.000000 2.048422 -1.614545
 940.000000 2.101819 -1.516459
 941.000000 2.039537 -1.579765
 942.000000 2.121908 -1.571630
 943.000000 2.149427 -1.579336
 944.000000 2.133657 -1.595668
 945.000000 2.125851 -1.538997
 946.000000 2.067131 -1.560749
 947.000000 2.109925 -1.621934
 948.000000 2.173071 -1.623558
 949.000000 2.187636 -1.588979
 950.000000 2.050662 -1.575763
 951.000000 2.039492 -1.560765
 952.000000 2.142013 -1.518892
 953.000000 1.979004 -1.543675
 954.000000 2.094418 -1.536239
 955.000000 2.180836 -1.538037
 956.000000 2.117646 -1.598018
 957.000000 1.969836 -1.602358
 958.000000 2.021646 -1.548859
 959.000000 2.143088 -1.592341
 960.000000 2.102713 -1.663713
 961.000000 2.117716 -1.629078
 962.000000 2.099057 -1.668285
 963.000000 2.074032 -1.638082
 964.000000 2.057489 -1.636051
 965.000000 1.977522 -1.588451
 966.000000 2.064699 -1.556291
 967.000000 2.106909 -1.537899
 968.000000 2.096285 -1.559318
 969.000000 2.014954 -1.568227
 970.000000 2.128548 -1.610420
 971.000000 1.939578 -1.514657
 972.000000 1.998816 -1.579365
 973.000000 1.989670 -1.518239
 974.000000 2.066118 -1.587863
 975.000000 2.099337 -1.586506
 976.000000 1.923218 -1.648555
 977.000000 2.179820 -1.592660
 978.000000 1.983949 -1.544866
 979.000000 2.092926 -1.599871
 980.000000 2.132749 -1.651199
 981.000000 1.967962 -1.600893
 982.000000 1.999133 -1.611201
 983.000000 2.094020 -1.620544
 984.000000 1.970303 -1.589251
 985.000000 2.116092 -1.620998
 986.000000 2.012582 -1.591084
 987.000000 2.044066 -1.606823
 988.000000 2.119992 -1.646122
 989.000000 2.058872 -1.581650
 990.000000 1.953738 -1.521958
 991.000000 2.007862 -1.551648
 992.000000 2.075309 -1.574984
 993.000000 1.985267 -1.628726
 994.000000 2.076609 -1.643444
 995.000000 2.103365 -1.640734
 996.000000 2.133530 -1.635633
 997.000000 2.149330 -1.586600
 998.000000 2.190223 -1.669989
 999.000000 2.072666 -1.670062
 1000.000000 2.074308 -1.653788
 1001.000000 2.090470 -1.651144
 1002.000000 2.180316 -1.728525
 1003.000000 2.121033 -1.682823
 1004.000000 2.201757 -1.567264
 1005.000000 2.129846 -1.642235
 1006.000000 2.010615 -1.613901
 1007.000000 2.050206 -1.609652
 1008.000000 2.004068 -1.525318
 1009.000000 2.190854 -1.688828
 1010.000000 2.129235 -1.599587
 1011.000000 2.020714 -1.607759
 1012.000000 2.016601 -1.646558
 1013.000000 2.043563 -1.625144
 1014.000000 2.156652 -1.639360
 1015.000000 2.086627 -1.519831
 1016.000000 2.012739 -1.580254
 1017.000000 2.124394 -1.563668
 1018.000000 2.024408 -1.560764
 1019.000000 2.147698 -1.645015
 1020.000000 2.081011 -1.628671
 1021.000000 2.056471 -1.487334
 1022.000000 2.049077 -1.470541
 1023.000000 2.145774 -1.618729
 1024.000000 2.038495 -1.561740
 1025.000000 2.086700 -1.575168
 1026.000000 2.043533 -1.583579
 1027.000000 2.070158 -1.591288
 1028.000000 2.128169 -1.546173
 1029.000000 2.121540 -1.555468
 1030.000000 2.106362 -1.559073
 1031.000000 2.208948 -1.632087
 1032.000000 2.037695 -1.544554
 1033.000000 2.173133 -1.626219
 1034.000000 2.123509 -1.572686
 1035.000000 2.110523 -1.546915
 1036.000000 2.169629 -1.597384
 1037.000000 2.180840 -1.567146
 1038.000000 2.146841 -1.583034
 1039.000000 2.147045 -1.540773
 1040.000000 2.086363 -1.549900
 1041.000000 2.187467 -1.607715
 1042.000000 2.199760 -1.573578
 1043.000000 2.108144 -1.640973
 1044.000000 2.008881 -1.616972
 1045.000000 2.059643 -1.584397
 1046.000000 2.158843 -1.534153
 1047.000000 2.008377 -1.578235
 1048.000000 2.165452 -1.624010
 1049.000000 2.074634 -1.683918
 1050.000000 2.147679 -1.639013
 1051.000000 2.033836 -1.600629
 1052.000000 2.145610 -1.651645
 1053.000000 2.102856 -1.551051
 1054.000000 2.133936 -1.563364
 1055.000000 2.156518 -1.553319
 1056.000000 2.072509 -1.624878
 1057.000000 2.121853 -1.548694
 1058.000000 2.067958 -1.667877
 1059.000000 2.099640 -1.635148
 1060.000000 2.154104 -1.589308
 1061.000000 2.063162 -1.508574
 1062.000000 2.135729 -1.581248
 1063.000000 2.117235 -1.565407
 1064.000000 2.058608 -1.516465
 1065.000000 1.915573 -1.590015
 1066.000000 2.176084 -1.520265
 1067.000000 1.988877 -1.620280
 1068.000000 2.048986 -1.520616
 1069.000000 2.063386 -1.606865
 1070.000000 2.171178 -1.578305
 1071.000000 2.140240 -1.604413
 1072.000000 2.151846 -1.605046
 1073.000000 2.169647 -1.651166
 1074.000000 2.151978 -1.642181
 1075.000000 2.144431 -1.613270
 1076.000000 2.060847 -1.576936
 1077.000000 2.206660 -1.580482
 1078.000000 2.056610 -1.684392
 1079.000000 1.930415 -1.673534
 1080.000000 2.113589 -1.491038
 1081.000000 2.089673 -1.718035
 1082.000000 2.136856 -1.690366
 1083.000000 2.050302 -1.496912
 1084.000000 2.000749 -1.627096
 1085.000000 2.094859 -1.585056
 1086.000000 2.067547 -1.543118
 1087.000000 2.054104 -1.650020
 1088.000000 2.124100 -1.654932
 1089.000000 2.062303 -1.631528
 1090.000000 2.127766 -1.593902
 1091.000000 2.058323 -1.731803
 1092.000000 2.119789 -1.665325
 1093.000000 2.026326 -1.568514
 1094.000000 2.091151 -1.598949
 1095.000000 2.181803 -1.569111
 1096.000000 2.036824 -1.555435
 1097.000000 2.165474 -1.574999
 1098.000000 2.131173 -1.490764
 1099.000000 2.158996 -1.615650
 1100.000000 2.075606 -1.590554
 1101.000000 2.143010 -1.548691
 1102.000000 1.992697 -1.534846
 1103.000000 1.968457 -1.597471
 1104.000000 2.048884 -1.642404
 1105.000000 2.202360 -1.633709
 1106.000000 2.085455 -1.638420
 1107.000000 1.984268 -1.638529
 1108.000000 2.131754 -1.596520
 1109.000000 2.017621 -1.580622
 1110.000000 2.106242 -1.554862
 1111.000000 2.107325 -1.469440
 1112.000000 2.078450 -1.596816
 1113.000000 2.081675 -1.591411
 1114.000000 2.110805 -1.599641
 1115.000000 2.183974 -1.452391
 1116.000000 1.996991 -1.519079
 1117.000000 2.026587 -1.529518
 1118.000000 2.108768 -1.528229
 1119.000000 1.999141 -1.589165
 1120.000000 2.007643 -1.546464
 1121.000000 2.133415 -1.522837
 1122.000000 1.928107 -1.540870
 1123.000000 2.148456 -1.595126
 1124.000000 1.982569 -1.582542
 1125.000000 2.146472 -1.587824
 1126.000000 2.094542 -1.597214
 1127.000000 2.142529 -1.630446
 1128.000000 2.055696 -1.529758
 1129.000000 2.044502 -1.551011
 1130.000000 2.038267 -1.450493
 1131.000000 2.069862 -1.609129
 1132.000000 2.096862 -1.565698
 1133.000000 2.078810 -1.556453
 1134.000000 1.957557 -1.624721
 1135.000000 2.023130 -1.665267
 1136.000000 2.090400 -1.611491
 1137.000000 2.007511 -1.621755
 1138.000000 2.095184 -1.635794
 1139.000000 2.065447 -1.619310
 1140.000000 1.984442 -1.630546
 1141.000000 2.042426 -1.621059
 1142.000000 2.180777 -1.670059
 1143.000000 2.074255 -1.592769
 1144.000000 2.032646 -1.584515
 1145.000000 2.137997 -1.569180
 1146.000000 2.075209 -1.551966
 1147.000000 2.045742 -1.558005
 1148.000000 2.029224 -1.615479
 1149.000000 2.031862 -1.679325
 1150.000000 2.015773 -1.578507
 1151.000000 2.024485 -1.602755
 1152.000000 2.133513 -1.594510
 1153.000000 1.995891 -1.586051
 1154.000000 1.997689 -1.543998
 1155.000000 1.981141 -1.564333
 1156.000000 2.127121 -1.575888
 1157.000000 2.172761 -1.604970
 1158.000000 2.127063 -1.555033
 1159.000000 2.033641 -1.583215
 1160.000000 2.211433 -1.514556
 1161.000000 2.065998 -1.517661
 1162.000000 2.162096 -1.601287
 1163.000000 2.098404 -1.561705
 1164.000000 1.985378 -1.575141
 1165.000000 2.040456 -1.563021
 1166.000000 2.124709 -1.447096
 1167.000000 2.024397 -1.612216
 1168.000000 2.114544 -1.590173
 1169.000000 2.228003 -1.648491
 1170.000000 2.155391 -1.675877
 1171.000000 2.009997 -1.625499
 1172.000000 2.123810 -1.589965
 1173.000000 2.085306 -1.613218
 1174.000000 2.048516 -1.631941
 1175.000000 2.032972 -1.553285
 1176.000000 2.040719 -1.594765
 1177.000000 2.211036 -1.594105
 1178.000000 2.096834 -1.574750
 1179.000000 1.995937 -1.637907
 1180.000000 2.142422 -1.606873
 1181.000000 2.048009 -1.571951
 1182.000000 2.100207 -1.555951
 1183.000000 2.076743 -1.619449
 1184.000000 2.115425 -1.564204
 1185.000000 2.082131 -1.495197
 1186.000000 2.178276 -1.527207
 1187.000000 2.206290 -1.543214
 1188.000000 2.121753 -1.526279
 1189.000000 1.985422 -1.618083
 1190.000000 2.109111 -1.692447
 1191.000000 2.087655 -1.562882
 1192.000000 2.151480 -1.570684
 1193.000000 2.151541 -1.606781
 1194.000000 2.125482 -1.610238
 1195.000000 2.092835 -1.616583
 1196.000000 2.086654 -1.627273
 1197.000000 2.073097 -1.600768
 1198.000000 2.048276 -1.575171
 1199.000000 2.008882 -1.586570
 1200.000000 2.037809 -1.503365
 1201.000000 2.075282 -1.522950
 1202.000000 2.097867 -1.574126
 1203.000000 2.100475 -1.562699
 1204.000000 2.156555 -1.618750
 1205.000000 2.181430 -1.540469
 1206.000000 2.008019 -1.546845
 1207.000000 2.069237 -1.509737
 1208.000000 2.099564 -1.594342
 1209.000000 2.064680 -1.653216
 1210.000000 2.067839 -1.559222
 1211.000000 2.102211 -1.641524
 1212.000000 2.160663 -1.559449
 1213.000000 2.116008 -1.522338
 1214.000000 2.109415 -1.537943
 1215.000000 2.141633 -1.556850
 1216.000000 2.029617 -1.624958
 1217.000000 2.039757 -1.629781
 1218.000000 2.133359 -1.528120
 1219.000000 2.010084 -1.607116
 1220.000000 2.041301 -1.638483
 1221.000000 2.095742 -1.542898
 1222.000000 1.999577 -1.644443
 1223.000000 2.040730 -1.561263
 1224.000000 2.035356 -1.608166
 1225.000000 2.126549 -1.586347
 1226.000000 2.103151 -1.566599
 1227.000000 2.135259 -1.568532
 1228.000000 2.046076 -1.580487
 1229.000000 2.069214 -1.594485
 1230.000000 2.099367 -1.500261
 1231.000000 2.132871 -1.479736
 1232.000000 1.994647 -1.561838
 1233.000000 2.096390 -1.601187
 1234.000000 2.092258 -1.590039
 1235.000000 2.091773 -1.648898
 1236.000000 1.910988 -1.668826
 1237.000000 2.093638 -1.611711
 1238.000000 2.004994 -1.557208
 1239.000000 2.045531 -1.564457
 1240.000000 2.176263 -1.564246
 1241.000000 2.075379 -1.647532
 1242.000000 2.017343 -1.500466
 1243.000000 2.008189 -1.505288
 1244.000000 2.008044 -1.554305
 1245.000000 2.068698 -1.581291
 1246.000000 2.121542 -1.646732
 1247.000000 2.061606 -1.612915
 1248.000000 2.061699 -1.557166
 1249.000000 2.039018 -1.577776
 1250.000000 2.024815 -1.608638
 1251.000000 2.087546 -1.635665
 1252.000000 1.979227 -1.604315
 1253.000000 2.088766 -1.588598
 1254.000000 2.113831 -1.504287
 1255.000000 2.144981 -1.561062
 1256.000000 2.128763 -1.611993
 1257.000000 2.038250 -1.634920
 1258.000000 2.007885 -1.611066
 1259.000000 2.064066 -1.601088
 1260.000000 2.098967 -1.612266
 1261.000000 2.088886 -1.618855
 1262.000000 2.062420 -1.612255
 1263.000000 2.086453 -1.594393
 1264.000000 2.184353 -1.568532
 1265.000000 2.016052 -1.612674
 1266.000000 2.098340 -1.531051
 1267.000000 2.112942 -1.574765
 1268.000000 2.010413 -1.628955
 1269.000000 1.934486 -1.545461
 1270.000000 2.118285 -1.602150
 1271.000000 2.042975 -1.645359
 1272.000000 2.150273 -1.704363
 1273.000000 1.968458 -1.585434
 1274.000000 2.080944 -1.634557
 1275.000000 2.100302 -1.604026
 1276.000000 2.003658 -1.558116
 1277.000000 2.061089 -1.592888
 1278.000000 2.096743 -1.604131
 1279.000000 2.056532 -1.666900
 1280.000000 2.120551 -1.647911
 1281.000000 2.077511 -1.610843
 1282.000000 1.904119 -1.578967
 1283.000000 2.080984 -1.635184
 1284.000000 2.026672 -1.566528
 1285.000000 2.033182 -1.623215
 1286.000000 2.035438 -1.648035
 1287.000000 2.088277 -1.580874
 1288.000000 2.176893 -1.552911
 1289.000000 2.074033 -1.626260
 1290.000000 2.013669 -1.620325
 1291.000000 2.086759 -1.576416
 1292.000000 2.137638 -1.528339
 1293.000000 1.995414 -1.626633
 1294.000000 2.069797 -1.607453
 1295.000000 2.027460 -1.620325
 1296.000000 2.068180 -1.549918
 1297.000000 2.022735 -1.556739
 1298.000000 2.140461 -1.551777
 1299.000000 2.102921 -1.597807
 1300.000000 2.064746 -1.525171
 1301.000000 2.160515 -1.554164
 1302.000000 2.102876 -1.547208
 1303.000000 2.128445 -1.570411
 1304.000000 2.051926 -1.474914
 1305.000000 2.075634 -1.498713
 1306.000000 2.060266 -1.480447
 1307.000000 2.097049 -1.494641
 1308.000000 2.046471 -1.521310
 1309.000000 1.971933 -1.514163
 1310.000000 2.121488 -1.550007
 1311.000000 2.114539 -1.681883
 1312.000000 2.206800 -1.703188
 1313.000000 2.001183 -1.601814
 1314.000000 2.063535 -1.635038
 1315.000000 2.087947 -1.674658
 1316.000000 2.160370 -1.634193
 1317.000000 2.105296 -1.619412
 1318.000000 2.149908 -1.628087
 1319.000000 1.978431 -1.678439
 1320.000000 2.109677 -1.708146
 1321.000000 2.087990 -1.624196
 1322.000000 2.090154 -1.624281
 1323.000000 2.111400 -1.611376
 1324.000000 1.990554 -1.539472
 1325.000000 1.997867 -1.571778
 1326.000000 2.102267 -1.530283
 1327.000000 2.087503 -1.569863
 1328.000000 2.041542 -1.551480
 1329.000000 2.050281 -1.617209
 1330.000000 2.092631 -1.603856
 1331.000000 2.023542 -1.678390
 1332.000000 2.147448 -1.599464
 1333.000000 2.013727 -1.651980
 1334.000000 2.076358 -1.621186
 1335.000000 2.019116 -1.650845
 1336.000000 2.079589 -1.588058
 1337.000000 2.161860 -1.531321
 1338.000000 2.011043 -1.556039
 1339.000000 2.029567 -1.633118
 1340.000000 2.024611 -1.619143
 1341.000000 2.049811 -1.556201
 1342.000000 2.026850 -1.574107
 1343.000000 1.984957 -1.558201
 1344.000000 2.098777 -1.631579
 1345.000000 2.101049 -1.560275
 1346.000000 2.081600 -1.639111
 1347.000000 2.125552 -1.686487
 1348.000000 2.120107 -1.540910
 1349.000000 2.005044 -1.592277
 1350.000000 2.133655 -1.667535
 1351.000000 2.162625 -1.595371
 1352.000000 2.162357 -1.644772
 1353.000000 2.057229 -1.611323
 1354.000000 2.061093 -1.670558
 1355.000000 2.076186 -1.617138
 1356.000000 2.112685 -1.614340
 1357.000000 2.041427 -1.534859
 1358.000000 2.141555 -1.685599
 1359.000000 2.166531 -1.600295
 1360.000000 2.149642 -1.590173
 1361.000000 2.064565 -1.624740
 1362.000000 2.066588 -1.628732
 1363.000000 1.905618 -1.626348
 1364.000000 1.985539 -1.520362
 1365.000000 2.222952 -1.526909
 1366.000000 2.073744 -1.589736
 1367.000000 2.163976 -1.585823
 1368.000000 2.031977 -1.532025
 1369.000000 2.113356 -1.546211
 1370.000000 2.113370 -1.532225
 1371.000000 2.095582 -1.572417
 1372.000000 2.019047 -1.527935
 1373.000000 2.069174 -1.504589
 1374.000000 2.089099 -1.576572
 1375.000000 2.124160 -1.631846
 1376.000000 2.103597 -1.493608
 1377.000000 2.145839 -1.612296
 1378.000000 2.089505 -1.619680
 1379.000000 2.030105 -1.510001
 1380.000000 2.056152 -1.564166
 1381.000000 2.135122 -1.557903
 1382.000000 2.172416 -1.480964
 1383.000000 2.020039 -1.637510
 1384.000000 2.075809 -1.600560
 1385.000000 1.952026 -1.555336
 1386.000000 2.181606 -1.546198
 1387.000000 2.202212 -1.593033
 1388.000000 1.999048 -1.652520
 1389.000000 2.029135 -1.573823
 1390.000000 2.103923 -1.564667
 1391.000000 2.130010 -1.512783
 1392.000000 2.145235 -1.580127
 1393.000000 2.106936 -1.603093
 1394.000000 2.066673 -1.569627
 1395.000000 2.073234 -1.605280
 1396.000000 2.056514 -1.572597
 1397.000000 2.021889 -1.645765
 1398.000000 2.065782 -1.646593
 1399.000000 1.951543 -1.612161
 1400.000000 2.158343 -1.691779
 1401.000000 2.023811 -1.561766
 1402.000000 2.083716 -1.560451
 1403.000000 2.150915 -1.600412
 1404.000000 2.060999 -1.552571
 1405.000000 2.095624 -1.563260
 1406.000000 2.080568 -1.608210
 1407.000000 1.863807 -1.560236
 1408.000000 1.990261 -1.615135
 1409.000000 2.111874 -1.597406
 1410.000000 2.060749 -1.526223
 1411.000000 2.012932 -1.480099
 1412.000000 1.953977 -1.576221
 1413.000000 1.933225 -1.577739
 1414.000000 2.080631 -1.577618
 1415.000000 2.089651 -1.579845
 1416.000000 2.015722 -1.634409
 1417.000000 2.011019 -1.613260
 1418.000000 2.124735 -1.620154
 1419.000000 2.042304 -1.505896
 1420.000000 2.088507 -1.575869
 1421.000000 2.083555 -1.533460
 1422.000000 2.068701 -1.620457
 1423.000000 1.950690 -1.612965
 1424.000000 2.135957 -1.627792
 1425.000000 1.994864 -1.600784
 1426.000000 2.115931 -1.600390
 1427.000000 2.206033 -1.565398
 1428.000000 2.097537 -1.614946
 1429.000000 2.109080 -1.515533
 1430.000000 2.095701 -1.573726
 1431.000000 2.133108 -1.526505
 1432.000000 2.006557 -1.601588
 1433.000000 1.968029 -1.584025
 1434.000000 2.119339 -1.601902
 1435.000000 2.060494 -1.612569
 1436.000000 2.040295 -1.558310
 1437.000000 1.937715 -1.542208
 1438.000000 2.142662 -1.492436
 1439.000000 2.129975 -1.460627
 1440.000000 1.921730 -1.613277
 1441.000000 2.110564 -1.657967
 1442.000000 2.141732 -1.598261
 1443.000000 2.076152 -1.519206
 1444.000000 2.082521 -1.593892
 1445.000000 2.192431 -1.602374
 1446.000000 2.072590 -1.603273
 1447.000000 2.160933 -1.605994
 1448.000000 2.148107 -1.631796
 1449.000000 2.131640 -1.636027
 1450.000000 2.060037 -1.577533
 1451.000000 2.018761 -1.624108
 1452.000000 2.065521 -1.609593
 1453.000000 2.119890 -1.584334
 1454.000000 2.080592 -1.635517
 1455.000000 2.170054 -1.595101
 1456.000000 2.160565 -1.623917
 1457.000000 2.052874 -1.510771
 1458.000000 1.983209 -1.604376
 1459.000000 2.053930 -1.636871
 1460.000000 2.255970 -1.547775
 1461.000000 2.016325 -1.744129
 1462.000000 2.018910 -1.556169
 1463.000000 2.056907 -1.609216
 1464.000000 2.155232 -1.545415
 1465.000000 2.044525 -1.637826
 1466.000000 2.070397 -1.593472
 1467.000000 2.135043 -1.573851
 1468.000000 2.124815 -1.615706
 1469.000000 2.111322 -1.610331
 1470.000000 2.113510 -1.573123
 1471.000000 2.003121 -1.468817
 1472.000000 2.003464 -1.596521
 1473.000000 2.049420 -1.598375
 1474.000000 1.960393 -1.605505
 1475.000000 2.104068 -1.615419
 1476.000000 2.009572 -1.668699
 1477.000000 2.095263 -1.655347
 1478.000000 2.126604 -1.651321
 1479.000000 2.069318 -1.643404
 1480.000000 2.093920 -1.696213
 1481.000000 2.068859 -1.609894
 1482.000000 2.101093 -1.645918
 1483.000000 2.139321 -1.630874
 1484.000000 2.178306 -1.598240
 1485.000000 2.054084 -1.624977
 1486.000000 2.139482 -1.596382
 1487.000000 2.036577 -1.624625
 1488.000000 1.994854 -1.628632
 1489.000000 2.052986 -1.639598
 1490.000000 2.110023 -1.647896
 1491.000000 2.055759 -1.589260
 1492.000000 2.183263 -1.606237
 1493.000000 2.085642 -1.530515
 1494.000000 1.964673 -1.596273
 1495.000000 2.083181 -1.524412
 1496.000000 2.013128 -1.628387
 1497.000000 2.080406 -1.604226
 1498.000000 2.005858 -1.518148
 1499.000000 2.074976 -1.657562
 1500.000000 2.083316 -1.567982
 1501.000000 2.105330 -1.642626
 1502.000000 2.113996 -1.616572
 1503.000000 2.067045 -1.713522
 1504.000000 2.081022 -1.663086
 1505.000000 2.072436 -1.647899
 1506.000000 2.046184 -1.644537
 1507.000000 2.117704 -1.632261
 1508.000000 2.069354 -1.581970
 1509.000000 2.211885 -1.618558
 1510.000000 2.040264 -1.620023
 1511.000000 2.098258 -1.634978
 1512.000000 2.143660 -1.576967
 1513.000000 2.103490 -1.563401
 1514.000000 2.103482 -1.552298
 1515.000000 2.151708 -1.535864
 1516.000000 2.122917 -1.621096
 1517.000000 2.135262 -1.607849
 1518.000000 2.106858 -1.655414
 1519.000000 2.061760 -1.581877
 1520.000000 2.069838 -1.559437
 1521.000000 2.104929 -1.572182
 1522.000000 2.205021 -1.636585
 1523.000000 2.079075 -1.596126
 1524.000000 2.088620 -1.578371
 1525.000000 2.097154 -1.617108
 1526.000000 2.191763 -1.624561
 1527.000000 2.142168 -1.611931
 1528.000000 2.131421 -1.583584
 1529.000000 2.108590 -1.601819
 1530.000000 2.071231 -1.623109
 1531.000000 2.120458 -1.550179
 1532.000000 2.134187 -1.561730
 1533.000000 2.096684 -1.576479
 1534.000000 1.990604 -1.586121
 1535.000000 2.086159 -1.536029
 1536.000000 2.182708 -1.535290
 1537.000000 2.083223 -1.631538
 1538.000000 2.122084 -1.600981
 1539.000000 2.136568 -1.593002
 1540.000000 2.119114 -1.608217
 1541.000000 2.120154 -1.650191
 1542.000000 2.152490 -1.557222
 1543.000000 2.050636 -1.588783
 1544.000000 2.037108 -1.598882
 1545.000000 2.057066 -1.522750
 1546.000000 1.968329 -1.575241
 1547.000000 2.038783 -1.567913
 1548.000000 2.173665 -1.543291
 1549.000000 2.014272 -1.551280
 1550.000000 2.048696 -1.585514
 1551.000000 2.005706 -1.530893
 1552.000000 2.068437 -1.559498
 1553.000000 2.063544 -1.480432
 1554.000000 2.029880 -1.515291
 1555.000000 1.992485 -1.592236
 1556.000000 2.017823 -1.634669
 1557.000000 2.058348 -1.613236
 1558.000000 2.094938 -1.618380
 1559.000000 1.988951 -1.642846
 1560.000000 2.107089 -1.632569
 1561.000000 1.955148 -1.555581
 1562.000000 2.045402 -1.526159
 1563.000000 2.066151 -1.656062
 1564.000000 2.196712 -1.576753
 1565.000000 2.129633 -1.663831
 1566.000000 2.032673 -1.656125
 1567.000000 1.988603 -1.673840
 1568.000000 2.083081 -1.652669
 1569.000000 2.038117 -1.591699
 1570.000000 2.151782 -1.654893
 1571.000000 2.166553 -1.643320
 1572.000000 2.015725 -1.625711
 1573.000000 2.084201 -1.612244
 1574.000000 2.077702 -1.638670
 1575.000000 1.978956 -1.634673
 1576.000000 1.999582 -1.596445
 1577.000000 2.101989 -1.563830
 1578.000000 2.003566 -1.591880
 1579.000000 2.011231 -1.665068
 1580.000000 2.077703 -1.667996
 1581.000000 2.018879 -1.602020
 1582.000000 2.065818 -1.641095
 1583.000000 2.116377 -1.564110
 1584.000000 2.123161 -1.558045
 1585.000000 2.038133 -1.682192
 1586.000000 2.091697 -1.641604
 1587.000000 2.064388 -1.644796
 1588.000000 2.086896 -1.624854
 1589.000000 2.091037 -1.620248
 1590.000000 2.058834 -1.603711
 1591.000000 2.069997 -1.634038
 1592.000000 2.064050 -1.658314
 1593.000000 1.989118 -1.647591
 1594.000000 2.065893 -1.558055
 1595.000000 2.085810 -1.625582
 1596.000000 2.084379 -1.676604
 1597.000000 2.070522 -1.617414
 1598.000000 2.032260 -1.611851
 1599.000000 2.105192 -1.618651
 1600.000000 2.032187 -1.599912
 1601.000000 2.039669 -1.597323
 1602.000000 2.038158 -1.600502
 1603.000000 2.028164 -1.595195
 1604.000000 2.093891 -1.623748
 1605.000000 2.101064 -1.634762
 1606.000000 2.115186 -1.555434
 1607.000000 2.082998 -1.571185
 1608.000000 2.077363 -1.635371
 1609.000000 2.097510 -1.572523
 1610.000000 2.122295 -1.646768
 1611.000000 2.137779 -1.648771
 1612.000000 2.057834 -1.618465
 1613.000000 2.015461 -1.643703
 1614.000000 2.177048 -1.633332
 1615.000000 2.116907 -1.735955
 1616.000000 2.132857 -1.617165
 1617.000000 2.065823 -1.533876
 1618.000000 2.053233 -1.608160
 1619.000000 2.040504 -1.599130
 1620.000000 1.993498 -1.626927
 1621.000000 2.046181 -1.665575
 1622.000000 2.151306 -1.559066
 1623.000000 2.143072 -1.628859
 1624.000000 2.077971 -1.575963
 1625.000000 2.059829 -1.607379
 1626.000000 2.150413 -1.628093
 1627.000000 2.110455 -1.506728
 1628.000000 2.072695 -1.500904
 1629.000000 2.165252 -1.560995
 1630.000000 1.921252 -1.662665
 1631.000000 2.011217 -1.580621
 1632.000000 2.072393 -1.517668
 1633.000000 2.021445 -1.547735
 1634.000000 2.069094 -1.562960
 1635.000000 2.113229 -1.681556
 1636.000000 2.082629 -1.640358
 1637.000000 2.097966 -1.639666
 1638.000000 2.065853 -1.705544
 1639.000000 2.068664 -1.735777
 1640.000000 1.964914 -1.603356
 1641.000000 2.011404 -1.615759
 1642.000000 2.011000 -1.730389
 1643.000000 2.016851 -1.554106
 1644.000000 2.184369 -1.639727
 1645.000000 2.017820 -1.587371
 1646.000000 1.995093 -1.602949
 1647.000000 2.097649 -1.634357
 1648.000000 2.001086 -1.673497
 1649.000000 2.018386 -1.662991
 1650.000000 2.152296 -1.610168
 1651.000000 2.033327 -1.627495
 1652.000000 2.084204 -1.671918
 1653.000000 2.032578 -1.682169
 1654.000000 2.012639 -1.595545
 1655.000000 2.043837 -1.622635
 1656.000000 2.118988 -1.575329
 1657.000000 2.096664 -1.641921
 1658.000000 2.097492 -1.616834
 1659.000000 2.080524 -1.602314
 1660.000000 2.071777 -1.619568
 1661.000000 2.068626 -1.640287
 1662.000000 2.031588 -1.649701
 1663.000000 2.102398 -1.713038
 1664.000000 2.064342 -1.639734
 1665.000000 2.045077 -1.608156
 1666.000000 2.060479 -1.594739
 1667.000000 2.072007 -1.648492
 1668.000000 1.961897 -1.626355
 1669.000000 2.120585 -1.618282
 1670.000000 2.086446 -1.607166
 1671.000000 2.219831 -1.615885
 1672.000000 2.055110 -1.611962
 1673.000000 2.018554 -1.651196
 1674.000000 2.093906 -1.679320
 1675.000000 2.048036 -1.578824
 1676.000000 2.167326 -1.577196
 1677.000000 2.016491 -1.686213
 1678.000000 2.009199 -1.634817
 1679.000000 2.079026 -1.535293
 1680.000000 1.954569 -1.655972
 1681.000000 2.130146 -1.587483
 1682.000000 2.043637 -1.622301
 1683.000000 2.069297 -1.660931
 1684.000000 2.034044 -1.620416
 1685.000000 2.091351 -1.651858
 1686.000000 2.065571 -1.626923
 1687.000000 2.038850 -1.652843
 1688.000000 2.011473 -1.591666
 1689.000000 2.086727 -1.637736
 1690.000000 2.048155 -1.694262
 1691.000000 2.067509 -1.606874
 1692.000000 2.025036 -1.721880
 1693.000000 2.139537 -1.537824
 1694.000000 2.073721 -1.597982
 1695.000000 2.028944 -1.501204
 1696.000000 2.076276 -1.549625
 1697.000000 2.135808 -1.681680
 1698.000000 2.052247 -1.639233
 1699.000000 2.049321 -1.593099
 1700.000000 1.995473 -1.593302
 1701.000000 2.061807 -1.643553
 1702.000000 2.044895 -1.592055
 1703.000000 1.985920 -1.697054
 1704.000000 2.082714 -1.698663
 1705.000000 2.026025 -1.586714
 1706.000000 2.149079 -1.587362
 1707.000000 2.102522 -1.543161
 1708.000000 2.056949 -1.616507
 1709.000000 2.039733 -1.546503
 1710.000000 2.064682 -1.551084
 1711.000000 2.098935 -1.657359
 1712.000000 2.023735 -1.658394
 1713.000000 1.995280 -1.593708
 1714.000000 2.198300 -1.646471
 1715.000000 1.934644 -1.657048
 1716.000000 2.078657 -1.681227
 1717.000000 2.019384 -1.673496
 1718.000000 2.076007 -1.664674
 1719.000000 2.118568 -1.648151
 1720.000000 1.938472 -1.664534
 1721.000000 2.028450 -1.590505
 1722.000000 2.042998 -1.649659
 1723.000000 2.048153 -1.618883
 1724.000000 1.983467 -1.630426
 1725.000000 2.059387 -1.535483
 1726.000000 2.074140 -1.550370
 1727.000000 2.006075 -1.645226
 1728.000000 2.122035 -1.560841
 1729.000000 2.099266 -1.550144
 1730.000000 2.109451 -1.644221
 1731.000000 1.994478 -1.672860
 1732.000000 2.029183 -1.651013
 1733.000000 2.084030 -1.580494
 1734.000000 2.031174 -1.583803
 1735.000000 2.086828 -1.609573
 1736.000000 2.053146 -1.568672
 1737.000000 2.074683 -1.547632
 1738.000000 1.990659 -1.585703
 1739.000000 2.072435 -1.587498
 1740.000000 2.002636 -1.531323
 1741.000000 2.228544 -1.589331
 1742.000000 1.997739 -1.560591
 1743.000000 2.071065 -1.552894
 1744.000000 2.029105 -1.570018
 1745.000000 2.059549 -1.583165
 1746.000000 2.107326 -1.652883
 1747.000000 2.159827 -1.562390
 1748.000000 1.997775 -1.552029
 1749.000000 2.123637 -1.552459
 1750.000000 2.053968 -1.646458
 1751.000000 2.085545 -1.574130
 1752.000000 2.115295 -1.616100
 1753.000000 2.077152 -1.593933
 1754.000000 2.027737 -1.564302
 1755.000000 2.070783 -1.650948
 1756.000000 2.103656 -1.605159
 1757.000000 2.109928 -1.588953
 1758.000000 2.064363 -1.589721
 1759.000000 2.055662 -1.593692
 1760.000000 2.074363 -1.607855
 1761.000000 2.032796 -1.614664
 1762.000000 2.126549 -1.625538
 1763.000000 2.032169 -1.607169
 1764.000000 2.048626 -1.583659
 1765.000000 2.006482 -1.548588
 1766.000000 2.135512 -1.543970
 1767.000000 1.979264 -1.554364
 1768.000000 2.031203 -1.549156
 1769.000000 1.998227 -1.572546
 1770.000000 2.157244 -1.620354
 1771.000000 2.097434 -1.607379
 1772.000000 2.016224 -1.565962
 1773.000000 2.030988 -1.518389
 1774.000000 2.113133 -1.626652
 1775.000000 2.043204 -1.603468
 1776.000000 2.040924 -1.580892
 1777.000000 2.036756 -1.665649
 1778.000000 2.007674 -1.618941
 1779.000000 2.046100 -1.662099
 1780.000000 2.055235 -1.641135
 1781.000000 2.063507 -1.605987
 1782.000000 2.018295 -1.665377
 1783.000000 2.065061 -1.614346
 1784.000000 1.998506 -1.623055
 1785.000000 2.107829 -1.599080
 1786.000000 2.163194 -1.668022
 1787.000000 2.090686 -1.620682
 1788.000000 2.083961 -1.580384
 1789.000000 2.111824 -1.615329
 1790.000000 2.020012 -1.539354
 1791.000000 2.109049 -1.583410
 1792.000000 2.064657 -1.609901
 1793.000000 2.050518 -1.598048
 1794.000000 2.009793 -1.655258
 1795.000000 2.080511 -1.660457
 1796.000000 2.022212 -1.579401
 1797.000000 2.167620 -1.648570
 1798.000000 2.020516 -1.660685
 1799.000000 2.037177 -1.683579
 1800.000000 2.014191 -1.647548
 1801.000000 1.966566 -1.648503
 1802.000000 2.142335 -1.584723
 1803.000000 2.147324 -1.669192
 1804.000000 2.021110 -1.629773
 1805.000000 2.064452 -1.563673
 1806.000000 1.943623 -1.708880
 1807.000000 1.975126 -1.619874
 1808.000000 2.134043 -1.615794
 1809.000000 2.085514 -1.658780
 1810.000000 2.037746 -1.695226
 1811.000000 2.029005 -1.587077
 1812.000000 2.081201 -1.651638
 1813.000000 2.058529 -1.580954
 1814.000000 2.046798 -1.643516
 1815.000000 1.969591 -1.627389
 1816.000000 2.087074 -1.674587
 1817.000000 2.049098 -1.644309
 1818.000000 2.185268 -1.599211
 1819.000000 2.044165 -1.660805
 1820.000000 2.060127 -1.631657
 1821.000000 2.071040 -1.631838
 1822.000000 2.091390 -1.596811
 1823.000000 2.093609 -1.666843
 1824.000000 2.040672 -1.602586
 1825.000000 2.024376 -1.622611
 1826.000000 2.182756 -1.598820
 1827.000000 2.042400 -1.634305
 1828.000000 2.099467 -1.584994
 1829.000000 2.049322 -1.578909
 1830.000000 2.049233 -1.655395
 1831.000000 2.077258 -1.611675
 1832.000000 2.090097 -1.637479
 1833.000000 2.168042 -1.565423
 1834.000000 2.020329 -1.608274
 1835.000000 2.070659 -1.537961
 1836.000000 2.003162 -1.538940
 1837.000000 2.071644 -1.602784
 1838.000000 2.032782 -1.589628
 1839.000000 2.133809 -1.591330
 1840.000000 1.912166 -1.599852
 1841.000000 2.121568 -1.613442
 1842.000000 2.110544 -1.688072
 1843.000000 2.035898 -1.607583
 1844.000000 2.090664 -1.664197
 1845.000000 1.949097 -1.614000
 1846.000000 2.128684 -1.577639
 1847.000000 2.076860 -1.634554
 1848.000000 2.138302 -1.556812
 1849.000000 2.097348 -1.598219
 1850.000000 2.001034 -1.623291
 1851.000000 2.063806 -1.593727
 1852.000000 2.164857 -1.632940
 1853.000000 2.097588 -1.592401
 1854.000000 2.132066 -1.619731
 1855.000000 2.137296 -1.645928
 1856.000000 2.068441 -1.584459
 1857.000000 1.971772 -1.585252
 1858.000000 1.972878 -1.620968
 1859.000000 2.145337 -1.697043
 1860.000000 2.173750 -1.678764
 1861.000000 2.135962 -1.717040
 1862.000000 1.985488 -1.589620
 1863.000000 2.000864 -1.622079
 1864.000000 2.085827 -1.638860
 1865.000000 2.097738 -1.615128
 1866.000000 2.063710 -1.539894
 1867.000000 2.033450 -1.523071
 1868.000000 2.077343 -1.616270
 1869.000000 2.104528 -1.573702
 1870.000000 2.056533 -1.591367
 1871.000000 2.066706 -1.647925
 1872.000000 2.014696 -1.679328
 1873.000000 2.083646 -1.728376
 1874.000000 2.022990 -1.673330
 1875.000000 1.997043 -1.594629
 1876.000000 2.085544 -1.598485
 1877.000000 2.091678 -1.673100
 1878.000000 2.155361 -1.600108
 1879.000000 2.120902 -1.633856
 1880.000000 2.122909 -1.660727
 1881.000000 2.031575 -1.653041
 1882.000000 2.012848 -1.667365
 1883.000000 2.148001 -1.580399
 1884.000000 2.055882 -1.673372
 1885.000000 2.048283 -1.658261
 1886.000000 2.153885 -1.730968
 1887.000000 2.127876 -1.643088
 1888.000000 2.068822 -1.641387
 1889.000000 2.107568 -1.625418
 1890.000000 2.122942 -1.555531
 1891.000000 2.179739 -1.656183
 1892.000000 2.106238 -1.592988
 1893.000000 2.025281 -1.609027
 1894.000000 2.055123 -1.660453
 1895.000000 2.114391 -1.636007
 1896.000000 2.145990 -1.646972
 1897.000000 2.094509 -1.592117
 1898.000000 2.069964 -1.595444
 1899.000000 2.009459 -1.511213
 1900.000000 2.081209 -1.591775
 1901.000000 2.135104 -1.640306
 1902.000000 2.164276 -1.587521
 1903.000000 2.061137 -1.638423
 1904.000000 2.120482 -1.641029
 1905.000000 2.151502 -1.600912
 1906.000000 2.016920 -1.583055
 1907.000000 2.001407 -1.681589
 1908.000000 2.077423 -1.620320
 1909.000000 2.137755 -1.627818
 1910.000000 2.180367 -1.570195
 1911.000000 2.108068 -1.600386
 1912.000000 2.103443 -1.542170
 1913.000000 2.047615 -1.613437
 1914.000000 2.095649 -1.700283
 1915.000000 2.259281 -1.645927
 1916.000000 2.148200 -1.690707
 1917.000000 2.193485 -1.685219
 1918.000000 2.131514 -1.673917
 1919.000000 2.068270 -1.601606
 1920.000000 2.140549 -1.586433
 1921.000000 2.123374 -1.456316
 1922.000000 2.070635 -1.607797
 1923.000000 1.946656 -1.590953
 1924.000000 2.119242 -1.530530
 1925.000000 2.066753 -1.563892
 1926.000000 2.079960 -1.619869
 1927.000000 2.105002 -1.556856
 1928.000000 2.127162 -1.549349
 1929.000000 2.107829 -1.618017
 1930.000000 2.078728 -1.574459
 1931.000000 2.069621 -1.572694
 1932.000000 1.995692 -1.663407
 1933.000000 2.061828 -1.539130
 1934.000000 2.174918 -1.583529
 1935.000000 2.047054 -1.626474
 1936.000000 2.073126 -1.592820
 1937.000000 2.060335 -1.607488
 1938.000000 2.112967 -1.671739
 1939.000000 2.055108 -1.641022
 1940.000000 2.067064 -1.716857
 1941.000000 2.153978 -1.657773
 1942.000000 2.152471 -1.602511
 1943.000000 2.140653 -1.629696
 1944.000000 2.124352 -1.592439
 1945.000000 2.098678 -1.617746
 1946.000000 2.049760 -1.625424
 1947.000000 2.151729 -1.615677
 1948.000000 2.128401 -1.605166
 1949.000000 2.126863 -1.638070
 1950.000000 2.107391 -1.589231
 1951.000000 2.016384 -1.564610
 1952.000000 2.159845 -1.611833
 1953.000000 2.022858 -1.554647
 1954.000000 2.100328 -1.602253
 1955.000000 2.102286 -1.607738
 1956.000000 2.139732 -1.635852
 1957.000000 2.095163 -1.623830
 1958.000000 2.204097 -1.643777
 1959.000000 2.082347 -1.598147
 1960.000000 2.095425 -1.580279
 1961.000000 2.086154 -1.676446
 1962.000000 2.084332 -1.695374
 1963.000000 2.119484 -1.624126
 1964.000000 2.154053 -1.602963
 1965.000000 2.160444 -1.658485
 1966.000000 2.033734 -1.633579
 1967.000000 2.140267 -1.534097
 1968.000000 2.146918 -1.573585
 1969.000000 2.100746 -1.613445
 1970.000000 2.062119 -1.625800
 1971.000000 2.075638 -1.568870
 1972.000000 1.944364 -1.611524
 1973.000000 1.994039 -1.697456
 1974.000000 2.163757 -1.647329
 1975.000000 2.145239 -1.612221
 1976.000000 2.103123 -1.666894
 1977.000000 1.995157 -1.631779
 1978.000000 2.143463 -1.685629
 1979.000000 2.079611 -1.708228
 1980.000000 2.068304 -1.656859
 1981.000000 2.173741 -1.613366
 1982.000000 2.131163 -1.654339
 1983.000000 2.111511 -1.651179
 1984.000000 2.132769 -1.717318
 1985.000000 2.054776 -1.645525
 1986.000000 2.134468 -1.655903
 1987.000000 2.054431 -1.613394
 1988.000000 2.047975 -1.606455
 1989.000000 2.076130 -1.609729
 1990.000000 2.006412 -1.591083
 1991.000000 2.075032 -1.605751
 1992.000000 2.010215 -1.666899
 1993.000000 2.101948 -1.638415
 1994.000000 2.085069 -1.613025
 1995.000000 2.100778 -1.582399
 1996.000000 1.905066 -1.588723
 1997.000000 2.091824 -1.620536
 1998.000000 2.136349 -1.526331
 1999.000000 2.106178 -1.569704
 2000.000000 2.061092 -1.598681
 2001.000000 2.017611 -1.622901
 2002.000000 1.935575 -1.611087
 2003.000000 1.960555 -1.540674
 2004.000000 2.102792 -1.631933
 2005.000000 2.084618 -1.597477
 2006.000000 2.080550 -1.632331
 2007.000000 2.034551 -1.720902
 2008.000000 2.086865 -1.660897
 2009.000000 2.109718 -1.526122
 2010.000000 2.014107 -1.548617
 2011.000000 2.107662 -1.583430
 2012.000000 2.064116 -1.571326
 2013.000000 2.004613 -1.578101
 2014.000000 2.115396 -1.579457
 2015.000000 2.112241 -1.556469
 2016.000000 2.129183 -1.623952
 2017.000000 2.245633 -1.671388
 2018.000000 2.239825 -1.596907
 2019.000000 2.034482 -1.541810
 2020.000000 2.144157 -1.678522
 2021.000000 2.125226 -1.564591
 2022.000000 2.076109 -1.547557
 2023.000000 2.108854 -1.593690
 2024.000000 2.122765 -1.554543
 2025.000000 2.113942 -1.635413
 2026.000000 2.113399 -1.545137
 2027.000000 2.080672 -1.576379
 2028.000000 2.034663 -1.502260
 2029.000000 1.955492 -1.484585
 2030.000000 2.089526 -1.541857
 2031.000000 2.036249 -1.566150
 2032.000000 2.149224 -1.629660
 2033.000000 2.111501 -1.569735
 2034.000000 1.994500 -1.549354
 2035.000000 2.125307 -1.683505
 2036.000000 2.117435 -1.572532
 2037.000000 2.118446 -1.638752
 2038.000000 2.057686 -1.641415
 2039.000000 2.078458 -1.692319
 2040.000000 2.026799 -1.626369
 2041.000000 2.060595 -1.579150
 2042.000000 2.083743 -1.568727
 2043.000000 2.090833 -1.644641
 2044.000000 2.088911 -1.603302
 2045.000000 2.107978 -1.672659
 2046.000000 2.003969 -1.627436
 2047.000000 2.027773 -1.613885
 2048.000000 2.101844 -1.548758
 2049.000000 2.064332 -1.552905
 2050.000000 2.097356 -1.551460
 2051.000000 2.058242 -1.614469
 2052.000000 2.030811 -1.616191
 2053.000000 2.126375 -1.642955
 2054.000000 2.099976 -1.656362
 2055.000000 2.005322 -1.632779
 2056.000000 2.071251 -1.625206
 2057.000000 2.084375 -1.648514
 2058.000000 2.102765 -1.668641
 2059.000000 2.069987 -1.637025
 2060.000000 1.969280 -1.694732
 2061.000000 2.095934 -1.630087
 2062.000000 2.092586 -1.613372
 2063.000000 2.117004 -1.629013
 2064.000000 2.119770 -1.540848
 2065.000000 2.065098 -1.536993
 2066.000000 2.128199 -1.631859
 2067.000000 2.225064 -1.636767
 2068.000000 2.038005 -1.500001
 2069.000000 2.124599 -1.683358
 2070.000000 2.118585 -1.654202
 2071.000000 2.116946 -1.621406
 2072.000000 2.114150 -1.633049
 2073.000000 2.139944 -1.598870
 2074.000000 2.257098 -1.520461
 2075.000000 2.076501 -1.634121
 2076.000000 2.182634 -1.646875
 2077.000000 2.144773 -1.716617
 2078.000000 2.169184 -1.583110
 2079.000000 2.100182 -1.611880
 2080.000000 2.134545 -1.641632
 2081.000000 2.070112 -1.658251
 2082.000000 1.938491 -1.594488
 2083.000000 2.186843 -1.603785
 2084.000000 2.192223 -1.622038
 2085.000000 2.044843 -1.645608
 2086.000000 2.076461 -1.602987
 2087.000000 2.006937 -1.584360
 2088.000000 2.118519 -1.551982
 2089.000000 2.114924 -1.644547
 2090.000000 2.003809 -1.600980
 2091.000000 2.052401 -1.695411
 2092.000000 2.090259 -1.574561
 2093.000000 1.958381 -1.692911
 2094.000000 2.106817 -1.574765
 2095.000000 2.100686 -1.638050
 2096.000000 2.060317 -1.642978
 2097.000000 2.087391 -1.657530
 2098.000000 2.104880 -1.639873
 2099.000000 1.984933 -1.673838
 2100.000000 2.091361 -1.715810
 2101.000000 2.089760 -1.656761
 2102.000000 2.072171 -1.632286
 2103.000000 2.075335 -1.600552
 2104.000000 2.072933 -1.625551
 2105.000000 1.989430 -1.618585
 2106.000000 2.030544 -1.643644
 2107.000000 2.098911 -1.581578
 2108.000000 2.094537 -1.603566
 2109.000000 2.108911 -1.638148
 2110.000000 2.096953 -1.509781
 2111.000000 1.998732 -1.568706
 2112.000000 2.034657 -1.603380
 2113.000000 2.055604 -1.620893
 2114.000000 1.967651 -1.646064
 2115.000000 2.006412 -1.639731
 2116.000000 1.959811 -1.657946
 2117.000000 2.119268 -1.645979
 2118.000000 2.015348 -1.642323
 2119.000000 2.060699 -1.652717
 2120.000000 1.994112 -1.663478
 2121.000000 1.975671 -1.595109
 2122.000000 2.130029 -1.624443
 2123.000000 2.045619 -1.646502
 2124.000000 2.108655 -1.578248
 2125.000000 2.060189 -1.560275
 2126.000000 2.091166 -1.639864
 2127.000000 2.031761 -1.577450
 2128.000000 2.086229 -1.516488
 2129.000000 2.014877 -1.553968
 2130.000000 2.106372 -1.526204
 2131.000000 2.019373 -1.618727
 2132.000000 2.058707 -1.574853
 2133.000000 2.143974 -1.561713
 2134.000000 2.147280 -1.581522
 2135.000000 2.024756 -1.594804
 2136.000000 2.156732 -1.594636
 2137.000000 2.019453 -1.583557
 2138.000000 2.097118 -1.630066
 2139.000000 2.126078 -1.551492
 2140.000000 2.145878 -1.565072
 2141.000000 1.999390 -1.623309
 2142.000000 2.155094 -1.642984
 2143.000000 2.037026 -1.744955
 2144.000000 2.177262 -1.699305
 2145.000000 2.156349 -1.624850
 2146.000000 2.100070 -1.632589
 2147.000000 2.111060 -1.652734
 2148.000000 2.080484 -1.603187
 2149.000000 1.992566 -1.600003
 2150.000000 2.112425 -1.536486
 2151.000000 2.034944 -1.577760
 2152.000000 2.121420 -1.614717
 2153.000000 2.094691 -1.630011
 2154.000000 2.080072 -1.622377
 2155.000000 1.996589 -1.580549
 2156.000000 2.043350 -1.587386
 2157.000000 2.093599 -1.548104
 2158.000000 2.094915 -1.539189
 2159.000000 2.041262 -1.682760
 2160.000000 2.105911 -1.619659
 2161.000000 2.158883 -1.568494
 2162.000000 2.106432 -1.574437
 2163.000000 2.107605 -1.618400
 2164.000000 2.200013 -1.594528
 2165.000000 2.011457 -1.649801
 2166.000000 2.033736 -1.602821
 2167.000000 2.167835 -1.647813
 2168.000000 2.226361 -1.659366
 2169.000000 2.143428 -1.652343
 2170.000000 2.011156 -1.638496
 2171.000000 1.980583 -1.622633
 2172.000000 2.064215 -1.673793
 2173.000000 2.145699 -1.641101
 2174.000000 2.085657 -1.600905
 2175.000000 1.979612 -1.671701
 2176.000000 2.015623 -1.657894
 2177.000000 2.064050 -1.668039
 2178.000000 2.115098 -1.618063
 2179.000000 2.041869 -1.559955
 2180.000000 2.076891 -1.627752
 2181.000000 2.037372 -1.592465
 2182.000000 2.141501 -1.602999
 2183.000000 2.077700 -1.613585
 2184.000000 2.115382 -1.662598
 2185.000000 2.026886 -1.589532
 2186.000000 2.139514 -1.576028
 2187.000000 2.034578 -1.649525
 2188.000000 2.109863 -1.640843
 2189.000000 2.170627 -1.638990
 2190.000000 2.066574 -1.587192
 2191.000000 1.988853 -1.709575
 2192.000000 2.045318 -1.655681
 2193.000000 2.077559 -1.670911
 2194.000000 2.038919 -1.583360
 2195.000000 2.043381 -1.613202
 2196.000000 1.947353 -1.555895
 2197.000000 2.084533 -1.534753
 2198.000000 2.068949 -1.575923
 2199.000000 2.125589 -1.594125
 2200.000000 1.958390 -1.568209
 2201.000000 2.104663 -1.540818
 2202.000000 2.035144 -1.685652
 2203.000000 1.962056 -1.600919
 2204.000000 2.048085 -1.564702
 2205.000000 1.924599 -1.631884
 2206.000000 2.030615 -1.612115
 2207.000000 2.100785 -1.604852
 2208.000000 1.930877 -1.637373
 2209.000000 2.050457 -1.664457
 2210.000000 2.147860 -1.667691
 2211.000000 2.050472 -1.625704
 2212.000000 2.066079 -1.610088
 2213.000000 2.070626 -1.691056
 2214.000000 2.099655 -1.666615
 2215.000000 2.100602 -1.679843
 2216.000000 2.028838 -1.677037
 2217.000000 2.053999 -1.602488
 2218.000000 2.061506 -1.706884
 2219.000000 1.977480 -1.539058
 2220.000000 2.017870 -1.663287
 2221.000000 2.112508 -1.595383
 2222.000000 2.063753 -1.556687
 2223.000000 2.205162 -1.567984
 2224.000000 2.016368 -1.537093
 2225.000000 2.095181 -1.646711
 2226.000000 1.989935 -1.711819
 2227.000000 1.966905 -1.665109
 2228.000000 1.993047 -1.674897
 2229.000000 2.100536 -1.617479
 2230.000000 2.104984 -1.520651
 2231.000000 2.073830 -1.609345
 2232.000000 1.977654 -1.618583
 2233.000000 2.104045 -1.578648
 2234.000000 2.139074 -1.637075
 2235.000000 2.133518 -1.662387
 2236.000000 2.096032 -1.663776
 2237.000000 1.990496 -1.594151
 2238.000000 2.024585 -1.621558
 2239.000000 2.044206 -1.646392
 2240.000000 2.064241 -1.618075
 2241.000000 2.063993 -1.588410
 2242.000000 2.082737 -1.674179
 2243.000000 2.051463 -1.634330
 2244.000000 2.037736 -1.586398
 2245.000000 2.034369 -1.584400
 2246.000000 2.086402 -1.595608
 2247.000000 1.978419 -1.614589
 2248.000000 2.134638 -1.642562
 2249.000000 2.125261 -1.584332
 2250.000000 2.106019 -1.621086
 2251.000000 1.983869 -1.597605
 2252.000000 2.117777 -1.545870
 2253.000000 2.083527 -1.580650
 2254.000000 1.947867 -1.594065
 2255.000000 2.037574 -1.625987
 2256.000000 2.157534 -1.614749
 2257.000000 2.138443 -1.558125
 2258.000000 2.046552 -1.610154
 2259.000000 2.091875 -1.668359
 2260.000000 2.029396 -1.613416
 2261.000000 1.977749 -1.641092
 2262.000000 2.178247 -1.591301
 2263.000000 2.092501 -1.649729
 2264.000000 2.075777 -1.661575
 2265.000000 1.962762 -1.609127
 2266.000000 2.079541 -1.671714
 2267.000000 2.007209 -1.553573
 2268.000000 2.039439 -1.600642
 2269.000000 2.066000 -1.586528
 2270.000000 2.018883 -1.618217
 2271.000000 2.028820 -1.576682
 2272.000000 1.992311 -1.572881
 2273.000000 1.939163 -1.680552
 2274.000000 2.037595 -1.652123
 2275.000000 2.001757 -1.608608
 2276.000000 1.972857 -1.704818
 2277.000000 1.978989 -1.549085
 2278.000000 1.984111 -1.552299
 2279.000000 2.026455 -1.635774
 2280.000000 2.020842 -1.636713
 2281.000000 2.160719 -1.659447
 2282.000000 1.994922 -1.509163
 2283.000000 2.070443 -1.513499
 2284.000000 1.957214 -1.605409
 2285.000000 1.994305 -1.602123
 2286.000000 2.077200 -1.638036
 2287.000000 2.047381 -1.615619
 2288.000000 2.102983 -1.710182
 2289.000000 2.134470 -1.682031
 2290.000000 1.983989 -1.697222
 2291.000000 2.050212 -1.678814
 2292.000000 2.097309 -1.664828
 2293.000000 1.989558 -1.552833
 2294.000000 2.076686 -1.639112
 2295.000000 2.188613 -1.682162
 2296.000000 1.961942 -1.697314
 2297.000000 1.939065 -1.653610
 2298.000000 1.981802 -1.642262
 2299.000000 2.063915 -1.625263
 2300.000000 2.004118 -1.698746
 2301.000000 2.173117 -1.629826
 2302.000000 2.098822 -1.645487
 2303.000000 2.224810 -1.567616
 2304.000000 2.115637 -1.608100
 2305.000000 2.114989 -1.621994
 2306.000000 2.174570 -1.614293
 2307.000000 1.946713 -1.523365
 2308.000000 2.015921 -1.624618
 2309.000000 2.095223 -1.626324
 2310.000000 1.967269 -1.685587
 2311.000000 2.094514 -1.706844
 2312.000000 2.107094 -1.658751
 2313.000000 2.068625 -1.611352
 2314.000000 2.025285 -1.595144
 2315.000000 2.027279 -1.613836
 2316.000000 2.003354 -1.570917
 2317.000000 2.082275 -1.678379
 2318.000000 2.116389 -1.656852
 2319.000000 2.015368 -1.695192
 2320.000000 2.049291 -1.675502
 2321.000000 2.093769 -1.550458
 2322.000000 2.083248 -1.649614
 2323.000000 2.079206 -1.570213
 2324.000000 2.043426 -1.610357
 2325.000000 2.114838 -1.621819
 2326.000000 2.130925 -1.633029
 2327.000000 2.127008 -1.585007
 2328.000000 2.149930 -1.624127
 2329.000000 1.953111 -1.664073
 2330.000000 2.065360 -1.630928
 2331.000000 2.084908 -1.627170
 2332.000000 2.067117 -1.550163
 2333.000000 1.947120 -1.615748
 2334.000000 2.066726 -1.591590
 2335.000000 2.017717 -1.598593
 2336.000000 2.146536 -1.689734
 2337.000000 2.102316 -1.598515
 2338.000000 2.130451 -1.595046
 2339.000000 2.213525 -1.610848
 2340.000000 2.006433 -1.670587
 2341.000000 2.061446 -1.593451
 2342.000000 2.076470 -1.655482
 2343.000000 2.152608 -1.695505
 2344.000000 2.156373 -1.646653
 2345.000000 2.187907 -1.628664
 2346.000000 2.044892 -1.659670
 2347.000000 2.094535 -1.617109
 2348.000000 2.074996 -1.669884
 2349.000000 2.062012 -1.553417
 2350.000000 2.100687 -1.614405
 2351.000000 2.100707 -1.584688
 2352.000000 2.113256 -1.573761
 2353.000000 2.059960 -1.614387
 2354.000000 2.152703 -1.666454
 2355.000000 2.063325 -1.593051
 2356.000000 2.096008 -1.600882
 2357.000000 2.107933 -1.605697
 2358.000000 2.006997 -1.600461
 2359.000000 2.058171 -1.554028
 2360.000000 2.137546 -1.614021
 2361.000000 2.040849 -1.644380
 2362.000000 2.115921 -1.596459
 2363.000000 1.933904 -1.601607
 2364.000000 2.077264 -1.602913
 2365.000000 2.107839 -1.581807
 2366.000000 2.126859 -1.627230
 2367.000000 2.118877 -1.638903
 2368.000000 2.074989 -1.661608
 2369.000000 2.108108 -1.571899
 2370.000000 2.119122 -1.599944
 2371.000000 2.088723 -1.662462
 2372.000000 2.044848 -1.665901
 2373.000000 2.152376 -1.635783
 2374.000000 2.097278 -1.621453
 2375.000000 1.926603 -1.579865
 2376.000000 1.963709 -1.630303
 2377.000000 2.085480 -1.663995
 2378.000000 2.034345 -1.666352
 2379.000000 2.028946 -1.649829
 2380.000000 2.150050 -1.563273
 2381.000000 2.063091 -1.580831
 2382.000000 2.093217 -1.638197
 2383.000000 2.154492 -1.684044
 2384.000000 2.033959 -1.629093
 2385.000000 2.021630 -1.669807
 2386.000000 2.048307 -1.583167
 2387.000000 1.974839 -1.564868
 2388.000000 1.953775 -1.592979
 2389.000000 2.014484 -1.515603
 2390.000000 2.072464 -1.678043
 2391.000000 2.028866 -1.666654
 2392.000000 2.032247 -1.638487
 2393.000000 2.028626 -1.614116
 2394.000000 2.047579 -1.588141
 2395.000000 2.066411 -1.623351
 2396.000000 2.102664 -1.555815
 2397.000000 2.095654 -1.556495
 2398.000000 2.087689 -1.552227
 2399.000000 2.101350 -1.596521
 2400.000000 2.093835 -1.674236
 2401.000000 2.068790 -1.667825
 2402.000000 2.119663 -1.665878
 2403.000000 2.075466 -1.603867
 2404.000000 2.070716 -1.745777
 2405.000000 2.054591 -1.605500
 2406.000000 2.061092 -1.540410
 2407.000000 2.187078 -1.582223
 2408.000000 2.173778 -1.693520
 2409.000000 2.078207 -1.504818
 2410.000000 2.003046 -1.546829
 2411.000000 2.165251 -1.554561
 2412.000000 2.119375 -1.572577
 2413.000000 2.126471 -1.511798
 2414.000000 2.102844 -1.557388
 2415.000000 2.110374 -1.569089
 2416.000000 1.939465 -1.526236
 2417.000000 2.150853 -1.532443
 2418.000000 2.163992 -1.558836
 2419.000000 2.164551 -1.583768
 2420.000000 2.137356 -1.590041
 2421.000000 2.122942 -1.575278
 2422.000000 2.093236 -1.618794
 2423.000000 2.026019 -1.563208
 2424.000000 2.161224 -1.658575
 2425.000000 2.014561 -1.674497
 2426.000000 2.123675 -1.671385
 2427.000000 2.122165 -1.664789
 2428.000000 2.168079 -1.651547
 2429.000000 2.047713 -1.592081
 2430.000000 2.106327 -1.586870
 2431.000000 2.097340 -1.597450
 2432.000000 2.120939 -1.530632
 2433.000000 1.993365 -1.567283
 2434.000000 1.966945 -1.611703
 2435.000000 2.135521 -1.698270
 2436.000000 2.185073 -1.590806
 2437.000000 2.141485 -1.559853
 2438.000000 2.048117 -1.583542
 2439.000000 1.952979 -1.545634
 2440.000000 2.069729 -1.586771
 2441.000000 1.997818 -1.524651
 2442.000000 2.027233 -1.525414
 2443.000000 2.143962 -1.534455
 2444.000000 2.077020 -1.529388
 2445.000000 2.038416 -1.630240
 2446.000000 1.933659 -1.590751
 2447.000000 2.082556 -1.577973
 2448.000000 2.063146 -1.680140
 2449.000000 2.121166 -1.611144
 2450.000000 2.118347 -1.532555
 2451.000000 2.140339 -1.600865
 2452.000000 2.092049 -1.592808
 2453.000000 2.099350 -1.566213
 2454.000000 2.132305 -1.593617
 2455.000000 2.055096 -1.561627
 2456.000000 2.051205 -1.602536
 2457.000000 1.940302 -1.634287
 2458.000000 2.042861 -1.592570
 2459.000000 2.041920 -1.564635
 2460.000000 2.051940 -1.624647
 2461.000000 1.966569 -1.576803
 2462.000000 2.026258 -1.597947
 2463.000000 2.041896 -1.651600
 2464.000000 1.941242 -1.578697
 2465.000000 2.096928 -1.550651
 2466.000000 2.047197 -1.572705
 2467.000000 1.982190 -1.610626
 2468.000000 2.099263 -1.639881
 2469.000000 2.177984 -1.675838
 2470.000000 2.038196 -1.701444
 2471.000000 2.057717 -1.776614
 2472.000000 2.117857 -1.683502
 2473.000000 2.009940 -1.649939
 2474.000000 2.138174 -1.622949
 2475.000000 2.020580 -1.557792
 2476.000000 2.020468 -1.683522
 2477.000000 2.078370 -1.619990
 2478.000000 2.012535 -1.571262
 2479.000000 2.200464 -1.653794
 2480.000000 2.076952 -1.550435
 2481.000000 2.138775 -1.446682
 2482.000000 2.045679 -1.558082
 2483.000000 1.988790 -1.560924
 2484.000000 2.100451 -1.597583
 2485.000000 2.088451 -1.601028
 2486.000000 2.149617 -1.578817
 2487.000000 2.106316 -1.599799
 2488.000000 2.048302 -1.531264
 2489.000000 1.969259 -1.631446
 2490.000000 2.105978 -1.632189
 2491.000000 2.082523 -1.555806
 2492.000000 2.054582 -1.630415
 2493.000000 2.142934 -1.600333
 2494.000000 2.075980 -1.634778
 2495.000000 2.050247 -1.663298
 2496.000000 2.042432 -1.654936
 2497.000000 2.081753 -1.574414
 2498.000000 1.993377 -1.671954
 2499.000000 2.006699 -1.614030
 2500.000000 2.111412 -1.647501
