#! FIELDS time pd_137_140 diff
 0.000000 1.451940 -0.407009
 1.000000 1.544543 -0.458020
 2.000000 1.432121 -0.350098
 3.000000 1.402358 -0.459729
 4.000000 1.415844 -0.420232
 5.000000 1.441931 -0.426182
 6.000000 1.446154 -0.459153
 7.000000 1.458844 -0.454558
 8.000000 1.432644 -0.386560
 9.000000 1.504328 -0.430073
 10.000000 1.547012 -0.394946
 11.000000 1.550091 -0.466207
 12.000000 1.299503 -0.478006
 13.000000 1.432181 -0.438836
 14.000000 1.509954 -0.463863
 15.000000 1.416653 -0.469623
 16.000000 1.439837 -0.502733
 17.000000 1.349524 -0.414813
 18.000000 1.380155 -0.499311
 19.000000 1.409105 -0.399546
 20.000000 1.409891 -0.441102
 21.000000 1.396432 -0.407207
 22.000000 1.448989 -0.457064
 23.000000 1.512863 -0.415290
 24.000000 1.373946 -0.377914
 25.000000 1.326071 -0.414021
 26.000000 1.500312 -0.395040
 27.000000 1.414944 -0.412771
 28.000000 1.429289 -0.499570
 29.000000 1.455563 -0.502875
 30.000000 1.452662 -0.398269
 31.000000 1.354039 -0.495013
 32.000000 1.327843 -0.432448
 33.000000 1.380496 -0.416030
 34.000000 1.420685 -0.479289
 35.000000 1.388106 -0.425049
 36.000000 1.387765 -0.420629
 37.000000 1.441470 -0.370810
 38.000000 1.394973 -0.376061
 39.000000 1.344102 -0.236527
 40.000000 1.380485 -0.430214
 41.000000 1.455199 -0.460340
 42.000000 1.533358 -0.445344
 43.000000 1.482039 -0.391695
 44.000000 1.450546 -0.533110
 45.000000 1.379874 -0.439829
 46.000000 1.445175 -0.432197
 47.000000 1.477551 -0.451883
 48.000000 1.505467 -0.430050
 49.000000 1.550151 -0.457032
 50.000000 1.480787 -0.405696
 51.000000 1.470164 -0.362343
 52.000000 1.482206 -0.456949
 53.000000 1.366589 -0.399100
 54.000000 1.443708 -0.383458
 55.000000 1.628792 -0.389680
 56.000000 1.464158 -0.418711
 57.000000 1.495667 -0.431305
 58.000000 1.471632 -0.447510
 59.000000 1.484371 -0.469964
 60.000000 1.418031 -0.413525
 61.000000 1.569608 -0.341474
 62.000000 1.442585 -0.508363
 63.000000 1.565293 -0.371403
 64.000000 1.517085 -0.484386
 65.000000 1.430750 -0.327585
 66.000000 1.432480 -0.416299
 67.000000 1.434397 -0.508260
 68.000000 1.370659 -0.402438
 69.000000 1.460340 -0.432973
 70.000000 1.446371 -0.405898
 71.000000 1.486692 -0.403006
 72.000000 1.491590 -0.469107
 73.000000 1.414029 -0.442545
 74.000000 1.430640 -0.536506
 75.000000 1.383242 -0.408155
 76.000000 1.512841 -0.509988
 77.000000 1.492249 -0.368482
 78.000000 1.480308 -0.393774
 79.000000 1.462748 -0.481821
 80.000000 1.478699 -0.479622
 81.000000 1.475280 -0.476985
 82.000000 1.353112 -0.435184
 83.000000 1.560926 -0.336309
 84.000000 1.558409 -0.480440
 85.000000 1.418524 -0.583620
 86.000000 1.563749 -0.520361
 87.000000 1.575684 -0.517228
 88.000000 1.443678 -0.405474
 89.000000 1.594425 -0.382924
 90.000000 1.530466 -0.433368
 91.000000 1.438591 -0.409906
 92.000000 1.562309 -0.401828
 93.000000 1.469686 -0.402975
 94.000000 1.470107 -0.492022
 95.000000 1.434967 -0.464082
 96.000000 1.478051 -0.448672
 97.000000 1.500543 -0.407066
 98.000000 1.530959 -0.369610
 99.000000 1.445567 -0.457447
 100.000000 1.531926 -0.412841
 101.000000 1.407637 -0.464850
 102.000000 1.598118 -0.400231
 103.000000 1.503660 -0.423429
 104.000000 1.401202 -0.397068
 105.000000 1.564835 -0.406993
 106.000000 1.486142 -0.404077
 107.000000 1.478086 -0.401256
 108.000000 1.568331 -0.390199
 109.000000 1.439158 -0.415360
 110.000000 1.435197 -0.470437
 111.000000 1.324630 -0.434307
 112.000000 1.490886 -0.349966
 113.000000 1.467545 -0.461303
 114.000000 1.574246 -0.391472
 115.000000 1.564122 -0.460706
 116.000000 1.418965 -0.370715
 117.000000 1.381729 -0.409891
 118.000000 1.488600 -0.379207
 119.000000 1.588533 -0.456220
 120.000000 1.445825 -0.423667
 121.000000 1.408516 -0.299682
 122.000000 1.498507 -0.345724
 123.000000 1.424837 -0.314674
 124.000000 1.527828 -0.354520
 125.000000 1.464427 -0.434271
 126.000000 1.513887 -0.323047
 127.000000 1.535870 -0.395765
 128.000000 1.482995 -0.327926
 129.000000 1.498627 -0.390002
 130.000000 1.484452 -0.331453
 131.000000 1.392152 -0.355855
 132.000000 1.438606 -0.400284
 133.000000 1.445129 -0.339878
 134.000000 1.531391 -0.469527
 135.000000 1.463166 -0.486898
 136.000000 1.482155 -0.366059
 137.000000 1.519722 -0.478279
 138.000000 1.254402 -0.385479
 139.000000 1.315363 -0.478046
 140.000000 1.422163 -0.494342
 141.000000 1.463532 -0.422977
 142.000000 1.439160 -0.433231
 143.000000 1.361268 -0.522280
 144.000000 1.454994 -0.348515
 145.000000 1.416084 -0.418538
 146.000000 1.522667 -0.447835
 147.000000 1.522804 -0.395618
 148.000000 1.477997 -0.468707
 149.000000 1.551741 -0.447145
 150.000000 1.467195 -0.375754
 151.000000 1.498373 -0.409632
 152.000000 1.366844 -0.428980
 153.000000 1.499390 -0.408846
 154.000000 1.524894 -0.396909
 155.000000 1.427217 -0.416786
 156.000000 1.313583 -0.393157
 157.000000 1.477327 -0.424299
 158.000000 1.299674 -0.435615
 159.000000 1.444839 -0.471634
 160.000000 1.387538 -0.473408
 161.000000 1.364692 -0.466051
 162.000000 1.442407 -0.407167
 163.000000 1.520370 -0.426006
 164.000000 1.488119 -0.495719
 165.000000 1.435536 -0.511921
 166.000000 1.483792 -0.422662
 167.000000 1.499324 -0.440249
 168.000000 1.566347 -0.411664
 169.000000 1.368333 -0.343474
 170.000000 1.489933 -0.339305
 171.000000 1.454585 -0.394307
 172.000000 1.505134 -0.383826
 173.000000 1.502327 -0.383464
 174.000000 1.468003 -0.476153
 175.000000 1.402351 -0.478938
 176.000000 1.542483 -0.496560
 177.000000 1.410613 -0.482799
 178.000000 1.319228 -0.471392
 179.000000 1.416432 -0.393811
 180.000000 1.484306 -0.393218
 181.000000 1.482304 -0.361947
 182.000000 1.526510 -0.420984
 183.000000 1.528564 -0.399373
 184.000000 1.530619 -0.483540
 185.000000 1.471420 -0.395249
 186.000000 1.498158 -0.264189
 187.000000 1.468497 -0.354189
 188.000000 1.484176 -0.450289
 189.000000 1.415401 -0.382344
 190.000000 1.548063 -0.403228
 191.000000 1.415792 -0.438536
 192.000000 1.455255 -0.366297
 193.000000 1.522724 -0.369932
 194.000000 1.527814 -0.383607
 195.000000 1.544443 -0.335472
 196.000000 1.499817 -0.399049
 197.000000 1.544456 -0.444168
 198.000000 1.483368 -0.403835
 199.000000 1.271793 -0.465721
 200.000000 1.501391 -0.352209
 201.000000 1.385311 -0.420491
 202.000000 1.477803 -0.370910
 203.000000 1.436219 -0.371434
 204.000000 1.391465 -0.395971
 205.000000 1.441406 -0.421562
 206.000000 1.364072 -0.428861
 207.000000 1.524796 -0.388341
 208.000000 1.413189 -0.410750
 209.000000 1.438952 -0.470057
 210.000000 1.414566 -0.463926
 211.000000 1.479843 -0.486195
 212.000000 1.416310 -0.391670
 213.000000 1.431833 -0.313924
 214.000000 1.393935 -0.429145
 215.000000 1.460816 -0.341814
 216.000000 1.423711 -0.396007
 217.000000 1.514088 -0.429770
 218.000000 1.453132 -0.416985
 219.000000 1.463406 -0.402195
 220.000000 1.473458 -0.390505
 221.000000 1.465275 -0.380108
 222.000000 1.545494 -0.366629
 223.000000 1.537547 -0.305802
 224.000000 1.587518 -0.383385
 225.000000 1.425679 -0.372024
 226.000000 1.307586 -0.508331
 227.000000 1.404741 -0.359054
 228.000000 1.354870 -0.439099
 229.000000 1.432627 -0.381620
 230.000000 1.397098 -0.412586
 231.000000 1.406175 -0.405085
 232.000000 1.466777 -0.382091
 233.000000 1.470506 -0.460969
 234.000000 1.444330 -0.397029
 235.000000 1.432891 -0.300449
 236.000000 1.415741 -0.344254
 237.000000 1.532318 -0.472868
 238.000000 1.465807 -0.400457
 239.000000 1.370005 -0.448491
 240.000000 1.412289 -0.424507
 241.000000 1.402043 -0.499885
 242.000000 1.484174 -0.457022
 243.000000 1.510362 -0.420513
 244.000000 1.460241 -0.451663
 245.000000 1.331524 -0.441099
 246.000000 1.291546 -0.421824
 247.000000 1.488122 -0.421840
 248.000000 1.535359 -0.456309
 249.000000 1.514390 -0.391964
 250.000000 1.425496 -0.382944
 251.000000 1.475243 -0.355707
 252.000000 1.384963 -0.386302
 253.000000 1.356062 -0.320370
 254.000000 1.331131 -0.307954
 255.000000 1.290493 -0.373129
 256.000000 1.344084 -0.405497
 257.000000 1.496271 -0.485537
 258.000000 1.421717 -0.412560
 259.000000 1.388265 -0.451945
 260.000000 1.391583 -0.476340
 261.000000 1.444069 -0.517558
 262.000000 1.578365 -0.371993
 263.000000 1.440255 -0.301702
 264.000000 1.428306 -0.433181
 265.000000 1.434962 -0.417626
 266.000000 1.420353 -0.324865
 267.000000 1.383641 -0.294726
 268.000000 1.367169 -0.351763
 269.000000 1.446099 -0.420847
 270.000000 1.408684 -0.393196
 271.000000 1.421202 -0.383930
 272.000000 1.406023 -0.373566
 273.000000 1.446882 -0.362978
 274.000000 1.485104 -0.387828
 275.000000 1.470555 -0.288181
 276.000000 1.392734 -0.436804
 277.000000 1.475185 -0.344064
 278.000000 1.483357 -0.366035
 279.000000 1.459847 -0.404850
 280.000000 1.445016 -0.412332
 281.000000 1.366237 -0.399815
 282.000000 1.452234 -0.407305
 283.000000 1.349598 -0.532766
 284.000000 1.501232 -0.402984
 285.000000 1.309099 -0.390482
 286.000000 1.431431 -0.447537
 287.000000 1.322105 -0.481006
 288.000000 1.350153 -0.516051
 289.000000 1.281777 -0.442103
 290.000000 1.424340 -0.494055
 291.000000 1.455568 -0.524732
 292.000000 1.388166 -0.435814
 293.000000 1.412822 -0.388116
 294.000000 1.332404 -0.386327
 295.000000 1.411156 -0.393797
 296.000000 1.482623 -0.367906
 297.000000 1.447976 -0.380904
 298.000000 1.456620 -0.472290
 299.000000 1.388963 -0.385094
 300.000000 1.393408 -0.361183
 301.000000 1.492634 -0.404980
 302.000000 1.417841 -0.479520
 303.000000 1.409192 -0.456387
 304.000000 1.431967 -0.375903
 305.000000 1.309210 -0.521325
 306.000000 1.437717 -0.415230
 307.000000 1.389523 -0.468302
 308.000000 1.419445 -0.361910
 309.000000 1.432019 -0.476268
 310.000000 1.439810 -0.428439
 311.000000 1.445862 -0.438524
 312.000000 1.475770 -0.450375
 313.000000 1.439141 -0.339814
 314.000000 1.486625 -0.420731
 315.000000 1.454876 -0.454083
 316.000000 1.457202 -0.390132
 317.000000 1.517038 -0.438628
 318.000000 1.481938 -0.403252
 319.000000 1.432969 -0.451850
 320.000000 1.431292 -0.413080
 321.000000 1.468504 -0.327429
 322.000000 1.342937 -0.384312
 323.000000 1.524696 -0.456013
 324.000000 1.308115 -0.391629
 325.000000 1.458787 -0.407968
 326.000000 1.501024 -0.500756
 327.000000 1.416112 -0.412792
 328.000000 1.339659 -0.457687
 329.000000 1.437105 -0.417932
 330.000000 1.479526 -0.409776
 331.000000 1.536991 -0.389323
 332.000000 1.461237 -0.568083
 333.000000 1.476933 -0.390712
 334.000000 1.445312 -0.408361
 335.000000 1.533507 -0.315373
 336.000000 1.464305 -0.387410
 337.000000 1.454267 -0.444207
 338.000000 1.404781 -0.446046
 339.000000 1.498515 -0.491120
 340.000000 1.451180 -0.388079
 341.000000 1.386533 -0.392544
 342.000000 1.444448 -0.458711
 343.000000 1.462684 -0.438648
 344.000000 1.506414 -0.358769
 345.000000 1.561225 -0.354315
 346.000000 1.489824 -0.382913
 347.000000 1.452333 -0.364087
 348.000000 1.502003 -0.390372
 349.000000 1.452366 -0.401252
 350.000000 1.414965 -0.275695
 351.000000 1.527988 -0.345870
 352.000000 1.340834 -0.288045
 353.000000 1.456407 -0.300505
 354.000000 1.350876 -0.444690
 355.000000 1.519346 -0.318306
 356.000000 1.501925 -0.345195
 357.000000 1.423427 -0.391460
 358.000000 1.351733 -0.436967
 359.000000 1.430610 -0.461167
 360.000000 1.611065 -0.471079
 361.000000 1.460414 -0.396510
 362.000000 1.476459 -0.468665
 363.000000 1.499890 -0.485688
 364.000000 1.406216 -0.444352
 365.000000 1.447523 -0.427398
 366.000000 1.382283 -0.453072
 367.000000 1.636282 -0.495106
 368.000000 1.400444 -0.306480
 369.000000 1.419253 -0.386363
 370.000000 1.543970 -0.256051
 371.000000 1.402220 -0.349032
 372.000000 1.335398 -0.339574
 373.000000 1.427716 -0.384242
 374.000000 1.487787 -0.340482
 375.000000 1.599077 -0.456389
 376.000000 1.438532 -0.376465
 377.000000 1.480479 -0.385943
 378.000000 1.465856 -0.378245
 379.000000 1.360133 -0.459295
 380.000000 1.357254 -0.315420
 381.000000 1.558381 -0.433337
 382.000000 1.616064 -0.425744
 383.000000 1.566838 -0.392431
 384.000000 1.445316 -0.417333
 385.000000 1.450141 -0.395541
 386.000000 1.493524 -0.459864
 387.000000 1.220420 -0.417753
 388.000000 1.477012 -0.373454
 389.000000 1.553237 -0.487497
 390.000000 1.523172 -0.397203
 391.000000 1.406588 -0.476520
 392.000000 1.420145 -0.467135
 393.000000 1.351922 -0.411628
 394.000000 1.541818 -0.391100
 395.000000 1.458791 -0.405440
 396.000000 1.432435 -0.435856
 397.000000 1.381984 -0.421126
 398.000000 1.415307 -0.398740
 399.000000 1.514466 -0.408465
 400.000000 1.425015 -0.360976
 401.000000 1.344649 -0.459602
 402.000000 1.536821 -0.484240
 403.000000 1.438486 -0.462957
 404.000000 1.422325 -0.428743
 405.000000 1.388435 -0.436050
 406.000000 1.539561 -0.363636
 407.000000 1.415685 -0.481807
 408.000000 1.424126 -0.381311
 409.000000 1.441769 -0.410128
 410.000000 1.445717 -0.368718
 411.000000 1.480057 -0.485321
 412.000000 1.424904 -0.478710
 413.000000 1.389348 -0.445444
 414.000000 1.490604 -0.432696
 415.000000 1.385774 -0.363642
 416.000000 1.434861 -0.323997
 417.000000 1.446726 -0.385041
 418.000000 1.346636 -0.355226
 419.000000 1.410639 -0.311766
 420.000000 1.518454 -0.411236
 421.000000 1.477676 -0.313001
 422.000000 1.384524 -0.410384
 423.000000 1.483606 -0.382362
 424.000000 1.342575 -0.375296
 425.000000 1.291747 -0.425081
 426.000000 1.391057 -0.362508
 427.000000 1.606883 -0.442275
 428.000000 1.452371 -0.483191
 429.000000 1.379161 -0.529596
 430.000000 1.365299 -0.380578
 431.000000 1.437682 -0.365051
 432.000000 1.369070 -0.473065
 433.000000 1.360533 -0.579009
 434.000000 1.454577 -0.439868
 435.000000 1.340771 -0.406765
 436.000000 1.448826 -0.463486
 437.000000 1.311183 -0.497921
 438.000000 1.398631 -0.454722
 439.000000 1.424250 -0.548349
 440.000000 1.509632 -0.521090
 441.000000 1.367780 -0.419588
 442.000000 1.373176 -0.571204
 443.000000 1.322315 -0.475654
 444.000000 1.321411 -0.441716
 445.000000 1.467769 -0.415300
 446.000000 1.390762 -0.348308
 447.000000 1.342307 -0.427472
 448.000000 1.407819 -0.426447
 449.000000 1.370704 -0.460044
 450.000000 1.339735 -0.360549
 451.000000 1.457855 -0.496469
 452.000000 1.447624 -0.475518
 453.000000 1.331869 -0.453452
 454.000000 1.340409 -0.387774
 455.000000 1.417743 -0.445901
 456.000000 1.432524 -0.508417
 457.000000 1.430336 -0.433664
 458.000000 1.457020 -0.429107
 459.000000 1.352736 -0.418819
 460.000000 1.429633 -0.463783
 461.000000 1.458749 -0.495609
 462.000000 1.442215 -0.419111
 463.000000 1.421086 -0.417696
 464.000000 1.363842 -0.456332
 465.000000 1.439095 -0.471591
 466.000000 1.454034 -0.500729
 467.000000 1.316438 -0.436246
 468.000000 1.480082 -0.407044
 469.000000 1.427781 -0.448893
 470.000000 1.476452 -0.411465
 471.000000 1.493920 -0.415045
 472.000000 1.455059 -0.482844
 473.000000 1.442618 -0.417569
 474.000000 1.460202 -0.362105
 475.000000 1.398077 -0.427065
 476.000000 1.393350 -0.361656
 477.000000 1.310729 -0.351276
 478.000000 1.345352 -0.390477
 479.000000 1.429195 -0.437869
 480.000000 1.433071 -0.491295
 481.000000 1.427463 -0.457526
 482.000000 1.395614 -0.430496
 483.000000 1.412364 -0.405977
 484.000000 1.439198 -0.340511
 485.000000 1.332891 -0.451236
 486.000000 1.335639 -0.401902
 487.000000 1.486636 -0.410508
 488.000000 1.475593 -0.402796
 489.000000 1.421603 -0.412964
 490.000000 1.455665 -0.445585
 491.000000 1.336265 -0.309403
 492.000000 1.436890 -0.477182
 493.000000 1.411962 -0.432316
 494.000000 1.430535 -0.372985
 495.000000 1.374139 -0.397889
 496.000000 1.350315 -0.327848
 497.000000 1.450621 -0.332969
 498.000000 1.327643 -0.446535
 499.000000 1.364945 -0.433224
 500.000000 1.308309 -0.387177
 501.000000 1.319518 -0.317673
 502.000000 1.366699 -0.310899
 503.000000 1.256751 -0.382287
 504.000000 1.317289 -0.368142
 505.000000 1.401000 -0.346177
 506.000000 1.372209 -0.378331
 507.000000 1.323884 -0.370847
 508.000000 1.332288 -0.288754
 509.000000 1.391964 -0.196478
 510.000000 1.399515 -0.270781
 511.000000 1.315211 -0.330369
 512.000000 1.426314 -0.338939
 513.000000 1.538505 -0.378095
 514.000000 1.408853 -0.399843
 515.000000 1.351735 -0.281588
 516.000000 1.445902 -0.385963
 517.000000 1.438063 -0.358564
 518.000000 1.393440 -0.282875
 519.000000 1.452367 -0.358755
 520.000000 1.301442 -0.314610
 521.000000 1.333924 -0.330303
 522.000000 1.291205 -0.330678
 523.000000 1.429934 -0.429148
 524.000000 1.408346 -0.336948
 525.000000 1.371906 -0.346486
 526.000000 1.303631 -0.446908
 527.000000 1.399644 -0.406071
 528.000000 1.457752 -0.392238
 529.000000 1.321029 -0.355647
 530.000000 1.371772 -0.386357
 531.000000 1.404845 -0.470699
 532.000000 1.383745 -0.430646
 533.000000 1.408100 -0.321459
 534.000000 1.448179 -0.328403
 535.000000 1.436714 -0.472111
 536.000000 1.429308 -0.347210
 537.000000 1.426197 -0.392300
 538.000000 1.426932 -0.404116
 539.000000 1.310802 -0.375618
 540.000000 1.451918 -0.403554
 541.000000 1.375803 -0.345466
 542.000000 1.450970 -0.313066
 543.000000 1.427878 -0.340622
 544.000000 1.462650 -0.314413
 545.000000 1.403668 -0.351830
 546.000000 1.369084 -0.368190
 547.000000 1.434895 -0.333262
 548.000000 1.432477 -0.366255
 549.000000 1.489956 -0.385261
 550.000000 1.424856 -0.411210
 551.000000 1.395662 -0.335227
 552.000000 1.422583 -0.412189
 553.000000 1.328489 -0.439532
 554.000000 1.439182 -0.443724
 555.000000 1.383363 -0.292632
 556.000000 1.282445 -0.368899
 557.000000 1.349399 -0.326357
 558.000000 1.405868 -0.334177
 559.000000 1.315769 -0.302552
 560.000000 1.378679 -0.376358
 561.000000 1.436846 -0.285504
 562.000000 1.350072 -0.361166
 563.000000 1.394864 -0.425173
 564.000000 1.492152 -0.462304
 565.000000 1.457824 -0.327766
 566.000000 1.370230 -0.302122
 567.000000 1.421164 -0.285591
 568.000000 1.435532 -0.387600
 569.000000 1.470256 -0.364921
 570.000000 1.509928 -0.435104
 571.000000 1.401944 -0.307926
 572.000000 1.301953 -0.284852
 573.000000 1.405361 -0.460538
 574.000000 1.492938 -0.440494
 575.000000 1.494363 -0.526076
 576.000000 1.504536 -0.539419
 577.000000 1.424766 -0.486402
 578.000000 1.425779 -0.473375
 579.000000 1.432789 -0.369554
 580.000000 1.487148 -0.435667
 581.000000 1.343221 -0.419265
 582.000000 1.501570 -0.308631
 583.000000 1.309166 -0.483566
 584.000000 1.487373 -0.348795
 585.000000 1.488195 -0.421741
 586.000000 1.368955 -0.460682
 587.000000 1.379246 -0.378755
 588.000000 1.447907 -0.379375
 589.000000 1.401515 -0.453558
 590.000000 1.414322 -0.399156
 591.000000 1.437732 -0.396648
 592.000000 1.429689 -0.313605
 593.000000 1.353982 -0.466617
 594.000000 1.410748 -0.417292
 595.000000 1.499000 -0.337051
 596.000000 1.425670 -0.477790
 597.000000 1.505135 -0.462480
 598.000000 1.477336 -0.423960
 599.000000 1.462849 -0.438134
 600.000000 1.402270 -0.418012
 601.000000 1.503439 -0.433391
 602.000000 1.423782 -0.437532
 603.000000 1.473322 -0.434197
 604.000000 1.596291 -0.445576
 605.000000 1.638367 -0.413369
 606.000000 1.425745 -0.513867
 607.000000 1.463211 -0.413997
 608.000000 1.372082 -0.398275
 609.000000 1.484934 -0.418877
 610.000000 1.536264 -0.356699
 611.000000 1.556615 -0.397835
 612.000000 1.304935 -0.402738
 613.000000 1.338356 -0.447371
 614.000000 1.422775 -0.405413
 615.000000 1.585111 -0.424204
 616.000000 1.432125 -0.383265
 617.000000 1.569110 -0.307487
 618.000000 1.368286 -0.410465
 619.000000 1.367202 -0.492411
 620.000000 1.348010 -0.380844
 621.000000 1.342003 -0.421074
 622.000000 1.416665 -0.421255
 623.000000 1.443786 -0.398746
 624.000000 1.480017 -0.357771
 625.000000 1.330223 -0.368336
 626.000000 1.424443 -0.387151
 627.000000 1.407516 -0.374228
 628.000000 1.409682 -0.382261
 629.000000 1.368081 -0.359760
 630.000000 1.352469 -0.509993
 631.000000 1.468783 -0.461375
 632.000000 1.424133 -0.483489
 633.000000 1.329649 -0.403137
 634.000000 1.383558 -0.409786
 635.000000 1.404650 -0.399313
 636.000000 1.405025 -0.483526
 637.000000 1.387447 -0.441003
 638.000000 1.495366 -0.370593
 639.000000 1.472025 -0.348818
 640.000000 1.407303 -0.341662
 641.000000 1.450303 -0.330305
 642.000000 1.540385 -0.383498
 643.000000 1.535165 -0.344957
 644.000000 1.478144 -0.375969
 645.000000 1.569385 -0.418778
 646.000000 1.418750 -0.498208
 647.000000 1.559434 -0.373351
 648.000000 1.423362 -0.395734
 649.000000 1.522741 -0.418268
 650.000000 1.471519 -0.378211
 651.000000 1.446687 -0.466270
 652.000000 1.531297 -0.371046
 653.000000 1.431441 -0.442633
 654.000000 1.525479 -0.495257
 655.000000 1.471150 -0.407891
 656.000000 1.463659 -0.384649
 657.000000 1.493040 -0.398125
 658.000000 1.464057 -0.367838
 659.000000 1.604501 -0.400645
 660.000000 1.532108 -0.452132
 661.000000 1.509473 -0.458715
 662.000000 1.406019 -0.413649
 663.000000 1.450754 -0.469435
 664.000000 1.450980 -0.471483
 665.000000 1.560160 -0.533248
 666.000000 1.342060 -0.430448
 667.000000 1.410448 -0.487606
 668.000000 1.382756 -0.452996
 669.000000 1.386744 -0.522378
 670.000000 1.478646 -0.449620
 671.000000 1.525147 -0.456438
 672.000000 1.475157 -0.482830
 673.000000 1.451896 -0.408134
 674.000000 1.509179 -0.491368
 675.000000 1.542220 -0.385961
 676.000000 1.467752 -0.377361
 677.000000 1.504087 -0.464419
 678.000000 1.433349 -0.449867
 679.000000 1.533511 -0.479675
 680.000000 1.427371 -0.439883
 681.000000 1.481791 -0.373201
 682.000000 1.463848 -0.391317
 683.000000 1.500437 -0.479027
 684.000000 1.460056 -0.404819
 685.000000 1.396175 -0.430320
 686.000000 1.493408 -0.284154
 687.000000 1.443565 -0.425679
 688.000000 1.354249 -0.462491
 689.000000 1.474715 -0.339824
 690.000000 1.322010 -0.363401
 691.000000 1.431141 -0.451994
 692.000000 1.409851 -0.475838
 693.000000 1.389257 -0.436916
 694.000000 1.432629 -0.423887
 695.000000 1.284647 -0.549030
 696.000000 1.442842 -0.487021
 697.000000 1.465485 -0.408351
 698.000000 1.380892 -0.471363
 699.000000 1.385820 -0.525029
 700.000000 1.467742 -0.460255
 701.000000 1.534446 -0.484125
 702.000000 1.322827 -0.417636
 703.000000 1.446244 -0.478760
 704.000000 1.403211 -0.466727
 705.000000 1.443966 -0.462066
 706.000000 1.395316 -0.396118
 707.000000 1.447300 -0.384968
 708.000000 1.353780 -0.438117
 709.000000 1.310396 -0.448990
 710.000000 1.456308 -0.446488
 711.000000 1.365342 -0.391158
 712.000000 1.479159 -0.356276
 713.000000 1.527244 -0.464741
 714.000000 1.427961 -0.431446
 715.000000 1.516854 -0.456365
 716.000000 1.485680 -0.395300
 717.000000 1.507094 -0.429677
 718.000000 1.336336 -0.379469
 719.000000 1.551768 -0.441341
 720.000000 1.479606 -0.442026
 721.000000 1.426183 -0.497272
 722.000000 1.479816 -0.513066
 723.000000 1.444883 -0.417558
 724.000000 1.401760 -0.392447
 725.000000 1.357777 -0.367011
 726.000000 1.410228 -0.475313
 727.000000 1.430173 -0.455132
 728.000000 1.476692 -0.481548
 729.000000 1.422441 -0.474485
 730.000000 1.457014 -0.456548
 731.000000 1.346498 -0.423145
 732.000000 1.460051 -0.452107
 733.000000 1.345061 -0.431052
 734.000000 1.376289 -0.342520
 735.000000 1.361641 -0.474275
 736.000000 1.473945 -0.469817
 737.000000 1.399310 -0.457529
 738.000000 1.467377 -0.399847
 739.000000 1.370084 -0.405563
 740.000000 1.443939 -0.414616
 741.000000 1.472434 -0.394138
 742.000000 1.407025 -0.373785
 743.000000 1.412469 -0.396084
 744.000000 1.456061 -0.498885
 745.000000 1.400378 -0.403304
 746.000000 1.519475 -0.463754
 747.000000 1.312390 -0.470453
 748.000000 1.496430 -0.449294
 749.000000 1.475986 -0.466361
 750.000000 1.427062 -0.464767
 751.000000 1.321913 -0.452203
 752.000000 1.315201 -0.404110
 753.000000 1.439241 -0.415205
 754.000000 1.453520 -0.366369
 755.000000 1.386557 -0.453214
 756.000000 1.406726 -0.469979
 757.000000 1.435317 -0.475539
 758.000000 1.402561 -0.383707
 759.000000 1.417622 -0.360325
 760.000000 1.458530 -0.451729
 761.000000 1.407979 -0.471593
 762.000000 1.450737 -0.437013
 763.000000 1.398085 -0.405705
 764.000000 1.371832 -0.455811
 765.000000 1.502390 -0.465009
 766.000000 1.460953 -0.436466
 767.000000 1.506607 -0.467493
 768.000000 1.439787 -0.369273
 769.000000 1.442762 -0.426419
 770.000000 1.506048 -0.474333
 771.000000 1.408947 -0.372976
 772.000000 1.431216 -0.437584
 773.000000 1.398815 -0.411885
 774.000000 1.436855 -0.501198
 775.000000 1.399116 -0.440931
 776.000000 1.376862 -0.421826
 777.000000 1.340505 -0.430552
 778.000000 1.405554 -0.379013
 779.000000 1.442941 -0.442221
 780.000000 1.441156 -0.430542
 781.000000 1.433790 -0.420915
 782.000000 1.294092 -0.374081
 783.000000 1.483493 -0.390744
 784.000000 1.367976 -0.452441
 785.000000 1.426099 -0.401029
 786.000000 1.296931 -0.422577
 787.000000 1.361627 -0.402592
 788.000000 1.389362 -0.432423
 789.000000 1.400570 -0.411548
 790.000000 1.409248 -0.398647
 791.000000 1.387557 -0.345181
 792.000000 1.394563 -0.460233
 793.000000 1.388252 -0.382181
 794.000000 1.499354 -0.407014
 795.000000 1.464041 -0.383398
 796.000000 1.442229 -0.459681
 797.000000 1.487920 -0.450025
 798.000000 1.496555 -0.452661
 799.000000 1.463288 -0.405752
 800.000000 1.482256 -0.415387
 801.000000 1.452424 -0.442152
 802.000000 1.432565 -0.481899
 803.000000 1.443880 -0.408716
 804.000000 1.345125 -0.395997
 805.000000 1.317895 -0.381572
 806.000000 1.438963 -0.396826
 807.000000 1.486255 -0.371858
 808.000000 1.324419 -0.418253
 809.000000 1.396775 -0.365792
 810.000000 1.469992 -0.376227
 811.000000 1.502075 -0.383055
 812.000000 1.449571 -0.380569
 813.000000 1.441502 -0.403406
 814.000000 1.412952 -0.321659
 815.000000 1.492894 -0.343344
 816.000000 1.410302 -0.407540
 817.000000 1.457725 -0.368076
 818.000000 1.456035 -0.422415
 819.000000 1.477742 -0.484944
 820.000000 1.476063 -0.429150
 821.000000 1.511221 -0.369735
 822.000000 1.389129 -0.411337
 823.000000 1.374540 -0.429415
 824.000000 1.473992 -0.438438
 825.000000 1.394393 -0.415152
 826.000000 1.382635 -0.365441
 827.000000 1.494771 -0.474419
 828.000000 1.517562 -0.375332
 829.000000 1.351100 -0.381073
 830.000000 1.445680 -0.373927
 831.000000 1.426634 -0.414466
 832.000000 1.505764 -0.353722
 833.000000 1.340254 -0.462360
 834.000000 1.321515 -0.405102
 835.000000 1.318732 -0.417698
 836.000000 1.343031 -0.413836
 837.000000 1.345317 -0.430366
 838.000000 1.492265 -0.443199
 839.000000 1.378822 -0.409834
 840.000000 1.392228 -0.484722
 841.000000 1.398812 -0.465808
 842.000000 1.499923 -0.387688
 843.000000 1.428826 -0.517246
 844.000000 1.456351 -0.420347
 845.000000 1.476804 -0.448026
 846.000000 1.390500 -0.390759
 847.000000 1.352612 -0.523242
 848.000000 1.432894 -0.517846
 849.000000 1.425309 -0.430548
 850.000000 1.382507 -0.429891
 851.000000 1.428814 -0.511403
 852.000000 1.369685 -0.546507
 853.000000 1.383245 -0.544639
 854.000000 1.379053 -0.580796
 855.000000 1.452950 -0.569488
 856.000000 1.388515 -0.535258
 857.000000 1.435849 -0.495394
 858.000000 1.461939 -0.547881
 859.000000 1.549725 -0.521273
 860.000000 1.453498 -0.476022
 861.000000 1.431529 -0.441178
 862.000000 1.390681 -0.409970
 863.000000 1.422476 -0.426023
 864.000000 1.613155 -0.444241
 865.000000 1.439908 -0.439885
 866.000000 1.477321 -0.430759
 867.000000 1.394881 -0.473625
 868.000000 1.548975 -0.453523
 869.000000 1.520992 -0.410156
 870.000000 1.513156 -0.414834
 871.000000 1.403348 -0.495818
 872.000000 1.513278 -0.498800
 873.000000 1.471294 -0.420543
 874.000000 1.518880 -0.371026
 875.000000 1.467790 -0.430156
 876.000000 1.386502 -0.415769
 877.000000 1.390733 -0.471339
 878.000000 1.515866 -0.438911
 879.000000 1.535777 -0.454837
 880.000000 1.297824 -0.417423
 881.000000 1.383285 -0.409958
 882.000000 1.327858 -0.471308
 883.000000 1.445253 -0.440364
 884.000000 1.456612 -0.437437
 885.000000 1.394380 -0.431148
 886.000000 1.427647 -0.478622
 887.000000 1.344663 -0.391269
 888.000000 1.478510 -0.511606
 889.000000 1.467329 -0.401015
 890.000000 1.462437 -0.406655
 891.000000 1.485496 -0.403531
 892.000000 1.300365 -0.473916
 893.000000 1.496275 -0.492533
 894.000000 1.380388 -0.564323
 895.000000 1.413228 -0.526276
 896.000000 1.466016 -0.438444
 897.000000 1.531749 -0.391679
 898.000000 1.305283 -0.401333
 899.000000 1.329617 -0.398286
 900.000000 1.438307 -0.378951
 901.000000 1.396355 -0.405721
 902.000000 1.405469 -0.460801
 903.000000 1.529024 -0.440591
 904.000000 1.324756 -0.435548
 905.000000 1.289362 -0.421496
 906.000000 1.380089 -0.498977
 907.000000 1.504192 -0.455476
 908.000000 1.417263 -0.475377
 909.000000 1.389969 -0.409419
 910.000000 1.376478 -0.462751
 911.000000 1.364606 -0.428055
 912.000000 1.375573 -0.460452
 913.000000 1.315028 -0.466088
 914.000000 1.488069 -0.411119
 915.000000 1.332540 -0.494823
 916.000000 1.348819 -0.437773
 917.000000 1.574212 -0.486423
 918.000000 1.507154 -0.470079
 919.000000 1.402936 -0.383763
 920.000000 1.433125 -0.391765
 921.000000 1.409538 -0.385992
 922.000000 1.357757 -0.379401
 923.000000 1.472248 -0.413046
 924.000000 1.419629 -0.428499
 925.000000 1.459484 -0.416652
 926.000000 1.439070 -0.408103
 927.000000 1.450856 -0.503251
 928.000000 1.479486 -0.448399
 929.000000 1.479506 -0.450593
 930.000000 1.475801 -0.436474
 931.000000 1.520074 -0.374562
 932.000000 1.407127 -0.454322
 933.000000 1.445828 -0.463493
 934.000000 1.499192 -0.410116
 935.000000 1.508704 -0.376700
 936.000000 1.420613 -0.331888
 937.000000 1.474840 -0.448932
 938.000000 1.436251 -0.407317
 939.000000 1.370709 -0.465078
 940.000000 1.394072 -0.552790
 941.000000 1.442858 -0.467772
 942.000000 1.454342 -0.504998
 943.000000 1.464369 -0.514855
 944.000000 1.403932 -0.511737
 945.000000 1.387182 -0.486803
 946.000000 1.483757 -0.452610
 947.000000 1.412148 -0.480255
 948.000000 1.523242 -0.437147
 949.000000 1.464434 -0.421589
 950.000000 1.481052 -0.447985
 951.000000 1.364485 -0.404781
 952.000000 1.462989 -0.480145
 953.000000 1.564292 -0.405594
 954.000000 1.479043 -0.480970
 955.000000 1.536483 -0.478624
 956.000000 1.441374 -0.475246
 957.000000 1.506376 -0.431111
 958.000000 1.481543 -0.318724
 959.000000 1.480901 -0.412917
 960.000000 1.416910 -0.417143
 961.000000 1.440794 -0.438536
 962.000000 1.561960 -0.439229
 963.000000 1.457428 -0.472077
 964.000000 1.447464 -0.452618
 965.000000 1.417931 -0.429556
 966.000000 1.435521 -0.411335
 967.000000 1.430257 -0.482629
 968.000000 1.525512 -0.474514
 969.000000 1.484515 -0.498961
 970.000000 1.524645 -0.454124
 971.000000 1.461392 -0.395202
 972.000000 1.503175 -0.395181
 973.000000 1.487895 -0.453926
 974.000000 1.472935 -0.373821
 975.000000 1.499612 -0.373657
 976.000000 1.522130 -0.389401
 977.000000 1.444719 -0.325323
 978.000000 1.527585 -0.378848
 979.000000 1.418845 -0.403829
 980.000000 1.363297 -0.400631
 981.000000 1.358332 -0.432315
 982.000000 1.477294 -0.448742
 983.000000 1.463404 -0.364319
 984.000000 1.341413 -0.399094
 985.000000 1.380489 -0.447192
 986.000000 1.393005 -0.420017
 987.000000 1.419993 -0.466729
 988.000000 1.500077 -0.441338
 989.000000 1.371012 -0.314683
 990.000000 1.471743 -0.413101
 991.000000 1.434583 -0.472707
 992.000000 1.473231 -0.395436
 993.000000 1.528338 -0.398417
 994.000000 1.426981 -0.495353
 995.000000 1.309781 -0.515215
 996.000000 1.430898 -0.480503
 997.000000 1.427648 -0.411968
 998.000000 1.434627 -0.400523
 999.000000 1.404724 -0.451435
 1000.000000 1.430108 -0.477315
 1001.000000 1.391591 -0.405211
 1002.000000 1.368553 -0.386002
 1003.000000 1.383571 -0.378370
 1004.000000 1.580605 -0.413100
 1005.000000 1.512125 -0.511213
 1006.000000 1.495625 -0.442578
 1007.000000 1.396190 -0.418127
 1008.000000 1.397351 -0.426383
 1009.000000 1.418605 -0.417838
 1010.000000 1.494240 -0.445506
 1011.000000 1.598724 -0.528061
 1012.000000 1.385354 -0.460866
 1013.000000 1.429921 -0.440540
 1014.000000 1.521149 -0.576210
 1015.000000 1.527843 -0.461630
 1016.000000 1.407336 -0.451787
 1017.000000 1.414543 -0.418621
 1018.000000 1.433802 -0.408743
 1019.000000 1.402296 -0.467471
 1020.000000 1.455398 -0.373294
 1021.000000 1.416567 -0.372358
 1022.000000 1.399181 -0.387023
 1023.000000 1.456297 -0.480582
 1024.000000 1.425919 -0.469444
 1025.000000 1.394534 -0.405519
 1026.000000 1.436693 -0.496037
 1027.000000 1.445299 -0.502769
 1028.000000 1.413355 -0.417107
 1029.000000 1.356180 -0.478475
 1030.000000 1.379769 -0.413797
 1031.000000 1.412857 -0.420139
 1032.000000 1.397967 -0.376574
 1033.000000 1.472457 -0.428570
 1034.000000 1.482058 -0.476475
 1035.000000 1.363108 -0.424416
 1036.000000 1.399566 -0.380666
 1037.000000 1.426620 -0.422855
 1038.000000 1.350217 -0.460640
 1039.000000 1.424270 -0.384430
 1040.000000 1.514686 -0.499700
 1041.000000 1.441746 -0.361661
 1042.000000 1.457801 -0.360030
 1043.000000 1.410698 -0.428333
 1044.000000 1.452898 -0.405601
 1045.000000 1.431808 -0.382247
 1046.000000 1.321446 -0.505191
 1047.000000 1.501428 -0.386077
 1048.000000 1.475931 -0.481527
 1049.000000 1.426277 -0.417487
 1050.000000 1.407646 -0.428262
 1051.000000 1.396100 -0.436719
 1052.000000 1.399648 -0.441217
 1053.000000 1.340576 -0.440506
 1054.000000 1.363912 -0.487908
 1055.000000 1.433293 -0.374861
 1056.000000 1.531815 -0.427787
 1057.000000 1.374870 -0.421227
 1058.000000 1.491425 -0.374810
 1059.000000 1.392420 -0.382576
 1060.000000 1.375001 -0.462151
 1061.000000 1.296382 -0.408572
 1062.000000 1.365404 -0.425272
 1063.000000 1.518232 -0.448306
 1064.000000 1.443996 -0.451690
 1065.000000 1.468229 -0.414324
 1066.000000 1.402859 -0.495641
 1067.000000 1.497751 -0.365154
 1068.000000 1.335651 -0.413637
 1069.000000 1.409920 -0.320502
 1070.000000 1.467380 -0.415283
 1071.000000 1.461703 -0.475322
 1072.000000 1.369538 -0.475561
 1073.000000 1.452690 -0.394442
 1074.000000 1.422454 -0.481928
 1075.000000 1.361465 -0.541463
 1076.000000 1.388233 -0.347230
 1077.000000 1.512487 -0.450419
 1078.000000 1.332959 -0.437322
 1079.000000 1.436798 -0.484166
 1080.000000 1.409170 -0.465032
 1081.000000 1.464365 -0.415334
 1082.000000 1.414444 -0.326684
 1083.000000 1.281962 -0.425981
 1084.000000 1.423140 -0.383229
 1085.000000 1.485445 -0.393549
 1086.000000 1.428662 -0.497603
 1087.000000 1.414905 -0.356375
 1088.000000 1.393175 -0.487780
 1089.000000 1.382614 -0.448139
 1090.000000 1.415994 -0.396708
 1091.000000 1.427976 -0.451411
 1092.000000 1.404902 -0.423885
 1093.000000 1.355216 -0.382782
 1094.000000 1.365760 -0.442052
 1095.000000 1.397190 -0.417982
 1096.000000 1.418908 -0.379512
 1097.000000 1.400545 -0.392166
 1098.000000 1.356181 -0.433452
 1099.000000 1.483465 -0.412829
 1100.000000 1.364820 -0.408374
 1101.000000 1.412448 -0.506015
 1102.000000 1.418119 -0.423297
 1103.000000 1.399813 -0.423111
 1104.000000 1.372542 -0.457935
 1105.000000 1.413093 -0.453247
 1106.000000 1.551270 -0.471427
 1107.000000 1.363506 -0.464774
 1108.000000 1.327264 -0.465026
 1109.000000 1.455844 -0.516961
 1110.000000 1.401713 -0.507333
 1111.000000 1.415870 -0.426612
 1112.000000 1.443225 -0.434494
 1113.000000 1.421588 -0.422840
 1114.000000 1.374075 -0.509780
 1115.000000 1.388159 -0.407179
 1116.000000 1.409519 -0.461629
 1117.000000 1.383924 -0.377953
 1118.000000 1.405203 -0.297447
 1119.000000 1.352680 -0.324210
 1120.000000 1.384134 -0.277580
 1121.000000 1.359512 -0.359505
 1122.000000 1.449140 -0.268935
 1123.000000 1.263402 -0.370696
 1124.000000 1.352810 -0.311299
 1125.000000 1.510862 -0.425776
 1126.000000 1.476865 -0.349688
 1127.000000 1.500053 -0.284825
 1128.000000 1.410178 -0.322250
 1129.000000 1.375408 -0.419752
 1130.000000 1.379278 -0.402644
 1131.000000 1.480294 -0.318335
 1132.000000 1.490024 -0.309073
 1133.000000 1.465598 -0.291244
 1134.000000 1.471953 -0.349678
 1135.000000 1.482888 -0.333842
 1136.000000 1.423232 -0.311827
 1137.000000 1.518362 -0.244180
 1138.000000 1.408037 -0.249913
 1139.000000 1.303197 -0.323602
 1140.000000 1.390414 -0.237620
 1141.000000 1.356050 -0.284035
 1142.000000 1.279270 -0.357757
 1143.000000 1.403848 -0.337517
 1144.000000 1.461235 -0.318374
 1145.000000 1.380767 -0.366099
 1146.000000 1.441820 -0.309113
 1147.000000 1.438862 -0.311040
 1148.000000 1.515190 -0.295844
 1149.000000 1.517031 -0.357211
 1150.000000 1.428363 -0.437153
 1151.000000 1.433949 -0.338471
 1152.000000 1.509145 -0.299967
 1153.000000 1.353007 -0.349400
 1154.000000 1.339548 -0.331614
 1155.000000 1.420357 -0.341176
 1156.000000 1.482334 -0.427276
 1157.000000 1.419322 -0.425704
 1158.000000 1.405692 -0.359344
 1159.000000 1.477262 -0.387888
 1160.000000 1.544461 -0.408925
 1161.000000 1.304762 -0.339062
 1162.000000 1.408636 -0.491096
 1163.000000 1.431155 -0.403301
 1164.000000 1.504647 -0.409623
 1165.000000 1.423174 -0.439993
 1166.000000 1.325665 -0.432879
 1167.000000 1.311080 -0.333564
 1168.000000 1.313434 -0.399389
 1169.000000 1.389749 -0.489124
 1170.000000 1.465726 -0.418992
 1171.000000 1.383543 -0.356601
 1172.000000 1.407458 -0.395182
 1173.000000 1.321558 -0.434639
 1174.000000 1.368400 -0.406033
 1175.000000 1.340233 -0.342417
 1176.000000 1.349418 -0.404816
 1177.000000 1.375764 -0.380202
 1178.000000 1.307988 -0.371107
 1179.000000 1.354428 -0.286148
 1180.000000 1.386200 -0.421062
 1181.000000 1.326921 -0.440493
 1182.000000 1.362938 -0.396769
 1183.000000 1.323204 -0.327802
 1184.000000 1.421941 -0.467534
 1185.000000 1.407319 -0.455681
 1186.000000 1.326727 -0.395463
 1187.000000 1.312383 -0.385750
 1188.000000 1.331057 -0.501642
 1189.000000 1.411717 -0.435705
 1190.000000 1.348299 -0.438200
 1191.000000 1.345129 -0.411996
 1192.000000 1.404718 -0.429952
 1193.000000 1.402483 -0.489958
 1194.000000 1.387354 -0.374868
 1195.000000 1.303736 -0.407069
 1196.000000 1.459900 -0.424682
 1197.000000 1.370277 -0.474211
 1198.000000 1.429057 -0.427896
 1199.000000 1.445440 -0.352752
 1200.000000 1.357393 -0.351098
 1201.000000 1.360115 -0.347634
 1202.000000 1.446553 -0.455417
 1203.000000 1.503384 -0.458969
 1204.000000 1.456110 -0.411219
 1205.000000 1.409070 -0.424056
 1206.000000 1.438820 -0.454737
 1207.000000 1.343966 -0.383461
 1208.000000 1.409596 -0.431643
 1209.000000 1.405749 -0.397849
 1210.000000 1.432789 -0.386793
 1211.000000 1.277671 -0.387961
 1212.000000 1.400958 -0.388610
 1213.000000 1.293520 -0.378317
 1214.000000 1.400789 -0.474168
 1215.000000 1.408847 -0.438310
 1216.000000 1.414490 -0.448269
 1217.000000 1.486220 -0.433040
 1218.000000 1.398057 -0.431454
 1219.000000 1.330454 -0.426711
 1220.000000 1.500782 -0.373793
 1221.000000 1.491193 -0.391631
 1222.000000 1.488464 -0.471459
 1223.000000 1.326395 -0.528106
 1224.000000 1.335135 -0.460016
 1225.000000 1.395372 -0.420169
 1226.000000 1.344670 -0.408852
 1227.000000 1.338689 -0.393832
 1228.000000 1.344519 -0.425659
 1229.000000 1.540758 -0.495147
 1230.000000 1.428326 -0.404286
 1231.000000 1.510323 -0.415075
 1232.000000 1.514621 -0.423125
 1233.000000 1.392205 -0.365736
 1234.000000 1.547521 -0.360406
 1235.000000 1.437519 -0.357931
 1236.000000 1.444567 -0.394301
 1237.000000 1.405061 -0.359654
 1238.000000 1.363624 -0.353162
 1239.000000 1.343683 -0.416420
 1240.000000 1.426653 -0.483237
 1241.000000 1.460888 -0.386417
 1242.000000 1.372866 -0.452106
 1243.000000 1.350269 -0.361261
 1244.000000 1.389418 -0.282930
 1245.000000 1.346646 -0.317184
 1246.000000 1.337905 -0.414159
 1247.000000 1.307822 -0.367908
 1248.000000 1.383106 -0.351791
 1249.000000 1.413421 -0.365864
 1250.000000 1.452428 -0.320975
 1251.000000 1.484610 -0.411070
 1252.000000 1.493889 -0.373933
 1253.000000 1.401523 -0.383968
 1254.000000 1.641179 -0.387662
 1255.000000 1.447480 -0.440174
 1256.000000 1.348460 -0.373962
 1257.000000 1.491101 -0.375424
 1258.000000 1.533941 -0.369632
 1259.000000 1.471865 -0.337706
 1260.000000 1.438245 -0.376598
 1261.000000 1.438084 -0.302781
 1262.000000 1.325476 -0.349498
 1263.000000 1.385872 -0.334357
 1264.000000 1.521027 -0.294651
 1265.000000 1.461486 -0.388675
 1266.000000 1.414540 -0.300200
 1267.000000 1.514041 -0.324218
 1268.000000 1.571453 -0.407198
 1269.000000 1.425953 -0.451453
 1270.000000 1.488151 -0.297601
 1271.000000 1.379052 -0.320085
 1272.000000 1.404715 -0.272756
 1273.000000 1.406909 -0.314310
 1274.000000 1.427469 -0.318383
 1275.000000 1.371038 -0.386535
 1276.000000 1.438594 -0.333764
 1277.000000 1.499655 -0.334946
 1278.000000 1.450565 -0.347462
 1279.000000 1.397086 -0.351941
 1280.000000 1.494775 -0.376033
 1281.000000 1.447193 -0.362473
 1282.000000 1.495377 -0.355183
 1283.000000 1.433013 -0.304512
 1284.000000 1.365372 -0.349751
 1285.000000 1.345171 -0.255187
 1286.000000 1.509065 -0.367592
 1287.000000 1.506183 -0.239768
 1288.000000 1.357930 -0.344746
 1289.000000 1.399292 -0.350933
 1290.000000 1.434201 -0.310040
 1291.000000 1.420033 -0.304936
 1292.000000 1.356458 -0.363812
 1293.000000 1.458778 -0.374532
 1294.000000 1.423492 -0.414186
 1295.000000 1.461681 -0.331602
 1296.000000 1.507552 -0.306651
 1297.000000 1.442003 -0.341396
 1298.000000 1.343586 -0.282695
 1299.000000 1.370037 -0.424996
 1300.000000 1.409507 -0.366723
 1301.000000 1.444049 -0.359309
 1302.000000 1.358074 -0.382310
 1303.000000 1.538080 -0.333086
 1304.000000 1.522904 -0.391478
 1305.000000 1.401822 -0.379314
 1306.000000 1.373573 -0.337605
 1307.000000 1.394754 -0.373990
 1308.000000 1.538374 -0.425982
 1309.000000 1.303291 -0.436381
 1310.000000 1.494947 -0.392092
 1311.000000 1.572713 -0.426031
 1312.000000 1.485205 -0.422086
 1313.000000 1.510212 -0.432230
 1314.000000 1.380781 -0.385102
 1315.000000 1.459957 -0.370275
 1316.000000 1.419733 -0.410768
 1317.000000 1.421799 -0.363470
 1318.000000 1.462369 -0.410145
 1319.000000 1.357606 -0.335589
 1320.000000 1.402173 -0.295249
 1321.000000 1.378683 -0.308185
 1322.000000 1.428426 -0.320132
 1323.000000 1.395327 -0.357321
 1324.000000 1.355220 -0.426306
 1325.000000 1.373625 -0.327474
 1326.000000 1.408906 -0.261109
 1327.000000 1.473951 -0.371249
 1328.000000 1.327211 -0.325087
 1329.000000 1.401212 -0.458266
 1330.000000 1.529979 -0.364688
 1331.000000 1.314643 -0.412829
 1332.000000 1.402284 -0.415249
 1333.000000 1.493115 -0.356053
 1334.000000 1.441846 -0.361479
 1335.000000 1.422767 -0.492603
 1336.000000 1.520727 -0.360998
 1337.000000 1.456994 -0.374312
 1338.000000 1.440279 -0.434480
 1339.000000 1.548890 -0.355645
 1340.000000 1.428835 -0.433307
 1341.000000 1.484641 -0.445846
 1342.000000 1.342235 -0.459815
 1343.000000 1.417255 -0.360454
 1344.000000 1.407818 -0.469781
 1345.000000 1.390546 -0.260749
 1346.000000 1.374384 -0.415898
 1347.000000 1.352465 -0.458429
 1348.000000 1.460952 -0.498191
 1349.000000 1.306938 -0.402100
 1350.000000 1.516000 -0.419370
 1351.000000 1.501888 -0.430745
 1352.000000 1.363469 -0.442132
 1353.000000 1.419115 -0.404558
 1354.000000 1.420701 -0.454204
 1355.000000 1.354904 -0.498228
 1356.000000 1.316576 -0.417324
 1357.000000 1.371593 -0.436103
 1358.000000 1.451807 -0.447649
 1359.000000 1.381660 -0.517639
 1360.000000 1.307170 -0.486309
 1361.000000 1.363928 -0.438871
 1362.000000 1.332453 -0.432460
 1363.000000 1.294931 -0.397202
 1364.000000 1.453103 -0.457382
 1365.000000 1.360785 -0.425908
 1366.000000 1.341198 -0.366661
 1367.000000 1.440595 -0.424605
 1368.000000 1.325110 -0.487338
 1369.000000 1.350079 -0.451835
 1370.000000 1.381105 -0.390425
 1371.000000 1.432997 -0.357352
 1372.000000 1.294598 -0.397991
 1373.000000 1.361096 -0.451937
 1374.000000 1.368608 -0.445948
 1375.000000 1.478481 -0.455525
 1376.000000 1.401682 -0.476387
 1377.000000 1.387535 -0.445245
 1378.000000 1.393737 -0.463662
 1379.000000 1.402678 -0.481777
 1380.000000 1.430358 -0.438804
 1381.000000 1.309529 -0.432724
 1382.000000 1.243769 -0.366494
 1383.000000 1.399727 -0.440008
 1384.000000 1.462202 -0.458138
 1385.000000 1.401518 -0.396796
 1386.000000 1.382279 -0.400675
 1387.000000 1.465753 -0.386901
 1388.000000 1.342301 -0.476951
 1389.000000 1.288035 -0.461364
 1390.000000 1.401813 -0.441574
 1391.000000 1.412546 -0.435505
 1392.000000 1.438869 -0.421342
 1393.000000 1.301073 -0.493276
 1394.000000 1.372675 -0.538771
 1395.000000 1.362132 -0.403257
 1396.000000 1.424200 -0.443321
 1397.000000 1.352204 -0.446636
 1398.000000 1.318656 -0.423814
 1399.000000 1.448322 -0.414333
 1400.000000 1.299025 -0.365161
 1401.000000 1.359646 -0.429423
 1402.000000 1.440267 -0.445232
 1403.000000 1.325106 -0.408404
 1404.000000 1.325939 -0.452747
 1405.000000 1.439703 -0.415588
 1406.000000 1.493032 -0.461750
 1407.000000 1.343124 -0.434999
 1408.000000 1.422434 -0.475022
 1409.000000 1.368882 -0.578710
 1410.000000 1.306956 -0.419084
 1411.000000 1.360758 -0.449629
 1412.000000 1.370282 -0.479438
 1413.000000 1.412084 -0.507201
 1414.000000 1.398852 -0.466950
 1415.000000 1.388839 -0.425298
 1416.000000 1.347456 -0.449800
 1417.000000 1.302731 -0.415502
 1418.000000 1.358270 -0.451240
 1419.000000 1.345815 -0.359867
 1420.000000 1.409063 -0.402121
 1421.000000 1.308730 -0.444619
 1422.000000 1.347521 -0.354928
 1423.000000 1.373208 -0.352950
 1424.000000 1.377040 -0.374119
 1425.000000 1.339885 -0.393826
 1426.000000 1.247390 -0.381634
 1427.000000 1.443857 -0.402915
 1428.000000 1.268043 -0.359102
 1429.000000 1.315820 -0.349533
 1430.000000 1.317843 -0.326916
 1431.000000 1.296654 -0.331912
 1432.000000 1.404383 -0.408339
 1433.000000 1.304460 -0.308658
 1434.000000 1.400040 -0.415255
 1435.000000 1.386542 -0.396020
 1436.000000 1.292085 -0.464315
 1437.000000 1.237765 -0.523691
 1438.000000 1.374098 -0.371556
 1439.000000 1.408064 -0.407491
 1440.000000 1.444853 -0.457131
 1441.000000 1.359435 -0.382269
 1442.000000 1.478060 -0.514562
 1443.000000 1.287291 -0.495218
 1444.000000 1.403624 -0.411913
 1445.000000 1.436992 -0.402360
 1446.000000 1.347050 -0.486188
 1447.000000 1.273180 -0.392195
 1448.000000 1.346228 -0.387612
 1449.000000 1.305268 -0.477341
 1450.000000 1.259340 -0.513010
 1451.000000 1.281903 -0.514392
 1452.000000 1.473036 -0.512396
 1453.000000 1.386000 -0.467439
 1454.000000 1.295580 -0.422497
 1455.000000 1.488181 -0.460958
 1456.000000 1.319657 -0.432551
 1457.000000 1.382822 -0.468634
 1458.000000 1.324821 -0.405611
 1459.000000 1.356104 -0.414498
 1460.000000 1.358918 -0.407592
 1461.000000 1.278253 -0.434371
 1462.000000 1.330850 -0.340182
 1463.000000 1.319433 -0.415169
 1464.000000 1.403959 -0.450388
 1465.000000 1.271016 -0.383535
 1466.000000 1.344666 -0.441300
 1467.000000 1.377883 -0.401680
 1468.000000 1.259177 -0.419200
 1469.000000 1.363747 -0.401392
 1470.000000 1.363838 -0.471049
 1471.000000 1.360068 -0.407225
 1472.000000 1.304168 -0.508258
 1473.000000 1.276159 -0.481170
 1474.000000 1.353110 -0.435649
 1475.000000 1.382192 -0.453802
 1476.000000 1.257213 -0.536765
 1477.000000 1.309062 -0.461549
 1478.000000 1.356371 -0.473575
 1479.000000 1.343793 -0.365624
 1480.000000 1.258779 -0.440885
 1481.000000 1.348547 -0.517407
 1482.000000 1.222938 -0.519252
 1483.000000 1.230558 -0.457390
 1484.000000 1.296304 -0.482134
 1485.000000 1.374413 -0.454805
 1486.000000 1.388211 -0.442031
 1487.000000 1.299524 -0.525245
 1488.000000 1.360529 -0.425116
 1489.000000 1.410381 -0.458565
 1490.000000 1.434468 -0.473689
 1491.000000 1.316859 -0.347011
 1492.000000 1.402282 -0.352138
 1493.000000 1.353985 -0.437688
 1494.000000 1.346276 -0.400458
 1495.000000 1.258538 -0.415106
 1496.000000 1.223990 -0.480901
 1497.000000 1.399309 -0.442748
 1498.000000 1.361900 -0.432225
 1499.000000 1.425768 -0.436086
 1500.000000 1.400847 -0.412486
 1501.000000 1.382079 -0.429266
 1502.000000 1.356832 -0.446480
 1503.000000 1.413672 -0.438920
 1504.000000 1.446263 -0.373913
 1505.000000 1.351828 -0.462351
 1506.000000 1.296788 -0.410041
 1507.000000 1.492534 -0.440006
 1508.000000 1.366781 -0.522692
 1509.000000 1.356514 -0.447548
 1510.000000 1.389196 -0.413902
 1511.000000 1.349328 -0.426030
 1512.000000 1.286676 -0.425794
 1513.000000 1.309036 -0.449090
 1514.000000 1.432577 -0.428509
 1515.000000 1.417823 -0.519169
 1516.000000 1.365863 -0.457446
 1517.000000 1.422350 -0.464080
 1518.000000 1.398199 -0.438902
 1519.000000 1.434023 -0.554709
 1520.000000 1.479997 -0.562657
 1521.000000 1.335630 -0.453772
 1522.000000 1.462454 -0.437795
 1523.000000 1.357202 -0.424356
 1524.000000 1.408383 -0.480152
 1525.000000 1.312806 -0.414615
 1526.000000 1.384549 -0.475432
 1527.000000 1.290887 -0.458046
 1528.000000 1.424591 -0.579306
 1529.000000 1.404677 -0.472856
 1530.000000 1.375225 -0.375682
 1531.000000 1.343786 -0.382959
 1532.000000 1.294609 -0.409969
 1533.000000 1.410589 -0.355099
 1534.000000 1.410731 -0.517952
 1535.000000 1.366929 -0.454599
 1536.000000 1.469411 -0.491941
 1537.000000 1.322473 -0.454606
 1538.000000 1.328971 -0.436451
 1539.000000 1.353302 -0.417555
 1540.000000 1.381462 -0.470547
 1541.000000 1.387450 -0.444360
 1542.000000 1.439929 -0.404324
 1543.000000 1.484668 -0.430659
 1544.000000 1.391552 -0.524733
 1545.000000 1.393602 -0.483953
 1546.000000 1.444830 -0.479188
 1547.000000 1.388261 -0.419579
 1548.000000 1.379599 -0.417000
 1549.000000 1.388378 -0.401323
 1550.000000 1.377847 -0.420374
 1551.000000 1.343318 -0.484882
 1552.000000 1.235423 -0.456327
 1553.000000 1.320297 -0.511992
 1554.000000 1.442584 -0.483967
 1555.000000 1.376713 -0.508801
 1556.000000 1.436761 -0.522231
 1557.000000 1.350755 -0.466620
 1558.000000 1.340119 -0.493730
 1559.000000 1.373138 -0.443880
 1560.000000 1.359572 -0.378727
 1561.000000 1.340817 -0.488969
 1562.000000 1.393819 -0.446090
 1563.000000 1.337321 -0.558984
 1564.000000 1.401841 -0.513781
 1565.000000 1.421796 -0.353328
 1566.000000 1.319791 -0.471649
 1567.000000 1.436326 -0.470145
 1568.000000 1.349875 -0.456575
 1569.000000 1.368060 -0.419386
 1570.000000 1.493106 -0.519610
 1571.000000 1.372613 -0.440522
 1572.000000 1.346970 -0.468036
 1573.000000 1.488304 -0.506734
 1574.000000 1.448526 -0.471204
 1575.000000 1.371694 -0.466199
 1576.000000 1.344258 -0.459105
 1577.000000 1.375341 -0.435877
 1578.000000 1.342914 -0.418088
 1579.000000 1.349434 -0.441670
 1580.000000 1.327644 -0.374256
 1581.000000 1.471232 -0.457232
 1582.000000 1.333983 -0.377684
 1583.000000 1.300389 -0.419095
 1584.000000 1.302387 -0.469620
 1585.000000 1.331498 -0.461813
 1586.000000 1.387755 -0.463410
 1587.000000 1.345154 -0.505899
 1588.000000 1.343686 -0.435815
 1589.000000 1.339809 -0.418120
 1590.000000 1.313949 -0.503818
 1591.000000 1.337504 -0.456154
 1592.000000 1.344106 -0.473200
 1593.000000 1.401639 -0.497862
 1594.000000 1.455443 -0.442804
 1595.000000 1.456182 -0.480893
 1596.000000 1.340973 -0.462147
 1597.000000 1.284999 -0.421558
 1598.000000 1.316505 -0.496162
 1599.000000 1.267782 -0.476606
 1600.000000 1.400172 -0.507030
 1601.000000 1.371522 -0.452018
 1602.000000 1.297376 -0.443238
 1603.000000 1.360446 -0.475225
 1604.000000 1.358334 -0.404296
 1605.000000 1.435541 -0.431001
 1606.000000 1.308586 -0.519990
 1607.000000 1.395791 -0.430866
 1608.000000 1.376864 -0.470523
 1609.000000 1.426548 -0.493751
 1610.000000 1.344113 -0.468321
 1611.000000 1.377206 -0.415457
 1612.000000 1.443998 -0.471031
 1613.000000 1.484551 -0.437219
 1614.000000 1.251927 -0.432291
 1615.000000 1.280943 -0.433370
 1616.000000 1.336230 -0.499489
 1617.000000 1.341290 -0.405458
 1618.000000 1.436107 -0.420113
 1619.000000 1.385483 -0.495443
 1620.000000 1.276259 -0.435020
 1621.000000 1.462941 -0.473094
 1622.000000 1.412533 -0.505079
 1623.000000 1.304380 -0.409498
 1624.000000 1.335619 -0.446626
 1625.000000 1.301712 -0.499057
 1626.000000 1.341596 -0.436361
 1627.000000 1.374119 -0.436758
 1628.000000 1.364874 -0.481648
 1629.000000 1.285462 -0.364718
 1630.000000 1.323015 -0.443669
 1631.000000 1.363383 -0.474272
 1632.000000 1.343836 -0.458229
 1633.000000 1.330292 -0.515165
 1634.000000 1.220789 -0.457756
 1635.000000 1.361151 -0.464125
 1636.000000 1.323232 -0.469008
 1637.000000 1.401316 -0.437694
 1638.000000 1.338597 -0.504391
 1639.000000 1.283528 -0.371719
 1640.000000 1.241978 -0.425407
 1641.000000 1.329748 -0.466182
 1642.000000 1.279676 -0.573422
 1643.000000 1.343541 -0.527994
 1644.000000 1.364641 -0.465562
 1645.000000 1.279731 -0.481616
 1646.000000 1.510273 -0.567777
 1647.000000 1.328870 -0.502287
 1648.000000 1.430206 -0.473621
 1649.000000 1.228585 -0.541815
 1650.000000 1.341148 -0.529603
 1651.000000 1.276186 -0.486574
 1652.000000 1.319095 -0.491697
 1653.000000 1.398283 -0.503073
 1654.000000 1.419728 -0.422808
 1655.000000 1.391775 -0.491492
 1656.000000 1.380647 -0.565967
 1657.000000 1.283426 -0.436736
 1658.000000 1.304241 -0.454817
 1659.000000 1.298444 -0.430864
 1660.000000 1.273572 -0.454293
 1661.000000 1.336538 -0.521325
 1662.000000 1.322992 -0.397402
 1663.000000 1.368008 -0.582138
 1664.000000 1.385667 -0.537926
 1665.000000 1.287003 -0.465851
 1666.000000 1.328987 -0.500837
 1667.000000 1.347866 -0.471209
 1668.000000 1.478271 -0.481910
 1669.000000 1.207376 -0.395388
 1670.000000 1.278534 -0.459696
 1671.000000 1.389238 -0.445467
 1672.000000 1.304916 -0.466567
 1673.000000 1.251925 -0.484911
 1674.000000 1.340095 -0.420936
 1675.000000 1.363461 -0.506095
 1676.000000 1.247928 -0.399101
 1677.000000 1.267742 -0.426999
 1678.000000 1.302443 -0.481624
 1679.000000 1.303940 -0.445113
 1680.000000 1.373518 -0.495211
 1681.000000 1.464594 -0.441101
 1682.000000 1.391049 -0.489867
 1683.000000 1.287565 -0.470652
 1684.000000 1.322532 -0.500690
 1685.000000 1.308754 -0.423747
 1686.000000 1.470566 -0.496452
 1687.000000 1.402891 -0.478717
 1688.000000 1.517769 -0.518999
 1689.000000 1.288658 -0.514929
 1690.000000 1.241590 -0.428643
 1691.000000 1.410460 -0.472573
 1692.000000 1.476450 -0.450707
 1693.000000 1.368496 -0.447067
 1694.000000 1.423663 -0.445887
 1695.000000 1.417061 -0.472364
 1696.000000 1.436394 -0.465220
 1697.000000 1.400415 -0.417158
 1698.000000 1.357373 -0.442131
 1699.000000 1.345451 -0.367441
 1700.000000 1.440201 -0.391580
 1701.000000 1.396054 -0.468748
 1702.000000 1.440374 -0.380480
 1703.000000 1.452653 -0.483937
 1704.000000 1.503368 -0.469374
 1705.000000 1.355753 -0.492721
 1706.000000 1.361915 -0.485909
 1707.000000 1.364212 -0.459547
 1708.000000 1.455228 -0.540254
 1709.000000 1.392501 -0.483509
 1710.000000 1.406917 -0.454918
 1711.000000 1.381764 -0.501394
 1712.000000 1.209572 -0.498172
 1713.000000 1.413913 -0.527490
 1714.000000 1.369869 -0.416497
 1715.000000 1.439349 -0.518806
 1716.000000 1.382658 -0.475942
 1717.000000 1.301973 -0.465541
 1718.000000 1.495835 -0.455458
 1719.000000 1.417308 -0.412539
 1720.000000 1.388717 -0.471998
 1721.000000 1.528344 -0.413019
 1722.000000 1.455483 -0.549960
 1723.000000 1.395051 -0.533986
 1724.000000 1.411384 -0.477556
 1725.000000 1.325928 -0.431550
 1726.000000 1.320376 -0.510684
 1727.000000 1.451963 -0.549228
 1728.000000 1.369172 -0.509906
 1729.000000 1.381865 -0.455554
 1730.000000 1.397129 -0.459769
 1731.000000 1.508450 -0.470756
 1732.000000 1.396968 -0.504240
 1733.000000 1.391413 -0.418553
 1734.000000 1.414308 -0.477226
 1735.000000 1.460489 -0.521421
 1736.000000 1.477470 -0.444835
 1737.000000 1.389762 -0.447561
 1738.000000 1.479020 -0.440175
 1739.000000 1.375504 -0.394264
 1740.000000 1.436920 -0.447110
 1741.000000 1.420074 -0.506263
 1742.000000 1.368882 -0.487512
 1743.000000 1.478092 -0.455800
 1744.000000 1.502987 -0.474899
 1745.000000 1.401936 -0.438780
 1746.000000 1.493108 -0.429619
 1747.000000 1.421819 -0.399075
 1748.000000 1.478983 -0.508700
 1749.000000 1.412614 -0.472199
 1750.000000 1.340706 -0.455405
 1751.000000 1.406381 -0.398013
 1752.000000 1.301508 -0.460165
 1753.000000 1.345383 -0.444214
 1754.000000 1.412950 -0.427599
 1755.000000 1.459569 -0.452987
 1756.000000 1.494905 -0.295201
 1757.000000 1.437685 -0.472466
 1758.000000 1.412501 -0.458622
 1759.000000 1.398619 -0.436390
 1760.000000 1.515338 -0.467453
 1761.000000 1.262877 -0.373618
 1762.000000 1.564693 -0.468466
 1763.000000 1.377791 -0.449501
 1764.000000 1.374877 -0.461142
 1765.000000 1.434393 -0.401861
 1766.000000 1.468295 -0.434086
 1767.000000 1.494059 -0.453556
 1768.000000 1.403826 -0.449219
 1769.000000 1.455804 -0.379268
 1770.000000 1.365427 -0.384703
 1771.000000 1.355374 -0.431503
 1772.000000 1.438718 -0.429032
 1773.000000 1.448515 -0.401288
 1774.000000 1.415374 -0.411302
 1775.000000 1.475087 -0.477455
 1776.000000 1.465325 -0.341365
 1777.000000 1.465011 -0.439340
 1778.000000 1.495736 -0.412412
 1779.000000 1.488445 -0.413658
 1780.000000 1.390290 -0.437551
 1781.000000 1.320578 -0.543728
 1782.000000 1.269010 -0.333823
 1783.000000 1.349733 -0.387560
 1784.000000 1.224637 -0.375182
 1785.000000 1.293024 -0.400091
 1786.000000 1.354012 -0.385341
 1787.000000 1.390261 -0.383554
 1788.000000 1.362197 -0.340356
 1789.000000 1.282938 -0.333619
 1790.000000 1.310169 -0.297817
 1791.000000 1.341990 -0.361184
 1792.000000 1.373094 -0.356951
 1793.000000 1.373763 -0.381780
 1794.000000 1.355649 -0.315493
 1795.000000 1.272567 -0.261545
 1796.000000 1.327525 -0.372413
 1797.000000 1.309860 -0.380071
 1798.000000 1.327905 -0.449757
 1799.000000 1.455051 -0.514879
 1800.000000 1.350987 -0.448600
 1801.000000 1.277795 -0.342832
 1802.000000 1.418957 -0.478953
 1803.000000 1.397012 -0.415893
 1804.000000 1.463597 -0.484600
 1805.000000 1.392605 -0.430217
 1806.000000 1.324929 -0.406953
 1807.000000 1.388991 -0.473236
 1808.000000 1.366464 -0.443153
 1809.000000 1.261486 -0.448726
 1810.000000 1.465114 -0.432616
 1811.000000 1.400514 -0.417774
 1812.000000 1.382971 -0.473090
 1813.000000 1.441769 -0.432462
 1814.000000 1.373134 -0.383947
 1815.000000 1.329556 -0.472555
 1816.000000 1.192070 -0.360343
 1817.000000 1.265370 -0.455871
 1818.000000 1.426107 -0.415757
 1819.000000 1.320797 -0.323313
 1820.000000 1.316234 -0.382584
 1821.000000 1.315752 -0.236232
 1822.000000 1.331579 -0.364962
 1823.000000 1.332961 -0.414345
 1824.000000 1.379802 -0.367899
 1825.000000 1.401552 -0.382158
 1826.000000 1.356222 -0.405901
 1827.000000 1.407285 -0.355533
 1828.000000 1.367450 -0.383732
 1829.000000 1.341662 -0.437045
 1830.000000 1.416112 -0.370082
 1831.000000 1.286006 -0.409292
 1832.000000 1.481981 -0.374393
 1833.000000 1.429646 -0.317458
 1834.000000 1.322277 -0.391685
 1835.000000 1.394465 -0.360387
 1836.000000 1.400796 -0.397511
 1837.000000 1.365912 -0.342582
 1838.000000 1.351242 -0.435046
 1839.000000 1.348892 -0.371881
 1840.000000 1.404530 -0.363364
 1841.000000 1.287648 -0.343586
 1842.000000 1.307672 -0.414890
 1843.000000 1.362447 -0.440788
 1844.000000 1.446059 -0.387348
 1845.000000 1.184413 -0.432912
 1846.000000 1.299266 -0.404788
 1847.000000 1.285939 -0.385669
 1848.000000 1.271652 -0.439366
 1849.000000 1.345329 -0.377422
 1850.000000 1.263476 -0.398632
 1851.000000 1.289754 -0.347321
 1852.000000 1.285973 -0.415125
 1853.000000 1.246342 -0.383555
 1854.000000 1.305539 -0.406887
 1855.000000 1.398107 -0.376607
 1856.000000 1.329395 -0.420330
 1857.000000 1.329559 -0.473352
 1858.000000 1.243767 -0.431036
 1859.000000 1.303210 -0.414315
 1860.000000 1.321474 -0.449180
 1861.000000 1.358312 -0.443252
 1862.000000 1.314108 -0.447066
 1863.000000 1.369033 -0.412356
 1864.000000 1.299207 -0.392178
 1865.000000 1.303435 -0.389827
 1866.000000 1.361355 -0.392434
 1867.000000 1.305009 -0.418717
 1868.000000 1.406521 -0.429335
 1869.000000 1.307477 -0.407292
 1870.000000 1.295510 -0.466262
 1871.000000 1.282049 -0.435335
 1872.000000 1.492929 -0.372840
 1873.000000 1.508780 -0.370056
 1874.000000 1.439525 -0.373610
 1875.000000 1.450865 -0.468312
 1876.000000 1.501948 -0.447800
 1877.000000 1.463040 -0.352098
 1878.000000 1.574735 -0.442815
 1879.000000 1.432618 -0.374461
 1880.000000 1.522182 -0.385835
 1881.000000 1.396599 -0.412365
 1882.000000 1.561727 -0.436860
 1883.000000 1.405610 -0.379443
 1884.000000 1.498060 -0.409073
 1885.000000 1.458101 -0.331371
 1886.000000 1.495656 -0.465400
 1887.000000 1.420395 -0.437887
 1888.000000 1.377530 -0.398643
 1889.000000 1.365916 -0.429962
 1890.000000 1.410337 -0.420169
 1891.000000 1.428600 -0.431406
 1892.000000 1.301443 -0.424409
 1893.000000 1.381173 -0.407284
 1894.000000 1.424184 -0.434265
 1895.000000 1.337426 -0.407358
 1896.000000 1.444937 -0.271321
 1897.000000 1.470271 -0.401932
 1898.000000 1.377865 -0.446705
 1899.000000 1.374442 -0.371099
 1900.000000 1.447119 -0.345254
 1901.000000 1.465289 -0.446650
 1902.000000 1.383327 -0.464199
 1903.000000 1.371181 -0.436311
 1904.000000 1.341292 -0.444781
 1905.000000 1.361974 -0.436031
 1906.000000 1.497999 -0.528028
 1907.000000 1.372334 -0.447384
 1908.000000 1.436867 -0.413970
 1909.000000 1.471368 -0.455689
 1910.000000 1.421971 -0.491735
 1911.000000 1.450012 -0.437709
 1912.000000 1.527710 -0.484281
 1913.000000 1.416570 -0.352409
 1914.000000 1.443733 -0.488981
 1915.000000 1.515529 -0.440662
 1916.000000 1.408166 -0.380258
 1917.000000 1.461023 -0.462369
 1918.000000 1.278945 -0.361783
 1919.000000 1.496297 -0.534743
 1920.000000 1.397327 -0.430871
 1921.000000 1.348692 -0.484042
 1922.000000 1.475051 -0.505763
 1923.000000 1.380266 -0.454789
 1924.000000 1.451779 -0.458681
 1925.000000 1.459507 -0.510909
 1926.000000 1.514401 -0.477676
 1927.000000 1.556633 -0.473106
 1928.000000 1.514646 -0.430972
 1929.000000 1.590366 -0.435964
 1930.000000 1.483089 -0.471028
 1931.000000 1.406431 -0.543855
 1932.000000 1.415691 -0.462133
 1933.000000 1.426244 -0.525493
 1934.000000 1.503502 -0.475561
 1935.000000 1.520778 -0.526069
 1936.000000 1.614576 -0.499716
 1937.000000 1.445171 -0.554817
 1938.000000 1.563993 -0.459432
 1939.000000 1.491855 -0.465725
 1940.000000 1.547293 -0.448589
 1941.000000 1.520675 -0.448850
 1942.000000 1.436162 -0.413997
 1943.000000 1.504646 -0.355838
 1944.000000 1.549670 -0.402419
 1945.000000 1.417209 -0.519803
 1946.000000 1.516303 -0.451130
 1947.000000 1.563270 -0.461793
 1948.000000 1.601680 -0.527626
 1949.000000 1.469007 -0.439323
 1950.000000 1.581534 -0.463830
 1951.000000 1.468437 -0.411799
 1952.000000 1.429969 -0.385260
 1953.000000 1.477967 -0.426497
 1954.000000 1.372240 -0.429416
 1955.000000 1.448287 -0.506850
 1956.000000 1.434354 -0.425063
 1957.000000 1.495573 -0.406872
 1958.000000 1.492417 -0.395145
 1959.000000 1.529583 -0.405169
 1960.000000 1.507576 -0.411176
 1961.000000 1.481635 -0.410870
 1962.000000 1.468772 -0.367713
 1963.000000 1.569782 -0.403672
 1964.000000 1.500615 -0.413705
 1965.000000 1.413549 -0.401705
 1966.000000 1.593334 -0.399184
 1967.000000 1.498526 -0.437763
 1968.000000 1.434597 -0.413942
 1969.000000 1.443838 -0.522376
 1970.000000 1.510661 -0.388790
 1971.000000 1.450741 -0.445802
 1972.000000 1.572984 -0.484209
 1973.000000 1.501540 -0.499341
 1974.000000 1.524564 -0.447619
 1975.000000 1.437658 -0.447542
 1976.000000 1.427006 -0.404010
 1977.000000 1.400207 -0.432591
 1978.000000 1.450308 -0.513438
 1979.000000 1.443172 -0.410385
 1980.000000 1.492237 -0.480007
 1981.000000 1.463683 -0.384315
 1982.000000 1.504296 -0.389181
 1983.000000 1.529035 -0.470199
 1984.000000 1.556486 -0.478314
 1985.000000 1.443170 -0.417268
 1986.000000 1.430839 -0.418274
 1987.000000 1.472327 -0.439492
 1988.000000 1.442688 -0.397194
 1989.000000 1.376237 -0.399632
 1990.000000 1.458293 -0.400103
 1991.000000 1.551049 -0.421891
 1992.000000 1.461120 -0.390779
 1993.000000 1.475957 -0.452499
 1994.000000 1.490266 -0.381334
 1995.000000 1.508429 -0.372450
 1996.000000 1.509432 -0.419816
 1997.000000 1.529446 -0.355922
 1998.000000 1.465126 -0.464353
 1999.000000 1.532085 -0.332117
 2000.000000 1.482903 -0.424167
 2001.000000 1.498942 -0.421501
 2002.000000 1.532031 -0.375304
 2003.000000 1.533053 -0.431458
 2004.000000 1.451398 -0.470522
 2005.000000 1.421647 -0.386322
 2006.000000 1.526822 -0.313727
 2007.000000 1.482015 -0.389263
 2008.000000 1.585451 -0.468920
 2009.000000 1.536276 -0.398120
 2010.000000 1.522000 -0.347507
 2011.000000 1.540441 -0.281852
 2012.000000 1.453911 -0.369110
 2013.000000 1.323232 -0.398804
 2014.000000 1.384455 -0.364307
 2015.000000 1.503928 -0.372727
 2016.000000 1.460082 -0.387678
 2017.000000 1.397107 -0.261548
 2018.000000 1.397687 -0.395579
 2019.000000 1.494025 -0.393158
 2020.000000 1.484682 -0.357900
 2021.000000 1.410643 -0.351955
 2022.000000 1.492655 -0.467296
 2023.000000 1.383864 -0.330767
 2024.000000 1.453572 -0.418277
 2025.000000 1.418250 -0.451837
 2026.000000 1.500413 -0.431445
 2027.000000 1.510261 -0.471222
 2028.000000 1.542507 -0.481819
 2029.000000 1.437302 -0.419348
 2030.000000 1.500715 -0.498105
 2031.000000 1.538670 -0.359433
 2032.000000 1.514282 -0.380774
 2033.000000 1.474604 -0.515149
 2034.000000 1.470417 -0.485964
 2035.000000 1.569310 -0.528686
 2036.000000 1.524122 -0.406726
 2037.000000 1.503163 -0.557235
 2038.000000 1.542141 -0.510379
 2039.000000 1.581761 -0.485740
 2040.000000 1.617087 -0.501388
 2041.000000 1.451572 -0.507953
 2042.000000 1.523125 -0.519634
 2043.000000 1.419787 -0.475943
 2044.000000 1.500556 -0.431360
 2045.000000 1.411578 -0.524962
 2046.000000 1.485685 -0.426502
 2047.000000 1.394925 -0.404721
 2048.000000 1.455519 -0.458870
 2049.000000 1.463426 -0.449059
 2050.000000 1.492898 -0.382379
 2051.000000 1.439377 -0.449829
 2052.000000 1.422911 -0.465417
 2053.000000 1.492408 -0.518490
 2054.000000 1.393728 -0.307612
 2055.000000 1.475533 -0.352069
 2056.000000 1.482130 -0.392750
 2057.000000 1.477319 -0.326440
 2058.000000 1.322562 -0.348725
 2059.000000 1.386137 -0.344239
 2060.000000 1.522705 -0.367955
 2061.000000 1.434114 -0.278963
 2062.000000 1.482486 -0.401839
 2063.000000 1.486815 -0.371922
 2064.000000 1.663292 -0.293355
 2065.000000 1.442426 -0.295475
 2066.000000 1.404852 -0.341000
 2067.000000 1.444540 -0.369247
 2068.000000 1.370074 -0.373580
 2069.000000 1.446204 -0.414853
 2070.000000 1.438093 -0.325961
 2071.000000 1.407677 -0.353396
 2072.000000 1.417320 -0.368138
 2073.000000 1.469357 -0.339234
 2074.000000 1.466962 -0.410834
 2075.000000 1.401568 -0.397002
 2076.000000 1.487058 -0.409395
 2077.000000 1.515766 -0.363153
 2078.000000 1.546012 -0.364201
 2079.000000 1.468988 -0.372988
 2080.000000 1.482481 -0.298361
 2081.000000 1.438665 -0.445373
 2082.000000 1.440736 -0.405671
 2083.000000 1.503949 -0.396450
 2084.000000 1.448982 -0.262762
 2085.000000 1.503787 -0.418259
 2086.000000 1.404086 -0.422693
 2087.000000 1.539026 -0.478167
 2088.000000 1.495451 -0.417665
 2089.000000 1.413731 -0.412810
 2090.000000 1.548334 -0.434043
 2091.000000 1.500581 -0.408518
 2092.000000 1.483174 -0.505214
 2093.000000 1.431298 -0.391788
 2094.000000 1.543442 -0.516855
 2095.000000 1.508306 -0.491891
 2096.000000 1.436688 -0.382878
 2097.000000 1.455846 -0.530252
 2098.000000 1.463424 -0.489412
 2099.000000 1.453775 -0.427736
 2100.000000 1.447959 -0.510675
 2101.000000 1.454115 -0.409920
 2102.000000 1.429512 -0.392823
 2103.000000 1.279311 -0.356248
 2104.000000 1.437659 -0.354042
 2105.000000 1.550045 -0.406116
 2106.000000 1.322444 -0.444334
 2107.000000 1.462096 -0.362387
 2108.000000 1.410669 -0.333039
 2109.000000 1.403267 -0.394170
 2110.000000 1.467072 -0.345671
 2111.000000 1.451520 -0.358165
 2112.000000 1.418228 -0.459450
 2113.000000 1.506471 -0.486478
 2114.000000 1.517577 -0.427018
 2115.000000 1.416349 -0.379653
 2116.000000 1.369224 -0.470352
 2117.000000 1.499556 -0.417840
 2118.000000 1.503938 -0.372568
 2119.000000 1.397925 -0.391877
 2120.000000 1.456567 -0.470101
 2121.000000 1.500684 -0.533016
 2122.000000 1.402598 -0.391665
 2123.000000 1.513408 -0.316213
 2124.000000 1.471241 -0.430927
 2125.000000 1.520904 -0.469071
 2126.000000 1.456595 -0.402025
 2127.000000 1.455952 -0.423074
 2128.000000 1.468401 -0.450139
 2129.000000 1.512949 -0.337271
 2130.000000 1.507150 -0.376342
 2131.000000 1.600219 -0.350790
 2132.000000 1.498161 -0.277452
 2133.000000 1.488604 -0.373260
 2134.000000 1.470084 -0.463947
 2135.000000 1.460586 -0.312773
 2136.000000 1.550033 -0.357592
 2137.000000 1.548849 -0.358590
 2138.000000 1.472058 -0.430082
 2139.000000 1.503991 -0.388649
 2140.000000 1.441911 -0.408415
 2141.000000 1.556552 -0.414345
 2142.000000 1.547462 -0.275626
 2143.000000 1.518132 -0.414274
 2144.000000 1.478543 -0.340984
 2145.000000 1.535666 -0.459466
 2146.000000 1.379681 -0.456461
 2147.000000 1.473288 -0.364969
 2148.000000 1.354777 -0.454769
 2149.000000 1.351121 -0.452733
 2150.000000 1.438690 -0.399550
 2151.000000 1.413939 -0.382261
 2152.000000 1.443433 -0.394435
 2153.000000 1.501225 -0.397852
 2154.000000 1.391201 -0.436930
 2155.000000 1.428358 -0.429967
 2156.000000 1.497160 -0.442757
 2157.000000 1.384188 -0.399976
 2158.000000 1.489040 -0.446451
 2159.000000 1.527707 -0.411039
 2160.000000 1.451775 -0.426905
 2161.000000 1.394890 -0.386422
 2162.000000 1.450106 -0.374693
 2163.000000 1.355272 -0.406487
 2164.000000 1.478008 -0.420045
 2165.000000 1.330396 -0.357490
 2166.000000 1.440053 -0.358985
 2167.000000 1.416477 -0.342607
 2168.000000 1.355228 -0.431549
 2169.000000 1.324223 -0.446334
 2170.000000 1.340060 -0.371063
 2171.000000 1.410538 -0.348823
 2172.000000 1.516112 -0.414264
 2173.000000 1.334012 -0.387763
 2174.000000 1.425701 -0.446887
 2175.000000 1.490016 -0.396967
 2176.000000 1.449130 -0.345771
 2177.000000 1.390752 -0.355525
 2178.000000 1.521424 -0.395438
 2179.000000 1.478329 -0.388246
 2180.000000 1.381342 -0.360544
 2181.000000 1.401083 -0.432108
 2182.000000 1.424038 -0.384640
 2183.000000 1.502326 -0.383215
 2184.000000 1.476515 -0.407753
 2185.000000 1.399097 -0.383933
 2186.000000 1.473100 -0.369703
 2187.000000 1.474109 -0.371466
 2188.000000 1.436045 -0.446536
 2189.000000 1.428698 -0.381227
 2190.000000 1.374934 -0.478859
 2191.000000 1.395269 -0.445401
 2192.000000 1.453079 -0.372977
 2193.000000 1.504588 -0.431637
 2194.000000 1.523357 -0.392060
 2195.000000 1.415577 -0.401037
 2196.000000 1.388651 -0.351558
 2197.000000 1.453106 -0.384845
 2198.000000 1.470215 -0.350572
 2199.000000 1.331183 -0.404792
 2200.000000 1.458241 -0.371979
 2201.000000 1.496709 -0.423685
 2202.000000 1.396663 -0.421487
 2203.000000 1.485397 -0.404732
 2204.000000 1.472658 -0.392980
 2205.000000 1.497524 -0.412003
 2206.000000 1.418446 -0.345302
 2207.000000 1.483406 -0.408126
 2208.000000 1.538485 -0.398759
 2209.000000 1.413049 -0.340373
 2210.000000 1.369144 -0.428411
 2211.000000 1.470099 -0.465508
 2212.000000 1.474687 -0.442486
 2213.000000 1.494000 -0.451979
 2214.000000 1.484107 -0.497252
 2215.000000 1.560720 -0.501958
 2216.000000 1.437342 -0.462873
 2217.000000 1.469551 -0.428601
 2218.000000 1.453390 -0.421643
 2219.000000 1.498756 -0.446353
 2220.000000 1.494191 -0.418054
 2221.000000 1.457179 -0.364364
 2222.000000 1.389253 -0.455647
 2223.000000 1.545405 -0.391267
 2224.000000 1.413666 -0.424321
 2225.000000 1.481876 -0.495313
 2226.000000 1.544916 -0.386944
 2227.000000 1.513782 -0.412063
 2228.000000 1.449076 -0.399432
 2229.000000 1.447261 -0.417457
 2230.000000 1.494509 -0.405158
 2231.000000 1.457989 -0.486801
 2232.000000 1.512996 -0.465537
 2233.000000 1.524568 -0.529736
 2234.000000 1.465445 -0.418063
 2235.000000 1.427709 -0.457167
 2236.000000 1.441328 -0.370296
 2237.000000 1.367357 -0.421610
 2238.000000 1.407186 -0.401758
 2239.000000 1.453354 -0.442513
 2240.000000 1.456930 -0.439632
 2241.000000 1.414823 -0.386090
 2242.000000 1.477926 -0.392016
 2243.000000 1.492597 -0.363079
 2244.000000 1.457284 -0.439265
 2245.000000 1.468967 -0.414025
 2246.000000 1.521062 -0.459668
 2247.000000 1.400978 -0.413178
 2248.000000 1.465018 -0.400932
 2249.000000 1.443499 -0.456221
 2250.000000 1.508499 -0.372587
 2251.000000 1.447782 -0.363302
 2252.000000 1.483527 -0.422016
 2253.000000 1.526911 -0.490047
 2254.000000 1.441604 -0.397804
 2255.000000 1.529653 -0.426751
 2256.000000 1.402412 -0.397996
 2257.000000 1.363492 -0.362649
 2258.000000 1.448552 -0.396548
 2259.000000 1.461982 -0.443948
 2260.000000 1.595055 -0.386428
 2261.000000 1.472525 -0.506286
 2262.000000 1.533765 -0.443394
 2263.000000 1.368949 -0.446706
 2264.000000 1.355505 -0.367808
 2265.000000 1.473038 -0.389763
 2266.000000 1.459529 -0.383072
 2267.000000 1.432037 -0.383603
 2268.000000 1.395517 -0.398525
 2269.000000 1.444554 -0.439944
 2270.000000 1.473853 -0.417707
 2271.000000 1.433662 -0.420348
 2272.000000 1.501870 -0.454674
 2273.000000 1.480808 -0.459120
 2274.000000 1.414256 -0.426422
 2275.000000 1.390686 -0.396511
 2276.000000 1.441898 -0.432588
 2277.000000 1.516977 -0.362162
 2278.000000 1.489972 -0.536921
 2279.000000 1.449279 -0.480025
 2280.000000 1.448279 -0.436858
 2281.000000 1.608238 -0.460317
 2282.000000 1.457613 -0.445895
 2283.000000 1.500421 -0.463365
 2284.000000 1.442699 -0.421489
 2285.000000 1.460332 -0.440545
 2286.000000 1.487848 -0.415105
 2287.000000 1.560883 -0.406439
 2288.000000 1.542174 -0.383128
 2289.000000 1.396977 -0.429898
 2290.000000 1.539622 -0.456547
 2291.000000 1.471306 -0.429961
 2292.000000 1.417945 -0.360361
 2293.000000 1.512862 -0.479671
 2294.000000 1.455262 -0.387180
 2295.000000 1.496407 -0.500852
 2296.000000 1.353061 -0.503090
 2297.000000 1.481936 -0.392104
 2298.000000 1.495080 -0.438232
 2299.000000 1.459392 -0.460416
 2300.000000 1.445938 -0.402901
 2301.000000 1.442201 -0.400641
 2302.000000 1.444887 -0.440059
 2303.000000 1.361877 -0.427669
 2304.000000 1.394811 -0.333926
 2305.000000 1.474627 -0.377697
 2306.000000 1.367910 -0.430693
 2307.000000 1.417987 -0.389451
 2308.000000 1.400016 -0.429218
 2309.000000 1.422613 -0.384776
 2310.000000 1.361018 -0.417614
 2311.000000 1.371140 -0.366324
 2312.000000 1.348201 -0.359845
 2313.000000 1.425594 -0.311395
 2314.000000 1.332240 -0.330594
 2315.000000 1.333187 -0.333482
 2316.000000 1.423537 -0.364207
 2317.000000 1.328233 -0.422082
 2318.000000 1.353400 -0.396683
 2319.000000 1.352997 -0.399317
 2320.000000 1.400885 -0.331137
 2321.000000 1.385758 -0.424173
 2322.000000 1.457060 -0.415642
 2323.000000 1.380003 -0.462527
 2324.000000 1.496094 -0.408290
 2325.000000 1.365570 -0.407262
 2326.000000 1.423322 -0.385828
 2327.000000 1.465818 -0.352663
 2328.000000 1.331619 -0.344511
 2329.000000 1.340561 -0.406656
 2330.000000 1.393392 -0.349885
 2331.000000 1.424787 -0.394397
 2332.000000 1.401402 -0.374596
 2333.000000 1.525403 -0.408536
 2334.000000 1.460592 -0.397934
 2335.000000 1.429549 -0.376601
 2336.000000 1.475860 -0.436621
 2337.000000 1.438649 -0.484802
 2338.000000 1.460715 -0.430367
 2339.000000 1.373334 -0.408194
 2340.000000 1.319829 -0.459661
 2341.000000 1.378300 -0.400971
 2342.000000 1.399855 -0.373047
 2343.000000 1.320545 -0.414448
 2344.000000 1.397931 -0.407391
 2345.000000 1.439130 -0.396398
 2346.000000 1.457961 -0.405129
 2347.000000 1.341233 -0.397821
 2348.000000 1.419055 -0.476271
 2349.000000 1.353285 -0.357967
 2350.000000 1.377473 -0.399990
 2351.000000 1.587162 -0.469917
 2352.000000 1.372690 -0.486752
 2353.000000 1.447230 -0.404065
 2354.000000 1.532717 -0.389059
 2355.000000 1.381059 -0.395911
 2356.000000 1.432661 -0.418082
 2357.000000 1.468846 -0.489604
 2358.000000 1.583339 -0.553051
 2359.000000 1.437128 -0.483954
 2360.000000 1.482990 -0.469160
 2361.000000 1.444042 -0.487633
 2362.000000 1.424488 -0.471451
 2363.000000 1.360878 -0.409403
 2364.000000 1.471607 -0.483460
 2365.000000 1.483680 -0.387218
 2366.000000 1.449567 -0.444908
 2367.000000 1.386484 -0.477609
 2368.000000 1.462686 -0.422928
 2369.000000 1.503769 -0.418149
 2370.000000 1.407026 -0.426451
 2371.000000 1.331660 -0.470602
 2372.000000 1.321257 -0.402734
 2373.000000 1.339672 -0.436298
 2374.000000 1.429568 -0.337861
 2375.000000 1.474201 -0.366963
 2376.000000 1.495709 -0.482930
 2377.000000 1.493636 -0.370139
 2378.000000 1.436741 -0.422246
 2379.000000 1.492501 -0.375344
 2380.000000 1.504500 -0.387828
 2381.000000 1.444578 -0.362698
 2382.000000 1.355934 -0.410217
 2383.000000 1.466550 -0.418529
 2384.000000 1.427765 -0.423059
 2385.000000 1.481130 -0.389722
 2386.000000 1.347371 -0.398124
 2387.000000 1.461751 -0.489913
 2388.000000 1.364593 -0.429225
 2389.000000 1.487334 -0.431201
 2390.000000 1.458043 -0.369727
 2391.000000 1.345794 -0.398365
 2392.000000 1.566382 -0.377169
 2393.000000 1.412356 -0.371279
 2394.000000 1.463840 -0.426929
 2395.000000 1.500951 -0.427405
 2396.000000 1.476534 -0.427946
 2397.000000 1.455850 -0.406605
 2398.000000 1.467952 -0.482085
 2399.000000 1.504513 -0.439225
 2400.000000 1.456937 -0.373554
 2401.000000 1.575399 -0.432932
 2402.000000 1.449408 -0.407937
 2403.000000 1.462497 -0.471785
 2404.000000 1.442135 -0.387566
 2405.000000 1.391732 -0.323996
 2406.000000 1.422990 -0.369616
 2407.000000 1.445395 -0.395279
 2408.000000 1.411417 -0.380401
 2409.000000 1.387358 -0.311952
 2410.000000 1.420922 -0.415485
 2411.000000 1.369306 -0.425384
 2412.000000 1.438038 -0.376156
 2413.000000 1.488093 -0.417284
 2414.000000 1.510768 -0.425306
 2415.000000 1.434472 -0.393369
 2416.000000 1.375606 -0.400925
 2417.000000 1.483995 -0.291483
 2418.000000 1.489784 -0.386608
 2419.000000 1.465727 -0.361530
 2420.000000 1.462137 -0.479090
 2421.000000 1.390957 -0.458073
 2422.000000 1.380679 -0.404919
 2423.000000 1.460772 -0.428539
 2424.000000 1.405702 -0.465585
 2425.000000 1.442151 -0.470803
 2426.000000 1.405006 -0.379936
 2427.000000 1.390342 -0.392262
 2428.000000 1.315864 -0.346453
 2429.000000 1.373694 -0.425070
 2430.000000 1.441101 -0.308512
 2431.000000 1.421075 -0.385867
 2432.000000 1.349835 -0.410966
 2433.000000 1.461264 -0.354190
 2434.000000 1.336941 -0.383820
 2435.000000 1.454034 -0.322394
 2436.000000 1.450690 -0.406906
 2437.000000 1.476840 -0.425566
 2438.000000 1.396370 -0.409425
 2439.000000 1.419885 -0.420603
 2440.000000 1.492008 -0.441455
 2441.000000 1.384136 -0.501697
 2442.000000 1.443578 -0.392911
 2443.000000 1.495526 -0.433964
 2444.000000 1.416975 -0.386519
 2445.000000 1.484356 -0.427128
 2446.000000 1.399040 -0.382670
 2447.000000 1.522215 -0.451647
 2448.000000 1.290151 -0.498432
 2449.000000 1.440773 -0.438887
 2450.000000 1.574581 -0.403359
 2451.000000 1.372789 -0.422202
 2452.000000 1.368236 -0.454974
 2453.000000 1.489021 -0.435693
 2454.000000 1.379599 -0.491424
 2455.000000 1.426870 -0.440818
 2456.000000 1.482940 -0.415099
 2457.000000 1.422488 -0.415829
 2458.000000 1.480407 -0.389589
 2459.000000 1.426132 -0.347448
 2460.000000 1.371615 -0.356222
 2461.000000 1.489841 -0.423996
 2462.000000 1.376031 -0.407767
 2463.000000 1.389618 -0.464480
 2464.000000 1.371230 -0.420437
 2465.000000 1.500225 -0.375947
 2466.000000 1.464523 -0.421260
 2467.000000 1.499120 -0.432326
 2468.000000 1.435438 -0.409787
 2469.000000 1.327034 -0.436011
 2470.000000 1.380844 -0.413062
 2471.000000 1.378215 -0.401723
 2472.000000 1.412425 -0.397953
 2473.000000 1.382407 -0.339674
 2474.000000 1.400627 -0.411797
 2475.000000 1.520965 -0.316419
 2476.000000 1.334371 -0.408790
 2477.000000 1.367864 -0.396887
 2478.000000 1.375977 -0.431177
 2479.000000 1.335739 -0.468645
 2480.000000 1.393714 -0.449279
 2481.000000 1.433444 -0.461661
 2482.000000 1.452172 -0.453312
 2483.000000 1.467152 -0.302688
 2484.000000 1.382727 -0.463551
 2485.000000 1.527185 -0.480627
 2486.000000 1.375926 -0.458488
 2487.000000 1.421585 -0.473276
 2488.000000 1.376051 -0.466078
 2489.000000 1.370611 -0.467865
 2490.000000 1.408516 -0.407496
 2491.000000 1.489246 -0.491933
 2492.000000 1.408352 -0.484312
 2493.000000 1.428886 -0.412223
 2494.000000 1.378054 -0.448322
 2495.000000 1.304409 -0.385427
 2496.000000 1.345470 -0.463235
 2497.000000 1.498039 -0.467310
 2498.000000 1.490580 -0.466018
 2499.000000 1.510313 -0.426050
 2500.000000 1.523390 -0.422914
