#! FIELDS time pd_137_140 diff
 0.000000 0.933585 -0.769932
 1.000000 0.972281 -0.724241
 2.000000 0.972671 -0.865488
 3.000000 0.936045 -0.952747
 4.000000 0.879926 -0.824867
 5.000000 0.799343 -0.809340
 6.000000 0.874360 -0.847413
 7.000000 0.885387 -0.845367
 8.000000 0.888555 -0.822302
 9.000000 0.881347 -0.862926
 10.000000 0.857337 -0.850798
 11.000000 0.884532 -0.889447
 12.000000 0.964831 -0.874229
 13.000000 0.904568 -0.870843
 14.000000 0.941197 -0.889082
 15.000000 0.899253 -0.792747
 16.000000 0.928252 -0.818851
 17.000000 0.906497 -0.864871
 18.000000 0.977021 -0.877333
 19.000000 0.842436 -0.863712
 20.000000 1.013919 -0.765155
 21.000000 1.000186 -0.804316
 22.000000 0.905961 -0.857909
 23.000000 0.871287 -0.872815
 24.000000 0.862816 -0.875334
 25.000000 0.855089 -0.853127
 26.000000 0.891315 -0.838643
 27.000000 0.981895 -0.828310
 28.000000 0.936310 -0.740132
 29.000000 0.773571 -0.817172
 30.000000 0.896081 -0.869317
 31.000000 0.923271 -0.823277
 32.000000 0.882594 -0.779209
 33.000000 0.991664 -0.878861
 34.000000 0.893152 -0.816194
 35.000000 0.994918 -0.833078
 36.000000 0.853181 -0.893966
 37.000000 0.940366 -0.867682
 38.000000 0.906883 -0.873350
 39.000000 0.984273 -0.912739
 40.000000 0.904206 -0.875656
 41.000000 0.894789 -0.822058
 42.000000 0.878805 -0.823696
 43.000000 1.043392 -0.940669
 44.000000 0.981909 -0.851354
 45.000000 0.949265 -0.773553
 46.000000 0.920898 -0.836322
 47.000000 0.907467 -0.876194
 48.000000 1.001334 -0.899835
 49.000000 0.946895 -0.936234
 50.000000 0.915196 -0.869389
 51.000000 0.966666 -0.883563
 52.000000 1.002004 -0.808541
 53.000000 0.973631 -0.808356
 54.000000 0.975702 -0.831127
 55.000000 0.990429 -0.819061
 56.000000 0.886816 -0.822000
 57.000000 0.878495 -0.849957
 58.000000 0.891215 -0.852794
 59.000000 0.862275 -0.807153
 60.000000 0.836043 -0.843335
 61.000000 0.899362 -0.894284
 62.000000 0.932731 -0.877844
 63.000000 0.912201 -0.875176
 64.000000 0.973147 -0.829573
 65.000000 0.930372 -0.794530
 66.000000 0.996429 -0.837221
 67.000000 0.935327 -0.915166
 68.000000 0.933437 -0.850030
 69.000000 0.851558 -0.956292
 70.000000 0.865896 -0.843155
 71.000000 0.780680 -0.800382
 72.000000 0.960208 -0.938528
 73.000000 0.903412 -0.856424
 74.000000 1.008956 -0.825115
 75.000000 0.977114 -0.878227
 76.000000 0.939301 -0.808531
 77.000000 0.993682 -0.878574
 78.000000 0.976628 -0.927014
 79.000000 0.895979 -0.791653
 80.000000 0.994674 -0.830278
 81.000000 0.867529 -0.825299
 82.000000 1.014631 -0.855767
 83.000000 0.985380 -0.846729
 84.000000 0.972257 -0.915784
 85.000000 0.906103 -0.925939
 86.000000 0.907323 -0.968448
 87.000000 0.921637 -0.925467
 88.000000 0.827588 -0.906254
 89.000000 0.855431 -0.943496
 90.000000 0.886891 -0.851783
 91.000000 1.056275 -0.790071
 92.000000 0.927470 -0.956737
 93.000000 0.950890 -0.967031
 94.000000 1.044538 -0.870922
 95.000000 0.904071 -0.874646
 96.000000 0.973701 -0.912051
 97.000000 0.998209 -0.922214
 98.000000 0.935782 -0.882502
 99.000000 0.886749 -0.836321
 100.000000 0.951359 -0.920866
 101.000000 0.827713 -0.793504
 102.000000 0.916975 -0.785750
 103.000000 0.925068 -0.875431
 104.000000 0.842374 -0.854403
 105.000000 0.971926 -0.883929
 106.000000 0.843768 -0.879049
 107.000000 0.948036 -0.865250
 108.000000 0.997002 -0.871114
 109.000000 0.873401 -0.862205
 110.000000 0.950593 -0.934612
 111.000000 0.909304 -0.794864
 112.000000 0.934235 -0.881017
 113.000000 1.050064 -0.892162
 114.000000 0.955089 -0.918546
 115.000000 1.002574 -0.993421
 116.000000 1.012158 -0.864923
 117.000000 0.999873 -0.979284
 118.000000 0.949252 -1.013161
 119.000000 0.944946 -0.872213
 120.000000 0.928719 -0.882003
 121.000000 0.847646 -0.817685
 122.000000 0.904408 -0.869374
 123.000000 0.879281 -0.870549
 124.000000 0.948581 -0.900812
 125.000000 0.847031 -0.851074
 126.000000 0.804701 -0.953519
 127.000000 0.907866 -0.936013
 128.000000 0.948142 -0.896332
 129.000000 0.879657 -0.962716
 130.000000 0.932937 -0.868544
 131.000000 0.840181 -0.865923
 132.000000 0.960609 -0.850589
 133.000000 0.860175 -0.840691
 134.000000 0.935764 -0.980804
 135.000000 0.853874 -0.899733
 136.000000 0.882175 -0.909750
 137.000000 0.887522 -0.955959
 138.000000 0.873543 -0.859525
 139.000000 0.906802 -0.911429
 140.000000 0.830551 -0.822355
 141.000000 0.915239 -0.899154
 142.000000 0.956349 -0.930952
 143.000000 0.921544 -0.934673
 144.000000 1.040095 -0.809594
 145.000000 0.995112 -0.882758
 146.000000 0.950865 -0.793067
 147.000000 0.990909 -0.915942
 148.000000 0.894845 -0.929514
 149.000000 0.920317 -0.845355
 150.000000 0.955439 -0.890979
 151.000000 0.950770 -0.834804
 152.000000 0.962973 -0.902414
 153.000000 0.921760 -0.806915
 154.000000 1.021814 -0.845492
 155.000000 0.929603 -0.859335
 156.000000 0.889664 -0.875480
 157.000000 0.868585 -0.846900
 158.000000 0.898503 -0.870743
 159.000000 0.953279 -0.861844
 160.000000 0.896313 -0.800582
 161.000000 0.945219 -0.793576
 162.000000 1.057580 -0.878395
 163.000000 0.967277 -0.907919
 164.000000 1.070897 -0.885750
 165.000000 1.030148 -0.931452
 166.000000 0.973263 -0.777366
 167.000000 0.900025 -0.867567
 168.000000 0.970955 -0.900710
 169.000000 0.921880 -0.880465
 170.000000 0.855497 -0.911512
 171.000000 0.814863 -0.914155
 172.000000 0.889230 -0.978123
 173.000000 0.881841 -0.852267
 174.000000 0.902594 -0.942735
 175.000000 0.915559 -0.935622
 176.000000 0.897440 -0.890354
 177.000000 0.834078 -0.939937
 178.000000 0.829507 -0.925559
 179.000000 0.916952 -0.916820
 180.000000 0.884318 -0.899362
 181.000000 0.828324 -0.810725
 182.000000 0.947648 -0.848541
 183.000000 0.855873 -0.869736
 184.000000 0.924999 -0.855931
 185.000000 0.905795 -0.943947
 186.000000 0.840497 -0.868088
 187.000000 0.984781 -0.838058
 188.000000 0.961427 -0.845828
 189.000000 0.956108 -0.934028
 190.000000 0.960994 -0.858506
 191.000000 0.919587 -0.784874
 192.000000 0.973532 -0.821405
 193.000000 0.920772 -0.871661
 194.000000 0.972006 -0.872151
 195.000000 0.877731 -0.892197
 196.000000 0.898760 -0.814561
 197.000000 0.828692 -0.894412
 198.000000 0.959146 -0.952077
 199.000000 0.820101 -0.918418
 200.000000 0.878270 -0.856623
 201.000000 0.849267 -0.837052
 202.000000 0.879072 -0.794688
 203.000000 0.864201 -0.797997
 204.000000 0.795565 -0.884734
 205.000000 0.887412 -0.815346
 206.000000 0.890436 -0.805665
 207.000000 0.964079 -0.847360
 208.000000 0.906914 -0.781136
 209.000000 0.838331 -0.852579
 210.000000 0.804005 -0.937255
 211.000000 0.926441 -0.844860
 212.000000 0.849869 -0.995848
 213.000000 0.880889 -0.904714
 214.000000 0.845084 -0.921904
 215.000000 0.883958 -0.908454
 216.000000 0.920043 -0.849835
 217.000000 0.898256 -0.806353
 218.000000 0.977645 -0.792558
 219.000000 0.880261 -0.863598
 220.000000 0.834188 -0.771234
 221.000000 0.909633 -0.881616
 222.000000 0.855159 -0.910707
 223.000000 0.835122 -0.826881
 224.000000 0.957086 -0.795423
 225.000000 0.939219 -0.872175
 226.000000 0.788519 -0.854022
 227.000000 0.928241 -0.787042
 228.000000 0.836492 -0.762609
 229.000000 0.966617 -0.800420
 230.000000 0.916961 -0.891210
 231.000000 0.896458 -0.845804
 232.000000 0.963794 -0.823098
 233.000000 0.954612 -0.822653
 234.000000 0.861354 -0.875439
 235.000000 0.904742 -0.843109
 236.000000 0.839202 -0.868875
 237.000000 0.936897 -0.880009
 238.000000 0.868947 -0.869530
 239.000000 0.849769 -0.823246
 240.000000 0.862010 -0.871970
 241.000000 0.865037 -0.946191
 242.000000 0.765237 -0.810073
 243.000000 0.843505 -0.777616
 244.000000 0.991319 -0.895035
 245.000000 0.949661 -0.796069
 246.000000 0.870808 -0.944870
 247.000000 0.800795 -0.877051
 248.000000 0.873514 -0.786762
 249.000000 0.868552 -0.817929
 250.000000 0.916874 -0.880872
 251.000000 0.844862 -0.915870
 252.000000 0.903901 -0.883847
 253.000000 0.845052 -0.766259
 254.000000 0.906619 -0.808189
 255.000000 0.922709 -0.814846
 256.000000 0.968749 -0.796907
 257.000000 0.970862 -0.741252
 258.000000 0.906735 -0.827442
 259.000000 0.906806 -0.871465
 260.000000 0.923475 -0.843009
 261.000000 0.868165 -0.839240
 262.000000 0.984989 -0.891624
 263.000000 0.935266 -0.903345
 264.000000 0.974747 -0.921400
 265.000000 0.954422 -0.890835
 266.000000 0.981240 -0.906483
 267.000000 0.930043 -0.984550
 268.000000 0.917402 -0.952410
 269.000000 0.995891 -0.860828
 270.000000 0.958824 -0.941797
 271.000000 0.954805 -0.868104
 272.000000 0.966081 -0.884677
 273.000000 0.881766 -0.905599
 274.000000 0.923314 -0.904502
 275.000000 0.924703 -0.920506
 276.000000 0.886930 -0.985340
 277.000000 0.848817 -0.966724
 278.000000 0.890706 -0.927714
 279.000000 0.961404 -0.879884
 280.000000 0.895491 -0.870280
 281.000000 0.976712 -0.918000
 282.000000 0.974257 -0.888851
 283.000000 0.954893 -0.892892
 284.000000 0.892732 -0.876670
 285.000000 0.897737 -0.900577
 286.000000 0.935501 -0.900409
 287.000000 0.922779 -0.930726
 288.000000 0.883529 -0.841240
 289.000000 0.842715 -0.906277
 290.000000 0.962088 -0.876929
 291.000000 0.886810 -0.815057
 292.000000 0.926022 -0.837243
 293.000000 0.983247 -0.919093
 294.000000 0.934233 -0.803689
 295.000000 0.902718 -0.833711
 296.000000 0.903292 -0.799736
 297.000000 0.960390 -0.817438
 298.000000 0.950182 -0.736350
 299.000000 0.877427 -0.822573
 300.000000 0.894276 -0.805337
 301.000000 0.942732 -0.894111
 302.000000 0.904348 -0.884950
 303.000000 0.915806 -0.941677
 304.000000 0.881347 -0.885201
 305.000000 0.882012 -0.860700
 306.000000 0.878259 -0.988515
 307.000000 0.938892 -0.934118
 308.000000 0.860217 -0.945968
 309.000000 0.962554 -0.850149
 310.000000 0.942533 -0.900600
 311.000000 0.958867 -0.910042
 312.000000 0.874432 -0.909345
 313.000000 0.798283 -0.794783
 314.000000 0.961082 -0.901710
 315.000000 0.881807 -0.950048
 316.000000 0.876005 -1.025999
 317.000000 0.863189 -0.948997
 318.000000 0.836535 -0.866283
 319.000000 0.928485 -0.890153
 320.000000 0.969423 -0.984071
 321.000000 0.904976 -0.967772
 322.000000 0.847140 -0.972729
 323.000000 0.834908 -0.970598
 324.000000 0.846465 -0.887540
 325.000000 0.828974 -0.788105
 326.000000 0.816840 -0.857504
 327.000000 0.931064 -0.882558
 328.000000 0.933652 -0.840157
 329.000000 0.896809 -0.859858
 330.000000 0.903653 -0.859201
 331.000000 0.947748 -0.868918
 332.000000 1.042015 -0.892802
 333.000000 0.919107 -0.955141
 334.000000 0.917703 -0.863651
 335.000000 1.008083 -0.849821
 336.000000 0.928334 -0.862388
 337.000000 0.930838 -0.860315
 338.000000 0.862923 -0.888035
 339.000000 1.037529 -0.902292
 340.000000 0.838573 -0.895373
 341.000000 1.040164 -0.868729
 342.000000 0.898303 -0.944299
 343.000000 0.869459 -0.821716
 344.000000 0.828350 -0.908897
 345.000000 0.927946 -0.927937
 346.000000 0.932664 -0.951568
 347.000000 0.894227 -0.916197
 348.000000 0.892656 -0.895436
 349.000000 0.958676 -0.958290
 350.000000 0.907070 -1.010386
 351.000000 0.914378 -0.974606
 352.000000 0.870312 -0.933248
 353.000000 0.858887 -0.927638
 354.000000 0.954032 -0.931737
 355.000000 0.870146 -0.934590
 356.000000 0.913862 -0.937105
 357.000000 0.976108 -0.978193
 358.000000 0.908426 -0.948019
 359.000000 0.878035 -0.874975
 360.000000 0.848395 -0.972881
 361.000000 0.874474 -0.858851
 362.000000 0.874090 -0.920672
 363.000000 0.880181 -1.001588
 364.000000 0.911433 -0.888383
 365.000000 0.889038 -0.914519
 366.000000 0.913560 -0.915052
 367.000000 0.885519 -0.803648
 368.000000 0.910330 -0.857353
 369.000000 0.962725 -0.856908
 370.000000 0.927232 -0.953916
 371.000000 1.023035 -0.872853
 372.000000 0.854989 -0.888033
 373.000000 0.870608 -0.852405
 374.000000 0.968148 -0.884877
 375.000000 0.890219 -0.936041
 376.000000 1.011656 -0.987279
 377.000000 0.957341 -0.884124
 378.000000 0.867295 -0.953650
 379.000000 0.870763 -0.922788
 380.000000 0.932485 -0.950514
 381.000000 0.898859 -1.018449
 382.000000 0.870491 -0.996212
 383.000000 0.855519 -0.911986
 384.000000 0.879963 -0.914157
 385.000000 0.971016 -0.927461
 386.000000 0.896939 -0.911804
 387.000000 0.950691 -0.922730
 388.000000 0.921146 -0.985566
 389.000000 0.886168 -0.962402
 390.000000 0.924361 -0.857929
 391.000000 0.926783 -0.927771
 392.000000 0.812672 -0.957374
 393.000000 0.940243 -1.045291
 394.000000 0.898423 -0.890183
 395.000000 0.826718 -0.908424
 396.000000 0.952779 -0.836632
 397.000000 0.963955 -0.777881
 398.000000 0.914176 -0.879287
 399.000000 0.882538 -0.875533
 400.000000 0.912056 -0.810467
 401.000000 0.870874 -0.938750
 402.000000 0.933613 -0.872577
 403.000000 0.998776 -0.883203
 404.000000 0.977736 -0.946171
 405.000000 0.937277 -0.879466
 406.000000 0.998313 -0.857339
 407.000000 0.909721 -0.928967
 408.000000 0.913698 -0.863612
 409.000000 0.972603 -0.916466
 410.000000 0.945688 -0.865836
 411.000000 0.917754 -0.863772
 412.000000 1.004808 -0.859520
 413.000000 0.856855 -0.813790
 414.000000 0.960684 -0.841476
 415.000000 0.879188 -0.894757
 416.000000 0.863798 -0.903679
 417.000000 0.848424 -0.894469
 418.000000 0.906384 -0.856181
 419.000000 0.845324 -0.794941
 420.000000 0.908909 -0.896051
 421.000000 0.847326 -0.889121
 422.000000 0.943995 -0.915864
 423.000000 0.824874 -0.944373
 424.000000 0.858676 -0.898644
 425.000000 0.933109 -0.896180
 426.000000 0.956737 -0.910198
 427.000000 0.915674 -0.840712
 428.000000 0.934201 -0.839851
 429.000000 0.915830 -0.826673
 430.000000 0.902240 -0.823615
 431.000000 0.849147 -0.854233
 432.000000 0.823885 -0.883316
 433.000000 0.818574 -0.891629
 434.000000 0.898946 -0.927586
 435.000000 0.906837 -0.890937
 436.000000 0.912698 -0.937010
 437.000000 0.957006 -0.859125
 438.000000 0.954810 -0.824637
 439.000000 0.958856 -0.932568
 440.000000 1.065484 -0.815611
 441.000000 0.953221 -0.833678
 442.000000 0.950707 -0.797138
 443.000000 0.911331 -0.774646
 444.000000 0.969119 -0.850347
 445.000000 0.926208 -0.896923
 446.000000 0.940900 -0.877388
 447.000000 0.944894 -0.925990
 448.000000 0.960720 -0.984641
 449.000000 0.941728 -0.885092
 450.000000 0.910001 -0.862106
 451.000000 0.865449 -0.837146
 452.000000 0.973065 -0.849400
 453.000000 0.823027 -0.945261
 454.000000 0.944075 -0.916800
 455.000000 0.952312 -0.910755
 456.000000 0.997744 -0.860079
 457.000000 0.909587 -0.899340
 458.000000 0.860360 -0.913692
 459.000000 0.984311 -0.931091
 460.000000 0.886305 -1.005046
 461.000000 0.915216 -0.937196
 462.000000 0.974700 -0.875448
 463.000000 0.930893 -0.910201
 464.000000 0.891981 -0.911561
 465.000000 0.916001 -0.930962
 466.000000 0.813229 -0.925621
 467.000000 0.900926 -0.932783
 468.000000 0.911266 -1.012988
 469.000000 0.920370 -0.955163
 470.000000 0.907907 -0.919571
 471.000000 0.879999 -0.901846
 472.000000 0.895453 -0.957952
 473.000000 0.965501 -0.942562
 474.000000 0.861886 -0.899556
 475.000000 0.953149 -0.842160
 476.000000 0.818305 -0.924388
 477.000000 0.885995 -0.890889
 478.000000 0.933919 -0.906118
 479.000000 0.856137 -0.879297
 480.000000 0.822447 -0.893574
 481.000000 0.907577 -0.913987
 482.000000 0.882105 -0.952354
 483.000000 0.843765 -0.892998
 484.000000 0.910881 -0.841445
 485.000000 0.743093 -0.867524
 486.000000 0.874143 -0.938903
 487.000000 0.904609 -0.873375
 488.000000 0.863909 -0.923768
 489.000000 0.889737 -0.892528
 490.000000 0.832234 -0.925000
 491.000000 0.856786 -0.944287
 492.000000 0.901697 -0.914158
 493.000000 0.923141 -0.922424
 494.000000 0.792014 -0.945008
 495.000000 0.898744 -0.900528
 496.000000 0.796322 -0.840795
 497.000000 0.931773 -0.805932
 498.000000 0.968842 -0.914408
 499.000000 0.931045 -0.873245
 500.000000 0.897838 -0.918620
 501.000000 0.998270 -0.975106
 502.000000 0.868483 -0.977979
 503.000000 0.975619 -0.959293
 504.000000 0.924618 -0.835536
 505.000000 0.963740 -0.969179
 506.000000 0.846725 -0.872897
 507.000000 0.981391 -0.833809
 508.000000 0.899554 -0.893305
 509.000000 0.931437 -0.854663
 510.000000 0.885919 -0.906809
 511.000000 0.898382 -0.898214
 512.000000 0.927911 -0.860994
 513.000000 0.972746 -0.798412
 514.000000 0.916356 -0.874056
 515.000000 0.901369 -0.880456
 516.000000 0.898178 -0.874954
 517.000000 0.907407 -0.886517
 518.000000 0.878714 -0.967662
 519.000000 1.087039 -0.893025
 520.000000 0.900508 -0.900019
 521.000000 0.955118 -1.004507
 522.000000 0.956654 -0.902702
 523.000000 0.914058 -0.901566
 524.000000 0.911698 -0.863136
 525.000000 0.958738 -0.913243
 526.000000 0.981784 -0.925480
 527.000000 0.943095 -0.853933
 528.000000 0.833745 -0.852120
 529.000000 0.901192 -0.863975
 530.000000 0.940019 -0.898031
 531.000000 0.882074 -0.837197
 532.000000 1.004171 -0.917500
 533.000000 0.958460 -0.878293
 534.000000 0.996455 -0.848158
 535.000000 0.953416 -0.957890
 536.000000 0.923818 -0.879150
 537.000000 0.903471 -0.840496
 538.000000 0.908383 -0.880944
 539.000000 1.011141 -0.808171
 540.000000 0.926178 -0.950546
 541.000000 0.937365 -0.920799
 542.000000 0.891964 -0.875274
 543.000000 0.944696 -0.879610
 544.000000 0.877562 -0.884809
 545.000000 0.878024 -0.881697
 546.000000 0.900327 -0.827023
 547.000000 0.862061 -0.834042
 548.000000 0.814316 -0.896693
 549.000000 0.908431 -0.812556
 550.000000 0.872199 -0.913690
 551.000000 0.942552 -0.926133
 552.000000 0.888610 -0.828455
 553.000000 0.892662 -0.887589
 554.000000 0.755469 -0.849039
 555.000000 0.882872 -0.872365
 556.000000 0.981643 -0.810139
 557.000000 0.894095 -0.792259
 558.000000 0.945589 -0.771913
 559.000000 0.953437 -0.907830
 560.000000 0.943896 -0.794724
 561.000000 0.887766 -0.798677
 562.000000 0.884158 -0.810039
 563.000000 1.031406 -0.858343
 564.000000 1.009813 -0.855044
 565.000000 0.875258 -0.810133
 566.000000 0.876729 -0.846140
 567.000000 0.860204 -0.868044
 568.000000 0.940303 -0.939585
 569.000000 0.914750 -0.824652
 570.000000 0.966602 -0.882094
 571.000000 0.938418 -0.886991
 572.000000 0.919754 -0.866128
 573.000000 0.938467 -0.801737
 574.000000 0.872888 -0.819521
 575.000000 0.877317 -0.766045
 576.000000 0.935200 -0.873143
 577.000000 0.873504 -0.836524
 578.000000 0.953090 -0.969727
 579.000000 0.892464 -0.905878
 580.000000 0.922043 -0.943159
 581.000000 0.878538 -0.850101
 582.000000 0.970686 -0.869616
 583.000000 0.893741 -0.855988
 584.000000 0.987425 -0.905050
 585.000000 0.936985 -0.871143
 586.000000 1.005630 -0.819974
 587.000000 0.979216 -0.852402
 588.000000 0.845256 -0.829109
 589.000000 0.934574 -0.810910
 590.000000 0.892216 -0.897045
 591.000000 0.842821 -0.917498
 592.000000 0.891413 -0.836652
 593.000000 0.875010 -0.908949
 594.000000 0.860746 -0.847206
 595.000000 0.892549 -0.875722
 596.000000 0.858324 -0.791795
 597.000000 0.837471 -0.817227
 598.000000 0.883531 -0.887620
 599.000000 0.899278 -0.874436
 600.000000 0.869282 -0.889168
 601.000000 0.812090 -0.847353
 602.000000 0.897817 -0.953290
 603.000000 0.885668 -0.903090
 604.000000 0.903903 -0.830167
 605.000000 0.951868 -0.774365
 606.000000 0.938044 -0.893253
 607.000000 0.942268 -0.907870
 608.000000 0.887791 -0.829516
 609.000000 0.924782 -0.882068
 610.000000 0.902730 -0.842820
 611.000000 0.884136 -0.816962
 612.000000 0.901912 -0.899186
 613.000000 0.837340 -0.887890
 614.000000 0.932877 -0.879697
 615.000000 0.922646 -0.836647
 616.000000 0.907426 -0.910147
 617.000000 0.948059 -0.921471
 618.000000 0.895154 -0.989388
 619.000000 0.894009 -0.878440
 620.000000 1.000705 -0.867217
 621.000000 0.945110 -0.838235
 622.000000 0.926726 -0.818502
 623.000000 0.914987 -0.867139
 624.000000 0.865578 -0.899659
 625.000000 0.930959 -0.956618
 626.000000 0.914859 -0.860837
 627.000000 0.931850 -0.911969
 628.000000 0.875518 -0.883852
 629.000000 0.889344 -0.846738
 630.000000 0.923327 -0.890784
 631.000000 1.015443 -0.863896
 632.000000 0.904144 -0.870953
 633.000000 0.931898 -0.927741
 634.000000 0.953359 -0.825110
 635.000000 0.818833 -0.817298
 636.000000 0.946368 -0.860852
 637.000000 1.037874 -0.844936
 638.000000 0.881937 -0.892989
 639.000000 0.954914 -0.942714
 640.000000 0.864367 -0.947793
 641.000000 0.942432 -0.852495
 642.000000 1.009734 -0.903186
 643.000000 0.902757 -0.935350
 644.000000 1.023861 -0.853927
 645.000000 1.038416 -0.889133
 646.000000 0.900008 -0.898401
 647.000000 0.847326 -0.916803
 648.000000 0.920652 -0.986763
 649.000000 0.948916 -0.948171
 650.000000 0.840675 -0.881695
 651.000000 0.942855 -0.981338
 652.000000 0.857129 -0.856746
 653.000000 0.971679 -0.821991
 654.000000 0.899932 -0.863589
 655.000000 0.924922 -0.839478
 656.000000 0.882908 -0.870961
 657.000000 0.873783 -0.847250
 658.000000 0.918736 -0.857238
 659.000000 0.963581 -0.790961
 660.000000 0.896774 -0.921216
 661.000000 0.952327 -0.847557
 662.000000 0.926446 -0.913886
 663.000000 1.017106 -0.932356
 664.000000 0.896682 -0.905400
 665.000000 0.920342 -0.808158
 666.000000 0.900491 -0.865231
 667.000000 0.874576 -0.870170
 668.000000 0.993994 -0.847940
 669.000000 0.859400 -0.905961
 670.000000 0.910049 -0.771681
 671.000000 0.897978 -0.909243
 672.000000 0.819949 -0.911421
 673.000000 0.961023 -0.893707
 674.000000 0.897514 -0.959268
 675.000000 0.922052 -0.867849
 676.000000 0.934783 -0.877514
 677.000000 0.922750 -0.916628
 678.000000 0.820369 -0.869969
 679.000000 0.910019 -0.927992
 680.000000 0.906610 -0.866747
 681.000000 0.903020 -0.868970
 682.000000 0.978247 -0.964837
 683.000000 0.853359 -0.940048
 684.000000 0.909848 -0.905502
 685.000000 0.966968 -0.857699
 686.000000 0.839780 -0.904344
 687.000000 0.916134 -0.914608
 688.000000 0.918674 -0.874389
 689.000000 0.917003 -0.897875
 690.000000 0.962436 -0.889454
 691.000000 0.892147 -0.929961
 692.000000 0.906239 -0.856053
 693.000000 0.905891 -0.856091
 694.000000 0.815327 -0.885542
 695.000000 0.924111 -0.892218
 696.000000 0.944484 -0.899220
 697.000000 0.902937 -0.798164
 698.000000 0.824955 -0.816586
 699.000000 0.930847 -0.931575
 700.000000 0.862252 -0.918772
 701.000000 0.952343 -0.950037
 702.000000 0.874038 -0.967687
 703.000000 0.871254 -0.885399
 704.000000 0.810315 -0.921487
 705.000000 0.886992 -0.936281
 706.000000 0.877495 -0.857790
 707.000000 0.994398 -0.923053
 708.000000 0.942083 -0.918910
 709.000000 0.992159 -0.977546
 710.000000 0.933249 -0.881733
 711.000000 0.954322 -0.901846
 712.000000 0.849908 -0.889940
 713.000000 0.930628 -0.886511
 714.000000 0.891666 -0.834055
 715.000000 0.958424 -0.878715
 716.000000 0.977142 -0.823785
 717.000000 0.886173 -0.848754
 718.000000 0.891442 -0.886638
 719.000000 1.015128 -0.889264
 720.000000 0.929716 -0.939615
 721.000000 0.876520 -0.931415
 722.000000 0.960403 -0.890987
 723.000000 0.894609 -0.826187
 724.000000 0.934238 -0.879148
 725.000000 0.867231 -0.889832
 726.000000 0.902939 -0.948614
 727.000000 0.837019 -0.886374
 728.000000 0.832866 -0.841817
 729.000000 0.933314 -0.890457
 730.000000 0.866947 -0.861181
 731.000000 0.892881 -0.853355
 732.000000 0.968363 -0.844545
 733.000000 0.901399 -0.925743
 734.000000 0.884044 -0.830503
 735.000000 0.847379 -0.943236
 736.000000 0.802155 -0.864996
 737.000000 0.790119 -0.920320
 738.000000 0.953122 -0.951507
 739.000000 0.874082 -0.883734
 740.000000 0.835110 -0.878401
 741.000000 0.923442 -1.027719
 742.000000 0.906258 -0.978390
 743.000000 0.909248 -0.964860
 744.000000 0.947450 -0.852031
 745.000000 0.907386 -0.871878
 746.000000 0.807941 -0.835130
 747.000000 0.813467 -0.919211
 748.000000 0.907264 -0.843631
 749.000000 1.025095 -0.949258
 750.000000 0.941677 -0.864349
 751.000000 0.962789 -0.868702
 752.000000 0.916571 -0.880650
 753.000000 0.903354 -0.881633
 754.000000 0.895103 -0.907173
 755.000000 1.008859 -0.882757
 756.000000 0.881434 -0.898216
 757.000000 0.977367 -0.964611
 758.000000 0.932824 -0.898463
 759.000000 0.909574 -0.872185
 760.000000 0.937441 -0.952130
 761.000000 0.885175 -0.901448
 762.000000 0.984052 -0.877635
 763.000000 0.893155 -0.902074
 764.000000 0.892003 -0.932540
 765.000000 0.877574 -1.002931
 766.000000 1.000731 -0.897814
 767.000000 0.934692 -0.855554
 768.000000 0.868078 -0.854448
 769.000000 0.899406 -0.940548
 770.000000 0.788667 -0.915533
 771.000000 0.922431 -0.968208
 772.000000 0.877361 -0.955219
 773.000000 0.955217 -0.899403
 774.000000 0.907468 -0.963821
 775.000000 0.836824 -0.951719
 776.000000 0.824645 -0.914468
 777.000000 0.831476 -0.885577
 778.000000 0.963788 -0.936760
 779.000000 0.872258 -0.998214
 780.000000 0.865187 -0.895670
 781.000000 0.921546 -0.910862
 782.000000 0.909882 -0.914676
 783.000000 0.890375 -0.823520
 784.000000 0.950582 -0.843171
 785.000000 1.000537 -0.934874
 786.000000 0.839083 -0.846482
 787.000000 0.878847 -0.937420
 788.000000 0.835165 -0.868277
 789.000000 0.861585 -0.895134
 790.000000 0.860305 -0.876531
 791.000000 0.875983 -0.942469
 792.000000 0.844046 -0.843015
 793.000000 1.047747 -0.845001
 794.000000 0.932436 -0.950402
 795.000000 0.951273 -0.932517
 796.000000 0.887853 -0.962368
 797.000000 0.945627 -0.942641
 798.000000 0.906232 -0.813048
 799.000000 0.916570 -0.811460
 800.000000 0.882181 -0.913881
 801.000000 0.897051 -0.926246
 802.000000 0.893233 -0.887803
 803.000000 0.922654 -0.812830
 804.000000 0.927116 -0.860021
 805.000000 0.957171 -0.783219
 806.000000 0.930773 -0.883878
 807.000000 0.900000 -0.820979
 808.000000 0.862054 -0.899350
 809.000000 0.873773 -0.947367
 810.000000 0.904287 -0.886164
 811.000000 0.895660 -0.876326
 812.000000 0.950354 -0.901593
 813.000000 0.906860 -0.910586
 814.000000 0.840175 -0.921894
 815.000000 0.862539 -0.916894
 816.000000 0.984114 -0.920312
 817.000000 0.859841 -0.862345
 818.000000 0.895472 -0.827663
 819.000000 0.810681 -0.913417
 820.000000 0.989200 -0.912412
 821.000000 0.911416 -0.864774
 822.000000 0.890960 -0.880082
 823.000000 0.922159 -0.925575
 824.000000 0.946719 -0.973080
 825.000000 0.927779 -1.027833
 826.000000 0.830004 -0.921981
 827.000000 0.893707 -0.914460
 828.000000 0.860951 -0.861942
 829.000000 0.946449 -0.888511
 830.000000 0.976688 -0.947016
 831.000000 0.874214 -0.912983
 832.000000 0.894215 -0.962610
 833.000000 0.935860 -0.911628
 834.000000 0.836794 -0.960569
 835.000000 0.954359 -0.937118
 836.000000 0.875269 -0.972965
 837.000000 0.891012 -0.981313
 838.000000 0.879285 -0.936804
 839.000000 0.938662 -0.963063
 840.000000 0.937678 -0.877870
 841.000000 0.990382 -0.813579
 842.000000 1.039388 -0.800772
 843.000000 1.018235 -0.880431
 844.000000 0.829025 -0.858417
 845.000000 0.908851 -0.933459
 846.000000 0.858505 -0.967199
 847.000000 0.874815 -0.918194
 848.000000 0.851370 -0.897591
 849.000000 0.804690 -0.856116
 850.000000 0.861005 -0.917946
 851.000000 0.824948 -0.947469
 852.000000 0.814535 -0.889338
 853.000000 0.887537 -0.911875
 854.000000 0.969399 -0.915242
 855.000000 0.925843 -0.973887
 856.000000 0.886684 -0.962618
 857.000000 0.814356 -0.933355
 858.000000 0.864416 -0.850412
 859.000000 0.910909 -0.864197
 860.000000 0.870491 -0.882727
 861.000000 0.905292 -1.037022
 862.000000 0.858483 -0.931401
 863.000000 0.778628 -0.917492
 864.000000 0.895369 -0.879917
 865.000000 0.912578 -0.852219
 866.000000 0.871609 -0.971283
 867.000000 0.965106 -0.967018
 868.000000 0.875345 -0.915160
 869.000000 0.884779 -0.971817
 870.000000 0.845143 -0.920440
 871.000000 0.935546 -0.871722
 872.000000 0.902668 -1.002172
 873.000000 0.881142 -0.938131
 874.000000 0.831899 -0.961335
 875.000000 0.910994 -0.978486
 876.000000 0.780286 -0.957010
 877.000000 0.862654 -0.922807
 878.000000 0.841164 -0.910410
 879.000000 0.899525 -0.977986
 880.000000 0.900247 -0.955610
 881.000000 0.755014 -0.912132
 882.000000 0.820829 -0.988493
 883.000000 1.017175 -0.936026
 884.000000 0.879804 -0.937351
 885.000000 0.898206 -0.944455
 886.000000 0.920843 -0.927578
 887.000000 0.950883 -0.969460
 888.000000 0.908753 -0.941113
 889.000000 0.815621 -0.899350
 890.000000 0.908890 -0.947999
 891.000000 0.856744 -0.934058
 892.000000 0.959372 -0.846155
 893.000000 0.989302 -0.887133
 894.000000 0.927206 -0.983984
 895.000000 0.979465 -0.907347
 896.000000 0.920809 -0.920938
 897.000000 0.911452 -0.980227
 898.000000 0.934706 -0.956574
 899.000000 0.921492 -0.943075
 900.000000 0.924018 -0.858181
 901.000000 0.980540 -0.985836
 902.000000 0.930757 -0.860234
 903.000000 0.930052 -0.914034
 904.000000 0.949249 -0.777714
 905.000000 0.844047 -0.895273
 906.000000 1.006831 -0.920298
 907.000000 1.002409 -0.911125
 908.000000 0.903490 -0.883185
 909.000000 0.915977 -0.992211
 910.000000 0.928796 -0.917053
 911.000000 1.025903 -0.901072
 912.000000 0.903786 -0.884186
 913.000000 0.933236 -0.895818
 914.000000 0.943140 -0.856395
 915.000000 0.927941 -0.970496
 916.000000 0.995038 -0.907084
 917.000000 0.867632 -0.958214
 918.000000 0.927290 -0.902557
 919.000000 0.925657 -0.902862
 920.000000 0.837618 -0.904791
 921.000000 0.855035 -0.949311
 922.000000 0.927562 -0.979425
 923.000000 0.880462 -0.960027
 924.000000 0.914592 -0.964473
 925.000000 0.955850 -1.052360
 926.000000 0.926111 -1.017489
 927.000000 0.842330 -0.936588
 928.000000 0.831483 -0.964949
 929.000000 0.925104 -1.037990
 930.000000 0.893217 -0.992332
 931.000000 0.821033 -0.972187
 932.000000 0.974256 -0.995086
 933.000000 0.871358 -0.907327
 934.000000 0.921707 -0.899224
 935.000000 0.903450 -0.839914
 936.000000 0.910423 -0.964716
 937.000000 0.885336 -0.901018
 938.000000 0.848959 -0.949149
 939.000000 0.830947 -0.940906
 940.000000 0.921749 -0.892749
 941.000000 0.854446 -0.941889
 942.000000 0.908815 -0.872251
 943.000000 0.944834 -0.960071
 944.000000 0.821200 -0.880741
 945.000000 0.817405 -0.928917
 946.000000 0.931734 -0.908800
 947.000000 0.827810 -0.945433
 948.000000 0.894954 -0.982761
 949.000000 0.857914 -0.926424
 950.000000 0.896318 -0.903109
 951.000000 0.950686 -0.945627
 952.000000 0.811638 -0.899531
 953.000000 0.915445 -1.024030
 954.000000 0.891126 -0.958444
 955.000000 0.876798 -0.969112
 956.000000 0.887596 -0.917647
 957.000000 0.828684 -0.900344
 958.000000 0.864902 -0.979967
 959.000000 0.929479 -0.855806
 960.000000 0.818319 -0.886248
 961.000000 0.866414 -0.914045
 962.000000 0.877831 -0.892418
 963.000000 0.820907 -0.830044
 964.000000 0.936323 -0.962579
 965.000000 0.808682 -1.012400
 966.000000 0.901263 -0.940357
 967.000000 0.841926 -0.949944
 968.000000 0.846888 -0.886206
 969.000000 0.981021 -0.945881
 970.000000 0.907476 -0.932646
 971.000000 0.838146 -0.860349
 972.000000 0.859853 -0.936219
 973.000000 0.860125 -0.838741
 974.000000 0.964233 -0.882077
 975.000000 0.925253 -0.796367
 976.000000 0.949871 -0.843344
 977.000000 0.932904 -0.830123
 978.000000 0.980960 -0.871382
 979.000000 0.839504 -0.908360
 980.000000 0.932233 -0.843043
 981.000000 0.920581 -0.958702
 982.000000 0.977897 -0.884831
 983.000000 1.007400 -0.890658
 984.000000 0.865067 -0.868323
 985.000000 0.760186 -0.868863
 986.000000 0.927801 -0.871009
 987.000000 0.932913 -0.851984
 988.000000 0.881149 -0.858739
 989.000000 0.920474 -0.830204
 990.000000 0.933365 -0.814127
 991.000000 0.918504 -0.947358
 992.000000 0.958660 -0.906561
 993.000000 0.830105 -0.833479
 994.000000 0.908336 -0.865197
 995.000000 0.973702 -0.920056
 996.000000 0.896282 -0.922015
 997.000000 0.845170 -0.903185
 998.000000 0.903812 -0.786180
 999.000000 0.953202 -0.865621
 1000.000000 0.909748 -0.854344
 1001.000000 0.908595 -0.848607
 1002.000000 0.845888 -0.833608
 1003.000000 0.946972 -0.891792
 1004.000000 0.922630 -0.861873
 1005.000000 0.942208 -0.963444
 1006.000000 0.948599 -0.901713
 1007.000000 0.913577 -0.896695
 1008.000000 0.890287 -0.900616
 1009.000000 0.875460 -0.874605
 1010.000000 0.902130 -0.947494
 1011.000000 0.951315 -0.914881
 1012.000000 0.889006 -0.954483
 1013.000000 0.967635 -0.796342
 1014.000000 0.897671 -0.870174
 1015.000000 0.869390 -0.897428
 1016.000000 0.941327 -0.853903
 1017.000000 0.896509 -0.807817
 1018.000000 0.873529 -0.868270
 1019.000000 0.943681 -0.831893
 1020.000000 0.896122 -0.890940
 1021.000000 0.961569 -0.858185
 1022.000000 0.979969 -0.950583
 1023.000000 0.901605 -0.811490
 1024.000000 0.918615 -0.894235
 1025.000000 0.921706 -0.981442
 1026.000000 0.927570 -0.811622
 1027.000000 0.925171 -0.916390
 1028.000000 0.922428 -0.922907
 1029.000000 0.915864 -0.965567
 1030.000000 0.869427 -0.904029
 1031.000000 0.893071 -0.931581
 1032.000000 0.974660 -1.013647
 1033.000000 0.854490 -0.946678
 1034.000000 0.795984 -0.870725
 1035.000000 0.934872 -0.886910
 1036.000000 0.814427 -0.887841
 1037.000000 0.897099 -0.917633
 1038.000000 0.906731 -0.893079
 1039.000000 0.830476 -0.845176
 1040.000000 0.806338 -0.899488
 1041.000000 0.866188 -0.924205
 1042.000000 0.832052 -0.965805
 1043.000000 0.888894 -1.006131
 1044.000000 0.948467 -0.955818
 1045.000000 0.878744 -0.862415
 1046.000000 0.794693 -0.920642
 1047.000000 0.846977 -0.893762
 1048.000000 0.908520 -1.037856
 1049.000000 0.984826 -0.950733
 1050.000000 0.955533 -0.997048
 1051.000000 0.936270 -1.017187
 1052.000000 0.986277 -0.947328
 1053.000000 0.927505 -0.871261
 1054.000000 0.903018 -0.988791
 1055.000000 0.931582 -0.939889
 1056.000000 0.911455 -0.863841
 1057.000000 0.967158 -0.876059
 1058.000000 0.912789 -0.954459
 1059.000000 0.901768 -0.983458
 1060.000000 0.887446 -0.966742
 1061.000000 0.940148 -1.029126
 1062.000000 0.843530 -0.929374
 1063.000000 0.925502 -0.941114
 1064.000000 1.005710 -0.930015
 1065.000000 0.879837 -0.924698
 1066.000000 1.012923 -0.882542
 1067.000000 1.017716 -0.855677
 1068.000000 0.996799 -0.915154
 1069.000000 0.916361 -0.860016
 1070.000000 0.903027 -0.880615
 1071.000000 0.928840 -1.026785
 1072.000000 0.883596 -1.018845
 1073.000000 0.900527 -0.905241
 1074.000000 0.830360 -0.862452
 1075.000000 0.933567 -1.015945
 1076.000000 0.977901 -1.097418
 1077.000000 0.928495 -0.972535
 1078.000000 0.884914 -0.895556
 1079.000000 0.882670 -0.911890
 1080.000000 0.859185 -0.791351
 1081.000000 0.865739 -0.870180
 1082.000000 0.895310 -0.937164
 1083.000000 0.855071 -0.929413
 1084.000000 0.919108 -0.960177
 1085.000000 0.889019 -0.928435
 1086.000000 0.930510 -0.890481
 1087.000000 0.797344 -0.878956
 1088.000000 0.823194 -0.863108
 1089.000000 0.890166 -0.961994
 1090.000000 0.831469 -0.941082
 1091.000000 0.931980 -0.936333
 1092.000000 0.837532 -0.996613
 1093.000000 0.952910 -0.936529
 1094.000000 0.963208 -0.829749
 1095.000000 0.986392 -0.972194
 1096.000000 0.868105 -0.973289
 1097.000000 0.905807 -0.941488
 1098.000000 0.929885 -0.881608
 1099.000000 0.988705 -0.905211
 1100.000000 0.833401 -0.892593
 1101.000000 0.871608 -0.933195
 1102.000000 0.905102 -0.945386
 1103.000000 0.885802 -0.970863
 1104.000000 0.810360 -0.926956
 1105.000000 0.924704 -0.940063
 1106.000000 0.885405 -0.922730
 1107.000000 0.899236 -0.984273
 1108.000000 0.791049 -0.879839
 1109.000000 0.935039 -0.943388
 1110.000000 0.822754 -0.903804
 1111.000000 0.923826 -0.958306
 1112.000000 0.853146 -0.929342
 1113.000000 0.895713 -0.907828
 1114.000000 0.855894 -0.888643
 1115.000000 0.773213 -0.954700
 1116.000000 0.885373 -0.774661
 1117.000000 0.831679 -0.877624
 1118.000000 0.835520 -0.965387
 1119.000000 0.907928 -0.815456
 1120.000000 0.837311 -0.900438
 1121.000000 0.847934 -0.876992
 1122.000000 0.881908 -0.856698
 1123.000000 0.883691 -0.858028
 1124.000000 0.871580 -0.859211
 1125.000000 0.994260 -0.890376
 1126.000000 0.886717 -0.917288
 1127.000000 0.932821 -0.959997
 1128.000000 0.980347 -0.940717
 1129.000000 0.854020 -0.835536
 1130.000000 0.886093 -0.961715
 1131.000000 0.924425 -0.991431
 1132.000000 0.881451 -0.929078
 1133.000000 0.908206 -0.902706
 1134.000000 0.852468 -0.896521
 1135.000000 0.994919 -0.953702
 1136.000000 0.884248 -0.950072
 1137.000000 0.976898 -0.886403
 1138.000000 0.857409 -0.913601
 1139.000000 0.880702 -0.948125
 1140.000000 0.865571 -0.799361
 1141.000000 0.923766 -0.875767
 1142.000000 0.898991 -0.882778
 1143.000000 0.894753 -0.934319
 1144.000000 0.896985 -0.797759
 1145.000000 0.866324 -0.854553
 1146.000000 0.965440 -0.820048
 1147.000000 0.879358 -0.819732
 1148.000000 0.918150 -0.867474
 1149.000000 0.922908 -0.943661
 1150.000000 0.926777 -0.873299
 1151.000000 1.023066 -0.931761
 1152.000000 0.957245 -0.864820
 1153.000000 0.936305 -0.798461
 1154.000000 0.946354 -0.841960
 1155.000000 0.820434 -0.771951
 1156.000000 0.894075 -0.945330
 1157.000000 0.890353 -0.852709
 1158.000000 0.889500 -0.856558
 1159.000000 0.784404 -0.846659
 1160.000000 0.867104 -0.892214
 1161.000000 0.893352 -0.887030
 1162.000000 0.902532 -0.897943
 1163.000000 0.932670 -0.798080
 1164.000000 0.905786 -0.822142
 1165.000000 0.925274 -0.852615
 1166.000000 0.946657 -0.798304
 1167.000000 0.936138 -0.826756
 1168.000000 0.868011 -0.865912
 1169.000000 0.858986 -0.780859
 1170.000000 0.965782 -0.845219
 1171.000000 0.947357 -0.905148
 1172.000000 0.895893 -0.839140
 1173.000000 0.839724 -0.794576
 1174.000000 0.894508 -0.843108
 1175.000000 0.871062 -0.852791
 1176.000000 0.948617 -0.873757
 1177.000000 1.011184 -0.889793
 1178.000000 0.887778 -0.853669
 1179.000000 0.979241 -0.829755
 1180.000000 0.942666 -0.896993
 1181.000000 0.926540 -0.963712
 1182.000000 0.978986 -0.930891
 1183.000000 0.853689 -0.967210
 1184.000000 0.893381 -0.831872
 1185.000000 0.878316 -0.823110
 1186.000000 0.949570 -0.893893
 1187.000000 0.875905 -0.815808
 1188.000000 0.886666 -0.924324
 1189.000000 0.906179 -0.930250
 1190.000000 0.908651 -0.855087
 1191.000000 0.953890 -0.749944
 1192.000000 0.846726 -0.930303
 1193.000000 0.843585 -0.799058
 1194.000000 0.895537 -0.787225
 1195.000000 0.858562 -0.948071
 1196.000000 0.842442 -0.796702
 1197.000000 0.812818 -0.881364
 1198.000000 0.892788 -0.753796
 1199.000000 0.802136 -0.793872
 1200.000000 0.783626 -0.867419
 1201.000000 0.892347 -0.860656
 1202.000000 0.982231 -0.872460
 1203.000000 0.932720 -0.828648
 1204.000000 1.034771 -0.886253
 1205.000000 0.818485 -0.825662
 1206.000000 0.901935 -0.896368
 1207.000000 0.908816 -0.850049
 1208.000000 0.884145 -0.930079
 1209.000000 0.893475 -0.835461
 1210.000000 0.909376 -0.837652
 1211.000000 0.926293 -0.876937
 1212.000000 0.791270 -0.889235
 1213.000000 0.817890 -0.834161
 1214.000000 0.887633 -0.822249
 1215.000000 0.879801 -0.853967
 1216.000000 0.906959 -0.901217
 1217.000000 0.906553 -0.922074
 1218.000000 0.888051 -0.902709
 1219.000000 0.868410 -0.883897
 1220.000000 0.809462 -0.847908
 1221.000000 0.914629 -0.871477
 1222.000000 0.892922 -0.872032
 1223.000000 0.912440 -0.990231
 1224.000000 0.959679 -0.972038
 1225.000000 0.822609 -0.937750
 1226.000000 0.954812 -0.881639
 1227.000000 0.901132 -0.952204
 1228.000000 0.969097 -0.888528
 1229.000000 0.920360 -0.839726
 1230.000000 0.783692 -0.880528
 1231.000000 0.872808 -0.776915
 1232.000000 0.850588 -0.908520
 1233.000000 0.915971 -0.910365
 1234.000000 0.854199 -0.845452
 1235.000000 0.870508 -0.911388
 1236.000000 0.869847 -0.859665
 1237.000000 0.818051 -0.783942
 1238.000000 0.837328 -0.877185
 1239.000000 0.878516 -0.936742
 1240.000000 0.920407 -0.829616
 1241.000000 0.906787 -0.764348
 1242.000000 0.858287 -0.844997
 1243.000000 0.925404 -0.759517
 1244.000000 0.932313 -0.819878
 1245.000000 0.921543 -0.839999
 1246.000000 0.880523 -0.832660
 1247.000000 0.860319 -0.959595
 1248.000000 0.873670 -0.840832
 1249.000000 0.968667 -0.859632
 1250.000000 0.933423 -0.791327
 1251.000000 0.895314 -0.895422
 1252.000000 0.850440 -0.908309
 1253.000000 0.986017 -0.842682
 1254.000000 0.909844 -0.903144
 1255.000000 0.902911 -0.954070
 1256.000000 0.913585 -0.864898
 1257.000000 0.999481 -0.879703
 1258.000000 0.925172 -0.828307
 1259.000000 0.907793 -0.870923
 1260.000000 0.903554 -0.898370
 1261.000000 0.965205 -0.808936
 1262.000000 0.914544 -0.908172
 1263.000000 0.784101 -0.794645
 1264.000000 0.837949 -0.823146
 1265.000000 0.913884 -0.865178
 1266.000000 0.883526 -0.942007
 1267.000000 0.913113 -0.739281
 1268.000000 0.935216 -0.787874
 1269.000000 1.004837 -0.850792
 1270.000000 0.893786 -0.848706
 1271.000000 0.905499 -0.821889
 1272.000000 0.915192 -0.746561
 1273.000000 0.857297 -0.900395
 1274.000000 0.822586 -0.873740
 1275.000000 0.893870 -0.887256
 1276.000000 0.961682 -0.907994
 1277.000000 0.837583 -0.756408
 1278.000000 0.867034 -0.846613
 1279.000000 1.003816 -0.910009
 1280.000000 0.975318 -0.868509
 1281.000000 0.947330 -0.901461
 1282.000000 0.847531 -0.874935
 1283.000000 0.965376 -0.887221
 1284.000000 0.943085 -0.914653
 1285.000000 0.837207 -0.854935
 1286.000000 0.896973 -0.839454
 1287.000000 0.801632 -0.917289
 1288.000000 0.919037 -0.880910
 1289.000000 0.882619 -0.847595
 1290.000000 0.869309 -0.840492
 1291.000000 0.871525 -0.870092
 1292.000000 0.888739 -0.899707
 1293.000000 0.872449 -0.914848
 1294.000000 0.909436 -0.831918
 1295.000000 0.824012 -0.723972
 1296.000000 0.836606 -0.851070
 1297.000000 0.944381 -0.892657
 1298.000000 0.842822 -0.851961
 1299.000000 0.900732 -0.833259
 1300.000000 0.988700 -0.793541
 1301.000000 0.813476 -0.856657
 1302.000000 0.893028 -0.800027
 1303.000000 0.807204 -0.866043
 1304.000000 0.886820 -0.901441
 1305.000000 0.900103 -0.867523
 1306.000000 0.869649 -0.886874
 1307.000000 0.942892 -0.866499
 1308.000000 0.828270 -0.801039
 1309.000000 0.793819 -0.857059
 1310.000000 0.938395 -0.926675
 1311.000000 0.865267 -0.875686
 1312.000000 0.783640 -0.775273
 1313.000000 0.888960 -0.856329
 1314.000000 0.902320 -0.870799
 1315.000000 0.860223 -0.909319
 1316.000000 0.954660 -0.851135
 1317.000000 0.909549 -0.837568
 1318.000000 0.928329 -0.948557
 1319.000000 0.943423 -0.828615
 1320.000000 0.828562 -0.837222
 1321.000000 0.926523 -0.873616
 1322.000000 0.923013 -0.874434
 1323.000000 0.865478 -0.838986
 1324.000000 0.947609 -0.886272
 1325.000000 0.943498 -0.976899
 1326.000000 0.859412 -0.855073
 1327.000000 0.841422 -0.900551
 1328.000000 0.854625 -0.848878
 1329.000000 0.899958 -0.881964
 1330.000000 0.900674 -0.922586
 1331.000000 0.882169 -0.885350
 1332.000000 0.967763 -0.931421
 1333.000000 0.932171 -0.921378
 1334.000000 0.906487 -0.939156
 1335.000000 0.875361 -0.914100
 1336.000000 0.932064 -0.982566
 1337.000000 0.956936 -0.868820
 1338.000000 0.971670 -0.794204
 1339.000000 0.909134 -0.926153
 1340.000000 0.863042 -0.877149
 1341.000000 0.908614 -0.843243
 1342.000000 0.931942 -0.940165
 1343.000000 0.896544 -0.903121
 1344.000000 0.894247 -0.914160
 1345.000000 0.932876 -0.895927
 1346.000000 0.862546 -0.896134
 1347.000000 0.880333 -0.877136
 1348.000000 0.876865 -0.927396
 1349.000000 0.960427 -1.025749
 1350.000000 0.944909 -0.872582
 1351.000000 0.972384 -0.916665
 1352.000000 0.934462 -0.850196
 1353.000000 0.880973 -0.863939
 1354.000000 0.896492 -0.933746
 1355.000000 0.976536 -0.836743
 1356.000000 0.934136 -0.952760
 1357.000000 0.885280 -0.857586
 1358.000000 0.925250 -0.829471
 1359.000000 0.883790 -0.974597
 1360.000000 0.907764 -0.923527
 1361.000000 0.856137 -0.951677
 1362.000000 0.838406 -0.980489
 1363.000000 0.989172 -0.889443
 1364.000000 0.913726 -0.951409
 1365.000000 0.948087 -0.830149
 1366.000000 0.917993 -0.934144
 1367.000000 0.932049 -0.875750
 1368.000000 0.890108 -0.983874
 1369.000000 0.923504 -0.903618
 1370.000000 0.947589 -0.865168
 1371.000000 0.909275 -0.879697
 1372.000000 0.934900 -0.847932
 1373.000000 0.901779 -0.809118
 1374.000000 0.827374 -0.808378
 1375.000000 0.949580 -0.905140
 1376.000000 0.892245 -0.930181
 1377.000000 0.908279 -0.920278
 1378.000000 0.953820 -0.864552
 1379.000000 0.809116 -0.932091
 1380.000000 0.894986 -0.990466
 1381.000000 1.077706 -0.877428
 1382.000000 0.873327 -0.926656
 1383.000000 0.946574 -1.001449
 1384.000000 0.923094 -0.879823
 1385.000000 0.890580 -0.855603
 1386.000000 0.764143 -0.814522
 1387.000000 0.857141 -0.929584
 1388.000000 0.907587 -0.953625
 1389.000000 0.919444 -0.882751
 1390.000000 0.886684 -0.913122
 1391.000000 0.901207 -0.911908
 1392.000000 0.927554 -0.951786
 1393.000000 0.858248 -0.910942
 1394.000000 0.908686 -0.967153
 1395.000000 0.913481 -0.890141
 1396.000000 0.897805 -0.904538
 1397.000000 0.953620 -0.959812
 1398.000000 0.923077 -0.922668
 1399.000000 0.985129 -0.936673
 1400.000000 0.879781 -0.909973
 1401.000000 0.934103 -0.881758
 1402.000000 0.886829 -0.887634
 1403.000000 0.817412 -0.931757
 1404.000000 0.836402 -0.883444
 1405.000000 0.887176 -0.853489
 1406.000000 0.977943 -0.876207
 1407.000000 0.914192 -0.899282
 1408.000000 0.944673 -0.963381
 1409.000000 0.973324 -0.789048
 1410.000000 0.931479 -0.887851
 1411.000000 0.966031 -0.842259
 1412.000000 0.871028 -0.906013
 1413.000000 0.925028 -0.916067
 1414.000000 0.908820 -0.896899
 1415.000000 0.992448 -0.906925
 1416.000000 0.955826 -0.896598
 1417.000000 0.927433 -0.868933
 1418.000000 0.855813 -0.824016
 1419.000000 0.939038 -0.897394
 1420.000000 0.897730 -0.860579
 1421.000000 0.893389 -0.771337
 1422.000000 0.898326 -0.845177
 1423.000000 0.869431 -0.899429
 1424.000000 0.982688 -0.790320
 1425.000000 0.911538 -0.801281
 1426.000000 0.943639 -0.733909
 1427.000000 0.821266 -0.905159
 1428.000000 0.830183 -0.888983
 1429.000000 0.876110 -0.898433
 1430.000000 0.854027 -0.836599
 1431.000000 0.863329 -0.818450
 1432.000000 0.895923 -0.833601
 1433.000000 0.882825 -0.829687
 1434.000000 0.932689 -0.757091
 1435.000000 0.907341 -0.840325
 1436.000000 0.874168 -0.928159
 1437.000000 0.878840 -0.924890
 1438.000000 0.938645 -0.932030
 1439.000000 0.895940 -0.916213
 1440.000000 0.902550 -0.914535
 1441.000000 0.880855 -0.902746
 1442.000000 0.910852 -0.876079
 1443.000000 0.932866 -0.919330
 1444.000000 0.943234 -0.987981
 1445.000000 0.881381 -0.858713
 1446.000000 1.020069 -0.865646
 1447.000000 0.852330 -0.815967
 1448.000000 0.895707 -0.945222
 1449.000000 0.780997 -0.857702
 1450.000000 0.984247 -0.924389
 1451.000000 0.962871 -1.058617
 1452.000000 0.934876 -0.980520
 1453.000000 0.885537 -0.925424
 1454.000000 0.921606 -0.855749
 1455.000000 0.834862 -0.812988
 1456.000000 0.801815 -0.918599
 1457.000000 0.904158 -0.917388
 1458.000000 0.877052 -0.850755
 1459.000000 0.840757 -0.825543
 1460.000000 0.946424 -0.825543
 1461.000000 0.894139 -0.883061
 1462.000000 0.924033 -0.807730
 1463.000000 0.891130 -0.790595
 1464.000000 0.843580 -0.852874
 1465.000000 0.864238 -0.907181
 1466.000000 0.842602 -0.845650
 1467.000000 0.824049 -0.922557
 1468.000000 0.932527 -0.936699
 1469.000000 0.882106 -0.873713
 1470.000000 0.910258 -0.840176
 1471.000000 0.888876 -0.904585
 1472.000000 0.854599 -0.860226
 1473.000000 0.987689 -0.941583
 1474.000000 0.955739 -0.823626
 1475.000000 0.941989 -0.888338
 1476.000000 0.879872 -0.854756
 1477.000000 0.915153 -0.915717
 1478.000000 0.913339 -0.840341
 1479.000000 0.966105 -0.874532
 1480.000000 0.929449 -0.838743
 1481.000000 0.938373 -0.897103
 1482.000000 0.966516 -0.834374
 1483.000000 0.869691 -0.953013
 1484.000000 0.974825 -0.883013
 1485.000000 0.975776 -0.910547
 1486.000000 0.829318 -0.805468
 1487.000000 0.845108 -0.897376
 1488.000000 1.025345 -0.880052
 1489.000000 1.045531 -0.895464
 1490.000000 0.987275 -0.826584
 1491.000000 0.890527 -0.872057
 1492.000000 0.928274 -0.854036
 1493.000000 0.941929 -0.881538
 1494.000000 0.907675 -0.796847
 1495.000000 0.895516 -0.743216
 1496.000000 0.912849 -0.828186
 1497.000000 0.943691 -0.943915
 1498.000000 0.901807 -0.906848
 1499.000000 0.925627 -0.940112
 1500.000000 0.904623 -0.758043
 1501.000000 0.932092 -0.815617
 1502.000000 1.004079 -0.820875
 1503.000000 1.000683 -0.765636
 1504.000000 0.969897 -0.877414
 1505.000000 0.971809 -0.856620
 1506.000000 0.914002 -0.923509
 1507.000000 0.895621 -0.844459
 1508.000000 0.873688 -0.816952
 1509.000000 0.895788 -0.849577
 1510.000000 0.885168 -0.819718
 1511.000000 0.937024 -0.872554
 1512.000000 0.919972 -0.822699
 1513.000000 0.891504 -0.814351
 1514.000000 0.902618 -0.775020
 1515.000000 0.872321 -0.804647
 1516.000000 0.883278 -0.812025
 1517.000000 0.875770 -0.866105
 1518.000000 0.926086 -0.924203
 1519.000000 0.913089 -0.896295
 1520.000000 0.958087 -0.863020
 1521.000000 0.966483 -0.835751
 1522.000000 0.883245 -0.875218
 1523.000000 0.958877 -0.790257
 1524.000000 0.917018 -0.793926
 1525.000000 0.927779 -0.775112
 1526.000000 0.929829 -0.912137
 1527.000000 0.951030 -0.862676
 1528.000000 0.885696 -0.891434
 1529.000000 0.902726 -0.856641
 1530.000000 0.855678 -0.852046
 1531.000000 0.852712 -0.859169
 1532.000000 0.975918 -0.890063
 1533.000000 0.906515 -0.874022
 1534.000000 0.916971 -0.815206
 1535.000000 0.850113 -0.884072
 1536.000000 0.885706 -0.839605
 1537.000000 0.963841 -0.866735
 1538.000000 0.985568 -0.783992
 1539.000000 0.951133 -0.838964
 1540.000000 0.829307 -0.783690
 1541.000000 1.009675 -0.789344
 1542.000000 1.083053 -0.861581
 1543.000000 0.906628 -0.942113
 1544.000000 0.876495 -0.894049
 1545.000000 0.930045 -0.980871
 1546.000000 0.987279 -0.935374
 1547.000000 0.885764 -0.883227
 1548.000000 0.925376 -0.913254
 1549.000000 0.932846 -0.958418
 1550.000000 0.920119 -0.913649
 1551.000000 0.913529 -0.924757
 1552.000000 0.886832 -1.035127
 1553.000000 0.938670 -0.831001
 1554.000000 0.915595 -0.902059
 1555.000000 0.970297 -0.821223
 1556.000000 1.047849 -0.908919
 1557.000000 0.902519 -0.962376
 1558.000000 0.970043 -0.876312
 1559.000000 0.995637 -0.918619
 1560.000000 0.963150 -0.769022
 1561.000000 0.861724 -0.817996
 1562.000000 0.914771 -0.885432
 1563.000000 0.961935 -0.848086
 1564.000000 0.978945 -0.825352
 1565.000000 0.868798 -0.879624
 1566.000000 0.931541 -0.860004
 1567.000000 0.953503 -0.750853
 1568.000000 0.834695 -0.854036
 1569.000000 0.923121 -0.823618
 1570.000000 0.912351 -0.859976
 1571.000000 0.942337 -0.898433
 1572.000000 0.953123 -0.904636
 1573.000000 0.939208 -0.831762
 1574.000000 0.976777 -0.872748
 1575.000000 0.914339 -0.860242
 1576.000000 0.942933 -0.893389
 1577.000000 0.972449 -0.843673
 1578.000000 0.878194 -0.916923
 1579.000000 0.900366 -0.866828
 1580.000000 0.960695 -0.941709
 1581.000000 1.043806 -0.875796
 1582.000000 0.907688 -0.946773
 1583.000000 0.893050 -0.880597
 1584.000000 0.907559 -0.904621
 1585.000000 0.915900 -0.935379
 1586.000000 0.910802 -0.958233
 1587.000000 0.928836 -0.918780
 1588.000000 0.916530 -0.951060
 1589.000000 0.858645 -0.885217
 1590.000000 0.970082 -0.908634
 1591.000000 0.963612 -0.916687
 1592.000000 0.985968 -0.850097
 1593.000000 0.906810 -0.948576
 1594.000000 0.906999 -0.907647
 1595.000000 0.872289 -0.834215
 1596.000000 0.925193 -0.897197
 1597.000000 1.006784 -0.951556
 1598.000000 0.879126 -0.858678
 1599.000000 0.957773 -0.834817
 1600.000000 0.893361 -0.689896
 1601.000000 0.939498 -0.845082
 1602.000000 0.887173 -0.807514
 1603.000000 0.945482 -0.889965
 1604.000000 0.921708 -0.916808
 1605.000000 0.864342 -0.822084
 1606.000000 1.020456 -0.862630
 1607.000000 1.033638 -0.853637
 1608.000000 0.919485 -0.825712
 1609.000000 0.980091 -0.861258
 1610.000000 0.953514 -0.871807
 1611.000000 0.873678 -0.800901
 1612.000000 0.905090 -0.806795
 1613.000000 0.962521 -0.944251
 1614.000000 0.948192 -0.861077
 1615.000000 0.968575 -0.821973
 1616.000000 0.970332 -0.958219
 1617.000000 0.954925 -0.916028
 1618.000000 1.034990 -0.955257
 1619.000000 0.944923 -0.871519
 1620.000000 0.983832 -0.821409
 1621.000000 0.856832 -0.945294
 1622.000000 0.886507 -0.885584
 1623.000000 0.906367 -0.973925
 1624.000000 0.943864 -0.865806
 1625.000000 0.882161 -0.926581
 1626.000000 0.939476 -0.911834
 1627.000000 0.970179 -0.950288
 1628.000000 0.967018 -0.883789
 1629.000000 0.878960 -0.923121
 1630.000000 0.871973 -0.889329
 1631.000000 1.027349 -0.804915
 1632.000000 0.983572 -0.841827
 1633.000000 0.943778 -0.922694
 1634.000000 0.969321 -0.759677
 1635.000000 0.895918 -0.831821
 1636.000000 0.998814 -0.879666
 1637.000000 0.924116 -0.864552
 1638.000000 1.002891 -0.940225
 1639.000000 1.012473 -0.847102
 1640.000000 0.926541 -0.945957
 1641.000000 1.008950 -0.838571
 1642.000000 0.957255 -0.862901
 1643.000000 0.913122 -0.937483
 1644.000000 0.943356 -0.800068
 1645.000000 0.867496 -0.842389
 1646.000000 0.896792 -0.866812
 1647.000000 0.903475 -0.931762
 1648.000000 0.862509 -0.856974
 1649.000000 0.956738 -0.902434
 1650.000000 0.925033 -0.914609
 1651.000000 0.946430 -0.858400
 1652.000000 0.889871 -0.808769
 1653.000000 0.956998 -0.874143
 1654.000000 0.949060 -0.740103
 1655.000000 0.873515 -0.820302
 1656.000000 0.949140 -0.820370
 1657.000000 0.856326 -0.748835
 1658.000000 0.982189 -0.922034
 1659.000000 0.975067 -0.897836
 1660.000000 0.906108 -0.802324
 1661.000000 0.853072 -0.896733
 1662.000000 0.982717 -0.904359
 1663.000000 0.888446 -0.886841
 1664.000000 0.833793 -0.938904
 1665.000000 0.931192 -0.904346
 1666.000000 0.987359 -1.015891
 1667.000000 0.895034 -0.909656
 1668.000000 0.950568 -0.800893
 1669.000000 0.879298 -0.869082
 1670.000000 0.788172 -0.897752
 1671.000000 0.934464 -0.818285
 1672.000000 0.911104 -0.848269
 1673.000000 0.905364 -0.814822
 1674.000000 0.944689 -0.857967
 1675.000000 0.909926 -0.912210
 1676.000000 0.924433 -0.854366
 1677.000000 0.893176 -0.948510
 1678.000000 0.868625 -0.936168
 1679.000000 0.841942 -0.931150
 1680.000000 0.868686 -0.932831
 1681.000000 0.851697 -0.874359
 1682.000000 0.841084 -0.838284
 1683.000000 0.920191 -0.843876
 1684.000000 0.854667 -0.848970
 1685.000000 0.903658 -0.931883
 1686.000000 0.829848 -0.877800
 1687.000000 0.901980 -0.848446
 1688.000000 0.887168 -0.775119
 1689.000000 0.825514 -0.832051
 1690.000000 0.906638 -0.929362
 1691.000000 0.910344 -0.873909
 1692.000000 0.837717 -0.883889
 1693.000000 0.930470 -0.760331
 1694.000000 0.905037 -0.804793
 1695.000000 0.902431 -0.917041
 1696.000000 0.931520 -0.928252
 1697.000000 0.910504 -0.825900
 1698.000000 0.965885 -0.872247
 1699.000000 0.941242 -0.881922
 1700.000000 0.951310 -0.851103
 1701.000000 0.968608 -0.885710
 1702.000000 0.872907 -0.855210
 1703.000000 0.951861 -0.947642
 1704.000000 0.939371 -0.914531
 1705.000000 0.939354 -0.803028
 1706.000000 0.898645 -0.872290
 1707.000000 0.922344 -0.885993
 1708.000000 0.943823 -0.832644
 1709.000000 0.889016 -0.825352
 1710.000000 0.938163 -0.787368
 1711.000000 0.914077 -0.894669
 1712.000000 0.841777 -0.833655
 1713.000000 0.934987 -0.973499
 1714.000000 0.969635 -0.803832
 1715.000000 0.898546 -0.834994
 1716.000000 0.846746 -0.799237
 1717.000000 0.908268 -0.892939
 1718.000000 0.862325 -0.773540
 1719.000000 0.876070 -0.929909
 1720.000000 0.969093 -0.922624
 1721.000000 0.839624 -0.897733
 1722.000000 0.941265 -0.893629
 1723.000000 0.920403 -0.910161
 1724.000000 0.886390 -0.787196
 1725.000000 0.924062 -0.847079
 1726.000000 0.913361 -0.910488
 1727.000000 1.054784 -0.855574
 1728.000000 0.958825 -0.878123
 1729.000000 0.985632 -0.953041
 1730.000000 0.932776 -0.866770
 1731.000000 0.940228 -0.880689
 1732.000000 0.813772 -0.975853
 1733.000000 0.869707 -0.965623
 1734.000000 0.847644 -0.833941
 1735.000000 0.886477 -0.935981
 1736.000000 0.868256 -0.906290
 1737.000000 0.910239 -0.862587
 1738.000000 0.919955 -0.797883
 1739.000000 0.936587 -0.750645
 1740.000000 0.909436 -0.844831
 1741.000000 0.976408 -0.912047
 1742.000000 0.936915 -0.831522
 1743.000000 0.914422 -0.699201
 1744.000000 0.979569 -0.953798
 1745.000000 0.832524 -0.844585
 1746.000000 0.938677 -0.833860
 1747.000000 0.811223 -0.808181
 1748.000000 0.975527 -0.930990
 1749.000000 0.959765 -0.821637
 1750.000000 0.875768 -0.878635
 1751.000000 0.879068 -0.904215
 1752.000000 0.813685 -0.834299
 1753.000000 0.936563 -0.915385
 1754.000000 0.899908 -0.833580
 1755.000000 0.909940 -0.889423
 1756.000000 0.883445 -0.902114
 1757.000000 0.887127 -0.915563
 1758.000000 0.828829 -0.846441
 1759.000000 0.939434 -0.808066
 1760.000000 0.948131 -0.820637
 1761.000000 0.791904 -0.798420
 1762.000000 0.869054 -0.886901
 1763.000000 0.837887 -0.730858
 1764.000000 0.968890 -0.783241
 1765.000000 0.922645 -0.833229
 1766.000000 0.972991 -0.889039
 1767.000000 0.920690 -0.924090
 1768.000000 0.829959 -0.814567
 1769.000000 0.931201 -0.851026
 1770.000000 0.883477 -0.843896
 1771.000000 0.813241 -0.802380
 1772.000000 0.935239 -0.880845
 1773.000000 0.785869 -0.845576
 1774.000000 0.868466 -0.830932
 1775.000000 0.882305 -0.868201
 1776.000000 0.808267 -0.890515
 1777.000000 0.989924 -0.809901
 1778.000000 0.923513 -0.848763
 1779.000000 0.843892 -0.884215
 1780.000000 0.938872 -0.885616
 1781.000000 0.906284 -0.859579
 1782.000000 0.902435 -0.912403
 1783.000000 0.893648 -0.833642
 1784.000000 0.914383 -0.804179
 1785.000000 0.821741 -0.941647
 1786.000000 0.826071 -0.875924
 1787.000000 0.897600 -0.864720
 1788.000000 0.920286 -0.826317
 1789.000000 0.867456 -0.864814
 1790.000000 0.833441 -0.861413
 1791.000000 0.926713 -0.792698
 1792.000000 0.892591 -0.717755
 1793.000000 0.906242 -0.804419
 1794.000000 0.847275 -0.844451
 1795.000000 0.877923 -0.866975
 1796.000000 0.890051 -0.834363
 1797.000000 0.881977 -0.894420
 1798.000000 0.907940 -0.719584
 1799.000000 0.796574 -0.869647
 1800.000000 0.884382 -0.752021
 1801.000000 0.874125 -0.808657
 1802.000000 0.950646 -0.742968
 1803.000000 0.913109 -0.879865
 1804.000000 0.938179 -0.900047
 1805.000000 0.862037 -0.896253
 1806.000000 0.871737 -0.904019
 1807.000000 0.851685 -0.840928
 1808.000000 0.825309 -0.855956
 1809.000000 0.961735 -0.883778
 1810.000000 0.829302 -0.895289
 1811.000000 0.842977 -0.802933
 1812.000000 0.909819 -0.917329
 1813.000000 0.819621 -0.940518
 1814.000000 0.809336 -0.823069
 1815.000000 0.871904 -0.896360
 1816.000000 0.768071 -0.825907
 1817.000000 0.851889 -0.820895
 1818.000000 0.874158 -0.802278
 1819.000000 0.724087 -0.823572
 1820.000000 0.797906 -0.787240
 1821.000000 0.815585 -0.762849
 1822.000000 0.838228 -0.828174
 1823.000000 0.937705 -0.784173
 1824.000000 0.962614 -0.870293
 1825.000000 0.761542 -0.846328
 1826.000000 0.960186 -0.852626
 1827.000000 0.905360 -0.863846
 1828.000000 0.832050 -0.855457
 1829.000000 0.871611 -0.810634
 1830.000000 0.918512 -0.819728
 1831.000000 0.934564 -0.915927
 1832.000000 0.783942 -0.864315
 1833.000000 0.887781 -0.906433
 1834.000000 0.892844 -1.015866
 1835.000000 0.926711 -0.873718
 1836.000000 0.947379 -0.841770
 1837.000000 0.863570 -0.866051
 1838.000000 0.951419 -0.881199
 1839.000000 0.849434 -0.845463
 1840.000000 0.794318 -0.866423
 1841.000000 0.880852 -0.900167
 1842.000000 0.909178 -0.878967
 1843.000000 0.970704 -0.874607
 1844.000000 0.986299 -0.873899
 1845.000000 0.925766 -0.850667
 1846.000000 0.873008 -0.825266
 1847.000000 0.898540 -0.867934
 1848.000000 0.877764 -0.878546
 1849.000000 0.811437 -0.859079
 1850.000000 0.816259 -0.839169
 1851.000000 0.811729 -0.888141
 1852.000000 0.918182 -0.942132
 1853.000000 0.928830 -0.803909
 1854.000000 0.898495 -0.879328
 1855.000000 0.828067 -0.945928
 1856.000000 0.899546 -0.886120
 1857.000000 0.951266 -0.912302
 1858.000000 0.906202 -0.914191
 1859.000000 0.856708 -0.885535
 1860.000000 0.808808 -0.855047
 1861.000000 0.900255 -1.015728
 1862.000000 0.851472 -0.861862
 1863.000000 0.840812 -0.995879
 1864.000000 0.758189 -0.920240
 1865.000000 0.823084 -0.841230
 1866.000000 0.847561 -0.885412
 1867.000000 0.810015 -0.937077
 1868.000000 0.859877 -0.895125
 1869.000000 0.871907 -0.799496
 1870.000000 0.949866 -0.844449
 1871.000000 0.908607 -0.892489
 1872.000000 0.922038 -0.900653
 1873.000000 0.850253 -0.901414
 1874.000000 0.933765 -0.969465
 1875.000000 0.906783 -0.893695
 1876.000000 0.824274 -0.939074
 1877.000000 0.829138 -0.925281
 1878.000000 0.852628 -0.835490
 1879.000000 0.813503 -0.905376
 1880.000000 0.856273 -0.902492
 1881.000000 0.876626 -0.840080
 1882.000000 0.929478 -0.851020
 1883.000000 0.937711 -0.768435
 1884.000000 0.910546 -0.919323
 1885.000000 0.891264 -0.938507
 1886.000000 0.879515 -0.909216
 1887.000000 0.835819 -0.920263
 1888.000000 0.879585 -0.857768
 1889.000000 0.915591 -0.965651
 1890.000000 0.900608 -0.838883
 1891.000000 0.829843 -0.794495
 1892.000000 0.963023 -0.935221
 1893.000000 0.921185 -0.907936
 1894.000000 0.862032 -0.887959
 1895.000000 0.865625 -0.874489
 1896.000000 0.958021 -0.862737
 1897.000000 0.959603 -0.896874
 1898.000000 0.969916 -0.923012
 1899.000000 0.917796 -0.829557
 1900.000000 0.825115 -0.868387
 1901.000000 0.767416 -0.847294
 1902.000000 0.794797 -0.815011
 1903.000000 0.960509 -0.831825
 1904.000000 0.852870 -0.788635
 1905.000000 0.990704 -0.850530
 1906.000000 0.873905 -0.899637
 1907.000000 0.979510 -0.778273
 1908.000000 0.927276 -0.869245
 1909.000000 0.841280 -0.772693
 1910.000000 0.845796 -0.857510
 1911.000000 0.871378 -0.896539
 1912.000000 0.928306 -0.865730
 1913.000000 0.883475 -0.894416
 1914.000000 0.891398 -0.965018
 1915.000000 0.834538 -0.828737
 1916.000000 0.937655 -1.006407
 1917.000000 0.846436 -0.909223
 1918.000000 0.838323 -0.837453
 1919.000000 0.898349 -0.861856
 1920.000000 0.895415 -0.753274
 1921.000000 0.894526 -0.845978
 1922.000000 0.864809 -0.931593
 1923.000000 0.790036 -0.882422
 1924.000000 0.816354 -0.916055
 1925.000000 0.835844 -0.880704
 1926.000000 0.946122 -0.912567
 1927.000000 0.840457 -0.860007
 1928.000000 0.771697 -0.797089
 1929.000000 0.852627 -0.801596
 1930.000000 0.868251 -0.865152
 1931.000000 0.833748 -0.969459
 1932.000000 0.826870 -0.919333
 1933.000000 0.860414 -0.885120
 1934.000000 0.935322 -0.809549
 1935.000000 0.816030 -0.907759
 1936.000000 0.856430 -0.786672
 1937.000000 0.904660 -0.932886
 1938.000000 0.868665 -0.802572
 1939.000000 0.852271 -0.935357
 1940.000000 0.896395 -0.869016
 1941.000000 0.977881 -0.864404
 1942.000000 0.885274 -0.929664
 1943.000000 0.890477 -0.836973
 1944.000000 0.861855 -0.790681
 1945.000000 0.876254 -0.793589
 1946.000000 0.866945 -0.892917
 1947.000000 0.835040 -0.787438
 1948.000000 0.932676 -0.908982
 1949.000000 0.847163 -0.946943
 1950.000000 0.979845 -0.832491
 1951.000000 0.905404 -0.837872
 1952.000000 0.855365 -0.879420
 1953.000000 0.869418 -0.866026
 1954.000000 0.884114 -0.853433
 1955.000000 0.979531 -0.858184
 1956.000000 0.854883 -0.754561
 1957.000000 0.879300 -0.965246
 1958.000000 0.927867 -0.925005
 1959.000000 0.875663 -0.877922
 1960.000000 0.894842 -0.917868
 1961.000000 0.966268 -0.858791
 1962.000000 0.987481 -0.772268
 1963.000000 0.859845 -0.901185
 1964.000000 0.812868 -0.903883
 1965.000000 0.914475 -0.943654
 1966.000000 0.900237 -0.837199
 1967.000000 0.875877 -0.950794
 1968.000000 0.838264 -0.964974
 1969.000000 0.892240 -1.054233
 1970.000000 0.857425 -0.947253
 1971.000000 0.934779 -0.899480
 1972.000000 0.751412 -0.810552
 1973.000000 0.825375 -0.885449
 1974.000000 0.986873 -0.824759
 1975.000000 0.855797 -0.787727
 1976.000000 0.951177 -0.826820
 1977.000000 0.827140 -0.902500
 1978.000000 0.884095 -0.872417
 1979.000000 0.910668 -0.861581
 1980.000000 0.863421 -0.891344
 1981.000000 0.876217 -0.889036
 1982.000000 0.910831 -0.950605
 1983.000000 0.810187 -0.876875
 1984.000000 0.827949 -0.879910
 1985.000000 0.931135 -0.892679
 1986.000000 0.881280 -0.894513
 1987.000000 0.852877 -0.896167
 1988.000000 0.940445 -0.887706
 1989.000000 0.835732 -0.967670
 1990.000000 0.933393 -0.961975
 1991.000000 0.830585 -0.896622
 1992.000000 0.933211 -1.032253
 1993.000000 0.951930 -0.922496
 1994.000000 0.894917 -0.859077
 1995.000000 0.873536 -0.876047
 1996.000000 0.914318 -0.814008
 1997.000000 0.933639 -0.945403
 1998.000000 0.876816 -0.891500
 1999.000000 0.918783 -0.891609
 2000.000000 0.908265 -0.937508
 2001.000000 0.903774 -0.967010
 2002.000000 0.968103 -0.990141
 2003.000000 0.989812 -0.945682
 2004.000000 0.944780 -0.896141
 2005.000000 0.974309 -0.914353
 2006.000000 0.924689 -0.926165
 2007.000000 1.039494 -0.858606
 2008.000000 0.853897 -0.966212
 2009.000000 0.942330 -0.950308
 2010.000000 0.966465 -0.934665
 2011.000000 0.854884 -0.961584
 2012.000000 0.845783 -0.898749
 2013.000000 1.046420 -0.927390
 2014.000000 0.855286 -0.923235
 2015.000000 0.929770 -1.016524
 2016.000000 0.909528 -0.817771
 2017.000000 0.919582 -0.875309
 2018.000000 1.010336 -0.897198
 2019.000000 0.876281 -0.873610
 2020.000000 0.979966 -0.991070
 2021.000000 0.873483 -0.857942
 2022.000000 0.877999 -0.853773
 2023.000000 0.921579 -0.890304
 2024.000000 0.919898 -0.925137
 2025.000000 0.953445 -0.894860
 2026.000000 0.915250 -0.971056
 2027.000000 0.843706 -0.893122
 2028.000000 0.863909 -0.903163
 2029.000000 0.909206 -0.795593
 2030.000000 0.882847 -0.897754
 2031.000000 0.883382 -0.902242
 2032.000000 0.890394 -0.948592
 2033.000000 0.809079 -0.959103
 2034.000000 0.971843 -0.903945
 2035.000000 0.935450 -0.870511
 2036.000000 0.931822 -0.986980
 2037.000000 0.864881 -0.857793
 2038.000000 0.929960 -0.954353
 2039.000000 0.886793 -0.914644
 2040.000000 0.825979 -0.847195
 2041.000000 0.857765 -0.904475
 2042.000000 0.883932 -0.798244
 2043.000000 0.962514 -0.818923
 2044.000000 0.762197 -0.866168
 2045.000000 0.939310 -0.796427
 2046.000000 0.858895 -0.901091
 2047.000000 0.965505 -0.902866
 2048.000000 0.910964 -0.872012
 2049.000000 0.991542 -0.938045
 2050.000000 0.879762 -0.918343
 2051.000000 1.046057 -0.860887
 2052.000000 1.026785 -0.879537
 2053.000000 0.922435 -0.899106
 2054.000000 1.050998 -0.844410
 2055.000000 0.973889 -0.862026
 2056.000000 0.886171 -0.837139
 2057.000000 0.973978 -0.867633
 2058.000000 0.906629 -1.007254
 2059.000000 0.942315 -0.933256
 2060.000000 0.930943 -0.907028
 2061.000000 0.965165 -0.897128
 2062.000000 0.883461 -0.924238
 2063.000000 0.953857 -0.965251
 2064.000000 0.900206 -0.936942
 2065.000000 0.991991 -0.915169
 2066.000000 0.950458 -0.834285
 2067.000000 0.881803 -0.864288
 2068.000000 0.996218 -0.909012
 2069.000000 0.980680 -0.803098
 2070.000000 1.020013 -0.967114
 2071.000000 0.940515 -0.806168
 2072.000000 0.853483 -0.863117
 2073.000000 0.979387 -0.831448
 2074.000000 0.881741 -0.771652
 2075.000000 0.921124 -0.812907
 2076.000000 0.916722 -0.893209
 2077.000000 0.970421 -0.839699
 2078.000000 0.747660 -0.978738
 2079.000000 0.851488 -0.980227
 2080.000000 0.809032 -0.957261
 2081.000000 0.828371 -0.925272
 2082.000000 0.812005 -0.919981
 2083.000000 0.927760 -0.931303
 2084.000000 0.893728 -0.925700
 2085.000000 0.805585 -0.999317
 2086.000000 0.906031 -0.880647
 2087.000000 0.856135 -0.789177
 2088.000000 0.848113 -0.867250
 2089.000000 0.882664 -0.833674
 2090.000000 0.908440 -0.899573
 2091.000000 0.977574 -0.934456
 2092.000000 0.969460 -0.868003
 2093.000000 0.899506 -0.908411
 2094.000000 0.860910 -0.828630
 2095.000000 0.969702 -0.896553
 2096.000000 0.958710 -0.833379
 2097.000000 0.997198 -0.896362
 2098.000000 0.967371 -0.861861
 2099.000000 0.977429 -0.880036
 2100.000000 0.795496 -0.856391
 2101.000000 0.855275 -0.828490
 2102.000000 0.928801 -0.925012
 2103.000000 1.030606 -0.795730
 2104.000000 1.001674 -0.874858
 2105.000000 0.842820 -0.855470
 2106.000000 0.876125 -0.853473
 2107.000000 0.787863 -0.875056
 2108.000000 0.923812 -0.935540
 2109.000000 0.852074 -0.940838
 2110.000000 0.932120 -0.843189
 2111.000000 0.871491 -0.910536
 2112.000000 0.871215 -0.924524
 2113.000000 0.960215 -0.921246
 2114.000000 0.971714 -0.894713
 2115.000000 0.893360 -0.822382
 2116.000000 0.915349 -0.838318
 2117.000000 0.875061 -0.838093
 2118.000000 0.900560 -0.857778
 2119.000000 0.942726 -0.809156
 2120.000000 0.849093 -0.871249
 2121.000000 0.919291 -0.928509
 2122.000000 0.890044 -0.868382
 2123.000000 0.985019 -0.851983
 2124.000000 0.924118 -0.864573
 2125.000000 0.943308 -0.899594
 2126.000000 0.937786 -0.922816
 2127.000000 0.946723 -0.778033
 2128.000000 0.903876 -0.871792
 2129.000000 1.014818 -0.861625
 2130.000000 0.940924 -0.855201
 2131.000000 0.937732 -0.892588
 2132.000000 0.957877 -0.887984
 2133.000000 0.945287 -0.798384
 2134.000000 0.974021 -0.762451
 2135.000000 1.025199 -0.937800
 2136.000000 0.936676 -0.837412
 2137.000000 0.905193 -0.793074
 2138.000000 0.889205 -0.736973
 2139.000000 0.936067 -0.847753
 2140.000000 0.980015 -0.903058
 2141.000000 0.919107 -0.889576
 2142.000000 0.908634 -0.782435
 2143.000000 0.931230 -0.983348
 2144.000000 0.919105 -0.761669
 2145.000000 0.947023 -0.821161
 2146.000000 0.973153 -0.778348
 2147.000000 0.905916 -0.774824
 2148.000000 0.936041 -1.004096
 2149.000000 0.878778 -0.812281
 2150.000000 0.943398 -0.780199
 2151.000000 0.923178 -0.855526
 2152.000000 0.939191 -0.859543
 2153.000000 0.890663 -1.008212
 2154.000000 0.912227 -0.806633
 2155.000000 0.923042 -0.826316
 2156.000000 0.959758 -0.994947
 2157.000000 0.955479 -0.835110
 2158.000000 0.978974 -0.897102
 2159.000000 0.984439 -0.751610
 2160.000000 0.955407 -0.899523
 2161.000000 0.898862 -0.893292
 2162.000000 0.892040 -0.870126
 2163.000000 0.972890 -0.987592
 2164.000000 0.947948 -0.935335
 2165.000000 0.900586 -0.926073
 2166.000000 0.885247 -0.776823
 2167.000000 0.988605 -0.862442
 2168.000000 0.908979 -0.869804
 2169.000000 0.944912 -0.816394
 2170.000000 0.973988 -0.899895
 2171.000000 0.893512 -0.943437
 2172.000000 0.934967 -0.813253
 2173.000000 0.931516 -0.791636
 2174.000000 0.945801 -0.847792
 2175.000000 0.895513 -0.896918
 2176.000000 0.991642 -0.869046
 2177.000000 0.888947 -0.867245
 2178.000000 0.932587 -0.901538
 2179.000000 1.023852 -0.901119
 2180.000000 0.935288 -0.856477
 2181.000000 0.952536 -1.028346
 2182.000000 0.920586 -0.800869
 2183.000000 0.946809 -0.884941
 2184.000000 0.891593 -0.911917
 2185.000000 0.912778 -0.913314
 2186.000000 0.950759 -0.870790
 2187.000000 0.894499 -0.880391
 2188.000000 0.913055 -0.781695
 2189.000000 0.965675 -0.870034
 2190.000000 0.836993 -0.698451
 2191.000000 0.947000 -0.810898
 2192.000000 0.920196 -0.791035
 2193.000000 0.956690 -0.853436
 2194.000000 0.899112 -0.827773
 2195.000000 0.966674 -0.911175
 2196.000000 0.923894 -0.886725
 2197.000000 0.937232 -0.896028
 2198.000000 0.939546 -0.866475
 2199.000000 0.944373 -0.896405
 2200.000000 0.987436 -0.906746
 2201.000000 0.948289 -0.828631
 2202.000000 0.961424 -0.874682
 2203.000000 0.973076 -0.820925
 2204.000000 0.892201 -0.913017
 2205.000000 0.934144 -0.893263
 2206.000000 0.907918 -0.787133
 2207.000000 0.917820 -0.860369
 2208.000000 0.950246 -0.914846
 2209.000000 0.862229 -0.820337
 2210.000000 0.931595 -0.752790
 2211.000000 0.869218 -0.886490
 2212.000000 0.872655 -0.842426
 2213.000000 0.949455 -0.928569
 2214.000000 0.940046 -0.849535
 2215.000000 0.893397 -0.895689
 2216.000000 0.991322 -0.911852
 2217.000000 0.882516 -0.857322
 2218.000000 0.978065 -0.987751
 2219.000000 0.929318 -0.870839
 2220.000000 1.026272 -0.858784
 2221.000000 1.031540 -0.856122
 2222.000000 0.941263 -0.788640
 2223.000000 1.060844 -0.821663
 2224.000000 1.001133 -0.874837
 2225.000000 1.021622 -0.834017
 2226.000000 1.032345 -0.870958
 2227.000000 0.974396 -0.761272
 2228.000000 0.943270 -0.798058
 2229.000000 0.987575 -0.795012
 2230.000000 0.938000 -0.825477
 2231.000000 0.994678 -0.784570
 2232.000000 1.027473 -0.780445
 2233.000000 0.890692 -0.839849
 2234.000000 0.990818 -0.849988
 2235.000000 0.853971 -0.862267
 2236.000000 0.870943 -0.877129
 2237.000000 0.972922 -0.867254
 2238.000000 0.896740 -0.739090
 2239.000000 0.890393 -0.788106
 2240.000000 0.945202 -0.828782
 2241.000000 0.949832 -0.745456
 2242.000000 0.919407 -0.774758
 2243.000000 0.953164 -0.815633
 2244.000000 0.937861 -0.844354
 2245.000000 0.890899 -0.823818
 2246.000000 0.906165 -0.858730
 2247.000000 0.913124 -0.895493
 2248.000000 0.886062 -0.838179
 2249.000000 0.933055 -0.909635
 2250.000000 0.910673 -0.812027
 2251.000000 0.915557 -0.915700
 2252.000000 0.977656 -0.852109
 2253.000000 0.950960 -0.931897
 2254.000000 0.811454 -0.835455
 2255.000000 0.926207 -0.876232
 2256.000000 0.866947 -0.913188
 2257.000000 0.958669 -0.830780
 2258.000000 0.840244 -0.776684
 2259.000000 0.943889 -0.797031
 2260.000000 0.932977 -0.701185
 2261.000000 0.907266 -0.789381
 2262.000000 0.907821 -0.808615
 2263.000000 0.874012 -0.931982
 2264.000000 0.936116 -0.752470
 2265.000000 0.908518 -0.846587
 2266.000000 0.872991 -0.921114
 2267.000000 0.851365 -0.760615
 2268.000000 0.909073 -0.812490
 2269.000000 0.783673 -0.778596
 2270.000000 0.919733 -0.814741
 2271.000000 0.945053 -0.914735
 2272.000000 0.920568 -0.840115
 2273.000000 0.926634 -0.835741
 2274.000000 0.844547 -0.908651
 2275.000000 0.937263 -0.959997
 2276.000000 0.840464 -0.917897
 2277.000000 0.899997 -0.847907
 2278.000000 0.952688 -0.896726
 2279.000000 0.944064 -0.847437
 2280.000000 0.913643 -0.816185
 2281.000000 0.827256 -0.891730
 2282.000000 0.793057 -0.922831
 2283.000000 0.918600 -0.802614
 2284.000000 0.903298 -0.816295
 2285.000000 0.915611 -0.778994
 2286.000000 1.013305 -0.841948
 2287.000000 0.996991 -0.805874
 2288.000000 0.991088 -0.788153
 2289.000000 0.931454 -0.859964
 2290.000000 0.933044 -0.819492
 2291.000000 0.973638 -0.881714
 2292.000000 0.887934 -0.795106
 2293.000000 0.913995 -0.816909
 2294.000000 0.891088 -0.774382
 2295.000000 0.924470 -0.857975
 2296.000000 0.935814 -0.926442
 2297.000000 0.947262 -0.872529
 2298.000000 0.961261 -0.825255
 2299.000000 0.931232 -0.777691
 2300.000000 0.934290 -0.803100
 2301.000000 0.993037 -0.891192
 2302.000000 0.962343 -0.859578
 2303.000000 0.890661 -0.834408
 2304.000000 0.992803 -0.839599
 2305.000000 0.915869 -0.919315
 2306.000000 0.995604 -0.888107
 2307.000000 0.972198 -0.802397
 2308.000000 0.953908 -0.841910
 2309.000000 1.004995 -0.889145
 2310.000000 0.914219 -0.864682
 2311.000000 1.011158 -0.830149
 2312.000000 0.937296 -0.857655
 2313.000000 0.992283 -0.750346
 2314.000000 0.929282 -0.782883
 2315.000000 0.853055 -0.721309
 2316.000000 0.919066 -0.822016
 2317.000000 0.954816 -0.893243
 2318.000000 0.890006 -0.838294
 2319.000000 0.902168 -0.823112
 2320.000000 0.965165 -0.794563
 2321.000000 0.914225 -0.795171
 2322.000000 0.915469 -0.762114
 2323.000000 1.000260 -0.815938
 2324.000000 0.846262 -0.760263
 2325.000000 0.822844 -0.850029
 2326.000000 0.958390 -0.870221
 2327.000000 0.945681 -0.856554
 2328.000000 0.878169 -0.901339
 2329.000000 1.025910 -0.890653
 2330.000000 0.913824 -0.856720
 2331.000000 0.874295 -0.813634
 2332.000000 0.833435 -0.821344
 2333.000000 0.886095 -0.813368
 2334.000000 0.959746 -0.957972
 2335.000000 0.864580 -0.782628
 2336.000000 1.004316 -0.790995
 2337.000000 0.907491 -0.950587
 2338.000000 0.983899 -0.964250
 2339.000000 0.873085 -0.793841
 2340.000000 0.899591 -0.847649
 2341.000000 0.856822 -0.854214
 2342.000000 0.952740 -0.882530
 2343.000000 0.924328 -0.873366
 2344.000000 0.937010 -0.932041
 2345.000000 0.900467 -0.963240
 2346.000000 1.022309 -0.833055
 2347.000000 0.909742 -0.826085
 2348.000000 0.921868 -0.823480
 2349.000000 0.878418 -0.864616
 2350.000000 0.958070 -0.860134
 2351.000000 0.980443 -0.767051
 2352.000000 1.002017 -0.805505
 2353.000000 0.933421 -0.821115
 2354.000000 0.903147 -0.845872
 2355.000000 0.889175 -0.851775
 2356.000000 0.963390 -0.940367
 2357.000000 0.944990 -0.825461
 2358.000000 0.880853 -0.799924
 2359.000000 0.868641 -0.970991
 2360.000000 0.951941 -0.839073
 2361.000000 0.882160 -0.885901
 2362.000000 0.863229 -0.932087
 2363.000000 0.969709 -0.938776
 2364.000000 0.972411 -0.892113
 2365.000000 0.896796 -0.902925
 2366.000000 0.929861 -0.936739
 2367.000000 0.889374 -0.887069
 2368.000000 0.915820 -0.894795
 2369.000000 0.899715 -0.920905
 2370.000000 0.930497 -0.918572
 2371.000000 0.866061 -0.838036
 2372.000000 0.867851 -0.907144
 2373.000000 0.937791 -0.835515
 2374.000000 0.976736 -0.794118
 2375.000000 1.071850 -0.858149
 2376.000000 0.980794 -0.819615
 2377.000000 1.017930 -0.875805
 2378.000000 0.889779 -0.871467
 2379.000000 0.906143 -0.891723
 2380.000000 0.921189 -0.869035
 2381.000000 0.880152 -0.893121
 2382.000000 0.903482 -0.915204
 2383.000000 0.900975 -0.812463
 2384.000000 0.978083 -0.839696
 2385.000000 0.837323 -0.794632
 2386.000000 0.947120 -0.796413
 2387.000000 0.932569 -0.902201
 2388.000000 1.030752 -0.916370
 2389.000000 0.954018 -0.946432
 2390.000000 0.894661 -0.876463
 2391.000000 0.917887 -0.885191
 2392.000000 0.901827 -0.967916
 2393.000000 0.890347 -0.937134
 2394.000000 0.986610 -0.929868
 2395.000000 0.908299 -0.875005
 2396.000000 0.963562 -0.945881
 2397.000000 0.965221 -0.932223
 2398.000000 1.019005 -0.896583
 2399.000000 0.960796 -0.855860
 2400.000000 0.974835 -0.889457
 2401.000000 0.958223 -0.805560
 2402.000000 0.908257 -0.823866
 2403.000000 0.906643 -0.870780
 2404.000000 0.876536 -0.805906
 2405.000000 0.879457 -0.812221
 2406.000000 0.917579 -0.782985
 2407.000000 0.942332 -0.736763
 2408.000000 0.898357 -0.890732
 2409.000000 0.930433 -0.818080
 2410.000000 1.007359 -0.921499
 2411.000000 0.900874 -0.922456
 2412.000000 0.895737 -0.823795
 2413.000000 0.880843 -0.802399
 2414.000000 1.011058 -0.999137
 2415.000000 0.926107 -0.855308
 2416.000000 0.867817 -0.858418
 2417.000000 1.001581 -0.930657
 2418.000000 0.820501 -0.881473
 2419.000000 0.931040 -0.837863
 2420.000000 0.777945 -0.833695
 2421.000000 0.857653 -0.772259
 2422.000000 0.842362 -0.845315
 2423.000000 0.853038 -0.719863
 2424.000000 0.758920 -0.921652
 2425.000000 0.909918 -0.957405
 2426.000000 0.944347 -0.967759
 2427.000000 0.960009 -0.884021
 2428.000000 0.882860 -0.921530
 2429.000000 0.999968 -0.848999
 2430.000000 0.929640 -0.927294
 2431.000000 1.047745 -1.003375
 2432.000000 1.023582 -0.897005
 2433.000000 1.002583 -0.898323
 2434.000000 0.836979 -0.859422
 2435.000000 0.940431 -0.838323
 2436.000000 0.970274 -0.938900
 2437.000000 0.995292 -0.859947
 2438.000000 0.963412 -0.926104
 2439.000000 0.903778 -0.967504
 2440.000000 0.887018 -0.834926
 2441.000000 0.898734 -0.828800
 2442.000000 0.949949 -0.922532
 2443.000000 0.975326 -0.921314
 2444.000000 0.969225 -0.831031
 2445.000000 0.974213 -0.850123
 2446.000000 0.916755 -0.955450
 2447.000000 0.876842 -0.869556
 2448.000000 0.945899 -0.844197
 2449.000000 0.864987 -0.921160
 2450.000000 0.948924 -0.904049
 2451.000000 0.924713 -0.908872
 2452.000000 0.991869 -0.822521
 2453.000000 0.954075 -0.851283
 2454.000000 0.794313 -0.844516
 2455.000000 0.898755 -0.888215
 2456.000000 0.842143 -0.767972
 2457.000000 0.856936 -0.904904
 2458.000000 0.864090 -0.841516
 2459.000000 0.960867 -0.901944
 2460.000000 0.763252 -0.790656
 2461.000000 0.991581 -0.912427
 2462.000000 0.850859 -0.980175
 2463.000000 0.901476 -1.000110
 2464.000000 0.926901 -0.971147
 2465.000000 0.950653 -1.030184
 2466.000000 0.876373 -0.975026
 2467.000000 0.942144 -1.045332
 2468.000000 0.875645 -0.932415
 2469.000000 0.880464 -0.975077
 2470.000000 0.833442 -1.019286
 2471.000000 0.852697 -0.861669
 2472.000000 0.902156 -0.912895
 2473.000000 0.916784 -0.902104
 2474.000000 0.914609 -0.864643
 2475.000000 0.849824 -0.847856
 2476.000000 0.873490 -0.921899
 2477.000000 0.895957 -0.897006
 2478.000000 0.972309 -0.859316
 2479.000000 0.924765 -0.926418
 2480.000000 0.959536 -0.870192
 2481.000000 0.936778 -0.986568
 2482.000000 0.839776 -0.931932
 2483.000000 0.947103 -0.841116
 2484.000000 0.900500 -0.993183
 2485.000000 0.857316 -0.826220
 2486.000000 0.839872 -0.862962
 2487.000000 0.921440 -0.906706
 2488.000000 0.963722 -0.942016
 2489.000000 0.904000 -0.837886
 2490.000000 0.910886 -0.906951
 2491.000000 0.817037 -0.959905
 2492.000000 0.871990 -0.854055
 2493.000000 0.844359 -0.984669
 2494.000000 0.860805 -0.910416
 2495.000000 0.891446 -0.875657
 2496.000000 0.874879 -0.856240
 2497.000000 0.977669 -0.941518
 2498.000000 0.970919 -0.807725
 2499.000000 0.986089 -0.970942
 2500.000000 0.845663 -0.938132
