#! FIELDS time pd_137_140 diff
 0.000000 0.824866 1.064335
 1.000000 0.821287 0.990516
 2.000000 0.829286 0.937172
 3.000000 0.924524 0.909467
 4.000000 0.792917 1.037104
 5.000000 0.828276 0.978277
 6.000000 0.878227 0.939835
 7.000000 0.821456 0.988667
 8.000000 0.773518 0.962708
 9.000000 0.888289 0.956251
 10.000000 0.885506 1.034332
 11.000000 0.763557 0.945352
 12.000000 0.783787 0.889225
 13.000000 0.777676 0.899964
 14.000000 0.828041 0.926460
 15.000000 0.778306 0.914033
 16.000000 0.768808 1.112144
 17.000000 0.747791 0.971167
 18.000000 0.750331 0.987373
 19.000000 0.851339 0.948926
 20.000000 0.915024 0.873413
 21.000000 0.782027 0.990274
 22.000000 0.798381 0.881425
 23.000000 0.767562 0.925718
 24.000000 0.858816 0.903190
 25.000000 0.887592 0.961041
 26.000000 0.856608 0.886405
 27.000000 0.870308 0.877896
 28.000000 0.812580 0.982263
 29.000000 0.845665 0.960844
 30.000000 0.900405 0.925560
 31.000000 0.811249 0.957959
 32.000000 0.785325 0.876368
 33.000000 0.838924 0.983211
 34.000000 0.772307 1.002427
 35.000000 0.884356 0.961252
 36.000000 0.771037 0.936053
 37.000000 0.749935 0.915226
 38.000000 0.816906 0.911036
 39.000000 0.884229 0.914332
 40.000000 0.791901 0.963927
 41.000000 0.730150 0.926150
 42.000000 0.839035 0.873976
 43.000000 0.857493 0.988755
 44.000000 0.784906 0.840746
 45.000000 0.808328 0.995815
 46.000000 0.905419 1.041753
 47.000000 0.901588 1.049587
 48.000000 0.717542 0.936460
 49.000000 0.846892 1.007987
 50.000000 0.827186 0.865995
 51.000000 0.862108 0.940636
 52.000000 0.742136 0.856750
 53.000000 0.834608 0.990531
 54.000000 0.817568 0.941889
 55.000000 0.746774 0.917027
 56.000000 0.751276 0.835694
 57.000000 0.763840 0.867078
 58.000000 0.828528 0.988237
 59.000000 0.781807 1.025083
 60.000000 0.792122 0.906088
 61.000000 0.761604 0.940153
 62.000000 0.775321 0.932651
 63.000000 0.808278 1.009131
 64.000000 0.807044 0.939339
 65.000000 0.855762 0.916122
 66.000000 0.899142 0.867024
 67.000000 0.741800 0.912954
 68.000000 0.817354 0.929810
 69.000000 0.768438 0.901224
 70.000000 0.796760 1.051122
 71.000000 0.825627 0.950900
 72.000000 0.776091 0.935374
 73.000000 0.773798 0.883187
 74.000000 0.760632 0.967797
 75.000000 0.843135 0.959505
 76.000000 0.795388 0.963166
 77.000000 0.785627 0.946829
 78.000000 0.765829 1.011453
 79.000000 0.837800 1.044299
 80.000000 0.791253 0.958857
 81.000000 0.827220 1.012037
 82.000000 0.778936 0.903208
 83.000000 0.759899 0.937576
 84.000000 0.775779 1.050947
 85.000000 0.684848 0.985950
 86.000000 0.787753 1.041201
 87.000000 0.821484 0.915272
 88.000000 0.791255 0.923835
 89.000000 0.801003 0.906016
 90.000000 0.755735 1.012131
 91.000000 0.831718 0.984159
 92.000000 0.763353 0.972420
 93.000000 0.777394 0.945973
 94.000000 0.782525 0.916431
 95.000000 0.752505 0.908493
 96.000000 0.833652 0.946625
 97.000000 0.858341 0.954166
 98.000000 0.861305 1.001960
 99.000000 0.888942 1.000404
 100.000000 0.812125 1.034793
 101.000000 0.891678 1.040443
 102.000000 0.839388 0.971120
 103.000000 0.903259 0.863976
 104.000000 0.823414 0.961308
 105.000000 0.952063 1.030839
 106.000000 0.774199 1.006091
 107.000000 0.850825 0.927332
 108.000000 0.853822 0.917291
 109.000000 0.876027 0.926266
 110.000000 0.897979 1.026044
 111.000000 0.896323 0.897738
 112.000000 0.891651 1.038037
 113.000000 0.866165 0.914393
 114.000000 0.891942 0.969012
 115.000000 0.864358 0.935035
 116.000000 0.814855 0.928830
 117.000000 0.820817 0.935563
 118.000000 0.893341 0.931618
 119.000000 0.820997 0.947359
 120.000000 0.910543 0.896983
 121.000000 0.857156 0.883859
 122.000000 0.840719 0.965345
 123.000000 0.907949 0.870590
 124.000000 0.786328 0.960776
 125.000000 0.882716 0.961479
 126.000000 0.820079 0.969087
 127.000000 0.815469 0.888519
 128.000000 0.878270 0.824373
 129.000000 0.822505 0.944794
 130.000000 0.866846 1.018954
 131.000000 0.901096 0.971008
 132.000000 0.773485 0.990640
 133.000000 0.807324 0.955138
 134.000000 0.802801 0.883012
 135.000000 0.879175 0.927993
 136.000000 0.804339 0.950086
 137.000000 0.880958 0.830568
 138.000000 0.777297 0.903050
 139.000000 0.752452 0.991553
 140.000000 0.777109 0.873318
 141.000000 0.758337 0.985725
 142.000000 0.781377 1.028423
 143.000000 0.917690 0.901691
 144.000000 0.889620 0.904373
 145.000000 0.847703 0.893681
 146.000000 0.856606 0.937406
 147.000000 0.818885 0.867230
 148.000000 0.753405 0.963123
 149.000000 0.865514 0.964280
 150.000000 0.881104 1.022825
 151.000000 0.834160 0.917236
 152.000000 0.845232 0.980447
 153.000000 0.850516 1.013248
 154.000000 0.761355 0.976868
 155.000000 0.985403 1.056236
 156.000000 0.794934 1.034478
 157.000000 0.806610 1.029277
 158.000000 0.837534 0.918283
 159.000000 0.895503 0.966764
 160.000000 0.823798 1.012735
 161.000000 0.887917 0.877787
 162.000000 0.966395 0.996053
 163.000000 0.857226 0.972879
 164.000000 0.933085 0.979021
 165.000000 0.834854 0.935621
 166.000000 0.867531 0.895677
 167.000000 0.862241 0.860900
 168.000000 0.826755 1.033035
 169.000000 0.822544 0.974909
 170.000000 0.809622 0.964827
 171.000000 0.751645 0.994800
 172.000000 0.810394 0.891154
 173.000000 0.813903 0.870245
 174.000000 0.798828 1.045531
 175.000000 0.794133 0.895676
 176.000000 0.755828 1.015899
 177.000000 0.841986 0.941617
 178.000000 0.819085 0.941832
 179.000000 0.844494 1.024696
 180.000000 0.904023 0.929196
 181.000000 0.840486 0.962122
 182.000000 0.840489 1.019647
 183.000000 0.862253 0.969959
 184.000000 0.740687 0.954183
 185.000000 0.827711 1.041634
 186.000000 0.852240 0.930346
 187.000000 0.777120 0.934855
 188.000000 0.748380 0.916792
 189.000000 0.764645 0.896654
 190.000000 0.833944 0.917018
 191.000000 0.840312 0.998639
 192.000000 0.827149 0.998386
 193.000000 0.894182 0.907586
 194.000000 0.781128 0.964743
 195.000000 0.782363 0.881487
 196.000000 0.791378 0.950301
 197.000000 0.787022 0.997353
 198.000000 0.847029 0.992559
 199.000000 0.875654 0.930538
 200.000000 0.778356 0.952935
 201.000000 0.880222 0.848519
 202.000000 0.834619 0.989955
 203.000000 0.794836 0.911771
 204.000000 0.777002 0.979398
 205.000000 0.787850 0.898365
 206.000000 0.891600 0.948185
 207.000000 0.787096 0.907328
 208.000000 0.774987 1.064585
 209.000000 0.792536 1.012894
 210.000000 0.842398 0.944389
 211.000000 0.817610 1.023079
 212.000000 0.854949 0.989940
 213.000000 0.952536 0.936894
 214.000000 0.811555 0.892859
 215.000000 0.696083 0.882936
 216.000000 0.867068 0.951315
 217.000000 0.835336 1.039774
 218.000000 0.877892 1.025872
 219.000000 0.838776 0.949301
 220.000000 0.930379 0.931443
 221.000000 0.818885 0.957561
 222.000000 0.782508 0.879962
 223.000000 0.735225 0.866944
 224.000000 0.880900 0.904959
 225.000000 0.924311 0.898924
 226.000000 0.831642 1.035241
 227.000000 0.837346 0.966658
 228.000000 0.925467 0.950333
 229.000000 0.827873 0.963628
 230.000000 0.912885 1.014003
 231.000000 0.778871 0.954715
 232.000000 0.895903 0.930632
 233.000000 0.787991 1.006477
 234.000000 0.681636 0.952499
 235.000000 0.791510 0.976230
 236.000000 0.731422 0.990901
 237.000000 0.795818 0.836503
 238.000000 0.731400 1.029165
 239.000000 0.769631 0.928035
 240.000000 0.708787 0.965204
 241.000000 0.822738 1.050292
 242.000000 0.714236 0.920490
 243.000000 0.842922 0.915536
 244.000000 0.878108 0.955697
 245.000000 0.859269 1.068721
 246.000000 0.834051 0.989294
 247.000000 0.798667 0.973618
 248.000000 0.793017 0.855139
 249.000000 0.873033 0.892637
 250.000000 0.792233 0.893944
 251.000000 0.872901 0.972786
 252.000000 0.897377 0.964739
 253.000000 0.823024 0.941466
 254.000000 0.841754 1.003630
 255.000000 0.936184 0.864876
 256.000000 0.835641 0.932413
 257.000000 0.847233 0.920557
 258.000000 0.906931 0.912645
 259.000000 0.863801 0.857967
 260.000000 0.782381 0.915673
 261.000000 0.790223 0.881502
 262.000000 0.871046 1.046929
 263.000000 0.902882 1.098548
 264.000000 0.902721 0.945763
 265.000000 0.935561 0.867593
 266.000000 0.856226 0.962017
 267.000000 0.893111 0.860042
 268.000000 0.905311 0.886104
 269.000000 0.751553 1.009628
 270.000000 0.826948 0.871829
 271.000000 0.809524 1.013125
 272.000000 0.854206 1.022420
 273.000000 0.831827 1.054855
 274.000000 0.846009 1.002061
 275.000000 0.836589 0.912016
 276.000000 0.868302 1.033552
 277.000000 0.718376 1.031119
 278.000000 0.807890 0.885831
 279.000000 0.858670 1.078155
 280.000000 0.824192 1.001925
 281.000000 0.853866 0.966514
 282.000000 0.801634 0.903557
 283.000000 0.812869 0.928777
 284.000000 0.863093 0.955789
 285.000000 0.848945 0.865689
 286.000000 0.915702 0.911464
 287.000000 0.841051 0.938771
 288.000000 0.870398 0.862009
 289.000000 0.790215 0.992528
 290.000000 0.829319 0.876810
 291.000000 0.894029 0.852919
 292.000000 0.845743 0.898603
 293.000000 0.778697 0.960063
 294.000000 0.780818 0.892413
 295.000000 0.791563 0.959016
 296.000000 0.829485 0.969689
 297.000000 0.827319 0.954943
 298.000000 0.869952 0.845547
 299.000000 0.753588 0.974130
 300.000000 0.783817 0.963898
 301.000000 0.801562 1.013875
 302.000000 0.790095 0.937556
 303.000000 0.788905 0.917812
 304.000000 0.873445 0.860363
 305.000000 0.894556 0.942958
 306.000000 0.835620 0.915147
 307.000000 0.850133 0.911910
 308.000000 0.860553 0.967456
 309.000000 0.807678 0.896464
 310.000000 0.831379 0.975988
 311.000000 0.832007 0.943830
 312.000000 0.851181 0.879550
 313.000000 0.831683 0.878810
 314.000000 0.849298 0.939610
 315.000000 0.735353 0.865441
 316.000000 0.807522 0.904443
 317.000000 0.866039 0.945270
 318.000000 0.858623 0.990527
 319.000000 0.905860 0.887529
 320.000000 0.855715 0.997327
 321.000000 0.936829 1.006610
 322.000000 0.865762 1.004251
 323.000000 0.844151 0.913729
 324.000000 0.864792 1.020377
 325.000000 0.758072 0.979021
 326.000000 0.810106 0.944990
 327.000000 0.842271 0.904296
 328.000000 0.830562 0.989565
 329.000000 0.825069 0.922274
 330.000000 0.823220 0.825162
 331.000000 0.830440 0.841936
 332.000000 0.815713 1.041726
 333.000000 0.852333 0.928732
 334.000000 0.827648 0.970774
 335.000000 0.855129 0.951463
 336.000000 0.872655 0.805205
 337.000000 0.873138 0.968108
 338.000000 0.837915 0.988177
 339.000000 0.797781 0.955785
 340.000000 0.815664 0.952059
 341.000000 0.841567 0.985159
 342.000000 0.740061 0.924288
 343.000000 0.756258 0.990906
 344.000000 0.843516 0.895716
 345.000000 0.846020 0.950560
 346.000000 0.907882 0.991783
 347.000000 0.869787 0.898733
 348.000000 0.759167 0.919161
 349.000000 0.757942 1.000601
 350.000000 0.799232 0.886861
 351.000000 0.800562 0.960151
 352.000000 0.855168 0.875122
 353.000000 0.967550 0.902174
 354.000000 0.824545 0.965269
 355.000000 0.904311 0.935589
 356.000000 0.872811 1.054091
 357.000000 0.838644 0.963834
 358.000000 0.925024 0.953924
 359.000000 0.936130 0.916484
 360.000000 0.831200 0.953909
 361.000000 0.771760 1.000351
 362.000000 0.809198 0.913539
 363.000000 0.956701 0.951745
 364.000000 0.843757 0.928658
 365.000000 0.861874 0.970008
 366.000000 0.848208 0.936307
 367.000000 0.818585 0.930490
 368.000000 0.796251 0.942605
 369.000000 0.791352 0.890462
 370.000000 0.847747 0.930137
 371.000000 0.855120 1.032306
 372.000000 0.893012 0.970017
 373.000000 0.850598 0.903428
 374.000000 0.842491 0.809423
 375.000000 0.880936 0.924916
 376.000000 0.844819 0.941070
 377.000000 0.897998 0.898596
 378.000000 0.886392 1.001115
 379.000000 0.907201 0.961972
 380.000000 0.818726 0.957335
 381.000000 0.854605 1.004354
 382.000000 0.844670 0.948422
 383.000000 0.863197 0.915655
 384.000000 0.947545 0.867659
 385.000000 0.886068 0.898113
 386.000000 0.900677 0.902006
 387.000000 0.796137 0.877762
 388.000000 0.774863 1.026929
 389.000000 0.798070 0.993744
 390.000000 0.884183 0.937357
 391.000000 0.781002 0.936241
 392.000000 0.788798 1.014635
 393.000000 0.804276 0.984173
 394.000000 0.790154 0.893908
 395.000000 0.835209 0.918986
 396.000000 0.837720 0.831394
 397.000000 0.824542 0.890773
 398.000000 0.783562 0.882027
 399.000000 0.832058 0.967362
 400.000000 0.993325 1.000977
 401.000000 0.845304 0.914263
 402.000000 0.918629 0.981643
 403.000000 0.754548 1.009522
 404.000000 0.746958 0.975355
 405.000000 0.817681 1.010701
 406.000000 0.778993 1.011312
 407.000000 0.669609 0.970756
 408.000000 0.806371 0.928230
 409.000000 0.835116 1.021167
 410.000000 0.749427 0.959064
 411.000000 0.917066 0.951569
 412.000000 0.797528 1.009827
 413.000000 0.766946 0.957401
 414.000000 0.759654 0.956207
 415.000000 0.801041 1.033592
 416.000000 0.841429 0.934477
 417.000000 0.851317 0.899206
 418.000000 0.845221 1.041309
 419.000000 0.856523 1.032723
 420.000000 0.876877 0.966986
 421.000000 0.836008 0.987355
 422.000000 0.762408 1.001585
 423.000000 0.770373 0.989209
 424.000000 0.915885 0.983389
 425.000000 0.835784 0.969854
 426.000000 0.785823 1.060607
 427.000000 0.808699 1.137402
 428.000000 0.743460 0.981077
 429.000000 0.813173 0.993869
 430.000000 0.813456 0.991314
 431.000000 0.802573 1.049160
 432.000000 0.908870 0.921950
 433.000000 0.811746 1.050574
 434.000000 0.841438 1.029340
 435.000000 0.815230 0.962029
 436.000000 0.863327 0.943466
 437.000000 0.808405 0.989834
 438.000000 0.767366 1.003563
 439.000000 0.812454 0.964611
 440.000000 0.828771 1.021567
 441.000000 0.818551 1.012747
 442.000000 0.813953 0.955394
 443.000000 0.869489 0.961426
 444.000000 0.905148 1.043953
 445.000000 0.791613 1.002020
 446.000000 0.837639 1.081761
 447.000000 0.745063 0.989759
 448.000000 0.771009 1.006053
 449.000000 0.835619 0.960899
 450.000000 0.781706 1.008666
 451.000000 0.768834 1.105442
 452.000000 0.854416 0.970948
 453.000000 0.870717 0.963969
 454.000000 0.905595 0.973859
 455.000000 0.793923 0.995309
 456.000000 0.898804 0.988669
 457.000000 0.781148 0.931414
 458.000000 0.828957 0.965521
 459.000000 0.860434 0.898908
 460.000000 0.803198 0.950309
 461.000000 0.767705 1.046420
 462.000000 0.879207 0.975674
 463.000000 0.854133 0.931022
 464.000000 0.803568 0.963751
 465.000000 0.788224 1.004806
 466.000000 0.791387 0.977553
 467.000000 0.818844 0.959398
 468.000000 0.840115 1.090882
 469.000000 0.707056 0.976520
 470.000000 0.809937 1.086964
 471.000000 0.774253 1.005863
 472.000000 0.836579 0.921266
 473.000000 0.811596 1.068280
 474.000000 0.844650 1.033002
 475.000000 0.766543 0.960636
 476.000000 0.870596 0.985402
 477.000000 0.757076 0.956071
 478.000000 0.817914 0.999243
 479.000000 0.775835 0.958022
 480.000000 0.820486 0.937822
 481.000000 0.838993 0.954312
 482.000000 0.813043 0.899520
 483.000000 0.740784 0.979288
 484.000000 0.782535 0.913123
 485.000000 0.809045 1.035837
 486.000000 0.846484 0.899847
 487.000000 0.785209 0.966487
 488.000000 0.829261 0.982706
 489.000000 0.781175 0.944031
 490.000000 0.844655 1.056949
 491.000000 0.811703 1.013205
 492.000000 0.789714 1.053788
 493.000000 0.861075 0.938362
 494.000000 0.840481 1.010189
 495.000000 0.775924 0.947110
 496.000000 0.828070 0.985574
 497.000000 0.726143 0.917598
 498.000000 0.799766 0.980849
 499.000000 0.825963 0.981467
 500.000000 0.765063 1.055370
 501.000000 0.893632 0.910419
 502.000000 0.807752 1.019423
 503.000000 0.808679 0.944006
 504.000000 0.784072 0.974145
 505.000000 0.764252 0.947927
 506.000000 0.780245 0.978207
 507.000000 0.740354 1.010333
 508.000000 0.805669 1.017413
 509.000000 0.774139 0.968080
 510.000000 0.841086 0.958050
 511.000000 0.797138 0.974535
 512.000000 0.824904 1.010765
 513.000000 0.754621 1.036294
 514.000000 0.800565 1.019101
 515.000000 0.778439 1.062357
 516.000000 0.820339 1.065421
 517.000000 0.834706 0.946707
 518.000000 0.827955 1.032184
 519.000000 0.850843 0.902430
 520.000000 0.739472 0.934715
 521.000000 0.792518 0.921025
 522.000000 0.801606 1.101552
 523.000000 0.816095 1.014353
 524.000000 0.685326 0.958199
 525.000000 0.691165 1.012221
 526.000000 0.749063 0.982392
 527.000000 0.770297 0.989026
 528.000000 0.681393 1.048083
 529.000000 0.815889 1.011770
 530.000000 0.709125 0.939749
 531.000000 0.757261 0.880824
 532.000000 0.780420 0.957624
 533.000000 0.877779 0.943662
 534.000000 0.871685 1.091617
 535.000000 0.771233 1.060793
 536.000000 0.833870 1.011029
 537.000000 0.843809 1.005950
 538.000000 0.794056 0.985007
 539.000000 0.917602 0.973618
 540.000000 0.867484 1.031923
 541.000000 0.870789 1.003636
 542.000000 0.769072 0.872434
 543.000000 0.779505 0.937854
 544.000000 0.802599 0.917824
 545.000000 0.905744 0.978123
 546.000000 0.814926 0.980213
 547.000000 0.873323 0.988728
 548.000000 0.741306 0.966993
 549.000000 0.776210 0.897786
 550.000000 0.828405 0.955682
 551.000000 0.852979 0.878635
 552.000000 0.801002 0.852637
 553.000000 0.915063 0.996813
 554.000000 0.817682 0.980550
 555.000000 0.871190 0.950115
 556.000000 0.790095 0.938804
 557.000000 0.895841 0.980809
 558.000000 0.769128 0.954865
 559.000000 0.754384 1.000770
 560.000000 0.804836 0.973134
 561.000000 0.764656 0.902617
 562.000000 0.723368 1.018231
 563.000000 0.723160 1.046814
 564.000000 0.759925 0.906068
 565.000000 0.839040 1.013498
 566.000000 0.827503 0.872705
 567.000000 0.774712 1.050208
 568.000000 0.785343 0.989796
 569.000000 0.777491 0.970499
 570.000000 0.881317 0.968751
 571.000000 0.803270 1.021083
 572.000000 0.767442 1.045590
 573.000000 0.756239 1.010593
 574.000000 0.803503 0.909361
 575.000000 0.787081 0.977139
 576.000000 0.829915 1.027951
 577.000000 0.837947 1.029472
 578.000000 0.747479 1.070422
 579.000000 0.802503 1.000611
 580.000000 0.768407 0.992471
 581.000000 0.850415 0.973193
 582.000000 0.807114 0.949622
 583.000000 0.856879 1.011914
 584.000000 0.826161 0.953192
 585.000000 0.817766 0.988085
 586.000000 0.841663 0.960595
 587.000000 0.802251 0.893265
 588.000000 0.740098 0.880484
 589.000000 0.859812 0.984992
 590.000000 0.775703 0.953426
 591.000000 0.831604 0.944540
 592.000000 0.800932 1.023774
 593.000000 0.847004 1.060254
 594.000000 0.882697 0.982317
 595.000000 0.785175 1.001407
 596.000000 0.889160 1.022197
 597.000000 0.833500 0.973599
 598.000000 0.813446 0.948344
 599.000000 0.833667 0.902620
 600.000000 0.785871 0.992130
 601.000000 0.815617 0.916793
 602.000000 0.815517 0.878922
 603.000000 0.841331 1.051247
 604.000000 0.816845 0.968499
 605.000000 0.799086 0.969827
 606.000000 0.834554 1.070020
 607.000000 0.905849 1.019099
 608.000000 0.791932 0.925604
 609.000000 0.756739 0.965397
 610.000000 0.825274 1.004435
 611.000000 0.800431 1.000452
 612.000000 0.788976 0.954327
 613.000000 0.802457 0.979034
 614.000000 0.809088 0.935620
 615.000000 0.819652 0.989791
 616.000000 0.828704 1.026754
 617.000000 0.798016 0.982426
 618.000000 0.778024 0.944851
 619.000000 0.815402 0.872294
 620.000000 0.827408 0.980730
 621.000000 0.896514 1.032340
 622.000000 0.844304 0.888191
 623.000000 0.775441 0.936677
 624.000000 0.849580 0.908795
 625.000000 0.824881 0.869294
 626.000000 0.763111 1.020050
 627.000000 0.862894 0.990527
 628.000000 0.809532 1.039071
 629.000000 0.771353 0.951554
 630.000000 0.750848 0.939426
 631.000000 0.848229 0.891489
 632.000000 0.846639 0.878643
 633.000000 0.742548 0.915710
 634.000000 0.794848 0.911790
 635.000000 0.745872 0.973441
 636.000000 0.753578 0.989090
 637.000000 0.784260 1.069037
 638.000000 0.818546 0.977113
 639.000000 0.749965 1.055632
 640.000000 0.800604 0.927479
 641.000000 0.846899 0.963618
 642.000000 0.765623 1.003131
 643.000000 0.711026 0.917037
 644.000000 0.840914 0.957890
 645.000000 0.807325 0.919555
 646.000000 0.783462 0.919176
 647.000000 0.779320 0.951277
 648.000000 0.773722 0.861664
 649.000000 0.796019 0.958017
 650.000000 0.795789 0.964504
 651.000000 0.801665 0.962572
 652.000000 0.802625 0.950529
 653.000000 0.828344 0.879235
 654.000000 0.729575 0.945583
 655.000000 0.770552 0.980532
 656.000000 0.797225 1.092236
 657.000000 0.792961 0.939663
 658.000000 0.777753 0.968009
 659.000000 0.692644 0.917915
 660.000000 0.803157 0.938757
 661.000000 0.748689 0.941221
 662.000000 0.781218 0.900904
 663.000000 0.835272 0.979763
 664.000000 0.761075 0.970746
 665.000000 0.692209 1.003755
 666.000000 0.722827 1.030429
 667.000000 0.723383 0.904461
 668.000000 0.731309 0.834303
 669.000000 0.647183 0.984421
 670.000000 0.821225 0.972132
 671.000000 0.738476 1.012144
 672.000000 0.741306 0.983090
 673.000000 0.721490 0.960473
 674.000000 0.663096 0.976146
 675.000000 0.659979 0.902241
 676.000000 0.692899 0.889587
 677.000000 0.734302 0.975614
 678.000000 0.670788 0.955023
 679.000000 0.718446 0.899635
 680.000000 0.740389 0.973283
 681.000000 0.813596 1.024550
 682.000000 0.746792 0.947020
 683.000000 0.730786 1.029849
 684.000000 0.848943 0.952660
 685.000000 0.708898 1.011397
 686.000000 0.831666 0.993657
 687.000000 0.694215 0.934174
 688.000000 0.724102 1.038338
 689.000000 0.760105 1.016272
 690.000000 0.712996 0.950583
 691.000000 0.832745 0.996331
 692.000000 0.741354 0.897382
 693.000000 0.804363 1.033738
 694.000000 0.782329 1.003411
 695.000000 0.818634 0.924266
 696.000000 0.808980 0.998627
 697.000000 0.665392 0.977637
 698.000000 0.683058 0.952328
 699.000000 0.826875 1.026318
 700.000000 0.760231 1.047266
 701.000000 0.807195 0.893704
 702.000000 0.773663 0.939730
 703.000000 0.797929 0.893449
 704.000000 0.879937 1.003788
 705.000000 0.807197 0.981782
 706.000000 0.716355 0.960175
 707.000000 0.904797 1.069430
 708.000000 0.772709 0.919887
 709.000000 0.806118 0.909740
 710.000000 0.763473 1.051531
 711.000000 0.843036 0.899710
 712.000000 0.714349 0.929805
 713.000000 0.790206 1.038923
 714.000000 0.775760 0.991474
 715.000000 0.776878 0.974103
 716.000000 0.687229 0.918243
 717.000000 0.674203 0.964061
 718.000000 0.699975 1.002054
 719.000000 0.764787 0.940197
 720.000000 0.741283 0.999661
 721.000000 0.737874 0.991869
 722.000000 0.725178 0.958014
 723.000000 0.812919 1.069417
 724.000000 0.890409 0.930475
 725.000000 0.700465 0.984977
 726.000000 0.702769 0.947272
 727.000000 0.743955 0.960707
 728.000000 0.719630 0.835323
 729.000000 0.808161 0.926895
 730.000000 0.768666 0.956192
 731.000000 0.760076 0.983165
 732.000000 0.771208 0.981220
 733.000000 0.723186 1.017168
 734.000000 0.734764 0.964641
 735.000000 0.812620 0.987762
 736.000000 0.843448 1.081077
 737.000000 0.768398 1.017874
 738.000000 0.836820 0.991890
 739.000000 0.722461 1.020518
 740.000000 0.831207 1.031920
 741.000000 0.760204 1.063558
 742.000000 0.756704 0.981614
 743.000000 0.764737 0.967434
 744.000000 0.756796 0.987020
 745.000000 0.773033 0.998767
 746.000000 0.817178 0.987790
 747.000000 0.733764 0.992460
 748.000000 0.653677 1.018850
 749.000000 0.744367 0.973356
 750.000000 0.707881 0.966877
 751.000000 0.778322 0.961205
 752.000000 0.774124 0.913961
 753.000000 0.815258 0.947291
 754.000000 0.736896 0.941931
 755.000000 0.783690 0.993801
 756.000000 0.830546 0.939780
 757.000000 0.734900 0.967985
 758.000000 0.841140 0.941964
 759.000000 0.839232 1.004648
 760.000000 0.855109 0.936937
 761.000000 0.857801 0.991213
 762.000000 0.822545 0.937462
 763.000000 0.812290 0.957687
 764.000000 0.753629 1.032814
 765.000000 0.760688 1.001352
 766.000000 0.829809 0.847423
 767.000000 0.810446 0.924131
 768.000000 0.771049 0.896381
 769.000000 0.776699 0.910814
 770.000000 0.786876 0.979550
 771.000000 0.746408 1.090378
 772.000000 0.804122 0.951719
 773.000000 0.728409 0.903882
 774.000000 0.796134 0.965783
 775.000000 0.750213 0.955900
 776.000000 0.746336 0.967668
 777.000000 0.776948 1.025471
 778.000000 0.773385 1.047272
 779.000000 0.759489 1.001625
 780.000000 0.783905 0.946270
 781.000000 0.824863 0.991684
 782.000000 0.810435 1.059590
 783.000000 0.800137 0.955843
 784.000000 0.684392 0.945616
 785.000000 0.826413 0.976349
 786.000000 0.819113 0.984256
 787.000000 0.821038 0.991639
 788.000000 0.802742 0.912897
 789.000000 0.830885 0.952407
 790.000000 0.872453 1.004985
 791.000000 0.712365 0.942331
 792.000000 0.814092 0.979693
 793.000000 0.783654 0.979151
 794.000000 0.882596 1.055681
 795.000000 0.709193 0.999079
 796.000000 0.814613 0.927610
 797.000000 0.901760 0.976908
 798.000000 0.850759 0.964742
 799.000000 0.742546 0.942364
 800.000000 0.820588 1.001581
 801.000000 0.780293 0.958751
 802.000000 0.745245 0.920141
 803.000000 0.727013 0.962143
 804.000000 0.827803 0.916851
 805.000000 0.800839 0.860905
 806.000000 0.896425 0.975095
 807.000000 0.835397 0.979229
 808.000000 0.985816 0.955411
 809.000000 0.868813 0.969124
 810.000000 0.817788 0.930576
 811.000000 0.835120 0.928051
 812.000000 0.669060 0.889492
 813.000000 0.774193 0.999913
 814.000000 0.804222 0.981642
 815.000000 0.775762 0.956991
 816.000000 0.757872 0.963842
 817.000000 0.683247 1.040283
 818.000000 0.740946 1.021737
 819.000000 0.784176 0.986573
 820.000000 0.705539 0.961017
 821.000000 0.746014 1.003684
 822.000000 0.739300 0.988056
 823.000000 0.804452 0.937972
 824.000000 0.829286 0.900766
 825.000000 0.847732 0.933944
 826.000000 0.781539 0.870340
 827.000000 0.803960 0.959369
 828.000000 0.824066 0.920532
 829.000000 0.729966 0.930775
 830.000000 0.734529 0.835174
 831.000000 0.760688 0.980795
 832.000000 0.822691 0.993747
 833.000000 0.797161 0.828594
 834.000000 0.799650 0.875386
 835.000000 0.803755 0.924881
 836.000000 0.804205 0.974618
 837.000000 0.803039 0.963813
 838.000000 0.785208 0.940137
 839.000000 0.800403 1.009724
 840.000000 0.749768 1.004100
 841.000000 0.827176 1.052173
 842.000000 0.789944 0.974710
 843.000000 0.825339 1.042941
 844.000000 0.759002 0.961939
 845.000000 0.777440 0.997423
 846.000000 0.770857 0.849704
 847.000000 0.803560 1.005738
 848.000000 0.819005 1.016528
 849.000000 0.885594 0.982962
 850.000000 0.856540 0.948308
 851.000000 0.802332 1.066823
 852.000000 0.726094 1.021351
 853.000000 0.814866 0.909259
 854.000000 0.721072 0.933565
 855.000000 0.836850 0.854019
 856.000000 0.772054 1.021760
 857.000000 0.806218 0.997246
 858.000000 0.765101 0.923298
 859.000000 0.775108 0.952661
 860.000000 0.822971 0.916735
 861.000000 0.903493 0.960317
 862.000000 0.855048 1.056478
 863.000000 0.876612 0.904810
 864.000000 0.889635 0.993800
 865.000000 0.761518 0.970152
 866.000000 0.828621 0.983494
 867.000000 0.778926 0.979181
 868.000000 0.773821 0.861033
 869.000000 0.708049 0.985621
 870.000000 0.819496 0.986866
 871.000000 0.797282 1.003124
 872.000000 0.794091 1.019512
 873.000000 0.751308 0.937247
 874.000000 0.824008 1.031732
 875.000000 0.820611 1.112310
 876.000000 0.779438 1.025712
 877.000000 0.958516 0.943948
 878.000000 0.908462 0.892306
 879.000000 0.837826 1.028757
 880.000000 0.781593 0.955505
 881.000000 0.850240 0.943014
 882.000000 0.890815 1.008079
 883.000000 0.827518 1.025185
 884.000000 0.807091 1.007280
 885.000000 0.838590 0.978955
 886.000000 0.808658 1.021646
 887.000000 0.861866 0.962813
 888.000000 0.807307 1.064022
 889.000000 0.813505 0.958597
 890.000000 0.915546 0.832408
 891.000000 0.903310 0.957214
 892.000000 0.717290 0.907368
 893.000000 0.739015 0.957546
 894.000000 0.796147 0.856515
 895.000000 0.862862 0.912035
 896.000000 0.811353 0.872460
 897.000000 0.730196 1.003016
 898.000000 0.797217 1.010345
 899.000000 0.673953 0.935131
 900.000000 0.783356 0.950561
 901.000000 0.865871 0.985220
 902.000000 0.750857 0.903968
 903.000000 0.766884 1.059905
 904.000000 0.809594 0.987044
 905.000000 0.774500 1.030239
 906.000000 0.798826 1.035780
 907.000000 0.772075 0.961713
 908.000000 0.761573 0.911802
 909.000000 0.864192 0.931835
 910.000000 0.703844 0.962045
 911.000000 0.765317 0.949660
 912.000000 0.716289 1.053883
 913.000000 0.814078 0.960026
 914.000000 0.863732 1.005536
 915.000000 0.809084 0.954269
 916.000000 0.841593 0.928811
 917.000000 0.718819 0.985616
 918.000000 0.865716 1.002800
 919.000000 0.786830 0.890209
 920.000000 0.831512 0.948047
 921.000000 0.695904 0.884762
 922.000000 0.791899 0.910724
 923.000000 0.816017 0.890109
 924.000000 0.796636 0.904272
 925.000000 0.792934 0.934522
 926.000000 0.852941 0.905550
 927.000000 0.822326 0.990802
 928.000000 0.755669 0.886280
 929.000000 0.774540 0.970778
 930.000000 0.766739 0.961838
 931.000000 0.842389 0.917667
 932.000000 0.750014 0.927665
 933.000000 0.731288 0.982645
 934.000000 0.839308 0.971562
 935.000000 0.848219 1.063784
 936.000000 0.851066 1.002514
 937.000000 0.829472 0.978516
 938.000000 0.704342 0.920658
 939.000000 0.788758 0.970092
 940.000000 0.848392 0.987339
 941.000000 0.744055 0.911133
 942.000000 0.791200 1.041460
 943.000000 0.829937 0.999946
 944.000000 0.786536 0.933158
 945.000000 0.789622 1.010253
 946.000000 0.835019 0.943367
 947.000000 0.892937 0.965279
 948.000000 0.790171 0.992653
 949.000000 0.893538 0.962564
 950.000000 0.749845 1.030218
 951.000000 0.875044 1.021033
 952.000000 0.812913 0.983269
 953.000000 0.756425 0.987508
 954.000000 0.937330 0.958625
 955.000000 0.746644 0.901605
 956.000000 0.733191 1.001264
 957.000000 0.772066 1.013600
 958.000000 0.756026 0.887959
 959.000000 0.725051 0.997489
 960.000000 0.812456 0.915304
 961.000000 0.781107 1.060111
 962.000000 0.719730 0.993234
 963.000000 0.911923 1.011401
 964.000000 0.761050 1.001363
 965.000000 0.756981 0.941613
 966.000000 0.734431 0.933655
 967.000000 0.674173 0.902904
 968.000000 0.803529 0.971291
 969.000000 0.769165 0.926727
 970.000000 0.659628 0.971893
 971.000000 0.755814 1.022906
 972.000000 0.839913 0.939471
 973.000000 0.827126 0.996142
 974.000000 0.795975 0.969918
 975.000000 0.701588 1.015771
 976.000000 0.854837 1.023916
 977.000000 0.907771 0.926504
 978.000000 0.855599 1.042720
 979.000000 0.818438 0.893258
 980.000000 0.725874 1.025064
 981.000000 0.816479 0.953507
 982.000000 0.695065 0.890428
 983.000000 0.767801 0.990372
 984.000000 0.774343 0.997308
 985.000000 0.780450 0.962666
 986.000000 0.771438 0.924202
 987.000000 0.850911 0.964618
 988.000000 0.846035 1.047026
 989.000000 0.731059 0.993644
 990.000000 0.789791 0.942448
 991.000000 0.830711 0.976121
 992.000000 0.827982 0.942979
 993.000000 0.710569 0.979222
 994.000000 0.742052 1.041492
 995.000000 0.785349 0.959374
 996.000000 0.781479 0.878494
 997.000000 0.856562 0.909735
 998.000000 0.764791 1.027078
 999.000000 0.797375 0.983579
 1000.000000 0.748752 0.886762
 1001.000000 0.810503 0.861541
 1002.000000 0.711615 0.981132
 1003.000000 0.781324 1.012548
 1004.000000 0.764502 0.939903
 1005.000000 0.817510 0.958593
 1006.000000 0.904429 0.994307
 1007.000000 0.807365 0.969875
 1008.000000 0.852782 1.092431
 1009.000000 0.844096 0.959737
 1010.000000 0.853706 0.982215
 1011.000000 0.818935 1.084958
 1012.000000 0.775005 1.033806
 1013.000000 0.894347 1.042806
 1014.000000 0.784773 1.025844
 1015.000000 0.805198 1.009008
 1016.000000 0.777458 0.830734
 1017.000000 0.758681 0.955835
 1018.000000 0.902441 0.989921
 1019.000000 0.930669 1.033438
 1020.000000 0.818692 1.011005
 1021.000000 0.755439 1.011179
 1022.000000 0.773129 1.027497
 1023.000000 0.768093 0.963567
 1024.000000 0.855602 0.931023
 1025.000000 0.886810 1.060066
 1026.000000 0.809568 1.035756
 1027.000000 0.877838 1.015902
 1028.000000 0.884670 0.994573
 1029.000000 0.768054 1.044558
 1030.000000 0.794519 0.968573
 1031.000000 0.814138 0.906034
 1032.000000 0.855906 0.915684
 1033.000000 0.788898 1.002696
 1034.000000 0.966346 1.027439
 1035.000000 0.808022 0.991953
 1036.000000 0.822373 1.067099
 1037.000000 0.850378 1.103836
 1038.000000 0.795673 0.936904
 1039.000000 0.761470 0.959574
 1040.000000 0.809323 1.072187
 1041.000000 0.848576 0.973984
 1042.000000 0.757182 0.930512
 1043.000000 0.833904 1.044759
 1044.000000 0.751411 1.015169
 1045.000000 0.813176 0.940076
 1046.000000 0.750940 0.934652
 1047.000000 0.788334 0.971210
 1048.000000 0.805679 0.948387
 1049.000000 0.786600 1.040090
 1050.000000 0.773087 1.071119
 1051.000000 0.736098 0.864982
 1052.000000 0.840779 1.030234
 1053.000000 0.650307 0.966637
 1054.000000 0.789204 1.024149
 1055.000000 0.749130 0.967774
 1056.000000 0.810767 0.948006
 1057.000000 0.864282 0.788864
 1058.000000 0.835331 0.994800
 1059.000000 0.948104 0.798840
 1060.000000 0.933268 0.885969
 1061.000000 0.886607 0.922624
 1062.000000 0.807665 0.937879
 1063.000000 0.841626 0.963111
 1064.000000 0.803136 0.947743
 1065.000000 0.883406 0.923561
 1066.000000 1.019361 0.951196
 1067.000000 0.717828 0.917440
 1068.000000 0.720577 0.870810
 1069.000000 0.880024 1.036678
 1070.000000 0.651577 1.002833
 1071.000000 0.857587 0.980199
 1072.000000 0.790987 0.980765
 1073.000000 0.757573 1.035294
 1074.000000 0.811374 0.922138
 1075.000000 0.718116 1.021994
 1076.000000 0.766431 0.921536
 1077.000000 0.848786 1.088748
 1078.000000 0.766347 0.978759
 1079.000000 0.756134 1.041419
 1080.000000 0.936118 0.993690
 1081.000000 0.750154 0.938404
 1082.000000 0.808464 0.891993
 1083.000000 0.767671 0.957362
 1084.000000 0.815035 0.931201
 1085.000000 0.750678 0.935528
 1086.000000 0.774584 0.893906
 1087.000000 0.717676 0.956445
 1088.000000 0.779011 0.929483
 1089.000000 0.714798 0.938218
 1090.000000 0.768174 0.917852
 1091.000000 0.877170 1.014772
 1092.000000 0.749399 0.990795
 1093.000000 0.868275 0.969108
 1094.000000 0.742888 0.949617
 1095.000000 0.812201 0.889608
 1096.000000 0.884948 0.966547
 1097.000000 0.787568 1.062842
 1098.000000 0.851270 1.002222
 1099.000000 0.806796 0.972219
 1100.000000 0.799230 1.096002
 1101.000000 0.799749 0.989537
 1102.000000 0.772634 1.081144
 1103.000000 0.903837 0.913239
 1104.000000 0.856146 0.905132
 1105.000000 0.724095 0.922260
 1106.000000 0.831297 0.908037
 1107.000000 0.876486 0.833864
 1108.000000 0.838826 0.969273
 1109.000000 0.718137 0.980215
 1110.000000 0.854097 0.987091
 1111.000000 0.917255 0.958706
 1112.000000 0.809892 0.967305
 1113.000000 0.806174 1.058465
 1114.000000 0.879419 0.929078
 1115.000000 0.825468 0.909269
 1116.000000 0.840358 0.920022
 1117.000000 0.808606 0.958753
 1118.000000 0.873898 0.803579
 1119.000000 0.855102 0.858852
 1120.000000 0.844852 0.903098
 1121.000000 0.860834 0.960301
 1122.000000 0.802044 0.911549
 1123.000000 0.890268 0.924344
 1124.000000 0.910960 0.843316
 1125.000000 0.857130 0.935684
 1126.000000 0.707320 0.920521
 1127.000000 0.798428 0.942882
 1128.000000 0.752448 1.001872
 1129.000000 0.891188 0.821944
 1130.000000 0.838178 0.979060
 1131.000000 0.821040 1.000018
 1132.000000 0.871016 0.977029
 1133.000000 0.809303 0.963306
 1134.000000 0.835632 0.939708
 1135.000000 0.972021 0.930850
 1136.000000 0.895585 0.938459
 1137.000000 0.929055 1.046210
 1138.000000 0.857344 0.972681
 1139.000000 0.891221 0.985283
 1140.000000 0.867105 0.945683
 1141.000000 0.838679 0.918516
 1142.000000 0.837048 0.948880
 1143.000000 0.808585 0.914456
 1144.000000 0.856272 0.953578
 1145.000000 0.860673 0.961921
 1146.000000 0.852910 0.982779
 1147.000000 0.852419 0.961474
 1148.000000 0.847159 0.933885
 1149.000000 0.831424 0.949989
 1150.000000 0.913247 0.944362
 1151.000000 0.839297 0.947490
 1152.000000 0.778116 0.953271
 1153.000000 0.855510 0.940116
 1154.000000 0.798147 1.043127
 1155.000000 0.809725 0.912948
 1156.000000 0.869679 0.980176
 1157.000000 0.777354 0.898751
 1158.000000 0.824468 0.979608
 1159.000000 0.845478 0.916992
 1160.000000 0.867090 1.013826
 1161.000000 0.844156 0.943659
 1162.000000 0.803907 0.946892
 1163.000000 0.879270 0.854852
 1164.000000 0.824516 1.004277
 1165.000000 0.867981 1.030539
 1166.000000 0.859347 0.942787
 1167.000000 0.830123 0.991883
 1168.000000 0.834209 0.930571
 1169.000000 0.897506 0.961555
 1170.000000 0.895293 0.916321
 1171.000000 0.883105 0.866623
 1172.000000 0.795966 0.934988
 1173.000000 0.817539 0.928398
 1174.000000 0.764629 0.842721
 1175.000000 0.831155 0.953163
 1176.000000 0.837766 1.015908
 1177.000000 0.829818 0.932550
 1178.000000 0.786667 0.895195
 1179.000000 0.855286 0.959060
 1180.000000 0.769066 0.856293
 1181.000000 0.823618 0.919715
 1182.000000 0.921630 0.926561
 1183.000000 0.886182 0.897608
 1184.000000 0.754806 0.926330
 1185.000000 0.836111 0.891198
 1186.000000 0.872826 0.900551
 1187.000000 0.847087 0.953956
 1188.000000 0.833962 0.944715
 1189.000000 0.893986 0.987686
 1190.000000 0.900747 0.932773
 1191.000000 0.778967 0.933876
 1192.000000 0.885149 0.962336
 1193.000000 0.913447 0.886838
 1194.000000 0.831000 0.991399
 1195.000000 0.826896 0.913122
 1196.000000 0.886234 0.951069
 1197.000000 0.845122 0.964681
 1198.000000 0.853978 0.976186
 1199.000000 0.858913 0.932198
 1200.000000 0.804990 0.941194
 1201.000000 0.811714 0.947411
 1202.000000 0.857871 0.915114
 1203.000000 0.723254 0.981249
 1204.000000 0.702822 0.878668
 1205.000000 0.725404 0.957633
 1206.000000 0.768277 0.931383
 1207.000000 0.820356 1.014047
 1208.000000 0.893913 0.974759
 1209.000000 0.867999 1.014651
 1210.000000 0.892777 1.015779
 1211.000000 0.872603 1.058180
 1212.000000 0.812935 0.991458
 1213.000000 0.823038 1.036403
 1214.000000 0.795023 1.035624
 1215.000000 0.766682 0.926331
 1216.000000 0.761592 0.917478
 1217.000000 0.890633 0.926259
 1218.000000 0.805891 0.958021
 1219.000000 0.888098 1.026015
 1220.000000 0.806599 0.950670
 1221.000000 0.820559 0.903565
 1222.000000 0.809110 0.959081
 1223.000000 0.907018 0.948377
 1224.000000 0.806049 0.969416
 1225.000000 0.908765 0.995489
 1226.000000 0.837595 0.963791
 1227.000000 0.841885 1.016492
 1228.000000 0.877235 0.898725
 1229.000000 0.815014 1.011587
 1230.000000 0.871667 1.002003
 1231.000000 0.840922 0.909734
 1232.000000 0.831603 1.003271
 1233.000000 0.853801 0.945129
 1234.000000 0.868900 0.940697
 1235.000000 0.846164 1.045890
 1236.000000 0.764074 0.966036
 1237.000000 0.844137 0.976090
 1238.000000 0.867044 0.936836
 1239.000000 0.816072 0.855843
 1240.000000 0.761268 0.951311
 1241.000000 0.780377 0.932903
 1242.000000 0.795254 1.030473
 1243.000000 0.865312 0.929942
 1244.000000 0.836182 0.983192
 1245.000000 0.872672 0.999070
 1246.000000 0.865053 0.993078
 1247.000000 0.850667 0.925759
 1248.000000 0.773926 1.038451
 1249.000000 0.805143 0.960901
 1250.000000 0.809232 0.987498
 1251.000000 0.823851 0.951441
 1252.000000 0.957029 0.982271
 1253.000000 0.839212 0.957442
 1254.000000 0.933243 0.949082
 1255.000000 0.807177 0.883332
 1256.000000 0.900861 0.955422
 1257.000000 0.802515 0.996176
 1258.000000 0.939444 0.912191
 1259.000000 0.837345 0.962730
 1260.000000 0.879988 0.982776
 1261.000000 0.863646 0.985295
 1262.000000 0.852936 0.984091
 1263.000000 0.725502 0.985970
 1264.000000 0.822718 1.001166
 1265.000000 0.788541 1.000024
 1266.000000 0.742364 0.970270
 1267.000000 0.793122 1.068596
 1268.000000 0.883384 1.001423
 1269.000000 0.786328 1.032715
 1270.000000 0.786272 0.974846
 1271.000000 0.783678 1.023536
 1272.000000 0.785825 1.030514
 1273.000000 0.815769 0.974708
 1274.000000 0.791622 1.054663
 1275.000000 0.908859 0.990187
 1276.000000 0.909268 1.015994
 1277.000000 0.869560 1.019418
 1278.000000 0.839764 0.993478
 1279.000000 0.771241 1.066421
 1280.000000 0.888465 0.933335
 1281.000000 0.807211 0.947882
 1282.000000 0.859508 0.978564
 1283.000000 0.931514 1.007032
 1284.000000 0.706520 1.003423
 1285.000000 0.734976 0.966656
 1286.000000 0.774993 0.886234
 1287.000000 0.897248 0.861071
 1288.000000 0.907909 0.970115
 1289.000000 0.850356 0.879734
 1290.000000 0.759581 0.926519
 1291.000000 0.875066 0.986181
 1292.000000 0.840750 0.919231
 1293.000000 0.862676 1.025749
 1294.000000 0.907763 0.912432
 1295.000000 0.772488 0.966337
 1296.000000 0.869000 0.937758
 1297.000000 0.900854 0.966282
 1298.000000 0.810355 0.930524
 1299.000000 0.871021 1.023968
 1300.000000 0.792642 0.908798
 1301.000000 0.935279 1.034399
 1302.000000 0.875581 0.925392
 1303.000000 0.785750 1.040776
 1304.000000 0.940680 1.005666
 1305.000000 0.844321 0.967280
 1306.000000 0.755456 0.999324
 1307.000000 0.791444 1.006012
 1308.000000 0.883382 0.965954
 1309.000000 0.847918 0.910387
 1310.000000 0.733564 0.817876
 1311.000000 0.804666 1.006005
 1312.000000 0.918854 0.950081
 1313.000000 0.871560 0.918653
 1314.000000 0.892310 1.023732
 1315.000000 0.806748 0.895360
 1316.000000 0.793405 1.031728
 1317.000000 0.781808 1.015879
 1318.000000 0.832142 1.043370
 1319.000000 0.798666 0.987721
 1320.000000 0.804865 1.129965
 1321.000000 0.909488 1.057755
 1322.000000 0.815241 1.069220
 1323.000000 0.880278 1.015331
 1324.000000 0.780316 0.962348
 1325.000000 0.785402 0.928032
 1326.000000 0.743151 0.992382
 1327.000000 0.720298 0.981597
 1328.000000 0.721933 1.068579
 1329.000000 0.815318 0.919236
 1330.000000 0.858703 0.917685
 1331.000000 0.842544 0.935111
 1332.000000 0.811494 0.941461
 1333.000000 0.852432 0.931367
 1334.000000 0.709242 0.996892
 1335.000000 0.764365 1.072016
 1336.000000 0.804905 1.063483
 1337.000000 0.769018 1.083517
 1338.000000 0.801644 1.033286
 1339.000000 0.792316 1.037139
 1340.000000 0.825837 1.022636
 1341.000000 0.844782 0.968080
 1342.000000 0.885060 0.981332
 1343.000000 0.898593 0.993468
 1344.000000 0.845241 0.858533
 1345.000000 0.802669 0.888589
 1346.000000 0.775363 0.949030
 1347.000000 0.802141 0.976128
 1348.000000 0.840748 1.037515
 1349.000000 0.817154 1.021270
 1350.000000 0.864987 0.913727
 1351.000000 0.890747 0.995466
 1352.000000 0.811562 0.972013
 1353.000000 0.794301 1.007963
 1354.000000 0.856476 1.069849
 1355.000000 0.853506 0.950393
 1356.000000 0.803211 1.019547
 1357.000000 0.788889 1.047619
 1358.000000 0.815087 1.049907
 1359.000000 0.804105 1.034715
 1360.000000 0.806240 1.063378
 1361.000000 0.821393 0.990637
 1362.000000 0.837251 0.973486
 1363.000000 0.829936 0.936818
 1364.000000 0.800931 0.967713
 1365.000000 0.748802 0.928276
 1366.000000 0.877201 0.949386
 1367.000000 0.847231 1.009483
 1368.000000 0.821161 1.041758
 1369.000000 0.805040 1.054170
 1370.000000 0.876979 1.052721
 1371.000000 0.799849 1.019482
 1372.000000 0.822785 1.021897
 1373.000000 0.847714 0.962731
 1374.000000 0.802743 1.037861
 1375.000000 0.968990 0.974088
 1376.000000 0.922158 1.023675
 1377.000000 0.792829 0.976508
 1378.000000 0.842936 0.915686
 1379.000000 0.803676 0.946873
 1380.000000 0.781768 0.991147
 1381.000000 0.856129 0.940546
 1382.000000 0.800824 0.956539
 1383.000000 0.859286 1.053555
 1384.000000 0.841091 0.906055
 1385.000000 0.725758 0.939126
 1386.000000 0.831575 0.930668
 1387.000000 0.799574 0.953609
 1388.000000 0.845350 0.993825
 1389.000000 0.857696 0.929128
 1390.000000 0.817282 0.892052
 1391.000000 0.786436 1.052719
 1392.000000 0.783388 0.975823
 1393.000000 0.823616 1.043702
 1394.000000 0.934692 1.067390
 1395.000000 0.849759 0.992049
 1396.000000 0.906932 0.898849
 1397.000000 0.855429 0.911957
 1398.000000 0.777599 0.891039
 1399.000000 0.815129 0.885769
 1400.000000 0.804276 0.918632
 1401.000000 0.805187 0.870685
 1402.000000 0.778970 0.971418
 1403.000000 0.812819 0.960636
 1404.000000 0.684622 1.035295
 1405.000000 0.788886 0.962966
 1406.000000 0.773171 0.955961
 1407.000000 0.917958 1.005978
 1408.000000 0.894749 0.922785
 1409.000000 0.768417 0.847704
 1410.000000 0.883895 0.920899
 1411.000000 0.805312 1.007396
 1412.000000 0.794399 0.976604
 1413.000000 0.837765 0.945475
 1414.000000 0.751874 0.910077
 1415.000000 0.743399 0.926580
 1416.000000 0.770162 0.895690
 1417.000000 0.872952 0.974646
 1418.000000 0.773012 0.909578
 1419.000000 0.780044 0.943931
 1420.000000 0.836095 1.072049
 1421.000000 0.799219 1.047172
 1422.000000 0.732208 0.935159
 1423.000000 0.733794 0.903131
 1424.000000 0.766424 0.922701
 1425.000000 0.733736 1.004390
 1426.000000 0.734412 0.965241
 1427.000000 0.687075 0.944253
 1428.000000 0.765808 1.015879
 1429.000000 0.798831 1.013372
 1430.000000 0.863788 0.985140
 1431.000000 0.879323 0.986568
 1432.000000 0.864127 0.951260
 1433.000000 0.766585 1.002746
 1434.000000 0.774316 0.956596
 1435.000000 0.771346 1.004738
 1436.000000 0.804328 0.975733
 1437.000000 0.864970 0.974089
 1438.000000 0.804341 0.971641
 1439.000000 0.752671 1.020449
 1440.000000 0.853152 0.970829
 1441.000000 0.833729 0.971839
 1442.000000 0.870094 0.969335
 1443.000000 0.752211 0.851476
 1444.000000 0.752371 0.953903
 1445.000000 0.828297 0.888392
 1446.000000 0.881199 0.983900
 1447.000000 0.749967 0.960432
 1448.000000 0.776526 0.963557
 1449.000000 0.711645 0.957924
 1450.000000 0.862411 1.019016
 1451.000000 0.845469 0.938884
 1452.000000 0.760500 0.963447
 1453.000000 0.766725 0.891056
 1454.000000 0.842852 0.896671
 1455.000000 0.768917 0.904156
 1456.000000 0.799252 1.004394
 1457.000000 0.811103 1.089629
 1458.000000 0.735978 0.962685
 1459.000000 0.822209 1.009506
 1460.000000 0.770028 0.991134
 1461.000000 0.793323 0.926223
 1462.000000 0.734292 0.893630
 1463.000000 0.756936 0.857533
 1464.000000 0.791530 0.997808
 1465.000000 0.786721 0.938542
 1466.000000 0.801092 0.884064
 1467.000000 0.822309 0.908840
 1468.000000 0.784012 0.965276
 1469.000000 0.878987 1.072953
 1470.000000 0.874695 0.954386
 1471.000000 0.779740 0.913964
 1472.000000 0.720015 1.012176
 1473.000000 0.727705 1.008503
 1474.000000 0.797450 0.963311
 1475.000000 0.832627 1.016457
 1476.000000 0.749445 0.960181
 1477.000000 0.839994 0.979843
 1478.000000 0.808911 1.007600
 1479.000000 0.784441 0.826714
 1480.000000 0.685556 0.876416
 1481.000000 0.821189 0.969612
 1482.000000 0.745105 0.981084
 1483.000000 0.720100 0.994365
 1484.000000 0.747917 1.013005
 1485.000000 0.760085 1.033079
 1486.000000 0.748124 1.023890
 1487.000000 0.807613 1.031676
 1488.000000 0.844461 0.950598
 1489.000000 0.839925 0.976578
 1490.000000 0.781730 1.064961
 1491.000000 0.712115 1.035918
 1492.000000 0.728772 1.007810
 1493.000000 0.787817 0.925604
 1494.000000 0.824178 0.910620
 1495.000000 0.808794 0.950418
 1496.000000 0.833654 0.999344
 1497.000000 0.742303 0.980529
 1498.000000 0.808584 0.969874
 1499.000000 0.843824 0.983693
 1500.000000 0.784665 0.918174
 1501.000000 0.831628 0.928907
 1502.000000 0.812830 0.948187
 1503.000000 0.745093 0.921597
 1504.000000 0.752481 0.946093
 1505.000000 0.765939 0.886614
 1506.000000 0.859508 0.921792
 1507.000000 0.804515 0.936984
 1508.000000 0.770322 0.938615
 1509.000000 0.743889 0.981224
 1510.000000 0.770935 0.919501
 1511.000000 0.849356 0.935718
 1512.000000 0.749236 1.006230
 1513.000000 0.835810 1.037317
 1514.000000 0.837855 0.859442
 1515.000000 0.741819 0.934584
 1516.000000 0.806559 0.967343
 1517.000000 0.840634 0.929243
 1518.000000 0.790416 0.929306
 1519.000000 0.768791 1.006397
 1520.000000 0.774237 0.927901
 1521.000000 0.704993 0.917766
 1522.000000 0.762168 0.853773
 1523.000000 0.831388 0.979183
 1524.000000 0.791477 1.039257
 1525.000000 0.782648 0.981613
 1526.000000 0.854796 0.934406
 1527.000000 0.772375 0.936559
 1528.000000 0.856020 0.954585
 1529.000000 0.859906 0.954124
 1530.000000 0.823167 0.915810
 1531.000000 0.796186 0.887510
 1532.000000 0.871988 0.973087
 1533.000000 0.775093 0.980444
 1534.000000 0.807204 0.999274
 1535.000000 0.804304 0.987616
 1536.000000 0.778529 0.982679
 1537.000000 0.736853 0.957012
 1538.000000 0.765774 1.018402
 1539.000000 0.831411 0.942418
 1540.000000 0.844678 0.988682
 1541.000000 0.787386 0.886960
 1542.000000 0.875057 1.020466
 1543.000000 0.784430 0.946407
 1544.000000 0.775412 0.931907
 1545.000000 0.747731 0.872404
 1546.000000 0.807079 0.884294
 1547.000000 0.781868 0.968817
 1548.000000 0.718604 0.936821
 1549.000000 0.735742 0.898075
 1550.000000 0.735166 1.018334
 1551.000000 0.839720 0.940386
 1552.000000 0.814026 0.955062
 1553.000000 0.732680 1.032302
 1554.000000 0.788910 1.041482
 1555.000000 0.766692 0.976022
 1556.000000 0.788480 0.909983
 1557.000000 0.794733 0.977775
 1558.000000 0.820422 0.966844
 1559.000000 0.859010 0.981702
 1560.000000 0.787185 0.887389
 1561.000000 0.944058 0.975197
 1562.000000 0.760727 0.887094
 1563.000000 0.748660 0.849727
 1564.000000 0.770601 0.939335
 1565.000000 0.738143 0.985180
 1566.000000 0.872900 0.922175
 1567.000000 0.706146 1.151155
 1568.000000 0.835634 1.007608
 1569.000000 0.702494 0.931822
 1570.000000 0.784592 0.959972
 1571.000000 0.870803 0.987593
 1572.000000 0.845021 0.915365
 1573.000000 0.819121 0.982665
 1574.000000 0.839229 0.902223
 1575.000000 0.772676 0.931780
 1576.000000 0.631840 0.966936
 1577.000000 0.768408 0.935381
 1578.000000 0.825540 0.989805
 1579.000000 0.898691 0.978517
 1580.000000 0.718909 0.807446
 1581.000000 0.760268 0.808479
 1582.000000 0.813397 0.923274
 1583.000000 0.827754 0.891715
 1584.000000 0.741258 0.895666
 1585.000000 0.814983 0.898535
 1586.000000 0.776800 0.906531
 1587.000000 0.780060 0.977409
 1588.000000 0.788188 1.062201
 1589.000000 0.742017 1.005487
 1590.000000 0.842908 1.008281
 1591.000000 0.841332 1.006000
 1592.000000 0.748919 1.072806
 1593.000000 0.724873 0.932639
 1594.000000 0.788715 1.020883
 1595.000000 0.799875 1.031637
 1596.000000 0.778123 1.033138
 1597.000000 0.808864 1.020984
 1598.000000 0.815392 0.986619
 1599.000000 0.803737 0.984374
 1600.000000 0.798974 0.996050
 1601.000000 0.905836 0.974843
 1602.000000 0.790142 0.952625
 1603.000000 0.761188 0.888199
 1604.000000 0.755965 0.965796
 1605.000000 0.827801 0.869588
 1606.000000 0.816278 0.984072
 1607.000000 0.841741 0.996673
 1608.000000 0.769756 1.008960
 1609.000000 0.796192 1.017029
 1610.000000 0.789039 1.034803
 1611.000000 0.823375 1.004056
 1612.000000 0.785482 1.007332
 1613.000000 0.780658 0.980664
 1614.000000 0.740902 0.973465
 1615.000000 0.837369 0.964009
 1616.000000 0.832641 0.966171
 1617.000000 0.800526 0.935066
 1618.000000 0.686839 0.899879
 1619.000000 0.844276 0.924233
 1620.000000 0.829421 0.942624
 1621.000000 0.825121 1.104122
 1622.000000 0.840031 1.096034
 1623.000000 0.716430 1.048801
 1624.000000 0.832893 1.000007
 1625.000000 0.814378 0.989257
 1626.000000 0.762526 0.925860
 1627.000000 0.809138 0.969609
 1628.000000 0.834618 0.924862
 1629.000000 0.765200 1.062069
 1630.000000 0.840334 0.771212
 1631.000000 0.711347 0.989977
 1632.000000 0.822440 0.964398
 1633.000000 0.777808 0.953962
 1634.000000 0.761445 0.933654
 1635.000000 0.754835 0.996748
 1636.000000 0.711135 0.904479
 1637.000000 0.707264 0.915666
 1638.000000 0.823266 0.983446
 1639.000000 0.763353 0.926363
 1640.000000 0.665612 0.980698
 1641.000000 0.852362 0.989535
 1642.000000 0.804829 0.933129
 1643.000000 0.789537 0.936116
 1644.000000 0.883851 1.007867
 1645.000000 0.881528 1.061538
 1646.000000 0.723936 0.904290
 1647.000000 0.851799 1.014216
 1648.000000 0.837735 0.964123
 1649.000000 0.812993 1.010870
 1650.000000 0.755147 0.943039
 1651.000000 0.804088 0.986352
 1652.000000 0.802469 1.028190
 1653.000000 0.894468 0.917621
 1654.000000 0.923957 0.991613
 1655.000000 0.945669 0.931574
 1656.000000 0.836828 1.014968
 1657.000000 0.776372 0.972129
 1658.000000 0.866091 0.964990
 1659.000000 0.811685 0.866065
 1660.000000 0.791367 0.919528
 1661.000000 0.863317 0.863506
 1662.000000 0.787099 0.977410
 1663.000000 0.785494 1.135401
 1664.000000 0.885464 1.042075
 1665.000000 0.759589 0.949676
 1666.000000 0.882962 1.004244
 1667.000000 0.826515 1.003948
 1668.000000 0.810002 0.993543
 1669.000000 0.804220 1.052156
 1670.000000 0.838186 0.975368
 1671.000000 0.798792 0.907991
 1672.000000 0.803093 1.031812
 1673.000000 0.867328 1.030444
 1674.000000 0.825607 0.984427
 1675.000000 0.828093 0.958965
 1676.000000 0.875724 1.014690
 1677.000000 0.901681 0.919725
 1678.000000 0.838238 1.029191
 1679.000000 0.761591 1.028620
 1680.000000 0.838627 1.046111
 1681.000000 0.842189 0.954618
 1682.000000 0.770499 1.096275
 1683.000000 0.781587 0.923388
 1684.000000 0.797973 1.084889
 1685.000000 0.879205 0.997123
 1686.000000 0.862640 0.985402
 1687.000000 0.762024 0.991910
 1688.000000 0.750306 1.032104
 1689.000000 0.763050 0.931666
 1690.000000 0.779132 1.024804
 1691.000000 0.853068 0.994353
 1692.000000 0.801255 0.914292
 1693.000000 0.815731 0.975796
 1694.000000 0.780510 0.981011
 1695.000000 0.836485 1.059493
 1696.000000 0.841669 0.941978
 1697.000000 0.871387 0.969610
 1698.000000 0.839571 1.004828
 1699.000000 0.830339 0.890031
 1700.000000 0.807517 0.898476
 1701.000000 0.835416 0.831863
 1702.000000 0.723936 1.009338
 1703.000000 0.781236 0.905126
 1704.000000 0.808261 0.910746
 1705.000000 0.757146 1.053829
 1706.000000 0.788586 0.996360
 1707.000000 0.760407 1.001059
 1708.000000 0.738313 1.022613
 1709.000000 0.781054 1.001805
 1710.000000 0.790853 0.992151
 1711.000000 0.810335 0.878138
 1712.000000 0.822316 0.962430
 1713.000000 0.770532 0.982159
 1714.000000 0.721406 0.922194
 1715.000000 0.765945 0.895143
 1716.000000 0.762818 0.894562
 1717.000000 0.837269 0.958404
 1718.000000 0.875173 0.973058
 1719.000000 0.716960 0.914079
 1720.000000 0.795524 0.880912
 1721.000000 0.812005 0.912485
 1722.000000 0.812368 0.949346
 1723.000000 0.788878 0.977987
 1724.000000 0.831188 1.031128
 1725.000000 0.743707 0.950525
 1726.000000 0.688724 0.911670
 1727.000000 0.686893 0.951613
 1728.000000 0.800864 0.876734
 1729.000000 0.856448 0.856557
 1730.000000 0.748523 0.869969
 1731.000000 0.809261 1.026568
 1732.000000 0.741543 1.084177
 1733.000000 0.766562 0.975552
 1734.000000 0.829176 0.999432
 1735.000000 0.884573 0.961963
 1736.000000 0.825061 0.927133
 1737.000000 0.810117 1.016199
 1738.000000 0.838459 1.003834
 1739.000000 0.831181 0.917124
 1740.000000 0.799642 0.888872
 1741.000000 0.744162 0.904297
 1742.000000 0.845033 0.844405
 1743.000000 0.787096 0.989341
 1744.000000 0.798362 0.933506
 1745.000000 0.773007 0.950083
 1746.000000 0.770437 0.930235
 1747.000000 0.807328 0.992678
 1748.000000 0.821353 0.976162
 1749.000000 0.829793 0.893854
 1750.000000 0.777879 1.041940
 1751.000000 0.743484 0.924923
 1752.000000 0.740183 0.874523
 1753.000000 0.763771 0.937849
 1754.000000 0.816149 0.972855
 1755.000000 0.737998 0.980742
 1756.000000 0.685302 0.932003
 1757.000000 0.787734 0.924416
 1758.000000 0.794266 0.880165
 1759.000000 0.857058 0.984398
 1760.000000 0.793443 0.948411
 1761.000000 0.826221 1.004848
 1762.000000 0.774339 1.002341
 1763.000000 0.767867 1.064423
 1764.000000 0.809807 0.911040
 1765.000000 0.832785 0.999424
 1766.000000 0.803173 1.036437
 1767.000000 0.798975 1.027336
 1768.000000 0.802270 1.025119
 1769.000000 0.767191 1.009014
 1770.000000 0.681500 1.017079
 1771.000000 0.800570 0.980538
 1772.000000 0.854517 0.935839
 1773.000000 0.744692 0.995260
 1774.000000 0.786594 0.974219
 1775.000000 0.781370 0.933018
 1776.000000 0.768440 1.055212
 1777.000000 0.782055 0.974067
 1778.000000 0.841634 1.024728
 1779.000000 0.688981 1.001475
 1780.000000 0.794393 0.919950
 1781.000000 0.708931 0.909904
 1782.000000 0.751953 0.942901
 1783.000000 0.739927 0.943390
 1784.000000 0.772072 0.935139
 1785.000000 0.687612 0.990171
 1786.000000 0.745897 1.028944
 1787.000000 0.908155 1.047725
 1788.000000 0.791913 1.018876
 1789.000000 0.824182 0.974087
 1790.000000 0.766232 1.014942
 1791.000000 0.790114 1.073030
 1792.000000 0.715170 0.984140
 1793.000000 0.916717 0.917731
 1794.000000 0.830165 0.923376
 1795.000000 0.843979 0.994716
 1796.000000 0.791139 0.980630
 1797.000000 0.694956 0.866955
 1798.000000 0.772716 0.917013
 1799.000000 0.781299 0.894040
 1800.000000 0.766805 0.944996
 1801.000000 0.792123 0.970476
 1802.000000 0.862649 1.028262
 1803.000000 0.782189 0.851849
 1804.000000 0.827878 0.886084
 1805.000000 0.711898 0.972612
 1806.000000 0.821947 0.882668
 1807.000000 0.797640 0.971593
 1808.000000 0.774424 0.928107
 1809.000000 0.742720 0.960904
 1810.000000 0.856267 0.988248
 1811.000000 0.776668 1.028201
 1812.000000 0.738497 0.998965
 1813.000000 0.753381 1.081355
 1814.000000 0.769570 1.071466
 1815.000000 0.850956 0.931234
 1816.000000 0.747832 1.005074
 1817.000000 0.786120 1.017751
 1818.000000 0.757199 1.001966
 1819.000000 0.803302 0.973366
 1820.000000 0.734110 1.006249
 1821.000000 0.786110 1.034208
 1822.000000 0.802502 1.013761
 1823.000000 0.886815 0.977491
 1824.000000 0.773087 0.957952
 1825.000000 0.775252 0.880066
 1826.000000 0.820776 0.974493
 1827.000000 0.830215 1.012596
 1828.000000 0.808244 0.878344
 1829.000000 0.710358 1.075365
 1830.000000 0.735557 1.119214
 1831.000000 0.738317 1.021501
 1832.000000 0.770888 0.980730
 1833.000000 0.896239 1.009952
 1834.000000 0.758698 0.923633
 1835.000000 0.738474 1.047595
 1836.000000 0.785639 1.033686
 1837.000000 0.825106 0.954315
 1838.000000 0.769569 1.052005
 1839.000000 0.818517 1.031986
 1840.000000 0.803969 0.956890
 1841.000000 0.717308 1.008728
 1842.000000 0.762426 1.040391
 1843.000000 0.812932 1.087828
 1844.000000 0.823357 0.977361
 1845.000000 0.796263 0.976970
 1846.000000 0.831794 1.035598
 1847.000000 0.731526 0.935453
 1848.000000 0.664622 0.981786
 1849.000000 0.760587 0.960155
 1850.000000 0.771312 1.013851
 1851.000000 0.871448 0.999853
 1852.000000 0.815587 0.994081
 1853.000000 0.853672 0.947385
 1854.000000 0.830432 1.010247
 1855.000000 0.811597 0.965818
 1856.000000 0.806842 1.021144
 1857.000000 0.782705 0.942871
 1858.000000 0.894779 0.949339
 1859.000000 0.809187 0.964937
 1860.000000 0.750199 0.942241
 1861.000000 0.821695 1.024117
 1862.000000 0.774017 0.993021
 1863.000000 0.859645 0.955158
 1864.000000 0.777024 1.040317
 1865.000000 0.776189 0.902172
 1866.000000 0.715570 0.888720
 1867.000000 0.813193 0.924827
 1868.000000 0.818467 0.995460
 1869.000000 0.884469 1.025192
 1870.000000 0.832360 1.012047
 1871.000000 0.757164 1.048516
 1872.000000 0.833874 1.016468
 1873.000000 0.739284 0.904395
 1874.000000 0.804695 0.983900
 1875.000000 0.819543 0.940722
 1876.000000 0.723052 0.863329
 1877.000000 0.778486 0.985683
 1878.000000 0.883049 0.937023
 1879.000000 0.734616 0.938372
 1880.000000 0.771132 0.862181
 1881.000000 0.815370 0.875422
 1882.000000 0.816195 0.953961
 1883.000000 0.813087 0.939430
 1884.000000 0.804805 0.918531
 1885.000000 0.800056 0.950361
 1886.000000 0.900470 1.004818
 1887.000000 0.770925 0.854615
 1888.000000 0.812012 0.935276
 1889.000000 0.719770 0.926776
 1890.000000 0.775591 0.848685
 1891.000000 0.768247 1.006223
 1892.000000 0.758381 0.959975
 1893.000000 0.813843 1.016550
 1894.000000 0.690010 0.960952
 1895.000000 0.740190 0.909238
 1896.000000 0.792202 0.956429
 1897.000000 0.825298 0.877303
 1898.000000 0.754894 0.965191
 1899.000000 0.770034 0.866216
 1900.000000 0.784425 1.038498
 1901.000000 0.721408 0.992082
 1902.000000 0.806572 0.965779
 1903.000000 0.837310 0.994686
 1904.000000 0.834849 0.963294
 1905.000000 0.773858 0.975749
 1906.000000 0.885114 1.003194
 1907.000000 0.658202 0.955006
 1908.000000 0.678300 1.038208
 1909.000000 0.784876 0.934913
 1910.000000 0.868746 1.044166
 1911.000000 0.737228 0.959326
 1912.000000 0.701841 1.054638
 1913.000000 0.753774 1.018637
 1914.000000 0.754299 0.964162
 1915.000000 0.751935 0.992625
 1916.000000 0.744873 0.983217
 1917.000000 0.812308 1.065311
 1918.000000 0.872729 1.026420
 1919.000000 0.789855 1.008102
 1920.000000 0.831820 0.967981
 1921.000000 0.833806 1.063862
 1922.000000 0.868635 0.941334
 1923.000000 0.849257 1.046732
 1924.000000 0.810110 1.041073
 1925.000000 0.858587 0.973825
 1926.000000 0.819073 0.934993
 1927.000000 0.800941 1.033577
 1928.000000 0.829543 0.938577
 1929.000000 0.766150 0.900903
 1930.000000 0.827090 0.965554
 1931.000000 0.773438 1.019335
 1932.000000 0.723636 1.026598
 1933.000000 0.771880 0.996929
 1934.000000 0.841932 1.057719
 1935.000000 0.758120 1.019266
 1936.000000 0.897434 1.064909
 1937.000000 0.705586 0.954102
 1938.000000 0.775089 1.006515
 1939.000000 0.763711 0.944551
 1940.000000 0.693369 0.974428
 1941.000000 0.755640 1.079337
 1942.000000 0.707096 1.032966
 1943.000000 0.739495 0.977512
 1944.000000 0.871047 1.023896
 1945.000000 0.835764 1.050036
 1946.000000 0.744368 1.077686
 1947.000000 0.826910 1.024193
 1948.000000 0.785649 1.065828
 1949.000000 0.785421 0.943750
 1950.000000 0.721418 1.044405
 1951.000000 0.712217 1.015938
 1952.000000 0.796917 0.982298
 1953.000000 0.683279 0.976957
 1954.000000 0.727075 0.999557
 1955.000000 0.783851 0.918862
 1956.000000 0.861739 0.930254
 1957.000000 0.796969 0.981234
 1958.000000 0.829327 0.995826
 1959.000000 0.695513 0.957165
 1960.000000 0.833064 0.956703
 1961.000000 0.793977 0.972087
 1962.000000 0.813012 0.979627
 1963.000000 0.798431 0.983877
 1964.000000 0.762857 0.999470
 1965.000000 0.758513 0.970700
 1966.000000 0.838623 1.025165
 1967.000000 0.753034 0.990213
 1968.000000 0.774416 0.931839
 1969.000000 0.765891 1.003851
 1970.000000 0.740004 0.945130
 1971.000000 0.823944 0.991693
 1972.000000 0.822540 1.009847
 1973.000000 0.754899 1.016914
 1974.000000 0.799909 0.865527
 1975.000000 0.846240 0.895677
 1976.000000 0.818188 1.016156
 1977.000000 0.735261 1.002204
 1978.000000 0.782659 0.964818
 1979.000000 0.783304 0.958754
 1980.000000 0.806167 1.005663
 1981.000000 0.817685 1.066930
 1982.000000 0.829906 1.062072
 1983.000000 0.769241 1.000873
 1984.000000 0.806950 0.944041
 1985.000000 0.841066 0.997313
 1986.000000 0.801425 1.015971
 1987.000000 0.850990 0.982773
 1988.000000 0.801299 0.991906
 1989.000000 0.665264 0.968839
 1990.000000 0.773403 0.843256
 1991.000000 0.808978 0.905056
 1992.000000 0.778114 0.896434
 1993.000000 0.747935 0.913493
 1994.000000 0.753344 0.899726
 1995.000000 0.825781 0.985311
 1996.000000 0.712782 1.005911
 1997.000000 0.845896 0.942122
 1998.000000 0.816275 1.000643
 1999.000000 0.855584 0.974210
 2000.000000 0.816338 1.076647
 2001.000000 0.739628 0.983849
 2002.000000 0.764494 0.915335
 2003.000000 0.841159 1.005622
 2004.000000 0.767790 1.031016
 2005.000000 0.855624 1.024283
 2006.000000 0.780309 1.021195
 2007.000000 0.811998 0.979561
 2008.000000 0.794497 0.998941
 2009.000000 0.786635 0.972649
 2010.000000 0.752627 0.899768
 2011.000000 0.849081 0.983298
 2012.000000 0.752309 0.964383
 2013.000000 0.729742 1.071712
 2014.000000 0.781765 0.959247
 2015.000000 0.836949 0.972218
 2016.000000 0.852571 1.019884
 2017.000000 0.775490 1.045273
 2018.000000 0.750017 0.967868
 2019.000000 0.869520 0.953750
 2020.000000 0.698226 1.095555
 2021.000000 0.796214 1.035011
 2022.000000 0.796040 0.837418
 2023.000000 0.762855 0.980140
 2024.000000 0.677545 0.975750
 2025.000000 0.715236 0.937009
 2026.000000 0.795669 0.900093
 2027.000000 0.896117 1.025484
 2028.000000 0.766795 0.945280
 2029.000000 0.752800 0.918412
 2030.000000 0.725251 0.913131
 2031.000000 0.767603 1.031845
 2032.000000 0.843087 1.005981
 2033.000000 0.704247 0.913929
 2034.000000 0.811677 0.908066
 2035.000000 0.760855 0.989284
 2036.000000 0.710996 1.023670
 2037.000000 0.699875 0.929501
 2038.000000 0.807740 0.971277
 2039.000000 0.780302 1.105571
 2040.000000 0.805374 0.931439
 2041.000000 0.741556 1.034181
 2042.000000 0.794900 0.927948
 2043.000000 0.766332 0.818458
 2044.000000 0.857869 0.983994
 2045.000000 0.822281 0.999153
 2046.000000 0.751986 0.953055
 2047.000000 0.754451 0.973278
 2048.000000 0.738581 1.062586
 2049.000000 0.679912 0.942520
 2050.000000 0.817326 0.976027
 2051.000000 0.769221 0.931749
 2052.000000 0.738887 0.921296
 2053.000000 0.866197 0.955906
 2054.000000 0.747268 0.925224
 2055.000000 0.807906 0.992641
 2056.000000 0.874510 1.073523
 2057.000000 0.874574 1.047438
 2058.000000 0.832357 1.074542
 2059.000000 0.851418 0.992356
 2060.000000 0.733483 1.002099
 2061.000000 0.829472 1.024695
 2062.000000 0.769570 0.921907
 2063.000000 0.813737 1.052131
 2064.000000 0.692676 0.880597
 2065.000000 0.772804 0.900791
 2066.000000 0.763717 1.031428
 2067.000000 0.704943 1.022729
 2068.000000 0.722515 0.870807
 2069.000000 0.800416 1.004479
 2070.000000 0.846563 0.990612
 2071.000000 0.782329 0.966488
 2072.000000 0.740163 0.975759
 2073.000000 0.790740 1.053977
 2074.000000 0.735720 0.967284
 2075.000000 0.865260 0.975830
 2076.000000 0.783080 0.921605
 2077.000000 0.810317 1.010260
 2078.000000 0.844598 0.990133
 2079.000000 0.889758 1.010230
 2080.000000 0.851210 1.015935
 2081.000000 0.818784 0.962380
 2082.000000 0.758396 1.145542
 2083.000000 0.775078 1.013846
 2084.000000 0.842643 1.004166
 2085.000000 0.906658 1.037575
 2086.000000 0.858840 0.989465
 2087.000000 0.823917 0.949082
 2088.000000 0.912691 0.995111
 2089.000000 0.846992 0.938773
 2090.000000 0.812041 0.944367
 2091.000000 0.808070 1.008110
 2092.000000 0.870656 0.979132
 2093.000000 0.774426 0.997232
 2094.000000 0.809520 1.005959
 2095.000000 0.787166 0.918894
 2096.000000 0.811535 0.970739
 2097.000000 0.787270 0.919121
 2098.000000 0.775925 0.952329
 2099.000000 0.949363 0.976179
 2100.000000 0.738747 0.951812
 2101.000000 0.818879 0.895585
 2102.000000 0.746154 1.060810
 2103.000000 0.772897 1.016959
 2104.000000 0.852211 0.982311
 2105.000000 0.769088 0.994493
 2106.000000 0.819268 0.960125
 2107.000000 0.758945 0.962638
 2108.000000 0.801657 1.088296
 2109.000000 0.831226 1.038811
 2110.000000 0.777414 1.031588
 2111.000000 0.719492 0.975435
 2112.000000 0.715532 1.053994
 2113.000000 0.753896 0.944409
 2114.000000 0.753147 0.983887
 2115.000000 0.775682 1.027559
 2116.000000 0.802961 0.969710
 2117.000000 0.744759 0.973484
 2118.000000 0.738027 1.004646
 2119.000000 0.747231 0.907807
 2120.000000 0.765513 0.976496
 2121.000000 0.819012 0.967993
 2122.000000 0.809072 0.922364
 2123.000000 0.745881 0.962937
 2124.000000 0.874730 0.970214
 2125.000000 0.815702 0.985089
 2126.000000 0.858773 1.008753
 2127.000000 0.727316 0.932249
 2128.000000 0.768948 0.989698
 2129.000000 0.776292 0.973330
 2130.000000 0.795308 0.944302
 2131.000000 0.822049 0.965107
 2132.000000 0.817310 0.937299
 2133.000000 0.832655 1.025730
 2134.000000 0.675944 0.975051
 2135.000000 0.846586 1.029239
 2136.000000 0.767715 1.038146
 2137.000000 0.762871 0.969426
 2138.000000 0.769387 0.953864
 2139.000000 0.659287 1.039910
 2140.000000 0.742124 1.014884
 2141.000000 0.754340 0.912916
 2142.000000 0.722316 1.021509
 2143.000000 0.736355 0.911345
 2144.000000 0.748542 0.917170
 2145.000000 0.749877 0.966179
 2146.000000 0.728079 0.908849
 2147.000000 0.802429 0.907373
 2148.000000 0.765967 0.972932
 2149.000000 0.734430 0.927944
 2150.000000 0.771796 0.910625
 2151.000000 0.741304 0.861673
 2152.000000 0.724004 0.862927
 2153.000000 0.704532 0.897778
 2154.000000 0.737200 1.047741
 2155.000000 0.795650 1.022312
 2156.000000 0.845948 0.928185
 2157.000000 0.920015 0.962638
 2158.000000 0.772058 0.816476
 2159.000000 0.773709 0.972376
 2160.000000 0.809694 0.925248
 2161.000000 0.780088 0.951285
 2162.000000 0.782607 0.894215
 2163.000000 0.737462 0.919192
 2164.000000 0.784778 0.918175
 2165.000000 0.810492 0.967958
 2166.000000 0.796695 0.995528
 2167.000000 0.844858 1.070475
 2168.000000 0.833911 1.016583
 2169.000000 0.828232 0.975624
 2170.000000 0.878004 0.969970
 2171.000000 0.746280 0.930195
 2172.000000 0.785360 0.972910
 2173.000000 0.814881 0.945597
 2174.000000 0.767624 0.961004
 2175.000000 0.838650 0.929641
 2176.000000 0.770565 0.960184
 2177.000000 0.852431 0.975618
 2178.000000 0.860510 0.991116
 2179.000000 0.776281 1.026612
 2180.000000 0.845274 0.997798
 2181.000000 0.851657 0.859808
 2182.000000 0.745966 1.030825
 2183.000000 0.826258 1.013628
 2184.000000 0.754025 1.030379
 2185.000000 0.815495 1.003930
 2186.000000 0.811061 1.010279
 2187.000000 0.814909 1.003887
 2188.000000 0.770195 1.013067
 2189.000000 0.766457 0.990153
 2190.000000 0.778150 1.001484
 2191.000000 0.840625 0.909518
 2192.000000 0.760395 0.968180
 2193.000000 0.797406 1.004265
 2194.000000 0.689497 0.972192
 2195.000000 0.826263 1.010694
 2196.000000 0.778246 1.024502
 2197.000000 0.776383 0.844838
 2198.000000 0.732200 0.910406
 2199.000000 0.785864 0.916948
 2200.000000 0.785627 0.974497
 2201.000000 0.757783 0.940684
 2202.000000 0.808338 0.976637
 2203.000000 0.846795 0.959124
 2204.000000 0.818691 1.046109
 2205.000000 0.863488 1.013270
 2206.000000 0.809738 0.983447
 2207.000000 0.750309 1.043116
 2208.000000 0.857547 0.918030
 2209.000000 0.820810 0.920926
 2210.000000 0.819474 0.901865
 2211.000000 0.723512 0.952932
 2212.000000 0.812113 0.905212
 2213.000000 0.848693 0.900421
 2214.000000 0.774024 1.035905
 2215.000000 0.761617 0.921108
 2216.000000 0.880322 1.042850
 2217.000000 0.872464 1.014466
 2218.000000 0.769065 1.049244
 2219.000000 0.844967 1.011032
 2220.000000 0.655394 1.043564
 2221.000000 0.737012 0.997452
 2222.000000 0.724002 0.936377
 2223.000000 0.811109 0.892540
 2224.000000 0.757270 0.925228
 2225.000000 0.740412 0.933103
 2226.000000 0.864834 0.962224
 2227.000000 0.687933 0.991966
 2228.000000 0.845531 0.974436
 2229.000000 0.740001 0.985902
 2230.000000 0.805054 0.930652
 2231.000000 0.774373 0.971716
 2232.000000 0.904731 1.018277
 2233.000000 0.824889 0.878315
 2234.000000 0.864043 0.926105
 2235.000000 0.906973 1.000579
 2236.000000 0.805007 1.019993
 2237.000000 0.702700 0.988737
 2238.000000 0.776911 0.997542
 2239.000000 0.769890 1.043079
 2240.000000 0.771105 1.042481
 2241.000000 0.829336 0.926654
 2242.000000 0.798026 0.927791
 2243.000000 0.741361 1.031686
 2244.000000 0.735824 0.947849
 2245.000000 0.797660 0.913982
 2246.000000 0.821225 0.977318
 2247.000000 0.808025 0.972373
 2248.000000 0.753238 0.965838
 2249.000000 0.804568 1.047164
 2250.000000 0.789860 0.939684
 2251.000000 0.815142 0.986775
 2252.000000 0.780294 0.983995
 2253.000000 0.783150 0.967345
 2254.000000 0.877502 0.950234
 2255.000000 0.800743 0.994743
 2256.000000 0.815574 0.865370
 2257.000000 0.728914 0.904757
 2258.000000 0.765175 0.970624
 2259.000000 0.872888 0.990928
 2260.000000 0.876395 0.921834
 2261.000000 0.749122 0.977491
 2262.000000 0.743984 0.884441
 2263.000000 0.899224 0.991624
 2264.000000 0.755777 0.933891
 2265.000000 0.780868 0.977617
 2266.000000 0.751438 1.033795
 2267.000000 0.811240 1.012473
 2268.000000 0.766756 1.019339
 2269.000000 0.802968 0.940369
 2270.000000 0.793215 1.054753
 2271.000000 0.778027 0.920291
 2272.000000 0.833825 0.827941
 2273.000000 0.766191 0.956021
 2274.000000 0.825886 1.079360
 2275.000000 0.862174 1.073093
 2276.000000 0.828442 0.941255
 2277.000000 0.857998 0.976991
 2278.000000 0.897296 0.945873
 2279.000000 0.890316 1.011188
 2280.000000 0.785589 1.032895
 2281.000000 0.882148 1.039895
 2282.000000 0.742200 0.946337
 2283.000000 0.795092 0.923975
 2284.000000 0.695386 0.997108
 2285.000000 0.764452 0.994205
 2286.000000 0.815454 1.000578
 2287.000000 0.830164 0.924544
 2288.000000 0.853711 0.976319
 2289.000000 0.779752 0.965702
 2290.000000 0.806188 1.065670
 2291.000000 0.809485 0.934126
 2292.000000 0.838668 0.879128
 2293.000000 0.826361 0.926215
 2294.000000 0.711662 0.941123
 2295.000000 0.776509 0.983978
 2296.000000 0.881812 0.898448
 2297.000000 0.801512 0.962986
 2298.000000 0.784017 0.928207
 2299.000000 0.822033 0.876116
 2300.000000 0.759522 1.068215
 2301.000000 0.865239 1.075018
 2302.000000 0.833641 0.939774
 2303.000000 0.831945 0.983313
 2304.000000 0.841371 1.024044
 2305.000000 0.771147 0.921326
 2306.000000 0.748600 1.051907
 2307.000000 0.806546 1.045432
 2308.000000 0.780730 1.063249
 2309.000000 0.804291 1.018094
 2310.000000 0.800973 0.956436
 2311.000000 0.873858 1.048522
 2312.000000 0.697057 1.024429
 2313.000000 0.781755 0.971663
 2314.000000 0.856871 0.963771
 2315.000000 0.880180 0.981810
 2316.000000 0.783007 0.908516
 2317.000000 0.831408 0.936642
 2318.000000 0.841447 0.951867
 2319.000000 0.817787 1.001097
 2320.000000 0.732559 1.004149
 2321.000000 0.884610 1.055061
 2322.000000 0.804646 0.885443
 2323.000000 0.836748 1.105275
 2324.000000 0.873453 0.898454
 2325.000000 0.879814 0.899072
 2326.000000 0.844231 0.996602
 2327.000000 0.813949 1.073745
 2328.000000 0.785355 1.024310
 2329.000000 0.872623 0.924033
 2330.000000 0.928150 0.995685
 2331.000000 0.885521 0.867821
 2332.000000 0.825795 0.909443
 2333.000000 0.907974 0.956884
 2334.000000 0.820561 1.000456
 2335.000000 0.804695 1.052145
 2336.000000 0.863976 0.951831
 2337.000000 0.829398 1.064757
 2338.000000 0.761295 0.987833
 2339.000000 0.802377 0.882298
 2340.000000 0.632781 0.892789
 2341.000000 0.784837 0.938650
 2342.000000 0.708833 0.886871
 2343.000000 0.754959 0.927219
 2344.000000 0.860896 0.967434
 2345.000000 0.813908 0.949423
 2346.000000 0.750511 0.949470
 2347.000000 0.740210 1.015814
 2348.000000 0.746534 0.942655
 2349.000000 0.676115 0.932937
 2350.000000 0.798419 0.921464
 2351.000000 0.690352 0.980614
 2352.000000 0.808487 0.996978
 2353.000000 0.778286 0.995615
 2354.000000 0.825758 0.989946
 2355.000000 0.868121 0.982015
 2356.000000 0.824344 0.965578
 2357.000000 0.861406 0.960773
 2358.000000 0.771832 0.967812
 2359.000000 0.862584 0.883289
 2360.000000 0.759911 0.904887
 2361.000000 0.805315 1.051177
 2362.000000 0.782040 1.021255
 2363.000000 0.784419 0.960656
 2364.000000 0.751520 0.967563
 2365.000000 0.761089 0.974232
 2366.000000 0.758942 1.009964
 2367.000000 0.822165 0.932203
 2368.000000 0.862399 1.025667
 2369.000000 0.797327 0.949288
 2370.000000 0.780128 1.053894
 2371.000000 0.844274 1.016422
 2372.000000 0.796639 1.010746
 2373.000000 0.749618 0.987686
 2374.000000 0.845095 0.989278
 2375.000000 0.783722 1.057095
 2376.000000 0.851041 0.958837
 2377.000000 0.855610 0.945071
 2378.000000 0.789382 1.069862
 2379.000000 0.787646 0.963053
 2380.000000 0.858724 0.928390
 2381.000000 0.755991 0.971181
 2382.000000 0.856729 0.958871
 2383.000000 0.818452 1.016937
 2384.000000 0.797201 1.137182
 2385.000000 0.874179 1.049286
 2386.000000 0.772974 1.016660
 2387.000000 0.886292 0.972238
 2388.000000 0.757167 0.871046
 2389.000000 0.853245 0.896105
 2390.000000 0.818097 0.855870
 2391.000000 0.890142 0.975625
 2392.000000 0.753866 0.914262
 2393.000000 0.768672 0.958804
 2394.000000 0.821313 0.974694
 2395.000000 0.836634 0.936350
 2396.000000 0.853737 1.029796
 2397.000000 0.861784 0.929842
 2398.000000 0.729290 0.924135
 2399.000000 0.711186 0.987551
 2400.000000 0.769225 0.965302
 2401.000000 0.844493 0.983908
 2402.000000 0.777021 0.781778
 2403.000000 0.807051 0.999411
 2404.000000 0.793594 0.905904
 2405.000000 0.747020 0.884600
 2406.000000 0.812670 1.078947
 2407.000000 0.774932 0.907608
 2408.000000 0.711070 0.956578
 2409.000000 0.818869 0.947876
 2410.000000 0.839041 0.910349
 2411.000000 0.739630 0.872636
 2412.000000 0.776318 0.930835
 2413.000000 0.775768 0.910750
 2414.000000 0.866368 0.984020
 2415.000000 0.828392 1.041603
 2416.000000 0.756319 0.943595
 2417.000000 0.838154 0.914469
 2418.000000 0.809975 0.925624
 2419.000000 0.808279 0.978861
 2420.000000 0.776591 0.878919
 2421.000000 0.797900 0.955709
 2422.000000 0.819053 0.933005
 2423.000000 0.769195 0.981737
 2424.000000 0.818415 0.964269
 2425.000000 0.697422 1.044389
 2426.000000 0.874647 0.969425
 2427.000000 0.834036 0.983643
 2428.000000 0.922186 0.901011
 2429.000000 0.850005 1.029179
 2430.000000 0.836760 0.980917
 2431.000000 0.805956 0.956016
 2432.000000 0.758902 0.912866
 2433.000000 0.822083 1.068867
 2434.000000 0.767768 1.029366
 2435.000000 0.835755 0.963185
 2436.000000 0.781053 0.965935
 2437.000000 0.845428 0.928066
 2438.000000 0.802759 0.952272
 2439.000000 0.874064 1.005415
 2440.000000 0.900018 1.041509
 2441.000000 0.773639 0.985372
 2442.000000 0.806556 0.935483
 2443.000000 0.756132 0.896576
 2444.000000 0.837220 0.922097
 2445.000000 0.798110 0.962954
 2446.000000 0.724445 1.001925
 2447.000000 0.796619 1.020720
 2448.000000 0.864382 0.951147
 2449.000000 0.796706 0.970138
 2450.000000 0.768988 1.078166
 2451.000000 0.839113 0.987071
 2452.000000 0.774408 0.976182
 2453.000000 0.729990 0.995449
 2454.000000 0.805415 0.904502
 2455.000000 0.730801 0.952610
 2456.000000 0.737591 0.955318
 2457.000000 0.784758 0.984963
 2458.000000 0.762252 0.956066
 2459.000000 0.765827 0.937247
 2460.000000 0.846951 0.917794
 2461.000000 0.873502 1.017351
 2462.000000 0.806963 0.928374
 2463.000000 0.753668 0.914721
 2464.000000 0.733322 0.938502
 2465.000000 0.843859 0.981418
 2466.000000 0.735580 0.961948
 2467.000000 0.814169 0.946841
 2468.000000 0.857563 0.925075
 2469.000000 0.809303 0.939799
 2470.000000 0.759197 0.946387
 2471.000000 0.708992 0.970162
 2472.000000 0.775507 0.876453
 2473.000000 0.723001 0.878317
 2474.000000 0.699219 0.918594
 2475.000000 0.817783 0.937049
 2476.000000 0.813815 0.966204
 2477.000000 0.818503 0.953008
 2478.000000 0.797790 0.932670
 2479.000000 0.802602 0.911950
 2480.000000 0.779184 0.904474
 2481.000000 0.742831 0.948031
 2482.000000 0.775763 0.956982
 2483.000000 0.718349 0.899051
 2484.000000 0.834921 0.994356
 2485.000000 0.762469 1.025171
 2486.000000 0.770433 0.916268
 2487.000000 0.817292 0.964796
 2488.000000 0.764135 0.975525
 2489.000000 0.818440 0.914149
 2490.000000 0.777958 0.902414
 2491.000000 0.763398 0.954412
 2492.000000 0.826527 0.928702
 2493.000000 0.745575 1.016018
 2494.000000 0.774676 1.026692
 2495.000000 0.861402 0.922388
 2496.000000 0.760664 0.908905
 2497.000000 0.749254 1.018565
 2498.000000 0.760052 1.034148
 2499.000000 0.826805 0.939506
 2500.000000 0.747866 0.905151
