#! FIELDS time pd_137_140 diff
 0.000000 2.155387 1.395383
 1.000000 1.860817 1.305704
 2.000000 1.901272 1.301936
 3.000000 1.726159 1.307403
 4.000000 1.742097 1.319019
 5.000000 1.747022 1.323261
 6.000000 1.764896 1.324528
 7.000000 1.783772 1.240995
 8.000000 1.679691 1.306292
 9.000000 1.737635 1.289057
 10.000000 1.717619 1.301854
 11.000000 1.762005 1.403641
 12.000000 1.692340 1.346914
 13.000000 1.743893 1.314908
 14.000000 1.713818 1.366401
 15.000000 1.710681 1.290210
 16.000000 1.813845 1.371864
 17.000000 1.757934 1.266649
 18.000000 1.774833 1.344790
 19.000000 1.753572 1.300157
 20.000000 1.884786 1.324689
 21.000000 1.643677 1.336796
 22.000000 1.826300 1.236034
 23.000000 1.821463 1.223526
 24.000000 1.866514 1.295881
 25.000000 1.787606 1.294899
 26.000000 1.832070 1.291568
 27.000000 1.895683 1.233685
 28.000000 1.770305 1.270300
 29.000000 1.738477 1.260185
 30.000000 1.660644 1.364698
 31.000000 1.730267 1.231013
 32.000000 1.791579 1.300492
 33.000000 1.685896 1.255091
 34.000000 1.739721 1.181592
 35.000000 1.755453 1.317545
 36.000000 1.814454 1.229157
 37.000000 1.759036 1.240134
 38.000000 1.721487 1.213226
 39.000000 1.722456 1.254096
 40.000000 1.888323 1.267148
 41.000000 1.776011 1.294299
 42.000000 1.804804 1.326513
 43.000000 1.718266 1.325027
 44.000000 1.676222 1.295396
 45.000000 1.765283 1.187107
 46.000000 1.724940 1.252054
 47.000000 1.827871 1.245976
 48.000000 1.765832 1.270388
 49.000000 1.789755 1.195830
 50.000000 1.737600 1.257165
 51.000000 1.633888 1.233185
 52.000000 1.775150 1.272870
 53.000000 1.724124 1.266131
 54.000000 1.815293 1.253331
 55.000000 1.780432 1.297100
 56.000000 1.774147 1.265134
 57.000000 1.829437 1.318901
 58.000000 1.810652 1.269056
 59.000000 1.827892 1.301262
 60.000000 1.790401 1.302737
 61.000000 1.807621 1.267255
 62.000000 1.739431 1.297704
 63.000000 1.780733 1.311354
 64.000000 1.772732 1.273631
 65.000000 1.796255 1.297559
 66.000000 1.778532 1.280032
 67.000000 1.832809 1.368390
 68.000000 1.676339 1.276933
 69.000000 1.688656 1.331460
 70.000000 1.852346 1.324771
 71.000000 1.830747 1.258044
 72.000000 1.694180 1.284573
 73.000000 1.711649 1.292794
 74.000000 1.807930 1.291389
 75.000000 1.748316 1.296177
 76.000000 1.729332 1.239130
 77.000000 1.760070 1.294385
 78.000000 1.811110 1.344096
 79.000000 1.778832 1.305399
 80.000000 1.672378 1.369129
 81.000000 1.686617 1.209771
 82.000000 1.825553 1.315415
 83.000000 1.823601 1.277834
 84.000000 1.782954 1.351487
 85.000000 1.736318 1.265972
 86.000000 1.771135 1.368594
 87.000000 1.695396 1.430795
 88.000000 1.812944 1.242769
 89.000000 1.736124 1.232253
 90.000000 1.748503 1.315307
 91.000000 1.803363 1.337191
 92.000000 1.818453 1.329734
 93.000000 1.805533 1.332674
 94.000000 1.729103 1.302250
 95.000000 1.652363 1.363299
 96.000000 1.737227 1.312007
 97.000000 1.809427 1.316172
 98.000000 1.741214 1.192748
 99.000000 1.774960 1.326883
 100.000000 1.864444 1.305239
 101.000000 1.837220 1.185191
 102.000000 1.856702 1.299663
 103.000000 1.797236 1.224572
 104.000000 1.791850 1.250558
 105.000000 1.691282 1.279836
 106.000000 1.720602 1.232750
 107.000000 1.758179 1.349160
 108.000000 1.734318 1.307530
 109.000000 1.905375 1.311959
 110.000000 1.807668 1.354889
 111.000000 1.739730 1.289596
 112.000000 1.706948 1.307833
 113.000000 1.735200 1.300481
 114.000000 1.791789 1.283778
 115.000000 1.757623 1.284627
 116.000000 1.746122 1.312505
 117.000000 1.765746 1.276742
 118.000000 1.735470 1.282753
 119.000000 1.714036 1.311644
 120.000000 1.742187 1.392312
 121.000000 1.741503 1.365180
 122.000000 1.779079 1.363743
 123.000000 1.762858 1.246938
 124.000000 1.763976 1.252663
 125.000000 1.765379 1.260921
 126.000000 1.671972 1.306249
 127.000000 1.852890 1.324935
 128.000000 1.709876 1.324240
 129.000000 1.844260 1.290623
 130.000000 1.650748 1.327432
 131.000000 1.795581 1.343306
 132.000000 1.897307 1.276086
 133.000000 1.799424 1.361524
 134.000000 1.874438 1.350500
 135.000000 1.697142 1.272562
 136.000000 1.857365 1.144617
 137.000000 1.706026 1.238647
 138.000000 1.736431 1.272444
 139.000000 1.729805 1.244453
 140.000000 1.810356 1.274535
 141.000000 1.750506 1.270532
 142.000000 1.763252 1.210984
 143.000000 1.723601 1.272220
 144.000000 1.873068 1.208813
 145.000000 1.705732 1.275475
 146.000000 1.790964 1.271470
 147.000000 1.851381 1.287212
 148.000000 1.781840 1.187030
 149.000000 1.868635 1.332663
 150.000000 1.805611 1.273274
 151.000000 1.841376 1.178039
 152.000000 1.859001 1.215966
 153.000000 1.856587 1.215371
 154.000000 1.722836 1.341450
 155.000000 1.797933 1.268733
 156.000000 1.809563 1.331360
 157.000000 1.842587 1.275415
 158.000000 1.727816 1.192200
 159.000000 1.699936 1.270288
 160.000000 1.839874 1.326604
 161.000000 1.754592 1.343916
 162.000000 1.721283 1.237914
 163.000000 1.842853 1.310851
 164.000000 1.756412 1.271314
 165.000000 1.754042 1.238339
 166.000000 1.715515 1.237644
 167.000000 1.805137 1.239408
 168.000000 1.739040 1.214516
 169.000000 1.757003 1.247495
 170.000000 1.813234 1.279350
 171.000000 1.877778 1.327717
 172.000000 1.828078 1.257946
 173.000000 1.810342 1.291780
 174.000000 1.711569 1.320863
 175.000000 1.784153 1.294996
 176.000000 1.792762 1.218226
 177.000000 1.757716 1.303173
 178.000000 1.696016 1.304257
 179.000000 1.691020 1.265527
 180.000000 1.750657 1.273794
 181.000000 1.722372 1.250130
 182.000000 1.713917 1.318078
 183.000000 1.819836 1.311620
 184.000000 1.777316 1.273109
 185.000000 1.687432 1.274367
 186.000000 1.737532 1.284575
 187.000000 1.805790 1.290310
 188.000000 1.773232 1.309041
 189.000000 1.883824 1.285177
 190.000000 1.806582 1.301283
 191.000000 1.849297 1.315247
 192.000000 1.742897 1.222711
 193.000000 1.709000 1.291300
 194.000000 1.736873 1.266217
 195.000000 1.725805 1.331391
 196.000000 1.694310 1.268529
 197.000000 1.794387 1.264973
 198.000000 1.822940 1.266328
 199.000000 1.706604 1.298074
 200.000000 1.729664 1.309325
 201.000000 1.721452 1.269473
 202.000000 1.721278 1.241888
 203.000000 1.731325 1.259757
 204.000000 1.806043 1.208509
 205.000000 1.622993 1.294103
 206.000000 1.793782 1.249832
 207.000000 1.801155 1.264128
 208.000000 1.805633 1.342761
 209.000000 1.832666 1.256371
 210.000000 1.800253 1.271396
 211.000000 1.868023 1.253299
 212.000000 1.766471 1.307881
 213.000000 1.784688 1.271262
 214.000000 1.672897 1.277624
 215.000000 1.740390 1.203501
 216.000000 1.813370 1.323046
 217.000000 1.702326 1.292953
 218.000000 1.742323 1.357216
 219.000000 1.729821 1.327106
 220.000000 1.712280 1.280348
 221.000000 1.821904 1.298256
 222.000000 1.860545 1.328306
 223.000000 1.738883 1.316480
 224.000000 1.789233 1.279492
 225.000000 1.819616 1.226234
 226.000000 1.747036 1.307180
 227.000000 1.823718 1.271811
 228.000000 1.788528 1.224863
 229.000000 1.773872 1.247410
 230.000000 1.743757 1.285737
 231.000000 1.815348 1.283214
 232.000000 1.831369 1.268414
 233.000000 1.763565 1.259985
 234.000000 1.855438 1.260429
 235.000000 1.862028 1.246067
 236.000000 1.774572 1.307168
 237.000000 1.844781 1.182422
 238.000000 1.804270 1.361552
 239.000000 1.679799 1.291778
 240.000000 1.658688 1.293473
 241.000000 1.785536 1.293720
 242.000000 1.792974 1.310008
 243.000000 1.796091 1.290564
 244.000000 1.834499 1.310170
 245.000000 1.839405 1.266805
 246.000000 1.854287 1.281898
 247.000000 1.856417 1.272970
 248.000000 1.763414 1.164655
 249.000000 1.729087 1.263603
 250.000000 1.761892 1.250725
 251.000000 1.815982 1.167562
 252.000000 1.763515 1.163057
 253.000000 1.762475 1.225872
 254.000000 1.712719 1.175988
 255.000000 1.712226 1.287149
 256.000000 1.811406 1.228420
 257.000000 1.761760 1.240861
 258.000000 1.681315 1.281853
 259.000000 1.726339 1.311289
 260.000000 1.700452 1.232528
 261.000000 1.605511 1.193879
 262.000000 1.665640 1.198761
 263.000000 1.603575 1.247741
 264.000000 1.854794 1.251748
 265.000000 1.836695 1.285589
 266.000000 1.780228 1.287361
 267.000000 1.716894 1.242747
 268.000000 1.692143 1.250754
 269.000000 1.679965 1.245309
 270.000000 1.800276 1.226038
 271.000000 1.753109 1.237309
 272.000000 1.748607 1.194827
 273.000000 1.785032 1.235875
 274.000000 1.752560 1.328726
 275.000000 1.783814 1.265894
 276.000000 1.738545 1.353037
 277.000000 1.688984 1.330318
 278.000000 1.744004 1.243728
 279.000000 1.746180 1.284074
 280.000000 1.734552 1.304729
 281.000000 1.739469 1.252994
 282.000000 1.715669 1.249435
 283.000000 1.615352 1.245154
 284.000000 1.716138 1.171630
 285.000000 1.796953 1.245572
 286.000000 1.661733 1.234923
 287.000000 1.716723 1.285401
 288.000000 1.734095 1.338741
 289.000000 1.729419 1.327303
 290.000000 1.726674 1.280894
 291.000000 1.721403 1.254276
 292.000000 1.822992 1.310763
 293.000000 1.752801 1.210066
 294.000000 1.678612 1.231421
 295.000000 1.834133 1.257950
 296.000000 1.846362 1.225236
 297.000000 1.693775 1.252271
 298.000000 1.711190 1.250263
 299.000000 1.643236 1.320720
 300.000000 1.782715 1.219305
 301.000000 1.794241 1.309833
 302.000000 1.808446 1.228954
 303.000000 1.750394 1.247040
 304.000000 1.755367 1.256775
 305.000000 1.790498 1.219898
 306.000000 1.660498 1.304148
 307.000000 1.689554 1.233417
 308.000000 1.752243 1.258762
 309.000000 1.941053 1.247747
 310.000000 1.789491 1.213061
 311.000000 1.770040 1.204863
 312.000000 1.761644 1.283590
 313.000000 1.768222 1.273414
 314.000000 1.706390 1.293522
 315.000000 1.813654 1.231919
 316.000000 1.720627 1.381588
 317.000000 1.702387 1.267237
 318.000000 1.795667 1.218015
 319.000000 1.782117 1.199722
 320.000000 1.829972 1.255932
 321.000000 1.739501 1.240746
 322.000000 1.768870 1.261104
 323.000000 1.747542 1.353694
 324.000000 1.845450 1.284062
 325.000000 1.865361 1.357239
 326.000000 1.757900 1.262911
 327.000000 1.839948 1.279952
 328.000000 1.813954 1.287017
 329.000000 1.774977 1.289879
 330.000000 1.808241 1.292053
 331.000000 1.808201 1.238352
 332.000000 1.846186 1.203790
 333.000000 1.778476 1.225903
 334.000000 1.742717 1.248440
 335.000000 1.738494 1.200529
 336.000000 1.789376 1.243230
 337.000000 1.768393 1.353069
 338.000000 1.815155 1.269332
 339.000000 1.787315 1.264921
 340.000000 1.794142 1.145911
 341.000000 1.828169 1.292229
 342.000000 1.865865 1.239835
 343.000000 1.653898 1.165569
 344.000000 1.848784 1.207572
 345.000000 1.766113 1.300603
 346.000000 1.815418 1.209349
 347.000000 1.827607 1.251753
 348.000000 1.768665 1.280092
 349.000000 1.778602 1.269311
 350.000000 1.722367 1.247421
 351.000000 1.782694 1.225902
 352.000000 1.817851 1.237429
 353.000000 1.784656 1.256436
 354.000000 1.773802 1.180960
 355.000000 1.837644 1.235156
 356.000000 1.828423 1.157390
 357.000000 1.713685 1.177650
 358.000000 1.789951 1.238472
 359.000000 1.673069 1.235445
 360.000000 1.700486 1.243190
 361.000000 1.777360 1.222889
 362.000000 1.794475 1.213082
 363.000000 1.738983 1.207412
 364.000000 1.755118 1.208589
 365.000000 1.673150 1.204085
 366.000000 1.788035 1.256131
 367.000000 1.750469 1.255608
 368.000000 1.765072 1.248518
 369.000000 1.810464 1.337557
 370.000000 1.784072 1.359024
 371.000000 1.787921 1.309425
 372.000000 1.766305 1.315330
 373.000000 1.836120 1.295382
 374.000000 1.823194 1.268489
 375.000000 1.735172 1.363357
 376.000000 1.832239 1.326412
 377.000000 1.733279 1.308217
 378.000000 1.803728 1.310808
 379.000000 1.747995 1.369806
 380.000000 1.741646 1.213622
 381.000000 1.732493 1.285994
 382.000000 1.826359 1.180530
 383.000000 1.827640 1.182776
 384.000000 1.722744 1.187687
 385.000000 1.779924 1.239074
 386.000000 1.730400 1.229975
 387.000000 1.807193 1.260088
 388.000000 1.675079 1.241578
 389.000000 1.788210 1.183512
 390.000000 1.714837 1.237094
 391.000000 1.689831 1.168426
 392.000000 1.808749 1.225157
 393.000000 1.833363 1.225457
 394.000000 1.823445 1.208261
 395.000000 1.627208 1.230946
 396.000000 1.754740 1.194295
 397.000000 1.870636 1.333363
 398.000000 1.883754 1.144136
 399.000000 1.859592 1.247635
 400.000000 1.850623 1.328863
 401.000000 1.847235 1.403357
 402.000000 1.804470 1.276731
 403.000000 1.804437 1.306815
 404.000000 1.874707 1.276234
 405.000000 1.966465 1.332546
 406.000000 1.821543 1.235799
 407.000000 1.778458 1.270865
 408.000000 1.852116 1.242927
 409.000000 1.715210 1.234581
 410.000000 1.677799 1.157034
 411.000000 1.851672 1.166162
 412.000000 1.715478 1.197897
 413.000000 1.782459 1.215071
 414.000000 1.693426 1.258988
 415.000000 1.806945 1.300775
 416.000000 1.788631 1.251356
 417.000000 1.683826 1.259505
 418.000000 1.682514 1.270502
 419.000000 1.781738 1.251938
 420.000000 1.803207 1.243413
 421.000000 1.692552 1.222363
 422.000000 1.733071 1.239072
 423.000000 1.731844 1.220845
 424.000000 1.746978 1.258142
 425.000000 1.758363 1.247046
 426.000000 1.792801 1.308158
 427.000000 1.719662 1.238605
 428.000000 1.794359 1.197063
 429.000000 1.730462 1.240685
 430.000000 1.821329 1.285780
 431.000000 1.810054 1.332342
 432.000000 1.866533 1.224452
 433.000000 1.783759 1.294689
 434.000000 1.807615 1.224026
 435.000000 1.802421 1.277830
 436.000000 1.785813 1.302010
 437.000000 1.735018 1.254733
 438.000000 1.737482 1.238889
 439.000000 1.682236 1.250281
 440.000000 1.833726 1.285873
 441.000000 1.843487 1.282522
 442.000000 1.860459 1.316748
 443.000000 1.771311 1.187621
 444.000000 1.767211 1.313856
 445.000000 1.773806 1.263514
 446.000000 1.875066 1.259487
 447.000000 1.846232 1.331163
 448.000000 1.752536 1.361730
 449.000000 1.807122 1.264775
 450.000000 1.782742 1.393255
 451.000000 1.863974 1.354944
 452.000000 1.858800 1.373375
 453.000000 1.637587 1.332209
 454.000000 1.614453 1.405989
 455.000000 1.770875 1.274207
 456.000000 1.767313 1.356843
 457.000000 1.682228 1.295435
 458.000000 1.689749 1.225567
 459.000000 1.711697 1.310714
 460.000000 1.747502 1.215076
 461.000000 1.799250 1.281517
 462.000000 1.726175 1.300412
 463.000000 1.800196 1.314848
 464.000000 1.827052 1.277573
 465.000000 1.738650 1.318157
 466.000000 1.673532 1.311483
 467.000000 1.647022 1.234036
 468.000000 1.688812 1.365369
 469.000000 1.693521 1.324196
 470.000000 1.855538 1.211840
 471.000000 1.814286 1.235356
 472.000000 1.734854 1.265943
 473.000000 1.844934 1.241364
 474.000000 1.715686 1.290423
 475.000000 1.774361 1.241610
 476.000000 1.830661 1.218241
 477.000000 1.669679 1.235639
 478.000000 1.692005 1.282189
 479.000000 1.795499 1.344698
 480.000000 1.918973 1.307547
 481.000000 1.792713 1.220522
 482.000000 1.747692 1.284428
 483.000000 1.852095 1.266388
 484.000000 1.773024 1.264701
 485.000000 1.815598 1.332217
 486.000000 1.798605 1.244497
 487.000000 1.818850 1.228474
 488.000000 1.872267 1.287338
 489.000000 1.822146 1.252074
 490.000000 1.779201 1.334920
 491.000000 1.928161 1.289057
 492.000000 1.820307 1.222931
 493.000000 1.849105 1.136557
 494.000000 1.962256 1.290272
 495.000000 1.674203 1.200396
 496.000000 1.677048 1.184183
 497.000000 1.783478 1.194142
 498.000000 1.846424 1.165727
 499.000000 1.831587 1.286859
 500.000000 1.735498 1.198250
 501.000000 1.793198 1.181196
 502.000000 1.886965 1.232882
 503.000000 1.755117 1.243948
 504.000000 1.769298 1.242071
 505.000000 1.799666 1.269724
 506.000000 1.745276 1.254772
 507.000000 1.763748 1.289160
 508.000000 1.724625 1.244318
 509.000000 1.823937 1.249770
 510.000000 1.785246 1.245755
 511.000000 1.849628 1.288511
 512.000000 1.774976 1.207346
 513.000000 1.801763 1.283953
 514.000000 1.814701 1.226442
 515.000000 1.859744 1.134952
 516.000000 1.862763 1.273716
 517.000000 1.818550 1.190979
 518.000000 1.777386 1.294041
 519.000000 1.849999 1.214436
 520.000000 1.892742 1.298560
 521.000000 1.796017 1.175127
 522.000000 1.851093 1.308730
 523.000000 1.809135 1.334264
 524.000000 1.854863 1.275360
 525.000000 1.925508 1.224733
 526.000000 1.817165 1.290414
 527.000000 1.773961 1.360652
 528.000000 1.775971 1.249064
 529.000000 1.748756 1.339084
 530.000000 1.899899 1.321509
 531.000000 1.846949 1.279644
 532.000000 1.785843 1.319734
 533.000000 1.839560 1.375219
 534.000000 1.720067 1.369962
 535.000000 1.794290 1.268423
 536.000000 1.793894 1.299202
 537.000000 1.761147 1.198961
 538.000000 1.767805 1.353529
 539.000000 1.743739 1.289439
 540.000000 1.713661 1.245423
 541.000000 1.796747 1.386509
 542.000000 1.750307 1.335438
 543.000000 1.891277 1.379151
 544.000000 1.771360 1.320281
 545.000000 1.829379 1.332808
 546.000000 1.885328 1.419099
 547.000000 1.821023 1.375635
 548.000000 1.849606 1.420487
 549.000000 1.835643 1.427246
 550.000000 1.768764 1.401624
 551.000000 1.828367 1.438752
 552.000000 1.776301 1.381276
 553.000000 1.844271 1.428477
 554.000000 1.765551 1.373751
 555.000000 1.923616 1.416772
 556.000000 1.866803 1.351320
 557.000000 1.854773 1.304999
 558.000000 1.843997 1.292366
 559.000000 1.840900 1.316015
 560.000000 1.838047 1.386069
 561.000000 1.888943 1.319954
 562.000000 1.757158 1.380121
 563.000000 1.867415 1.351526
 564.000000 1.821238 1.298024
 565.000000 1.838060 1.408827
 566.000000 1.750871 1.386660
 567.000000 1.654532 1.379536
 568.000000 1.739272 1.396534
 569.000000 1.790264 1.318034
 570.000000 1.807018 1.326520
 571.000000 1.788852 1.335309
 572.000000 1.699471 1.322919
 573.000000 1.727041 1.305384
 574.000000 1.786941 1.349451
 575.000000 1.888761 1.283707
 576.000000 1.862147 1.374540
 577.000000 1.742065 1.339636
 578.000000 1.888648 1.328620
 579.000000 1.760601 1.333246
 580.000000 1.738079 1.304508
 581.000000 1.797985 1.273795
 582.000000 1.849291 1.325264
 583.000000 1.839495 1.363201
 584.000000 1.947900 1.307915
 585.000000 1.907883 1.344175
 586.000000 1.781228 1.334626
 587.000000 1.846920 1.339964
 588.000000 1.828839 1.381188
 589.000000 1.907253 1.336450
 590.000000 1.796393 1.375159
 591.000000 1.696362 1.393024
 592.000000 1.829159 1.360547
 593.000000 1.816241 1.386815
 594.000000 1.763632 1.302415
 595.000000 1.777658 1.373366
 596.000000 1.838387 1.382458
 597.000000 1.747986 1.295158
 598.000000 1.703529 1.367089
 599.000000 1.678594 1.322525
 600.000000 1.811542 1.226410
 601.000000 1.730796 1.355358
 602.000000 1.791426 1.377170
 603.000000 1.697713 1.351617
 604.000000 1.754839 1.306138
 605.000000 1.792113 1.330870
 606.000000 1.666488 1.358395
 607.000000 1.784859 1.393133
 608.000000 1.700099 1.364511
 609.000000 1.599171 1.412007
 610.000000 1.844652 1.443700
 611.000000 1.750494 1.362202
 612.000000 1.784479 1.287875
 613.000000 1.684436 1.300123
 614.000000 1.724456 1.355986
 615.000000 1.776683 1.331798
 616.000000 1.729223 1.268352
 617.000000 1.712597 1.314424
 618.000000 1.618785 1.373121
 619.000000 1.725523 1.313832
 620.000000 1.694217 1.324780
 621.000000 1.596850 1.233209
 622.000000 1.675179 1.251141
 623.000000 1.669056 1.298925
 624.000000 1.790578 1.280313
 625.000000 1.774262 1.304645
 626.000000 1.704869 1.254973
 627.000000 1.734791 1.186508
 628.000000 1.746811 1.198403
 629.000000 1.714289 1.255942
 630.000000 1.882917 1.233525
 631.000000 1.878065 1.287999
 632.000000 1.824310 1.295772
 633.000000 1.866555 1.259015
 634.000000 1.826305 1.184671
 635.000000 1.838694 1.189668
 636.000000 1.852205 1.235763
 637.000000 1.811868 1.242439
 638.000000 1.720907 1.247542
 639.000000 1.773601 1.139535
 640.000000 1.897142 1.170862
 641.000000 1.890898 1.182384
 642.000000 1.911645 1.174945
 643.000000 1.926490 1.154407
 644.000000 1.874756 1.220706
 645.000000 1.789983 1.223245
 646.000000 1.824933 1.241580
 647.000000 1.769146 1.171338
 648.000000 1.860316 1.222362
 649.000000 1.732258 1.262203
 650.000000 1.794908 1.208020
 651.000000 1.931249 1.258487
 652.000000 1.739024 1.217943
 653.000000 1.760667 1.276443
 654.000000 1.831547 1.198969
 655.000000 1.833827 1.257378
 656.000000 1.731014 1.294859
 657.000000 1.712693 1.275727
 658.000000 1.825165 1.294481
 659.000000 1.800206 1.246960
 660.000000 1.693116 1.274979
 661.000000 1.625624 1.328011
 662.000000 1.846028 1.185987
 663.000000 1.767578 1.154508
 664.000000 1.649568 1.278265
 665.000000 1.791685 1.260197
 666.000000 1.691886 1.272566
 667.000000 1.619556 1.256577
 668.000000 1.816342 1.212696
 669.000000 1.808663 1.277584
 670.000000 1.864303 1.133993
 671.000000 1.689318 1.216766
 672.000000 1.695651 1.279410
 673.000000 1.723750 1.347752
 674.000000 1.840551 1.236535
 675.000000 1.754916 1.297817
 676.000000 1.657085 1.270734
 677.000000 1.680722 1.208412
 678.000000 1.616265 1.261616
 679.000000 1.854836 1.217133
 680.000000 1.659837 1.244106
 681.000000 1.615737 1.174633
 682.000000 1.742579 1.222377
 683.000000 1.719843 1.322649
 684.000000 1.739640 1.240200
 685.000000 1.754174 1.282987
 686.000000 1.704921 1.264198
 687.000000 1.696168 1.356251
 688.000000 1.737020 1.300648
 689.000000 1.808934 1.171828
 690.000000 1.832023 1.300804
 691.000000 1.855919 1.297194
 692.000000 1.841689 1.271111
 693.000000 1.931111 1.279851
 694.000000 1.920432 1.322316
 695.000000 1.776449 1.408113
 696.000000 1.894095 1.391673
 697.000000 1.827173 1.370744
 698.000000 1.878026 1.399283
 699.000000 1.793793 1.260185
 700.000000 1.760837 1.228056
 701.000000 1.786307 1.332085
 702.000000 1.736316 1.301594
 703.000000 1.921027 1.297126
 704.000000 1.726887 1.351662
 705.000000 1.764196 1.381086
 706.000000 1.766530 1.345340
 707.000000 1.712108 1.349743
 708.000000 1.799579 1.369574
 709.000000 1.877050 1.328246
 710.000000 1.846049 1.322614
 711.000000 1.720825 1.268346
 712.000000 1.711633 1.333556
 713.000000 1.689942 1.306387
 714.000000 1.756275 1.315534
 715.000000 1.770744 1.257248
 716.000000 1.838312 1.266923
 717.000000 1.760257 1.296113
 718.000000 1.906424 1.275179
 719.000000 1.847503 1.302465
 720.000000 1.824270 1.317283
 721.000000 1.758066 1.407718
 722.000000 1.851094 1.379101
 723.000000 1.804893 1.359712
 724.000000 1.876969 1.290499
 725.000000 1.828163 1.455730
 726.000000 1.859690 1.358627
 727.000000 1.887484 1.375347
 728.000000 1.829755 1.317165
 729.000000 1.746502 1.284383
 730.000000 1.842416 1.381607
 731.000000 1.874561 1.320238
 732.000000 1.953095 1.323715
 733.000000 1.840491 1.341538
 734.000000 1.912681 1.350274
 735.000000 1.762342 1.289620
 736.000000 1.727477 1.318452
 737.000000 1.826708 1.251235
 738.000000 1.793496 1.227663
 739.000000 1.779630 1.315441
 740.000000 1.812578 1.314406
 741.000000 1.833842 1.314927
 742.000000 1.848164 1.306511
 743.000000 1.767399 1.285056
 744.000000 1.892980 1.272563
 745.000000 1.903796 1.293727
 746.000000 1.827662 1.304614
 747.000000 1.897134 1.272752
 748.000000 1.771319 1.295197
 749.000000 1.714075 1.270028
 750.000000 1.763750 1.323736
 751.000000 1.770472 1.281719
 752.000000 1.859807 1.298334
 753.000000 1.967745 1.255455
 754.000000 1.897924 1.194192
 755.000000 1.902175 1.248851
 756.000000 1.858345 1.291668
 757.000000 1.880091 1.253885
 758.000000 1.755712 1.288074
 759.000000 1.834515 1.268062
 760.000000 1.950041 1.255078
 761.000000 1.925872 1.274996
 762.000000 2.024153 1.278871
 763.000000 1.842642 1.308611
 764.000000 1.977507 1.282813
 765.000000 1.943335 1.314234
 766.000000 1.786049 1.356761
 767.000000 1.902271 1.339157
 768.000000 1.850151 1.343339
 769.000000 1.967416 1.271819
 770.000000 1.845762 1.272046
 771.000000 1.882203 1.244924
 772.000000 1.883292 1.303296
 773.000000 1.668132 1.223206
 774.000000 1.783635 1.319605
 775.000000 1.882937 1.294336
 776.000000 1.789668 1.296608
 777.000000 1.792798 1.253797
 778.000000 1.622445 1.267763
 779.000000 1.761624 1.290452
 780.000000 1.793374 1.263071
 781.000000 1.784794 1.302064
 782.000000 1.732167 1.310111
 783.000000 1.824866 1.280082
 784.000000 1.741952 1.338419
 785.000000 1.798836 1.334475
 786.000000 1.845916 1.270422
 787.000000 1.920744 1.297053
 788.000000 1.815085 1.208058
 789.000000 1.862995 1.335469
 790.000000 1.869157 1.277412
 791.000000 1.783246 1.257494
 792.000000 1.738499 1.287666
 793.000000 1.856752 1.370350
 794.000000 1.801361 1.346764
 795.000000 1.774919 1.335578
 796.000000 1.743750 1.294706
 797.000000 1.844273 1.377822
 798.000000 1.823026 1.273734
 799.000000 1.867927 1.269903
 800.000000 1.795177 1.295402
 801.000000 1.809096 1.287931
 802.000000 1.892500 1.234345
 803.000000 1.831571 1.258580
 804.000000 1.882737 1.350312
 805.000000 1.837556 1.315741
 806.000000 1.870782 1.265134
 807.000000 1.817697 1.278017
 808.000000 1.948436 1.264694
 809.000000 1.910759 1.267086
 810.000000 1.759041 1.399525
 811.000000 1.827741 1.288765
 812.000000 1.880356 1.313339
 813.000000 1.723803 1.296512
 814.000000 1.790185 1.317817
 815.000000 1.835050 1.285182
 816.000000 1.857883 1.326812
 817.000000 1.728188 1.360048
 818.000000 1.761310 1.194259
 819.000000 1.843364 1.339862
 820.000000 1.865497 1.345986
 821.000000 1.680037 1.307163
 822.000000 1.745015 1.294184
 823.000000 1.796026 1.383672
 824.000000 1.796171 1.319050
 825.000000 1.728021 1.223490
 826.000000 1.892418 1.310602
 827.000000 1.769154 1.293060
 828.000000 1.908318 1.183079
 829.000000 1.883974 1.269933
 830.000000 1.799775 1.263570
 831.000000 1.848369 1.321982
 832.000000 1.856317 1.234479
 833.000000 1.892377 1.293610
 834.000000 1.806466 1.316456
 835.000000 1.787721 1.282956
 836.000000 1.823553 1.255601
 837.000000 1.821207 1.172636
 838.000000 1.863932 1.290563
 839.000000 1.815982 1.275718
 840.000000 1.895115 1.351198
 841.000000 1.940497 1.295169
 842.000000 1.764467 1.239882
 843.000000 1.810013 1.235212
 844.000000 1.783027 1.162956
 845.000000 1.822523 1.379182
 846.000000 1.910366 1.306675
 847.000000 1.813585 1.309341
 848.000000 1.798316 1.225708
 849.000000 1.776803 1.307334
 850.000000 1.825713 1.307237
 851.000000 1.796355 1.270314
 852.000000 1.770521 1.278839
 853.000000 1.787596 1.301667
 854.000000 1.904408 1.239324
 855.000000 1.717510 1.246315
 856.000000 1.852257 1.271358
 857.000000 1.963333 1.288765
 858.000000 1.811360 1.325880
 859.000000 1.797698 1.262962
 860.000000 1.871000 1.307052
 861.000000 1.811671 1.276209
 862.000000 1.726360 1.236292
 863.000000 1.806316 1.256321
 864.000000 1.792860 1.172559
 865.000000 1.784208 1.207245
 866.000000 1.871468 1.260164
 867.000000 1.798163 1.254702
 868.000000 1.712205 1.311568
 869.000000 1.822946 1.275101
 870.000000 1.788850 1.286620
 871.000000 1.835384 1.212691
 872.000000 1.766388 1.265129
 873.000000 1.814867 1.285223
 874.000000 1.839888 1.238055
 875.000000 1.705965 1.291202
 876.000000 1.852393 1.293398
 877.000000 1.855450 1.245239
 878.000000 1.798892 1.236843
 879.000000 1.682528 1.281304
 880.000000 1.761517 1.325943
 881.000000 1.863664 1.350548
 882.000000 1.847742 1.299567
 883.000000 1.655953 1.250626
 884.000000 1.806293 1.266542
 885.000000 1.839705 1.289350
 886.000000 1.832895 1.344209
 887.000000 1.821971 1.276486
 888.000000 1.766555 1.348979
 889.000000 1.789550 1.313868
 890.000000 1.710081 1.246580
 891.000000 1.668719 1.305812
 892.000000 1.746096 1.326082
 893.000000 1.758531 1.271099
 894.000000 1.899314 1.271514
 895.000000 1.789364 1.314436
 896.000000 1.859105 1.289597
 897.000000 1.783061 1.314049
 898.000000 1.825978 1.314401
 899.000000 1.784130 1.308769
 900.000000 1.824655 1.344002
 901.000000 1.773803 1.325948
 902.000000 1.839387 1.354265
 903.000000 1.775180 1.300491
 904.000000 1.845225 1.284377
 905.000000 1.695849 1.315080
 906.000000 1.814958 1.262971
 907.000000 1.691469 1.283256
 908.000000 1.758266 1.316035
 909.000000 1.733489 1.266864
 910.000000 1.729223 1.305900
 911.000000 1.637593 1.364213
 912.000000 1.712833 1.321361
 913.000000 1.731761 1.246275
 914.000000 1.661329 1.252862
 915.000000 1.615502 1.272212
 916.000000 1.718488 1.323138
 917.000000 1.706116 1.226200
 918.000000 1.717075 1.234715
 919.000000 1.759500 1.322088
 920.000000 1.569643 1.282831
 921.000000 1.704175 1.377643
 922.000000 1.629304 1.381329
 923.000000 1.668665 1.289160
 924.000000 1.723911 1.347609
 925.000000 1.741395 1.407825
 926.000000 1.810226 1.307277
 927.000000 1.732207 1.339433
 928.000000 1.630998 1.302103
 929.000000 1.724701 1.308075
 930.000000 1.768263 1.301249
 931.000000 1.705492 1.301004
 932.000000 1.668375 1.288113
 933.000000 1.771348 1.258221
 934.000000 1.689967 1.237016
 935.000000 1.825337 1.287483
 936.000000 1.687090 1.213004
 937.000000 1.734659 1.251665
 938.000000 1.627168 1.288882
 939.000000 1.723286 1.326636
 940.000000 1.766537 1.346483
 941.000000 1.747610 1.337302
 942.000000 1.687798 1.387330
 943.000000 1.729167 1.266659
 944.000000 1.852236 1.234452
 945.000000 1.772977 1.297172
 946.000000 1.808047 1.183932
 947.000000 1.796619 1.295446
 948.000000 1.746174 1.239585
 949.000000 1.684241 1.342686
 950.000000 1.755549 1.284125
 951.000000 1.703017 1.301593
 952.000000 1.835218 1.281637
 953.000000 1.782657 1.220113
 954.000000 1.657167 1.322671
 955.000000 1.683233 1.315318
 956.000000 1.831198 1.140659
 957.000000 1.827936 1.235710
 958.000000 1.803635 1.209489
 959.000000 1.738562 1.346840
 960.000000 1.782067 1.325171
 961.000000 1.946243 1.306919
 962.000000 1.792847 1.330399
 963.000000 1.796295 1.332273
 964.000000 1.778100 1.264232
 965.000000 1.894033 1.280424
 966.000000 1.755592 1.226292
 967.000000 1.864485 1.270634
 968.000000 1.872266 1.299306
 969.000000 1.829225 1.315475
 970.000000 1.891216 1.216914
 971.000000 1.857045 1.288794
 972.000000 1.957906 1.300444
 973.000000 1.872181 1.275370
 974.000000 1.836328 1.264411
 975.000000 1.736870 1.324928
 976.000000 1.874402 1.263092
 977.000000 1.743929 1.247276
 978.000000 1.774871 1.279349
 979.000000 1.869343 1.325759
 980.000000 1.843150 1.244061
 981.000000 1.916637 1.285980
 982.000000 1.818269 1.280806
 983.000000 1.835055 1.272900
 984.000000 1.707254 1.301294
 985.000000 1.860180 1.279722
 986.000000 1.808410 1.277948
 987.000000 1.759328 1.299941
 988.000000 1.740128 1.268536
 989.000000 1.806949 1.332155
 990.000000 1.688768 1.348759
 991.000000 1.940431 1.356272
 992.000000 1.851977 1.363754
 993.000000 1.923092 1.282312
 994.000000 1.860811 1.387656
 995.000000 1.824005 1.320143
 996.000000 1.935655 1.276479
 997.000000 1.998032 1.290083
 998.000000 1.846954 1.249418
 999.000000 1.915859 1.337035
 1000.000000 1.859211 1.410245
 1001.000000 1.835132 1.394969
 1002.000000 1.879564 1.341199
 1003.000000 1.843827 1.287081
 1004.000000 1.885541 1.322401
 1005.000000 1.753082 1.398324
 1006.000000 1.816670 1.384214
 1007.000000 1.922357 1.370813
 1008.000000 1.811759 1.396348
 1009.000000 1.904221 1.303892
 1010.000000 1.844638 1.399334
 1011.000000 1.655785 1.310523
 1012.000000 1.736001 1.334312
 1013.000000 1.860692 1.355912
 1014.000000 1.933508 1.296137
 1015.000000 1.846479 1.381804
 1016.000000 1.880638 1.301409
 1017.000000 1.819724 1.303212
 1018.000000 1.793665 1.368424
 1019.000000 1.697332 1.287511
 1020.000000 1.797384 1.348119
 1021.000000 1.874632 1.324817
 1022.000000 1.724840 1.273438
 1023.000000 1.865385 1.383829
 1024.000000 1.731239 1.307361
 1025.000000 1.859805 1.374003
 1026.000000 1.647594 1.381513
 1027.000000 1.786047 1.319358
 1028.000000 1.793289 1.319794
 1029.000000 1.741319 1.261537
 1030.000000 1.885645 1.289763
 1031.000000 1.720109 1.320822
 1032.000000 1.815590 1.315381
 1033.000000 1.814635 1.326919
 1034.000000 1.780013 1.348459
 1035.000000 1.780965 1.390492
 1036.000000 1.830246 1.323900
 1037.000000 1.974044 1.309207
 1038.000000 1.767124 1.301000
 1039.000000 1.810260 1.292977
 1040.000000 1.884001 1.316595
 1041.000000 1.826588 1.276689
 1042.000000 1.679562 1.297475
 1043.000000 1.742786 1.351724
 1044.000000 1.806634 1.361279
 1045.000000 1.873659 1.282248
 1046.000000 1.749047 1.275740
 1047.000000 1.931852 1.153766
 1048.000000 1.892843 1.171253
 1049.000000 1.809388 1.244577
 1050.000000 1.816614 1.189212
 1051.000000 1.809155 1.144441
 1052.000000 1.891877 1.194018
 1053.000000 1.740923 1.242334
 1054.000000 1.746035 1.220814
 1055.000000 1.743749 1.130021
 1056.000000 1.745116 1.268355
 1057.000000 1.789870 1.238273
 1058.000000 1.806388 1.192429
 1059.000000 1.825730 1.230472
 1060.000000 1.968568 1.212842
 1061.000000 1.954249 1.249413
 1062.000000 1.873118 1.213822
 1063.000000 1.897811 1.296033
 1064.000000 1.719276 1.231642
 1065.000000 1.758209 1.252890
 1066.000000 1.898547 1.236960
 1067.000000 1.918808 1.237461
 1068.000000 1.935187 1.290927
 1069.000000 1.664255 1.214441
 1070.000000 1.966232 1.219269
 1071.000000 1.887231 1.263286
 1072.000000 1.930273 1.179109
 1073.000000 1.869897 1.223912
 1074.000000 1.872801 1.315525
 1075.000000 1.893335 1.179984
 1076.000000 1.622434 1.195475
 1077.000000 1.784929 1.213591
 1078.000000 1.783507 1.255811
 1079.000000 1.821181 1.252394
 1080.000000 1.811572 1.191553
 1081.000000 1.849891 1.199091
 1082.000000 1.874881 1.187964
 1083.000000 1.878341 1.233073
 1084.000000 1.844182 1.284573
 1085.000000 1.810913 1.267129
 1086.000000 1.864024 1.202352
 1087.000000 1.927966 1.184066
 1088.000000 1.782488 1.215676
 1089.000000 1.786207 1.161668
 1090.000000 1.772136 1.208381
 1091.000000 1.761498 1.181493
 1092.000000 1.764608 1.211303
 1093.000000 1.754391 1.274551
 1094.000000 1.804700 1.259322
 1095.000000 1.765096 1.270994
 1096.000000 1.712570 1.196878
 1097.000000 1.765048 1.253628
 1098.000000 1.725327 1.260641
 1099.000000 1.714546 1.285737
 1100.000000 1.853303 1.216496
 1101.000000 1.862102 1.174694
 1102.000000 1.796471 1.309330
 1103.000000 1.849986 1.296804
 1104.000000 1.694448 1.266927
 1105.000000 1.714885 1.278902
 1106.000000 1.739474 1.293190
 1107.000000 1.785480 1.284382
 1108.000000 1.767741 1.273301
 1109.000000 1.744258 1.284436
 1110.000000 1.746374 1.236235
 1111.000000 1.884475 1.280828
 1112.000000 1.900679 1.282243
 1113.000000 1.775332 1.238286
 1114.000000 1.823245 1.237704
 1115.000000 1.671578 1.304814
 1116.000000 1.782918 1.244191
 1117.000000 1.835819 1.222489
 1118.000000 1.822147 1.250723
 1119.000000 1.769609 1.307816
 1120.000000 1.740728 1.207457
 1121.000000 1.856452 1.281106
 1122.000000 1.748903 1.213611
 1123.000000 1.829244 1.267286
 1124.000000 1.769704 1.295303
 1125.000000 1.901937 1.338749
 1126.000000 1.835767 1.246177
 1127.000000 1.762705 1.248700
 1128.000000 1.769639 1.286102
 1129.000000 1.748890 1.342253
 1130.000000 1.755111 1.191043
 1131.000000 1.834829 1.237064
 1132.000000 1.763421 1.261079
 1133.000000 1.709249 1.256536
 1134.000000 1.785241 1.246916
 1135.000000 1.744899 1.248909
 1136.000000 1.877402 1.283102
 1137.000000 1.857296 1.306136
 1138.000000 1.789828 1.265742
 1139.000000 1.655401 1.205577
 1140.000000 1.786045 1.279423
 1141.000000 1.630597 1.194567
 1142.000000 1.793140 1.273320
 1143.000000 1.836820 1.270584
 1144.000000 1.730676 1.229992
 1145.000000 1.869571 1.224869
 1146.000000 1.746992 1.295754
 1147.000000 1.721514 1.419792
 1148.000000 1.796652 1.227499
 1149.000000 1.905291 1.255289
 1150.000000 1.805932 1.287835
 1151.000000 1.808012 1.292871
 1152.000000 1.799173 1.437755
 1153.000000 1.838149 1.460486
 1154.000000 1.679942 1.403077
 1155.000000 1.762595 1.377876
 1156.000000 1.736859 1.435858
 1157.000000 1.785664 1.447851
 1158.000000 1.802788 1.399783
 1159.000000 1.772895 1.428200
 1160.000000 1.727458 1.404657
 1161.000000 1.779751 1.413123
 1162.000000 1.794864 1.431755
 1163.000000 1.669818 1.364031
 1164.000000 1.726386 1.507964
 1165.000000 1.771975 1.424308
 1166.000000 1.706583 1.341497
 1167.000000 1.857064 1.453080
 1168.000000 1.744262 1.300300
 1169.000000 1.652665 1.383943
 1170.000000 1.884427 1.293537
 1171.000000 1.864857 1.284874
 1172.000000 1.904406 1.315315
 1173.000000 1.887882 1.402025
 1174.000000 1.712274 1.430995
 1175.000000 1.702318 1.290062
 1176.000000 1.714528 1.368341
 1177.000000 1.814213 1.384894
 1178.000000 1.693605 1.389597
 1179.000000 1.762875 1.362294
 1180.000000 1.712808 1.425743
 1181.000000 1.853304 1.438370
 1182.000000 1.748317 1.350575
 1183.000000 1.736111 1.461406
 1184.000000 1.905757 1.327183
 1185.000000 1.764393 1.234855
 1186.000000 1.603993 1.431172
 1187.000000 1.702367 1.304998
 1188.000000 1.748539 1.372199
 1189.000000 1.770173 1.332945
 1190.000000 1.820503 1.399482
 1191.000000 1.785971 1.376969
 1192.000000 1.843899 1.414550
 1193.000000 1.726042 1.323872
 1194.000000 1.689061 1.309166
 1195.000000 1.626470 1.306786
 1196.000000 1.701576 1.386291
 1197.000000 1.823498 1.323020
 1198.000000 1.677361 1.330789
 1199.000000 1.601148 1.371260
 1200.000000 1.709542 1.332118
 1201.000000 1.749044 1.295283
 1202.000000 1.834968 1.333518
 1203.000000 1.714914 1.421949
 1204.000000 1.619850 1.348034
 1205.000000 1.756856 1.359613
 1206.000000 1.786001 1.422306
 1207.000000 1.853404 1.350317
 1208.000000 1.732546 1.407815
 1209.000000 1.783892 1.391390
 1210.000000 1.783240 1.300017
 1211.000000 1.858637 1.355936
 1212.000000 1.784841 1.352098
 1213.000000 1.850083 1.340181
 1214.000000 1.940541 1.422882
 1215.000000 1.789386 1.308490
 1216.000000 1.859640 1.405945
 1217.000000 1.847023 1.385901
 1218.000000 1.773864 1.454687
 1219.000000 1.844458 1.461729
 1220.000000 1.795595 1.364238
 1221.000000 1.829446 1.419475
 1222.000000 1.750163 1.334546
 1223.000000 1.835090 1.207100
 1224.000000 1.737983 1.267502
 1225.000000 1.694400 1.242692
 1226.000000 1.840865 1.313695
 1227.000000 1.760461 1.373242
 1228.000000 1.833080 1.249243
 1229.000000 1.725320 1.343585
 1230.000000 1.786118 1.183868
 1231.000000 1.822020 1.365069
 1232.000000 1.844219 1.338139
 1233.000000 1.736949 1.277932
 1234.000000 1.796646 1.322242
 1235.000000 1.842343 1.347812
 1236.000000 1.855064 1.290934
 1237.000000 1.808728 1.386266
 1238.000000 1.715474 1.251603
 1239.000000 1.853895 1.260675
 1240.000000 1.794893 1.379832
 1241.000000 1.912297 1.338515
 1242.000000 1.907186 1.344511
 1243.000000 1.807433 1.351602
 1244.000000 1.794172 1.342661
 1245.000000 1.787149 1.323289
 1246.000000 1.767673 1.352325
 1247.000000 1.788070 1.301546
 1248.000000 1.679295 1.341762
 1249.000000 1.781796 1.246337
 1250.000000 1.742365 1.339713
 1251.000000 1.732051 1.299266
 1252.000000 1.788090 1.332579
 1253.000000 1.795111 1.429619
 1254.000000 1.733266 1.384123
 1255.000000 1.832091 1.360894
 1256.000000 1.757921 1.294648
 1257.000000 1.796193 1.319478
 1258.000000 1.753057 1.280855
 1259.000000 1.772911 1.374400
 1260.000000 1.829259 1.317642
 1261.000000 1.707323 1.366894
 1262.000000 1.765596 1.350556
 1263.000000 1.775903 1.385112
 1264.000000 1.841208 1.362480
 1265.000000 1.865585 1.392161
 1266.000000 1.852108 1.362519
 1267.000000 1.823421 1.391860
 1268.000000 1.857121 1.377763
 1269.000000 1.862002 1.395319
 1270.000000 1.728086 1.385216
 1271.000000 1.858689 1.336982
 1272.000000 1.903395 1.425920
 1273.000000 1.724822 1.367208
 1274.000000 1.760579 1.420997
 1275.000000 1.703120 1.352761
 1276.000000 1.735603 1.391102
 1277.000000 1.741923 1.383681
 1278.000000 1.721079 1.423591
 1279.000000 1.881787 1.358731
 1280.000000 1.718143 1.318074
 1281.000000 1.775140 1.362150
 1282.000000 1.773392 1.383839
 1283.000000 1.872892 1.360529
 1284.000000 1.876167 1.353916
 1285.000000 1.745027 1.315274
 1286.000000 1.893053 1.323996
 1287.000000 1.853090 1.338479
 1288.000000 1.733938 1.360717
 1289.000000 1.843533 1.341954
 1290.000000 1.813358 1.381542
 1291.000000 1.801052 1.373505
 1292.000000 1.857162 1.410860
 1293.000000 1.741722 1.419803
 1294.000000 1.822700 1.345220
 1295.000000 1.737272 1.371249
 1296.000000 1.890682 1.381369
 1297.000000 1.771794 1.414877
 1298.000000 1.891006 1.400928
 1299.000000 1.812248 1.341958
 1300.000000 1.874668 1.283616
 1301.000000 1.754315 1.398017
 1302.000000 1.752432 1.314251
 1303.000000 1.752187 1.334845
 1304.000000 1.679949 1.341847
 1305.000000 1.714445 1.410237
 1306.000000 1.785870 1.222705
 1307.000000 1.648285 1.242547
 1308.000000 1.753032 1.279083
 1309.000000 1.700237 1.310484
 1310.000000 1.647357 1.431440
 1311.000000 1.715437 1.465835
 1312.000000 1.775054 1.352842
 1313.000000 1.761065 1.422993
 1314.000000 1.725450 1.393306
 1315.000000 1.726542 1.350943
 1316.000000 1.712475 1.348728
 1317.000000 1.811785 1.312883
 1318.000000 1.768199 1.388364
 1319.000000 1.827116 1.401170
 1320.000000 1.887751 1.364338
 1321.000000 1.705553 1.399609
 1322.000000 1.738291 1.368028
 1323.000000 1.698376 1.362351
 1324.000000 1.700298 1.355888
 1325.000000 1.765204 1.393641
 1326.000000 1.762206 1.339125
 1327.000000 1.683000 1.229897
 1328.000000 1.689689 1.366409
 1329.000000 1.670619 1.400280
 1330.000000 1.764426 1.369302
 1331.000000 1.747470 1.387712
 1332.000000 1.892167 1.416260
 1333.000000 1.778341 1.424283
 1334.000000 1.761102 1.456533
 1335.000000 1.784367 1.361996
 1336.000000 1.770529 1.346866
 1337.000000 1.889718 1.441779
 1338.000000 1.776072 1.353775
 1339.000000 1.814497 1.411122
 1340.000000 1.761551 1.375141
 1341.000000 1.774584 1.320341
 1342.000000 1.742064 1.321725
 1343.000000 1.756533 1.361973
 1344.000000 1.675456 1.402810
 1345.000000 1.874286 1.314517
 1346.000000 1.912588 1.296657
 1347.000000 1.738958 1.326815
 1348.000000 1.717592 1.344510
 1349.000000 1.798147 1.332613
 1350.000000 1.769946 1.389162
 1351.000000 1.896254 1.300558
 1352.000000 1.759162 1.367172
 1353.000000 1.645007 1.315395
 1354.000000 1.889269 1.224650
 1355.000000 1.817708 1.292254
 1356.000000 1.811499 1.396328
 1357.000000 1.766425 1.306354
 1358.000000 1.741078 1.234761
 1359.000000 1.827813 1.260270
 1360.000000 1.765279 1.292117
 1361.000000 1.770562 1.284288
 1362.000000 1.801288 1.311650
 1363.000000 1.838653 1.298434
 1364.000000 1.837309 1.200049
 1365.000000 1.850298 1.272561
 1366.000000 1.795665 1.286530
 1367.000000 1.786022 1.266958
 1368.000000 1.825678 1.302792
 1369.000000 1.866249 1.280853
 1370.000000 1.799401 1.333200
 1371.000000 1.766225 1.305789
 1372.000000 1.750490 1.346307
 1373.000000 1.753216 1.254931
 1374.000000 1.773805 1.313409
 1375.000000 1.860775 1.218872
 1376.000000 1.889498 1.172584
 1377.000000 1.781750 1.213171
 1378.000000 1.856720 1.246179
 1379.000000 1.758322 1.354678
 1380.000000 1.736189 1.360467
 1381.000000 1.840111 1.354994
 1382.000000 1.817173 1.333335
 1383.000000 1.871569 1.210469
 1384.000000 1.800500 1.293490
 1385.000000 1.846576 1.306154
 1386.000000 1.828550 1.312524
 1387.000000 1.758053 1.296518
 1388.000000 1.862648 1.309265
 1389.000000 1.799197 1.296017
 1390.000000 1.762904 1.345236
 1391.000000 1.763224 1.316345
 1392.000000 1.717356 1.334399
 1393.000000 1.798061 1.326836
 1394.000000 1.724025 1.357666
 1395.000000 1.774152 1.410969
 1396.000000 1.806149 1.310302
 1397.000000 1.781617 1.290580
 1398.000000 1.767899 1.324671
 1399.000000 1.748436 1.337307
 1400.000000 1.771999 1.405930
 1401.000000 1.720888 1.338891
 1402.000000 1.664927 1.353750
 1403.000000 1.778082 1.393875
 1404.000000 1.813088 1.338699
 1405.000000 1.890592 1.314894
 1406.000000 1.835047 1.341519
 1407.000000 1.764380 1.263100
 1408.000000 1.767152 1.355063
 1409.000000 1.808385 1.340171
 1410.000000 1.728010 1.280419
 1411.000000 1.565081 1.307127
 1412.000000 1.703313 1.322392
 1413.000000 1.621927 1.269556
 1414.000000 1.881235 1.333605
 1415.000000 1.850061 1.298785
 1416.000000 1.669185 1.322889
 1417.000000 1.814010 1.314353
 1418.000000 1.808864 1.351465
 1419.000000 1.760464 1.300477
 1420.000000 1.769734 1.349193
 1421.000000 1.769140 1.265924
 1422.000000 1.725117 1.320410
 1423.000000 1.782869 1.263770
 1424.000000 1.787807 1.252105
 1425.000000 1.725672 1.286654
 1426.000000 1.829913 1.274489
 1427.000000 1.806448 1.306034
 1428.000000 1.807305 1.303549
 1429.000000 1.876473 1.436568
 1430.000000 1.814832 1.332696
 1431.000000 1.887592 1.314100
 1432.000000 1.719497 1.302277
 1433.000000 1.822612 1.335033
 1434.000000 1.765455 1.326866
 1435.000000 1.807335 1.371379
 1436.000000 1.808929 1.279728
 1437.000000 1.737582 1.353278
 1438.000000 1.826296 1.388652
 1439.000000 1.860628 1.318921
 1440.000000 1.817912 1.355610
 1441.000000 1.910127 1.352169
 1442.000000 1.808123 1.321378
 1443.000000 1.815305 1.360990
 1444.000000 1.986381 1.392244
 1445.000000 1.921658 1.225575
 1446.000000 1.730044 1.266848
 1447.000000 1.883641 1.318284
 1448.000000 1.805580 1.320850
 1449.000000 1.755200 1.360394
 1450.000000 1.781470 1.268107
 1451.000000 1.774362 1.234355
 1452.000000 1.700474 1.334246
 1453.000000 1.765691 1.306360
 1454.000000 1.786519 1.315063
 1455.000000 1.787528 1.319667
 1456.000000 1.785750 1.367186
 1457.000000 1.911216 1.246925
 1458.000000 1.824562 1.229150
 1459.000000 1.919467 1.284559
 1460.000000 1.839920 1.341425
 1461.000000 1.753366 1.273521
 1462.000000 1.761629 1.238417
 1463.000000 1.831538 1.346519
 1464.000000 1.796584 1.282686
 1465.000000 1.777538 1.325618
 1466.000000 1.844330 1.331825
 1467.000000 1.765197 1.265671
 1468.000000 1.791760 1.345195
 1469.000000 1.862811 1.310157
 1470.000000 1.759956 1.285320
 1471.000000 1.832729 1.356613
 1472.000000 1.821917 1.322153
 1473.000000 1.809936 1.289761
 1474.000000 1.856777 1.295829
 1475.000000 1.870503 1.334150
 1476.000000 1.820982 1.309379
 1477.000000 1.814083 1.349536
 1478.000000 1.818510 1.356286
 1479.000000 1.712898 1.311648
 1480.000000 1.874402 1.343649
 1481.000000 1.705135 1.277768
 1482.000000 1.691306 1.356627
 1483.000000 1.823083 1.376407
 1484.000000 1.749749 1.303478
 1485.000000 1.727093 1.373516
 1486.000000 1.704805 1.340053
 1487.000000 1.823608 1.347090
 1488.000000 1.779247 1.369250
 1489.000000 1.779416 1.342124
 1490.000000 1.774307 1.296481
 1491.000000 1.764303 1.306374
 1492.000000 1.861998 1.345123
 1493.000000 1.773033 1.285214
 1494.000000 1.812470 1.346283
 1495.000000 1.871375 1.278093
 1496.000000 1.844031 1.305519
 1497.000000 1.759222 1.283844
 1498.000000 1.862485 1.301117
 1499.000000 1.980770 1.326232
 1500.000000 1.862250 1.345680
 1501.000000 1.811300 1.380718
 1502.000000 1.868459 1.321754
 1503.000000 1.814641 1.308399
 1504.000000 1.867968 1.355047
 1505.000000 1.769600 1.336295
 1506.000000 1.809764 1.279431
 1507.000000 1.835342 1.340663
 1508.000000 1.797328 1.336630
 1509.000000 1.776070 1.373109
 1510.000000 1.780591 1.279410
 1511.000000 1.835729 1.319058
 1512.000000 1.840151 1.184722
 1513.000000 1.769158 1.283675
 1514.000000 1.861827 1.312593
 1515.000000 1.785798 1.260523
 1516.000000 1.780892 1.303627
 1517.000000 1.748636 1.281276
 1518.000000 1.748783 1.273522
 1519.000000 1.796355 1.294170
 1520.000000 1.804102 1.335475
 1521.000000 1.837353 1.349124
 1522.000000 1.947811 1.357632
 1523.000000 1.842734 1.357788
 1524.000000 1.881216 1.286582
 1525.000000 1.890648 1.262497
 1526.000000 1.851947 1.363004
 1527.000000 1.784853 1.294302
 1528.000000 1.935391 1.313780
 1529.000000 2.027934 1.300397
 1530.000000 1.829976 1.400861
 1531.000000 1.881921 1.228353
 1532.000000 1.863800 1.298680
 1533.000000 1.797816 1.326721
 1534.000000 1.915084 1.260622
 1535.000000 1.800135 1.381311
 1536.000000 1.817256 1.324627
 1537.000000 1.787409 1.380862
 1538.000000 1.895059 1.293651
 1539.000000 1.849317 1.316488
 1540.000000 1.917794 1.357209
 1541.000000 1.937123 1.321711
 1542.000000 1.839667 1.393600
 1543.000000 1.861077 1.390942
 1544.000000 1.857590 1.324630
 1545.000000 1.851501 1.408586
 1546.000000 1.816062 1.307612
 1547.000000 1.881722 1.333780
 1548.000000 1.830156 1.361152
 1549.000000 1.865210 1.369042
 1550.000000 1.794906 1.298776
 1551.000000 1.771458 1.345404
 1552.000000 1.944931 1.370671
 1553.000000 1.873634 1.282581
 1554.000000 1.836308 1.295336
 1555.000000 1.824163 1.333072
 1556.000000 1.732439 1.335331
 1557.000000 1.883789 1.282721
 1558.000000 1.868502 1.322524
 1559.000000 1.905578 1.356344
 1560.000000 1.859101 1.358881
 1561.000000 1.776069 1.378943
 1562.000000 1.719753 1.378352
 1563.000000 1.857266 1.231710
 1564.000000 1.769853 1.225703
 1565.000000 1.882674 1.244056
 1566.000000 1.750173 1.299891
 1567.000000 1.739538 1.316641
 1568.000000 1.770886 1.297865
 1569.000000 1.775259 1.268039
 1570.000000 1.791140 1.324984
 1571.000000 1.877829 1.348607
 1572.000000 1.803504 1.252174
 1573.000000 1.900335 1.271594
 1574.000000 1.882044 1.314091
 1575.000000 1.925593 1.258475
 1576.000000 1.831749 1.391118
 1577.000000 1.766251 1.300780
 1578.000000 1.825505 1.293211
 1579.000000 1.736010 1.253253
 1580.000000 1.770749 1.254214
 1581.000000 1.858046 1.320015
 1582.000000 1.756531 1.249599
 1583.000000 1.848972 1.273432
 1584.000000 1.807806 1.225777
 1585.000000 1.726630 1.239738
 1586.000000 1.797792 1.288230
 1587.000000 1.810487 1.284920
 1588.000000 1.778361 1.249167
 1589.000000 1.771159 1.252999
 1590.000000 1.822963 1.294679
 1591.000000 1.801678 1.309504
 1592.000000 1.739293 1.300492
 1593.000000 1.791912 1.319443
 1594.000000 1.878894 1.301935
 1595.000000 1.795223 1.234258
 1596.000000 1.814497 1.225310
 1597.000000 1.813250 1.297497
 1598.000000 1.897166 1.258788
 1599.000000 1.845196 1.242984
 1600.000000 1.797904 1.265085
 1601.000000 1.855148 1.267272
 1602.000000 1.786417 1.254535
 1603.000000 1.785883 1.221632
 1604.000000 1.788493 1.316660
 1605.000000 1.849168 1.228777
 1606.000000 1.846799 1.321649
 1607.000000 1.887552 1.331663
 1608.000000 1.771313 1.224859
 1609.000000 1.874345 1.287937
 1610.000000 1.882356 1.248140
 1611.000000 1.786758 1.201211
 1612.000000 1.874047 1.419509
 1613.000000 1.898316 1.340338
 1614.000000 1.845002 1.343548
 1615.000000 1.826517 1.457355
 1616.000000 1.818931 1.354329
 1617.000000 1.821934 1.418385
 1618.000000 1.731612 1.407846
 1619.000000 1.761475 1.393833
 1620.000000 1.810325 1.397060
 1621.000000 1.823743 1.391093
 1622.000000 1.837843 1.383720
 1623.000000 1.778295 1.386171
 1624.000000 1.809251 1.323136
 1625.000000 1.820876 1.241819
 1626.000000 1.775976 1.338121
 1627.000000 1.803881 1.318980
 1628.000000 1.767425 1.349164
 1629.000000 1.898345 1.397033
 1630.000000 1.781643 1.316934
 1631.000000 1.848722 1.245046
 1632.000000 1.771236 1.307521
 1633.000000 1.659262 1.277575
 1634.000000 1.781520 1.292775
 1635.000000 1.821676 1.393194
 1636.000000 1.842868 1.301900
 1637.000000 1.832812 1.316513
 1638.000000 1.881773 1.329716
 1639.000000 1.884849 1.348426
 1640.000000 1.861537 1.312655
 1641.000000 1.853018 1.291483
 1642.000000 1.727488 1.289987
 1643.000000 1.903947 1.270891
 1644.000000 1.876368 1.295307
 1645.000000 1.832840 1.303168
 1646.000000 1.853791 1.343979
 1647.000000 1.790219 1.300673
 1648.000000 1.854907 1.276205
 1649.000000 1.760192 1.277949
 1650.000000 1.921429 1.240412
 1651.000000 1.851185 1.282136
 1652.000000 1.846343 1.320075
 1653.000000 1.798297 1.325551
 1654.000000 1.819014 1.291036
 1655.000000 1.793369 1.281081
 1656.000000 1.909713 1.383689
 1657.000000 1.825036 1.302309
 1658.000000 1.815942 1.331334
 1659.000000 1.842737 1.268029
 1660.000000 1.833184 1.262563
 1661.000000 1.769907 1.293246
 1662.000000 1.735183 1.243503
 1663.000000 1.764883 1.251224
 1664.000000 1.829402 1.312436
 1665.000000 1.889925 1.357217
 1666.000000 1.774848 1.301337
 1667.000000 1.929219 1.332157
 1668.000000 1.862639 1.335336
 1669.000000 1.784067 1.308260
 1670.000000 1.721132 1.352996
 1671.000000 1.794740 1.300049
 1672.000000 1.792965 1.319546
 1673.000000 1.831394 1.332346
 1674.000000 1.789850 1.348024
 1675.000000 1.906479 1.316523
 1676.000000 1.855892 1.290982
 1677.000000 1.802191 1.273350
 1678.000000 1.700997 1.238486
 1679.000000 1.796142 1.250072
 1680.000000 1.827779 1.120204
 1681.000000 1.811176 1.163712
 1682.000000 1.919557 1.209774
 1683.000000 1.793727 1.200000
 1684.000000 1.761246 1.243180
 1685.000000 1.929090 1.251401
 1686.000000 1.774819 1.234672
 1687.000000 1.750357 1.266219
 1688.000000 1.788343 1.254158
 1689.000000 1.783779 1.298069
 1690.000000 1.769929 1.246611
 1691.000000 1.791444 1.256353
 1692.000000 1.822093 1.300203
 1693.000000 1.837148 1.243053
 1694.000000 1.825335 1.285977
 1695.000000 1.743090 1.281763
 1696.000000 1.793127 1.260281
 1697.000000 1.802099 1.269966
 1698.000000 1.877375 1.285287
 1699.000000 1.732884 1.294523
 1700.000000 1.774332 1.294768
 1701.000000 1.714029 1.282080
 1702.000000 1.755135 1.198111
 1703.000000 1.673207 1.331272
 1704.000000 1.848269 1.391611
 1705.000000 1.745601 1.323097
 1706.000000 1.809539 1.421513
 1707.000000 1.696933 1.345468
 1708.000000 1.809720 1.390196
 1709.000000 1.758684 1.340355
 1710.000000 1.781379 1.420866
 1711.000000 1.719092 1.414118
 1712.000000 1.839171 1.340421
 1713.000000 1.774312 1.277961
 1714.000000 1.848067 1.328896
 1715.000000 1.722710 1.386275
 1716.000000 1.789518 1.313986
 1717.000000 1.723868 1.293827
 1718.000000 1.699263 1.346137
 1719.000000 1.838580 1.332807
 1720.000000 1.698118 1.232122
 1721.000000 1.795747 1.253763
 1722.000000 1.778689 1.382024
 1723.000000 1.866427 1.392063
 1724.000000 1.848614 1.298711
 1725.000000 1.774165 1.334323
 1726.000000 1.716460 1.259345
 1727.000000 1.968277 1.236841
 1728.000000 1.800135 1.180731
 1729.000000 1.819549 1.177016
 1730.000000 1.804104 1.231958
 1731.000000 1.793154 1.292423
 1732.000000 1.860899 1.176641
 1733.000000 1.823520 1.263072
 1734.000000 1.857498 1.277062
 1735.000000 1.816608 1.229426
 1736.000000 1.823561 1.256291
 1737.000000 1.859208 1.219843
 1738.000000 1.805063 1.223500
 1739.000000 1.701672 1.252239
 1740.000000 1.847352 1.324045
 1741.000000 1.805016 1.293741
 1742.000000 1.909658 1.264642
 1743.000000 1.799359 1.210678
 1744.000000 1.809037 1.198144
 1745.000000 1.836075 1.268704
 1746.000000 1.814748 1.355388
 1747.000000 1.870523 1.386577
 1748.000000 1.783869 1.374074
 1749.000000 1.760659 1.346465
 1750.000000 1.761116 1.364294
 1751.000000 1.664170 1.345000
 1752.000000 1.678475 1.357231
 1753.000000 1.788553 1.346779
 1754.000000 1.830514 1.413251
 1755.000000 1.843474 1.357800
 1756.000000 1.925625 1.332613
 1757.000000 1.741157 1.279686
 1758.000000 1.828588 1.397471
 1759.000000 1.877735 1.342164
 1760.000000 1.836808 1.286491
 1761.000000 1.834180 1.394332
 1762.000000 1.774658 1.359729
 1763.000000 1.761591 1.363129
 1764.000000 1.717281 1.334690
 1765.000000 1.760997 1.336983
 1766.000000 1.807688 1.286296
 1767.000000 1.892234 1.221011
 1768.000000 1.783352 1.358424
 1769.000000 1.761552 1.375082
 1770.000000 1.786894 1.341696
 1771.000000 1.804190 1.338469
 1772.000000 1.804338 1.353889
 1773.000000 1.796091 1.262552
 1774.000000 1.853949 1.352072
 1775.000000 1.713636 1.314371
 1776.000000 1.807867 1.414965
 1777.000000 1.856904 1.309917
 1778.000000 1.807734 1.311891
 1779.000000 1.711120 1.304262
 1780.000000 1.663080 1.229850
 1781.000000 1.888086 1.325177
 1782.000000 1.758959 1.327276
 1783.000000 1.772792 1.322842
 1784.000000 1.822677 1.346174
 1785.000000 1.870892 1.379416
 1786.000000 1.833151 1.340903
 1787.000000 1.843566 1.278889
 1788.000000 1.864018 1.318134
 1789.000000 1.792894 1.316496
 1790.000000 1.891704 1.323088
 1791.000000 1.937603 1.331426
 1792.000000 1.875996 1.284192
 1793.000000 1.861345 1.356039
 1794.000000 1.824751 1.305290
 1795.000000 1.812976 1.305641
 1796.000000 1.768738 1.355909
 1797.000000 1.774764 1.354387
 1798.000000 1.699762 1.286140
 1799.000000 1.764250 1.378757
 1800.000000 1.759667 1.355458
 1801.000000 1.793873 1.425457
 1802.000000 1.773673 1.318092
 1803.000000 1.719301 1.356637
 1804.000000 1.922582 1.350538
 1805.000000 1.745208 1.318988
 1806.000000 1.804669 1.324559
 1807.000000 1.814873 1.333737
 1808.000000 1.928509 1.299823
 1809.000000 1.782560 1.353623
 1810.000000 1.777673 1.302982
 1811.000000 1.764721 1.355753
 1812.000000 1.773972 1.371377
 1813.000000 1.751387 1.414305
 1814.000000 1.698163 1.396662
 1815.000000 1.778061 1.357707
 1816.000000 1.678003 1.361794
 1817.000000 1.756661 1.440927
 1818.000000 1.674500 1.304736
 1819.000000 1.780860 1.416271
 1820.000000 1.732129 1.364887
 1821.000000 1.836608 1.291024
 1822.000000 1.791128 1.319825
 1823.000000 1.713844 1.354280
 1824.000000 1.791134 1.352593
 1825.000000 1.887073 1.297289
 1826.000000 1.925927 1.302018
 1827.000000 1.784187 1.294504
 1828.000000 1.879113 1.293078
 1829.000000 1.780277 1.367187
 1830.000000 1.910815 1.308887
 1831.000000 1.846788 1.242806
 1832.000000 1.932972 1.410440
 1833.000000 1.837868 1.346764
 1834.000000 1.838680 1.322380
 1835.000000 1.823185 1.378321
 1836.000000 1.842667 1.331090
 1837.000000 1.721375 1.329697
 1838.000000 1.751014 1.357727
 1839.000000 1.816233 1.303555
 1840.000000 1.869195 1.380180
 1841.000000 1.838245 1.347247
 1842.000000 1.818968 1.255385
 1843.000000 1.746195 1.305911
 1844.000000 1.744256 1.368173
 1845.000000 1.841253 1.395894
 1846.000000 1.754988 1.302570
 1847.000000 1.709883 1.280473
 1848.000000 1.865307 1.323062
 1849.000000 1.772213 1.355553
 1850.000000 1.750800 1.272839
 1851.000000 1.804280 1.409112
 1852.000000 1.822877 1.322761
 1853.000000 1.818123 1.350724
 1854.000000 1.849061 1.423714
 1855.000000 1.920047 1.430333
 1856.000000 1.837766 1.312753
 1857.000000 1.864087 1.299426
 1858.000000 1.765992 1.339579
 1859.000000 1.845187 1.281205
 1860.000000 1.780361 1.295736
 1861.000000 1.832797 1.311796
 1862.000000 1.863817 1.295512
 1863.000000 1.852641 1.225386
 1864.000000 1.868025 1.258703
 1865.000000 1.768998 1.310778
 1866.000000 1.824864 1.388973
 1867.000000 1.768311 1.360619
 1868.000000 1.768197 1.354322
 1869.000000 1.812888 1.305183
 1870.000000 1.795413 1.370388
 1871.000000 1.725598 1.276718
 1872.000000 1.724751 1.258064
 1873.000000 1.864705 1.367595
 1874.000000 1.782324 1.339427
 1875.000000 1.823038 1.260110
 1876.000000 1.706769 1.361663
 1877.000000 1.853054 1.253341
 1878.000000 1.876307 1.299068
 1879.000000 1.856425 1.315768
 1880.000000 1.836776 1.351483
 1881.000000 1.680930 1.331622
 1882.000000 1.674723 1.322829
 1883.000000 1.678181 1.306852
 1884.000000 1.772309 1.329955
 1885.000000 1.824105 1.396503
 1886.000000 1.711928 1.314850
 1887.000000 1.811034 1.345134
 1888.000000 1.800617 1.256207
 1889.000000 1.662098 1.256278
 1890.000000 1.736870 1.386409
 1891.000000 1.813017 1.332149
 1892.000000 1.852022 1.390764
 1893.000000 1.762708 1.401550
 1894.000000 1.809673 1.325536
 1895.000000 1.855658 1.297749
 1896.000000 1.826507 1.285682
 1897.000000 1.750007 1.362976
 1898.000000 1.788509 1.296421
 1899.000000 1.822710 1.345686
 1900.000000 1.965388 1.330909
 1901.000000 1.740831 1.323596
 1902.000000 1.878386 1.321982
 1903.000000 1.819828 1.330529
 1904.000000 1.789908 1.256053
 1905.000000 1.876153 1.274453
 1906.000000 1.811897 1.221877
 1907.000000 1.764529 1.261156
 1908.000000 1.797960 1.291912
 1909.000000 1.782595 1.427501
 1910.000000 1.769710 1.335098
 1911.000000 1.804049 1.444953
 1912.000000 1.841892 1.368665
 1913.000000 1.943915 1.326873
 1914.000000 1.905959 1.416948
 1915.000000 1.813035 1.375543
 1916.000000 1.835141 1.325976
 1917.000000 1.839972 1.416423
 1918.000000 1.907168 1.306747
 1919.000000 1.806969 1.358998
 1920.000000 1.866054 1.379599
 1921.000000 1.988604 1.392672
 1922.000000 1.882097 1.401050
 1923.000000 1.905560 1.258584
 1924.000000 1.825204 1.413710
 1925.000000 1.868109 1.376620
 1926.000000 1.910677 1.302206
 1927.000000 1.890528 1.337905
 1928.000000 1.797744 1.386202
 1929.000000 1.841639 1.341864
 1930.000000 1.845388 1.374850
 1931.000000 1.802176 1.333299
 1932.000000 1.727609 1.274391
 1933.000000 1.834499 1.297277
 1934.000000 1.826406 1.278879
 1935.000000 1.694111 1.276702
 1936.000000 1.798818 1.301380
 1937.000000 1.758954 1.241137
 1938.000000 1.767429 1.272258
 1939.000000 1.851760 1.224825
 1940.000000 1.781841 1.305188
 1941.000000 1.738381 1.280271
 1942.000000 1.901622 1.238885
 1943.000000 1.732772 1.179458
 1944.000000 1.798554 1.303188
 1945.000000 1.784854 1.262631
 1946.000000 1.770360 1.203134
 1947.000000 1.935554 1.221176
 1948.000000 1.691190 1.350096
 1949.000000 1.906134 1.310924
 1950.000000 1.842800 1.300040
 1951.000000 1.848592 1.279734
 1952.000000 1.854332 1.323264
 1953.000000 1.841801 1.399292
 1954.000000 1.848048 1.409455
 1955.000000 1.832225 1.483434
 1956.000000 1.760878 1.270916
 1957.000000 1.758190 1.304454
 1958.000000 1.852229 1.314431
 1959.000000 1.728680 1.311467
 1960.000000 1.670945 1.267205
 1961.000000 1.796910 1.244494
 1962.000000 1.884224 1.224210
 1963.000000 1.793221 1.359681
 1964.000000 1.801941 1.221164
 1965.000000 1.777248 1.230055
 1966.000000 1.827077 1.324967
 1967.000000 1.837255 1.422261
 1968.000000 1.869672 1.368913
 1969.000000 1.805166 1.359689
 1970.000000 1.855970 1.330250
 1971.000000 1.826972 1.369159
 1972.000000 1.919902 1.363854
 1973.000000 1.802696 1.287123
 1974.000000 1.876081 1.343430
 1975.000000 1.845293 1.319379
 1976.000000 1.872701 1.276626
 1977.000000 1.683600 1.217321
 1978.000000 1.824196 1.202894
 1979.000000 1.845306 1.236240
 1980.000000 1.767862 1.272724
 1981.000000 1.827759 1.298063
 1982.000000 1.626610 1.292436
 1983.000000 1.628811 1.259233
 1984.000000 1.686457 1.227024
 1985.000000 1.820696 1.273615
 1986.000000 1.694713 1.239676
 1987.000000 1.794233 1.272520
 1988.000000 1.762271 1.281697
 1989.000000 1.785698 1.240298
 1990.000000 1.810945 1.216105
 1991.000000 1.653263 1.292028
 1992.000000 1.822737 1.226930
 1993.000000 1.843044 1.224239
 1994.000000 1.758202 1.269288
 1995.000000 1.757350 1.216829
 1996.000000 1.753737 1.296123
 1997.000000 1.841792 1.215187
 1998.000000 1.955596 1.262061
 1999.000000 1.882442 1.259622
 2000.000000 1.936042 1.252575
 2001.000000 1.879636 1.181521
 2002.000000 1.818707 1.241011
 2003.000000 1.795303 1.311881
 2004.000000 1.778283 1.229795
 2005.000000 1.779302 1.242717
 2006.000000 1.822307 1.262393
 2007.000000 1.756917 1.260205
 2008.000000 1.744837 1.351120
 2009.000000 1.879018 1.224410
 2010.000000 1.914546 1.248629
 2011.000000 1.858257 1.305986
 2012.000000 1.881794 1.250018
 2013.000000 1.727591 1.240849
 2014.000000 1.848624 1.258533
 2015.000000 1.881079 1.185896
 2016.000000 1.796030 1.272931
 2017.000000 1.897848 1.211987
 2018.000000 1.773905 1.241136
 2019.000000 1.919355 1.248625
 2020.000000 1.791693 1.227187
 2021.000000 1.806590 1.229676
 2022.000000 1.866980 1.224724
 2023.000000 1.727993 1.266686
 2024.000000 1.688823 1.176321
 2025.000000 1.826974 1.114456
 2026.000000 1.653440 1.223097
 2027.000000 1.714559 1.220783
 2028.000000 1.887884 1.372680
 2029.000000 1.821714 1.317988
 2030.000000 1.850763 1.238320
 2031.000000 1.808444 1.305523
 2032.000000 1.868661 1.272646
 2033.000000 1.734323 1.316279
 2034.000000 1.863123 1.267705
 2035.000000 1.779898 1.265021
 2036.000000 1.798662 1.262027
 2037.000000 1.861178 1.299570
 2038.000000 1.883201 1.305732
 2039.000000 1.792573 1.340197
 2040.000000 1.676706 1.293308
 2041.000000 1.781528 1.302638
 2042.000000 1.796024 1.259755
 2043.000000 1.827598 1.241098
 2044.000000 1.825416 1.249925
 2045.000000 1.880711 1.266134
 2046.000000 1.839184 1.273168
 2047.000000 1.862421 1.329248
 2048.000000 1.755255 1.306302
 2049.000000 1.867626 1.200004
 2050.000000 1.776189 1.321471
 2051.000000 1.821758 1.220367
 2052.000000 1.765883 1.260911
 2053.000000 1.818212 1.320671
 2054.000000 1.751015 1.283070
 2055.000000 1.846269 1.313453
 2056.000000 1.728961 1.330653
 2057.000000 1.759617 1.253314
 2058.000000 1.725687 1.258978
 2059.000000 1.774476 1.276651
 2060.000000 1.781113 1.288692
 2061.000000 1.773682 1.240551
 2062.000000 1.646127 1.262462
 2063.000000 1.727796 1.270837
 2064.000000 1.691587 1.293073
 2065.000000 1.758216 1.218576
 2066.000000 1.796900 1.258350
 2067.000000 1.784048 1.305479
 2068.000000 1.779263 1.323877
 2069.000000 1.834708 1.283877
 2070.000000 1.715495 1.211968
 2071.000000 1.738937 1.194370
 2072.000000 1.794310 1.241245
 2073.000000 1.779067 1.287282
 2074.000000 1.788208 1.207948
 2075.000000 1.702896 1.303581
 2076.000000 1.746262 1.259569
 2077.000000 1.756004 1.202802
 2078.000000 1.918029 1.294959
 2079.000000 1.690921 1.246196
 2080.000000 1.708000 1.213167
 2081.000000 1.715241 1.366855
 2082.000000 1.663449 1.224883
 2083.000000 1.782808 1.293139
 2084.000000 1.714874 1.277808
 2085.000000 1.704309 1.261790
 2086.000000 1.617499 1.305576
 2087.000000 1.729525 1.286539
 2088.000000 1.759794 1.279823
 2089.000000 1.728481 1.330600
 2090.000000 1.817979 1.180437
 2091.000000 1.750753 1.256531
 2092.000000 1.804778 1.209474
 2093.000000 1.786261 1.229312
 2094.000000 1.985304 1.256872
 2095.000000 1.738122 1.196848
 2096.000000 1.872890 1.236699
 2097.000000 1.859170 1.199071
 2098.000000 1.786156 1.248573
 2099.000000 1.746920 1.205508
 2100.000000 1.750983 1.247173
 2101.000000 1.779744 1.320800
 2102.000000 1.674852 1.168828
 2103.000000 1.832315 1.330862
 2104.000000 1.684460 1.291561
 2105.000000 1.721245 1.236280
 2106.000000 1.664851 1.145458
 2107.000000 1.664601 1.285141
 2108.000000 1.808081 1.246177
 2109.000000 1.658010 1.259282
 2110.000000 1.732927 1.270081
 2111.000000 1.646060 1.267109
 2112.000000 1.715260 1.264211
 2113.000000 1.670565 1.262116
 2114.000000 1.801495 1.232952
 2115.000000 1.863704 1.228361
 2116.000000 1.834856 1.215169
 2117.000000 1.636327 1.292801
 2118.000000 1.726064 1.221609
 2119.000000 1.798059 1.246596
 2120.000000 1.861083 1.267698
 2121.000000 1.779061 1.335947
 2122.000000 1.871091 1.288168
 2123.000000 1.861113 1.292867
 2124.000000 1.906534 1.350218
 2125.000000 1.845264 1.223624
 2126.000000 1.783777 1.233424
 2127.000000 1.790765 1.133371
 2128.000000 1.697459 1.225599
 2129.000000 1.676505 1.228660
 2130.000000 1.821710 1.209468
 2131.000000 1.657573 1.258093
 2132.000000 1.723183 1.252162
 2133.000000 1.743218 1.268931
 2134.000000 1.756885 1.298152
 2135.000000 1.861233 1.228886
 2136.000000 1.791217 1.250703
 2137.000000 1.691075 1.222268
 2138.000000 1.764309 1.293259
 2139.000000 1.713646 1.320426
 2140.000000 1.906270 1.360168
 2141.000000 1.806432 1.260186
 2142.000000 1.739404 1.307467
 2143.000000 1.710156 1.285575
 2144.000000 1.821471 1.260046
 2145.000000 1.717581 1.274218
 2146.000000 1.749718 1.222506
 2147.000000 1.804982 1.345894
 2148.000000 1.831783 1.245793
 2149.000000 1.770826 1.302571
 2150.000000 1.761194 1.320364
 2151.000000 1.842833 1.339874
 2152.000000 1.773968 1.217478
 2153.000000 1.904030 1.352761
 2154.000000 1.702346 1.234097
 2155.000000 1.759381 1.264854
 2156.000000 1.720152 1.298812
 2157.000000 1.728015 1.339447
 2158.000000 1.656821 1.239421
 2159.000000 1.818130 1.177284
 2160.000000 1.683096 1.258203
 2161.000000 1.785364 1.350634
 2162.000000 1.721595 1.295195
 2163.000000 1.751278 1.300391
 2164.000000 1.795341 1.387715
 2165.000000 1.825507 1.363972
 2166.000000 1.719192 1.292263
 2167.000000 1.740290 1.280514
 2168.000000 1.902067 1.275815
 2169.000000 1.777583 1.193537
 2170.000000 1.782066 1.174169
 2171.000000 1.837555 1.144580
 2172.000000 1.843204 1.278445
 2173.000000 1.798274 1.235248
 2174.000000 1.734735 1.288119
 2175.000000 1.805002 1.225402
 2176.000000 1.771428 1.298142
 2177.000000 1.619651 1.273830
 2178.000000 1.711567 1.287943
 2179.000000 1.754032 1.325602
 2180.000000 1.741426 1.286550
 2181.000000 1.740481 1.291770
 2182.000000 1.736781 1.267164
 2183.000000 1.761364 1.274474
 2184.000000 1.662164 1.306350
 2185.000000 1.678968 1.280002
 2186.000000 1.694864 1.288931
 2187.000000 1.824159 1.305998
 2188.000000 1.790815 1.287696
 2189.000000 1.638543 1.251891
 2190.000000 1.719127 1.339292
 2191.000000 1.778197 1.278539
 2192.000000 1.722038 1.303549
 2193.000000 1.800878 1.252181
 2194.000000 1.732799 1.254460
 2195.000000 1.741228 1.266451
 2196.000000 1.641054 1.281179
 2197.000000 1.804807 1.307079
 2198.000000 1.766774 1.270488
 2199.000000 1.788225 1.326024
 2200.000000 1.807718 1.315761
 2201.000000 1.887584 1.326222
 2202.000000 1.755670 1.267265
 2203.000000 1.772012 1.281733
 2204.000000 1.814020 1.291000
 2205.000000 1.763462 1.321811
 2206.000000 1.633808 1.222937
 2207.000000 1.714883 1.298053
 2208.000000 1.771394 1.210481
 2209.000000 1.758363 1.293884
 2210.000000 1.853930 1.339933
 2211.000000 1.722564 1.250579
 2212.000000 1.736855 1.308397
 2213.000000 1.810369 1.283949
 2214.000000 1.782102 1.302509
 2215.000000 1.819936 1.226519
 2216.000000 1.811566 1.289925
 2217.000000 1.686481 1.248399
 2218.000000 1.783826 1.226990
 2219.000000 1.743118 1.241438
 2220.000000 1.700485 1.210749
 2221.000000 1.859061 1.199760
 2222.000000 1.727461 1.277113
 2223.000000 1.792075 1.318077
 2224.000000 1.754316 1.314160
 2225.000000 1.808305 1.284892
 2226.000000 1.786014 1.300991
 2227.000000 1.739034 1.300403
 2228.000000 1.811310 1.297699
 2229.000000 1.775605 1.295051
 2230.000000 1.726133 1.277739
 2231.000000 1.734318 1.340165
 2232.000000 1.796781 1.338547
 2233.000000 1.809660 1.281921
 2234.000000 1.698915 1.292767
 2235.000000 1.779553 1.357726
 2236.000000 1.611295 1.265472
 2237.000000 1.616577 1.259030
 2238.000000 1.797563 1.241012
 2239.000000 1.782972 1.237310
 2240.000000 1.769042 1.183940
 2241.000000 1.790494 1.176090
 2242.000000 1.850634 1.221852
 2243.000000 1.902170 1.258883
 2244.000000 1.757528 1.249027
 2245.000000 1.732791 1.308148
 2246.000000 1.815716 1.269576
 2247.000000 1.843056 1.254818
 2248.000000 1.776568 1.189181
 2249.000000 1.814996 1.178058
 2250.000000 1.839994 1.197826
 2251.000000 1.789348 1.218653
 2252.000000 1.765402 1.187177
 2253.000000 1.716902 1.203387
 2254.000000 1.754265 1.212461
 2255.000000 1.778271 1.242168
 2256.000000 1.847134 1.298679
 2257.000000 1.854968 1.246883
 2258.000000 1.720305 1.188581
 2259.000000 1.772900 1.227366
 2260.000000 1.809305 1.229725
 2261.000000 1.700234 1.218519
 2262.000000 1.964617 1.209322
 2263.000000 1.756024 1.287029
 2264.000000 1.780867 1.222846
 2265.000000 1.818347 1.187789
 2266.000000 1.824911 1.170452
 2267.000000 1.794576 1.195218
 2268.000000 1.747167 1.192917
 2269.000000 1.762281 1.272781
 2270.000000 1.761380 1.263795
 2271.000000 1.687761 1.212339
 2272.000000 1.769927 1.247119
 2273.000000 1.732316 1.262944
 2274.000000 1.730411 1.318135
 2275.000000 1.816988 1.280180
 2276.000000 1.856489 1.221358
 2277.000000 1.767435 1.146658
 2278.000000 1.869047 1.261324
 2279.000000 1.806227 1.197938
 2280.000000 1.967260 1.187782
 2281.000000 1.831615 1.249273
 2282.000000 1.856820 1.233299
 2283.000000 1.742998 1.220853
 2284.000000 1.805232 1.246814
 2285.000000 1.816996 1.208278
 2286.000000 1.807060 1.202946
 2287.000000 1.869380 1.242428
 2288.000000 1.713385 1.181653
 2289.000000 1.817731 1.275472
 2290.000000 1.836536 1.228921
 2291.000000 1.673461 1.256943
 2292.000000 1.895227 1.229554
 2293.000000 1.795123 1.212158
 2294.000000 1.848163 1.238629
 2295.000000 1.736583 1.220209
 2296.000000 1.800666 1.273900
 2297.000000 1.767003 1.231227
 2298.000000 1.900353 1.203756
 2299.000000 1.785094 1.291599
 2300.000000 1.723254 1.266143
 2301.000000 1.769903 1.247418
 2302.000000 1.725584 1.261711
 2303.000000 1.766206 1.270019
 2304.000000 1.749509 1.295042
 2305.000000 1.741457 1.240590
 2306.000000 1.798846 1.217563
 2307.000000 1.819392 1.219031
 2308.000000 1.769304 1.295564
 2309.000000 1.831527 1.347545
 2310.000000 1.796777 1.362764
 2311.000000 1.746872 1.426117
 2312.000000 1.799446 1.374670
 2313.000000 1.789557 1.395049
 2314.000000 1.667102 1.405966
 2315.000000 1.828139 1.255219
 2316.000000 1.711543 1.129618
 2317.000000 1.816611 1.325199
 2318.000000 1.781500 1.312130
 2319.000000 1.770850 1.236878
 2320.000000 1.652985 1.197673
 2321.000000 1.650905 1.114601
 2322.000000 1.714199 1.314333
 2323.000000 1.655228 1.249363
 2324.000000 1.629317 1.183705
 2325.000000 1.770025 1.261238
 2326.000000 1.698369 1.269281
 2327.000000 1.796725 1.210914
 2328.000000 1.735512 1.243019
 2329.000000 1.845494 1.241910
 2330.000000 1.808981 1.215000
 2331.000000 1.824873 1.219721
 2332.000000 1.801589 1.236499
 2333.000000 1.892698 1.297678
 2334.000000 1.816205 1.176196
 2335.000000 1.782738 1.255242
 2336.000000 1.792551 1.218367
 2337.000000 1.803002 1.278029
 2338.000000 1.817360 1.269624
 2339.000000 1.857432 1.197081
 2340.000000 1.784742 1.343828
 2341.000000 1.778251 1.280075
 2342.000000 1.805753 1.291640
 2343.000000 1.699026 1.216443
 2344.000000 1.661739 1.192801
 2345.000000 1.679941 1.264846
 2346.000000 1.764709 1.151894
 2347.000000 1.752354 1.248416
 2348.000000 1.719087 1.190127
 2349.000000 1.847591 1.228207
 2350.000000 1.721439 1.223985
 2351.000000 1.631875 1.244731
 2352.000000 1.656476 1.187078
 2353.000000 1.811996 1.271045
 2354.000000 1.751318 1.289733
 2355.000000 1.753313 1.261299
 2356.000000 1.635678 1.132859
 2357.000000 1.811189 1.296446
 2358.000000 1.709681 1.241205
 2359.000000 1.719901 1.249395
 2360.000000 1.933573 1.243187
 2361.000000 1.771824 1.269948
 2362.000000 1.789017 1.326484
 2363.000000 1.731633 1.249091
 2364.000000 1.688731 1.164877
 2365.000000 1.686258 1.341695
 2366.000000 1.782814 1.248442
 2367.000000 1.756102 1.292766
 2368.000000 1.810632 1.277387
 2369.000000 1.589818 1.284514
 2370.000000 1.739453 1.230710
 2371.000000 1.712796 1.269654
 2372.000000 1.684775 1.282351
 2373.000000 1.723851 1.330226
 2374.000000 1.858692 1.253219
 2375.000000 1.743707 1.290231
 2376.000000 1.786787 1.228746
 2377.000000 1.857453 1.267520
 2378.000000 1.745039 1.158174
 2379.000000 1.852596 1.251001
 2380.000000 1.784204 1.367475
 2381.000000 1.849599 1.326591
 2382.000000 1.764663 1.243452
 2383.000000 1.745489 1.225836
 2384.000000 1.803323 1.201762
 2385.000000 1.640031 1.257093
 2386.000000 1.766487 1.223218
 2387.000000 1.781218 1.158127
 2388.000000 1.709597 1.164445
 2389.000000 1.693524 1.161195
 2390.000000 1.761949 1.218980
 2391.000000 1.754616 1.260647
 2392.000000 1.787012 1.277491
 2393.000000 1.724750 1.263544
 2394.000000 1.761710 1.205090
 2395.000000 1.720587 1.231815
 2396.000000 1.762959 1.192136
 2397.000000 1.725295 1.209092
 2398.000000 1.848007 1.186330
 2399.000000 1.659594 1.268201
 2400.000000 1.755359 1.251544
 2401.000000 1.757985 1.331632
 2402.000000 1.754822 1.186940
 2403.000000 1.681333 1.205086
 2404.000000 1.720211 1.189269
 2405.000000 1.776331 1.259844
 2406.000000 1.720080 1.182296
 2407.000000 1.745326 1.218878
 2408.000000 1.737218 1.219072
 2409.000000 1.722781 1.285478
 2410.000000 1.696770 1.177507
 2411.000000 1.823890 1.191664
 2412.000000 1.753639 1.210116
 2413.000000 1.756807 1.184095
 2414.000000 1.786258 1.216823
 2415.000000 1.807948 1.209454
 2416.000000 1.771614 1.117758
 2417.000000 1.774153 1.189222
 2418.000000 1.762674 1.269790
 2419.000000 1.830753 1.208727
 2420.000000 1.767463 1.239006
 2421.000000 1.807059 1.235319
 2422.000000 1.772774 1.284606
 2423.000000 1.717378 1.190161
 2424.000000 1.839144 1.301227
 2425.000000 1.873180 1.249842
 2426.000000 1.726356 1.184982
 2427.000000 1.847235 1.247175
 2428.000000 1.735055 1.214576
 2429.000000 1.730881 1.350125
 2430.000000 1.869298 1.218038
 2431.000000 1.816211 1.225374
 2432.000000 1.839603 1.216151
 2433.000000 1.808509 1.299550
 2434.000000 1.809748 1.325774
 2435.000000 1.833149 1.170220
 2436.000000 1.906727 1.220200
 2437.000000 1.816109 1.250377
 2438.000000 1.762581 1.270751
 2439.000000 1.620706 1.258694
 2440.000000 1.845442 1.240447
 2441.000000 1.849502 1.257775
 2442.000000 1.721436 1.239280
 2443.000000 1.785926 1.242562
 2444.000000 1.818565 1.384547
 2445.000000 1.751747 1.191954
 2446.000000 1.836025 1.308291
 2447.000000 1.739830 1.257628
 2448.000000 1.796657 1.253637
 2449.000000 1.713143 1.313379
 2450.000000 1.730055 1.209190
 2451.000000 1.763486 1.220145
 2452.000000 1.703694 1.231287
 2453.000000 1.641707 1.348565
 2454.000000 1.707448 1.385125
 2455.000000 1.674582 1.254005
 2456.000000 1.852683 1.240382
 2457.000000 1.878961 1.222411
 2458.000000 1.704621 1.241779
 2459.000000 1.834028 1.419461
 2460.000000 1.737910 1.304598
 2461.000000 1.780379 1.203927
 2462.000000 1.751972 1.234368
 2463.000000 1.841164 1.330435
 2464.000000 1.778410 1.282930
 2465.000000 1.665288 1.161056
 2466.000000 1.890768 1.184341
 2467.000000 1.783163 1.322780
 2468.000000 1.799740 1.224267
 2469.000000 1.814800 1.285678
 2470.000000 1.819975 1.242186
 2471.000000 1.887576 1.312057
 2472.000000 1.929222 1.257911
 2473.000000 1.832353 1.211585
 2474.000000 1.876278 1.242052
 2475.000000 1.792407 1.243738
 2476.000000 1.795361 1.235223
 2477.000000 1.753169 1.229425
 2478.000000 1.801202 1.264918
 2479.000000 1.827814 1.189321
 2480.000000 1.769754 1.180499
 2481.000000 1.853195 1.239199
 2482.000000 1.670826 1.307822
 2483.000000 1.813410 1.226325
 2484.000000 1.852085 1.303847
 2485.000000 1.821470 1.271182
 2486.000000 1.743652 1.124234
 2487.000000 1.820225 1.268947
 2488.000000 1.925291 1.241240
 2489.000000 1.823048 1.200068
 2490.000000 1.880989 1.221211
 2491.000000 1.934151 1.184956
 2492.000000 1.774901 1.189083
 2493.000000 1.852407 1.208248
 2494.000000 1.978228 1.230627
 2495.000000 1.863144 1.225740
 2496.000000 1.828491 1.184512
 2497.000000 1.777960 1.123533
 2498.000000 1.793240 1.270664
 2499.000000 1.726694 1.248713
 2500.000000 1.817446 1.268842
