#! FIELDS time pd_137_140 diff
 0.000000 1.936137 -1.607214
 1.000000 2.236113 -1.256493
 2.000000 2.437744 -1.325759
 3.000000 2.383821 -1.224707
 4.000000 2.336699 -1.284423
 5.000000 2.419527 -1.343742
 6.000000 2.405884 -1.219311
 7.000000 2.458451 -1.388812
 8.000000 2.315849 -1.379848
 9.000000 2.281360 -1.169158
 10.000000 2.338239 -1.247369
 11.000000 2.430402 -1.241884
 12.000000 2.466816 -1.211466
 13.000000 2.360760 -1.159820
 14.000000 2.437720 -1.307749
 15.000000 2.415111 -1.302677
 16.000000 2.261358 -1.329258
 17.000000 2.259856 -1.237411
 18.000000 2.310962 -1.281425
 19.000000 2.272862 -1.228115
 20.000000 2.288760 -1.167590
 21.000000 2.291990 -1.319058
 22.000000 2.253737 -1.167959
 23.000000 2.339417 -1.267639
 24.000000 2.378786 -1.227692
 25.000000 2.464783 -1.156327
 26.000000 2.555716 -1.331112
 27.000000 2.360138 -1.366720
 28.000000 2.379017 -1.294037
 29.000000 2.379584 -1.314430
 30.000000 2.427500 -1.262283
 31.000000 2.418602 -1.228821
 32.000000 2.367769 -1.194060
 33.000000 2.450944 -1.122394
 34.000000 2.457670 -1.266764
 35.000000 2.319272 -1.272607
 36.000000 2.464926 -1.261354
 37.000000 2.431185 -1.216998
 38.000000 2.439372 -1.199611
 39.000000 2.370619 -1.129800
 40.000000 2.518801 -1.200002
 41.000000 2.406544 -1.164004
 42.000000 2.521291 -1.161155
 43.000000 2.476173 -1.331284
 44.000000 2.371028 -1.082667
 45.000000 2.461949 -1.201757
 46.000000 2.540507 -1.248119
 47.000000 2.379190 -1.286964
 48.000000 2.436860 -1.269807
 49.000000 2.317394 -1.230348
 50.000000 2.421951 -1.201093
 51.000000 2.326568 -1.245293
 52.000000 2.357379 -1.291925
 53.000000 2.289698 -1.305580
 54.000000 2.323180 -1.147067
 55.000000 2.393470 -1.297963
 56.000000 2.377076 -1.338926
 57.000000 2.256808 -1.293073
 58.000000 2.407705 -1.216498
 59.000000 2.417339 -1.232470
 60.000000 2.439029 -1.244160
 61.000000 2.391042 -1.142579
 62.000000 2.390123 -1.231320
 63.000000 2.412334 -1.192483
 64.000000 2.427141 -1.168335
 65.000000 2.327006 -1.267867
 66.000000 2.424244 -1.202109
 67.000000 2.304560 -1.269264
 68.000000 2.406327 -1.316283
 69.000000 2.322868 -1.226078
 70.000000 2.195079 -1.213861
 71.000000 2.255127 -1.253393
 72.000000 2.391617 -1.276108
 73.000000 2.327511 -1.304723
 74.000000 2.339041 -1.165160
 75.000000 2.409894 -1.315519
 76.000000 2.308291 -1.197121
 77.000000 2.358344 -1.196459
 78.000000 2.413428 -1.248558
 79.000000 2.378258 -1.282128
 80.000000 2.319169 -1.292069
 81.000000 2.347730 -1.203789
 82.000000 2.439911 -1.221188
 83.000000 2.395806 -1.248915
 84.000000 2.403027 -1.210335
 85.000000 2.379931 -1.304201
 86.000000 2.367895 -1.173252
 87.000000 2.475839 -1.196532
 88.000000 2.344786 -1.195382
 89.000000 2.462393 -1.256444
 90.000000 2.394514 -1.195792
 91.000000 2.430051 -1.243533
 92.000000 2.357986 -1.262238
 93.000000 2.352986 -1.209959
 94.000000 2.456095 -1.246794
 95.000000 2.493283 -1.247319
 96.000000 2.353825 -1.289270
 97.000000 2.320010 -1.224973
 98.000000 2.410657 -1.378575
 99.000000 2.390430 -1.314444
 100.000000 2.436812 -1.233999
 101.000000 2.401653 -1.266935
 102.000000 2.380401 -1.301220
 103.000000 2.432630 -1.337197
 104.000000 2.416705 -1.271976
 105.000000 2.546884 -1.325507
 106.000000 2.319375 -1.168515
 107.000000 2.484804 -1.289122
 108.000000 2.586132 -1.287667
 109.000000 2.402091 -1.263156
 110.000000 2.467675 -1.213350
 111.000000 2.395378 -1.253084
 112.000000 2.478147 -1.178579
 113.000000 2.421969 -1.295590
 114.000000 2.345020 -1.235445
 115.000000 2.383468 -1.296134
 116.000000 2.300762 -1.220003
 117.000000 2.477714 -1.148743
 118.000000 2.287525 -1.191750
 119.000000 2.393264 -1.196510
 120.000000 2.274724 -1.291343
 121.000000 2.470394 -1.305839
 122.000000 2.448637 -1.263901
 123.000000 2.335340 -1.189495
 124.000000 2.385910 -1.245435
 125.000000 2.367263 -1.235346
 126.000000 2.377142 -1.273399
 127.000000 2.327302 -1.331560
 128.000000 2.367508 -1.264845
 129.000000 2.348859 -1.299529
 130.000000 2.307431 -1.309831
 131.000000 2.403735 -1.150103
 132.000000 2.359530 -1.215869
 133.000000 2.412104 -1.282572
 134.000000 2.411776 -1.220082
 135.000000 2.429600 -1.160947
 136.000000 2.427266 -1.259742
 137.000000 2.432414 -1.256999
 138.000000 2.453073 -1.193421
 139.000000 2.460350 -1.240319
 140.000000 2.412323 -1.229322
 141.000000 2.473179 -1.313125
 142.000000 2.432986 -1.302201
 143.000000 2.500162 -1.282477
 144.000000 2.379709 -1.287440
 145.000000 2.378172 -1.289204
 146.000000 2.391413 -1.243938
 147.000000 2.505937 -1.273266
 148.000000 2.375552 -1.306262
 149.000000 2.415383 -1.283458
 150.000000 2.421535 -1.246562
 151.000000 2.394722 -1.265751
 152.000000 2.387114 -1.322613
 153.000000 2.424117 -1.197551
 154.000000 2.391030 -1.177657
 155.000000 2.261086 -1.342126
 156.000000 2.398290 -1.349545
 157.000000 2.461464 -1.313079
 158.000000 2.441065 -1.288776
 159.000000 2.292280 -1.225716
 160.000000 2.364411 -1.313405
 161.000000 2.407135 -1.196697
 162.000000 2.415107 -1.267426
 163.000000 2.373250 -1.286008
 164.000000 2.342908 -1.202484
 165.000000 2.348915 -1.266141
 166.000000 2.298585 -1.275488
 167.000000 2.330236 -1.341244
 168.000000 2.417040 -1.202867
 169.000000 2.260787 -1.266893
 170.000000 2.461211 -1.263365
 171.000000 2.284634 -1.265183
 172.000000 2.376635 -1.227784
 173.000000 2.520163 -1.312949
 174.000000 2.382339 -1.302947
 175.000000 2.302272 -1.239187
 176.000000 2.452264 -1.249525
 177.000000 2.447697 -1.303648
 178.000000 2.325945 -1.268905
 179.000000 2.495890 -1.325897
 180.000000 2.376413 -1.288280
 181.000000 2.389237 -1.241814
 182.000000 2.421779 -1.369833
 183.000000 2.395674 -1.298311
 184.000000 2.414720 -1.328878
 185.000000 2.365943 -1.283181
 186.000000 2.444716 -1.310276
 187.000000 2.375678 -1.400927
 188.000000 2.303445 -1.355895
 189.000000 2.356286 -1.358862
 190.000000 2.394908 -1.304390
 191.000000 2.439707 -1.266902
 192.000000 2.394541 -1.361641
 193.000000 2.400354 -1.280644
 194.000000 2.445284 -1.314060
 195.000000 2.400069 -1.246105
 196.000000 2.410294 -1.244013
 197.000000 2.334289 -1.198908
 198.000000 2.324462 -1.272845
 199.000000 2.370535 -1.213248
 200.000000 2.428876 -1.268541
 201.000000 2.475556 -1.262790
 202.000000 2.444415 -1.271424
 203.000000 2.362340 -1.304581
 204.000000 2.387272 -1.234962
 205.000000 2.392976 -1.170396
 206.000000 2.355173 -1.162542
 207.000000 2.403310 -1.294856
 208.000000 2.259054 -1.280427
 209.000000 2.442077 -1.239991
 210.000000 2.423071 -1.256383
 211.000000 2.224674 -1.289829
 212.000000 2.310423 -1.324858
 213.000000 2.523055 -1.290202
 214.000000 2.415574 -1.331798
 215.000000 2.347146 -1.304944
 216.000000 2.415238 -1.264064
 217.000000 2.461467 -1.235258
 218.000000 2.472775 -1.240951
 219.000000 2.389851 -1.362287
 220.000000 2.384410 -1.284348
 221.000000 2.384653 -1.255086
 222.000000 2.446401 -1.222691
 223.000000 2.409805 -1.267179
 224.000000 2.395703 -1.280291
 225.000000 2.379593 -1.369198
 226.000000 2.369704 -1.280633
 227.000000 2.379276 -1.252785
 228.000000 2.374422 -1.235913
 229.000000 2.408469 -1.342453
 230.000000 2.411500 -1.257625
 231.000000 2.372709 -1.349636
 232.000000 2.302834 -1.243622
 233.000000 2.310450 -1.278057
 234.000000 2.520153 -1.231074
 235.000000 2.367267 -1.267978
 236.000000 2.471067 -1.220192
 237.000000 2.335559 -1.307041
 238.000000 2.254062 -1.257217
 239.000000 2.456239 -1.291037
 240.000000 2.435361 -1.317261
 241.000000 2.329511 -1.207512
 242.000000 2.347278 -1.267057
 243.000000 2.379786 -1.317524
 244.000000 2.341158 -1.293040
 245.000000 2.451976 -1.243619
 246.000000 2.339543 -1.256343
 247.000000 2.321099 -1.306431
 248.000000 2.365594 -1.333320
 249.000000 2.549307 -1.237697
 250.000000 2.334193 -1.300548
 251.000000 2.374041 -1.236242
 252.000000 2.385802 -1.298386
 253.000000 2.450934 -1.236316
 254.000000 2.429638 -1.251067
 255.000000 2.424885 -1.304138
 256.000000 2.430544 -1.210749
 257.000000 2.380811 -1.225245
 258.000000 2.425367 -1.246004
 259.000000 2.429592 -1.240169
 260.000000 2.302673 -1.334803
 261.000000 2.439406 -1.298406
 262.000000 2.285709 -1.268928
 263.000000 2.328070 -1.218103
 264.000000 2.363500 -1.309527
 265.000000 2.414402 -1.342172
 266.000000 2.392002 -1.246423
 267.000000 2.391451 -1.298426
 268.000000 2.336576 -1.307415
 269.000000 2.335016 -1.248305
 270.000000 2.436888 -1.303013
 271.000000 2.314430 -1.298968
 272.000000 2.408374 -1.294205
 273.000000 2.265510 -1.251461
 274.000000 2.436153 -1.325047
 275.000000 2.338478 -1.211301
 276.000000 2.328558 -1.161794
 277.000000 2.228494 -1.221115
 278.000000 2.405801 -1.284093
 279.000000 2.362610 -1.341407
 280.000000 2.385695 -1.409845
 281.000000 2.388999 -1.340640
 282.000000 2.338708 -1.367626
 283.000000 2.421148 -1.359194
 284.000000 2.351056 -1.432996
 285.000000 2.337949 -1.311630
 286.000000 2.462156 -1.335435
 287.000000 2.526023 -1.367132
 288.000000 2.402671 -1.334959
 289.000000 2.340242 -1.376902
 290.000000 2.404307 -1.252505
 291.000000 2.394595 -1.262383
 292.000000 2.340859 -1.342489
 293.000000 2.352753 -1.325793
 294.000000 2.380770 -1.211179
 295.000000 2.292949 -1.176405
 296.000000 2.295601 -1.286740
 297.000000 2.267163 -1.348151
 298.000000 2.380605 -1.312734
 299.000000 2.332373 -1.277168
 300.000000 2.316418 -1.310732
 301.000000 2.358411 -1.342048
 302.000000 2.449781 -1.369831
 303.000000 2.410471 -1.274229
 304.000000 2.306241 -1.314792
 305.000000 2.421651 -1.318820
 306.000000 2.357189 -1.300314
 307.000000 2.347768 -1.230513
 308.000000 2.347700 -1.137057
 309.000000 2.292469 -1.229753
 310.000000 2.444694 -1.214142
 311.000000 2.477102 -1.334607
 312.000000 2.497089 -1.189907
 313.000000 2.428607 -1.223984
 314.000000 2.376475 -1.273187
 315.000000 2.501724 -1.296317
 316.000000 2.319559 -1.201334
 317.000000 2.442283 -1.259688
 318.000000 2.424991 -1.239574
 319.000000 2.467830 -1.250900
 320.000000 2.297864 -1.362471
 321.000000 2.441563 -1.364994
 322.000000 2.456117 -1.301214
 323.000000 2.422062 -1.241621
 324.000000 2.414720 -1.308083
 325.000000 2.472062 -1.342970
 326.000000 2.497767 -1.271461
 327.000000 2.311356 -1.243151
 328.000000 2.521207 -1.320029
 329.000000 2.325858 -1.232516
 330.000000 2.385090 -1.213625
 331.000000 2.424210 -1.300196
 332.000000 2.427381 -1.161604
 333.000000 2.411103 -1.286326
 334.000000 2.417387 -1.318795
 335.000000 2.256569 -1.336049
 336.000000 2.352105 -1.180592
 337.000000 2.400408 -1.254442
 338.000000 2.380583 -1.218852
 339.000000 2.331084 -1.302597
 340.000000 2.317206 -1.336311
 341.000000 2.376227 -1.304217
 342.000000 2.348034 -1.200448
 343.000000 2.225213 -1.319288
 344.000000 2.300868 -1.254673
 345.000000 2.388473 -1.255137
 346.000000 2.410791 -1.272845
 347.000000 2.350885 -1.285822
 348.000000 2.380255 -1.304140
 349.000000 2.420015 -1.343365
 350.000000 2.358173 -1.318955
 351.000000 2.358687 -1.269721
 352.000000 2.323776 -1.295901
 353.000000 2.366232 -1.299863
 354.000000 2.340514 -1.335227
 355.000000 2.377516 -1.237422
 356.000000 2.397592 -1.277941
 357.000000 2.285574 -1.346807
 358.000000 2.408888 -1.220269
 359.000000 2.384052 -1.238726
 360.000000 2.363626 -1.256409
 361.000000 2.419691 -1.349684
 362.000000 2.309803 -1.225086
 363.000000 2.320456 -1.232356
 364.000000 2.406629 -1.342751
 365.000000 2.364255 -1.250563
 366.000000 2.341604 -1.318602
 367.000000 2.321783 -1.336988
 368.000000 2.300069 -1.223092
 369.000000 2.251860 -1.263151
 370.000000 2.380453 -1.275795
 371.000000 2.282017 -1.179433
 372.000000 2.331725 -1.339196
 373.000000 2.426151 -1.322640
 374.000000 2.296316 -1.217981
 375.000000 2.435884 -1.262931
 376.000000 2.410890 -1.235756
 377.000000 2.248585 -1.300112
 378.000000 2.453658 -1.325931
 379.000000 2.330112 -1.272775
 380.000000 2.139867 -1.221706
 381.000000 2.270307 -1.273956
 382.000000 2.308825 -1.283722
 383.000000 2.344282 -1.313339
 384.000000 2.349351 -1.265522
 385.000000 2.372581 -1.203586
 386.000000 2.327212 -1.282842
 387.000000 2.355535 -1.391464
 388.000000 2.331263 -1.277424
 389.000000 2.354131 -1.401517
 390.000000 2.336340 -1.316800
 391.000000 2.374356 -1.328338
 392.000000 2.328961 -1.363684
 393.000000 2.366536 -1.355237
 394.000000 2.449903 -1.263309
 395.000000 2.315447 -1.238048
 396.000000 2.266060 -1.221948
 397.000000 2.355220 -1.163124
 398.000000 2.401186 -1.288932
 399.000000 2.361885 -1.289378
 400.000000 2.378787 -1.207099
 401.000000 2.306668 -1.321880
 402.000000 2.397692 -1.294444
 403.000000 2.457007 -1.275079
 404.000000 2.537644 -1.250496
 405.000000 2.464630 -1.251547
 406.000000 2.446133 -1.302894
 407.000000 2.485141 -1.142775
 408.000000 2.483331 -1.282480
 409.000000 2.422907 -1.317196
 410.000000 2.382104 -1.278437
 411.000000 2.389165 -1.264213
 412.000000 2.385412 -1.277277
 413.000000 2.346666 -1.295842
 414.000000 2.426187 -1.253315
 415.000000 2.315304 -1.244847
 416.000000 2.313908 -1.301902
 417.000000 2.382720 -1.245582
 418.000000 2.466121 -1.223457
 419.000000 2.306856 -1.264797
 420.000000 2.391496 -1.229712
 421.000000 2.315111 -1.225501
 422.000000 2.466281 -1.226780
 423.000000 2.378167 -1.180983
 424.000000 2.451446 -1.278405
 425.000000 2.412535 -1.215856
 426.000000 2.410632 -1.193319
 427.000000 2.378804 -1.330386
 428.000000 2.336065 -1.295351
 429.000000 2.290985 -1.269643
 430.000000 2.503290 -1.169787
 431.000000 2.458870 -1.250818
 432.000000 2.524875 -1.234352
 433.000000 2.465938 -1.236569
 434.000000 2.416873 -1.294913
 435.000000 2.515926 -1.241824
 436.000000 2.384438 -1.311756
 437.000000 2.422307 -1.319374
 438.000000 2.411988 -1.296667
 439.000000 2.434469 -1.242208
 440.000000 2.407239 -1.239303
 441.000000 2.318013 -1.287288
 442.000000 2.385472 -1.279946
 443.000000 2.417931 -1.230897
 444.000000 2.416032 -1.253613
 445.000000 2.437199 -1.293438
 446.000000 2.463995 -1.218970
 447.000000 2.395402 -1.272574
 448.000000 2.412604 -1.200946
 449.000000 2.244402 -1.184716
 450.000000 2.347185 -1.336097
 451.000000 2.473669 -1.263790
 452.000000 2.423595 -1.168748
 453.000000 2.291785 -1.258045
 454.000000 2.514540 -1.244171
 455.000000 2.403142 -1.252124
 456.000000 2.416577 -1.298659
 457.000000 2.416386 -1.334349
 458.000000 2.446671 -1.328428
 459.000000 2.431893 -1.296147
 460.000000 2.354829 -1.285219
 461.000000 2.345640 -1.236128
 462.000000 2.399103 -1.157027
 463.000000 2.445951 -1.221477
 464.000000 2.406861 -1.332406
 465.000000 2.403990 -1.298456
 466.000000 2.353824 -1.292730
 467.000000 2.277333 -1.263377
 468.000000 2.373013 -1.300539
 469.000000 2.446213 -1.258524
 470.000000 2.356325 -1.223507
 471.000000 2.330839 -1.258419
 472.000000 2.507340 -1.221503
 473.000000 2.379916 -1.248864
 474.000000 2.452400 -1.236978
 475.000000 2.422360 -1.152681
 476.000000 2.395950 -1.261151
 477.000000 2.375204 -1.263309
 478.000000 2.319096 -1.249929
 479.000000 2.359527 -1.237961
 480.000000 2.438925 -1.289777
 481.000000 2.424152 -1.303765
 482.000000 2.349899 -1.317542
 483.000000 2.313438 -1.269482
 484.000000 2.373851 -1.270855
 485.000000 2.363302 -1.199025
 486.000000 2.424506 -1.335075
 487.000000 2.321755 -1.281173
 488.000000 2.407877 -1.360758
 489.000000 2.363776 -1.285853
 490.000000 2.428259 -1.314162
 491.000000 2.388294 -1.289443
 492.000000 2.362652 -1.259402
 493.000000 2.310207 -1.295493
 494.000000 2.397411 -1.224919
 495.000000 2.445639 -1.198399
 496.000000 2.361996 -1.202629
 497.000000 2.367791 -1.215010
 498.000000 2.426683 -1.181618
 499.000000 2.344494 -1.215495
 500.000000 2.349442 -1.223257
 501.000000 2.367424 -1.253008
 502.000000 2.279834 -1.246293
 503.000000 2.403139 -1.212928
 504.000000 2.450201 -1.202547
 505.000000 2.304078 -1.223085
 506.000000 2.396263 -1.153852
 507.000000 2.366868 -1.233632
 508.000000 2.378000 -1.303937
 509.000000 2.297086 -1.172979
 510.000000 2.362022 -1.235246
 511.000000 2.292873 -1.172055
 512.000000 2.370980 -1.216160
 513.000000 2.336119 -1.194327
 514.000000 2.309847 -1.168845
 515.000000 2.300731 -1.248892
 516.000000 2.345860 -1.205010
 517.000000 2.319461 -1.262508
 518.000000 2.315539 -1.249431
 519.000000 2.384638 -1.217149
 520.000000 2.307786 -1.162115
 521.000000 2.325202 -1.192304
 522.000000 2.432474 -1.161383
 523.000000 2.416229 -1.154278
 524.000000 2.304406 -1.186815
 525.000000 2.367321 -1.197879
 526.000000 2.325253 -1.259294
 527.000000 2.387564 -1.229612
 528.000000 2.330917 -1.265213
 529.000000 2.470119 -1.177581
 530.000000 2.439264 -1.137900
 531.000000 2.308940 -1.170625
 532.000000 2.380246 -1.172428
 533.000000 2.478304 -1.171402
 534.000000 2.415457 -1.234571
 535.000000 2.473795 -1.222656
 536.000000 2.384757 -1.268690
 537.000000 2.404517 -1.224370
 538.000000 2.491586 -1.273933
 539.000000 2.339114 -1.265012
 540.000000 2.571554 -1.235233
 541.000000 2.430950 -1.271155
 542.000000 2.508228 -1.302861
 543.000000 2.395401 -1.300348
 544.000000 2.508759 -1.269844
 545.000000 2.403615 -1.260617
 546.000000 2.439230 -1.281000
 547.000000 2.487022 -1.238655
 548.000000 2.390637 -1.311010
 549.000000 2.348045 -1.276286
 550.000000 2.396084 -1.319084
 551.000000 2.411737 -1.200008
 552.000000 2.487880 -1.207688
 553.000000 2.376659 -1.110231
 554.000000 2.463454 -1.201118
 555.000000 2.418755 -1.284641
 556.000000 2.292342 -1.300680
 557.000000 2.360795 -1.269545
 558.000000 2.511350 -1.282858
 559.000000 2.419982 -1.247705
 560.000000 2.341548 -1.147254
 561.000000 2.308622 -1.264836
 562.000000 2.303726 -1.290529
 563.000000 2.420288 -1.273599
 564.000000 2.493823 -1.253499
 565.000000 2.416043 -1.185276
 566.000000 2.534297 -1.273337
 567.000000 2.333515 -1.203745
 568.000000 2.327042 -1.196296
 569.000000 2.366400 -1.188711
 570.000000 2.384722 -1.158989
 571.000000 2.447636 -1.166505
 572.000000 2.323479 -1.273869
 573.000000 2.431248 -1.172848
 574.000000 2.439081 -1.254033
 575.000000 2.379834 -1.239985
 576.000000 2.430264 -1.191419
 577.000000 2.442827 -1.183791
 578.000000 2.321309 -1.280862
 579.000000 2.381401 -1.244076
 580.000000 2.336359 -1.315688
 581.000000 2.513646 -1.255208
 582.000000 2.493747 -1.218761
 583.000000 2.461417 -1.199662
 584.000000 2.473966 -1.268329
 585.000000 2.369343 -1.248234
 586.000000 2.389240 -1.179334
 587.000000 2.441929 -1.198534
 588.000000 2.304830 -1.156207
 589.000000 2.398227 -1.300053
 590.000000 2.389812 -1.249312
 591.000000 2.423814 -1.259180
 592.000000 2.237936 -1.239082
 593.000000 2.298114 -1.169086
 594.000000 2.417616 -1.313869
 595.000000 2.403707 -1.304411
 596.000000 2.356603 -1.324561
 597.000000 2.335851 -1.266321
 598.000000 2.339138 -1.229561
 599.000000 2.273492 -1.294306
 600.000000 2.436037 -1.329117
 601.000000 2.406970 -1.175550
 602.000000 2.372245 -1.245289
 603.000000 2.425313 -1.277023
 604.000000 2.363850 -1.354140
 605.000000 2.405808 -1.180764
 606.000000 2.451264 -1.214288
 607.000000 2.389338 -1.290579
 608.000000 2.288079 -1.273434
 609.000000 2.437880 -1.257689
 610.000000 2.387202 -1.220798
 611.000000 2.447130 -1.380570
 612.000000 2.376014 -1.322868
 613.000000 2.365964 -1.243987
 614.000000 2.362422 -1.232206
 615.000000 2.329355 -1.247515
 616.000000 2.334086 -1.319423
 617.000000 2.313123 -1.253914
 618.000000 2.446015 -1.280130
 619.000000 2.449529 -1.218610
 620.000000 2.383618 -1.143063
 621.000000 2.360543 -1.194593
 622.000000 2.386355 -1.220341
 623.000000 2.245265 -1.211280
 624.000000 2.339519 -1.209806
 625.000000 2.347775 -1.173599
 626.000000 2.382378 -1.248743
 627.000000 2.455573 -1.299591
 628.000000 2.357595 -1.252935
 629.000000 2.368100 -1.288565
 630.000000 2.362100 -1.280720
 631.000000 2.411820 -1.234145
 632.000000 2.454805 -1.250433
 633.000000 2.527157 -1.244060
 634.000000 2.543641 -1.333105
 635.000000 2.418179 -1.310688
 636.000000 2.338545 -1.344675
 637.000000 2.336596 -1.355524
 638.000000 2.352170 -1.367466
 639.000000 2.324897 -1.279709
 640.000000 2.340688 -1.357049
 641.000000 2.345752 -1.349335
 642.000000 2.389827 -1.308936
 643.000000 2.368828 -1.254171
 644.000000 2.437564 -1.322380
 645.000000 2.417951 -1.308685
 646.000000 2.404039 -1.308627
 647.000000 2.463751 -1.324822
 648.000000 2.359703 -1.401273
 649.000000 2.355049 -1.300862
 650.000000 2.440451 -1.334733
 651.000000 2.351309 -1.216391
 652.000000 2.406630 -1.232547
 653.000000 2.452594 -1.214472
 654.000000 2.475372 -1.143173
 655.000000 2.337049 -1.228743
 656.000000 2.406993 -1.238914
 657.000000 2.340112 -1.307501
 658.000000 2.471850 -1.366832
 659.000000 2.433209 -1.277150
 660.000000 2.330939 -1.179354
 661.000000 2.359415 -1.180348
 662.000000 2.383923 -1.278801
 663.000000 2.421944 -1.231831
 664.000000 2.434249 -1.294825
 665.000000 2.468372 -1.301133
 666.000000 2.444769 -1.185624
 667.000000 2.399180 -1.262176
 668.000000 2.432359 -1.255546
 669.000000 2.431129 -1.277259
 670.000000 2.344956 -1.257549
 671.000000 2.362142 -1.264819
 672.000000 2.449745 -1.232827
 673.000000 2.251998 -1.188285
 674.000000 2.513365 -1.205870
 675.000000 2.471919 -1.300250
 676.000000 2.349874 -1.290900
 677.000000 2.398950 -1.253422
 678.000000 2.336672 -1.380070
 679.000000 2.385315 -1.104994
 680.000000 2.289391 -1.272849
 681.000000 2.427251 -1.240604
 682.000000 2.360438 -1.260990
 683.000000 2.355788 -1.119075
 684.000000 2.401730 -1.170661
 685.000000 2.433012 -1.171906
 686.000000 2.276009 -1.270121
 687.000000 2.301538 -1.257170
 688.000000 2.406575 -1.283136
 689.000000 2.395050 -1.324675
 690.000000 2.432205 -1.141756
 691.000000 2.267460 -1.227936
 692.000000 2.472158 -1.203118
 693.000000 2.358826 -1.260210
 694.000000 2.336562 -1.179374
 695.000000 2.290415 -1.251809
 696.000000 2.447445 -1.196012
 697.000000 2.320975 -1.324198
 698.000000 2.253007 -1.219171
 699.000000 2.485639 -1.320817
 700.000000 2.472311 -1.255249
 701.000000 2.375939 -1.151235
 702.000000 2.453995 -1.243101
 703.000000 2.377067 -1.245109
 704.000000 2.373707 -1.254531
 705.000000 2.340215 -1.227513
 706.000000 2.373981 -1.215620
 707.000000 2.328691 -1.270870
 708.000000 2.426463 -1.244281
 709.000000 2.341032 -1.271495
 710.000000 2.417642 -1.280710
 711.000000 2.355735 -1.198312
 712.000000 2.421978 -1.258767
 713.000000 2.454532 -1.288768
 714.000000 2.358663 -1.241362
 715.000000 2.397679 -1.265496
 716.000000 2.392465 -1.238623
 717.000000 2.432109 -1.269984
 718.000000 2.420346 -1.282094
 719.000000 2.338335 -1.270919
 720.000000 2.515700 -1.246174
 721.000000 2.412065 -1.308942
 722.000000 2.450176 -1.278057
 723.000000 2.354462 -1.304886
 724.000000 2.494670 -1.215874
 725.000000 2.380210 -1.289482
 726.000000 2.417080 -1.233238
 727.000000 2.344873 -1.286009
 728.000000 2.416419 -1.266706
 729.000000 2.418894 -1.254296
 730.000000 2.370913 -1.240183
 731.000000 2.383069 -1.253470
 732.000000 2.488595 -1.198905
 733.000000 2.345608 -1.149213
 734.000000 2.438212 -1.239588
 735.000000 2.398994 -1.156939
 736.000000 2.382427 -1.209557
 737.000000 2.535285 -1.245479
 738.000000 2.554269 -1.294389
 739.000000 2.502532 -1.259680
 740.000000 2.383046 -1.288631
 741.000000 2.466328 -1.299715
 742.000000 2.506549 -1.249998
 743.000000 2.350538 -1.205199
 744.000000 2.464320 -1.310825
 745.000000 2.437408 -1.250886
 746.000000 2.500903 -1.287242
 747.000000 2.374858 -1.287059
 748.000000 2.309880 -1.291240
 749.000000 2.460228 -1.424030
 750.000000 2.267788 -1.334311
 751.000000 2.536300 -1.288789
 752.000000 2.367816 -1.272844
 753.000000 2.452224 -1.277495
 754.000000 2.468658 -1.208199
 755.000000 2.359012 -1.366219
 756.000000 2.308328 -1.184618
 757.000000 2.493797 -1.185905
 758.000000 2.493572 -1.195553
 759.000000 2.549406 -1.300103
 760.000000 2.519168 -1.224254
 761.000000 2.507584 -1.324947
 762.000000 2.408945 -1.242704
 763.000000 2.498769 -1.216668
 764.000000 2.466992 -1.181392
 765.000000 2.414131 -1.286096
 766.000000 2.466164 -1.263634
 767.000000 2.473220 -1.283563
 768.000000 2.493623 -1.231044
 769.000000 2.530597 -1.330077
 770.000000 2.349506 -1.245311
 771.000000 2.469624 -1.262438
 772.000000 2.454738 -1.316044
 773.000000 2.301582 -1.223320
 774.000000 2.463973 -1.222230
 775.000000 2.374186 -1.270180
 776.000000 2.316341 -1.255687
 777.000000 2.445931 -1.231750
 778.000000 2.409639 -1.225190
 779.000000 2.382071 -1.241367
 780.000000 2.321793 -1.248606
 781.000000 2.412776 -1.233165
 782.000000 2.296960 -1.242568
 783.000000 2.462500 -1.253609
 784.000000 2.222755 -1.176863
 785.000000 2.366663 -1.155400
 786.000000 2.356439 -1.211971
 787.000000 2.218982 -1.257508
 788.000000 2.323541 -1.215879
 789.000000 2.341530 -1.248186
 790.000000 2.317571 -1.245933
 791.000000 2.416207 -1.209881
 792.000000 2.441513 -1.275397
 793.000000 2.345407 -1.244739
 794.000000 2.347142 -1.240996
 795.000000 2.423675 -1.266657
 796.000000 2.422247 -1.211144
 797.000000 2.369261 -1.287011
 798.000000 2.377894 -1.255132
 799.000000 2.211625 -1.215974
 800.000000 2.355971 -1.229323
 801.000000 2.310205 -1.239167
 802.000000 2.406241 -1.313003
 803.000000 2.346194 -1.266546
 804.000000 2.442725 -1.256955
 805.000000 2.300222 -1.226724
 806.000000 2.282088 -1.171526
 807.000000 2.424833 -1.264773
 808.000000 2.325984 -1.232643
 809.000000 2.397950 -1.255770
 810.000000 2.244463 -1.262823
 811.000000 2.333039 -1.275858
 812.000000 2.379988 -1.271713
 813.000000 2.424072 -1.265291
 814.000000 2.389969 -1.271485
 815.000000 2.352911 -1.222700
 816.000000 2.382318 -1.275392
 817.000000 2.454252 -1.238906
 818.000000 2.400288 -1.290882
 819.000000 2.370021 -1.306359
 820.000000 2.304045 -1.274434
 821.000000 2.306324 -1.248275
 822.000000 2.419273 -1.258607
 823.000000 2.259637 -1.301953
 824.000000 2.371303 -1.339830
 825.000000 2.340987 -1.299895
 826.000000 2.319028 -1.289275
 827.000000 2.327561 -1.268407
 828.000000 2.438967 -1.293793
 829.000000 2.361921 -1.293019
 830.000000 2.269610 -1.291447
 831.000000 2.375844 -1.231405
 832.000000 2.375820 -1.212559
 833.000000 2.367931 -1.305759
 834.000000 2.384508 -1.198331
 835.000000 2.373473 -1.217985
 836.000000 2.265496 -1.186845
 837.000000 2.433380 -1.301360
 838.000000 2.451418 -1.235502
 839.000000 2.448653 -1.211116
 840.000000 2.311085 -1.248079
 841.000000 2.490078 -1.227755
 842.000000 2.412362 -1.209960
 843.000000 2.492370 -1.171340
 844.000000 2.420120 -1.066575
 845.000000 2.452792 -1.229924
 846.000000 2.496715 -1.269732
 847.000000 2.332828 -1.260944
 848.000000 2.471219 -1.270585
 849.000000 2.383400 -1.266924
 850.000000 2.421438 -1.215058
 851.000000 2.300461 -1.253766
 852.000000 2.386454 -1.147079
 853.000000 2.377631 -1.265912
 854.000000 2.418414 -1.221207
 855.000000 2.394876 -1.228635
 856.000000 2.450967 -1.240803
 857.000000 2.545180 -1.310577
 858.000000 2.459113 -1.213391
 859.000000 2.465712 -1.258890
 860.000000 2.513300 -1.207304
 861.000000 2.485851 -1.204411
 862.000000 2.339470 -1.223247
 863.000000 2.469411 -1.190776
 864.000000 2.405420 -1.195723
 865.000000 2.454940 -1.241504
 866.000000 2.394793 -1.261385
 867.000000 2.443781 -1.200570
 868.000000 2.457073 -1.180004
 869.000000 2.453808 -1.221597
 870.000000 2.429682 -1.196989
 871.000000 2.386075 -1.252588
 872.000000 2.469192 -1.303415
 873.000000 2.422251 -1.296408
 874.000000 2.405063 -1.281136
 875.000000 2.328866 -1.322653
 876.000000 2.344369 -1.281068
 877.000000 2.333183 -1.268181
 878.000000 2.467337 -1.333732
 879.000000 2.467833 -1.219169
 880.000000 2.381189 -1.221133
 881.000000 2.346990 -1.292384
 882.000000 2.328175 -1.250465
 883.000000 2.416688 -1.289007
 884.000000 2.489789 -1.370569
 885.000000 2.482089 -1.293058
 886.000000 2.474478 -1.286609
 887.000000 2.431092 -1.242510
 888.000000 2.392449 -1.292199
 889.000000 2.442725 -1.243947
 890.000000 2.445704 -1.294854
 891.000000 2.409303 -1.269282
 892.000000 2.542917 -1.216462
 893.000000 2.421492 -1.203181
 894.000000 2.511833 -1.318454
 895.000000 2.555551 -1.273249
 896.000000 2.481060 -1.303446
 897.000000 2.357371 -1.323366
 898.000000 2.525526 -1.222474
 899.000000 2.338022 -1.224271
 900.000000 2.406524 -1.293491
 901.000000 2.440591 -1.302750
 902.000000 2.310336 -1.290090
 903.000000 2.369300 -1.307625
 904.000000 2.352490 -1.262146
 905.000000 2.304288 -1.274692
 906.000000 2.293746 -1.281277
 907.000000 2.288868 -1.263644
 908.000000 2.371503 -1.263460
 909.000000 2.452375 -1.246592
 910.000000 2.372091 -1.230678
 911.000000 2.352383 -1.291651
 912.000000 2.396339 -1.199592
 913.000000 2.385472 -1.252516
 914.000000 2.441600 -1.223578
 915.000000 2.463839 -1.240469
 916.000000 2.389169 -1.310186
 917.000000 2.456301 -1.290288
 918.000000 2.367342 -1.340980
 919.000000 2.432360 -1.306951
 920.000000 2.477113 -1.300624
 921.000000 2.348084 -1.224476
 922.000000 2.457991 -1.266052
 923.000000 2.377202 -1.154006
 924.000000 2.436331 -1.197717
 925.000000 2.422968 -1.196449
 926.000000 2.317685 -1.171337
 927.000000 2.481240 -1.165046
 928.000000 2.407149 -1.142083
 929.000000 2.363898 -1.247533
 930.000000 2.394526 -1.262696
 931.000000 2.479690 -1.187836
 932.000000 2.463994 -1.201844
 933.000000 2.383888 -1.214403
 934.000000 2.464895 -1.277948
 935.000000 2.443278 -1.249926
 936.000000 2.402180 -1.256242
 937.000000 2.413379 -1.250739
 938.000000 2.391366 -1.248223
 939.000000 2.398372 -1.217230
 940.000000 2.528950 -1.197333
 941.000000 2.381602 -1.283735
 942.000000 2.539306 -1.268064
 943.000000 2.513560 -1.313106
 944.000000 2.492942 -1.282829
 945.000000 2.415583 -1.261590
 946.000000 2.396157 -1.225768
 947.000000 2.363760 -1.295870
 948.000000 2.487109 -1.194038
 949.000000 2.258716 -1.272164
 950.000000 2.454619 -1.277241
 951.000000 2.460000 -1.301156
 952.000000 2.397097 -1.199185
 953.000000 2.337744 -1.287509
 954.000000 2.448305 -1.250829
 955.000000 2.421396 -1.299110
 956.000000 2.404053 -1.206039
 957.000000 2.361642 -1.236755
 958.000000 2.401765 -1.240263
 959.000000 2.428815 -1.252282
 960.000000 2.343783 -1.268601
 961.000000 2.416242 -1.349454
 962.000000 2.440050 -1.260200
 963.000000 2.507738 -1.287770
 964.000000 2.460174 -1.245571
 965.000000 2.298628 -1.193590
 966.000000 2.453576 -1.286309
 967.000000 2.533586 -1.244188
 968.000000 2.383584 -1.201634
 969.000000 2.328584 -1.241535
 970.000000 2.396214 -1.236002
 971.000000 2.379066 -1.226123
 972.000000 2.505820 -1.184361
 973.000000 2.454687 -1.278228
 974.000000 2.388028 -1.249777
 975.000000 2.427563 -1.277708
 976.000000 2.464310 -1.353089
 977.000000 2.403166 -1.274331
 978.000000 2.361169 -1.289543
 979.000000 2.387570 -1.239900
 980.000000 2.319410 -1.192624
 981.000000 2.373042 -1.304796
 982.000000 2.398555 -1.274438
 983.000000 2.300057 -1.186817
 984.000000 2.432895 -1.225024
 985.000000 2.413409 -1.243596
 986.000000 2.391498 -1.238365
 987.000000 2.369475 -1.222478
 988.000000 2.446001 -1.262732
 989.000000 2.375721 -1.232649
 990.000000 2.475838 -1.165469
 991.000000 2.434925 -1.197748
 992.000000 2.467741 -1.266775
 993.000000 2.456486 -1.230566
 994.000000 2.458785 -1.297407
 995.000000 2.533510 -1.263760
 996.000000 2.362385 -1.230528
 997.000000 2.432142 -1.149919
 998.000000 2.444541 -1.231823
 999.000000 2.414295 -1.278253
 1000.000000 2.420470 -1.251576
 1001.000000 2.437388 -1.167238
 1002.000000 2.372613 -1.137451
 1003.000000 2.368535 -1.171075
 1004.000000 2.362733 -1.311708
 1005.000000 2.381781 -1.302689
 1006.000000 2.387122 -1.305965
 1007.000000 2.531570 -1.331397
 1008.000000 2.391456 -1.244072
 1009.000000 2.423966 -1.216930
 1010.000000 2.466670 -1.234321
 1011.000000 2.279754 -1.329920
 1012.000000 2.389969 -1.184188
 1013.000000 2.518424 -1.155523
 1014.000000 2.389198 -1.114963
 1015.000000 2.435316 -1.199428
 1016.000000 2.427504 -1.229438
 1017.000000 2.482511 -1.238967
 1018.000000 2.425643 -1.285546
 1019.000000 2.376768 -1.210621
 1020.000000 2.458261 -1.201729
 1021.000000 2.283287 -1.198978
 1022.000000 2.406370 -1.199527
 1023.000000 2.439082 -1.242775
 1024.000000 2.437102 -1.235315
 1025.000000 2.473296 -1.150447
 1026.000000 2.449928 -1.190154
 1027.000000 2.484326 -1.194905
 1028.000000 2.336619 -1.206679
 1029.000000 2.450368 -1.247178
 1030.000000 2.393032 -1.249100
 1031.000000 2.401339 -1.271025
 1032.000000 2.335475 -1.317866
 1033.000000 2.384846 -1.264330
 1034.000000 2.522075 -1.262493
 1035.000000 2.311378 -1.247964
 1036.000000 2.461541 -1.269291
 1037.000000 2.489088 -1.259630
 1038.000000 2.418704 -1.280916
 1039.000000 2.474263 -1.260553
 1040.000000 2.333283 -1.267751
 1041.000000 2.344226 -1.301466
 1042.000000 2.379821 -1.335490
 1043.000000 2.350398 -1.291407
 1044.000000 2.312496 -1.270269
 1045.000000 2.335496 -1.324370
 1046.000000 2.329343 -1.275294
 1047.000000 2.350105 -1.189421
 1048.000000 2.433393 -1.334982
 1049.000000 2.227800 -1.274017
 1050.000000 2.483049 -1.273848
 1051.000000 2.475750 -1.234043
 1052.000000 2.573272 -1.230032
 1053.000000 2.447703 -1.189961
 1054.000000 2.515360 -1.251146
 1055.000000 2.440797 -1.305987
 1056.000000 2.541311 -1.291414
 1057.000000 2.485754 -1.335916
 1058.000000 2.413143 -1.254113
 1059.000000 2.432709 -1.213791
 1060.000000 2.356619 -1.268619
 1061.000000 2.346644 -1.251495
 1062.000000 2.536438 -1.200117
 1063.000000 2.464287 -1.266630
 1064.000000 2.375373 -1.282895
 1065.000000 2.363136 -1.256954
 1066.000000 2.404329 -1.251282
 1067.000000 2.391657 -1.276034
 1068.000000 2.375246 -1.340697
 1069.000000 2.393466 -1.243364
 1070.000000 2.420139 -1.306678
 1071.000000 2.358296 -1.331730
 1072.000000 2.415473 -1.213919
 1073.000000 2.518086 -1.280679
 1074.000000 2.491444 -1.337748
 1075.000000 2.454266 -1.308779
 1076.000000 2.317078 -1.235077
 1077.000000 2.366844 -1.254972
 1078.000000 2.391598 -1.245039
 1079.000000 2.457026 -1.267488
 1080.000000 2.405987 -1.259177
 1081.000000 2.273315 -1.229966
 1082.000000 2.395688 -1.212920
 1083.000000 2.441456 -1.208843
 1084.000000 2.466288 -1.303958
 1085.000000 2.423315 -1.294717
 1086.000000 2.387238 -1.333986
 1087.000000 2.342595 -1.357734
 1088.000000 2.328812 -1.198234
 1089.000000 2.394309 -1.257238
 1090.000000 2.394010 -1.249866
 1091.000000 2.369476 -1.184226
 1092.000000 2.317670 -1.187975
 1093.000000 2.408249 -1.192270
 1094.000000 2.408571 -1.181902
 1095.000000 2.321537 -1.165669
 1096.000000 2.474691 -1.237828
 1097.000000 2.393911 -1.308381
 1098.000000 2.400629 -1.276015
 1099.000000 2.345941 -1.275093
 1100.000000 2.386699 -1.258126
 1101.000000 2.415071 -1.313423
 1102.000000 2.452882 -1.223349
 1103.000000 2.456112 -1.281287
 1104.000000 2.515405 -1.360301
 1105.000000 2.447037 -1.310228
 1106.000000 2.420861 -1.277506
 1107.000000 2.428949 -1.159585
 1108.000000 2.512728 -1.277650
 1109.000000 2.498201 -1.292185
 1110.000000 2.485613 -1.216998
 1111.000000 2.443437 -1.320571
 1112.000000 2.562204 -1.220742
 1113.000000 2.403713 -1.257995
 1114.000000 2.433023 -1.263319
 1115.000000 2.349636 -1.223032
 1116.000000 2.399125 -1.226535
 1117.000000 2.415746 -1.185517
 1118.000000 2.370002 -1.252347
 1119.000000 2.386931 -1.201301
 1120.000000 2.442734 -1.213270
 1121.000000 2.387146 -1.237304
 1122.000000 2.403178 -1.201468
 1123.000000 2.381754 -1.227687
 1124.000000 2.392115 -1.315888
 1125.000000 2.348870 -1.230630
 1126.000000 2.383851 -1.240757
 1127.000000 2.219854 -1.203038
 1128.000000 2.412260 -1.282353
 1129.000000 2.421910 -1.292365
 1130.000000 2.479301 -1.230266
 1131.000000 2.392025 -1.194027
 1132.000000 2.511380 -1.235234
 1133.000000 2.359449 -1.295472
 1134.000000 2.449561 -1.394697
 1135.000000 2.371243 -1.370816
 1136.000000 2.291849 -1.267789
 1137.000000 2.325449 -1.289254
 1138.000000 2.327823 -1.323362
 1139.000000 2.370225 -1.294139
 1140.000000 2.334281 -1.240329
 1141.000000 2.488030 -1.281344
 1142.000000 2.403677 -1.268912
 1143.000000 2.416026 -1.230700
 1144.000000 2.319051 -1.216297
 1145.000000 2.394980 -1.287719
 1146.000000 2.545007 -1.315533
 1147.000000 2.373987 -1.174640
 1148.000000 2.499874 -1.240063
 1149.000000 2.477475 -1.297799
 1150.000000 2.463370 -1.292666
 1151.000000 2.524248 -1.223158
 1152.000000 2.562413 -1.281553
 1153.000000 2.391605 -1.292446
 1154.000000 2.498955 -1.312626
 1155.000000 2.353853 -1.278482
 1156.000000 2.292696 -1.239731
 1157.000000 2.422764 -1.225808
 1158.000000 2.323887 -1.241000
 1159.000000 2.395085 -1.288413
 1160.000000 2.497867 -1.293030
 1161.000000 2.411731 -1.271946
 1162.000000 2.461639 -1.265706
 1163.000000 2.421644 -1.259512
 1164.000000 2.430625 -1.293481
 1165.000000 2.417730 -1.261722
 1166.000000 2.453042 -1.170738
 1167.000000 2.310044 -1.228388
 1168.000000 2.404148 -1.106695
 1169.000000 2.566102 -1.234016
 1170.000000 2.424899 -1.134232
 1171.000000 2.511791 -1.104180
 1172.000000 2.432206 -1.267140
 1173.000000 2.525989 -1.205871
 1174.000000 2.541564 -1.179011
 1175.000000 2.456369 -1.176709
 1176.000000 2.515638 -1.324620
 1177.000000 2.398245 -1.308108
 1178.000000 2.307274 -1.240145
 1179.000000 2.432426 -1.270615
 1180.000000 2.497968 -1.224638
 1181.000000 2.311580 -1.300352
 1182.000000 2.367530 -1.315897
 1183.000000 2.361227 -1.273667
 1184.000000 2.438101 -1.310362
 1185.000000 2.404488 -1.340153
 1186.000000 2.339072 -1.267518
 1187.000000 2.400019 -1.329936
 1188.000000 2.483079 -1.275329
 1189.000000 2.409356 -1.397291
 1190.000000 2.445856 -1.351042
 1191.000000 2.366261 -1.241983
 1192.000000 2.376158 -1.372321
 1193.000000 2.386492 -1.296632
 1194.000000 2.376100 -1.250408
 1195.000000 2.333196 -1.298281
 1196.000000 2.430047 -1.388294
 1197.000000 2.361438 -1.378343
 1198.000000 2.438057 -1.184460
 1199.000000 2.485015 -1.262469
 1200.000000 2.423397 -1.326576
 1201.000000 2.429157 -1.343568
 1202.000000 2.414505 -1.404611
 1203.000000 2.406147 -1.346881
 1204.000000 2.451347 -1.298100
 1205.000000 2.377188 -1.343814
 1206.000000 2.358020 -1.231780
 1207.000000 2.359712 -1.276171
 1208.000000 2.337305 -1.224019
 1209.000000 2.318350 -1.291526
 1210.000000 2.462450 -1.304246
 1211.000000 2.443518 -1.229109
 1212.000000 2.268677 -1.333963
 1213.000000 2.306858 -1.288363
 1214.000000 2.506082 -1.352269
 1215.000000 2.367804 -1.301311
 1216.000000 2.458607 -1.246820
 1217.000000 2.423015 -1.205289
 1218.000000 2.314612 -1.260773
 1219.000000 2.347905 -1.346059
 1220.000000 2.366306 -1.261581
 1221.000000 2.246763 -1.291906
 1222.000000 2.364191 -1.390681
 1223.000000 2.364597 -1.282632
 1224.000000 2.359652 -1.248894
 1225.000000 2.334316 -1.302675
 1226.000000 2.414427 -1.204651
 1227.000000 2.296117 -1.276718
 1228.000000 2.372714 -1.282731
 1229.000000 2.408319 -1.264295
 1230.000000 2.359816 -1.311304
 1231.000000 2.309311 -1.260569
 1232.000000 2.418581 -1.340945
 1233.000000 2.309891 -1.321185
 1234.000000 2.428857 -1.337218
 1235.000000 2.481190 -1.369579
 1236.000000 2.294233 -1.255410
 1237.000000 2.345501 -1.305332
 1238.000000 2.320245 -1.281985
 1239.000000 2.455105 -1.332829
 1240.000000 2.355108 -1.334107
 1241.000000 2.367686 -1.281516
 1242.000000 2.335269 -1.224328
 1243.000000 2.393609 -1.327228
 1244.000000 2.408042 -1.322506
 1245.000000 2.294259 -1.328141
 1246.000000 2.445397 -1.316269
 1247.000000 2.397657 -1.322349
 1248.000000 2.360728 -1.311311
 1249.000000 2.267957 -1.271108
 1250.000000 2.472948 -1.302407
 1251.000000 2.403722 -1.225818
 1252.000000 2.379263 -1.278743
 1253.000000 2.342152 -1.279272
 1254.000000 2.366106 -1.249463
 1255.000000 2.393139 -1.256745
 1256.000000 2.399600 -1.352452
 1257.000000 2.246280 -1.370333
 1258.000000 2.300309 -1.272087
 1259.000000 2.352932 -1.299203
 1260.000000 2.508112 -1.216823
 1261.000000 2.400549 -1.282802
 1262.000000 2.373227 -1.205125
 1263.000000 2.314874 -1.298369
 1264.000000 2.386318 -1.278483
 1265.000000 2.343970 -1.241384
 1266.000000 2.472125 -1.311328
 1267.000000 2.408289 -1.323866
 1268.000000 2.368686 -1.330301
 1269.000000 2.426808 -1.294581
 1270.000000 2.439118 -1.365715
 1271.000000 2.486162 -1.262683
 1272.000000 2.460569 -1.310386
 1273.000000 2.399694 -1.368680
 1274.000000 2.387057 -1.423398
 1275.000000 2.252912 -1.250483
 1276.000000 2.348713 -1.287642
 1277.000000 2.448391 -1.338833
 1278.000000 2.433492 -1.245093
 1279.000000 2.389035 -1.307072
 1280.000000 2.367051 -1.291829
 1281.000000 2.344304 -1.253649
 1282.000000 2.470574 -1.348293
 1283.000000 2.455877 -1.252401
 1284.000000 2.463447 -1.306557
 1285.000000 2.411882 -1.271809
 1286.000000 2.490936 -1.354274
 1287.000000 2.474338 -1.264161
 1288.000000 2.467073 -1.287979
 1289.000000 2.459334 -1.389378
 1290.000000 2.467595 -1.260712
 1291.000000 2.421408 -1.272125
 1292.000000 2.448431 -1.283267
 1293.000000 2.458614 -1.301315
 1294.000000 2.387694 -1.323088
 1295.000000 2.431238 -1.292323
 1296.000000 2.428432 -1.328822
 1297.000000 2.368043 -1.290228
 1298.000000 2.373070 -1.260338
 1299.000000 2.425479 -1.289308
 1300.000000 2.386093 -1.345083
 1301.000000 2.400492 -1.335678
 1302.000000 2.272382 -1.289273
 1303.000000 2.382483 -1.368335
 1304.000000 2.325318 -1.216271
 1305.000000 2.395471 -1.278929
 1306.000000 2.409114 -1.293378
 1307.000000 2.475198 -1.193982
 1308.000000 2.341595 -1.237872
 1309.000000 2.371189 -1.200271
 1310.000000 2.430579 -1.339257
 1311.000000 2.300215 -1.221833
 1312.000000 2.456806 -1.251419
 1313.000000 2.443016 -1.284254
 1314.000000 2.388938 -1.361439
 1315.000000 2.409021 -1.288467
 1316.000000 2.426762 -1.264182
 1317.000000 2.475663 -1.279995
 1318.000000 2.501546 -1.207532
 1319.000000 2.463003 -1.343248
 1320.000000 2.493489 -1.352240
 1321.000000 2.379909 -1.267579
 1322.000000 2.449375 -1.345554
 1323.000000 2.458145 -1.261120
 1324.000000 2.365594 -1.274640
 1325.000000 2.375534 -1.266393
 1326.000000 2.405179 -1.242907
 1327.000000 2.364613 -1.293087
 1328.000000 2.357341 -1.231312
 1329.000000 2.434655 -1.192335
 1330.000000 2.375527 -1.330540
 1331.000000 2.484428 -1.212509
 1332.000000 2.288396 -1.283298
 1333.000000 2.311579 -1.270458
 1334.000000 2.395853 -1.300365
 1335.000000 2.353750 -1.198754
 1336.000000 2.421896 -1.272630
 1337.000000 2.437073 -1.201254
 1338.000000 2.417641 -1.279001
 1339.000000 2.350598 -1.369688
 1340.000000 2.358372 -1.320224
 1341.000000 2.237182 -1.244572
 1342.000000 2.368048 -1.225902
 1343.000000 2.354027 -1.232221
 1344.000000 2.295473 -1.129914
 1345.000000 2.341130 -1.245766
 1346.000000 2.339841 -1.273763
 1347.000000 2.440201 -1.262890
 1348.000000 2.246224 -1.242736
 1349.000000 2.362750 -1.255984
 1350.000000 2.409440 -1.284993
 1351.000000 2.239616 -1.238007
 1352.000000 2.435067 -1.337111
 1353.000000 2.347064 -1.282994
 1354.000000 2.369774 -1.231850
 1355.000000 2.472536 -1.331805
 1356.000000 2.393741 -1.334241
 1357.000000 2.412252 -1.336201
 1358.000000 2.375545 -1.278909
 1359.000000 2.533435 -1.291468
 1360.000000 2.505003 -1.361932
 1361.000000 2.466205 -1.265411
 1362.000000 2.509873 -1.317619
 1363.000000 2.423538 -1.284798
 1364.000000 2.358039 -1.278017
 1365.000000 2.372064 -1.264796
 1366.000000 2.396735 -1.329483
 1367.000000 2.380630 -1.276108
 1368.000000 2.389993 -1.377414
 1369.000000 2.500354 -1.293563
 1370.000000 2.481724 -1.295108
 1371.000000 2.458378 -1.392889
 1372.000000 2.386348 -1.257202
 1373.000000 2.410380 -1.264434
 1374.000000 2.395766 -1.316064
 1375.000000 2.361286 -1.282092
 1376.000000 2.311244 -1.220896
 1377.000000 2.338763 -1.268902
 1378.000000 2.335767 -1.266665
 1379.000000 2.373306 -1.355979
 1380.000000 2.262059 -1.247793
 1381.000000 2.423580 -1.295965
 1382.000000 2.420165 -1.215441
 1383.000000 2.428320 -1.262628
 1384.000000 2.343818 -1.266468
 1385.000000 2.370369 -1.293507
 1386.000000 2.450900 -1.258182
 1387.000000 2.545552 -1.300062
 1388.000000 2.444576 -1.305026
 1389.000000 2.463763 -1.249024
 1390.000000 2.428046 -1.239402
 1391.000000 2.374213 -1.332781
 1392.000000 2.377027 -1.261857
 1393.000000 2.402822 -1.369886
 1394.000000 2.360469 -1.301846
 1395.000000 2.462382 -1.333923
 1396.000000 2.397869 -1.256139
 1397.000000 2.380340 -1.330169
 1398.000000 2.489006 -1.281110
 1399.000000 2.425547 -1.262479
 1400.000000 2.507660 -1.235103
 1401.000000 2.495327 -1.261378
 1402.000000 2.370972 -1.366753
 1403.000000 2.434756 -1.289299
 1404.000000 2.335125 -1.287116
 1405.000000 2.409064 -1.342382
 1406.000000 2.432111 -1.349288
 1407.000000 2.437282 -1.229670
 1408.000000 2.488327 -1.285410
 1409.000000 2.345733 -1.366547
 1410.000000 2.440944 -1.377582
 1411.000000 2.494015 -1.261618
 1412.000000 2.451757 -1.202941
 1413.000000 2.411580 -1.247701
 1414.000000 2.375861 -1.197915
 1415.000000 2.471182 -1.290025
 1416.000000 2.400360 -1.200265
 1417.000000 2.502256 -1.277450
 1418.000000 2.538155 -1.190077
 1419.000000 2.390489 -1.261044
 1420.000000 2.418496 -1.258568
 1421.000000 2.521182 -1.269639
 1422.000000 2.411885 -1.207777
 1423.000000 2.459359 -1.198615
 1424.000000 2.418527 -1.292396
 1425.000000 2.407524 -1.226709
 1426.000000 2.468180 -1.325775
 1427.000000 2.502340 -1.311730
 1428.000000 2.557877 -1.305124
 1429.000000 2.430388 -1.284421
 1430.000000 2.504367 -1.272994
 1431.000000 2.378214 -1.320641
 1432.000000 2.343425 -1.191090
 1433.000000 2.426697 -1.299024
 1434.000000 2.370929 -1.308915
 1435.000000 2.399794 -1.344311
 1436.000000 2.401876 -1.288387
 1437.000000 2.438946 -1.253713
 1438.000000 2.450483 -1.293328
 1439.000000 2.367860 -1.358585
 1440.000000 2.386947 -1.266445
 1441.000000 2.401868 -1.159823
 1442.000000 2.448767 -1.187693
 1443.000000 2.446543 -1.159164
 1444.000000 2.453914 -1.240277
 1445.000000 2.390720 -1.243668
 1446.000000 2.413539 -1.255820
 1447.000000 2.459203 -1.296329
 1448.000000 2.391706 -1.202220
 1449.000000 2.428973 -1.172581
 1450.000000 2.437595 -1.250976
 1451.000000 2.396190 -1.299436
 1452.000000 2.457345 -1.395125
 1453.000000 2.481028 -1.319790
 1454.000000 2.426545 -1.328529
 1455.000000 2.463338 -1.254108
 1456.000000 2.329432 -1.271443
 1457.000000 2.331478 -1.267648
 1458.000000 2.331893 -1.305601
 1459.000000 2.364186 -1.316270
 1460.000000 2.384038 -1.280908
 1461.000000 2.479896 -1.270635
 1462.000000 2.361061 -1.322132
 1463.000000 2.390864 -1.367642
 1464.000000 2.416048 -1.251599
 1465.000000 2.469205 -1.272712
 1466.000000 2.566333 -1.225476
 1467.000000 2.353757 -1.181850
 1468.000000 2.434547 -1.097427
 1469.000000 2.353968 -1.227266
 1470.000000 2.254901 -1.187298
 1471.000000 2.467094 -1.211603
 1472.000000 2.302221 -1.180217
 1473.000000 2.408357 -1.211161
 1474.000000 2.340929 -1.200390
 1475.000000 2.326990 -1.247601
 1476.000000 2.278519 -1.203575
 1477.000000 2.442679 -1.188464
 1478.000000 2.308332 -1.230528
 1479.000000 2.287343 -1.161554
 1480.000000 2.449811 -1.225458
 1481.000000 2.474387 -1.281976
 1482.000000 2.380492 -1.272623
 1483.000000 2.340330 -1.161495
 1484.000000 2.368589 -1.216775
 1485.000000 2.440467 -1.233225
 1486.000000 2.351207 -1.269350
 1487.000000 2.448388 -1.264570
 1488.000000 2.403700 -1.277613
 1489.000000 2.424031 -1.214013
 1490.000000 2.417720 -1.219041
 1491.000000 2.409976 -1.270662
 1492.000000 2.381204 -1.251590
 1493.000000 2.406975 -1.175402
 1494.000000 2.395670 -1.241273
 1495.000000 2.410408 -1.339926
 1496.000000 2.307623 -1.334353
 1497.000000 2.476585 -1.351282
 1498.000000 2.453586 -1.368308
 1499.000000 2.384098 -1.355609
 1500.000000 2.417342 -1.330454
 1501.000000 2.406804 -1.318955
 1502.000000 2.408727 -1.281261
 1503.000000 2.433805 -1.238651
 1504.000000 2.385353 -1.268313
 1505.000000 2.543114 -1.339797
 1506.000000 2.435771 -1.296162
 1507.000000 2.387743 -1.287260
 1508.000000 2.451667 -1.297465
 1509.000000 2.389028 -1.253541
 1510.000000 2.314836 -1.296296
 1511.000000 2.350874 -1.291426
 1512.000000 2.376979 -1.171843
 1513.000000 2.477950 -1.265376
 1514.000000 2.343893 -1.300132
 1515.000000 2.411191 -1.312957
 1516.000000 2.401821 -1.295767
 1517.000000 2.362458 -1.269701
 1518.000000 2.403263 -1.257804
 1519.000000 2.370340 -1.293346
 1520.000000 2.407585 -1.178228
 1521.000000 2.392125 -1.320920
 1522.000000 2.421951 -1.236741
 1523.000000 2.458459 -1.210078
 1524.000000 2.394226 -1.242368
 1525.000000 2.398409 -1.167585
 1526.000000 2.317861 -1.302833
 1527.000000 2.405707 -1.290333
 1528.000000 2.389501 -1.229902
 1529.000000 2.530892 -1.225628
 1530.000000 2.381485 -1.220463
 1531.000000 2.413371 -1.294311
 1532.000000 2.550184 -1.242658
 1533.000000 2.500031 -1.215891
 1534.000000 2.532723 -1.265439
 1535.000000 2.495838 -1.228194
 1536.000000 2.386751 -1.228665
 1537.000000 2.352489 -1.153993
 1538.000000 2.385752 -1.224376
 1539.000000 2.476317 -1.165632
 1540.000000 2.268265 -1.238394
 1541.000000 2.356997 -1.313515
 1542.000000 2.279093 -1.237145
 1543.000000 2.334681 -1.313282
 1544.000000 2.264105 -1.241823
 1545.000000 2.447144 -1.215170
 1546.000000 2.308950 -1.249414
 1547.000000 2.359092 -1.267592
 1548.000000 2.428706 -1.250873
 1549.000000 2.347992 -1.248860
 1550.000000 2.423914 -1.216629
 1551.000000 2.394928 -1.133376
 1552.000000 2.406013 -1.265284
 1553.000000 2.338439 -1.265739
 1554.000000 2.329278 -1.286696
 1555.000000 2.365550 -1.224276
 1556.000000 2.429456 -1.290729
 1557.000000 2.514146 -1.267984
 1558.000000 2.359569 -1.313395
 1559.000000 2.364214 -1.258446
 1560.000000 2.284969 -1.239621
 1561.000000 2.464151 -1.291251
 1562.000000 2.329990 -1.300863
 1563.000000 2.413786 -1.217326
 1564.000000 2.460147 -1.289731
 1565.000000 2.332579 -1.321593
 1566.000000 2.452687 -1.315468
 1567.000000 2.514220 -1.303069
 1568.000000 2.388568 -1.325367
 1569.000000 2.386286 -1.279513
 1570.000000 2.444441 -1.247091
 1571.000000 2.513012 -1.295412
 1572.000000 2.495851 -1.390823
 1573.000000 2.446266 -1.252286
 1574.000000 2.379064 -1.255823
 1575.000000 2.439389 -1.262955
 1576.000000 2.466051 -1.294506
 1577.000000 2.380563 -1.245574
 1578.000000 2.386337 -1.254078
 1579.000000 2.427123 -1.326904
 1580.000000 2.392298 -1.264703
 1581.000000 2.351223 -1.198056
 1582.000000 2.349235 -1.208181
 1583.000000 2.462014 -1.287201
 1584.000000 2.405194 -1.299701
 1585.000000 2.472801 -1.338110
 1586.000000 2.343694 -1.198711
 1587.000000 2.397919 -1.229111
 1588.000000 2.311898 -1.287016
 1589.000000 2.231480 -1.194488
 1590.000000 2.353575 -1.294576
 1591.000000 2.422459 -1.286647
 1592.000000 2.370266 -1.231512
 1593.000000 2.357804 -1.223676
 1594.000000 2.396945 -1.226153
 1595.000000 2.396198 -1.190303
 1596.000000 2.368071 -1.301751
 1597.000000 2.434326 -1.318001
 1598.000000 2.463984 -1.282022
 1599.000000 2.360582 -1.258481
 1600.000000 2.512455 -1.250234
 1601.000000 2.404720 -1.277640
 1602.000000 2.409599 -1.242048
 1603.000000 2.452359 -1.283727
 1604.000000 2.437333 -1.350756
 1605.000000 2.390575 -1.304752
 1606.000000 2.420644 -1.240018
 1607.000000 2.482242 -1.212341
 1608.000000 2.217790 -1.292435
 1609.000000 2.411237 -1.244996
 1610.000000 2.348685 -1.305396
 1611.000000 2.411851 -1.231833
 1612.000000 2.270991 -1.267947
 1613.000000 2.311380 -1.241317
 1614.000000 2.297081 -1.279787
 1615.000000 2.360818 -1.372497
 1616.000000 2.369411 -1.356187
 1617.000000 2.431524 -1.248494
 1618.000000 2.336253 -1.247841
 1619.000000 2.453494 -1.252629
 1620.000000 2.456991 -1.180989
 1621.000000 2.425602 -1.355918
 1622.000000 2.371208 -1.229656
 1623.000000 2.451430 -1.362876
 1624.000000 2.445988 -1.284711
 1625.000000 2.375039 -1.267632
 1626.000000 2.333746 -1.218300
 1627.000000 2.400001 -1.264750
 1628.000000 2.389069 -1.210493
 1629.000000 2.314837 -1.226325
 1630.000000 2.317539 -1.215027
 1631.000000 2.373677 -1.268287
 1632.000000 2.342047 -1.265316
 1633.000000 2.415867 -1.279517
 1634.000000 2.301328 -1.294583
 1635.000000 2.251888 -1.237891
 1636.000000 2.236563 -1.310842
 1637.000000 2.358363 -1.292412
 1638.000000 2.349672 -1.257237
 1639.000000 2.331458 -1.311367
 1640.000000 2.450156 -1.420173
 1641.000000 2.273927 -1.285703
 1642.000000 2.482413 -1.186970
 1643.000000 2.424582 -1.327330
 1644.000000 2.529046 -1.260129
 1645.000000 2.469319 -1.208349
 1646.000000 2.367070 -1.209541
 1647.000000 2.444775 -1.220074
 1648.000000 2.301294 -1.263028
 1649.000000 2.281041 -1.243740
 1650.000000 2.382567 -1.224943
 1651.000000 2.335121 -1.151911
 1652.000000 2.362271 -1.238472
 1653.000000 2.409950 -1.297267
 1654.000000 2.419425 -1.236062
 1655.000000 2.274913 -1.296428
 1656.000000 2.362911 -1.267114
 1657.000000 2.315664 -1.182325
 1658.000000 2.476337 -1.240135
 1659.000000 2.463959 -1.137943
 1660.000000 2.383267 -1.198548
 1661.000000 2.383780 -1.278468
 1662.000000 2.440680 -1.230720
 1663.000000 2.406821 -1.210619
 1664.000000 2.409281 -1.145998
 1665.000000 2.377040 -1.233586
 1666.000000 2.441949 -1.269120
 1667.000000 2.291766 -1.186612
 1668.000000 2.475310 -1.335804
 1669.000000 2.364084 -1.323778
 1670.000000 2.344760 -1.247535
 1671.000000 2.512562 -1.096298
 1672.000000 2.424437 -1.215355
 1673.000000 2.420886 -1.416364
 1674.000000 2.491588 -1.242218
 1675.000000 2.430664 -1.256738
 1676.000000 2.367866 -1.230035
 1677.000000 2.361101 -1.324262
 1678.000000 2.298422 -1.287263
 1679.000000 2.369437 -1.229624
 1680.000000 2.372392 -1.250581
 1681.000000 2.344988 -1.276007
 1682.000000 2.363715 -1.270544
 1683.000000 2.542339 -1.221341
 1684.000000 2.448437 -1.270909
 1685.000000 2.453823 -1.261317
 1686.000000 2.401739 -1.276372
 1687.000000 2.439437 -1.219763
 1688.000000 2.487319 -1.220709
 1689.000000 2.447618 -1.232580
 1690.000000 2.408155 -1.258915
 1691.000000 2.391109 -1.313596
 1692.000000 2.299951 -1.290944
 1693.000000 2.380047 -1.303409
 1694.000000 2.286568 -1.254371
 1695.000000 2.325386 -1.265074
 1696.000000 2.319324 -1.204741
 1697.000000 2.359164 -1.241913
 1698.000000 2.392895 -1.362311
 1699.000000 2.233719 -1.281700
 1700.000000 2.357906 -1.249429
 1701.000000 2.513402 -1.258736
 1702.000000 2.379669 -1.237129
 1703.000000 2.382337 -1.145055
 1704.000000 2.361875 -1.260573
 1705.000000 2.341279 -1.303193
 1706.000000 2.352765 -1.238054
 1707.000000 2.360736 -1.250196
 1708.000000 2.368986 -1.264213
 1709.000000 2.398136 -1.288735
 1710.000000 2.355978 -1.264609
 1711.000000 2.503575 -1.269400
 1712.000000 2.345747 -1.312535
 1713.000000 2.430688 -1.298785
 1714.000000 2.450330 -1.236722
 1715.000000 2.410336 -1.130387
 1716.000000 2.387417 -1.233921
 1717.000000 2.338714 -1.169753
 1718.000000 2.372130 -1.196358
 1719.000000 2.380436 -1.169216
 1720.000000 2.374576 -1.276818
 1721.000000 2.399199 -1.287306
 1722.000000 2.434183 -1.239446
 1723.000000 2.348172 -1.241329
 1724.000000 2.332585 -1.252052
 1725.000000 2.377138 -1.285784
 1726.000000 2.384390 -1.188950
 1727.000000 2.357531 -1.272749
 1728.000000 2.394107 -1.279703
 1729.000000 2.409031 -1.323563
 1730.000000 2.364974 -1.291835
 1731.000000 2.356338 -1.231093
 1732.000000 2.357697 -1.284949
 1733.000000 2.324836 -1.317158
 1734.000000 2.388426 -1.318868
 1735.000000 2.439948 -1.287513
 1736.000000 2.322942 -1.238652
 1737.000000 2.334742 -1.212665
 1738.000000 2.405204 -1.349649
 1739.000000 2.360558 -1.232238
 1740.000000 2.353410 -1.145259
 1741.000000 2.291205 -1.296949
 1742.000000 2.373252 -1.355087
 1743.000000 2.369410 -1.256587
 1744.000000 2.380018 -1.198318
 1745.000000 2.428118 -1.378865
 1746.000000 2.422496 -1.151939
 1747.000000 2.411986 -1.345606
 1748.000000 2.444629 -1.317717
 1749.000000 2.501396 -1.315578
 1750.000000 2.491880 -1.233661
 1751.000000 2.404531 -1.248847
 1752.000000 2.403386 -1.281645
 1753.000000 2.440827 -1.352886
 1754.000000 2.438077 -1.324385
 1755.000000 2.437413 -1.305931
 1756.000000 2.442574 -1.235970
 1757.000000 2.345015 -1.207179
 1758.000000 2.296947 -1.276915
 1759.000000 2.253705 -1.288501
 1760.000000 2.339396 -1.235893
 1761.000000 2.279442 -1.247237
 1762.000000 2.261706 -1.251447
 1763.000000 2.457896 -1.248049
 1764.000000 2.463089 -1.257804
 1765.000000 2.455220 -1.247410
 1766.000000 2.355980 -1.169837
 1767.000000 2.356500 -1.282066
 1768.000000 2.559340 -1.249652
 1769.000000 2.482999 -1.250744
 1770.000000 2.606251 -1.219252
 1771.000000 2.449663 -1.226719
 1772.000000 2.392462 -1.253902
 1773.000000 2.384564 -1.324705
 1774.000000 2.317880 -1.310560
 1775.000000 2.362904 -1.368456
 1776.000000 2.319568 -1.263769
 1777.000000 2.381944 -1.243551
 1778.000000 2.412850 -1.313668
 1779.000000 2.316241 -1.196109
 1780.000000 2.541100 -1.185041
 1781.000000 2.524079 -1.261815
 1782.000000 2.419031 -1.296951
 1783.000000 2.407868 -1.243775
 1784.000000 2.501627 -1.285877
 1785.000000 2.471074 -1.292852
 1786.000000 2.432880 -1.340807
 1787.000000 2.378008 -1.318676
 1788.000000 2.440872 -1.263068
 1789.000000 2.409520 -1.340975
 1790.000000 2.385466 -1.137445
 1791.000000 2.343408 -1.226474
 1792.000000 2.342583 -1.278257
 1793.000000 2.367977 -1.252629
 1794.000000 2.421194 -1.298764
 1795.000000 2.489953 -1.349822
 1796.000000 2.419345 -1.298429
 1797.000000 2.436250 -1.286916
 1798.000000 2.570300 -1.358393
 1799.000000 2.418882 -1.169413
 1800.000000 2.470827 -1.309825
 1801.000000 2.299350 -1.313554
 1802.000000 2.438220 -1.216047
 1803.000000 2.376771 -1.226768
 1804.000000 2.458561 -1.158298
 1805.000000 2.459938 -1.212617
 1806.000000 2.413544 -1.265773
 1807.000000 2.420263 -1.270990
 1808.000000 2.491194 -1.210721
 1809.000000 2.391890 -1.302279
 1810.000000 2.473797 -1.248204
 1811.000000 2.453026 -1.260866
 1812.000000 2.479153 -1.247541
 1813.000000 2.426767 -1.217843
 1814.000000 2.438849 -1.254419
 1815.000000 2.369258 -1.247847
 1816.000000 2.419189 -1.239912
 1817.000000 2.502480 -1.241806
 1818.000000 2.400074 -1.257461
 1819.000000 2.443290 -1.211592
 1820.000000 2.382321 -1.228945
 1821.000000 2.394493 -1.241810
 1822.000000 2.414744 -1.152404
 1823.000000 2.339236 -1.168631
 1824.000000 2.392113 -1.208102
 1825.000000 2.354924 -1.266196
 1826.000000 2.368092 -1.323447
 1827.000000 2.365430 -1.337602
 1828.000000 2.257830 -1.348385
 1829.000000 2.477132 -1.277060
 1830.000000 2.466800 -1.274918
 1831.000000 2.424317 -1.257337
 1832.000000 2.444682 -1.198173
 1833.000000 2.464943 -1.181242
 1834.000000 2.500454 -1.242475
 1835.000000 2.495713 -1.319102
 1836.000000 2.473236 -1.205249
 1837.000000 2.383969 -1.226669
 1838.000000 2.468326 -1.350324
 1839.000000 2.453208 -1.283366
 1840.000000 2.438718 -1.254961
 1841.000000 2.417872 -1.202984
 1842.000000 2.387649 -1.264214
 1843.000000 2.421294 -1.171615
 1844.000000 2.416786 -1.277100
 1845.000000 2.442762 -1.309359
 1846.000000 2.379025 -1.304545
 1847.000000 2.416790 -1.247532
 1848.000000 2.387080 -1.201839
 1849.000000 2.397094 -1.245938
 1850.000000 2.376221 -1.206336
 1851.000000 2.460156 -1.279369
 1852.000000 2.373377 -1.405348
 1853.000000 2.292160 -1.214377
 1854.000000 2.311854 -1.286081
 1855.000000 2.398942 -1.223461
 1856.000000 2.546290 -1.214137
 1857.000000 2.354887 -1.143930
 1858.000000 2.402016 -1.193506
 1859.000000 2.433213 -1.283414
 1860.000000 2.393325 -1.310197
 1861.000000 2.418120 -1.133535
 1862.000000 2.385053 -1.238663
 1863.000000 2.350124 -1.286120
 1864.000000 2.442409 -1.310392
 1865.000000 2.445434 -1.226063
 1866.000000 2.301433 -1.239109
 1867.000000 2.336925 -1.246963
 1868.000000 2.446331 -1.255309
 1869.000000 2.390149 -1.199609
 1870.000000 2.407623 -1.253843
 1871.000000 2.419881 -1.309363
 1872.000000 2.329617 -1.183728
 1873.000000 2.391698 -1.230231
 1874.000000 2.315924 -1.197810
 1875.000000 2.419665 -1.226542
 1876.000000 2.387799 -1.160411
 1877.000000 2.472151 -1.238855
 1878.000000 2.423720 -1.210953
 1879.000000 2.330889 -1.155927
 1880.000000 2.389421 -1.190007
 1881.000000 2.483113 -1.243955
 1882.000000 2.378726 -1.338343
 1883.000000 2.473024 -1.240695
 1884.000000 2.473606 -1.337037
 1885.000000 2.488149 -1.272944
 1886.000000 2.339227 -1.326201
 1887.000000 2.529884 -1.264382
 1888.000000 2.492268 -1.302817
 1889.000000 2.468820 -1.385186
 1890.000000 2.325499 -1.261336
 1891.000000 2.363640 -1.260383
 1892.000000 2.328899 -1.220415
 1893.000000 2.394073 -1.283402
 1894.000000 2.387638 -1.336839
 1895.000000 2.416671 -1.201050
 1896.000000 2.377536 -1.247319
 1897.000000 2.374279 -1.378528
 1898.000000 2.460375 -1.330266
 1899.000000 2.421910 -1.326769
 1900.000000 2.412232 -1.343267
 1901.000000 2.466512 -1.234640
 1902.000000 2.461401 -1.312328
 1903.000000 2.483631 -1.290890
 1904.000000 2.338838 -1.317322
 1905.000000 2.380626 -1.282704
 1906.000000 2.335791 -1.214589
 1907.000000 2.411773 -1.306996
 1908.000000 2.376841 -1.265980
 1909.000000 2.410666 -1.256620
 1910.000000 2.484217 -1.228216
 1911.000000 2.505842 -1.217712
 1912.000000 2.529330 -1.200053
 1913.000000 2.447225 -1.222016
 1914.000000 2.320514 -1.220248
 1915.000000 2.346626 -1.225280
 1916.000000 2.394647 -1.291874
 1917.000000 2.416496 -1.284022
 1918.000000 2.400165 -1.179979
 1919.000000 2.273455 -1.257397
 1920.000000 2.311692 -1.282839
 1921.000000 2.285733 -1.233065
 1922.000000 2.458422 -1.220468
 1923.000000 2.307002 -1.131054
 1924.000000 2.504477 -1.234176
 1925.000000 2.341294 -1.191353
 1926.000000 2.470151 -1.159344
 1927.000000 2.433012 -1.285988
 1928.000000 2.223966 -1.205284
 1929.000000 2.275335 -1.285099
 1930.000000 2.305380 -1.296232
 1931.000000 2.404870 -1.307385
 1932.000000 2.467398 -1.255896
 1933.000000 2.318638 -1.265418
 1934.000000 2.287381 -1.264270
 1935.000000 2.434592 -1.204699
 1936.000000 2.519891 -1.237574
 1937.000000 2.520694 -1.273878
 1938.000000 2.493741 -1.306409
 1939.000000 2.526931 -1.310016
 1940.000000 2.355271 -1.288066
 1941.000000 2.383946 -1.234391
 1942.000000 2.422430 -1.298516
 1943.000000 2.329445 -1.226853
 1944.000000 2.420390 -1.320923
 1945.000000 2.442564 -1.238400
 1946.000000 2.451029 -1.314362
 1947.000000 2.409416 -1.347049
 1948.000000 2.506775 -1.379003
 1949.000000 2.449444 -1.275181
 1950.000000 2.335303 -1.319224
 1951.000000 2.448324 -1.290805
 1952.000000 2.341622 -1.298359
 1953.000000 2.341116 -1.179578
 1954.000000 2.473150 -1.328858
 1955.000000 2.418598 -1.277014
 1956.000000 2.463595 -1.266363
 1957.000000 2.324634 -1.279898
 1958.000000 2.378398 -1.249251
 1959.000000 2.459334 -1.187053
 1960.000000 2.387399 -1.197147
 1961.000000 2.347137 -1.228116
 1962.000000 2.318493 -1.276465
 1963.000000 2.393485 -1.276293
 1964.000000 2.284045 -1.232133
 1965.000000 2.388817 -1.219321
 1966.000000 2.495565 -1.301391
 1967.000000 2.354139 -1.265791
 1968.000000 2.403538 -1.247397
 1969.000000 2.369695 -1.359251
 1970.000000 2.446040 -1.284591
 1971.000000 2.380075 -1.279996
 1972.000000 2.480024 -1.283755
 1973.000000 2.347743 -1.249170
 1974.000000 2.449347 -1.275205
 1975.000000 2.493506 -1.276344
 1976.000000 2.377467 -1.232874
 1977.000000 2.420240 -1.200382
 1978.000000 2.414594 -1.235084
 1979.000000 2.427659 -1.306728
 1980.000000 2.294440 -1.263351
 1981.000000 2.383458 -1.269588
 1982.000000 2.347051 -1.295577
 1983.000000 2.434989 -1.272532
 1984.000000 2.499439 -1.327292
 1985.000000 2.463070 -1.217407
 1986.000000 2.425581 -1.258789
 1987.000000 2.336626 -1.295007
 1988.000000 2.340070 -1.267189
 1989.000000 2.398175 -1.344139
 1990.000000 2.365702 -1.243748
 1991.000000 2.345020 -1.228353
 1992.000000 2.383580 -1.215004
 1993.000000 2.334505 -1.212498
 1994.000000 2.396469 -1.290396
 1995.000000 2.331479 -1.363213
 1996.000000 2.406884 -1.216508
 1997.000000 2.450082 -1.278173
 1998.000000 2.520316 -1.342569
 1999.000000 2.350399 -1.285048
 2000.000000 2.365941 -1.200505
 2001.000000 2.436463 -1.264931
 2002.000000 2.473544 -1.210226
 2003.000000 2.328533 -1.265716
 2004.000000 2.404306 -1.233631
 2005.000000 2.359330 -1.348132
 2006.000000 2.357210 -1.301279
 2007.000000 2.498077 -1.305419
 2008.000000 2.349935 -1.268738
 2009.000000 2.341555 -1.239654
 2010.000000 2.456001 -1.279080
 2011.000000 2.420050 -1.231184
 2012.000000 2.416367 -1.301294
 2013.000000 2.342707 -1.299753
 2014.000000 2.429052 -1.223982
 2015.000000 2.342096 -1.303694
 2016.000000 2.383183 -1.324474
 2017.000000 2.337988 -1.263378
 2018.000000 2.392630 -1.213929
 2019.000000 2.490360 -1.276076
 2020.000000 2.391753 -1.310601
 2021.000000 2.483344 -1.227599
 2022.000000 2.416897 -1.337338
 2023.000000 2.420475 -1.271014
 2024.000000 2.392980 -1.172650
 2025.000000 2.415536 -1.244222
 2026.000000 2.414991 -1.245998
 2027.000000 2.406132 -1.308434
 2028.000000 2.319791 -1.322403
 2029.000000 2.494307 -1.245902
 2030.000000 2.347521 -1.196452
 2031.000000 2.309689 -1.226286
 2032.000000 2.250651 -1.240937
 2033.000000 2.337591 -1.184422
 2034.000000 2.260534 -1.198678
 2035.000000 2.416228 -1.131823
 2036.000000 2.348252 -1.231093
 2037.000000 2.508551 -1.261044
 2038.000000 2.359246 -1.296171
 2039.000000 2.336330 -1.368217
 2040.000000 2.347911 -1.296304
 2041.000000 2.356621 -1.239954
 2042.000000 2.409539 -1.226032
 2043.000000 2.481277 -1.234023
 2044.000000 2.368494 -1.285174
 2045.000000 2.367324 -1.254386
 2046.000000 2.372361 -1.334998
 2047.000000 2.324432 -1.276833
 2048.000000 2.400622 -1.253996
 2049.000000 2.496486 -1.249220
 2050.000000 2.551637 -1.238768
 2051.000000 2.393624 -1.268301
 2052.000000 2.368964 -1.323838
 2053.000000 2.394074 -1.212475
 2054.000000 2.407144 -1.243122
 2055.000000 2.446307 -1.236258
 2056.000000 2.457079 -1.234735
 2057.000000 2.342696 -1.279111
 2058.000000 2.374600 -1.252202
 2059.000000 2.406553 -1.137264
 2060.000000 2.333852 -1.214857
 2061.000000 2.363260 -1.228333
 2062.000000 2.339174 -1.213446
 2063.000000 2.340148 -1.266133
 2064.000000 2.240834 -1.220802
 2065.000000 2.305435 -1.197193
 2066.000000 2.488157 -1.202678
 2067.000000 2.371761 -1.201275
 2068.000000 2.417982 -1.194435
 2069.000000 2.387405 -1.253626
 2070.000000 2.388838 -1.218603
 2071.000000 2.349943 -1.260919
 2072.000000 2.332389 -1.285802
 2073.000000 2.275358 -1.247698
 2074.000000 2.378191 -1.259735
 2075.000000 2.379218 -1.206646
 2076.000000 2.385135 -1.217419
 2077.000000 2.307349 -1.334860
 2078.000000 2.344937 -1.259035
 2079.000000 2.347537 -1.256266
 2080.000000 2.291711 -1.221150
 2081.000000 2.512047 -1.241844
 2082.000000 2.338362 -1.252961
 2083.000000 2.334684 -1.230192
 2084.000000 2.418657 -1.313975
 2085.000000 2.308592 -1.308742
 2086.000000 2.442177 -1.215374
 2087.000000 2.515277 -1.184902
 2088.000000 2.327523 -1.177906
 2089.000000 2.415711 -1.319791
 2090.000000 2.271352 -1.343913
 2091.000000 2.311903 -1.282758
 2092.000000 2.395447 -1.196506
 2093.000000 2.430837 -1.263678
 2094.000000 2.543526 -1.281859
 2095.000000 2.241088 -1.228506
 2096.000000 2.425179 -1.222779
 2097.000000 2.325238 -1.124052
 2098.000000 2.369920 -1.287276
 2099.000000 2.377574 -1.355172
 2100.000000 2.314923 -1.240660
 2101.000000 2.454053 -1.238162
 2102.000000 2.334661 -1.257235
 2103.000000 2.335268 -1.297780
 2104.000000 2.328323 -1.297988
 2105.000000 2.219189 -1.289063
 2106.000000 2.352468 -1.282396
 2107.000000 2.326272 -1.257010
 2108.000000 2.371393 -1.246268
 2109.000000 2.492261 -1.320513
 2110.000000 2.402385 -1.294972
 2111.000000 2.513095 -1.321164
 2112.000000 2.337515 -1.218081
 2113.000000 2.367768 -1.242134
 2114.000000 2.486558 -1.181038
 2115.000000 2.513795 -1.314632
 2116.000000 2.387070 -1.300740
 2117.000000 2.492274 -1.296220
 2118.000000 2.557707 -1.319848
 2119.000000 2.353616 -1.209302
 2120.000000 2.391467 -1.308454
 2121.000000 2.430846 -1.253629
 2122.000000 2.310092 -1.232367
 2123.000000 2.387079 -1.201005
 2124.000000 2.340131 -1.285825
 2125.000000 2.282796 -1.248298
 2126.000000 2.413579 -1.207026
 2127.000000 2.518639 -1.180696
 2128.000000 2.391603 -1.286597
 2129.000000 2.499510 -1.375186
 2130.000000 2.359874 -1.293388
 2131.000000 2.405071 -1.241372
 2132.000000 2.511305 -1.162674
 2133.000000 2.399207 -1.113949
 2134.000000 2.544597 -1.165671
 2135.000000 2.479089 -1.291919
 2136.000000 2.395514 -1.275286
 2137.000000 2.471116 -1.269182
 2138.000000 2.408334 -1.362893
 2139.000000 2.340682 -1.203244
 2140.000000 2.453458 -1.232032
 2141.000000 2.393995 -1.187445
 2142.000000 2.398053 -1.202171
 2143.000000 2.314041 -1.185941
 2144.000000 2.396330 -1.213812
 2145.000000 2.449337 -1.139801
 2146.000000 2.471444 -1.117296
 2147.000000 2.394845 -1.259779
 2148.000000 2.402908 -1.210347
 2149.000000 2.419250 -1.270396
 2150.000000 2.365771 -1.194512
 2151.000000 2.423937 -1.181594
 2152.000000 2.425120 -1.171175
 2153.000000 2.330924 -1.196199
 2154.000000 2.359116 -1.191023
 2155.000000 2.387232 -1.200322
 2156.000000 2.369936 -1.158387
 2157.000000 2.400247 -1.123495
 2158.000000 2.415997 -1.196549
 2159.000000 2.453101 -1.309852
 2160.000000 2.454808 -1.180167
 2161.000000 2.360339 -1.128579
 2162.000000 2.346317 -1.242262
 2163.000000 2.434055 -1.149951
 2164.000000 2.427191 -1.190575
 2165.000000 2.469533 -1.273817
 2166.000000 2.337154 -1.269189
 2167.000000 2.425776 -1.143932
 2168.000000 2.384473 -1.240443
 2169.000000 2.377356 -1.176604
 2170.000000 2.489489 -1.252754
 2171.000000 2.307062 -1.337249
 2172.000000 2.349377 -1.181235
 2173.000000 2.337794 -1.243883
 2174.000000 2.376940 -1.233125
 2175.000000 2.452454 -1.282120
 2176.000000 2.451710 -1.235055
 2177.000000 2.415524 -1.240705
 2178.000000 2.460754 -1.246698
 2179.000000 2.408612 -1.186767
 2180.000000 2.343262 -1.195260
 2181.000000 2.455192 -1.212281
 2182.000000 2.342762 -1.206351
 2183.000000 2.398678 -1.235610
 2184.000000 2.435216 -1.156707
 2185.000000 2.390444 -1.149556
 2186.000000 2.443019 -1.163657
 2187.000000 2.302328 -1.181063
 2188.000000 2.432450 -1.153189
 2189.000000 2.406056 -1.175076
 2190.000000 2.339592 -1.275651
 2191.000000 2.341458 -1.276165
 2192.000000 2.283711 -1.236097
 2193.000000 2.458526 -1.234650
 2194.000000 2.277063 -1.287271
 2195.000000 2.394783 -1.261209
 2196.000000 2.341638 -1.250852
 2197.000000 2.350417 -1.152145
 2198.000000 2.361113 -1.144738
 2199.000000 2.293909 -1.102811
 2200.000000 2.319755 -1.274056
 2201.000000 2.377904 -1.148430
 2202.000000 2.304554 -1.185083
 2203.000000 2.419209 -1.255417
 2204.000000 2.454685 -1.132971
 2205.000000 2.457906 -1.300616
 2206.000000 2.341321 -1.238086
 2207.000000 2.367852 -1.225261
 2208.000000 2.442487 -1.295125
 2209.000000 2.413210 -1.247891
 2210.000000 2.369371 -1.150868
 2211.000000 2.468909 -1.290665
 2212.000000 2.371749 -1.215299
 2213.000000 2.322704 -1.294423
 2214.000000 2.335144 -1.287788
 2215.000000 2.252178 -1.198114
 2216.000000 2.409141 -1.348585
 2217.000000 2.311612 -1.276572
 2218.000000 2.387883 -1.263805
 2219.000000 2.396420 -1.216685
 2220.000000 2.331120 -1.275702
 2221.000000 2.430574 -1.290091
 2222.000000 2.348429 -1.236854
 2223.000000 2.391459 -1.274428
 2224.000000 2.372855 -1.214745
 2225.000000 2.435358 -1.230977
 2226.000000 2.510633 -1.224299
 2227.000000 2.402210 -1.230716
 2228.000000 2.406514 -1.216805
 2229.000000 2.416686 -1.252462
 2230.000000 2.405189 -1.136246
 2231.000000 2.411173 -1.262739
 2232.000000 2.525501 -1.256701
 2233.000000 2.438755 -1.256944
 2234.000000 2.437525 -1.313717
 2235.000000 2.450598 -1.307271
 2236.000000 2.433129 -1.313777
 2237.000000 2.402683 -1.225232
 2238.000000 2.435301 -1.260580
 2239.000000 2.419401 -1.283930
 2240.000000 2.562511 -1.203659
 2241.000000 2.511010 -1.282373
 2242.000000 2.537723 -1.304629
 2243.000000 2.363522 -1.204881
 2244.000000 2.472827 -1.245789
 2245.000000 2.388476 -1.228583
 2246.000000 2.381205 -1.271327
 2247.000000 2.328264 -1.242673
 2248.000000 2.489562 -1.258434
 2249.000000 2.333191 -1.313623
 2250.000000 2.376583 -1.268667
 2251.000000 2.375849 -1.240236
 2252.000000 2.292241 -1.247542
 2253.000000 2.333682 -1.169671
 2254.000000 2.467359 -1.233506
 2255.000000 2.377176 -1.193477
 2256.000000 2.447918 -1.240588
 2257.000000 2.394649 -1.287472
 2258.000000 2.419286 -1.307849
 2259.000000 2.425259 -1.225897
 2260.000000 2.490105 -1.167265
 2261.000000 2.395717 -1.160898
 2262.000000 2.382753 -1.235615
 2263.000000 2.404729 -1.238260
 2264.000000 2.365526 -1.126045
 2265.000000 2.305123 -1.141802
 2266.000000 2.389065 -1.185059
 2267.000000 2.434224 -1.172657
 2268.000000 2.294545 -1.265746
 2269.000000 2.304696 -1.175960
 2270.000000 2.398361 -1.143441
 2271.000000 2.262708 -1.210951
 2272.000000 2.311871 -1.253773
 2273.000000 2.296777 -1.228171
 2274.000000 2.423747 -1.194406
 2275.000000 2.428113 -1.228480
 2276.000000 2.368394 -1.156789
 2277.000000 2.321166 -1.356998
 2278.000000 2.512250 -1.229735
 2279.000000 2.351611 -1.198096
 2280.000000 2.349152 -1.250601
 2281.000000 2.427366 -1.217984
 2282.000000 2.375776 -1.189347
 2283.000000 2.462727 -1.271979
 2284.000000 2.411022 -1.178598
 2285.000000 2.425809 -1.164815
 2286.000000 2.363549 -1.278892
 2287.000000 2.476336 -1.305981
 2288.000000 2.581054 -1.335168
 2289.000000 2.418158 -1.229939
 2290.000000 2.417468 -1.222961
 2291.000000 2.301400 -1.244692
 2292.000000 2.533007 -1.267630
 2293.000000 2.338055 -1.257682
 2294.000000 2.397045 -1.215464
 2295.000000 2.440504 -1.244478
 2296.000000 2.382464 -1.225569
 2297.000000 2.353430 -1.304471
 2298.000000 2.371655 -1.181065
 2299.000000 2.457487 -1.367847
 2300.000000 2.282960 -1.249722
 2301.000000 2.374751 -1.239259
 2302.000000 2.424001 -1.248935
 2303.000000 2.448175 -1.188295
 2304.000000 2.317359 -1.213026
 2305.000000 2.465038 -1.304905
 2306.000000 2.387591 -1.215656
 2307.000000 2.310461 -1.292598
 2308.000000 2.370157 -1.323572
 2309.000000 2.377859 -1.200447
 2310.000000 2.397336 -1.259353
 2311.000000 2.407559 -1.236290
 2312.000000 2.472270 -1.211747
 2313.000000 2.382935 -1.213679
 2314.000000 2.401481 -1.221161
 2315.000000 2.310637 -1.243260
 2316.000000 2.408362 -1.192944
 2317.000000 2.343884 -1.224275
 2318.000000 2.387689 -1.352152
 2319.000000 2.341278 -1.206558
 2320.000000 2.368638 -1.246593
 2321.000000 2.376055 -1.336046
 2322.000000 2.354256 -1.313138
 2323.000000 2.304811 -1.313739
 2324.000000 2.418910 -1.342651
 2325.000000 2.301276 -1.257127
 2326.000000 2.374118 -1.340843
 2327.000000 2.350215 -1.218041
 2328.000000 2.327178 -1.250753
 2329.000000 2.371017 -1.382885
 2330.000000 2.395495 -1.246548
 2331.000000 2.378851 -1.206655
 2332.000000 2.359049 -1.223150
 2333.000000 2.496294 -1.157279
 2334.000000 2.344687 -1.168907
 2335.000000 2.390480 -1.208876
 2336.000000 2.391720 -1.226667
 2337.000000 2.386295 -1.295149
 2338.000000 2.283828 -1.294331
 2339.000000 2.400661 -1.226402
 2340.000000 2.331003 -1.321457
 2341.000000 2.383002 -1.288021
 2342.000000 2.432199 -1.320540
 2343.000000 2.451917 -1.201913
 2344.000000 2.473781 -1.224372
 2345.000000 2.345502 -1.264421
 2346.000000 2.404553 -1.302533
 2347.000000 2.501454 -1.228783
 2348.000000 2.328141 -1.274436
 2349.000000 2.395058 -1.228116
 2350.000000 2.445062 -1.179155
 2351.000000 2.469965 -1.215780
 2352.000000 2.273041 -1.257156
 2353.000000 2.308204 -1.259816
 2354.000000 2.384239 -1.236087
 2355.000000 2.343732 -1.350947
 2356.000000 2.348415 -1.343244
 2357.000000 2.355829 -1.305340
 2358.000000 2.447346 -1.267088
 2359.000000 2.315368 -1.264618
 2360.000000 2.372626 -1.299594
 2361.000000 2.363658 -1.213051
 2362.000000 2.401826 -1.292981
 2363.000000 2.383609 -1.323919
 2364.000000 2.399400 -1.282925
 2365.000000 2.378544 -1.197385
 2366.000000 2.288441 -1.269935
 2367.000000 2.358644 -1.233451
 2368.000000 2.378915 -1.356549
 2369.000000 2.238902 -1.231219
 2370.000000 2.425393 -1.271874
 2371.000000 2.506286 -1.213358
 2372.000000 2.465475 -1.242874
 2373.000000 2.402125 -1.275488
 2374.000000 2.383703 -1.244042
 2375.000000 2.181108 -1.191384
 2376.000000 2.474200 -1.200337
 2377.000000 2.376747 -1.203858
 2378.000000 2.423527 -1.203965
 2379.000000 2.388530 -1.195041
 2380.000000 2.409593 -1.273108
 2381.000000 2.318520 -1.247291
 2382.000000 2.501213 -1.248905
 2383.000000 2.299486 -1.258041
 2384.000000 2.405392 -1.254891
 2385.000000 2.396469 -1.227959
 2386.000000 2.302773 -1.207546
 2387.000000 2.359459 -1.245538
 2388.000000 2.389544 -1.230960
 2389.000000 2.402241 -1.261515
 2390.000000 2.416431 -1.243669
 2391.000000 2.426414 -1.139918
 2392.000000 2.375112 -1.235257
 2393.000000 2.405328 -1.235376
 2394.000000 2.255992 -1.184127
 2395.000000 2.484136 -1.278484
 2396.000000 2.386014 -1.324055
 2397.000000 2.390494 -1.362764
 2398.000000 2.398361 -1.139593
 2399.000000 2.498254 -1.308629
 2400.000000 2.538761 -1.348364
 2401.000000 2.401169 -1.200678
 2402.000000 2.346627 -1.117771
 2403.000000 2.397124 -1.202246
 2404.000000 2.388459 -1.173791
 2405.000000 2.347335 -1.288788
 2406.000000 2.410570 -1.190688
 2407.000000 2.358938 -1.215712
 2408.000000 2.312769 -1.220637
 2409.000000 2.382990 -1.139905
 2410.000000 2.439721 -1.173582
 2411.000000 2.295580 -1.237545
 2412.000000 2.428771 -1.221345
 2413.000000 2.333601 -1.211317
 2414.000000 2.453629 -1.167259
 2415.000000 2.418116 -1.265392
 2416.000000 2.403789 -1.230921
 2417.000000 2.321693 -1.161839
 2418.000000 2.443803 -1.282644
 2419.000000 2.460118 -1.216483
 2420.000000 2.452610 -1.274334
 2421.000000 2.336259 -1.281642
 2422.000000 2.456136 -1.226207
 2423.000000 2.316121 -1.245441
 2424.000000 2.443552 -1.209261
 2425.000000 2.408978 -1.285362
 2426.000000 2.450186 -1.319777
 2427.000000 2.528529 -1.264348
 2428.000000 2.403759 -1.312985
 2429.000000 2.360191 -1.285506
 2430.000000 2.338476 -1.282676
 2431.000000 2.369454 -1.200605
 2432.000000 2.415561 -1.229893
 2433.000000 2.429564 -1.265267
 2434.000000 2.364298 -1.229932
 2435.000000 2.378961 -1.143766
 2436.000000 2.358002 -1.266842
 2437.000000 2.462772 -1.168967
 2438.000000 2.390542 -1.163143
 2439.000000 2.438423 -1.272505
 2440.000000 2.455259 -1.226761
 2441.000000 2.429613 -1.157663
 2442.000000 2.450769 -1.156269
 2443.000000 2.510900 -1.239181
 2444.000000 2.391456 -1.198375
 2445.000000 2.507608 -1.268428
 2446.000000 2.423763 -1.276597
 2447.000000 2.455501 -1.283155
 2448.000000 2.389510 -1.325300
 2449.000000 2.353326 -1.278028
 2450.000000 2.460324 -1.368359
 2451.000000 2.453208 -1.269481
 2452.000000 2.360472 -1.315891
 2453.000000 2.405643 -1.182082
 2454.000000 2.472756 -1.204668
 2455.000000 2.492089 -1.202537
 2456.000000 2.402935 -1.117062
 2457.000000 2.475326 -1.275718
 2458.000000 2.440023 -1.217061
 2459.000000 2.334999 -1.176272
 2460.000000 2.375572 -1.202732
 2461.000000 2.418682 -1.249750
 2462.000000 2.274241 -1.330481
 2463.000000 2.386788 -1.276113
 2464.000000 2.426769 -1.280223
 2465.000000 2.506629 -1.271104
 2466.000000 2.361344 -1.209072
 2467.000000 2.293634 -1.214830
 2468.000000 2.394099 -1.149773
 2469.000000 2.483192 -1.252841
 2470.000000 2.398033 -1.234166
 2471.000000 2.344300 -1.238022
 2472.000000 2.346527 -1.176497
 2473.000000 2.363954 -1.235307
 2474.000000 2.453317 -1.211702
 2475.000000 2.402190 -1.211618
 2476.000000 2.411446 -1.143108
 2477.000000 2.548114 -1.219227
 2478.000000 2.311242 -1.332094
 2479.000000 2.384008 -1.220892
 2480.000000 2.444428 -1.269740
 2481.000000 2.418826 -1.207607
 2482.000000 2.397494 -1.230176
 2483.000000 2.352398 -1.190754
 2484.000000 2.470354 -1.220619
 2485.000000 2.281375 -1.195462
 2486.000000 2.368494 -1.251563
 2487.000000 2.305328 -1.236273
 2488.000000 2.315935 -1.272927
 2489.000000 2.400417 -1.226915
 2490.000000 2.287643 -1.119521
 2491.000000 2.353205 -1.203642
 2492.000000 2.436492 -1.222552
 2493.000000 2.423559 -1.174649
 2494.000000 2.469865 -1.232197
 2495.000000 2.323212 -1.130486
 2496.000000 2.460497 -1.266602
 2497.000000 2.342941 -1.177040
 2498.000000 2.313668 -1.215928
 2499.000000 2.425866 -1.292628
 2500.000000 2.367089 -1.260996
