#! FIELDS time pd_137_140 diff
 0.000000 1.775989 1.133850
 1.000000 1.760692 1.138044
 2.000000 1.739923 1.105509
 3.000000 1.753764 1.053760
 4.000000 1.728036 1.150623
 5.000000 1.664169 1.214688
 6.000000 1.746261 1.075235
 7.000000 1.775964 1.111798
 8.000000 1.736261 1.033748
 9.000000 1.747340 1.138003
 10.000000 1.717678 1.148942
 11.000000 1.665498 1.169794
 12.000000 1.650459 1.172790
 13.000000 1.635862 1.089900
 14.000000 1.723751 1.163035
 15.000000 1.739136 1.081191
 16.000000 1.740470 1.132953
 17.000000 1.806734 1.062170
 18.000000 1.733128 1.198409
 19.000000 1.703434 1.183299
 20.000000 1.769222 1.087059
 21.000000 1.792044 1.241823
 22.000000 1.690506 1.165605
 23.000000 1.730490 1.143078
 24.000000 1.830872 1.099627
 25.000000 1.671800 1.147753
 26.000000 1.716132 1.105269
 27.000000 1.824406 1.128069
 28.000000 1.720516 1.152752
 29.000000 1.816430 1.174340
 30.000000 1.608222 1.123889
 31.000000 1.654569 1.221347
 32.000000 1.716839 1.118877
 33.000000 1.713320 1.159296
 34.000000 1.786590 1.137871
 35.000000 1.825879 1.200362
 36.000000 1.699535 1.192894
 37.000000 1.639732 1.211809
 38.000000 1.659972 1.184920
 39.000000 1.775070 1.085953
 40.000000 1.841325 1.158412
 41.000000 1.675439 1.087406
 42.000000 1.672033 1.047087
 43.000000 1.761906 1.096027
 44.000000 1.673502 1.105119
 45.000000 1.670135 1.166522
 46.000000 1.827620 1.189351
 47.000000 1.824530 1.143785
 48.000000 1.702482 1.161807
 49.000000 1.718956 1.148549
 50.000000 1.825674 1.157029
 51.000000 1.745376 1.098962
 52.000000 1.682233 1.190532
 53.000000 1.729466 1.091050
 54.000000 1.690155 1.175375
 55.000000 1.746041 1.156134
 56.000000 1.789281 1.208683
 57.000000 1.743817 1.204512
 58.000000 1.680306 1.171796
 59.000000 1.609541 1.070626
 60.000000 1.595043 1.129677
 61.000000 1.720689 1.178095
 62.000000 1.786475 1.138952
 63.000000 1.627209 1.129156
 64.000000 1.594779 1.096773
 65.000000 1.608099 1.079487
 66.000000 1.606728 1.174728
 67.000000 1.729008 1.173861
 68.000000 1.652746 1.179463
 69.000000 1.637994 1.126122
 70.000000 1.639899 1.212913
 71.000000 1.511108 1.189047
 72.000000 1.635442 1.066692
 73.000000 1.661446 1.115674
 74.000000 1.574799 1.178165
 75.000000 1.706798 1.222094
 76.000000 1.695070 1.241334
 77.000000 1.739247 1.136301
 78.000000 1.634683 1.175150
 79.000000 1.676090 1.218840
 80.000000 1.722854 1.084323
 81.000000 1.581185 1.152343
 82.000000 1.557297 1.128114
 83.000000 1.639406 1.098504
 84.000000 1.698207 1.068716
 85.000000 1.637787 1.285919
 86.000000 1.669096 1.194538
 87.000000 1.674788 1.116573
 88.000000 1.640946 1.063130
 89.000000 1.735328 1.124772
 90.000000 1.705560 1.145447
 91.000000 1.821062 1.085180
 92.000000 1.682923 1.135821
 93.000000 1.657216 1.067761
 94.000000 1.644010 1.044220
 95.000000 1.623409 1.152169
 96.000000 1.750893 1.203750
 97.000000 1.639022 1.076027
 98.000000 1.659576 1.116162
 99.000000 1.557031 1.147833
 100.000000 1.599557 1.175317
 101.000000 1.653811 1.152067
 102.000000 1.542289 1.109686
 103.000000 1.676317 1.136871
 104.000000 1.681396 1.159859
 105.000000 1.631128 1.127679
 106.000000 1.642803 1.189654
 107.000000 1.693659 1.118699
 108.000000 1.694896 1.199350
 109.000000 1.624844 1.201875
 110.000000 1.722470 1.146381
 111.000000 1.690041 1.200514
 112.000000 1.586713 1.092880
 113.000000 1.602068 1.036386
 114.000000 1.565446 1.186478
 115.000000 1.616785 1.214580
 116.000000 1.608697 1.119442
 117.000000 1.717123 1.094746
 118.000000 1.666636 1.156534
 119.000000 1.669800 1.055083
 120.000000 1.663472 1.089213
 121.000000 1.703172 1.103592
 122.000000 1.604210 1.111083
 123.000000 1.758981 1.222790
 124.000000 1.762590 1.141779
 125.000000 1.723396 1.217017
 126.000000 1.669308 1.147624
 127.000000 1.684932 1.067571
 128.000000 1.704050 1.176523
 129.000000 1.665822 1.072410
 130.000000 1.613573 1.204594
 131.000000 1.653106 1.170322
 132.000000 1.698755 1.120433
 133.000000 1.693368 1.130012
 134.000000 1.765358 1.124521
 135.000000 1.616254 1.124232
 136.000000 1.720957 1.101047
 137.000000 1.609025 1.154064
 138.000000 1.686168 1.081613
 139.000000 1.790166 1.162512
 140.000000 1.746053 1.107323
 141.000000 1.788053 1.101813
 142.000000 1.845304 1.121996
 143.000000 1.750341 1.073372
 144.000000 1.818586 1.039746
 145.000000 1.618359 1.116287
 146.000000 1.761798 1.245832
 147.000000 1.737412 1.069338
 148.000000 1.815186 1.161803
 149.000000 1.711409 1.068744
 150.000000 1.686233 1.188196
 151.000000 1.727294 1.193943
 152.000000 1.654626 1.089527
 153.000000 1.666966 1.172186
 154.000000 1.776102 1.187756
 155.000000 1.647059 1.232565
 156.000000 1.689951 1.180012
 157.000000 1.742778 1.178533
 158.000000 1.631552 1.153022
 159.000000 1.732639 1.214415
 160.000000 1.649141 1.268511
 161.000000 1.661955 1.247616
 162.000000 1.608041 1.174010
 163.000000 1.638641 1.104805
 164.000000 1.696827 1.200074
 165.000000 1.662427 1.237723
 166.000000 1.708908 1.115979
 167.000000 1.692489 1.110886
 168.000000 1.797617 1.107122
 169.000000 1.726906 1.073400
 170.000000 1.818605 1.183967
 171.000000 1.658131 1.140586
 172.000000 1.793281 1.110373
 173.000000 1.769827 1.183872
 174.000000 1.763579 1.068315
 175.000000 1.740097 1.154054
 176.000000 1.750133 1.131058
 177.000000 1.813891 1.160483
 178.000000 1.831146 1.201654
 179.000000 1.766202 1.191658
 180.000000 1.809015 1.207216
 181.000000 1.750234 1.131481
 182.000000 1.854787 1.149942
 183.000000 1.759826 1.182870
 184.000000 1.775613 1.027861
 185.000000 1.798364 1.123733
 186.000000 1.762471 1.071097
 187.000000 1.799909 1.132336
 188.000000 1.796487 1.134508
 189.000000 1.742317 1.116157
 190.000000 1.865646 1.146419
 191.000000 1.768481 1.157171
 192.000000 1.880078 1.128855
 193.000000 1.877062 1.159699
 194.000000 1.877324 1.015150
 195.000000 1.805357 1.037364
 196.000000 1.695342 1.102968
 197.000000 1.839339 1.003613
 198.000000 1.710648 1.094024
 199.000000 1.693584 1.029731
 200.000000 1.765237 1.177302
 201.000000 1.753408 1.067918
 202.000000 1.713189 1.082095
 203.000000 1.740342 1.002073
 204.000000 1.843588 1.127305
 205.000000 1.804596 1.082448
 206.000000 1.924453 1.128894
 207.000000 1.736792 1.012546
 208.000000 1.759054 1.130576
 209.000000 1.781807 1.135824
 210.000000 1.774719 1.102752
 211.000000 1.758641 1.137727
 212.000000 1.668087 1.127739
 213.000000 1.773193 1.127360
 214.000000 1.649929 1.093509
 215.000000 1.719072 1.226777
 216.000000 1.738120 1.141302
 217.000000 1.744401 1.196884
 218.000000 1.797158 1.208045
 219.000000 1.739208 1.103535
 220.000000 1.895607 1.185432
 221.000000 1.727137 1.165530
 222.000000 1.849826 1.168548
 223.000000 1.642206 1.274168
 224.000000 1.755807 1.134105
 225.000000 1.819560 1.150159
 226.000000 1.882059 1.213048
 227.000000 1.729356 1.127619
 228.000000 1.804149 1.151857
 229.000000 1.868811 1.081593
 230.000000 1.747674 1.072886
 231.000000 1.704715 1.127420
 232.000000 1.754970 1.101973
 233.000000 1.868102 1.126447
 234.000000 1.785216 1.232743
 235.000000 1.845304 1.122252
 236.000000 1.783085 1.068757
 237.000000 1.801428 1.097660
 238.000000 1.900459 1.108693
 239.000000 1.818992 1.050459
 240.000000 1.842381 1.232199
 241.000000 1.889990 1.127068
 242.000000 1.832141 1.145071
 243.000000 1.737568 1.134487
 244.000000 1.866290 1.162487
 245.000000 1.783422 1.146688
 246.000000 1.613722 1.169429
 247.000000 1.729381 1.147921
 248.000000 1.796324 1.171736
 249.000000 1.627378 1.226662
 250.000000 1.587527 1.145686
 251.000000 1.681957 1.093135
 252.000000 1.804585 1.236338
 253.000000 1.797187 1.271539
 254.000000 1.756373 1.119296
 255.000000 1.721458 1.165316
 256.000000 1.836297 1.217034
 257.000000 1.620190 1.188377
 258.000000 1.709883 1.106441
 259.000000 1.816367 1.119245
 260.000000 1.774308 1.143232
 261.000000 1.836769 1.199498
 262.000000 1.798968 1.078993
 263.000000 1.884620 1.199879
 264.000000 1.818199 1.071138
 265.000000 1.799427 1.234309
 266.000000 1.774364 1.168096
 267.000000 1.762019 1.145177
 268.000000 1.702853 1.135112
 269.000000 1.723276 1.139836
 270.000000 1.723579 1.178950
 271.000000 1.719269 1.113226
 272.000000 1.819702 1.160950
 273.000000 1.762642 1.123406
 274.000000 1.819771 1.219132
 275.000000 1.774810 1.096233
 276.000000 1.771172 1.113550
 277.000000 1.711428 1.135535
 278.000000 1.819752 1.112962
 279.000000 1.716908 1.024370
 280.000000 1.926072 1.092703
 281.000000 1.816375 1.046005
 282.000000 1.814725 1.097396
 283.000000 1.872870 1.056742
 284.000000 1.904660 1.095580
 285.000000 1.846209 1.115098
 286.000000 1.836836 1.162514
 287.000000 1.824842 1.096553
 288.000000 1.785206 1.132174
 289.000000 1.867377 1.209729
 290.000000 1.761609 1.102990
 291.000000 1.811467 1.162845
 292.000000 1.848084 1.129528
 293.000000 1.755978 1.076956
 294.000000 1.870864 1.232592
 295.000000 1.782972 1.064942
 296.000000 1.839337 1.118092
 297.000000 1.815167 1.107316
 298.000000 1.822578 1.055957
 299.000000 1.843195 1.183246
 300.000000 1.680414 1.155264
 301.000000 1.740639 1.098781
 302.000000 1.868180 1.240805
 303.000000 1.774846 1.194091
 304.000000 1.783017 1.133772
 305.000000 1.742860 1.122800
 306.000000 1.824792 1.120457
 307.000000 1.790447 1.207902
 308.000000 1.741199 1.228143
 309.000000 1.689651 1.194230
 310.000000 1.696544 1.055754
 311.000000 1.758443 1.170347
 312.000000 1.757926 1.143705
 313.000000 1.810526 1.170348
 314.000000 1.922562 1.121824
 315.000000 1.834270 1.123361
 316.000000 1.751071 1.045615
 317.000000 1.820821 1.144628
 318.000000 1.759819 1.077301
 319.000000 1.779311 1.116209
 320.000000 1.785788 1.097688
 321.000000 1.912239 1.106915
 322.000000 1.864438 1.108925
 323.000000 1.799898 1.151294
 324.000000 1.737086 1.102335
 325.000000 1.804826 1.172003
 326.000000 1.813592 1.164651
 327.000000 1.798878 1.098961
 328.000000 1.757211 1.011767
 329.000000 1.728886 1.089286
 330.000000 1.754895 1.171886
 331.000000 1.703976 1.062987
 332.000000 1.771383 1.122660
 333.000000 1.814505 1.107215
 334.000000 1.628489 1.132928
 335.000000 1.787040 1.178229
 336.000000 1.765237 1.087552
 337.000000 1.712213 1.013407
 338.000000 1.688070 1.055214
 339.000000 1.721998 1.160800
 340.000000 1.690215 1.113527
 341.000000 1.657462 1.124212
 342.000000 1.548164 1.118456
 343.000000 1.686476 1.133793
 344.000000 1.755571 1.138907
 345.000000 1.600247 1.137376
 346.000000 1.725413 1.167322
 347.000000 1.676566 1.152919
 348.000000 1.697317 1.140298
 349.000000 1.641781 1.176523
 350.000000 1.709220 1.163653
 351.000000 1.677551 1.163489
 352.000000 1.676588 1.121452
 353.000000 1.703039 1.162291
 354.000000 1.826075 1.086663
 355.000000 1.716071 1.024129
 356.000000 1.727911 1.061546
 357.000000 1.709319 1.036566
 358.000000 1.727672 1.129810
 359.000000 1.778344 1.195171
 360.000000 1.753621 1.126382
 361.000000 1.724387 1.114685
 362.000000 1.879341 1.134544
 363.000000 1.754995 1.100295
 364.000000 1.839347 1.050720
 365.000000 1.830482 1.087714
 366.000000 1.845692 1.128063
 367.000000 1.786400 1.049251
 368.000000 1.692513 1.126006
 369.000000 1.715937 1.131805
 370.000000 1.647835 1.045571
 371.000000 1.753577 1.122051
 372.000000 1.705302 1.146275
 373.000000 1.829690 1.180767
 374.000000 1.636535 1.128276
 375.000000 1.725860 1.129455
 376.000000 1.786516 1.093644
 377.000000 1.682513 1.165639
 378.000000 1.720808 1.151858
 379.000000 1.807263 1.153222
 380.000000 1.670916 1.232461
 381.000000 1.712637 1.142739
 382.000000 1.679517 1.179689
 383.000000 1.710712 1.163951
 384.000000 1.773004 1.086426
 385.000000 1.714839 1.134674
 386.000000 1.690700 1.086963
 387.000000 1.729599 1.102197
 388.000000 1.707728 1.205576
 389.000000 1.720774 1.145376
 390.000000 1.763069 1.216071
 391.000000 1.731907 1.161939
 392.000000 1.729997 1.214769
 393.000000 1.859359 1.214510
 394.000000 1.682726 1.095607
 395.000000 1.770763 1.194985
 396.000000 1.731950 1.168426
 397.000000 1.750309 1.221887
 398.000000 1.784644 1.084908
 399.000000 1.745703 1.184371
 400.000000 1.712107 1.137418
 401.000000 1.840764 1.177206
 402.000000 1.744799 1.138214
 403.000000 1.712660 1.138345
 404.000000 1.753312 1.138847
 405.000000 1.832005 1.110024
 406.000000 1.774484 1.046040
 407.000000 1.832944 1.041080
 408.000000 1.802284 1.133362
 409.000000 1.734068 1.074630
 410.000000 1.793248 1.090392
 411.000000 1.771361 1.106289
 412.000000 1.628427 1.158273
 413.000000 1.803141 1.128176
 414.000000 1.706967 1.148476
 415.000000 1.817375 1.177635
 416.000000 1.733997 1.126149
 417.000000 1.817156 1.166329
 418.000000 1.792254 1.151742
 419.000000 1.747950 1.215292
 420.000000 1.761541 1.162249
 421.000000 1.825227 1.080291
 422.000000 1.827031 1.151637
 423.000000 1.768816 1.110835
 424.000000 1.780951 1.138278
 425.000000 1.761218 1.109243
 426.000000 1.704979 1.145912
 427.000000 1.701851 1.145428
 428.000000 1.802612 1.182076
 429.000000 1.785355 1.185927
 430.000000 1.977527 1.186613
 431.000000 1.823230 1.284707
 432.000000 1.765575 1.164274
 433.000000 1.656760 1.069140
 434.000000 1.731630 1.080729
 435.000000 1.714553 1.108889
 436.000000 1.745971 1.158124
 437.000000 1.729357 1.126472
 438.000000 1.666022 1.128873
 439.000000 1.750872 1.125812
 440.000000 1.735542 1.128071
 441.000000 1.796261 1.119938
 442.000000 1.835230 1.167777
 443.000000 1.797922 1.199098
 444.000000 1.699676 1.176353
 445.000000 1.689326 1.109382
 446.000000 1.807496 1.113374
 447.000000 1.848090 1.075942
 448.000000 1.880058 1.124543
 449.000000 1.801467 1.127855
 450.000000 1.789953 1.138143
 451.000000 1.844852 0.973101
 452.000000 1.846428 1.074587
 453.000000 1.740503 1.055589
 454.000000 1.726744 1.146743
 455.000000 1.665810 1.169500
 456.000000 1.617929 1.122223
 457.000000 1.829077 1.175825
 458.000000 1.758859 1.086681
 459.000000 1.745404 1.048739
 460.000000 1.703696 1.130584
 461.000000 1.777455 1.103713
 462.000000 1.726346 1.066391
 463.000000 1.770923 1.140290
 464.000000 1.776373 1.108151
 465.000000 1.756410 1.092997
 466.000000 1.830601 1.079954
 467.000000 1.914324 1.137108
 468.000000 1.786255 1.054309
 469.000000 1.651673 1.174624
 470.000000 1.819405 1.105101
 471.000000 1.752401 1.104870
 472.000000 1.724883 1.126985
 473.000000 1.806449 1.139879
 474.000000 1.775763 1.220809
 475.000000 1.780757 1.150156
 476.000000 1.732574 1.194279
 477.000000 1.957660 1.132439
 478.000000 1.763399 1.167134
 479.000000 1.882954 1.057705
 480.000000 1.860380 1.055829
 481.000000 1.802557 1.138952
 482.000000 1.753079 1.063376
 483.000000 1.743421 1.043129
 484.000000 1.822967 1.101443
 485.000000 1.783722 1.154214
 486.000000 1.806552 1.234887
 487.000000 1.802120 1.180071
 488.000000 1.837574 1.190282
 489.000000 1.782310 1.108699
 490.000000 1.753264 1.121890
 491.000000 1.802960 1.132505
 492.000000 1.726092 1.201356
 493.000000 1.742048 1.229656
 494.000000 1.757583 1.174900
 495.000000 1.747791 1.071680
 496.000000 1.748976 1.162978
 497.000000 1.695694 1.143950
 498.000000 1.778804 1.179373
 499.000000 1.761627 1.192628
 500.000000 1.814935 1.127517
 501.000000 1.818816 1.160758
 502.000000 1.755739 1.192104
 503.000000 1.840555 1.113605
 504.000000 1.810665 1.183343
 505.000000 1.737780 1.138101
 506.000000 1.811931 1.157146
 507.000000 1.819505 1.150148
 508.000000 1.715991 1.115878
 509.000000 1.833936 1.101317
 510.000000 1.730256 1.057541
 511.000000 1.802050 1.093660
 512.000000 1.794105 1.078740
 513.000000 1.797893 1.242475
 514.000000 1.782956 1.141951
 515.000000 1.756664 1.078999
 516.000000 1.804476 1.123098
 517.000000 1.748822 1.108210
 518.000000 1.714454 1.046012
 519.000000 1.747839 1.210209
 520.000000 1.743420 1.089335
 521.000000 1.710149 1.199508
 522.000000 1.726525 1.169267
 523.000000 1.687327 1.210864
 524.000000 1.733748 1.055870
 525.000000 1.780682 1.190836
 526.000000 1.830530 1.095151
 527.000000 1.719189 1.133338
 528.000000 1.678038 1.030497
 529.000000 1.813887 1.134397
 530.000000 1.784837 1.106737
 531.000000 1.819312 1.208775
 532.000000 1.789708 1.109460
 533.000000 1.700178 1.074991
 534.000000 1.823852 1.111100
 535.000000 1.702127 1.114049
 536.000000 1.810359 1.035939
 537.000000 1.817360 1.165410
 538.000000 1.657458 1.176881
 539.000000 1.616406 1.114991
 540.000000 1.725525 1.043332
 541.000000 1.743710 1.127099
 542.000000 1.742018 1.173907
 543.000000 1.802830 1.090726
 544.000000 1.888958 1.170904
 545.000000 1.794712 1.101597
 546.000000 1.742403 1.125668
 547.000000 1.748559 1.182566
 548.000000 1.635775 1.208573
 549.000000 1.756764 1.136900
 550.000000 1.662448 1.189355
 551.000000 1.793707 1.251723
 552.000000 1.712622 1.140610
 553.000000 1.727422 1.112763
 554.000000 1.757292 1.185306
 555.000000 1.729041 1.155919
 556.000000 1.743926 1.067315
 557.000000 1.838845 1.210844
 558.000000 1.712764 1.147338
 559.000000 1.711048 1.133225
 560.000000 1.768308 0.996055
 561.000000 1.797373 1.023599
 562.000000 1.752008 1.130849
 563.000000 1.821039 1.168002
 564.000000 1.753854 1.104233
 565.000000 1.619353 1.020479
 566.000000 1.654325 1.189308
 567.000000 1.645993 1.095365
 568.000000 1.684507 1.108888
 569.000000 1.720751 1.028528
 570.000000 1.654330 1.117646
 571.000000 1.700888 1.030940
 572.000000 1.726964 1.086056
 573.000000 1.698739 1.097561
 574.000000 1.770980 1.050083
 575.000000 1.716304 1.114788
 576.000000 1.635416 1.041386
 577.000000 1.764427 1.122752
 578.000000 1.690197 1.061176
 579.000000 1.818469 1.190148
 580.000000 1.816452 1.152344
 581.000000 1.779795 1.039531
 582.000000 1.717897 1.060726
 583.000000 1.723030 1.108097
 584.000000 1.702789 1.124972
 585.000000 1.743433 1.045677
 586.000000 1.673063 1.057190
 587.000000 1.861875 1.107162
 588.000000 1.711417 1.127403
 589.000000 1.812291 1.128804
 590.000000 1.780890 1.068509
 591.000000 1.707765 1.086944
 592.000000 1.718981 1.091735
 593.000000 1.572772 1.144343
 594.000000 1.747453 1.068493
 595.000000 1.770089 1.204012
 596.000000 1.644772 1.188585
 597.000000 1.739839 1.055640
 598.000000 1.777568 1.167737
 599.000000 1.785566 1.122779
 600.000000 1.884095 1.086438
 601.000000 1.740625 1.115889
 602.000000 1.685728 1.116908
 603.000000 1.795202 1.009357
 604.000000 1.754250 1.072912
 605.000000 1.757630 1.125818
 606.000000 1.711935 1.085902
 607.000000 1.837340 1.164337
 608.000000 1.761291 1.211427
 609.000000 1.761613 1.190400
 610.000000 1.710996 1.164541
 611.000000 1.836934 1.144928
 612.000000 1.777796 1.175512
 613.000000 1.692592 1.226833
 614.000000 1.720501 1.123949
 615.000000 1.774983 1.165235
 616.000000 1.709892 1.203003
 617.000000 1.783134 1.224561
 618.000000 1.769368 1.099766
 619.000000 1.759448 1.118668
 620.000000 1.764296 1.187590
 621.000000 1.871606 1.073752
 622.000000 1.780558 1.185904
 623.000000 1.821228 1.097376
 624.000000 1.789856 1.090518
 625.000000 1.784014 1.171557
 626.000000 1.621481 1.108385
 627.000000 1.713613 1.143042
 628.000000 1.827930 1.083774
 629.000000 1.756386 1.161337
 630.000000 1.762865 1.112712
 631.000000 1.835049 1.172828
 632.000000 1.762845 1.053657
 633.000000 1.789740 1.149418
 634.000000 1.805981 1.116007
 635.000000 1.784222 1.051370
 636.000000 1.786433 1.093609
 637.000000 1.788887 1.080665
 638.000000 1.642789 1.112588
 639.000000 1.662111 1.134898
 640.000000 1.726032 1.091735
 641.000000 1.732650 1.115744
 642.000000 1.681817 1.127612
 643.000000 1.788202 1.107717
 644.000000 1.713524 1.103816
 645.000000 1.590547 1.068538
 646.000000 1.758252 1.132855
 647.000000 1.731754 1.071329
 648.000000 1.656696 1.105626
 649.000000 1.678478 1.054520
 650.000000 1.747154 1.107804
 651.000000 1.659745 1.142329
 652.000000 1.711290 1.113119
 653.000000 1.499167 1.062974
 654.000000 1.605301 1.125789
 655.000000 1.679282 1.242128
 656.000000 1.660076 1.093002
 657.000000 1.649514 1.034694
 658.000000 1.616701 1.089555
 659.000000 1.719118 1.087725
 660.000000 1.729628 1.203478
 661.000000 1.850796 1.219669
 662.000000 1.725389 1.132927
 663.000000 1.755177 1.145229
 664.000000 1.782741 1.090043
 665.000000 1.716597 1.048964
 666.000000 1.703036 1.140537
 667.000000 1.792072 1.080764
 668.000000 1.861278 1.102928
 669.000000 1.697236 1.090236
 670.000000 1.737019 1.177684
 671.000000 1.644439 1.117110
 672.000000 1.714986 1.150129
 673.000000 1.750761 1.123995
 674.000000 1.675169 1.211788
 675.000000 1.767258 1.086439
 676.000000 1.752164 1.095158
 677.000000 1.727583 1.058396
 678.000000 1.836020 1.092731
 679.000000 1.688573 1.087923
 680.000000 1.825102 1.101724
 681.000000 1.807451 1.075280
 682.000000 1.739800 1.232164
 683.000000 1.841599 1.188830
 684.000000 1.772732 1.135932
 685.000000 1.827536 1.074823
 686.000000 1.901727 1.126888
 687.000000 1.678305 1.120733
 688.000000 1.799215 1.060384
 689.000000 1.710788 1.066222
 690.000000 1.707009 1.122248
 691.000000 1.647183 1.059401
 692.000000 1.744985 1.058047
 693.000000 1.781912 1.055567
 694.000000 1.793689 1.081642
 695.000000 1.636512 1.152153
 696.000000 1.750729 1.055590
 697.000000 1.744596 1.119501
 698.000000 1.768504 1.138534
 699.000000 1.798740 1.185746
 700.000000 1.821273 1.126351
 701.000000 1.855623 0.926414
 702.000000 1.772069 1.128715
 703.000000 1.697372 1.124252
 704.000000 1.792297 1.068168
 705.000000 1.744236 1.117072
 706.000000 1.797708 1.188528
 707.000000 1.733824 1.118923
 708.000000 1.847417 1.175694
 709.000000 1.715868 1.119665
 710.000000 1.724323 1.118559
 711.000000 1.765919 1.173079
 712.000000 1.726279 1.129928
 713.000000 1.748267 1.055371
 714.000000 1.684841 1.114556
 715.000000 1.713837 1.204817
 716.000000 1.727664 1.179703
 717.000000 1.737754 1.157657
 718.000000 1.599881 1.148750
 719.000000 1.759745 1.110858
 720.000000 1.852022 1.111900
 721.000000 1.715576 1.128420
 722.000000 1.682155 1.109094
 723.000000 1.778667 1.151014
 724.000000 1.608634 1.108295
 725.000000 1.651455 1.138666
 726.000000 1.726598 1.186827
 727.000000 1.702657 1.170405
 728.000000 1.665060 1.085421
 729.000000 1.672625 1.127522
 730.000000 1.697217 1.153073
 731.000000 1.634349 1.209804
 732.000000 1.707552 1.211502
 733.000000 1.628207 1.188195
 734.000000 1.711023 1.086981
 735.000000 1.707835 1.120273
 736.000000 1.698806 1.155043
 737.000000 1.718592 1.183302
 738.000000 1.692986 1.087081
 739.000000 1.710269 1.054970
 740.000000 1.647289 1.067656
 741.000000 1.645898 1.159607
 742.000000 1.735012 1.135479
 743.000000 1.678142 1.114608
 744.000000 1.761245 1.104160
 745.000000 1.605704 1.111653
 746.000000 1.680029 1.158066
 747.000000 1.665895 1.157926
 748.000000 1.569743 1.191835
 749.000000 1.641115 1.162934
 750.000000 1.746015 1.218785
 751.000000 1.662940 1.123698
 752.000000 1.644229 1.087140
 753.000000 1.819450 1.197581
 754.000000 1.679930 1.159164
 755.000000 1.613280 1.118587
 756.000000 1.731952 1.149834
 757.000000 1.611684 1.128607
 758.000000 1.680436 1.135268
 759.000000 1.658088 1.168523
 760.000000 1.710161 1.161197
 761.000000 1.643199 1.147764
 762.000000 1.777102 1.163343
 763.000000 1.758974 1.145797
 764.000000 1.704665 1.121329
 765.000000 1.839427 1.091784
 766.000000 1.667557 1.036723
 767.000000 1.667547 1.111695
 768.000000 1.693818 1.143490
 769.000000 1.846146 1.140771
 770.000000 1.665733 1.095587
 771.000000 1.726216 1.065582
 772.000000 1.591654 1.038721
 773.000000 1.750077 1.129959
 774.000000 1.759612 1.077715
 775.000000 1.785392 1.064012
 776.000000 1.697389 1.170522
 777.000000 1.740479 1.157332
 778.000000 1.701531 1.124365
 779.000000 1.756202 1.119256
 780.000000 1.702698 1.123462
 781.000000 1.824153 1.118074
 782.000000 1.906010 1.090708
 783.000000 1.845558 1.153567
 784.000000 1.751581 1.105949
 785.000000 1.812855 1.177242
 786.000000 1.723007 1.216419
 787.000000 1.764322 1.218298
 788.000000 1.720158 1.186377
 789.000000 1.797356 1.216690
 790.000000 1.728089 1.152504
 791.000000 1.683471 1.098150
 792.000000 1.742845 1.147135
 793.000000 1.661564 1.172528
 794.000000 1.717262 1.156744
 795.000000 1.667579 1.181379
 796.000000 1.589253 1.196651
 797.000000 1.767720 1.236553
 798.000000 1.637544 1.243617
 799.000000 1.630444 1.214914
 800.000000 1.660005 1.250342
 801.000000 1.784287 1.169393
 802.000000 1.721945 1.240028
 803.000000 1.613745 1.239226
 804.000000 1.678806 1.127076
 805.000000 1.706024 1.145520
 806.000000 1.733190 1.121042
 807.000000 1.582944 1.150225
 808.000000 1.726778 1.119534
 809.000000 1.717917 1.102070
 810.000000 1.679280 1.125885
 811.000000 1.762300 1.149223
 812.000000 1.663804 1.123283
 813.000000 1.509542 1.159177
 814.000000 1.771057 1.173006
 815.000000 1.819271 1.188283
 816.000000 1.632309 1.134026
 817.000000 1.628635 1.146160
 818.000000 1.770436 1.155375
 819.000000 1.701308 1.204412
 820.000000 1.745230 1.158898
 821.000000 1.592407 1.085302
 822.000000 1.683296 1.162697
 823.000000 1.700357 1.191510
 824.000000 1.673873 1.145874
 825.000000 1.676733 1.104463
 826.000000 1.741721 1.052819
 827.000000 1.690062 1.032880
 828.000000 1.636769 1.024156
 829.000000 1.737197 1.134019
 830.000000 1.637428 1.133056
 831.000000 1.707881 1.137748
 832.000000 1.595481 1.029561
 833.000000 1.734856 1.091981
 834.000000 1.689975 1.108932
 835.000000 1.706039 1.133655
 836.000000 1.696325 1.050800
 837.000000 1.717711 1.129290
 838.000000 1.742211 1.185194
 839.000000 1.721354 1.172586
 840.000000 1.631235 1.209683
 841.000000 1.678259 1.169356
 842.000000 1.646656 1.147361
 843.000000 1.603267 1.128121
 844.000000 1.603510 1.171990
 845.000000 1.722375 1.210653
 846.000000 1.690175 1.130824
 847.000000 1.662509 1.130389
 848.000000 1.670111 1.171893
 849.000000 1.664858 1.135633
 850.000000 1.698797 1.119046
 851.000000 1.682881 1.104637
 852.000000 1.650843 1.086427
 853.000000 1.624188 1.134924
 854.000000 1.730640 1.147945
 855.000000 1.732591 1.172063
 856.000000 1.647522 1.162383
 857.000000 1.599557 1.176928
 858.000000 1.588441 1.226385
 859.000000 1.571335 1.169317
 860.000000 1.625701 1.059231
 861.000000 1.766136 1.138712
 862.000000 1.687396 1.079695
 863.000000 1.637212 1.073599
 864.000000 1.734621 1.094200
 865.000000 1.609872 1.126872
 866.000000 1.643003 1.135725
 867.000000 1.690700 1.057189
 868.000000 1.647076 1.030045
 869.000000 1.691608 1.168738
 870.000000 1.849275 1.130126
 871.000000 1.784212 1.097208
 872.000000 1.654569 1.122659
 873.000000 1.683522 1.177364
 874.000000 1.712068 1.139296
 875.000000 1.642955 1.060141
 876.000000 1.644713 1.135837
 877.000000 1.759296 1.116517
 878.000000 1.709894 1.097838
 879.000000 1.638452 1.146539
 880.000000 1.687879 1.131018
 881.000000 1.751221 1.111308
 882.000000 1.721737 1.115820
 883.000000 1.616884 1.096736
 884.000000 1.612166 1.096488
 885.000000 1.608058 1.077767
 886.000000 1.772881 1.034569
 887.000000 1.685412 1.111733
 888.000000 1.784020 1.026883
 889.000000 1.731524 1.149596
 890.000000 1.769984 1.128261
 891.000000 1.683742 1.176326
 892.000000 1.777055 1.120444
 893.000000 1.670189 1.133279
 894.000000 1.586540 1.077312
 895.000000 1.698218 1.127328
 896.000000 1.627210 1.153924
 897.000000 1.698116 1.048477
 898.000000 1.688539 1.143417
 899.000000 1.631788 1.167278
 900.000000 1.682815 1.040789
 901.000000 1.773045 1.187828
 902.000000 1.768191 1.019060
 903.000000 1.689335 1.160194
 904.000000 1.766418 1.116531
 905.000000 1.605456 1.151938
 906.000000 1.750324 1.068810
 907.000000 1.676718 1.137147
 908.000000 1.633492 1.193729
 909.000000 1.689820 1.171966
 910.000000 1.679543 1.142990
 911.000000 1.837385 1.091984
 912.000000 1.793695 1.146872
 913.000000 1.639563 1.151962
 914.000000 1.805173 1.068164
 915.000000 1.599425 1.052271
 916.000000 1.827958 1.011065
 917.000000 1.680402 1.070662
 918.000000 1.761881 1.122451
 919.000000 1.772753 1.008799
 920.000000 1.711326 1.023935
 921.000000 1.778950 1.084132
 922.000000 1.844308 1.061977
 923.000000 1.738764 1.233713
 924.000000 1.752974 1.097244
 925.000000 1.623866 1.124388
 926.000000 1.619225 1.064685
 927.000000 1.775527 1.081261
 928.000000 1.708144 1.079014
 929.000000 1.685383 1.112363
 930.000000 1.659639 1.047679
 931.000000 1.740715 1.055690
 932.000000 1.746426 1.109514
 933.000000 1.731622 1.141462
 934.000000 1.681233 1.086199
 935.000000 1.710886 1.159659
 936.000000 1.674736 1.132454
 937.000000 1.736630 1.102735
 938.000000 1.800332 1.098489
 939.000000 1.784385 1.090024
 940.000000 1.757865 1.156753
 941.000000 1.777591 1.126789
 942.000000 1.890469 1.066329
 943.000000 1.748117 1.102538
 944.000000 1.745481 1.029240
 945.000000 1.828862 1.052702
 946.000000 1.688140 1.041603
 947.000000 1.784446 1.039827
 948.000000 1.843658 1.131004
 949.000000 1.728476 1.072643
 950.000000 1.778636 1.114902
 951.000000 1.776029 1.050785
 952.000000 1.812531 1.160115
 953.000000 1.758372 1.071769
 954.000000 1.799495 1.035680
 955.000000 1.714642 1.076086
 956.000000 1.858825 1.125995
 957.000000 1.807716 1.106633
 958.000000 1.780726 1.183253
 959.000000 1.687462 1.125180
 960.000000 1.849649 1.190569
 961.000000 1.749484 1.165988
 962.000000 1.823303 1.078602
 963.000000 1.719372 1.088952
 964.000000 1.725537 1.122655
 965.000000 1.788521 1.066188
 966.000000 1.729672 1.065129
 967.000000 1.713951 1.139040
 968.000000 1.725010 1.108021
 969.000000 1.818950 1.129089
 970.000000 1.807966 1.139858
 971.000000 1.635873 1.197625
 972.000000 1.710220 1.156226
 973.000000 1.635537 1.166060
 974.000000 1.627937 1.098318
 975.000000 1.559443 1.139133
 976.000000 1.725370 1.170378
 977.000000 1.721042 1.172865
 978.000000 1.598685 1.174884
 979.000000 1.799104 1.149501
 980.000000 1.656746 1.115488
 981.000000 1.760259 1.135655
 982.000000 1.768146 1.129766
 983.000000 1.632666 1.195897
 984.000000 1.759275 1.066416
 985.000000 1.659895 1.144947
 986.000000 1.834322 1.138004
 987.000000 1.727453 1.078010
 988.000000 1.727535 1.171038
 989.000000 1.739613 1.105980
 990.000000 1.759075 1.094269
 991.000000 1.711650 1.093885
 992.000000 1.656032 1.154633
 993.000000 1.592383 1.067419
 994.000000 1.708306 1.176998
 995.000000 1.693164 1.143511
 996.000000 1.680267 1.131947
 997.000000 1.880949 1.142791
 998.000000 1.707956 1.118216
 999.000000 1.820781 1.145325
 1000.000000 1.745711 1.170177
 1001.000000 1.780341 1.226623
 1002.000000 1.741353 1.183136
 1003.000000 1.811504 1.225277
 1004.000000 1.807093 1.242731
 1005.000000 1.790427 1.125020
 1006.000000 1.793080 1.204131
 1007.000000 1.805403 1.167930
 1008.000000 1.707213 1.072095
 1009.000000 1.713120 1.096217
 1010.000000 1.768994 1.098661
 1011.000000 1.692768 1.134160
 1012.000000 1.741618 1.099371
 1013.000000 1.620953 1.058051
 1014.000000 1.770672 1.080999
 1015.000000 1.723417 1.073058
 1016.000000 1.738013 1.103899
 1017.000000 1.715210 1.174814
 1018.000000 1.752907 1.157664
 1019.000000 1.757339 1.167265
 1020.000000 1.732613 1.156481
 1021.000000 1.608781 1.135143
 1022.000000 1.710348 1.185622
 1023.000000 1.757932 1.181161
 1024.000000 1.848234 1.132493
 1025.000000 1.587779 1.137066
 1026.000000 1.733701 1.051240
 1027.000000 1.612026 1.100928
 1028.000000 1.823365 1.117875
 1029.000000 1.723774 1.084524
 1030.000000 1.688390 1.103468
 1031.000000 1.765016 1.096930
 1032.000000 1.750310 1.170269
 1033.000000 1.739209 1.140328
 1034.000000 1.820793 1.095177
 1035.000000 1.790686 1.117645
 1036.000000 1.875877 1.170366
 1037.000000 1.703967 1.122006
 1038.000000 1.756789 1.116551
 1039.000000 1.783674 1.128526
 1040.000000 1.730425 1.141570
 1041.000000 1.774940 1.087901
 1042.000000 1.780790 1.191789
 1043.000000 1.771027 1.144133
 1044.000000 1.791609 1.131120
 1045.000000 1.654819 1.125542
 1046.000000 1.754940 1.091427
 1047.000000 1.686068 1.097226
 1048.000000 1.765989 1.122712
 1049.000000 1.732119 1.132943
 1050.000000 1.870462 1.137099
 1051.000000 1.739970 1.121979
 1052.000000 1.868503 1.080301
 1053.000000 1.757100 1.133155
 1054.000000 1.758967 1.128394
 1055.000000 1.758120 1.024756
 1056.000000 1.805904 1.095299
 1057.000000 1.811319 1.095879
 1058.000000 1.805376 1.087472
 1059.000000 1.878383 1.140422
 1060.000000 1.874797 1.051686
 1061.000000 1.819141 1.072473
 1062.000000 1.765410 1.041607
 1063.000000 1.784237 1.027057
 1064.000000 1.692529 1.049541
 1065.000000 1.754933 1.092240
 1066.000000 1.701879 1.076030
 1067.000000 1.766569 1.093925
 1068.000000 1.545181 1.115523
 1069.000000 1.602476 1.088134
 1070.000000 1.727376 1.115544
 1071.000000 1.789491 1.068789
 1072.000000 1.702022 1.140965
 1073.000000 1.778652 1.136969
 1074.000000 1.688965 1.117620
 1075.000000 1.798452 1.099633
 1076.000000 1.641663 1.110454
 1077.000000 1.743432 1.045893
 1078.000000 1.653365 1.062978
 1079.000000 1.709769 1.050288
 1080.000000 1.599563 1.036468
 1081.000000 1.671496 1.122969
 1082.000000 1.732598 1.044153
 1083.000000 1.710069 1.186482
 1084.000000 1.765750 1.092375
 1085.000000 1.710379 1.121998
 1086.000000 1.678448 1.059594
 1087.000000 1.616663 1.110304
 1088.000000 1.796261 1.128712
 1089.000000 1.819047 1.085143
 1090.000000 1.834730 1.081051
 1091.000000 1.734763 1.073804
 1092.000000 1.599119 1.141661
 1093.000000 1.725035 1.165073
 1094.000000 1.800747 1.144613
 1095.000000 1.702793 1.076960
 1096.000000 1.704678 1.134440
 1097.000000 1.695443 1.087311
 1098.000000 1.783296 1.056344
 1099.000000 1.777404 1.064519
 1100.000000 1.793938 1.079069
 1101.000000 1.627543 1.114807
 1102.000000 1.722649 1.066158
 1103.000000 1.771502 1.114827
 1104.000000 1.712278 1.162717
 1105.000000 1.723705 0.964417
 1106.000000 1.823610 1.018355
 1107.000000 1.635333 1.067959
 1108.000000 1.686264 1.003398
 1109.000000 1.672296 1.058860
 1110.000000 1.686137 1.046880
 1111.000000 1.764763 1.034648
 1112.000000 1.748655 0.989440
 1113.000000 1.721292 0.974970
 1114.000000 1.785031 1.048835
 1115.000000 1.624664 1.096773
 1116.000000 1.725332 1.130180
 1117.000000 1.750129 0.992786
 1118.000000 1.778240 1.062327
 1119.000000 1.798772 1.088200
 1120.000000 1.717876 1.098699
 1121.000000 1.778797 1.061534
 1122.000000 1.725116 1.125086
 1123.000000 1.642625 1.119209
 1124.000000 1.638986 1.089949
 1125.000000 1.811383 1.116838
 1126.000000 1.733213 1.152275
 1127.000000 1.816912 1.110137
 1128.000000 1.818708 1.180749
 1129.000000 1.829108 1.213655
 1130.000000 1.777734 1.184619
 1131.000000 1.793077 1.118024
 1132.000000 1.737181 1.167350
 1133.000000 1.703945 1.127877
 1134.000000 1.748708 1.150897
 1135.000000 1.917321 1.179359
 1136.000000 1.778635 1.168297
 1137.000000 1.791535 1.170333
 1138.000000 1.803776 1.104032
 1139.000000 1.716692 1.055047
 1140.000000 1.769166 1.082952
 1141.000000 1.846783 1.162625
 1142.000000 1.763347 1.015148
 1143.000000 1.721642 1.064583
 1144.000000 1.762074 1.040827
 1145.000000 1.835013 1.103364
 1146.000000 1.817226 1.099611
 1147.000000 1.708734 1.178913
 1148.000000 1.791381 1.099509
 1149.000000 1.687023 1.049519
 1150.000000 1.633561 1.142818
 1151.000000 1.724726 1.145403
 1152.000000 1.910514 1.072718
 1153.000000 1.808451 1.143608
 1154.000000 1.823934 1.078292
 1155.000000 1.775870 1.206513
 1156.000000 1.786064 1.122282
 1157.000000 1.781973 1.072227
 1158.000000 1.691998 1.126272
 1159.000000 1.738198 1.006663
 1160.000000 1.785876 1.003017
 1161.000000 1.738786 1.033084
 1162.000000 1.801560 1.067495
 1163.000000 1.802076 1.029098
 1164.000000 1.702427 1.073497
 1165.000000 1.761541 1.112963
 1166.000000 1.623020 1.088333
 1167.000000 1.731428 1.053164
 1168.000000 1.797277 1.066242
 1169.000000 1.734590 1.048840
 1170.000000 1.548383 1.170102
 1171.000000 1.722154 1.135237
 1172.000000 1.813552 1.122676
 1173.000000 1.792068 1.018906
 1174.000000 1.780132 1.086357
 1175.000000 1.668929 1.126292
 1176.000000 1.751185 1.209558
 1177.000000 1.726676 1.148129
 1178.000000 1.696078 1.136678
 1179.000000 1.632680 1.127676
 1180.000000 1.732277 1.056078
 1181.000000 1.768732 1.128991
 1182.000000 1.662553 1.104550
 1183.000000 1.768097 1.061992
 1184.000000 1.730448 1.122447
 1185.000000 1.682132 1.213666
 1186.000000 1.612313 1.097651
 1187.000000 1.808245 1.149880
 1188.000000 1.736242 1.020801
 1189.000000 1.705799 1.091818
 1190.000000 1.683340 1.040028
 1191.000000 1.720536 1.080045
 1192.000000 1.723709 1.079190
 1193.000000 1.789661 1.043080
 1194.000000 1.716095 1.125931
 1195.000000 1.742227 1.089521
 1196.000000 1.767174 1.097659
 1197.000000 1.674600 1.142402
 1198.000000 1.666056 1.124834
 1199.000000 1.664029 1.189270
 1200.000000 1.753235 1.050417
 1201.000000 1.713468 1.066159
 1202.000000 1.638474 1.101331
 1203.000000 1.816101 1.031231
 1204.000000 1.704973 1.038675
 1205.000000 1.655112 1.055415
 1206.000000 1.673114 1.048498
 1207.000000 1.742470 1.125811
 1208.000000 1.877113 1.111816
 1209.000000 1.656291 1.109855
 1210.000000 1.719179 1.128052
 1211.000000 1.705797 1.120839
 1212.000000 1.765405 1.153220
 1213.000000 1.659754 1.158512
 1214.000000 1.707372 1.079137
 1215.000000 1.662127 1.093671
 1216.000000 1.649187 1.127499
 1217.000000 1.723123 1.238901
 1218.000000 1.821541 1.146576
 1219.000000 1.818703 1.188872
 1220.000000 1.723592 1.174245
 1221.000000 1.699604 1.153221
 1222.000000 1.709685 1.114270
 1223.000000 1.787906 1.172626
 1224.000000 1.645072 1.029263
 1225.000000 1.660064 1.052263
 1226.000000 1.799113 1.139880
 1227.000000 1.741206 1.088897
 1228.000000 1.762861 1.110409
 1229.000000 1.726765 1.124625
 1230.000000 1.720770 1.059284
 1231.000000 1.718435 1.121315
 1232.000000 1.791124 1.132860
 1233.000000 1.694337 1.146140
 1234.000000 1.774371 1.134911
 1235.000000 1.729944 1.157252
 1236.000000 1.860231 1.144805
 1237.000000 1.696337 1.133929
 1238.000000 1.663311 1.084283
 1239.000000 1.743418 1.210162
 1240.000000 1.835181 1.188334
 1241.000000 1.697031 1.157070
 1242.000000 1.673865 1.154915
 1243.000000 1.735306 1.092916
 1244.000000 1.595749 1.066207
 1245.000000 1.757944 1.128652
 1246.000000 1.668282 1.167657
 1247.000000 1.615687 1.227711
 1248.000000 1.707384 1.106961
 1249.000000 1.677139 1.066569
 1250.000000 1.767874 1.114336
 1251.000000 1.660212 1.105568
 1252.000000 1.617308 1.122409
 1253.000000 1.691176 1.095734
 1254.000000 1.638284 1.150100
 1255.000000 1.649651 1.158672
 1256.000000 1.603434 1.220058
 1257.000000 1.652751 1.130246
 1258.000000 1.750773 1.177922
 1259.000000 1.607694 1.079667
 1260.000000 1.677969 1.129196
 1261.000000 1.612336 1.086139
 1262.000000 1.678617 1.138523
 1263.000000 1.740749 1.089307
 1264.000000 1.635516 1.115897
 1265.000000 1.693894 1.146947
 1266.000000 1.563371 1.095820
 1267.000000 1.685113 1.204711
 1268.000000 1.596637 1.126063
 1269.000000 1.759509 1.121340
 1270.000000 1.665576 1.182529
 1271.000000 1.639313 1.192578
 1272.000000 1.774578 1.265660
 1273.000000 1.612519 1.114189
 1274.000000 1.715042 1.260428
 1275.000000 1.693923 1.191612
 1276.000000 1.729287 1.177857
 1277.000000 1.747115 1.255146
 1278.000000 1.679999 1.163637
 1279.000000 1.671370 1.133647
 1280.000000 1.709294 1.055680
 1281.000000 1.644707 1.087112
 1282.000000 1.708882 1.106895
 1283.000000 1.706109 1.122338
 1284.000000 1.747241 1.111121
 1285.000000 1.709532 1.058972
 1286.000000 1.611731 1.068376
 1287.000000 1.739175 1.118892
 1288.000000 1.717853 1.193921
 1289.000000 1.851928 1.212640
 1290.000000 1.783674 1.176134
 1291.000000 1.732084 1.147213
 1292.000000 1.618724 1.048416
 1293.000000 1.735829 1.094299
 1294.000000 1.824944 1.033151
 1295.000000 1.819335 1.037415
 1296.000000 1.702892 1.115664
 1297.000000 1.692621 1.163099
 1298.000000 1.835994 1.072204
 1299.000000 1.647181 1.044747
 1300.000000 1.765147 1.085626
 1301.000000 1.782434 1.101348
 1302.000000 1.763844 1.080645
 1303.000000 1.698895 1.109809
 1304.000000 1.726168 1.058360
 1305.000000 1.737851 1.080411
 1306.000000 1.750029 1.096362
 1307.000000 1.697244 1.104550
 1308.000000 1.682344 1.081068
 1309.000000 1.701129 1.110435
 1310.000000 1.698400 1.224816
 1311.000000 1.723015 1.135227
 1312.000000 1.759000 1.060350
 1313.000000 1.734118 1.037888
 1314.000000 1.768692 0.963554
 1315.000000 1.751976 1.057725
 1316.000000 1.691948 0.989622
 1317.000000 1.742579 0.919669
 1318.000000 1.744106 1.058112
 1319.000000 1.607825 1.072361
 1320.000000 1.682491 1.080304
 1321.000000 1.724514 1.033583
 1322.000000 1.749891 1.038955
 1323.000000 1.753428 1.061487
 1324.000000 1.654815 1.017650
 1325.000000 1.641254 1.060250
 1326.000000 1.669176 1.058501
 1327.000000 1.645694 0.957012
 1328.000000 1.717915 1.083838
 1329.000000 1.662542 1.043091
 1330.000000 1.714856 1.070631
 1331.000000 1.797359 1.001545
 1332.000000 1.599559 1.172260
 1333.000000 1.672932 1.094716
 1334.000000 1.660862 1.054578
 1335.000000 1.660347 0.970917
 1336.000000 1.681110 0.982069
 1337.000000 1.752128 1.106675
 1338.000000 1.825419 1.076367
 1339.000000 1.682605 1.096496
 1340.000000 1.709613 1.006778
 1341.000000 1.816582 1.011465
 1342.000000 1.633667 1.082069
 1343.000000 1.686835 1.009674
 1344.000000 1.680930 1.017770
 1345.000000 1.643798 1.005220
 1346.000000 1.712221 0.906467
 1347.000000 1.597903 0.943680
 1348.000000 1.753624 1.041661
 1349.000000 1.706190 1.087849
 1350.000000 1.657233 1.100502
 1351.000000 1.669452 1.036240
 1352.000000 1.644857 1.108476
 1353.000000 1.846863 1.023070
 1354.000000 1.868583 1.099878
 1355.000000 1.835405 1.078389
 1356.000000 1.797977 1.002148
 1357.000000 1.764661 1.042133
 1358.000000 1.725977 1.126382
 1359.000000 1.706479 1.031523
 1360.000000 1.712350 1.076403
 1361.000000 1.638107 1.033299
 1362.000000 1.743070 1.000828
 1363.000000 1.781734 1.113762
 1364.000000 1.779389 1.113652
 1365.000000 1.773531 1.142864
 1366.000000 1.674932 1.100537
 1367.000000 1.681866 1.128371
 1368.000000 1.787335 1.034640
 1369.000000 1.802904 1.184984
 1370.000000 1.698663 1.112297
 1371.000000 1.707245 1.095368
 1372.000000 1.800114 1.103604
 1373.000000 1.841334 0.990945
 1374.000000 1.824507 1.057322
 1375.000000 1.675012 1.051216
 1376.000000 1.771889 1.063326
 1377.000000 1.704977 1.048087
 1378.000000 1.788091 1.095253
 1379.000000 1.791487 1.100209
 1380.000000 1.785286 1.171941
 1381.000000 1.781809 1.122379
 1382.000000 1.749222 1.073673
 1383.000000 1.684956 1.068803
 1384.000000 1.698600 1.192664
 1385.000000 1.801428 1.145314
 1386.000000 1.641518 1.093755
 1387.000000 1.652288 1.180408
 1388.000000 1.798846 1.055190
 1389.000000 1.775344 1.161748
 1390.000000 1.803349 1.083280
 1391.000000 1.735917 1.130381
 1392.000000 1.611359 1.091671
 1393.000000 1.702277 1.094529
 1394.000000 1.710679 1.134054
 1395.000000 1.746722 1.078811
 1396.000000 1.755200 1.041713
 1397.000000 1.723971 0.979252
 1398.000000 1.628058 1.066996
 1399.000000 1.648300 1.039471
 1400.000000 1.754967 1.028219
 1401.000000 1.752929 1.043729
 1402.000000 1.854577 1.005417
 1403.000000 1.675248 1.023345
 1404.000000 1.724829 1.097837
 1405.000000 1.661476 1.133388
 1406.000000 1.692308 1.103755
 1407.000000 1.778069 1.020249
 1408.000000 1.743313 1.069011
 1409.000000 1.617173 1.067087
 1410.000000 1.768098 1.072123
 1411.000000 1.680002 1.107648
 1412.000000 1.689210 1.111988
 1413.000000 1.612374 1.048084
 1414.000000 1.730095 1.051409
 1415.000000 1.786402 1.017018
 1416.000000 1.767383 1.029275
 1417.000000 1.651312 0.970496
 1418.000000 1.739123 1.059925
 1419.000000 1.643515 1.127781
 1420.000000 1.658165 1.075210
 1421.000000 1.660014 1.055859
 1422.000000 1.788909 1.042024
 1423.000000 1.747586 1.146025
 1424.000000 1.716029 1.106504
 1425.000000 1.735708 1.079385
 1426.000000 1.800110 1.117610
 1427.000000 1.772792 1.128059
 1428.000000 1.749963 1.084511
 1429.000000 1.744937 1.115267
 1430.000000 1.729557 0.973517
 1431.000000 1.726400 0.957369
 1432.000000 1.638615 1.083667
 1433.000000 1.772289 1.080154
 1434.000000 1.569527 1.096668
 1435.000000 1.672794 1.065106
 1436.000000 1.612547 1.075708
 1437.000000 1.669031 1.091394
 1438.000000 1.704321 1.060308
 1439.000000 1.689193 1.172059
 1440.000000 1.756033 1.014178
 1441.000000 1.703154 1.054975
 1442.000000 1.849691 1.130600
 1443.000000 1.744715 1.030719
 1444.000000 1.884083 1.180491
 1445.000000 1.729435 1.087061
 1446.000000 1.686792 1.158948
 1447.000000 1.721459 1.058384
 1448.000000 1.785440 1.110459
 1449.000000 1.666065 1.000199
 1450.000000 1.732257 1.004619
 1451.000000 1.820146 1.041850
 1452.000000 1.766577 1.065349
 1453.000000 1.692713 0.988793
 1454.000000 1.797619 1.063985
 1455.000000 1.762366 1.013284
 1456.000000 1.683346 1.064165
 1457.000000 1.736641 1.129108
 1458.000000 1.777330 1.063924
 1459.000000 1.746943 1.009600
 1460.000000 1.678608 1.060076
 1461.000000 1.755890 1.067502
 1462.000000 1.698178 1.095512
 1463.000000 1.696597 1.056345
 1464.000000 1.702786 0.965531
 1465.000000 1.785213 1.070577
 1466.000000 1.632733 1.071276
 1467.000000 1.718362 1.136394
 1468.000000 1.753971 1.075510
 1469.000000 1.797351 1.150040
 1470.000000 1.752336 1.084142
 1471.000000 1.798333 1.150314
 1472.000000 1.653199 1.079493
 1473.000000 1.608014 1.150179
 1474.000000 1.723405 1.018636
 1475.000000 1.827908 1.119649
 1476.000000 1.750036 1.106770
 1477.000000 1.679764 1.173429
 1478.000000 1.698050 1.087959
 1479.000000 1.755786 1.087453
 1480.000000 1.828552 1.080567
 1481.000000 1.771811 1.029602
 1482.000000 1.676947 1.074668
 1483.000000 1.700182 1.066422
 1484.000000 1.790084 1.071214
 1485.000000 1.690912 1.118745
 1486.000000 1.746742 1.083363
 1487.000000 1.751602 1.121872
 1488.000000 1.748556 1.022418
 1489.000000 1.712164 1.092753
 1490.000000 1.832381 1.080491
 1491.000000 1.715767 1.019384
 1492.000000 1.746205 1.061341
 1493.000000 1.735840 1.076172
 1494.000000 1.764912 1.022744
 1495.000000 1.754236 1.078546
 1496.000000 1.747198 1.090665
 1497.000000 1.739380 1.177003
 1498.000000 1.731233 1.111930
 1499.000000 1.737520 1.125240
 1500.000000 1.732769 1.144789
 1501.000000 1.710342 1.033474
 1502.000000 1.809724 1.088978
 1503.000000 1.704398 1.043774
 1504.000000 1.810191 1.112938
 1505.000000 1.776051 1.040746
 1506.000000 1.810631 1.128533
 1507.000000 1.821389 1.084106
 1508.000000 1.763540 1.107726
 1509.000000 1.717818 1.057223
 1510.000000 1.713190 1.147716
 1511.000000 1.737072 1.150919
 1512.000000 1.812346 1.109620
 1513.000000 1.735600 1.112723
 1514.000000 1.812811 1.051914
 1515.000000 1.752813 1.031801
 1516.000000 1.823726 1.242599
 1517.000000 1.773094 1.132666
 1518.000000 1.751349 1.049949
 1519.000000 1.782148 1.124470
 1520.000000 1.707548 1.193602
 1521.000000 1.699657 1.202526
 1522.000000 1.721414 1.161917
 1523.000000 1.690893 1.230389
 1524.000000 1.716265 1.184818
 1525.000000 1.785616 1.167860
 1526.000000 1.698228 1.119218
 1527.000000 1.689662 1.279955
 1528.000000 1.762323 1.148205
 1529.000000 1.688871 1.140588
 1530.000000 1.707156 0.960568
 1531.000000 1.776375 0.977835
 1532.000000 1.661714 1.065314
 1533.000000 1.667401 1.075801
 1534.000000 1.779412 0.995820
 1535.000000 1.830333 1.075975
 1536.000000 1.787848 1.081433
 1537.000000 1.642845 1.104552
 1538.000000 1.692602 1.171229
 1539.000000 1.583242 1.155236
 1540.000000 1.664722 1.163378
 1541.000000 1.560774 1.195693
 1542.000000 1.583145 1.058002
 1543.000000 1.676973 1.108692
 1544.000000 1.624989 1.102970
 1545.000000 1.662773 1.198608
 1546.000000 1.774191 1.189659
 1547.000000 1.747920 1.173878
 1548.000000 1.625887 1.171581
 1549.000000 1.698629 1.085270
 1550.000000 1.665213 1.208837
 1551.000000 1.723758 1.130144
 1552.000000 1.695410 1.077596
 1553.000000 1.767248 1.074213
 1554.000000 1.766323 1.132240
 1555.000000 1.771596 1.097885
 1556.000000 1.602846 1.163182
 1557.000000 1.828797 1.135441
 1558.000000 1.783019 1.049249
 1559.000000 1.645029 1.132835
 1560.000000 1.791998 1.051706
 1561.000000 1.700761 1.088548
 1562.000000 1.759047 1.001154
 1563.000000 1.676785 1.075681
 1564.000000 1.710954 1.188198
 1565.000000 1.700770 1.092063
 1566.000000 1.668387 1.050478
 1567.000000 1.615299 1.067552
 1568.000000 1.712289 1.096505
 1569.000000 1.823209 1.095649
 1570.000000 1.738266 1.101486
 1571.000000 1.678526 1.097069
 1572.000000 1.685696 0.997622
 1573.000000 1.648729 1.155971
 1574.000000 1.791003 1.156679
 1575.000000 1.730291 1.138955
 1576.000000 1.783533 1.136679
 1577.000000 1.529814 1.220659
 1578.000000 1.698826 1.136420
 1579.000000 1.817882 1.119066
 1580.000000 1.705223 1.236120
 1581.000000 1.667403 1.156850
 1582.000000 1.677948 1.187718
 1583.000000 1.671146 1.183432
 1584.000000 1.648415 1.242223
 1585.000000 1.790951 1.208294
 1586.000000 1.645675 1.125208
 1587.000000 1.609675 1.155621
 1588.000000 1.812022 1.119358
 1589.000000 1.679150 1.158404
 1590.000000 1.826543 1.215543
 1591.000000 1.763219 1.234668
 1592.000000 1.747796 1.184219
 1593.000000 1.693226 1.084859
 1594.000000 1.774988 1.095783
 1595.000000 1.811460 1.133202
 1596.000000 1.661001 1.097652
 1597.000000 1.670035 1.120343
 1598.000000 1.607289 1.093994
 1599.000000 1.706223 1.216444
 1600.000000 1.666616 1.139867
 1601.000000 1.739980 1.191707
 1602.000000 1.712850 1.172634
 1603.000000 1.600110 1.110379
 1604.000000 1.681040 1.147968
 1605.000000 1.673286 1.127171
 1606.000000 1.779443 1.188943
 1607.000000 1.750884 1.166660
 1608.000000 1.630902 1.129555
 1609.000000 1.739794 1.159811
 1610.000000 1.683480 1.145232
 1611.000000 1.701366 1.055530
 1612.000000 1.684892 1.089418
 1613.000000 1.778093 1.134283
 1614.000000 1.691395 1.091819
 1615.000000 1.770869 1.147375
 1616.000000 1.688571 1.138723
 1617.000000 1.758751 1.196892
 1618.000000 1.634436 1.148617
 1619.000000 1.669278 1.171795
 1620.000000 1.760718 1.033775
 1621.000000 1.703388 1.169159
 1622.000000 1.772692 1.142825
 1623.000000 1.770443 1.058656
 1624.000000 1.707143 1.164041
 1625.000000 1.679608 1.012863
 1626.000000 1.665376 1.084801
 1627.000000 1.706233 1.074823
 1628.000000 1.695085 1.160246
 1629.000000 1.798904 1.175701
 1630.000000 1.659240 1.353623
 1631.000000 1.609657 1.171514
 1632.000000 1.742461 1.175037
 1633.000000 1.713641 1.149549
 1634.000000 1.734500 1.080747
 1635.000000 1.720466 1.098733
 1636.000000 1.698918 1.128191
 1637.000000 1.706458 1.077945
 1638.000000 1.680409 1.109075
 1639.000000 1.705025 1.150581
 1640.000000 1.690143 1.210922
 1641.000000 1.709361 1.063016
 1642.000000 1.780228 1.105091
 1643.000000 1.816698 1.117625
 1644.000000 1.633303 1.069927
 1645.000000 1.691723 1.114698
 1646.000000 1.714034 1.068821
 1647.000000 1.726909 1.101958
 1648.000000 1.786495 1.066066
 1649.000000 1.794433 1.204861
 1650.000000 1.700610 1.152496
 1651.000000 1.737605 1.202747
 1652.000000 1.737050 1.179085
 1653.000000 1.740107 1.083128
 1654.000000 1.715771 1.055723
 1655.000000 1.788288 1.194486
 1656.000000 1.673236 1.141662
 1657.000000 1.694846 1.127107
 1658.000000 1.699501 1.118779
 1659.000000 1.718255 1.054207
 1660.000000 1.643392 1.105548
 1661.000000 1.744298 1.081413
 1662.000000 1.787806 1.002710
 1663.000000 1.643827 1.043389
 1664.000000 1.809913 1.196705
 1665.000000 1.805981 1.089533
 1666.000000 1.765312 1.117241
 1667.000000 1.707137 1.116824
 1668.000000 1.750220 1.152132
 1669.000000 1.869816 1.072449
 1670.000000 1.770090 1.204477
 1671.000000 1.835313 1.190503
 1672.000000 1.754988 1.199628
 1673.000000 1.660617 1.133286
 1674.000000 1.785382 1.162529
 1675.000000 1.825223 1.152375
 1676.000000 1.818711 1.171415
 1677.000000 1.730731 1.218674
 1678.000000 1.722671 1.208254
 1679.000000 1.708970 1.166638
 1680.000000 1.700391 1.189993
 1681.000000 1.737624 1.189145
 1682.000000 1.640085 1.213338
 1683.000000 1.684390 1.066424
 1684.000000 1.741476 1.030647
 1685.000000 1.583905 1.149228
 1686.000000 1.649575 1.225091
 1687.000000 1.736941 1.155789
 1688.000000 1.769486 1.201158
 1689.000000 1.731627 1.205297
 1690.000000 1.707701 1.223376
 1691.000000 1.843226 1.261187
 1692.000000 1.666027 1.222385
 1693.000000 1.738860 1.135922
 1694.000000 1.726431 1.148121
 1695.000000 1.811942 1.167733
 1696.000000 1.744544 1.183648
 1697.000000 1.749698 1.146328
 1698.000000 1.634805 1.145522
 1699.000000 1.856023 1.077430
 1700.000000 1.746255 1.101113
 1701.000000 1.736510 1.111066
 1702.000000 1.722944 1.108547
 1703.000000 1.679305 1.093885
 1704.000000 1.803198 1.121288
 1705.000000 1.687236 1.142529
 1706.000000 1.642425 1.112801
 1707.000000 1.742479 1.131312
 1708.000000 1.648743 1.123616
 1709.000000 1.675993 1.092938
 1710.000000 1.763562 1.060840
 1711.000000 1.786870 1.075710
 1712.000000 1.659393 1.062553
 1713.000000 1.646554 1.175485
 1714.000000 1.602084 1.164393
 1715.000000 1.630517 1.112905
 1716.000000 1.665871 1.129807
 1717.000000 1.627121 1.186775
 1718.000000 1.647689 1.109843
 1719.000000 1.771162 1.243111
 1720.000000 1.793045 1.083081
 1721.000000 1.884735 1.112090
 1722.000000 1.636709 1.110773
 1723.000000 1.765866 1.131334
 1724.000000 1.781168 1.097068
 1725.000000 1.765305 1.228668
 1726.000000 1.704944 1.098817
 1727.000000 1.759117 1.168807
 1728.000000 1.724362 1.179821
 1729.000000 1.702313 1.204471
 1730.000000 1.680417 1.054400
 1731.000000 1.606084 1.039370
 1732.000000 1.674671 1.177882
 1733.000000 1.749847 1.265043
 1734.000000 1.814389 1.129579
 1735.000000 1.877662 1.136859
 1736.000000 1.751239 1.171933
 1737.000000 1.809055 1.182916
 1738.000000 1.794564 1.188914
 1739.000000 1.776659 1.211920
 1740.000000 1.778786 1.202197
 1741.000000 1.614553 1.210458
 1742.000000 1.649691 1.150700
 1743.000000 1.637817 1.236068
 1744.000000 1.590206 1.181834
 1745.000000 1.686766 1.176531
 1746.000000 1.736519 1.175319
 1747.000000 1.771488 1.221898
 1748.000000 1.679117 1.145944
 1749.000000 1.701189 1.212552
 1750.000000 1.666795 1.093811
 1751.000000 1.772161 1.114365
 1752.000000 1.606593 1.139496
 1753.000000 1.764402 1.230491
 1754.000000 1.719371 1.197532
 1755.000000 1.724702 1.149843
 1756.000000 1.791163 1.112470
 1757.000000 1.703650 1.151519
 1758.000000 1.684202 1.157433
 1759.000000 1.702518 1.152840
 1760.000000 1.724208 1.064725
 1761.000000 1.689096 1.141775
 1762.000000 1.755524 1.168883
 1763.000000 1.695449 1.187195
 1764.000000 1.656907 1.040023
 1765.000000 1.757737 1.140820
 1766.000000 1.593248 1.011640
 1767.000000 1.652854 1.136944
 1768.000000 1.640589 1.015197
 1769.000000 1.767692 1.133029
 1770.000000 1.706032 1.115927
 1771.000000 1.811593 1.117422
 1772.000000 1.621397 1.196606
 1773.000000 1.670281 1.210092
 1774.000000 1.760450 1.223480
 1775.000000 1.761684 1.117529
 1776.000000 1.798775 1.197539
 1777.000000 1.812683 1.125302
 1778.000000 1.711289 1.161252
 1779.000000 1.708631 0.983473
 1780.000000 1.674109 1.105448
 1781.000000 1.737814 1.143182
 1782.000000 1.754883 1.044763
 1783.000000 1.720095 1.131312
 1784.000000 1.793351 1.068034
 1785.000000 1.761526 1.086968
 1786.000000 1.687253 1.112731
 1787.000000 1.756062 1.158471
 1788.000000 1.777590 1.178636
 1789.000000 1.707751 1.134881
 1790.000000 1.815639 1.145421
 1791.000000 1.650108 1.238579
 1792.000000 1.760632 1.135347
 1793.000000 1.722786 1.168553
 1794.000000 1.687704 1.130968
 1795.000000 1.770426 1.189356
 1796.000000 1.731566 1.199987
 1797.000000 1.735236 1.120375
 1798.000000 1.854091 1.143080
 1799.000000 1.864934 1.114405
 1800.000000 1.680065 1.171087
 1801.000000 1.679974 1.180998
 1802.000000 1.692497 1.120343
 1803.000000 1.652735 1.169464
 1804.000000 1.684784 1.153490
 1805.000000 1.773801 1.166240
 1806.000000 1.797613 1.120116
 1807.000000 1.687305 1.201133
 1808.000000 1.706148 1.170816
 1809.000000 1.773791 1.091373
 1810.000000 1.858062 1.046880
 1811.000000 1.690453 1.137321
 1812.000000 1.749711 1.099713
 1813.000000 1.781353 1.051594
 1814.000000 1.688848 1.050963
 1815.000000 1.658479 1.037034
 1816.000000 1.839624 1.116244
 1817.000000 1.704501 1.122188
 1818.000000 1.665373 1.050872
 1819.000000 1.706519 1.058120
 1820.000000 1.735151 1.080603
 1821.000000 1.632502 1.076338
 1822.000000 1.786224 1.086050
 1823.000000 1.762852 1.084677
 1824.000000 1.693597 0.979443
 1825.000000 1.710255 1.124349
 1826.000000 1.748052 1.138065
 1827.000000 1.640078 1.160043
 1828.000000 1.635208 1.055737
 1829.000000 1.779703 1.056495
 1830.000000 1.757537 1.055145
 1831.000000 1.685822 1.198963
 1832.000000 1.546254 1.113097
 1833.000000 1.594289 1.077460
 1834.000000 1.672784 1.133249
 1835.000000 1.758924 1.101787
 1836.000000 1.678520 1.102221
 1837.000000 1.730809 1.118532
 1838.000000 1.673506 1.092023
 1839.000000 1.680874 1.126496
 1840.000000 1.694124 1.068085
 1841.000000 1.685526 1.159480
 1842.000000 1.744644 1.174347
 1843.000000 1.747637 1.087138
 1844.000000 1.818973 1.101147
 1845.000000 1.725904 1.158424
 1846.000000 1.869770 1.149020
 1847.000000 1.764974 1.087845
 1848.000000 1.777391 1.147586
 1849.000000 1.760471 1.091242
 1850.000000 1.786251 1.158355
 1851.000000 1.674271 1.151394
 1852.000000 1.623571 1.111815
 1853.000000 1.658555 1.102154
 1854.000000 1.783941 1.130117
 1855.000000 1.588954 1.141272
 1856.000000 1.646508 1.198051
 1857.000000 1.744849 1.170787
 1858.000000 1.746655 1.100532
 1859.000000 1.785820 1.150890
 1860.000000 1.699510 1.179306
 1861.000000 1.770085 1.056119
 1862.000000 1.761892 1.096551
 1863.000000 1.682738 1.123406
 1864.000000 1.777832 1.169068
 1865.000000 1.801125 1.134631
 1866.000000 1.813647 1.102299
 1867.000000 1.763119 1.099083
 1868.000000 1.730430 1.081732
 1869.000000 1.741581 1.103310
 1870.000000 1.772835 1.099268
 1871.000000 1.769045 1.078112
 1872.000000 1.894349 1.129292
 1873.000000 1.754580 1.181954
 1874.000000 1.765408 1.058760
 1875.000000 1.749619 1.015022
 1876.000000 1.760656 1.140971
 1877.000000 1.909272 1.142320
 1878.000000 1.847146 1.221237
 1879.000000 1.724738 1.108472
 1880.000000 1.905220 1.108970
 1881.000000 1.796885 1.136697
 1882.000000 1.755526 1.141962
 1883.000000 1.623956 1.179577
 1884.000000 1.938581 1.177269
 1885.000000 1.833631 1.185123
 1886.000000 1.690104 1.144656
 1887.000000 1.692664 1.072913
 1888.000000 1.752622 1.081917
 1889.000000 1.697067 1.126725
 1890.000000 1.701814 1.044026
 1891.000000 1.843606 1.066640
 1892.000000 1.773222 1.129425
 1893.000000 1.667914 1.148900
 1894.000000 1.649211 1.126700
 1895.000000 1.844158 1.068513
 1896.000000 1.798587 1.119963
 1897.000000 1.764434 1.137392
 1898.000000 1.661102 1.147663
 1899.000000 1.642006 1.122599
 1900.000000 1.667042 1.133022
 1901.000000 1.745991 1.252517
 1902.000000 1.664739 1.104982
 1903.000000 1.743044 1.033515
 1904.000000 1.748584 1.087575
 1905.000000 1.797458 1.022036
 1906.000000 1.696022 0.962957
 1907.000000 1.730282 1.047914
 1908.000000 1.700690 1.046440
 1909.000000 1.740475 1.036661
 1910.000000 1.692930 1.094883
 1911.000000 1.676011 1.057074
 1912.000000 1.776671 1.063844
 1913.000000 1.867639 1.049438
 1914.000000 1.808270 1.097567
 1915.000000 1.774465 1.093216
 1916.000000 1.754988 1.140991
 1917.000000 1.752271 1.005355
 1918.000000 1.772451 1.092104
 1919.000000 1.680244 1.058636
 1920.000000 1.713608 1.036670
 1921.000000 1.653630 1.051455
 1922.000000 1.811793 1.083877
 1923.000000 1.794365 1.157539
 1924.000000 1.764815 1.046834
 1925.000000 1.680870 1.075400
 1926.000000 1.674580 1.042968
 1927.000000 1.702513 1.040918
 1928.000000 1.701062 0.992552
 1929.000000 1.716528 1.008586
 1930.000000 1.798562 1.070775
 1931.000000 1.820126 1.048546
 1932.000000 1.637315 1.066556
 1933.000000 1.693537 1.045436
 1934.000000 1.670703 1.019316
 1935.000000 1.741945 1.039002
 1936.000000 1.609159 1.066157
 1937.000000 1.748918 1.107610
 1938.000000 1.561820 1.077477
 1939.000000 1.706862 1.063902
 1940.000000 1.682193 1.055041
 1941.000000 1.715534 1.027456
 1942.000000 1.720224 1.062064
 1943.000000 1.634583 1.071617
 1944.000000 1.709202 1.125083
 1945.000000 1.738028 1.068315
 1946.000000 1.750521 1.033824
 1947.000000 1.794097 1.007350
 1948.000000 1.736449 1.093979
 1949.000000 1.718617 1.081701
 1950.000000 1.765326 1.156718
 1951.000000 1.725392 1.044522
 1952.000000 1.727914 1.067771
 1953.000000 1.707810 1.081085
 1954.000000 1.741822 1.125517
 1955.000000 1.589934 1.088836
 1956.000000 1.541617 1.120404
 1957.000000 1.724236 1.162187
 1958.000000 1.689451 1.087337
 1959.000000 1.436371 1.097648
 1960.000000 1.718277 1.124124
 1961.000000 1.796846 1.010246
 1962.000000 1.721526 1.076981
 1963.000000 1.699996 1.105544
 1964.000000 1.624450 1.076655
 1965.000000 1.669967 1.062485
 1966.000000 1.638036 1.150581
 1967.000000 1.573062 1.081107
 1968.000000 1.631083 1.108478
 1969.000000 1.622854 1.080236
 1970.000000 1.613303 1.099864
 1971.000000 1.718570 1.011540
 1972.000000 1.647484 1.055977
 1973.000000 1.572631 0.996385
 1974.000000 1.647928 1.102145
 1975.000000 1.605642 0.993582
 1976.000000 1.632746 1.033267
 1977.000000 1.646758 1.062938
 1978.000000 1.586679 1.010070
 1979.000000 1.572545 1.033835
 1980.000000 1.716407 1.102332
 1981.000000 1.725872 1.087774
 1982.000000 1.607141 1.038555
 1983.000000 1.771979 1.080999
 1984.000000 1.645766 1.145403
 1985.000000 1.704580 1.072922
 1986.000000 1.731501 1.103395
 1987.000000 1.754288 1.103998
 1988.000000 1.688136 1.112146
 1989.000000 1.716954 1.087870
 1990.000000 1.654357 1.097716
 1991.000000 1.602237 0.974762
 1992.000000 1.661140 1.040523
 1993.000000 1.592366 1.142588
 1994.000000 1.638047 1.021421
 1995.000000 1.683794 1.035703
 1996.000000 1.681883 1.105919
 1997.000000 1.755692 1.049310
 1998.000000 1.620686 1.040375
 1999.000000 1.684006 0.943502
 2000.000000 1.719029 1.063012
 2001.000000 1.650532 0.991980
 2002.000000 1.510334 1.057104
 2003.000000 1.761933 1.083504
 2004.000000 1.590624 1.075323
 2005.000000 1.596589 0.986956
 2006.000000 1.561115 1.092718
 2007.000000 1.654648 1.085322
 2008.000000 1.744390 1.110651
 2009.000000 1.754883 1.089840
 2010.000000 1.769548 1.118030
 2011.000000 1.672751 1.145420
 2012.000000 1.663908 1.089524
 2013.000000 1.688384 0.961722
 2014.000000 1.571677 0.998542
 2015.000000 1.682168 1.116038
 2016.000000 1.742256 1.044502
 2017.000000 1.717071 1.061871
 2018.000000 1.719200 1.003260
 2019.000000 1.592411 1.149182
 2020.000000 1.655835 1.128946
 2021.000000 1.654815 1.118153
 2022.000000 1.754045 1.166148
 2023.000000 1.772951 1.140289
 2024.000000 1.715315 1.146003
 2025.000000 1.675163 1.107703
 2026.000000 1.693703 1.106195
 2027.000000 1.714707 1.074065
 2028.000000 1.700891 1.113428
 2029.000000 1.714672 1.132397
 2030.000000 1.725016 1.060909
 2031.000000 1.626229 1.102177
 2032.000000 1.863479 1.126858
 2033.000000 1.578654 1.109328
 2034.000000 1.706761 1.112169
 2035.000000 1.634318 1.077452
 2036.000000 1.661904 1.077056
 2037.000000 1.767474 1.100510
 2038.000000 1.649799 1.126338
 2039.000000 1.816511 1.076988
 2040.000000 1.666714 1.017716
 2041.000000 1.597492 0.995068
 2042.000000 1.716862 1.030263
 2043.000000 1.706076 1.119074
 2044.000000 1.742089 1.000054
 2045.000000 1.750372 1.089350
 2046.000000 1.609788 1.115810
 2047.000000 1.742508 1.139007
 2048.000000 1.625525 1.089827
 2049.000000 1.717761 1.101626
 2050.000000 1.709165 1.021401
 2051.000000 1.776605 0.990406
 2052.000000 1.741076 0.999496
 2053.000000 1.666944 1.061432
 2054.000000 1.695662 1.061944
 2055.000000 1.700281 1.038785
 2056.000000 1.584913 1.072012
 2057.000000 1.727550 1.082095
 2058.000000 1.626270 1.030819
 2059.000000 1.723122 1.090891
 2060.000000 1.791671 1.060540
 2061.000000 1.669377 1.188264
 2062.000000 1.615039 1.147026
 2063.000000 1.762696 1.087775
 2064.000000 1.614776 1.212340
 2065.000000 1.717849 1.134725
 2066.000000 1.711990 1.120565
 2067.000000 1.728375 1.131102
 2068.000000 1.708413 1.098275
 2069.000000 1.632587 1.077755
 2070.000000 1.698377 0.992562
 2071.000000 1.615376 1.075112
 2072.000000 1.722843 1.055782
 2073.000000 1.730889 1.098617
 2074.000000 1.647770 1.139547
 2075.000000 1.760703 1.129453
 2076.000000 1.678247 1.095374
 2077.000000 1.568417 1.053940
 2078.000000 1.771840 1.148579
 2079.000000 1.645801 1.183172
 2080.000000 1.562024 1.131622
 2081.000000 1.554529 1.027762
 2082.000000 1.608780 1.119374
 2083.000000 1.609696 1.169465
 2084.000000 1.601709 1.121181
 2085.000000 1.581708 1.153625
 2086.000000 1.548084 1.097142
 2087.000000 1.600997 1.199287
 2088.000000 1.773932 1.130529
 2089.000000 1.714048 1.136115
 2090.000000 1.751811 1.169452
 2091.000000 1.652749 1.127993
 2092.000000 1.598050 1.102868
 2093.000000 1.698886 1.110984
 2094.000000 1.700854 1.136422
 2095.000000 1.670669 1.097942
 2096.000000 1.597327 1.087380
 2097.000000 1.740244 1.084221
 2098.000000 1.628655 1.010888
 2099.000000 1.533832 1.124489
 2100.000000 1.712910 1.091189
 2101.000000 1.467657 1.093889
 2102.000000 1.621612 1.162888
 2103.000000 1.675090 1.216468
 2104.000000 1.705509 1.161632
 2105.000000 1.616837 1.187995
 2106.000000 1.643747 1.174278
 2107.000000 1.756184 1.190148
 2108.000000 1.643034 1.243705
 2109.000000 1.706099 1.116495
 2110.000000 1.677451 1.108499
 2111.000000 1.691958 1.064526
 2112.000000 1.759565 1.105725
 2113.000000 1.780487 1.140411
 2114.000000 1.657571 1.098919
 2115.000000 1.636309 1.063021
 2116.000000 1.621998 1.096356
 2117.000000 1.746679 1.043902
 2118.000000 1.637242 1.117214
 2119.000000 1.767064 1.143832
 2120.000000 1.735530 1.133960
 2121.000000 1.731302 1.051400
 2122.000000 1.741230 1.052431
 2123.000000 1.815425 1.053455
 2124.000000 1.676338 1.096382
 2125.000000 1.733201 1.029059
 2126.000000 1.721734 1.075775
 2127.000000 1.740204 1.116557
 2128.000000 1.646784 1.050851
 2129.000000 1.806921 0.994766
 2130.000000 1.750941 1.025237
 2131.000000 1.703482 1.016933
 2132.000000 1.670765 0.969791
 2133.000000 1.767311 1.020126
 2134.000000 1.788660 1.175004
 2135.000000 1.723806 1.156115
 2136.000000 1.781379 1.111514
 2137.000000 1.747114 1.095238
 2138.000000 1.674974 1.153417
 2139.000000 1.636474 1.080806
 2140.000000 1.720851 1.143225
 2141.000000 1.797779 1.105523
 2142.000000 1.636814 1.044603
 2143.000000 1.739102 1.026333
 2144.000000 1.736031 1.042999
 2145.000000 1.831784 1.084484
 2146.000000 1.730802 1.015428
 2147.000000 1.695155 1.030112
 2148.000000 1.682510 1.073896
 2149.000000 1.729552 1.029348
 2150.000000 1.722193 1.095555
 2151.000000 1.725650 1.052761
 2152.000000 1.740701 1.036709
 2153.000000 1.760721 1.009707
 2154.000000 1.765351 1.081332
 2155.000000 1.786919 1.064777
 2156.000000 1.718811 1.030959
 2157.000000 1.864128 1.068420
 2158.000000 1.699189 1.034673
 2159.000000 1.751601 1.018168
 2160.000000 1.647266 1.014275
 2161.000000 1.783054 1.021671
 2162.000000 1.887406 1.024129
 2163.000000 1.674676 1.036792
 2164.000000 1.899003 1.031157
 2165.000000 1.703637 1.047883
 2166.000000 1.754698 1.158501
 2167.000000 1.843847 0.980587
 2168.000000 1.751218 1.100805
 2169.000000 1.794285 1.077712
 2170.000000 1.751959 1.037100
 2171.000000 1.689210 1.065951
 2172.000000 1.718967 1.102131
 2173.000000 1.759824 0.988962
 2174.000000 1.683651 0.986863
 2175.000000 1.824659 0.993367
 2176.000000 1.716091 1.092370
 2177.000000 1.735226 1.103491
 2178.000000 1.776060 1.114131
 2179.000000 1.845953 1.061889
 2180.000000 1.666993 1.090712
 2181.000000 1.728962 0.985629
 2182.000000 1.707164 1.125179
 2183.000000 1.681539 1.093477
 2184.000000 1.834887 1.085772
 2185.000000 1.789227 1.063119
 2186.000000 1.710183 1.132957
 2187.000000 1.659829 1.122437
 2188.000000 1.713982 1.082061
 2189.000000 1.631770 1.058332
 2190.000000 1.731595 1.101735
 2191.000000 1.707921 1.095883
 2192.000000 1.712878 1.128090
 2193.000000 1.672462 1.097631
 2194.000000 1.747330 1.124780
 2195.000000 1.752657 1.127782
 2196.000000 1.725512 1.083819
 2197.000000 1.694895 1.049328
 2198.000000 1.615623 0.995572
 2199.000000 1.716168 1.073907
 2200.000000 1.598497 1.016420
 2201.000000 1.673510 1.033038
 2202.000000 1.753401 1.020317
 2203.000000 1.687664 1.039818
 2204.000000 1.642955 1.050945
 2205.000000 1.685411 0.938078
 2206.000000 1.702773 1.020345
 2207.000000 1.623382 0.960487
 2208.000000 1.754063 1.023041
 2209.000000 1.688676 1.011839
 2210.000000 1.607279 1.008347
 2211.000000 1.616772 1.069753
 2212.000000 1.682656 1.008003
 2213.000000 1.691358 1.023021
 2214.000000 1.540924 1.011084
 2215.000000 1.730112 1.010053
 2216.000000 1.633441 1.008954
 2217.000000 1.743791 1.028672
 2218.000000 1.650183 1.036131
 2219.000000 1.657196 1.018182
 2220.000000 1.716314 1.048670
 2221.000000 1.704171 1.059295
 2222.000000 1.673722 1.023947
 2223.000000 1.654059 1.010442
 2224.000000 1.705801 1.052285
 2225.000000 1.702837 1.014943
 2226.000000 1.561468 0.998948
 2227.000000 1.740163 0.985224
 2228.000000 1.694899 1.039762
 2229.000000 1.740730 1.024480
 2230.000000 1.789435 0.972294
 2231.000000 1.824905 1.042422
 2232.000000 1.649765 1.024696
 2233.000000 1.647888 1.044081
 2234.000000 1.665870 0.990151
 2235.000000 1.637117 1.011436
 2236.000000 1.748533 1.020226
 2237.000000 1.789350 1.029319
 2238.000000 1.745505 1.071079
 2239.000000 1.699096 1.098235
 2240.000000 1.713871 1.012159
 2241.000000 1.834070 1.022080
 2242.000000 1.612032 1.045550
 2243.000000 1.673753 1.062805
 2244.000000 1.698029 1.054089
 2245.000000 1.568893 1.038148
 2246.000000 1.769711 1.008559
 2247.000000 1.574040 1.032140
 2248.000000 1.730919 1.014016
 2249.000000 1.761900 1.024371
 2250.000000 1.670423 1.010771
 2251.000000 1.612401 1.054728
 2252.000000 1.741188 1.020115
 2253.000000 1.764927 1.042337
 2254.000000 1.709505 1.070037
 2255.000000 1.710887 1.008933
 2256.000000 1.762203 1.035285
 2257.000000 1.691601 1.001836
 2258.000000 1.650081 0.968649
 2259.000000 1.699670 0.977946
 2260.000000 1.636968 0.992738
 2261.000000 1.748737 1.005322
 2262.000000 1.649863 1.025133
 2263.000000 1.786381 1.019711
 2264.000000 1.761126 1.014748
 2265.000000 1.816055 1.045487
 2266.000000 1.725869 1.022441
 2267.000000 1.748505 1.014028
 2268.000000 1.740282 1.022066
 2269.000000 1.711471 1.026449
 2270.000000 1.683250 1.007876
 2271.000000 1.630230 1.069759
 2272.000000 1.769665 1.055448
 2273.000000 1.734525 1.049597
 2274.000000 1.710866 1.014127
 2275.000000 1.778465 0.993641
 2276.000000 1.672610 0.938902
 2277.000000 1.659939 1.006189
 2278.000000 1.691231 1.021528
 2279.000000 1.712626 1.048443
 2280.000000 1.737177 1.009392
 2281.000000 1.750863 1.048934
 2282.000000 1.750172 1.025596
 2283.000000 1.765923 1.020989
 2284.000000 1.670068 1.013412
 2285.000000 1.739064 1.034706
 2286.000000 1.875785 1.005186
 2287.000000 1.743630 1.032474
 2288.000000 1.708836 0.985976
 2289.000000 1.690241 1.059318
 2290.000000 1.662488 1.032685
 2291.000000 1.679425 1.038916
 2292.000000 1.787980 0.984959
 2293.000000 1.857873 1.058257
 2294.000000 1.765784 1.039848
 2295.000000 1.588458 1.041579
 2296.000000 1.663024 1.016597
 2297.000000 1.597268 1.025121
 2298.000000 1.633861 1.061414
 2299.000000 1.650155 1.022636
 2300.000000 1.685225 1.071230
 2301.000000 1.680117 1.015370
 2302.000000 1.626617 0.994523
 2303.000000 1.627493 1.024942
 2304.000000 1.640641 1.071733
 2305.000000 1.753082 0.999768
 2306.000000 1.698727 1.016894
 2307.000000 1.560035 1.020082
 2308.000000 1.817065 0.996479
 2309.000000 1.678484 1.053678
 2310.000000 1.780481 1.034451
 2311.000000 1.615853 1.109593
 2312.000000 1.666819 1.123369
 2313.000000 1.691381 1.132657
 2314.000000 1.614816 1.145292
 2315.000000 1.667445 1.155926
 2316.000000 1.724203 1.086552
 2317.000000 1.856747 1.049995
 2318.000000 1.857323 1.028172
 2319.000000 1.773700 1.067412
 2320.000000 1.537047 1.005750
 2321.000000 1.887857 1.000664
 2322.000000 1.757774 1.043344
 2323.000000 1.623658 1.043371
 2324.000000 1.724062 1.050494
 2325.000000 1.740506 1.074699
 2326.000000 1.676594 1.056598
 2327.000000 1.745077 1.060138
 2328.000000 1.575176 1.014833
 2329.000000 1.708795 1.013521
 2330.000000 1.742503 0.987193
 2331.000000 1.627282 1.042180
 2332.000000 1.704969 0.950533
 2333.000000 1.769897 0.993705
 2334.000000 1.761849 0.976676
 2335.000000 1.657549 0.963032
 2336.000000 1.676954 1.003455
 2337.000000 1.601083 1.015517
 2338.000000 1.779992 0.970590
 2339.000000 1.810854 0.978553
 2340.000000 1.737345 0.997066
 2341.000000 1.771562 0.971643
 2342.000000 1.740228 0.998009
 2343.000000 1.849301 1.000796
 2344.000000 1.752003 1.049399
 2345.000000 1.719130 1.007761
 2346.000000 1.727277 1.005412
 2347.000000 1.758424 0.997674
 2348.000000 1.864224 1.011814
 2349.000000 1.758969 1.044715
 2350.000000 1.684777 1.060671
 2351.000000 1.684930 1.071488
 2352.000000 1.577076 0.988068
 2353.000000 1.727471 1.029454
 2354.000000 1.698985 1.045967
 2355.000000 1.726045 0.939347
 2356.000000 1.618969 0.935835
 2357.000000 1.656214 1.036341
 2358.000000 1.685648 0.959019
 2359.000000 1.669804 0.998972
 2360.000000 1.631994 1.012686
 2361.000000 1.705858 0.984119
 2362.000000 1.654232 1.018917
 2363.000000 1.708588 0.986305
 2364.000000 1.654260 1.047136
 2365.000000 1.576131 0.988885
 2366.000000 1.584287 1.007333
 2367.000000 1.686934 0.976410
 2368.000000 1.692608 1.011643
 2369.000000 1.695103 0.981804
 2370.000000 1.500796 0.994883
 2371.000000 1.673235 1.010331
 2372.000000 1.539866 1.016238
 2373.000000 1.752435 0.978532
 2374.000000 1.698860 1.048304
 2375.000000 1.630205 1.066455
 2376.000000 1.683903 1.065011
 2377.000000 1.663007 1.021694
 2378.000000 1.602914 1.013167
 2379.000000 1.700556 1.061849
 2380.000000 1.718752 0.999509
 2381.000000 1.688159 0.974586
 2382.000000 1.704053 0.981600
 2383.000000 1.631624 1.080077
 2384.000000 1.686804 0.987951
 2385.000000 1.627065 1.003893
 2386.000000 1.631672 1.028633
 2387.000000 1.646719 1.014399
 2388.000000 1.824062 1.016328
 2389.000000 1.724413 0.978044
 2390.000000 1.684450 1.012096
 2391.000000 1.747368 1.059343
 2392.000000 1.758248 0.972663
 2393.000000 1.787550 1.020261
 2394.000000 1.591998 1.047977
 2395.000000 1.718762 1.051349
 2396.000000 1.734737 1.004568
 2397.000000 1.551304 1.051753
 2398.000000 1.766285 1.032858
 2399.000000 1.633459 1.011296
 2400.000000 1.819884 1.037415
 2401.000000 1.652931 1.004059
 2402.000000 1.838699 1.034291
 2403.000000 1.715337 1.038104
 2404.000000 1.699199 1.009135
 2405.000000 1.673053 1.002346
 2406.000000 1.709939 1.007431
 2407.000000 1.715579 0.974218
 2408.000000 1.662979 0.982178
 2409.000000 1.619252 1.018992
 2410.000000 1.682523 1.020098
 2411.000000 1.587750 0.993292
 2412.000000 1.630909 0.978931
 2413.000000 1.712505 1.051078
 2414.000000 1.713473 1.007520
 2415.000000 1.778779 1.023365
 2416.000000 1.585762 0.991919
 2417.000000 1.682251 1.024314
 2418.000000 1.638541 1.065179
 2419.000000 1.757260 1.020846
 2420.000000 1.765005 1.051892
 2421.000000 1.752090 1.020330
 2422.000000 1.809767 1.042978
 2423.000000 1.672408 1.012895
 2424.000000 1.708128 1.054668
 2425.000000 1.766339 1.058612
 2426.000000 1.590768 1.034122
 2427.000000 1.719372 1.028960
 2428.000000 1.698052 1.019445
 2429.000000 1.577691 0.994639
 2430.000000 1.658257 1.029592
 2431.000000 1.662611 1.031892
 2432.000000 1.691444 1.033049
 2433.000000 1.698671 1.071698
 2434.000000 1.659643 1.053826
 2435.000000 1.634333 0.976065
 2436.000000 1.633080 1.057771
 2437.000000 1.547303 1.078971
 2438.000000 1.762567 1.025052
 2439.000000 1.633576 1.019800
 2440.000000 1.652436 1.010850
 2441.000000 1.734557 1.010127
 2442.000000 1.681572 1.020608
 2443.000000 1.671671 1.038025
 2444.000000 1.656625 1.050368
 2445.000000 1.627414 1.055760
 2446.000000 1.656596 0.993379
 2447.000000 1.666737 1.053798
 2448.000000 1.667897 1.071136
 2449.000000 1.646715 1.018276
 2450.000000 1.620415 1.035159
 2451.000000 1.685697 1.031300
 2452.000000 1.770458 1.054493
 2453.000000 1.610336 1.058459
 2454.000000 1.717641 1.047844
 2455.000000 1.687225 1.047732
 2456.000000 1.750319 0.981195
 2457.000000 1.629843 0.989969
 2458.000000 1.648841 0.935494
 2459.000000 1.665365 1.029485
 2460.000000 1.830067 1.066720
 2461.000000 1.719886 1.046617
 2462.000000 1.721133 1.024704
 2463.000000 1.722977 1.014751
 2464.000000 1.664167 1.061601
 2465.000000 1.663678 1.046600
 2466.000000 1.668947 1.022767
 2467.000000 1.685322 1.014744
 2468.000000 1.730807 0.995439
 2469.000000 1.688408 1.033971
 2470.000000 1.678651 1.065350
 2471.000000 1.753739 1.025422
 2472.000000 1.653593 1.040829
 2473.000000 1.836870 1.022978
 2474.000000 1.710988 1.032319
 2475.000000 1.725973 1.019331
 2476.000000 1.737607 1.041202
 2477.000000 1.687229 1.036153
 2478.000000 1.707940 1.017412
 2479.000000 1.602987 1.011971
 2480.000000 1.709624 0.990612
 2481.000000 1.683826 1.038872
 2482.000000 1.756426 1.034671
 2483.000000 1.658835 1.032927
 2484.000000 1.648823 1.046830
 2485.000000 1.565281 1.012117
 2486.000000 1.672956 1.050279
 2487.000000 1.774599 1.010790
 2488.000000 1.565272 1.014537
 2489.000000 1.551324 1.060098
 2490.000000 1.752625 0.983440
 2491.000000 1.553997 1.007532
 2492.000000 1.640168 1.019206
 2493.000000 1.689682 1.057960
 2494.000000 1.622138 1.041801
 2495.000000 1.699930 0.976411
 2496.000000 1.561723 1.008136
 2497.000000 1.755497 1.006898
 2498.000000 1.720655 0.980976
 2499.000000 1.667798 0.996471
 2500.000000 1.633754 1.001641
