#! FIELDS time pd_137_140 diff
 0.000000 2.144376 0.644078
 1.000000 2.104447 0.626217
 2.000000 2.152648 0.575894
 3.000000 2.120594 0.598000
 4.000000 1.980384 0.526627
 5.000000 1.998120 0.555628
 6.000000 2.039010 0.638683
 7.000000 2.026656 0.452699
 8.000000 1.949249 0.602657
 9.000000 2.085608 0.569169
 10.000000 2.048836 0.487648
 11.000000 2.053549 0.563419
 12.000000 2.002771 0.507362
 13.000000 2.037039 0.491793
 14.000000 2.084201 0.542072
 15.000000 1.898303 0.565541
 16.000000 1.937796 0.551303
 17.000000 2.106434 0.519428
 18.000000 1.999479 0.565131
 19.000000 2.046633 0.527446
 20.000000 2.020193 0.448811
 21.000000 2.090749 0.529944
 22.000000 2.155802 0.533613
 23.000000 1.988602 0.536646
 24.000000 2.031080 0.489612
 25.000000 2.062401 0.544101
 26.000000 2.020484 0.589826
 27.000000 2.080522 0.460329
 28.000000 2.114918 0.495213
 29.000000 2.111649 0.475029
 30.000000 2.056788 0.548274
 31.000000 2.024153 0.541743
 32.000000 2.037260 0.535226
 33.000000 1.960521 0.613733
 34.000000 1.912532 0.554977
 35.000000 1.959957 0.618770
 36.000000 2.058602 0.616527
 37.000000 1.989071 0.662385
 38.000000 1.870573 0.639869
 39.000000 2.108975 0.557962
 40.000000 2.064835 0.661287
 41.000000 1.883074 0.659554
 42.000000 1.998714 0.583280
 43.000000 2.034759 0.563040
 44.000000 1.993919 0.588637
 45.000000 1.996218 0.618775
 46.000000 1.964353 0.613657
 47.000000 2.063713 0.529775
 48.000000 1.960283 0.561246
 49.000000 1.945028 0.600993
 50.000000 1.957214 0.606066
 51.000000 2.035514 0.639354
 52.000000 1.973293 0.584060
 53.000000 1.944054 0.604872
 54.000000 2.045256 0.571010
 55.000000 1.944145 0.552328
 56.000000 2.039505 0.582834
 57.000000 1.952635 0.545267
 58.000000 2.021646 0.557468
 59.000000 2.043914 0.631884
 60.000000 1.934714 0.569247
 61.000000 1.853415 0.534980
 62.000000 1.965674 0.565222
 63.000000 1.874169 0.643361
 64.000000 1.987269 0.577880
 65.000000 2.074124 0.545952
 66.000000 2.024651 0.544637
 67.000000 2.012752 0.528702
 68.000000 2.005866 0.567777
 69.000000 1.917243 0.615106
 70.000000 1.921679 0.588451
 71.000000 1.941584 0.440391
 72.000000 2.047619 0.554616
 73.000000 2.082878 0.515837
 74.000000 2.015770 0.531276
 75.000000 1.966772 0.566799
 76.000000 2.008981 0.505505
 77.000000 1.978867 0.558702
 78.000000 1.950494 0.540976
 79.000000 2.005113 0.599819
 80.000000 2.034169 0.518698
 81.000000 1.965552 0.556130
 82.000000 1.939004 0.532638
 83.000000 1.881948 0.608141
 84.000000 1.939228 0.508580
 85.000000 2.030021 0.451258
 86.000000 2.000183 0.591186
 87.000000 1.918292 0.534707
 88.000000 1.955658 0.497536
 89.000000 1.957548 0.479556
 90.000000 1.912190 0.545923
 91.000000 2.035298 0.502440
 92.000000 1.932255 0.547607
 93.000000 1.971808 0.665024
 94.000000 1.995665 0.579597
 95.000000 2.002061 0.590039
 96.000000 1.839950 0.494549
 97.000000 1.886599 0.526085
 98.000000 1.924849 0.572514
 99.000000 1.902886 0.560106
 100.000000 2.016650 0.534883
 101.000000 2.036940 0.634048
 102.000000 1.957744 0.497388
 103.000000 1.968624 0.574476
 104.000000 1.889314 0.530722
 105.000000 1.953240 0.537666
 106.000000 2.031996 0.549716
 107.000000 1.971574 0.523937
 108.000000 2.002023 0.540989
 109.000000 2.062530 0.616305
 110.000000 1.942079 0.510147
 111.000000 2.121288 0.557574
 112.000000 2.033699 0.641684
 113.000000 2.056375 0.553441
 114.000000 2.132206 0.544393
 115.000000 2.129449 0.575741
 116.000000 1.987796 0.606338
 117.000000 1.810175 0.637950
 118.000000 2.087192 0.587604
 119.000000 1.869822 0.521662
 120.000000 2.073264 0.568407
 121.000000 2.035140 0.418701
 122.000000 1.922654 0.530306
 123.000000 1.918768 0.585235
 124.000000 1.972426 0.538499
 125.000000 2.033609 0.552219
 126.000000 2.000641 0.561093
 127.000000 2.042220 0.612212
 128.000000 1.901771 0.622676
 129.000000 1.973896 0.591384
 130.000000 1.986078 0.614589
 131.000000 2.010724 0.543065
 132.000000 1.928899 0.560934
 133.000000 1.987448 0.614809
 134.000000 1.973578 0.573662
 135.000000 2.062042 0.533202
 136.000000 2.012276 0.591747
 137.000000 1.973934 0.634946
 138.000000 1.885518 0.588109
 139.000000 1.909298 0.549728
 140.000000 1.943003 0.628582
 141.000000 2.048638 0.571378
 142.000000 1.986020 0.568483
 143.000000 1.898364 0.635110
 144.000000 1.962427 0.629933
 145.000000 1.973388 0.562573
 146.000000 1.973629 0.558529
 147.000000 1.974726 0.574648
 148.000000 1.922518 0.549011
 149.000000 1.914883 0.631820
 150.000000 1.949053 0.608439
 151.000000 1.915818 0.585199
 152.000000 2.020125 0.622384
 153.000000 2.005810 0.700919
 154.000000 2.004387 0.575663
 155.000000 1.907559 0.638825
 156.000000 1.914130 0.645914
 157.000000 1.896864 0.535413
 158.000000 1.918532 0.551103
 159.000000 2.023275 0.635375
 160.000000 1.984136 0.584662
 161.000000 2.035146 0.591895
 162.000000 2.007972 0.629893
 163.000000 1.923098 0.593672
 164.000000 2.031656 0.639774
 165.000000 1.939052 0.502067
 166.000000 1.912197 0.509527
 167.000000 1.926745 0.520953
 168.000000 1.992505 0.649043
 169.000000 1.892154 0.563590
 170.000000 1.912910 0.650226
 171.000000 2.040225 0.570867
 172.000000 1.962673 0.622553
 173.000000 2.009694 0.583561
 174.000000 2.056283 0.621470
 175.000000 1.850431 0.582643
 176.000000 1.980675 0.454318
 177.000000 2.032910 0.581846
 178.000000 1.996395 0.609229
 179.000000 1.992869 0.458164
 180.000000 1.916186 0.512741
 181.000000 1.926525 0.471244
 182.000000 1.941322 0.633747
 183.000000 1.943299 0.585890
 184.000000 1.966820 0.561673
 185.000000 1.973367 0.555446
 186.000000 2.039176 0.564303
 187.000000 1.927262 0.568316
 188.000000 2.090963 0.507014
 189.000000 1.968676 0.562597
 190.000000 1.944251 0.619061
 191.000000 1.907233 0.600444
 192.000000 1.959919 0.617338
 193.000000 1.851460 0.527363
 194.000000 2.017913 0.468416
 195.000000 2.013390 0.653267
 196.000000 2.005249 0.542047
 197.000000 1.906256 0.549061
 198.000000 1.870163 0.539547
 199.000000 1.900880 0.511080
 200.000000 1.882252 0.591364
 201.000000 1.837150 0.499425
 202.000000 1.947749 0.552901
 203.000000 1.962232 0.549627
 204.000000 1.910066 0.464285
 205.000000 2.056520 0.495272
 206.000000 1.971562 0.628864
 207.000000 2.050976 0.607558
 208.000000 1.903069 0.583411
 209.000000 2.010340 0.583062
 210.000000 2.024524 0.612755
 211.000000 2.059978 0.543470
 212.000000 2.078288 0.575951
 213.000000 2.015483 0.655982
 214.000000 2.034994 0.605989
 215.000000 1.892504 0.620215
 216.000000 2.055694 0.531845
 217.000000 1.929186 0.609452
 218.000000 2.039937 0.590940
 219.000000 1.898167 0.634331
 220.000000 2.007997 0.586323
 221.000000 2.000739 0.603012
 222.000000 1.941588 0.538068
 223.000000 2.003363 0.594135
 224.000000 1.941861 0.498381
 225.000000 1.910544 0.501683
 226.000000 1.981944 0.507472
 227.000000 2.021711 0.433483
 228.000000 1.991807 0.520497
 229.000000 1.979276 0.532311
 230.000000 1.891074 0.575677
 231.000000 1.723906 0.605187
 232.000000 1.905137 0.481499
 233.000000 1.869492 0.475300
 234.000000 1.988791 0.466523
 235.000000 1.990349 0.492184
 236.000000 2.107943 0.520310
 237.000000 1.992399 0.577744
 238.000000 2.026234 0.483732
 239.000000 1.911048 0.564072
 240.000000 2.069428 0.485056
 241.000000 1.945966 0.540597
 242.000000 1.967120 0.491147
 243.000000 1.922305 0.451926
 244.000000 1.988667 0.378305
 245.000000 1.950043 0.555909
 246.000000 1.945438 0.596687
 247.000000 1.926779 0.576077
 248.000000 1.945489 0.656291
 249.000000 1.986889 0.714032
 250.000000 2.008425 0.608850
 251.000000 2.012764 0.484185
 252.000000 1.941028 0.579382
 253.000000 2.008105 0.556997
 254.000000 1.900295 0.590846
 255.000000 2.067702 0.499197
 256.000000 1.984904 0.605495
 257.000000 2.037088 0.615113
 258.000000 1.999936 0.605773
 259.000000 2.050832 0.608759
 260.000000 2.046025 0.571686
 261.000000 1.976464 0.531459
 262.000000 2.038581 0.546969
 263.000000 1.905226 0.628499
 264.000000 2.162415 0.549125
 265.000000 2.015482 0.574583
 266.000000 1.919235 0.597430
 267.000000 1.967628 0.572506
 268.000000 1.978990 0.541185
 269.000000 1.930140 0.560671
 270.000000 2.055304 0.494380
 271.000000 1.949028 0.535786
 272.000000 2.029172 0.556712
 273.000000 1.941442 0.538011
 274.000000 2.126329 0.537321
 275.000000 2.024116 0.514990
 276.000000 1.925963 0.627948
 277.000000 1.905898 0.620361
 278.000000 1.896411 0.630391
 279.000000 1.916424 0.631858
 280.000000 2.005772 0.538153
 281.000000 1.976874 0.498966
 282.000000 2.011524 0.503864
 283.000000 2.001504 0.425350
 284.000000 1.976937 0.570582
 285.000000 1.909006 0.598503
 286.000000 1.951607 0.553107
 287.000000 1.928322 0.710927
 288.000000 1.992788 0.693522
 289.000000 1.944495 0.482261
 290.000000 2.018497 0.533582
 291.000000 2.007380 0.496487
 292.000000 1.968978 0.467681
 293.000000 1.956595 0.582734
 294.000000 1.990463 0.558781
 295.000000 1.943900 0.495955
 296.000000 1.928169 0.475342
 297.000000 1.942177 0.578293
 298.000000 1.878762 0.560330
 299.000000 1.986289 0.602250
 300.000000 1.964000 0.599412
 301.000000 1.970661 0.553033
 302.000000 1.902474 0.443720
 303.000000 2.066958 0.515390
 304.000000 1.956375 0.542164
 305.000000 1.920993 0.563076
 306.000000 1.923579 0.586293
 307.000000 2.124046 0.597468
 308.000000 1.973545 0.585312
 309.000000 1.993024 0.605820
 310.000000 1.999911 0.575503
 311.000000 1.906383 0.521025
 312.000000 1.903182 0.551613
 313.000000 1.812971 0.576817
 314.000000 1.951745 0.495318
 315.000000 1.845187 0.534502
 316.000000 2.006938 0.477070
 317.000000 2.164003 0.482946
 318.000000 1.962780 0.560341
 319.000000 2.133691 0.474794
 320.000000 1.986709 0.488532
 321.000000 1.939895 0.485778
 322.000000 1.962840 0.445804
 323.000000 2.003500 0.543632
 324.000000 1.934118 0.474178
 325.000000 1.976067 0.593458
 326.000000 2.056786 0.563087
 327.000000 2.016077 0.536155
 328.000000 2.056738 0.555540
 329.000000 1.862728 0.533069
 330.000000 2.015696 0.460829
 331.000000 1.904320 0.528270
 332.000000 1.983908 0.558516
 333.000000 2.090648 0.666462
 334.000000 2.062465 0.576155
 335.000000 1.943672 0.615789
 336.000000 2.000591 0.539143
 337.000000 2.036545 0.605533
 338.000000 2.032790 0.534239
 339.000000 1.934034 0.528791
 340.000000 2.164622 0.512050
 341.000000 1.983095 0.610200
 342.000000 2.009102 0.550816
 343.000000 2.068641 0.514759
 344.000000 2.025521 0.526048
 345.000000 2.058696 0.579074
 346.000000 1.909610 0.546024
 347.000000 2.078420 0.550886
 348.000000 1.956026 0.611755
 349.000000 2.144482 0.483319
 350.000000 2.010626 0.545680
 351.000000 2.144111 0.639581
 352.000000 2.060829 0.616496
 353.000000 1.967700 0.610522
 354.000000 1.945260 0.679333
 355.000000 2.056515 0.683180
 356.000000 1.949951 0.712365
 357.000000 1.994061 0.537333
 358.000000 1.969078 0.579153
 359.000000 2.070102 0.641913
 360.000000 2.040462 0.638108
 361.000000 2.071940 0.562401
 362.000000 2.115139 0.627375
 363.000000 2.095163 0.635279
 364.000000 2.029906 0.619469
 365.000000 2.131424 0.565995
 366.000000 2.057800 0.534629
 367.000000 2.061081 0.571826
 368.000000 2.007111 0.582011
 369.000000 1.988104 0.554977
 370.000000 2.010286 0.578776
 371.000000 2.046630 0.699329
 372.000000 1.912199 0.583637
 373.000000 1.955721 0.587146
 374.000000 2.058595 0.607910
 375.000000 2.014330 0.592061
 376.000000 2.135898 0.611976
 377.000000 1.879961 0.570654
 378.000000 2.066655 0.579931
 379.000000 2.080805 0.655364
 380.000000 2.047900 0.552365
 381.000000 1.889854 0.581290
 382.000000 2.068802 0.537296
 383.000000 2.019210 0.644325
 384.000000 1.964673 0.532893
 385.000000 2.133114 0.547047
 386.000000 1.955406 0.609789
 387.000000 1.944897 0.635425
 388.000000 1.925265 0.654927
 389.000000 1.950686 0.547586
 390.000000 1.948817 0.532711
 391.000000 2.062685 0.616675
 392.000000 1.997875 0.488549
 393.000000 2.048629 0.579032
 394.000000 2.034412 0.582672
 395.000000 1.990902 0.563472
 396.000000 2.236599 0.559702
 397.000000 2.150277 0.624010
 398.000000 2.021915 0.531902
 399.000000 2.032262 0.589638
 400.000000 2.109587 0.563189
 401.000000 2.020024 0.637172
 402.000000 2.067228 0.567242
 403.000000 2.074886 0.605839
 404.000000 2.082478 0.641497
 405.000000 2.074025 0.652341
 406.000000 2.056727 0.575300
 407.000000 2.012281 0.610982
 408.000000 2.039728 0.655319
 409.000000 1.982941 0.619821
 410.000000 1.961363 0.662677
 411.000000 1.995308 0.658722
 412.000000 1.977256 0.662324
 413.000000 2.164728 0.596068
 414.000000 1.977909 0.551733
 415.000000 2.031878 0.627157
 416.000000 2.019823 0.563025
 417.000000 2.008400 0.588346
 418.000000 2.076948 0.602042
 419.000000 1.978925 0.674630
 420.000000 2.002198 0.601139
 421.000000 2.043844 0.602028
 422.000000 2.027998 0.640543
 423.000000 2.075241 0.591940
 424.000000 2.076519 0.608093
 425.000000 2.009842 0.567839
 426.000000 1.985206 0.543338
 427.000000 1.922750 0.588987
 428.000000 1.965892 0.568830
 429.000000 2.018836 0.507898
 430.000000 1.986851 0.597683
 431.000000 1.986354 0.562430
 432.000000 2.047586 0.603713
 433.000000 1.943015 0.623789
 434.000000 2.010306 0.590822
 435.000000 1.957897 0.609610
 436.000000 1.990253 0.602168
 437.000000 1.980458 0.645034
 438.000000 2.003430 0.678466
 439.000000 1.968188 0.556833
 440.000000 2.010181 0.561403
 441.000000 2.071151 0.605686
 442.000000 1.979043 0.539437
 443.000000 2.001951 0.608608
 444.000000 2.020001 0.558056
 445.000000 1.957576 0.660104
 446.000000 2.091924 0.542313
 447.000000 1.885242 0.571549
 448.000000 1.939584 0.591744
 449.000000 2.069018 0.585767
 450.000000 2.043619 0.546227
 451.000000 2.085785 0.565738
 452.000000 1.953924 0.637382
 453.000000 2.017747 0.612801
 454.000000 1.955582 0.571395
 455.000000 1.884082 0.618988
 456.000000 1.916110 0.595496
 457.000000 2.118887 0.658272
 458.000000 2.017515 0.614958
 459.000000 2.071377 0.667564
 460.000000 2.059257 0.659699
 461.000000 1.980088 0.573976
 462.000000 2.008755 0.567555
 463.000000 1.939843 0.556635
 464.000000 2.034616 0.509826
 465.000000 1.880488 0.540254
 466.000000 2.043608 0.508313
 467.000000 2.039449 0.616774
 468.000000 2.043408 0.584365
 469.000000 1.907819 0.548485
 470.000000 1.981254 0.529579
 471.000000 2.018089 0.574724
 472.000000 1.907610 0.575670
 473.000000 1.990897 0.595422
 474.000000 2.047776 0.551268
 475.000000 1.969019 0.539505
 476.000000 1.947565 0.566698
 477.000000 2.057748 0.624460
 478.000000 1.980745 0.568956
 479.000000 2.090641 0.515968
 480.000000 2.037282 0.609035
 481.000000 1.907035 0.600362
 482.000000 1.822601 0.576376
 483.000000 1.981377 0.578383
 484.000000 2.069405 0.606059
 485.000000 1.923192 0.612435
 486.000000 1.911334 0.538553
 487.000000 1.902644 0.553929
 488.000000 1.990926 0.596031
 489.000000 1.996706 0.625594
 490.000000 2.070745 0.591658
 491.000000 1.973314 0.527215
 492.000000 2.041885 0.534687
 493.000000 1.926052 0.602121
 494.000000 1.937136 0.574200
 495.000000 2.032686 0.661355
 496.000000 2.025270 0.591729
 497.000000 1.986458 0.524421
 498.000000 1.973341 0.623309
 499.000000 2.063870 0.583153
 500.000000 1.982940 0.546333
 501.000000 2.086502 0.562507
 502.000000 1.996829 0.495849
 503.000000 1.918497 0.583862
 504.000000 2.046456 0.548192
 505.000000 2.023323 0.521321
 506.000000 2.102773 0.516057
 507.000000 2.028970 0.646378
 508.000000 1.943796 0.579036
 509.000000 2.127029 0.605967
 510.000000 2.071573 0.585049
 511.000000 2.004014 0.598743
 512.000000 1.947299 0.596883
 513.000000 1.937442 0.662927
 514.000000 2.091785 0.657645
 515.000000 1.982670 0.523223
 516.000000 1.913371 0.590481
 517.000000 2.058192 0.574580
 518.000000 1.997283 0.524590
 519.000000 1.948453 0.587879
 520.000000 1.896507 0.547360
 521.000000 2.121732 0.563995
 522.000000 2.048899 0.565823
 523.000000 1.883026 0.569819
 524.000000 2.024126 0.574909
 525.000000 1.915711 0.524536
 526.000000 2.012506 0.598105
 527.000000 2.003150 0.587310
 528.000000 2.027004 0.544140
 529.000000 2.010478 0.523416
 530.000000 1.982806 0.481275
 531.000000 2.097742 0.585135
 532.000000 2.119472 0.523916
 533.000000 2.044487 0.485856
 534.000000 2.011273 0.614852
 535.000000 1.911278 0.612467
 536.000000 1.927668 0.618012
 537.000000 2.071651 0.591242
 538.000000 1.955710 0.542008
 539.000000 2.004984 0.583665
 540.000000 2.048569 0.587353
 541.000000 1.937530 0.618482
 542.000000 1.923025 0.588310
 543.000000 1.967632 0.588632
 544.000000 2.026542 0.617753
 545.000000 1.946200 0.712816
 546.000000 2.042783 0.563843
 547.000000 2.034859 0.560095
 548.000000 2.017719 0.576482
 549.000000 1.938563 0.558182
 550.000000 2.002474 0.600328
 551.000000 1.980359 0.555959
 552.000000 2.063441 0.543367
 553.000000 1.976006 0.612313
 554.000000 1.998271 0.558241
 555.000000 1.907949 0.583428
 556.000000 2.060455 0.556816
 557.000000 1.977855 0.620184
 558.000000 1.985753 0.634280
 559.000000 2.053786 0.546105
 560.000000 1.996110 0.561544
 561.000000 2.040297 0.582024
 562.000000 2.009969 0.573391
 563.000000 2.077854 0.521148
 564.000000 2.073861 0.601782
 565.000000 2.025570 0.488451
 566.000000 1.981230 0.564466
 567.000000 1.941075 0.467203
 568.000000 2.021009 0.466762
 569.000000 1.931119 0.540682
 570.000000 2.037578 0.514913
 571.000000 1.997887 0.510191
 572.000000 1.931590 0.580891
 573.000000 1.993641 0.547274
 574.000000 2.080146 0.541558
 575.000000 1.995636 0.627358
 576.000000 1.932815 0.574211
 577.000000 2.048903 0.563544
 578.000000 2.085203 0.611705
 579.000000 2.018335 0.622408
 580.000000 2.000886 0.652571
 581.000000 2.069960 0.606060
 582.000000 1.982831 0.611792
 583.000000 2.055049 0.605510
 584.000000 2.122250 0.584789
 585.000000 2.036743 0.713974
 586.000000 2.055076 0.700627
 587.000000 2.086267 0.656558
 588.000000 2.068636 0.575907
 589.000000 1.971652 0.610252
 590.000000 2.034645 0.607133
 591.000000 2.081637 0.561913
 592.000000 2.173488 0.424239
 593.000000 2.050118 0.544800
 594.000000 2.054313 0.544012
 595.000000 2.164955 0.552537
 596.000000 2.073214 0.577721
 597.000000 2.031815 0.567559
 598.000000 1.953575 0.659936
 599.000000 2.155203 0.606195
 600.000000 2.011642 0.584872
 601.000000 2.021726 0.560166
 602.000000 1.910338 0.532134
 603.000000 2.114729 0.599794
 604.000000 2.030974 0.577127
 605.000000 2.031458 0.548177
 606.000000 2.050787 0.539440
 607.000000 1.998012 0.610868
 608.000000 2.031290 0.655602
 609.000000 1.993627 0.545787
 610.000000 1.916882 0.579708
 611.000000 1.992494 0.594435
 612.000000 2.019368 0.556215
 613.000000 2.103414 0.660130
 614.000000 2.074177 0.452404
 615.000000 1.897434 0.502026
 616.000000 1.957838 0.577750
 617.000000 1.996017 0.506498
 618.000000 2.021716 0.515845
 619.000000 1.997698 0.544041
 620.000000 2.099861 0.552043
 621.000000 1.914496 0.610139
 622.000000 1.924028 0.565673
 623.000000 2.003506 0.450063
 624.000000 2.013127 0.476691
 625.000000 2.162112 0.539843
 626.000000 2.058703 0.591335
 627.000000 1.958517 0.540498
 628.000000 2.039209 0.545637
 629.000000 1.996236 0.561806
 630.000000 2.005458 0.605778
 631.000000 1.992598 0.610849
 632.000000 2.104993 0.547610
 633.000000 2.029188 0.634055
 634.000000 2.118746 0.653042
 635.000000 2.070357 0.489768
 636.000000 2.070663 0.567724
 637.000000 1.958591 0.491612
 638.000000 2.000078 0.538184
 639.000000 1.997391 0.534453
 640.000000 2.018403 0.570590
 641.000000 2.028357 0.589781
 642.000000 2.049249 0.565695
 643.000000 2.028029 0.577687
 644.000000 2.081523 0.536398
 645.000000 1.912789 0.643127
 646.000000 2.012242 0.512948
 647.000000 2.016713 0.635860
 648.000000 2.029254 0.585807
 649.000000 2.076160 0.529374
 650.000000 2.035958 0.583145
 651.000000 2.043997 0.576589
 652.000000 2.102488 0.570507
 653.000000 2.005069 0.571922
 654.000000 1.937162 0.635371
 655.000000 2.073727 0.616366
 656.000000 2.015113 0.531103
 657.000000 2.035472 0.611583
 658.000000 2.014098 0.584658
 659.000000 1.985023 0.581286
 660.000000 1.964114 0.525534
 661.000000 1.917972 0.579927
 662.000000 2.003014 0.606106
 663.000000 1.957394 0.644506
 664.000000 2.004951 0.508737
 665.000000 2.005835 0.552814
 666.000000 2.034331 0.584260
 667.000000 2.085154 0.588000
 668.000000 2.110314 0.528807
 669.000000 2.035249 0.606333
 670.000000 1.993479 0.604122
 671.000000 2.037124 0.587607
 672.000000 2.071255 0.528489
 673.000000 1.922056 0.585787
 674.000000 2.164099 0.501743
 675.000000 2.073126 0.623317
 676.000000 1.935712 0.651169
 677.000000 2.092185 0.575622
 678.000000 2.094849 0.560602
 679.000000 1.977981 0.542393
 680.000000 1.894423 0.621272
 681.000000 2.012837 0.586301
 682.000000 2.074497 0.635052
 683.000000 2.085924 0.555583
 684.000000 2.015739 0.543414
 685.000000 1.926461 0.575738
 686.000000 2.073151 0.545695
 687.000000 2.163413 0.618990
 688.000000 2.027117 0.623508
 689.000000 2.147908 0.631799
 690.000000 1.986614 0.575474
 691.000000 2.070848 0.613661
 692.000000 1.977088 0.576566
 693.000000 1.995090 0.551111
 694.000000 1.921255 0.563435
 695.000000 1.994940 0.584072
 696.000000 2.027451 0.586414
 697.000000 2.143009 0.650372
 698.000000 2.152311 0.598039
 699.000000 1.977499 0.524995
 700.000000 2.124185 0.507786
 701.000000 2.130513 0.595376
 702.000000 2.021325 0.631223
 703.000000 1.970966 0.540332
 704.000000 1.992636 0.638769
 705.000000 2.095680 0.578647
 706.000000 2.061485 0.527754
 707.000000 2.107878 0.527672
 708.000000 2.172848 0.510221
 709.000000 2.020959 0.544135
 710.000000 2.040701 0.539986
 711.000000 2.006565 0.555725
 712.000000 2.004909 0.545352
 713.000000 1.954209 0.562425
 714.000000 2.110980 0.609610
 715.000000 1.908033 0.550651
 716.000000 2.078459 0.539030
 717.000000 2.076168 0.612569
 718.000000 1.985202 0.633327
 719.000000 2.007654 0.604554
 720.000000 2.090907 0.580539
 721.000000 2.012547 0.528665
 722.000000 2.045280 0.486221
 723.000000 1.892060 0.547931
 724.000000 2.019179 0.498590
 725.000000 1.989632 0.518783
 726.000000 1.983604 0.573422
 727.000000 2.024437 0.522681
 728.000000 2.053322 0.608537
 729.000000 1.957044 0.538579
 730.000000 2.141699 0.521794
 731.000000 1.975182 0.488622
 732.000000 1.966251 0.572822
 733.000000 2.044352 0.647311
 734.000000 1.948632 0.528093
 735.000000 1.968679 0.571083
 736.000000 2.050812 0.486634
 737.000000 2.130824 0.523896
 738.000000 2.043452 0.477786
 739.000000 1.986642 0.533115
 740.000000 1.957314 0.512190
 741.000000 2.057173 0.540045
 742.000000 2.002775 0.543196
 743.000000 2.050617 0.549799
 744.000000 2.066878 0.585413
 745.000000 2.009910 0.538887
 746.000000 2.129656 0.592363
 747.000000 2.031093 0.531156
 748.000000 2.066549 0.543024
 749.000000 2.109137 0.569945
 750.000000 2.099472 0.545530
 751.000000 1.995467 0.552770
 752.000000 2.041128 0.624547
 753.000000 2.016155 0.584843
 754.000000 2.151997 0.547013
 755.000000 1.963975 0.586786
 756.000000 1.988966 0.592634
 757.000000 2.005837 0.526811
 758.000000 2.122821 0.463700
 759.000000 2.026721 0.544717
 760.000000 1.895066 0.478696
 761.000000 2.033811 0.448987
 762.000000 2.022131 0.533258
 763.000000 2.063521 0.569030
 764.000000 1.997616 0.542083
 765.000000 2.085063 0.600548
 766.000000 2.027597 0.541037
 767.000000 2.045488 0.581661
 768.000000 1.922486 0.602743
 769.000000 2.041927 0.601896
 770.000000 2.011738 0.526662
 771.000000 2.099483 0.573244
 772.000000 2.124795 0.519186
 773.000000 2.253422 0.526643
 774.000000 2.058064 0.533787
 775.000000 2.068905 0.572431
 776.000000 2.022250 0.503642
 777.000000 2.001937 0.485072
 778.000000 2.040469 0.534723
 779.000000 2.030419 0.553992
 780.000000 1.978149 0.542277
 781.000000 2.073432 0.564426
 782.000000 2.013361 0.539519
 783.000000 2.107016 0.557240
 784.000000 2.073513 0.558540
 785.000000 2.109032 0.600301
 786.000000 2.043053 0.585256
 787.000000 2.041385 0.626025
 788.000000 1.986443 0.605426
 789.000000 2.002754 0.585467
 790.000000 2.073327 0.618436
 791.000000 2.066982 0.605174
 792.000000 1.989497 0.530338
 793.000000 2.109831 0.572513
 794.000000 1.949401 0.554310
 795.000000 1.994808 0.540044
 796.000000 2.039297 0.592581
 797.000000 1.961631 0.621115
 798.000000 2.077071 0.424177
 799.000000 2.119495 0.598578
 800.000000 2.033190 0.533859
 801.000000 2.045758 0.559568
 802.000000 2.071611 0.577904
 803.000000 1.960697 0.496003
 804.000000 1.952386 0.539205
 805.000000 1.886783 0.451775
 806.000000 2.006283 0.509676
 807.000000 1.886142 0.533467
 808.000000 2.126435 0.439678
 809.000000 1.929808 0.462211
 810.000000 2.025980 0.523614
 811.000000 1.961546 0.560185
 812.000000 1.957037 0.483436
 813.000000 2.129353 0.506228
 814.000000 2.001415 0.531793
 815.000000 2.058868 0.616698
 816.000000 2.043428 0.579132
 817.000000 2.004100 0.544332
 818.000000 2.073451 0.584075
 819.000000 2.082158 0.552369
 820.000000 2.094118 0.569815
 821.000000 2.010093 0.535248
 822.000000 2.093220 0.514642
 823.000000 2.161545 0.531532
 824.000000 2.032977 0.591383
 825.000000 2.031652 0.607697
 826.000000 2.111906 0.519251
 827.000000 2.084604 0.578454
 828.000000 2.077160 0.544788
 829.000000 2.063938 0.526735
 830.000000 2.087228 0.594684
 831.000000 2.040456 0.551020
 832.000000 1.945552 0.506837
 833.000000 1.978837 0.507605
 834.000000 2.053813 0.543088
 835.000000 2.153488 0.577713
 836.000000 2.141442 0.555570
 837.000000 1.980012 0.595959
 838.000000 2.007152 0.641404
 839.000000 2.020527 0.578841
 840.000000 2.087888 0.649345
 841.000000 1.858346 0.546537
 842.000000 2.046491 0.535934
 843.000000 2.059524 0.579308
 844.000000 2.043605 0.502774
 845.000000 1.942837 0.508647
 846.000000 2.021415 0.471983
 847.000000 2.054095 0.537954
 848.000000 2.083208 0.472577
 849.000000 2.074044 0.512568
 850.000000 2.002267 0.520269
 851.000000 2.079835 0.481665
 852.000000 2.008501 0.504643
 853.000000 2.065248 0.495342
 854.000000 2.035077 0.525047
 855.000000 1.888173 0.526419
 856.000000 2.024418 0.644481
 857.000000 1.916660 0.635107
 858.000000 1.998226 0.436518
 859.000000 2.009247 0.612101
 860.000000 2.087903 0.586920
 861.000000 1.976555 0.541887
 862.000000 1.902170 0.603272
 863.000000 1.935822 0.576857
 864.000000 2.038255 0.570808
 865.000000 2.081472 0.527109
 866.000000 1.944758 0.497083
 867.000000 1.998204 0.515653
 868.000000 2.082889 0.528268
 869.000000 2.032878 0.520160
 870.000000 2.082655 0.545492
 871.000000 2.029787 0.519499
 872.000000 1.935109 0.546869
 873.000000 2.016768 0.486305
 874.000000 2.125242 0.537687
 875.000000 1.953120 0.566494
 876.000000 2.122322 0.629133
 877.000000 2.029654 0.542841
 878.000000 2.126458 0.481604
 879.000000 2.018172 0.597297
 880.000000 2.135763 0.608362
 881.000000 2.151535 0.546834
 882.000000 2.073706 0.554515
 883.000000 2.126637 0.482129
 884.000000 1.933631 0.555662
 885.000000 1.980396 0.618498
 886.000000 2.129426 0.546791
 887.000000 1.899064 0.523800
 888.000000 2.015438 0.491267
 889.000000 2.043572 0.523336
 890.000000 1.965555 0.514442
 891.000000 2.143165 0.470187
 892.000000 1.878102 0.619966
 893.000000 2.068450 0.587754
 894.000000 2.034897 0.571008
 895.000000 1.960992 0.611014
 896.000000 2.063820 0.580629
 897.000000 2.055837 0.470946
 898.000000 2.065894 0.607997
 899.000000 1.968086 0.453471
 900.000000 1.999990 0.576972
 901.000000 2.021781 0.501896
 902.000000 2.064820 0.524752
 903.000000 2.029594 0.493442
 904.000000 2.055672 0.522814
 905.000000 2.042762 0.487445
 906.000000 2.003986 0.540530
 907.000000 2.052508 0.605649
 908.000000 1.994218 0.526121
 909.000000 1.911482 0.499547
 910.000000 1.998548 0.518536
 911.000000 1.856276 0.449894
 912.000000 2.060152 0.541869
 913.000000 1.985254 0.508770
 914.000000 1.996879 0.463970
 915.000000 2.068321 0.447666
 916.000000 2.051949 0.508853
 917.000000 2.017522 0.532502
 918.000000 2.015505 0.484708
 919.000000 1.914282 0.524223
 920.000000 2.037672 0.552612
 921.000000 2.045822 0.539413
 922.000000 1.984691 0.548415
 923.000000 2.046155 0.541367
 924.000000 1.975892 0.549516
 925.000000 1.914509 0.489164
 926.000000 2.138043 0.435575
 927.000000 2.099702 0.571274
 928.000000 2.040741 0.453026
 929.000000 2.005403 0.552898
 930.000000 2.015100 0.537957
 931.000000 2.044672 0.625054
 932.000000 2.066736 0.560016
 933.000000 2.049160 0.491575
 934.000000 2.074775 0.596611
 935.000000 2.046955 0.525521
 936.000000 1.982692 0.519695
 937.000000 2.146226 0.538752
 938.000000 2.024408 0.488784
 939.000000 2.100531 0.601225
 940.000000 2.010617 0.529140
 941.000000 2.151913 0.538768
 942.000000 2.028759 0.505589
 943.000000 2.059484 0.554358
 944.000000 1.918954 0.570752
 945.000000 1.986346 0.562169
 946.000000 2.044984 0.532534
 947.000000 2.115142 0.565807
 948.000000 2.097646 0.550624
 949.000000 2.085144 0.550651
 950.000000 2.118298 0.544445
 951.000000 2.015089 0.584607
 952.000000 1.982103 0.503204
 953.000000 2.016316 0.589443
 954.000000 1.993334 0.454501
 955.000000 1.956052 0.531810
 956.000000 2.003450 0.475183
 957.000000 1.980016 0.579740
 958.000000 2.064958 0.497447
 959.000000 1.999266 0.535683
 960.000000 2.109744 0.562139
 961.000000 2.010888 0.544625
 962.000000 1.888497 0.485859
 963.000000 1.948561 0.567922
 964.000000 1.969523 0.622452
 965.000000 2.041839 0.589121
 966.000000 1.981657 0.563193
 967.000000 1.959061 0.497273
 968.000000 2.068620 0.527792
 969.000000 2.006827 0.558996
 970.000000 1.951827 0.473358
 971.000000 2.048132 0.574011
 972.000000 2.017175 0.496652
 973.000000 2.059756 0.526662
 974.000000 2.069154 0.456713
 975.000000 2.116134 0.515090
 976.000000 2.037717 0.519014
 977.000000 2.207338 0.408676
 978.000000 2.115087 0.537406
 979.000000 1.973581 0.457816
 980.000000 1.997089 0.563774
 981.000000 2.005864 0.493701
 982.000000 2.023818 0.528150
 983.000000 1.994178 0.469865
 984.000000 2.001267 0.480041
 985.000000 2.040359 0.668170
 986.000000 2.047296 0.534146
 987.000000 1.937900 0.543192
 988.000000 1.979797 0.433742
 989.000000 1.959039 0.523785
 990.000000 1.975563 0.554202
 991.000000 2.057003 0.516299
 992.000000 2.004435 0.612265
 993.000000 1.879622 0.517068
 994.000000 1.967213 0.579231
 995.000000 2.000927 0.510730
 996.000000 1.972997 0.555934
 997.000000 2.077944 0.606626
 998.000000 1.986131 0.579713
 999.000000 1.965577 0.558155
 1000.000000 2.099667 0.507711
 1001.000000 2.005357 0.549909
 1002.000000 2.047268 0.556245
 1003.000000 2.111633 0.550312
 1004.000000 2.024547 0.572968
 1005.000000 2.012922 0.611856
 1006.000000 2.010863 0.558340
 1007.000000 1.998222 0.543485
 1008.000000 1.894011 0.513617
 1009.000000 1.920666 0.603148
 1010.000000 1.944927 0.609486
 1011.000000 1.986781 0.521080
 1012.000000 2.006286 0.555242
 1013.000000 2.023394 0.574925
 1014.000000 2.012560 0.521245
 1015.000000 1.955285 0.538183
 1016.000000 2.114476 0.486183
 1017.000000 2.050139 0.590134
 1018.000000 2.011212 0.508429
 1019.000000 2.076262 0.504532
 1020.000000 2.032425 0.560300
 1021.000000 2.031156 0.500068
 1022.000000 2.032320 0.464481
 1023.000000 1.967873 0.432575
 1024.000000 2.056460 0.555658
 1025.000000 2.087122 0.583228
 1026.000000 2.083816 0.483894
 1027.000000 2.087172 0.490133
 1028.000000 2.075879 0.525545
 1029.000000 2.101934 0.560249
 1030.000000 1.915497 0.551520
 1031.000000 2.039289 0.578106
 1032.000000 2.094231 0.582978
 1033.000000 2.009672 0.636569
 1034.000000 2.057422 0.605490
 1035.000000 2.036690 0.571349
 1036.000000 2.083419 0.480286
 1037.000000 2.048968 0.483016
 1038.000000 2.180252 0.507545
 1039.000000 2.036850 0.534438
 1040.000000 1.942428 0.518663
 1041.000000 1.981470 0.642623
 1042.000000 2.017683 0.601455
 1043.000000 2.006277 0.520086
 1044.000000 2.077937 0.546022
 1045.000000 2.036748 0.477537
 1046.000000 2.157000 0.595614
 1047.000000 2.088138 0.559023
 1048.000000 2.045916 0.580290
 1049.000000 1.959745 0.539596
 1050.000000 1.981223 0.519684
 1051.000000 2.004112 0.514767
 1052.000000 1.914806 0.512019
 1053.000000 2.112322 0.474107
 1054.000000 1.931023 0.570689
 1055.000000 1.935126 0.517410
 1056.000000 2.025592 0.562951
 1057.000000 1.945034 0.572248
 1058.000000 1.919088 0.493928
 1059.000000 2.133535 0.590360
 1060.000000 2.050472 0.515686
 1061.000000 1.961609 0.576582
 1062.000000 1.993793 0.545940
 1063.000000 2.127766 0.530064
 1064.000000 2.058132 0.572840
 1065.000000 1.962812 0.517626
 1066.000000 2.096020 0.614360
 1067.000000 2.076709 0.544659
 1068.000000 1.969507 0.543936
 1069.000000 1.888131 0.577568
 1070.000000 1.931950 0.584349
 1071.000000 2.073571 0.631277
 1072.000000 1.916703 0.574800
 1073.000000 2.084725 0.519044
 1074.000000 1.909757 0.503156
 1075.000000 1.991394 0.533570
 1076.000000 2.059995 0.548960
 1077.000000 1.974715 0.551076
 1078.000000 1.963383 0.577454
 1079.000000 2.099237 0.559601
 1080.000000 2.123641 0.605082
 1081.000000 2.062437 0.605600
 1082.000000 2.082481 0.590834
 1083.000000 2.055360 0.525715
 1084.000000 1.992714 0.535847
 1085.000000 1.966309 0.598478
 1086.000000 1.943935 0.559149
 1087.000000 2.015572 0.542383
 1088.000000 1.978412 0.540589
 1089.000000 2.041397 0.506077
 1090.000000 2.114070 0.549500
 1091.000000 2.064443 0.616369
 1092.000000 1.951888 0.565635
 1093.000000 2.110835 0.543123
 1094.000000 1.985524 0.594107
 1095.000000 2.136942 0.611290
 1096.000000 2.018861 0.630546
 1097.000000 1.969592 0.641907
 1098.000000 1.894639 0.574189
 1099.000000 2.016326 0.578581
 1100.000000 2.137472 0.587570
 1101.000000 1.984033 0.515062
 1102.000000 2.104214 0.556255
 1103.000000 2.026292 0.641475
 1104.000000 2.079751 0.579740
 1105.000000 2.044830 0.598761
 1106.000000 1.946415 0.567266
 1107.000000 2.044363 0.523745
 1108.000000 2.030863 0.465225
 1109.000000 2.113856 0.573759
 1110.000000 2.067391 0.507755
 1111.000000 2.030940 0.391805
 1112.000000 2.048225 0.552767
 1113.000000 2.052408 0.601769
 1114.000000 2.081188 0.555179
 1115.000000 1.983831 0.562551
 1116.000000 1.930320 0.718410
 1117.000000 2.103240 0.681970
 1118.000000 2.050145 0.654497
 1119.000000 2.006082 0.401183
 1120.000000 2.052335 0.565032
 1121.000000 2.017151 0.528029
 1122.000000 1.977808 0.568663
 1123.000000 1.900190 0.519391
 1124.000000 2.001863 0.632087
 1125.000000 2.042045 0.630041
 1126.000000 2.022466 0.572394
 1127.000000 2.043780 0.454392
 1128.000000 2.138439 0.582035
 1129.000000 1.968780 0.514097
 1130.000000 2.075903 0.578034
 1131.000000 1.946880 0.519524
 1132.000000 1.945599 0.556926
 1133.000000 1.983934 0.506628
 1134.000000 1.992592 0.603743
 1135.000000 1.875174 0.486822
 1136.000000 1.957035 0.549171
 1137.000000 2.019989 0.577596
 1138.000000 1.961967 0.558426
 1139.000000 1.950593 0.579359
 1140.000000 2.019482 0.605075
 1141.000000 1.907201 0.586613
 1142.000000 2.070139 0.663127
 1143.000000 1.927047 0.651001
 1144.000000 1.953716 0.599451
 1145.000000 1.971166 0.568676
 1146.000000 2.088667 0.526770
 1147.000000 1.932331 0.575470
 1148.000000 2.032920 0.557452
 1149.000000 2.018342 0.571229
 1150.000000 2.042442 0.524890
 1151.000000 1.998342 0.544689
 1152.000000 2.052390 0.495241
 1153.000000 2.110668 0.650629
 1154.000000 2.076125 0.596084
 1155.000000 1.934612 0.611804
 1156.000000 1.921031 0.588655
 1157.000000 2.022574 0.560531
 1158.000000 1.995670 0.537383
 1159.000000 2.016555 0.542181
 1160.000000 2.023709 0.499895
 1161.000000 1.900290 0.667246
 1162.000000 1.880302 0.500666
 1163.000000 1.952067 0.558624
 1164.000000 2.057672 0.507120
 1165.000000 1.964388 0.609462
 1166.000000 1.993048 0.500288
 1167.000000 1.918798 0.575704
 1168.000000 2.007748 0.557047
 1169.000000 1.970904 0.600690
 1170.000000 1.950653 0.642328
 1171.000000 2.009745 0.607477
 1172.000000 2.062757 0.546347
 1173.000000 2.047135 0.607287
 1174.000000 2.061220 0.501152
 1175.000000 2.013226 0.606178
 1176.000000 2.108230 0.610450
 1177.000000 1.825936 0.553148
 1178.000000 1.916116 0.487248
 1179.000000 1.960007 0.515616
 1180.000000 2.018202 0.571332
 1181.000000 1.968660 0.600750
 1182.000000 1.908240 0.603741
 1183.000000 2.066301 0.666866
 1184.000000 1.926855 0.524321
 1185.000000 1.936345 0.596263
 1186.000000 1.909661 0.653454
 1187.000000 1.949512 0.617497
 1188.000000 1.959135 0.531889
 1189.000000 2.046884 0.636533
 1190.000000 2.011953 0.547732
 1191.000000 2.016816 0.590501
 1192.000000 2.033325 0.609814
 1193.000000 2.079891 0.535450
 1194.000000 2.023901 0.519563
 1195.000000 2.072657 0.579257
 1196.000000 1.958355 0.570202
 1197.000000 2.106794 0.618198
 1198.000000 2.052337 0.651758
 1199.000000 1.971849 0.523252
 1200.000000 2.086028 0.595640
 1201.000000 1.939198 0.561558
 1202.000000 2.039217 0.566810
 1203.000000 2.006487 0.534695
 1204.000000 1.962719 0.567135
 1205.000000 1.962940 0.516063
 1206.000000 2.091692 0.555779
 1207.000000 1.944714 0.559031
 1208.000000 2.032024 0.539546
 1209.000000 2.080071 0.582649
 1210.000000 2.141706 0.502861
 1211.000000 2.029567 0.526815
 1212.000000 1.971311 0.477949
 1213.000000 2.036173 0.539029
 1214.000000 2.036228 0.574902
 1215.000000 2.077986 0.589909
 1216.000000 2.114701 0.578934
 1217.000000 1.986163 0.655225
 1218.000000 2.082867 0.609867
 1219.000000 2.181371 0.487089
 1220.000000 1.962805 0.616423
 1221.000000 1.935562 0.525608
 1222.000000 2.047623 0.459461
 1223.000000 2.008603 0.490033
 1224.000000 2.057322 0.491857
 1225.000000 2.133262 0.580428
 1226.000000 2.037259 0.546721
 1227.000000 1.860880 0.534234
 1228.000000 1.980613 0.512182
 1229.000000 2.015353 0.552446
 1230.000000 2.017791 0.535983
 1231.000000 1.917672 0.550241
 1232.000000 2.039882 0.507280
 1233.000000 1.937178 0.646208
 1234.000000 2.017235 0.625199
 1235.000000 1.918508 0.551331
 1236.000000 1.982664 0.555543
 1237.000000 2.003827 0.520603
 1238.000000 1.930450 0.532933
 1239.000000 1.900808 0.533882
 1240.000000 2.010701 0.608517
 1241.000000 2.027858 0.555488
 1242.000000 1.974853 0.492027
 1243.000000 2.000084 0.546039
 1244.000000 2.005117 0.638554
 1245.000000 2.148431 0.606253
 1246.000000 2.045507 0.549113
 1247.000000 2.032794 0.639123
 1248.000000 1.967765 0.497683
 1249.000000 2.067235 0.473500
 1250.000000 2.003116 0.445864
 1251.000000 2.015965 0.473964
 1252.000000 2.038307 0.504991
 1253.000000 2.008023 0.573237
 1254.000000 1.910163 0.608927
 1255.000000 1.988730 0.556501
 1256.000000 2.103153 0.495544
 1257.000000 1.973587 0.614833
 1258.000000 1.974700 0.638200
 1259.000000 1.924819 0.486852
 1260.000000 2.096915 0.578938
 1261.000000 2.107779 0.530236
 1262.000000 2.025196 0.662237
 1263.000000 1.966766 0.559161
 1264.000000 2.012051 0.617957
 1265.000000 2.053566 0.596990
 1266.000000 2.045647 0.498405
 1267.000000 2.091152 0.589784
 1268.000000 2.077023 0.578177
 1269.000000 2.048081 0.558835
 1270.000000 2.002420 0.636420
 1271.000000 2.019261 0.570852
 1272.000000 2.033514 0.533530
 1273.000000 2.065337 0.598729
 1274.000000 2.038116 0.579940
 1275.000000 1.986811 0.575518
 1276.000000 2.076197 0.540685
 1277.000000 2.069913 0.598615
 1278.000000 1.989639 0.581775
 1279.000000 1.981849 0.607047
 1280.000000 2.037186 0.576899
 1281.000000 2.034707 0.597472
 1282.000000 1.941307 0.525747
 1283.000000 2.025813 0.602883
 1284.000000 2.009715 0.664821
 1285.000000 1.917137 0.597661
 1286.000000 2.086351 0.583035
 1287.000000 2.091977 0.560853
 1288.000000 1.989373 0.628588
 1289.000000 1.951021 0.522975
 1290.000000 1.983539 0.541089
 1291.000000 2.009624 0.548344
 1292.000000 1.981860 0.547301
 1293.000000 1.959783 0.551198
 1294.000000 1.951477 0.528600
 1295.000000 1.986237 0.455125
 1296.000000 2.018733 0.582954
 1297.000000 2.022301 0.528501
 1298.000000 1.980810 0.535463
 1299.000000 2.005564 0.525183
 1300.000000 2.063996 0.642721
 1301.000000 2.012521 0.603320
 1302.000000 2.012110 0.547663
 1303.000000 2.086849 0.642446
 1304.000000 2.007406 0.667415
 1305.000000 2.022430 0.589162
 1306.000000 2.089743 0.632414
 1307.000000 2.049220 0.537349
 1308.000000 2.050720 0.598059
 1309.000000 2.022524 0.654539
 1310.000000 2.037798 0.546747
 1311.000000 1.960204 0.593393
 1312.000000 2.030902 0.555606
 1313.000000 2.031381 0.563418
 1314.000000 2.063997 0.565480
 1315.000000 2.012196 0.613617
 1316.000000 2.104883 0.595525
 1317.000000 1.955946 0.591025
 1318.000000 1.905989 0.624424
 1319.000000 2.122184 0.694455
 1320.000000 2.053961 0.647282
 1321.000000 2.035399 0.622070
 1322.000000 2.067154 0.612130
 1323.000000 2.024064 0.598513
 1324.000000 2.123779 0.640669
 1325.000000 2.145570 0.611810
 1326.000000 2.037558 0.675185
 1327.000000 2.040572 0.564171
 1328.000000 2.046556 0.585399
 1329.000000 2.072559 0.639924
 1330.000000 2.053425 0.600378
 1331.000000 2.065151 0.565117
 1332.000000 2.111205 0.571952
 1333.000000 1.989554 0.524319
 1334.000000 2.035437 0.612000
 1335.000000 1.957470 0.484565
 1336.000000 2.011873 0.509120
 1337.000000 2.092640 0.555636
 1338.000000 2.054882 0.570902
 1339.000000 1.978533 0.676255
 1340.000000 1.920526 0.647220
 1341.000000 1.855962 0.637481
 1342.000000 2.067177 0.664836
 1343.000000 2.098966 0.593194
 1344.000000 1.966886 0.657334
 1345.000000 1.996391 0.587571
 1346.000000 2.139681 0.680252
 1347.000000 1.966150 0.558004
 1348.000000 2.101550 0.594020
 1349.000000 1.984530 0.645060
 1350.000000 2.034076 0.620945
 1351.000000 2.106780 0.633003
 1352.000000 2.023529 0.571262
 1353.000000 1.944456 0.548362
 1354.000000 1.972995 0.552108
 1355.000000 1.906915 0.556959
 1356.000000 2.071546 0.559124
 1357.000000 2.116963 0.565703
 1358.000000 2.219244 0.565378
 1359.000000 1.940402 0.562490
 1360.000000 1.920610 0.529659
 1361.000000 2.017966 0.633199
 1362.000000 2.051656 0.500714
 1363.000000 1.994136 0.608761
 1364.000000 2.039499 0.548661
 1365.000000 1.993976 0.462991
 1366.000000 2.079280 0.529550
 1367.000000 1.973272 0.516014
 1368.000000 2.008295 0.578896
 1369.000000 1.998796 0.532061
 1370.000000 2.061876 0.494542
 1371.000000 1.930692 0.527884
 1372.000000 1.927928 0.549648
 1373.000000 2.035325 0.624723
 1374.000000 1.898825 0.554805
 1375.000000 2.004973 0.710019
 1376.000000 2.005418 0.573478
 1377.000000 1.999872 0.556557
 1378.000000 1.981020 0.619395
 1379.000000 2.039629 0.585522
 1380.000000 2.113172 0.672542
 1381.000000 2.084015 0.693206
 1382.000000 2.029775 0.605752
 1383.000000 2.046310 0.663227
 1384.000000 1.979565 0.672626
 1385.000000 1.981355 0.650749
 1386.000000 1.914128 0.603210
 1387.000000 1.931253 0.619534
 1388.000000 2.038365 0.655604
 1389.000000 2.039766 0.593823
 1390.000000 2.062463 0.705076
 1391.000000 2.075594 0.524974
 1392.000000 1.968822 0.531593
 1393.000000 2.074993 0.466066
 1394.000000 2.029852 0.527191
 1395.000000 2.057129 0.516093
 1396.000000 2.042918 0.507216
 1397.000000 2.113883 0.646927
 1398.000000 2.010757 0.623225
 1399.000000 2.104433 0.488817
 1400.000000 2.065383 0.486268
 1401.000000 2.015847 0.606539
 1402.000000 2.057152 0.666474
 1403.000000 2.041412 0.665153
 1404.000000 1.882172 0.635346
 1405.000000 2.037540 0.573239
 1406.000000 2.173899 0.650021
 1407.000000 1.962471 0.675893
 1408.000000 1.955655 0.595712
 1409.000000 2.015054 0.603233
 1410.000000 1.949673 0.625495
 1411.000000 1.906348 0.610051
 1412.000000 1.979400 0.659485
 1413.000000 1.902694 0.627831
 1414.000000 1.950969 0.669965
 1415.000000 2.082806 0.686016
 1416.000000 1.977403 0.585249
 1417.000000 1.920539 0.646411
 1418.000000 2.065407 0.603720
 1419.000000 1.916404 0.549652
 1420.000000 1.963168 0.589116
 1421.000000 2.047459 0.654936
 1422.000000 2.044088 0.669249
 1423.000000 2.050813 0.602772
 1424.000000 2.082195 0.653047
 1425.000000 1.979817 0.621070
 1426.000000 2.117672 0.614181
 1427.000000 2.090747 0.661235
 1428.000000 2.068501 0.565347
 1429.000000 1.976598 0.558784
 1430.000000 2.128087 0.566956
 1431.000000 2.030039 0.616939
 1432.000000 2.017075 0.583623
 1433.000000 2.056028 0.643044
 1434.000000 2.014964 0.542442
 1435.000000 1.997822 0.649801
 1436.000000 1.964011 0.661593
 1437.000000 1.969466 0.610826
 1438.000000 1.923332 0.580303
 1439.000000 2.011888 0.640449
 1440.000000 1.923749 0.592680
 1441.000000 1.990556 0.585998
 1442.000000 1.884669 0.614780
 1443.000000 1.974343 0.611724
 1444.000000 1.952051 0.533000
 1445.000000 1.975573 0.589775
 1446.000000 1.995663 0.602813
 1447.000000 1.985456 0.648312
 1448.000000 2.087126 0.610062
 1449.000000 2.027717 0.596537
 1450.000000 1.984607 0.597782
 1451.000000 2.063716 0.618799
 1452.000000 2.012744 0.626226
 1453.000000 2.031607 0.547642
 1454.000000 2.023052 0.631590
 1455.000000 1.934164 0.594929
 1456.000000 2.062861 0.533925
 1457.000000 2.013062 0.611830
 1458.000000 2.083268 0.645746
 1459.000000 1.992721 0.587680
 1460.000000 2.011541 0.500428
 1461.000000 2.138538 0.598070
 1462.000000 2.044443 0.539122
 1463.000000 2.014502 0.608196
 1464.000000 1.931012 0.621597
 1465.000000 2.081658 0.540679
 1466.000000 2.105798 0.572475
 1467.000000 2.038168 0.565415
 1468.000000 2.014491 0.525171
 1469.000000 2.027809 0.630341
 1470.000000 1.992794 0.618302
 1471.000000 1.893188 0.580922
 1472.000000 2.074969 0.574213
 1473.000000 1.897465 0.623389
 1474.000000 2.019724 0.630218
 1475.000000 2.054331 0.564434
 1476.000000 2.105662 0.525691
 1477.000000 2.060362 0.596866
 1478.000000 1.976005 0.584127
 1479.000000 2.049732 0.565527
 1480.000000 1.937954 0.653293
 1481.000000 1.987052 0.525915
 1482.000000 2.014153 0.541299
 1483.000000 2.101138 0.622020
 1484.000000 2.114503 0.617378
 1485.000000 1.980243 0.474775
 1486.000000 2.099337 0.503851
 1487.000000 1.986886 0.551852
 1488.000000 2.008670 0.604462
 1489.000000 1.979082 0.519057
 1490.000000 2.061282 0.500107
 1491.000000 1.997013 0.533012
 1492.000000 2.117773 0.526116
 1493.000000 1.911653 0.524087
 1494.000000 2.076823 0.483066
 1495.000000 2.129545 0.519536
 1496.000000 1.986800 0.521765
 1497.000000 1.982470 0.572794
 1498.000000 2.058731 0.509410
 1499.000000 2.040728 0.617382
 1500.000000 2.162893 0.548100
 1501.000000 1.931233 0.617141
 1502.000000 2.115258 0.531750
 1503.000000 1.956475 0.455502
 1504.000000 1.957993 0.536811
 1505.000000 2.008474 0.526347
 1506.000000 2.003724 0.608036
 1507.000000 1.943537 0.636341
 1508.000000 1.966620 0.532331
 1509.000000 1.992375 0.507594
 1510.000000 2.052519 0.543022
 1511.000000 2.093596 0.512697
 1512.000000 2.004967 0.541497
 1513.000000 2.100478 0.432256
 1514.000000 2.004828 0.494459
 1515.000000 2.074815 0.577741
 1516.000000 1.959639 0.555287
 1517.000000 2.048408 0.561081
 1518.000000 2.023895 0.583920
 1519.000000 2.017147 0.593015
 1520.000000 2.044848 0.526405
 1521.000000 1.874484 0.490135
 1522.000000 1.951604 0.523677
 1523.000000 1.952285 0.458939
 1524.000000 2.047860 0.437508
 1525.000000 2.028304 0.530606
 1526.000000 2.091434 0.551590
 1527.000000 1.999467 0.543350
 1528.000000 2.003471 0.512677
 1529.000000 1.978621 0.475665
 1530.000000 2.043181 0.601277
 1531.000000 2.029299 0.501912
 1532.000000 2.042919 0.568887
 1533.000000 1.934415 0.613909
 1534.000000 1.981918 0.542125
 1535.000000 1.946060 0.504742
 1536.000000 1.964126 0.532964
 1537.000000 2.037222 0.588734
 1538.000000 1.925440 0.604321
 1539.000000 2.019075 0.582743
 1540.000000 1.875781 0.586200
 1541.000000 1.987411 0.541019
 1542.000000 2.114453 0.515444
 1543.000000 1.998582 0.661775
 1544.000000 1.978029 0.475760
 1545.000000 2.090533 0.468666
 1546.000000 2.046782 0.643726
 1547.000000 1.987028 0.614264
 1548.000000 1.994989 0.515161
 1549.000000 1.966877 0.638317
 1550.000000 2.090227 0.618386
 1551.000000 1.917274 0.650123
 1552.000000 2.044671 0.681136
 1553.000000 2.078945 0.606581
 1554.000000 2.010922 0.650641
 1555.000000 2.025805 0.555246
 1556.000000 1.943433 0.627176
 1557.000000 1.990254 0.666526
 1558.000000 1.935202 0.707416
 1559.000000 1.955662 0.581624
 1560.000000 1.959902 0.636683
 1561.000000 1.975778 0.613940
 1562.000000 2.050996 0.636194
 1563.000000 1.989297 0.652692
 1564.000000 1.931478 0.661928
 1565.000000 2.080581 0.664627
 1566.000000 2.113291 0.670700
 1567.000000 1.996834 0.579597
 1568.000000 1.989340 0.574457
 1569.000000 2.065333 0.663884
 1570.000000 1.976852 0.596049
 1571.000000 1.898638 0.476569
 1572.000000 1.961960 0.610522
 1573.000000 2.058796 0.541552
 1574.000000 2.007787 0.561449
 1575.000000 1.899867 0.548140
 1576.000000 1.987454 0.591701
 1577.000000 2.004011 0.587989
 1578.000000 1.991866 0.633975
 1579.000000 1.928063 0.564580
 1580.000000 2.027715 0.532406
 1581.000000 2.067916 0.576675
 1582.000000 2.061936 0.596740
 1583.000000 1.926989 0.550640
 1584.000000 2.028526 0.606935
 1585.000000 2.009134 0.622761
 1586.000000 2.106315 0.685000
 1587.000000 2.020722 0.603658
 1588.000000 1.982993 0.735209
 1589.000000 1.994584 0.676837
 1590.000000 2.064435 0.616641
 1591.000000 2.002191 0.602489
 1592.000000 1.990970 0.641672
 1593.000000 1.905738 0.611486
 1594.000000 2.060557 0.597426
 1595.000000 1.895839 0.681625
 1596.000000 1.977569 0.635386
 1597.000000 1.995705 0.607358
 1598.000000 1.951459 0.480349
 1599.000000 1.984128 0.502410
 1600.000000 1.977913 0.559777
 1601.000000 2.079823 0.565014
 1602.000000 2.060491 0.529485
 1603.000000 2.078726 0.659245
 1604.000000 2.011966 0.455205
 1605.000000 2.072357 0.529117
 1606.000000 2.023410 0.625297
 1607.000000 2.018373 0.590460
 1608.000000 2.072302 0.589508
 1609.000000 2.012783 0.580102
 1610.000000 1.994184 0.543956
 1611.000000 1.998902 0.548683
 1612.000000 2.040324 0.522673
 1613.000000 2.051762 0.659643
 1614.000000 2.038734 0.509302
 1615.000000 2.114841 0.581426
 1616.000000 2.029221 0.579088
 1617.000000 2.101539 0.587302
 1618.000000 1.953736 0.574977
 1619.000000 2.018390 0.523410
 1620.000000 2.121086 0.585386
 1621.000000 2.051141 0.577054
 1622.000000 2.055633 0.584947
 1623.000000 2.123031 0.533751
 1624.000000 2.057240 0.614989
 1625.000000 2.184142 0.611278
 1626.000000 2.027593 0.637119
 1627.000000 1.986350 0.618226
 1628.000000 1.983210 0.556826
 1629.000000 1.981033 0.633111
 1630.000000 1.906884 0.632360
 1631.000000 2.061287 0.668237
 1632.000000 2.129170 0.598192
 1633.000000 2.001177 0.596163
 1634.000000 2.051735 0.581806
 1635.000000 2.091480 0.586220
 1636.000000 2.086896 0.508201
 1637.000000 2.196045 0.590004
 1638.000000 2.065597 0.554387
 1639.000000 2.056747 0.570815
 1640.000000 2.023789 0.679841
 1641.000000 2.015728 0.638073
 1642.000000 1.989764 0.610925
 1643.000000 2.007087 0.627967
 1644.000000 2.039189 0.633121
 1645.000000 1.999928 0.670421
 1646.000000 2.000405 0.687415
 1647.000000 1.898568 0.604090
 1648.000000 2.055272 0.673610
 1649.000000 1.999469 0.648760
 1650.000000 2.085726 0.655815
 1651.000000 2.152126 0.644468
 1652.000000 2.074206 0.656127
 1653.000000 2.013817 0.632757
 1654.000000 2.045794 0.693516
 1655.000000 2.034917 0.607214
 1656.000000 1.991091 0.643213
 1657.000000 2.076533 0.702667
 1658.000000 2.007148 0.696094
 1659.000000 2.111984 0.637992
 1660.000000 2.177590 0.716787
 1661.000000 2.148441 0.718224
 1662.000000 2.099812 0.694986
 1663.000000 2.086728 0.656369
 1664.000000 2.092933 0.669484
 1665.000000 2.049957 0.666826
 1666.000000 1.956952 0.660954
 1667.000000 1.979719 0.619971
 1668.000000 2.006719 0.576237
 1669.000000 1.934498 0.654033
 1670.000000 1.980712 0.576289
 1671.000000 1.966572 0.658026
 1672.000000 1.927394 0.629247
 1673.000000 1.962097 0.696659
 1674.000000 2.016052 0.631072
 1675.000000 1.966325 0.660808
 1676.000000 1.982432 0.643395
 1677.000000 2.149104 0.727180
 1678.000000 2.070162 0.695440
 1679.000000 2.148714 0.696945
 1680.000000 2.078408 0.536282
 1681.000000 1.882526 0.620683
 1682.000000 2.044311 0.703457
 1683.000000 1.944310 0.562314
 1684.000000 1.904127 0.618184
 1685.000000 2.011338 0.566930
 1686.000000 1.972760 0.612852
 1687.000000 1.976973 0.578776
 1688.000000 2.045894 0.623158
 1689.000000 1.955446 0.556283
 1690.000000 1.998975 0.594186
 1691.000000 2.094527 0.617351
 1692.000000 2.049560 0.624201
 1693.000000 2.001681 0.654917
 1694.000000 1.949791 0.631320
 1695.000000 2.110792 0.584333
 1696.000000 2.048181 0.506224
 1697.000000 2.066444 0.537743
 1698.000000 2.043643 0.605566
 1699.000000 2.039637 0.596365
 1700.000000 1.882622 0.604784
 1701.000000 2.034694 0.548402
 1702.000000 2.025320 0.578199
 1703.000000 2.078994 0.567719
 1704.000000 2.218021 0.579737
 1705.000000 1.963473 0.604675
 1706.000000 2.079115 0.658240
 1707.000000 1.996913 0.591043
 1708.000000 2.052044 0.546922
 1709.000000 2.102241 0.585370
 1710.000000 2.129351 0.589747
 1711.000000 2.025233 0.648162
 1712.000000 2.025129 0.604017
 1713.000000 2.074569 0.632617
 1714.000000 2.009545 0.579558
 1715.000000 2.066408 0.571165
 1716.000000 2.112996 0.601886
 1717.000000 2.049408 0.555053
 1718.000000 1.995573 0.609001
 1719.000000 2.069407 0.562976
 1720.000000 2.100459 0.596296
 1721.000000 1.972631 0.641359
 1722.000000 1.936441 0.616027
 1723.000000 1.972562 0.642166
 1724.000000 1.991767 0.558632
 1725.000000 2.165343 0.572934
 1726.000000 2.025141 0.486708
 1727.000000 2.027544 0.658181
 1728.000000 1.944445 0.636897
 1729.000000 2.019939 0.703399
 1730.000000 1.984289 0.618400
 1731.000000 2.127205 0.636827
 1732.000000 2.055251 0.623918
 1733.000000 1.976196 0.557082
 1734.000000 2.017808 0.600046
 1735.000000 2.062281 0.498879
 1736.000000 2.024312 0.546971
 1737.000000 1.988335 0.572851
 1738.000000 2.058257 0.661370
 1739.000000 2.015672 0.571069
 1740.000000 2.004838 0.634227
 1741.000000 2.157491 0.673857
 1742.000000 2.103308 0.469307
 1743.000000 2.043149 0.543707
 1744.000000 2.117180 0.547624
 1745.000000 2.019512 0.632927
 1746.000000 2.064908 0.646379
 1747.000000 1.993998 0.668674
 1748.000000 1.991449 0.632155
 1749.000000 1.973582 0.617166
 1750.000000 1.939158 0.470286
 1751.000000 2.124226 0.644338
 1752.000000 2.030411 0.524199
 1753.000000 2.054061 0.533843
 1754.000000 1.971140 0.607880
 1755.000000 2.043068 0.635538
 1756.000000 1.977918 0.701408
 1757.000000 2.028981 0.629222
 1758.000000 2.005330 0.548468
 1759.000000 2.008431 0.591212
 1760.000000 2.047284 0.543461
 1761.000000 1.913061 0.553446
 1762.000000 1.988107 0.673987
 1763.000000 2.090418 0.692325
 1764.000000 2.015522 0.619381
 1765.000000 2.007800 0.560189
 1766.000000 2.103698 0.657892
 1767.000000 2.071105 0.660047
 1768.000000 2.040126 0.602906
 1769.000000 2.116377 0.650085
 1770.000000 1.996034 0.505741
 1771.000000 1.991178 0.625999
 1772.000000 1.974582 0.522988
 1773.000000 2.022939 0.633911
 1774.000000 2.048517 0.558760
 1775.000000 2.180769 0.594037
 1776.000000 2.005108 0.634104
 1777.000000 1.986744 0.597061
 1778.000000 2.110264 0.637994
 1779.000000 2.038616 0.638219
 1780.000000 2.013582 0.629663
 1781.000000 2.061352 0.585981
 1782.000000 2.003143 0.574260
 1783.000000 2.002451 0.572138
 1784.000000 2.150112 0.557310
 1785.000000 2.099305 0.666141
 1786.000000 2.063729 0.504790
 1787.000000 2.064801 0.550279
 1788.000000 2.136744 0.706040
 1789.000000 2.054755 0.599569
 1790.000000 2.072074 0.544289
 1791.000000 1.942924 0.606173
 1792.000000 2.020603 0.614253
 1793.000000 2.143446 0.544823
 1794.000000 1.984712 0.569786
 1795.000000 2.120894 0.609749
 1796.000000 2.114452 0.628310
 1797.000000 1.953109 0.558914
 1798.000000 2.061447 0.638295
 1799.000000 2.019741 0.601607
 1800.000000 2.059692 0.648217
 1801.000000 2.077979 0.611133
 1802.000000 2.041160 0.585845
 1803.000000 1.978060 0.531795
 1804.000000 2.088973 0.592381
 1805.000000 2.051602 0.608628
 1806.000000 1.964729 0.590239
 1807.000000 1.969437 0.590902
 1808.000000 2.020473 0.643235
 1809.000000 2.023483 0.640764
 1810.000000 1.916088 0.579983
 1811.000000 1.944095 0.615721
 1812.000000 2.021111 0.601809
 1813.000000 2.013101 0.571447
 1814.000000 2.061935 0.631982
 1815.000000 2.046688 0.629450
 1816.000000 1.971505 0.705182
 1817.000000 2.013791 0.564128
 1818.000000 2.063019 0.640150
 1819.000000 2.088105 0.569359
 1820.000000 1.866518 0.569569
 1821.000000 1.964077 0.611991
 1822.000000 2.005641 0.581601
 1823.000000 2.058517 0.556560
 1824.000000 1.961304 0.519968
 1825.000000 2.002299 0.530752
 1826.000000 1.997704 0.607636
 1827.000000 1.942208 0.536601
 1828.000000 2.009111 0.590480
 1829.000000 1.993214 0.607907
 1830.000000 1.959466 0.573912
 1831.000000 1.986788 0.539567
 1832.000000 2.030729 0.587115
 1833.000000 2.069015 0.562849
 1834.000000 2.026759 0.569736
 1835.000000 2.064279 0.590371
 1836.000000 2.024009 0.564792
 1837.000000 2.001085 0.569010
 1838.000000 2.085716 0.484272
 1839.000000 1.864398 0.600450
 1840.000000 1.995423 0.537157
 1841.000000 2.010950 0.567658
 1842.000000 1.902868 0.603853
 1843.000000 2.045380 0.591521
 1844.000000 1.986177 0.574373
 1845.000000 2.083713 0.526916
 1846.000000 2.021811 0.583569
 1847.000000 2.103257 0.614736
 1848.000000 1.984978 0.681916
 1849.000000 2.027785 0.699681
 1850.000000 1.977376 0.636510
 1851.000000 2.074567 0.561732
 1852.000000 2.045194 0.555180
 1853.000000 2.010799 0.558528
 1854.000000 2.016747 0.534154
 1855.000000 1.984607 0.518522
 1856.000000 2.078390 0.649224
 1857.000000 2.067352 0.648322
 1858.000000 2.115021 0.528954
 1859.000000 2.026613 0.675119
 1860.000000 2.013980 0.667554
 1861.000000 1.942443 0.631421
 1862.000000 2.153309 0.526310
 1863.000000 2.053282 0.461222
 1864.000000 2.032188 0.535821
 1865.000000 2.061974 0.607219
 1866.000000 2.085684 0.479830
 1867.000000 1.991097 0.556899
 1868.000000 1.846115 0.590954
 1869.000000 1.975041 0.547175
 1870.000000 2.103076 0.581432
 1871.000000 2.055567 0.622489
 1872.000000 2.015552 0.570572
 1873.000000 2.001127 0.605139
 1874.000000 1.990115 0.650860
 1875.000000 1.941001 0.584272
 1876.000000 1.991018 0.589370
 1877.000000 1.911744 0.594762
 1878.000000 1.966726 0.520412
 1879.000000 1.987235 0.557390
 1880.000000 1.920468 0.509467
 1881.000000 1.974257 0.537940
 1882.000000 2.063260 0.532171
 1883.000000 2.041517 0.556316
 1884.000000 2.040738 0.445210
 1885.000000 2.059590 0.530307
 1886.000000 2.020050 0.491529
 1887.000000 1.918020 0.493438
 1888.000000 2.043128 0.407864
 1889.000000 2.070849 0.529766
 1890.000000 1.980647 0.617156
 1891.000000 2.016771 0.504129
 1892.000000 2.081459 0.499113
 1893.000000 2.019309 0.509728
 1894.000000 1.984214 0.518733
 1895.000000 2.059226 0.505060
 1896.000000 1.976319 0.587010
 1897.000000 2.093070 0.613214
 1898.000000 1.963099 0.615488
 1899.000000 2.015711 0.559447
 1900.000000 2.165021 0.501053
 1901.000000 2.072537 0.460124
 1902.000000 2.007894 0.536950
 1903.000000 2.033670 0.562681
 1904.000000 2.019455 0.490516
 1905.000000 1.965135 0.599292
 1906.000000 1.898299 0.470790
 1907.000000 1.930436 0.497222
 1908.000000 2.021683 0.515952
 1909.000000 2.054214 0.531923
 1910.000000 1.982917 0.538398
 1911.000000 2.028286 0.475466
 1912.000000 1.953375 0.528168
 1913.000000 2.023477 0.499182
 1914.000000 2.008504 0.499402
 1915.000000 2.001766 0.568272
 1916.000000 1.962057 0.540129
 1917.000000 1.926394 0.562637
 1918.000000 1.973518 0.476264
 1919.000000 2.096297 0.479370
 1920.000000 2.078822 0.503671
 1921.000000 2.074158 0.549623
 1922.000000 2.065844 0.503516
 1923.000000 2.098856 0.444154
 1924.000000 2.028866 0.462332
 1925.000000 2.093163 0.549601
 1926.000000 1.997152 0.518796
 1927.000000 1.969947 0.588321
 1928.000000 2.063563 0.496884
 1929.000000 1.977385 0.455570
 1930.000000 1.900386 0.501051
 1931.000000 2.045646 0.458193
 1932.000000 1.945465 0.505271
 1933.000000 2.005907 0.553271
 1934.000000 2.103725 0.480749
 1935.000000 1.904897 0.398682
 1936.000000 2.118911 0.452632
 1937.000000 2.079368 0.595290
 1938.000000 1.979283 0.516440
 1939.000000 1.949550 0.489357
 1940.000000 2.001917 0.493770
 1941.000000 2.019391 0.573746
 1942.000000 2.165018 0.389966
 1943.000000 1.941310 0.483468
 1944.000000 1.914908 0.475411
 1945.000000 2.038587 0.480384
 1946.000000 1.973745 0.458810
 1947.000000 2.055285 0.483154
 1948.000000 1.978607 0.534348
 1949.000000 1.982641 0.471452
 1950.000000 1.846360 0.441881
 1951.000000 2.021612 0.456204
 1952.000000 2.031238 0.541199
 1953.000000 2.008422 0.445776
 1954.000000 1.958708 0.554409
 1955.000000 1.925965 0.370032
 1956.000000 2.060419 0.564568
 1957.000000 1.869764 0.511723
 1958.000000 2.021289 0.534325
 1959.000000 1.967297 0.590059
 1960.000000 1.971892 0.549510
 1961.000000 2.073201 0.585629
 1962.000000 2.016059 0.521251
 1963.000000 2.134833 0.501105
 1964.000000 2.076861 0.506047
 1965.000000 2.042157 0.589332
 1966.000000 1.995132 0.528236
 1967.000000 1.996320 0.561141
 1968.000000 1.985722 0.519761
 1969.000000 2.020280 0.482754
 1970.000000 2.061478 0.552079
 1971.000000 2.057138 0.534758
 1972.000000 1.869683 0.601756
 1973.000000 1.931986 0.557131
 1974.000000 1.892305 0.492763
 1975.000000 1.996400 0.511109
 1976.000000 2.000282 0.606227
 1977.000000 1.946574 0.578947
 1978.000000 1.930240 0.480716
 1979.000000 2.031136 0.571584
 1980.000000 1.982283 0.571120
 1981.000000 2.012665 0.565489
 1982.000000 1.972910 0.544843
 1983.000000 2.034852 0.558813
 1984.000000 1.918659 0.626074
 1985.000000 1.968042 0.622781
 1986.000000 2.050523 0.573482
 1987.000000 1.886610 0.521991
 1988.000000 1.986970 0.604079
 1989.000000 1.984597 0.561520
 1990.000000 2.102575 0.574272
 1991.000000 2.020024 0.578964
 1992.000000 1.901114 0.600959
 1993.000000 1.987177 0.486642
 1994.000000 1.855368 0.586937
 1995.000000 2.115403 0.563715
 1996.000000 1.932174 0.576041
 1997.000000 2.004335 0.587900
 1998.000000 1.991335 0.560947
 1999.000000 2.003062 0.603486
 2000.000000 1.984927 0.577906
 2001.000000 1.940413 0.585985
 2002.000000 2.024944 0.547514
 2003.000000 2.111610 0.623242
 2004.000000 2.021181 0.542183
 2005.000000 2.069575 0.542128
 2006.000000 1.978597 0.612470
 2007.000000 2.060493 0.634862
 2008.000000 1.912266 0.530411
 2009.000000 2.030910 0.553892
 2010.000000 1.934431 0.607999
 2011.000000 2.025247 0.656939
 2012.000000 1.996337 0.669728
 2013.000000 1.851247 0.641062
 2014.000000 1.980743 0.518393
 2015.000000 1.970954 0.601396
 2016.000000 1.868783 0.490167
 2017.000000 1.909226 0.613333
 2018.000000 1.941072 0.540335
 2019.000000 2.090656 0.535028
 2020.000000 2.009295 0.497202
 2021.000000 2.027831 0.547358
 2022.000000 2.111604 0.526144
 2023.000000 1.942765 0.467392
 2024.000000 2.022647 0.563116
 2025.000000 2.038703 0.554984
 2026.000000 2.015231 0.554872
 2027.000000 1.951980 0.441982
 2028.000000 1.952591 0.569096
 2029.000000 2.012889 0.577296
 2030.000000 1.933800 0.505362
 2031.000000 2.023941 0.638587
 2032.000000 2.046583 0.630196
 2033.000000 1.997679 0.547388
 2034.000000 1.986365 0.560606
 2035.000000 1.939100 0.506077
 2036.000000 2.047452 0.548448
 2037.000000 2.056787 0.556826
 2038.000000 1.863375 0.608087
 2039.000000 2.042474 0.551733
 2040.000000 2.052010 0.609453
 2041.000000 1.973348 0.623351
 2042.000000 2.016916 0.580312
 2043.000000 2.116393 0.498963
 2044.000000 2.167785 0.597490
 2045.000000 2.106425 0.578668
 2046.000000 2.047121 0.588317
 2047.000000 1.958099 0.605325
 2048.000000 2.022281 0.682133
 2049.000000 1.979564 0.585472
 2050.000000 1.977098 0.540527
 2051.000000 2.035048 0.574716
 2052.000000 2.084313 0.565083
 2053.000000 1.994967 0.675264
 2054.000000 1.861062 0.623551
 2055.000000 1.969719 0.525867
 2056.000000 1.977734 0.419984
 2057.000000 1.969884 0.535057
 2058.000000 2.029303 0.583166
 2059.000000 1.958360 0.488499
 2060.000000 1.973519 0.575436
 2061.000000 1.982186 0.615930
 2062.000000 2.035481 0.606346
 2063.000000 1.991794 0.567837
 2064.000000 2.010911 0.602515
 2065.000000 2.035877 0.605785
 2066.000000 2.047874 0.496186
 2067.000000 1.968103 0.609799
 2068.000000 2.076016 0.558370
 2069.000000 2.102330 0.630705
 2070.000000 2.078388 0.553421
 2071.000000 2.037430 0.579133
 2072.000000 2.004996 0.570502
 2073.000000 1.941131 0.600219
 2074.000000 1.957960 0.541106
 2075.000000 1.975624 0.542738
 2076.000000 2.022359 0.483793
 2077.000000 2.041880 0.566816
 2078.000000 1.997235 0.599838
 2079.000000 1.964478 0.621704
 2080.000000 2.014877 0.640200
 2081.000000 2.151466 0.610120
 2082.000000 2.049265 0.567279
 2083.000000 1.990594 0.578669
 2084.000000 1.909578 0.539819
 2085.000000 1.943045 0.533194
 2086.000000 2.034856 0.551344
 2087.000000 1.957890 0.600193
 2088.000000 1.879340 0.564219
 2089.000000 1.982201 0.587564
 2090.000000 2.021049 0.578059
 2091.000000 1.961696 0.518184
 2092.000000 2.105469 0.476102
 2093.000000 2.035453 0.617225
 2094.000000 1.909530 0.501442
 2095.000000 1.896417 0.603504
 2096.000000 1.954677 0.546993
 2097.000000 2.072174 0.580535
 2098.000000 2.027141 0.615039
 2099.000000 1.973869 0.625530
 2100.000000 2.002402 0.566328
 2101.000000 2.037704 0.646907
 2102.000000 1.994411 0.632284
 2103.000000 1.956676 0.596863
 2104.000000 2.008606 0.505323
 2105.000000 1.941828 0.502357
 2106.000000 2.008860 0.490826
 2107.000000 2.097948 0.510274
 2108.000000 1.894672 0.535811
 2109.000000 2.064472 0.522527
 2110.000000 2.012472 0.557829
 2111.000000 1.997528 0.671011
 2112.000000 2.080911 0.564128
 2113.000000 1.990316 0.507215
 2114.000000 2.087002 0.492614
 2115.000000 1.979826 0.480433
 2116.000000 1.996996 0.584046
 2117.000000 2.110914 0.520509
 2118.000000 1.957769 0.496143
 2119.000000 1.975593 0.582383
 2120.000000 2.038388 0.537788
 2121.000000 2.026358 0.480415
 2122.000000 1.996087 0.483411
 2123.000000 2.107472 0.506353
 2124.000000 2.077183 0.544153
 2125.000000 1.984516 0.517930
 2126.000000 2.024225 0.590144
 2127.000000 2.022086 0.528458
 2128.000000 1.992132 0.509342
 2129.000000 1.966858 0.553123
 2130.000000 2.005363 0.617912
 2131.000000 1.996788 0.648756
 2132.000000 1.989079 0.630683
 2133.000000 2.041620 0.556566
 2134.000000 1.932281 0.576002
 2135.000000 1.935700 0.541548
 2136.000000 1.986792 0.579637
 2137.000000 2.078718 0.479017
 2138.000000 1.986027 0.619140
 2139.000000 1.959686 0.673805
 2140.000000 1.949981 0.557514
 2141.000000 1.985687 0.593713
 2142.000000 2.052398 0.596528
 2143.000000 2.014565 0.532626
 2144.000000 2.111295 0.506885
 2145.000000 2.011535 0.540001
 2146.000000 1.996557 0.504434
 2147.000000 2.102305 0.530093
 2148.000000 2.002368 0.518866
 2149.000000 2.055507 0.521729
 2150.000000 2.055182 0.468809
 2151.000000 2.068496 0.546805
 2152.000000 1.924838 0.554256
 2153.000000 2.036461 0.563098
 2154.000000 2.046681 0.512665
 2155.000000 1.972015 0.526043
 2156.000000 1.983069 0.556093
 2157.000000 2.001325 0.630569
 2158.000000 1.917115 0.620832
 2159.000000 2.065618 0.564035
 2160.000000 2.053846 0.644837
 2161.000000 2.012416 0.548782
 2162.000000 2.008757 0.653301
 2163.000000 2.080418 0.632411
 2164.000000 2.130631 0.697061
 2165.000000 2.057667 0.586739
 2166.000000 2.102247 0.596190
 2167.000000 1.946892 0.603370
 2168.000000 2.083880 0.603936
 2169.000000 2.165711 0.517273
 2170.000000 2.063364 0.492692
 2171.000000 1.865283 0.553306
 2172.000000 2.127256 0.630220
 2173.000000 2.020191 0.631593
 2174.000000 2.009718 0.602953
 2175.000000 2.005123 0.639844
 2176.000000 1.907312 0.540504
 2177.000000 2.066485 0.602940
 2178.000000 2.070081 0.645408
 2179.000000 2.048965 0.701614
 2180.000000 2.067922 0.609417
 2181.000000 2.096898 0.617080
 2182.000000 2.054247 0.624162
 2183.000000 2.021073 0.672986
 2184.000000 2.062639 0.653813
 2185.000000 2.055046 0.594385
 2186.000000 1.995177 0.596885
 2187.000000 2.016372 0.634956
 2188.000000 2.019494 0.539839
 2189.000000 1.997412 0.595800
 2190.000000 1.990039 0.591394
 2191.000000 1.974563 0.668844
 2192.000000 2.006867 0.641780
 2193.000000 2.036444 0.535606
 2194.000000 2.014002 0.608770
 2195.000000 2.079347 0.577539
 2196.000000 1.989029 0.599910
 2197.000000 2.003548 0.642977
 2198.000000 1.970902 0.548178
 2199.000000 2.036365 0.603412
 2200.000000 2.126455 0.594306
 2201.000000 2.064679 0.603432
 2202.000000 1.959794 0.578560
 2203.000000 2.046702 0.528848
 2204.000000 1.972439 0.607684
 2205.000000 2.083946 0.587853
 2206.000000 2.014478 0.498023
 2207.000000 1.962743 0.553557
 2208.000000 1.997875 0.576567
 2209.000000 2.137635 0.579840
 2210.000000 2.091775 0.631851
 2211.000000 2.031336 0.688438
 2212.000000 2.131221 0.621020
 2213.000000 2.009738 0.626510
 2214.000000 2.080366 0.620858
 2215.000000 2.120264 0.646058
 2216.000000 2.131081 0.611812
 2217.000000 2.011297 0.646488
 2218.000000 1.970750 0.539887
 2219.000000 2.153699 0.580027
 2220.000000 2.058077 0.553991
 2221.000000 2.014804 0.481799
 2222.000000 2.003885 0.578740
 2223.000000 2.035767 0.597415
 2224.000000 2.119594 0.560732
 2225.000000 2.105052 0.572686
 2226.000000 2.000239 0.545229
 2227.000000 1.983247 0.521352
 2228.000000 2.096034 0.592342
 2229.000000 1.981951 0.585855
 2230.000000 2.084691 0.628490
 2231.000000 2.162744 0.648797
 2232.000000 2.078711 0.514023
 2233.000000 2.089274 0.562287
 2234.000000 1.981919 0.537831
 2235.000000 2.040388 0.594481
 2236.000000 2.032078 0.560681
 2237.000000 1.945567 0.576444
 2238.000000 1.999158 0.586072
 2239.000000 1.987990 0.540803
 2240.000000 2.091256 0.536457
 2241.000000 2.134188 0.550429
 2242.000000 2.059335 0.583024
 2243.000000 2.061834 0.469270
 2244.000000 1.972734 0.520947
 2245.000000 2.117398 0.547469
 2246.000000 2.040869 0.609789
 2247.000000 1.976827 0.461072
 2248.000000 1.995415 0.553080
 2249.000000 2.087095 0.502462
 2250.000000 2.038679 0.529506
 2251.000000 2.071070 0.505459
 2252.000000 1.948885 0.538403
 2253.000000 2.077138 0.585790
 2254.000000 2.058005 0.530144
 2255.000000 2.157205 0.603981
 2256.000000 2.039489 0.559578
 2257.000000 2.108761 0.563330
 2258.000000 1.976410 0.528554
 2259.000000 2.066021 0.548357
 2260.000000 2.029300 0.594075
 2261.000000 2.040633 0.590971
 2262.000000 2.041567 0.549549
 2263.000000 2.040942 0.561023
 2264.000000 2.095922 0.554071
 2265.000000 2.055833 0.569522
 2266.000000 2.099664 0.576200
 2267.000000 1.959119 0.558618
 2268.000000 2.177371 0.565177
 2269.000000 1.924595 0.593029
 2270.000000 1.993990 0.505708
 2271.000000 2.046743 0.604712
 2272.000000 2.064998 0.553967
 2273.000000 2.162764 0.538515
 2274.000000 2.047213 0.528010
 2275.000000 2.014782 0.536403
 2276.000000 2.012414 0.519803
 2277.000000 1.943230 0.534033
 2278.000000 1.982241 0.592017
 2279.000000 1.988451 0.565275
 2280.000000 2.000018 0.589149
 2281.000000 2.043634 0.602959
 2282.000000 2.090025 0.630082
 2283.000000 2.006882 0.592747
 2284.000000 2.033877 0.616856
 2285.000000 2.067372 0.573364
 2286.000000 2.005302 0.548228
 2287.000000 2.039091 0.586937
 2288.000000 1.976427 0.502246
 2289.000000 2.081042 0.505108
 2290.000000 1.950950 0.438313
 2291.000000 1.916298 0.688041
 2292.000000 2.056511 0.705212
 2293.000000 2.134510 0.651045
 2294.000000 1.993165 0.581457
 2295.000000 2.052371 0.532964
 2296.000000 2.082165 0.652448
 2297.000000 2.145339 0.603943
 2298.000000 2.011613 0.632593
 2299.000000 2.016702 0.638795
 2300.000000 2.086791 0.552103
 2301.000000 2.013669 0.598087
 2302.000000 2.066918 0.499043
 2303.000000 1.999628 0.656338
 2304.000000 2.049291 0.657465
 2305.000000 2.032550 0.608494
 2306.000000 2.009610 0.598564
 2307.000000 1.995944 0.537623
 2308.000000 2.019369 0.591165
 2309.000000 2.075328 0.530562
 2310.000000 1.932050 0.562661
 2311.000000 1.855071 0.510902
 2312.000000 1.979809 0.564642
 2313.000000 2.017709 0.516038
 2314.000000 1.931314 0.594138
 2315.000000 2.153175 0.595923
 2316.000000 2.065864 0.474136
 2317.000000 2.009430 0.582857
 2318.000000 2.005808 0.653747
 2319.000000 1.949926 0.453605
 2320.000000 1.969289 0.464168
 2321.000000 1.971152 0.566280
 2322.000000 1.874935 0.574396
 2323.000000 1.928890 0.693071
 2324.000000 1.982943 0.578933
 2325.000000 1.927494 0.585103
 2326.000000 1.988605 0.646159
 2327.000000 2.001181 0.559022
 2328.000000 2.066435 0.563301
 2329.000000 2.030601 0.566657
 2330.000000 1.869073 0.613681
 2331.000000 1.966425 0.538094
 2332.000000 2.058215 0.618636
 2333.000000 1.902418 0.510449
 2334.000000 1.902668 0.511950
 2335.000000 1.974698 0.538923
 2336.000000 2.027889 0.543485
 2337.000000 1.955805 0.526524
 2338.000000 1.960264 0.538820
 2339.000000 2.078054 0.697120
 2340.000000 2.003223 0.620617
 2341.000000 1.983829 0.643505
 2342.000000 2.075688 0.656851
 2343.000000 1.863432 0.595613
 2344.000000 1.995864 0.581870
 2345.000000 2.077050 0.743863
 2346.000000 2.068995 0.586838
 2347.000000 2.042622 0.670626
 2348.000000 2.089383 0.625976
 2349.000000 2.019376 0.581091
 2350.000000 1.985026 0.506335
 2351.000000 1.964224 0.580628
 2352.000000 1.963217 0.544854
 2353.000000 2.042666 0.579195
 2354.000000 2.091499 0.569047
 2355.000000 1.990382 0.683531
 2356.000000 2.007859 0.604085
 2357.000000 1.924936 0.610179
 2358.000000 1.970712 0.631189
 2359.000000 2.006452 0.488502
 2360.000000 2.062118 0.512503
 2361.000000 2.049033 0.435703
 2362.000000 1.997716 0.571395
 2363.000000 1.984443 0.602985
 2364.000000 1.988026 0.465056
 2365.000000 2.082199 0.541841
 2366.000000 2.047118 0.604138
 2367.000000 2.012369 0.483203
 2368.000000 2.021050 0.608718
 2369.000000 2.083006 0.505903
 2370.000000 2.035998 0.559100
 2371.000000 2.067854 0.573979
 2372.000000 2.057926 0.630371
 2373.000000 2.151092 0.603509
 2374.000000 1.974682 0.558416
 2375.000000 1.994169 0.581583
 2376.000000 1.974952 0.600080
 2377.000000 2.100903 0.633335
 2378.000000 1.918786 0.627436
 2379.000000 1.982748 0.530389
 2380.000000 1.993154 0.647334
 2381.000000 1.939159 0.577415
 2382.000000 2.050048 0.543597
 2383.000000 1.921823 0.580119
 2384.000000 2.011921 0.589305
 2385.000000 2.064949 0.662384
 2386.000000 2.046405 0.627307
 2387.000000 2.085680 0.621629
 2388.000000 1.975054 0.527292
 2389.000000 2.012655 0.491825
 2390.000000 1.921953 0.613795
 2391.000000 2.132989 0.574311
 2392.000000 2.010882 0.654239
 2393.000000 2.029128 0.677162
 2394.000000 2.035259 0.561044
 2395.000000 2.083471 0.551404
 2396.000000 2.032016 0.568948
 2397.000000 2.043087 0.620104
 2398.000000 2.025648 0.646053
 2399.000000 1.925544 0.569171
 2400.000000 2.072176 0.578721
 2401.000000 2.010956 0.517348
 2402.000000 2.089017 0.520627
 2403.000000 1.951979 0.593257
 2404.000000 1.957661 0.552525
 2405.000000 2.050606 0.492614
 2406.000000 1.974804 0.526135
 2407.000000 1.953144 0.597940
 2408.000000 2.051710 0.537205
 2409.000000 1.941891 0.601585
 2410.000000 2.079922 0.460770
 2411.000000 2.061475 0.586639
 2412.000000 2.055752 0.476879
 2413.000000 1.962454 0.564481
 2414.000000 1.991906 0.502823
 2415.000000 2.004695 0.588696
 2416.000000 1.996235 0.620075
 2417.000000 1.994884 0.533771
 2418.000000 2.000410 0.444306
 2419.000000 1.945473 0.446196
 2420.000000 1.889436 0.574894
 2421.000000 2.018346 0.572859
 2422.000000 2.075870 0.507724
 2423.000000 1.982637 0.468065
 2424.000000 2.039413 0.445397
 2425.000000 1.959475 0.554061
 2426.000000 2.055335 0.496110
 2427.000000 1.928112 0.493834
 2428.000000 2.033622 0.611998
 2429.000000 2.166982 0.509324
 2430.000000 2.100019 0.507220
 2431.000000 2.144135 0.537671
 2432.000000 1.961571 0.564437
 2433.000000 2.018185 0.511338
 2434.000000 1.910102 0.616824
 2435.000000 2.007634 0.492528
 2436.000000 1.876304 0.533912
 2437.000000 2.100798 0.429511
 2438.000000 2.018235 0.483520
 2439.000000 2.052541 0.465291
 2440.000000 2.066626 0.521680
 2441.000000 2.008524 0.522134
 2442.000000 1.995166 0.539819
 2443.000000 2.007626 0.540551
 2444.000000 1.989824 0.567270
 2445.000000 1.972175 0.498829
 2446.000000 1.910614 0.532561
 2447.000000 1.985657 0.529714
 2448.000000 2.002999 0.524415
 2449.000000 1.909035 0.605744
 2450.000000 2.011341 0.569672
 2451.000000 1.928894 0.665774
 2452.000000 2.025377 0.631289
 2453.000000 1.888166 0.580689
 2454.000000 1.964282 0.630564
 2455.000000 1.934216 0.528982
 2456.000000 1.959664 0.597154
 2457.000000 1.901901 0.514204
 2458.000000 1.963544 0.578506
 2459.000000 2.015804 0.654034
 2460.000000 2.036103 0.577346
 2461.000000 1.971136 0.618984
 2462.000000 1.949980 0.567299
 2463.000000 2.029370 0.582086
 2464.000000 2.002077 0.587873
 2465.000000 1.933804 0.599903
 2466.000000 2.052799 0.656770
 2467.000000 2.151197 0.607163
 2468.000000 1.944282 0.567929
 2469.000000 1.899396 0.592269
 2470.000000 1.911952 0.602816
 2471.000000 1.963003 0.597398
 2472.000000 1.916963 0.594243
 2473.000000 2.041465 0.586971
 2474.000000 1.974944 0.634888
 2475.000000 2.053052 0.546836
 2476.000000 2.099561 0.508573
 2477.000000 2.013757 0.523520
 2478.000000 1.997611 0.603016
 2479.000000 2.022011 0.601157
 2480.000000 1.996565 0.569904
 2481.000000 1.936828 0.608026
 2482.000000 1.950183 0.571379
 2483.000000 1.980476 0.578896
 2484.000000 2.019155 0.531232
 2485.000000 2.074672 0.517676
 2486.000000 1.986320 0.528351
 2487.000000 2.129815 0.514773
 2488.000000 1.961022 0.540000
 2489.000000 1.948479 0.517977
 2490.000000 2.016436 0.563373
 2491.000000 2.072827 0.539549
 2492.000000 2.021732 0.582863
 2493.000000 1.998053 0.585699
 2494.000000 1.963781 0.570044
 2495.000000 1.924211 0.584842
 2496.000000 1.980762 0.584885
 2497.000000 2.111241 0.578103
 2498.000000 2.029643 0.468304
 2499.000000 2.018480 0.536929
 2500.000000 2.117893 0.507483
