#! FIELDS time pd_137_140 diff
 0.000000 1.376842 0.327034
 1.000000 1.363602 0.343608
 2.000000 1.403919 0.303123
 3.000000 1.469520 0.349892
 4.000000 1.459339 0.367302
 5.000000 1.494951 0.325247
 6.000000 1.557512 0.302556
 7.000000 1.515104 0.313775
 8.000000 1.491951 0.231957
 9.000000 1.445961 0.257018
 10.000000 1.380958 0.224098
 11.000000 1.452713 0.288251
 12.000000 1.495990 0.374147
 13.000000 1.522242 0.368515
 14.000000 1.392264 0.340090
 15.000000 1.457324 0.321508
 16.000000 1.436139 0.314097
 17.000000 1.450636 0.322872
 18.000000 1.466039 0.290394
 19.000000 1.578795 0.308241
 20.000000 1.450310 0.340139
 21.000000 1.538065 0.243456
 22.000000 1.542248 0.238107
 23.000000 1.514591 0.299811
 24.000000 1.484913 0.272119
 25.000000 1.452729 0.313974
 26.000000 1.520869 0.250786
 27.000000 1.503989 0.257824
 28.000000 1.482993 0.325105
 29.000000 1.400072 0.201382
 30.000000 1.554632 0.178623
 31.000000 1.447947 0.365405
 32.000000 1.536576 0.256488
 33.000000 1.454843 0.290749
 34.000000 1.471987 0.235847
 35.000000 1.441043 0.117946
 36.000000 1.529803 0.171290
 37.000000 1.548093 0.242116
 38.000000 1.502874 0.179708
 39.000000 1.531013 0.240352
 40.000000 1.445398 0.315065
 41.000000 1.573488 0.301273
 42.000000 1.575804 0.267911
 43.000000 1.406982 0.266564
 44.000000 1.506594 0.264789
 45.000000 1.550657 0.192642
 46.000000 1.482307 0.265530
 47.000000 1.483241 0.231473
 48.000000 1.589859 0.272447
 49.000000 1.500108 0.189239
 50.000000 1.547294 0.223292
 51.000000 1.549988 0.231693
 52.000000 1.646805 0.174914
 53.000000 1.496106 0.215594
 54.000000 1.470472 0.242327
 55.000000 1.526725 0.143116
 56.000000 1.517729 0.140302
 57.000000 1.561287 0.250749
 58.000000 1.506224 0.239565
 59.000000 1.556430 0.344116
 60.000000 1.530277 0.235925
 61.000000 1.411112 0.280209
 62.000000 1.557725 0.302693
 63.000000 1.476333 0.289276
 64.000000 1.520773 0.211985
 65.000000 1.572169 0.327869
 66.000000 1.433816 0.277386
 67.000000 1.510849 0.322664
 68.000000 1.466532 0.253521
 69.000000 1.504250 0.289654
 70.000000 1.451636 0.223930
 71.000000 1.357333 0.201450
 72.000000 1.467432 0.176171
 73.000000 1.572192 0.318442
 74.000000 1.519953 0.251865
 75.000000 1.393220 0.276737
 76.000000 1.478831 0.259976
 77.000000 1.559814 0.217452
 78.000000 1.454979 0.213093
 79.000000 1.405536 0.195232
 80.000000 1.473236 0.248116
 81.000000 1.470461 0.213066
 82.000000 1.466611 0.207365
 83.000000 1.445533 0.306577
 84.000000 1.526117 0.273973
 85.000000 1.282689 0.269053
 86.000000 1.471858 0.220139
 87.000000 1.487300 0.216429
 88.000000 1.381748 0.192021
 89.000000 1.470513 0.162902
 90.000000 1.440330 0.244758
 91.000000 1.466243 0.209113
 92.000000 1.378913 0.208681
 93.000000 1.601007 0.239179
 94.000000 1.465602 0.314911
 95.000000 1.476907 0.214208
 96.000000 1.544375 0.218946
 97.000000 1.497954 0.213281
 98.000000 1.471737 0.130506
 99.000000 1.481751 0.199117
 100.000000 1.480223 0.235126
 101.000000 1.435036 0.240962
 102.000000 1.566010 0.247470
 103.000000 1.528795 0.293274
 104.000000 1.589538 0.236722
 105.000000 1.517138 0.284438
 106.000000 1.599403 0.223116
 107.000000 1.664992 0.235361
 108.000000 1.513406 0.139235
 109.000000 1.554511 0.228158
 110.000000 1.661688 0.199046
 111.000000 1.585125 0.202313
 112.000000 1.606860 0.247478
 113.000000 1.582328 0.169055
 114.000000 1.555358 0.211254
 115.000000 1.530537 0.232127
 116.000000 1.558572 0.250925
 117.000000 1.499009 0.192011
 118.000000 1.566690 0.289033
 119.000000 1.364764 0.230574
 120.000000 1.479569 0.303700
 121.000000 1.437972 0.228073
 122.000000 1.401569 0.298116
 123.000000 1.398487 0.330254
 124.000000 1.396218 0.324839
 125.000000 1.447118 0.245434
 126.000000 1.543851 0.178783
 127.000000 1.577537 0.292734
 128.000000 1.590248 0.211282
 129.000000 1.502823 0.228379
 130.000000 1.509032 0.302512
 131.000000 1.512226 0.260465
 132.000000 1.385813 0.204467
 133.000000 1.389489 0.311186
 134.000000 1.393228 0.200903
 135.000000 1.509107 0.223177
 136.000000 1.449969 0.197882
 137.000000 1.429559 0.198010
 138.000000 1.428593 0.260372
 139.000000 1.397634 0.269703
 140.000000 1.479733 0.322728
 141.000000 1.520632 0.264937
 142.000000 1.523774 0.167414
 143.000000 1.423488 0.313332
 144.000000 1.438605 0.238487
 145.000000 1.492148 0.281413
 146.000000 1.461654 0.262898
 147.000000 1.392866 0.251831
 148.000000 1.387027 0.230350
 149.000000 1.396624 0.249555
 150.000000 1.432376 0.198792
 151.000000 1.524424 0.253150
 152.000000 1.533551 0.200247
 153.000000 1.362682 0.204904
 154.000000 1.483547 0.241172
 155.000000 1.460811 0.295743
 156.000000 1.499917 0.241131
 157.000000 1.544207 0.217136
 158.000000 1.545738 0.196938
 159.000000 1.472742 0.299461
 160.000000 1.597248 0.295142
 161.000000 1.467698 0.313198
 162.000000 1.456121 0.321769
 163.000000 1.438658 0.249507
 164.000000 1.492765 0.288079
 165.000000 1.489820 0.349737
 166.000000 1.474880 0.290068
 167.000000 1.449730 0.195135
 168.000000 1.535524 0.233508
 169.000000 1.353853 0.224204
 170.000000 1.517308 0.199532
 171.000000 1.551138 0.283266
 172.000000 1.502975 0.249216
 173.000000 1.416194 0.286952
 174.000000 1.441664 0.329342
 175.000000 1.368627 0.212063
 176.000000 1.533166 0.303038
 177.000000 1.494832 0.247757
 178.000000 1.455451 0.347271
 179.000000 1.397279 0.279908
 180.000000 1.569558 0.273724
 181.000000 1.554718 0.223210
 182.000000 1.582018 0.268042
 183.000000 1.474875 0.231225
 184.000000 1.472818 0.356803
 185.000000 1.524903 0.423056
 186.000000 1.419498 0.356805
 187.000000 1.521978 0.305107
 188.000000 1.436138 0.266393
 189.000000 1.572426 0.347906
 190.000000 1.490644 0.328044
 191.000000 1.469667 0.339284
 192.000000 1.464481 0.296724
 193.000000 1.531407 0.252001
 194.000000 1.520164 0.185841
 195.000000 1.524713 0.246024
 196.000000 1.538083 0.310566
 197.000000 1.532401 0.219621
 198.000000 1.600220 0.284754
 199.000000 1.503329 0.267280
 200.000000 1.547594 0.345565
 201.000000 1.430181 0.221367
 202.000000 1.444884 0.311238
 203.000000 1.533670 0.298082
 204.000000 1.328180 0.303580
 205.000000 1.436670 0.264908
 206.000000 1.413111 0.302063
 207.000000 1.628889 0.327334
 208.000000 1.508280 0.241078
 209.000000 1.529043 0.214436
 210.000000 1.553042 0.215447
 211.000000 1.437647 0.216198
 212.000000 1.471739 0.267311
 213.000000 1.431887 0.280655
 214.000000 1.482255 0.353850
 215.000000 1.497388 0.306648
 216.000000 1.591836 0.322660
 217.000000 1.479416 0.378764
 218.000000 1.497097 0.428867
 219.000000 1.562214 0.255015
 220.000000 1.487067 0.248296
 221.000000 1.460838 0.249245
 222.000000 1.421515 0.217169
 223.000000 1.617461 0.223910
 224.000000 1.511615 0.266396
 225.000000 1.420987 0.263115
 226.000000 1.464251 0.313643
 227.000000 1.419320 0.291239
 228.000000 1.523210 0.287512
 229.000000 1.533794 0.315124
 230.000000 1.420566 0.304401
 231.000000 1.520713 0.245076
 232.000000 1.553715 0.278016
 233.000000 1.444664 0.317679
 234.000000 1.496173 0.308812
 235.000000 1.561212 0.251728
 236.000000 1.412811 0.270440
 237.000000 1.428754 0.258836
 238.000000 1.544981 0.288671
 239.000000 1.487097 0.273459
 240.000000 1.517619 0.295163
 241.000000 1.552468 0.104992
 242.000000 1.437592 0.223122
 243.000000 1.604414 0.300137
 244.000000 1.462694 0.264935
 245.000000 1.484442 0.254118
 246.000000 1.301921 0.325345
 247.000000 1.412016 0.259251
 248.000000 1.482119 0.238871
 249.000000 1.428501 0.310173
 250.000000 1.475368 0.235623
 251.000000 1.531161 0.259232
 252.000000 1.448006 0.280817
 253.000000 1.493530 0.267588
 254.000000 1.468427 0.256302
 255.000000 1.502290 0.333288
 256.000000 1.428170 0.351671
 257.000000 1.466465 0.256811
 258.000000 1.552971 0.283739
 259.000000 1.677545 0.337263
 260.000000 1.379749 0.242893
 261.000000 1.461905 0.268993
 262.000000 1.569981 0.294397
 263.000000 1.604045 0.320020
 264.000000 1.593475 0.288986
 265.000000 1.570189 0.252209
 266.000000 1.473042 0.319383
 267.000000 1.552426 0.272363
 268.000000 1.476720 0.236376
 269.000000 1.641751 0.295701
 270.000000 1.480536 0.317840
 271.000000 1.657722 0.256393
 272.000000 1.606682 0.301328
 273.000000 1.549296 0.293758
 274.000000 1.493892 0.285476
 275.000000 1.552167 0.311411
 276.000000 1.524637 0.259060
 277.000000 1.515450 0.248807
 278.000000 1.473082 0.246774
 279.000000 1.563635 0.289801
 280.000000 1.446366 0.335305
 281.000000 1.603041 0.281750
 282.000000 1.504790 0.252207
 283.000000 1.495575 0.244439
 284.000000 1.558515 0.319621
 285.000000 1.496923 0.279471
 286.000000 1.596680 0.365221
 287.000000 1.611190 0.310532
 288.000000 1.527448 0.282851
 289.000000 1.531317 0.244832
 290.000000 1.488159 0.330520
 291.000000 1.389076 0.360512
 292.000000 1.496194 0.309271
 293.000000 1.463248 0.367317
 294.000000 1.567012 0.294848
 295.000000 1.399811 0.359737
 296.000000 1.519762 0.413241
 297.000000 1.480818 0.325511
 298.000000 1.500226 0.260838
 299.000000 1.590595 0.262738
 300.000000 1.473047 0.374581
 301.000000 1.454206 0.349283
 302.000000 1.595873 0.316498
 303.000000 1.510265 0.338308
 304.000000 1.601919 0.349630
 305.000000 1.657183 0.335909
 306.000000 1.472688 0.325062
 307.000000 1.506840 0.275178
 308.000000 1.521819 0.252142
 309.000000 1.522404 0.281193
 310.000000 1.520227 0.330996
 311.000000 1.493103 0.266069
 312.000000 1.421040 0.316287
 313.000000 1.533924 0.351932
 314.000000 1.528802 0.263481
 315.000000 1.484249 0.218847
 316.000000 1.505723 0.283044
 317.000000 1.516293 0.181622
 318.000000 1.463617 0.198745
 319.000000 1.624787 0.262373
 320.000000 1.363238 0.243375
 321.000000 1.468111 0.245027
 322.000000 1.491364 0.267949
 323.000000 1.578826 0.242351
 324.000000 1.504724 0.325130
 325.000000 1.578050 0.310621
 326.000000 1.462951 0.297302
 327.000000 1.507061 0.284249
 328.000000 1.619321 0.202361
 329.000000 1.436131 0.185461
 330.000000 1.414441 0.258243
 331.000000 1.420462 0.249527
 332.000000 1.520236 0.262029
 333.000000 1.567098 0.215516
 334.000000 1.429841 0.309792
 335.000000 1.505218 0.274710
 336.000000 1.389054 0.248121
 337.000000 1.501898 0.241396
 338.000000 1.442416 0.252358
 339.000000 1.547690 0.331056
 340.000000 1.494584 0.227326
 341.000000 1.574975 0.221851
 342.000000 1.620374 0.364016
 343.000000 1.401426 0.284115
 344.000000 1.529780 0.256219
 345.000000 1.391068 0.255913
 346.000000 1.388374 0.276794
 347.000000 1.515511 0.332291
 348.000000 1.423552 0.241592
 349.000000 1.447737 0.248336
 350.000000 1.529472 0.180061
 351.000000 1.571682 0.278538
 352.000000 1.606139 0.233866
 353.000000 1.542388 0.211870
 354.000000 1.479479 0.278530
 355.000000 1.547639 0.208594
 356.000000 1.464342 0.307890
 357.000000 1.498468 0.280832
 358.000000 1.439399 0.277830
 359.000000 1.516085 0.262596
 360.000000 1.343846 0.306531
 361.000000 1.495106 0.378972
 362.000000 1.599672 0.302939
 363.000000 1.422059 0.378746
 364.000000 1.570064 0.271404
 365.000000 1.650797 0.339126
 366.000000 1.622496 0.241285
 367.000000 1.418235 0.279454
 368.000000 1.542533 0.306847
 369.000000 1.455665 0.285478
 370.000000 1.474044 0.273802
 371.000000 1.515409 0.306706
 372.000000 1.487703 0.293953
 373.000000 1.479829 0.245047
 374.000000 1.379388 0.252043
 375.000000 1.456380 0.260880
 376.000000 1.591204 0.287820
 377.000000 1.541148 0.287136
 378.000000 1.664101 0.219646
 379.000000 1.365597 0.200783
 380.000000 1.446909 0.273967
 381.000000 1.506867 0.227553
 382.000000 1.424134 0.274344
 383.000000 1.497724 0.279455
 384.000000 1.477998 0.246187
 385.000000 1.517922 0.265611
 386.000000 1.502743 0.284047
 387.000000 1.537998 0.250503
 388.000000 1.472943 0.299561
 389.000000 1.485005 0.170514
 390.000000 1.497403 0.310179
 391.000000 1.411157 0.358356
 392.000000 1.580958 0.358535
 393.000000 1.660159 0.255581
 394.000000 1.533584 0.281420
 395.000000 1.601799 0.292340
 396.000000 1.641270 0.399966
 397.000000 1.529038 0.252040
 398.000000 1.527338 0.319682
 399.000000 1.420928 0.327360
 400.000000 1.656126 0.310734
 401.000000 1.343441 0.318973
 402.000000 1.465105 0.283695
 403.000000 1.507444 0.330877
 404.000000 1.506680 0.304881
 405.000000 1.498849 0.322541
 406.000000 1.435984 0.336572
 407.000000 1.521627 0.338508
 408.000000 1.436352 0.312576
 409.000000 1.502257 0.352527
 410.000000 1.516653 0.319914
 411.000000 1.534882 0.289262
 412.000000 1.470389 0.301986
 413.000000 1.582766 0.368970
 414.000000 1.619491 0.335977
 415.000000 1.487336 0.308797
 416.000000 1.576536 0.282801
 417.000000 1.464868 0.329290
 418.000000 1.495300 0.295951
 419.000000 1.445749 0.260781
 420.000000 1.461621 0.259596
 421.000000 1.675815 0.302177
 422.000000 1.596663 0.450530
 423.000000 1.519006 0.408251
 424.000000 1.574209 0.337890
 425.000000 1.445822 0.248220
 426.000000 1.471261 0.284440
 427.000000 1.459394 0.276162
 428.000000 1.384689 0.309067
 429.000000 1.519944 0.320926
 430.000000 1.551219 0.221389
 431.000000 1.577834 0.269311
 432.000000 1.389255 0.307490
 433.000000 1.420776 0.296554
 434.000000 1.358898 0.282759
 435.000000 1.481636 0.331025
 436.000000 1.571446 0.265607
 437.000000 1.369129 0.270291
 438.000000 1.450983 0.313280
 439.000000 1.543208 0.275781
 440.000000 1.433852 0.282438
 441.000000 1.520636 0.302143
 442.000000 1.429679 0.272143
 443.000000 1.466071 0.362770
 444.000000 1.450377 0.347140
 445.000000 1.481337 0.301269
 446.000000 1.501018 0.327194
 447.000000 1.429088 0.329264
 448.000000 1.337188 0.181856
 449.000000 1.448492 0.274309
 450.000000 1.455465 0.317316
 451.000000 1.440070 0.318582
 452.000000 1.556092 0.326012
 453.000000 1.377164 0.336009
 454.000000 1.488681 0.328386
 455.000000 1.467459 0.263906
 456.000000 1.463123 0.244567
 457.000000 1.390325 0.272673
 458.000000 1.364270 0.350041
 459.000000 1.417841 0.325509
 460.000000 1.530327 0.221662
 461.000000 1.521592 0.359870
 462.000000 1.505888 0.350239
 463.000000 1.460836 0.421289
 464.000000 1.480336 0.254127
 465.000000 1.494437 0.290508
 466.000000 1.457342 0.365635
 467.000000 1.495483 0.283008
 468.000000 1.414372 0.300349
 469.000000 1.478658 0.232845
 470.000000 1.430911 0.232239
 471.000000 1.403015 0.240085
 472.000000 1.431104 0.244165
 473.000000 1.377378 0.248168
 474.000000 1.550887 0.252105
 475.000000 1.585780 0.335705
 476.000000 1.586455 0.294579
 477.000000 1.489489 0.252690
 478.000000 1.470432 0.257107
 479.000000 1.428656 0.223250
 480.000000 1.516852 0.287818
 481.000000 1.438218 0.252349
 482.000000 1.463745 0.218540
 483.000000 1.531808 0.246504
 484.000000 1.485612 0.297571
 485.000000 1.500653 0.279437
 486.000000 1.496662 0.231994
 487.000000 1.617590 0.261896
 488.000000 1.507587 0.253989
 489.000000 1.445324 0.230634
 490.000000 1.397216 0.229656
 491.000000 1.497746 0.299691
 492.000000 1.564845 0.195497
 493.000000 1.423687 0.342928
 494.000000 1.507703 0.300461
 495.000000 1.448191 0.276229
 496.000000 1.400383 0.300625
 497.000000 1.508485 0.224522
 498.000000 1.506108 0.342608
 499.000000 1.565222 0.207883
 500.000000 1.549128 0.326880
 501.000000 1.519843 0.284839
 502.000000 1.479541 0.240916
 503.000000 1.536588 0.238442
 504.000000 1.564400 0.299439
 505.000000 1.546858 0.350203
 506.000000 1.515910 0.330892
 507.000000 1.541048 0.237431
 508.000000 1.506733 0.358152
 509.000000 1.525433 0.278270
 510.000000 1.510284 0.326857
 511.000000 1.529673 0.341871
 512.000000 1.592597 0.236068
 513.000000 1.542705 0.304894
 514.000000 1.541944 0.264796
 515.000000 1.651307 0.234288
 516.000000 1.434811 0.204342
 517.000000 1.645013 0.248708
 518.000000 1.511980 0.238309
 519.000000 1.652315 0.264166
 520.000000 1.503346 0.267625
 521.000000 1.410476 0.222136
 522.000000 1.610289 0.259047
 523.000000 1.595372 0.247713
 524.000000 1.511845 0.297383
 525.000000 1.407348 0.188190
 526.000000 1.513206 0.269500
 527.000000 1.538024 0.253869
 528.000000 1.415309 0.308333
 529.000000 1.622096 0.329101
 530.000000 1.481163 0.299916
 531.000000 1.481733 0.265098
 532.000000 1.399681 0.313784
 533.000000 1.485982 0.359356
 534.000000 1.492454 0.308786
 535.000000 1.458121 0.300978
 536.000000 1.429904 0.434751
 537.000000 1.538715 0.372592
 538.000000 1.585716 0.348971
 539.000000 1.457180 0.249892
 540.000000 1.415211 0.260354
 541.000000 1.509923 0.287256
 542.000000 1.586146 0.379600
 543.000000 1.546483 0.313930
 544.000000 1.514017 0.309062
 545.000000 1.529780 0.223850
 546.000000 1.528398 0.264329
 547.000000 1.647327 0.268017
 548.000000 1.609582 0.194358
 549.000000 1.552178 0.219527
 550.000000 1.544091 0.223382
 551.000000 1.581323 0.203233
 552.000000 1.525746 0.253965
 553.000000 1.586620 0.287977
 554.000000 1.434950 0.261812
 555.000000 1.467272 0.293665
 556.000000 1.484841 0.239877
 557.000000 1.641802 0.248260
 558.000000 1.502139 0.224174
 559.000000 1.555995 0.394848
 560.000000 1.514165 0.419984
 561.000000 1.371315 0.393481
 562.000000 1.667945 0.252218
 563.000000 1.547027 0.360254
 564.000000 1.513023 0.278119
 565.000000 1.477598 0.367060
 566.000000 1.527082 0.319210
 567.000000 1.395401 0.342681
 568.000000 1.423751 0.284748
 569.000000 1.477951 0.304789
 570.000000 1.443728 0.275391
 571.000000 1.398773 0.368365
 572.000000 1.511017 0.271924
 573.000000 1.549238 0.364575
 574.000000 1.461638 0.322445
 575.000000 1.514373 0.340855
 576.000000 1.456354 0.469861
 577.000000 1.442240 0.376969
 578.000000 1.530722 0.351736
 579.000000 1.430487 0.348450
 580.000000 1.546339 0.352195
 581.000000 1.441327 0.289939
 582.000000 1.638281 0.418427
 583.000000 1.553701 0.288530
 584.000000 1.505904 0.263795
 585.000000 1.548729 0.306510
 586.000000 1.582772 0.371061
 587.000000 1.562755 0.325628
 588.000000 1.595752 0.307025
 589.000000 1.464564 0.311208
 590.000000 1.596167 0.353473
 591.000000 1.509461 0.363243
 592.000000 1.355054 0.349531
 593.000000 1.490422 0.329397
 594.000000 1.416758 0.304873
 595.000000 1.423846 0.302191
 596.000000 1.420408 0.390201
 597.000000 1.490478 0.335321
 598.000000 1.422629 0.289639
 599.000000 1.423293 0.337975
 600.000000 1.449349 0.308422
 601.000000 1.479862 0.223120
 602.000000 1.504447 0.347160
 603.000000 1.543927 0.316481
 604.000000 1.492131 0.307689
 605.000000 1.460928 0.405325
 606.000000 1.461694 0.356846
 607.000000 1.566298 0.319887
 608.000000 1.429225 0.317167
 609.000000 1.476557 0.379290
 610.000000 1.438865 0.217512
 611.000000 1.431108 0.306651
 612.000000 1.505657 0.228644
 613.000000 1.556148 0.212161
 614.000000 1.513738 0.309595
 615.000000 1.497242 0.245248
 616.000000 1.430707 0.250206
 617.000000 1.596851 0.329902
 618.000000 1.476167 0.317556
 619.000000 1.558196 0.281350
 620.000000 1.589622 0.413282
 621.000000 1.585637 0.373794
 622.000000 1.503494 0.372678
 623.000000 1.589925 0.305801
 624.000000 1.461119 0.358836
 625.000000 1.461431 0.383297
 626.000000 1.461693 0.328635
 627.000000 1.506994 0.279419
 628.000000 1.324454 0.268254
 629.000000 1.542537 0.236995
 630.000000 1.439096 0.297660
 631.000000 1.357692 0.307364
 632.000000 1.467828 0.332807
 633.000000 1.547473 0.366054
 634.000000 1.473526 0.292304
 635.000000 1.417756 0.408988
 636.000000 1.356415 0.354903
 637.000000 1.528501 0.371523
 638.000000 1.406673 0.354951
 639.000000 1.344809 0.320740
 640.000000 1.416573 0.333457
 641.000000 1.434617 0.323231
 642.000000 1.429465 0.439083
 643.000000 1.436546 0.350319
 644.000000 1.505183 0.340292
 645.000000 1.535082 0.294250
 646.000000 1.495301 0.281427
 647.000000 1.479301 0.284040
 648.000000 1.513198 0.321613
 649.000000 1.511415 0.286753
 650.000000 1.381687 0.183303
 651.000000 1.533601 0.272389
 652.000000 1.549011 0.236221
 653.000000 1.458395 0.269603
 654.000000 1.516998 0.293173
 655.000000 1.518065 0.243542
 656.000000 1.405287 0.277225
 657.000000 1.615541 0.375567
 658.000000 1.578811 0.266727
 659.000000 1.518475 0.230384
 660.000000 1.568672 0.299663
 661.000000 1.366367 0.334528
 662.000000 1.461155 0.341476
 663.000000 1.500829 0.350165
 664.000000 1.603674 0.378911
 665.000000 1.486210 0.329949
 666.000000 1.595852 0.343939
 667.000000 1.483859 0.297206
 668.000000 1.441129 0.257678
 669.000000 1.445383 0.221049
 670.000000 1.453378 0.374968
 671.000000 1.424703 0.364466
 672.000000 1.535059 0.206838
 673.000000 1.508495 0.305518
 674.000000 1.396798 0.228203
 675.000000 1.432377 0.186917
 676.000000 1.414043 0.254620
 677.000000 1.517409 0.168067
 678.000000 1.433777 0.191151
 679.000000 1.408102 0.189224
 680.000000 1.520588 0.309760
 681.000000 1.522755 0.222304
 682.000000 1.502726 0.233761
 683.000000 1.603234 0.242110
 684.000000 1.503608 0.276130
 685.000000 1.535273 0.224139
 686.000000 1.457765 0.257134
 687.000000 1.514773 0.152952
 688.000000 1.533994 0.163557
 689.000000 1.483184 0.151590
 690.000000 1.540371 0.143625
 691.000000 1.491496 0.163695
 692.000000 1.533984 0.293899
 693.000000 1.601090 0.176728
 694.000000 1.599003 0.127596
 695.000000 1.433359 0.131423
 696.000000 1.570845 0.217920
 697.000000 1.516302 0.288870
 698.000000 1.612057 0.244598
 699.000000 1.613836 0.308661
 700.000000 1.412731 0.192297
 701.000000 1.414510 0.217008
 702.000000 1.515615 0.127136
 703.000000 1.485013 0.293477
 704.000000 1.544221 0.236028
 705.000000 1.401733 0.267262
 706.000000 1.434766 0.304541
 707.000000 1.430170 0.225904
 708.000000 1.421195 0.221524
 709.000000 1.411504 0.298889
 710.000000 1.490609 0.132261
 711.000000 1.318184 0.228031
 712.000000 1.385682 0.250825
 713.000000 1.409055 0.191160
 714.000000 1.529077 0.217903
 715.000000 1.427446 0.271281
 716.000000 1.386854 0.233977
 717.000000 1.412187 0.212956
 718.000000 1.452538 0.185656
 719.000000 1.459210 0.218647
 720.000000 1.565258 0.345144
 721.000000 1.478479 0.247433
 722.000000 1.594308 0.301618
 723.000000 1.404558 0.312479
 724.000000 1.411410 0.310173
 725.000000 1.614783 0.382019
 726.000000 1.427871 0.367557
 727.000000 1.599451 0.219425
 728.000000 1.515950 0.264335
 729.000000 1.466640 0.332849
 730.000000 1.527420 0.289645
 731.000000 1.477489 0.233992
 732.000000 1.476421 0.262921
 733.000000 1.453925 0.271232
 734.000000 1.547767 0.126863
 735.000000 1.479546 0.173985
 736.000000 1.459992 0.226169
 737.000000 1.526690 0.322987
 738.000000 1.584334 0.222562
 739.000000 1.364574 0.274244
 740.000000 1.458800 0.247121
 741.000000 1.481287 0.309360
 742.000000 1.586043 0.312033
 743.000000 1.491889 0.286184
 744.000000 1.431956 0.291816
 745.000000 1.528045 0.244448
 746.000000 1.528767 0.291191
 747.000000 1.491022 0.241067
 748.000000 1.482109 0.273615
 749.000000 1.512437 0.336700
 750.000000 1.408121 0.392889
 751.000000 1.445081 0.331329
 752.000000 1.456911 0.349607
 753.000000 1.549569 0.264709
 754.000000 1.578903 0.281669
 755.000000 1.452859 0.331805
 756.000000 1.590841 0.232538
 757.000000 1.493736 0.366977
 758.000000 1.499146 0.298407
 759.000000 1.404895 0.349747
 760.000000 1.559851 0.329499
 761.000000 1.508604 0.324149
 762.000000 1.467262 0.237528
 763.000000 1.473637 0.250876
 764.000000 1.493608 0.335538
 765.000000 1.427681 0.318849
 766.000000 1.494746 0.361413
 767.000000 1.596304 0.311217
 768.000000 1.579828 0.312433
 769.000000 1.588731 0.296964
 770.000000 1.504122 0.343091
 771.000000 1.476516 0.189126
 772.000000 1.499001 0.333630
 773.000000 1.453770 0.350370
 774.000000 1.463725 0.315862
 775.000000 1.391960 0.321932
 776.000000 1.473564 0.285356
 777.000000 1.396179 0.315397
 778.000000 1.479227 0.214725
 779.000000 1.555995 0.313754
 780.000000 1.541057 0.324849
 781.000000 1.399224 0.375583
 782.000000 1.472022 0.350007
 783.000000 1.562485 0.281432
 784.000000 1.505301 0.306632
 785.000000 1.518338 0.268988
 786.000000 1.442160 0.341920
 787.000000 1.364283 0.267234
 788.000000 1.503481 0.369480
 789.000000 1.572346 0.280274
 790.000000 1.612207 0.236115
 791.000000 1.501155 0.259680
 792.000000 1.580566 0.316014
 793.000000 1.499507 0.299529
 794.000000 1.542443 0.324646
 795.000000 1.537001 0.320869
 796.000000 1.446458 0.346712
 797.000000 1.467773 0.318303
 798.000000 1.458028 0.263426
 799.000000 1.601948 0.313203
 800.000000 1.425750 0.310484
 801.000000 1.543154 0.194385
 802.000000 1.478215 0.280492
 803.000000 1.534631 0.270753
 804.000000 1.437147 0.346932
 805.000000 1.355652 0.229213
 806.000000 1.462506 0.262996
 807.000000 1.478683 0.255193
 808.000000 1.460612 0.165148
 809.000000 1.408973 0.195518
 810.000000 1.567347 0.394987
 811.000000 1.405907 0.362429
 812.000000 1.432739 0.349861
 813.000000 1.490983 0.280503
 814.000000 1.426773 0.313728
 815.000000 1.356612 0.337368
 816.000000 1.450762 0.255327
 817.000000 1.582246 0.349698
 818.000000 1.588449 0.386068
 819.000000 1.380938 0.283533
 820.000000 1.441914 0.332104
 821.000000 1.460243 0.259434
 822.000000 1.416197 0.318314
 823.000000 1.596733 0.342250
 824.000000 1.423232 0.339939
 825.000000 1.561165 0.382266
 826.000000 1.454844 0.277923
 827.000000 1.420386 0.256353
 828.000000 1.418033 0.291500
 829.000000 1.440340 0.293946
 830.000000 1.551000 0.276376
 831.000000 1.453330 0.344499
 832.000000 1.503171 0.266559
 833.000000 1.509486 0.234481
 834.000000 1.497718 0.357401
 835.000000 1.444779 0.308441
 836.000000 1.501198 0.275053
 837.000000 1.577483 0.279839
 838.000000 1.464987 0.262681
 839.000000 1.437528 0.414943
 840.000000 1.585108 0.298390
 841.000000 1.462051 0.338127
 842.000000 1.462011 0.313904
 843.000000 1.515782 0.307654
 844.000000 1.519274 0.319373
 845.000000 1.452067 0.266385
 846.000000 1.508947 0.259872
 847.000000 1.525253 0.267256
 848.000000 1.431173 0.184606
 849.000000 1.483456 0.304612
 850.000000 1.472638 0.358994
 851.000000 1.486213 0.358985
 852.000000 1.466270 0.285540
 853.000000 1.406974 0.349903
 854.000000 1.479346 0.304327
 855.000000 1.379861 0.283678
 856.000000 1.442649 0.321737
 857.000000 1.580067 0.314782
 858.000000 1.428010 0.291085
 859.000000 1.507385 0.316043
 860.000000 1.417018 0.304178
 861.000000 1.395351 0.338955
 862.000000 1.548447 0.257191
 863.000000 1.506459 0.272984
 864.000000 1.461424 0.331210
 865.000000 1.414732 0.264508
 866.000000 1.507604 0.344295
 867.000000 1.590615 0.325173
 868.000000 1.434964 0.247711
 869.000000 1.471980 0.321464
 870.000000 1.545189 0.390536
 871.000000 1.473511 0.297728
 872.000000 1.512464 0.387308
 873.000000 1.513541 0.307920
 874.000000 1.508280 0.305905
 875.000000 1.401426 0.386713
 876.000000 1.424342 0.354057
 877.000000 1.517078 0.291601
 878.000000 1.563884 0.307603
 879.000000 1.456822 0.271471
 880.000000 1.451949 0.325697
 881.000000 1.517580 0.317146
 882.000000 1.464893 0.244186
 883.000000 1.610549 0.267214
 884.000000 1.564518 0.292072
 885.000000 1.551670 0.309470
 886.000000 1.494036 0.259599
 887.000000 1.552216 0.268913
 888.000000 1.549610 0.298502
 889.000000 1.492703 0.295436
 890.000000 1.580715 0.246893
 891.000000 1.564850 0.246868
 892.000000 1.476392 0.298762
 893.000000 1.420721 0.280445
 894.000000 1.476738 0.347495
 895.000000 1.638071 0.299404
 896.000000 1.537550 0.285066
 897.000000 1.593723 0.230550
 898.000000 1.567581 0.278216
 899.000000 1.556912 0.228765
 900.000000 1.580942 0.353994
 901.000000 1.526996 0.328783
 902.000000 1.515313 0.303296
 903.000000 1.520785 0.271882
 904.000000 1.440887 0.294479
 905.000000 1.336665 0.332712
 906.000000 1.504232 0.278282
 907.000000 1.541547 0.371239
 908.000000 1.546939 0.286686
 909.000000 1.545459 0.305975
 910.000000 1.531264 0.288324
 911.000000 1.545027 0.205591
 912.000000 1.526210 0.272585
 913.000000 1.591455 0.304236
 914.000000 1.469570 0.208069
 915.000000 1.504280 0.248333
 916.000000 1.492281 0.305520
 917.000000 1.554229 0.329152
 918.000000 1.479588 0.204523
 919.000000 1.506920 0.253899
 920.000000 1.497985 0.299961
 921.000000 1.584933 0.244051
 922.000000 1.490319 0.290728
 923.000000 1.534229 0.199621
 924.000000 1.433028 0.230575
 925.000000 1.567958 0.216569
 926.000000 1.420970 0.249928
 927.000000 1.391350 0.239889
 928.000000 1.575039 0.228552
 929.000000 1.612453 0.137713
 930.000000 1.502849 0.338066
 931.000000 1.492481 0.393315
 932.000000 1.497867 0.314205
 933.000000 1.517928 0.297813
 934.000000 1.594241 0.347432
 935.000000 1.369589 0.237937
 936.000000 1.363401 0.255087
 937.000000 1.510821 0.359320
 938.000000 1.487064 0.337994
 939.000000 1.489326 0.328961
 940.000000 1.544493 0.210793
 941.000000 1.582747 0.296848
 942.000000 1.663507 0.260866
 943.000000 1.410208 0.234055
 944.000000 1.368384 0.225114
 945.000000 1.407377 0.256382
 946.000000 1.526659 0.282608
 947.000000 1.474362 0.325755
 948.000000 1.589342 0.345170
 949.000000 1.429357 0.341604
 950.000000 1.446024 0.275975
 951.000000 1.566172 0.220282
 952.000000 1.560347 0.284195
 953.000000 1.522820 0.300455
 954.000000 1.523019 0.291020
 955.000000 1.487784 0.265641
 956.000000 1.380712 0.377033
 957.000000 1.467516 0.363634
 958.000000 1.586959 0.269520
 959.000000 1.561218 0.344477
 960.000000 1.450782 0.301081
 961.000000 1.476880 0.320053
 962.000000 1.475495 0.202014
 963.000000 1.489984 0.187265
 964.000000 1.461507 0.206440
 965.000000 1.507676 0.222970
 966.000000 1.569876 0.257225
 967.000000 1.534056 0.211101
 968.000000 1.542897 0.245571
 969.000000 1.484174 0.261134
 970.000000 1.592623 0.214368
 971.000000 1.450542 0.232027
 972.000000 1.586514 0.134994
 973.000000 1.515636 0.283790
 974.000000 1.499466 0.179422
 975.000000 1.505667 0.196594
 976.000000 1.549507 0.238404
 977.000000 1.627686 0.204631
 978.000000 1.445132 0.237711
 979.000000 1.569786 0.222199
 980.000000 1.581466 0.170062
 981.000000 1.561500 0.311829
 982.000000 1.501805 0.313549
 983.000000 1.538440 0.292948
 984.000000 1.610658 0.286087
 985.000000 1.465580 0.225965
 986.000000 1.621273 0.249864
 987.000000 1.721236 0.208169
 988.000000 1.531660 0.200522
 989.000000 1.497388 0.190124
 990.000000 1.577665 0.180254
 991.000000 1.534083 0.200944
 992.000000 1.571202 0.281896
 993.000000 1.597351 0.364341
 994.000000 1.544734 0.212783
 995.000000 1.568536 0.225976
 996.000000 1.503534 0.284730
 997.000000 1.482106 0.259753
 998.000000 1.510587 0.254685
 999.000000 1.506838 0.300677
 1000.000000 1.518469 0.300530
 1001.000000 1.498052 0.370604
 1002.000000 1.514291 0.301273
 1003.000000 1.474830 0.419542
 1004.000000 1.468811 0.354472
 1005.000000 1.456259 0.303700
 1006.000000 1.449345 0.276449
 1007.000000 1.592552 0.251211
 1008.000000 1.573543 0.306317
 1009.000000 1.535752 0.305973
 1010.000000 1.453138 0.266905
 1011.000000 1.422286 0.311346
 1012.000000 1.497838 0.251278
 1013.000000 1.644679 0.304815
 1014.000000 1.583629 0.259221
 1015.000000 1.557097 0.216457
 1016.000000 1.511224 0.266486
 1017.000000 1.530005 0.201994
 1018.000000 1.523926 0.295946
 1019.000000 1.529777 0.284581
 1020.000000 1.546837 0.339077
 1021.000000 1.487879 0.305911
 1022.000000 1.524855 0.304306
 1023.000000 1.572263 0.242737
 1024.000000 1.477413 0.248846
 1025.000000 1.572602 0.327388
 1026.000000 1.416425 0.273099
 1027.000000 1.491102 0.274320
 1028.000000 1.472333 0.347829
 1029.000000 1.521493 0.255766
 1030.000000 1.532220 0.244143
 1031.000000 1.560854 0.364936
 1032.000000 1.519751 0.142587
 1033.000000 1.608738 0.219596
 1034.000000 1.620702 0.264618
 1035.000000 1.476236 0.209895
 1036.000000 1.596818 0.283847
 1037.000000 1.422801 0.227801
 1038.000000 1.511201 0.256923
 1039.000000 1.563998 0.212002
 1040.000000 1.558394 0.295602
 1041.000000 1.572048 0.272266
 1042.000000 1.546401 0.240463
 1043.000000 1.535516 0.360114
 1044.000000 1.594140 0.255848
 1045.000000 1.464697 0.265264
 1046.000000 1.425476 0.325482
 1047.000000 1.529941 0.181247
 1048.000000 1.462056 0.218362
 1049.000000 1.587523 0.234983
 1050.000000 1.587455 0.255256
 1051.000000 1.538741 0.230296
 1052.000000 1.677936 0.255854
 1053.000000 1.509741 0.225754
 1054.000000 1.501828 0.263529
 1055.000000 1.585759 0.260984
 1056.000000 1.572266 0.291975
 1057.000000 1.548403 0.236301
 1058.000000 1.619611 0.371515
 1059.000000 1.466976 0.287266
 1060.000000 1.574799 0.272240
 1061.000000 1.566889 0.234879
 1062.000000 1.466049 0.256808
 1063.000000 1.440079 0.296846
 1064.000000 1.490969 0.268516
 1065.000000 1.505205 0.213727
 1066.000000 1.539671 0.231958
 1067.000000 1.659860 0.274027
 1068.000000 1.628643 0.255605
 1069.000000 1.575803 0.270656
 1070.000000 1.448937 0.306056
 1071.000000 1.618978 0.298675
 1072.000000 1.644799 0.264451
 1073.000000 1.560954 0.348286
 1074.000000 1.496836 0.310506
 1075.000000 1.493038 0.253149
 1076.000000 1.628799 0.276952
 1077.000000 1.579111 0.305649
 1078.000000 1.493707 0.241998
 1079.000000 1.470552 0.308589
 1080.000000 1.490170 0.267644
 1081.000000 1.596203 0.168997
 1082.000000 1.559319 0.294320
 1083.000000 1.490491 0.210743
 1084.000000 1.483522 0.279810
 1085.000000 1.593779 0.277670
 1086.000000 1.453352 0.295038
 1087.000000 1.599469 0.237941
 1088.000000 1.513318 0.226038
 1089.000000 1.536947 0.196593
 1090.000000 1.482018 0.338023
 1091.000000 1.468337 0.287487
 1092.000000 1.571731 0.281233
 1093.000000 1.562629 0.286498
 1094.000000 1.515036 0.368275
 1095.000000 1.477089 0.301506
 1096.000000 1.446933 0.335152
 1097.000000 1.469789 0.268378
 1098.000000 1.525298 0.289857
 1099.000000 1.533783 0.292883
 1100.000000 1.422628 0.336917
 1101.000000 1.286715 0.301180
 1102.000000 1.621331 0.298805
 1103.000000 1.517638 0.205854
 1104.000000 1.542036 0.198319
 1105.000000 1.583067 0.214816
 1106.000000 1.525811 0.230605
 1107.000000 1.569588 0.168441
 1108.000000 1.472324 0.284725
 1109.000000 1.486361 0.251564
 1110.000000 1.560592 0.183613
 1111.000000 1.504758 0.270115
 1112.000000 1.429860 0.225638
 1113.000000 1.586744 0.228272
 1114.000000 1.549869 0.400899
 1115.000000 1.678663 0.240900
 1116.000000 1.568528 0.244530
 1117.000000 1.533811 0.356323
 1118.000000 1.580307 0.351167
 1119.000000 1.608937 0.303971
 1120.000000 1.633163 0.286791
 1121.000000 1.601397 0.356068
 1122.000000 1.668513 0.334998
 1123.000000 1.727445 0.267633
 1124.000000 1.549633 0.284790
 1125.000000 1.714584 0.259909
 1126.000000 1.458268 0.291799
 1127.000000 1.557285 0.299291
 1128.000000 1.434699 0.226260
 1129.000000 1.462746 0.230850
 1130.000000 1.551705 0.231916
 1131.000000 1.586590 0.260175
 1132.000000 1.576208 0.337803
 1133.000000 1.522206 0.331927
 1134.000000 1.420886 0.295254
 1135.000000 1.458166 0.401611
 1136.000000 1.533281 0.395453
 1137.000000 1.478731 0.311591
 1138.000000 1.400109 0.307396
 1139.000000 1.543228 0.287572
 1140.000000 1.547214 0.319684
 1141.000000 1.467682 0.316479
 1142.000000 1.409600 0.188034
 1143.000000 1.482835 0.303864
 1144.000000 1.496035 0.354700
 1145.000000 1.490451 0.357935
 1146.000000 1.505812 0.275413
 1147.000000 1.516038 0.333916
 1148.000000 1.593635 0.339391
 1149.000000 1.524097 0.301998
 1150.000000 1.479219 0.230131
 1151.000000 1.510383 0.296047
 1152.000000 1.615471 0.304736
 1153.000000 1.521789 0.350281
 1154.000000 1.677316 0.261799
 1155.000000 1.485523 0.268386
 1156.000000 1.457175 0.285921
 1157.000000 1.498528 0.255937
 1158.000000 1.392884 0.248407
 1159.000000 1.539879 0.230421
 1160.000000 1.581135 0.233860
 1161.000000 1.548847 0.265241
 1162.000000 1.451746 0.343771
 1163.000000 1.532962 0.382568
 1164.000000 1.587860 0.261853
 1165.000000 1.557386 0.318054
 1166.000000 1.542396 0.463361
 1167.000000 1.533759 0.296078
 1168.000000 1.541266 0.252153
 1169.000000 1.537860 0.195478
 1170.000000 1.548997 0.325341
 1171.000000 1.421674 0.317213
 1172.000000 1.613354 0.221020
 1173.000000 1.539547 0.225481
 1174.000000 1.582719 0.273490
 1175.000000 1.482090 0.210218
 1176.000000 1.519521 0.205842
 1177.000000 1.616835 0.252511
 1178.000000 1.568262 0.322718
 1179.000000 1.477663 0.279741
 1180.000000 1.516368 0.177574
 1181.000000 1.558769 0.305571
 1182.000000 1.525740 0.222073
 1183.000000 1.475699 0.319046
 1184.000000 1.435609 0.352252
 1185.000000 1.518491 0.265532
 1186.000000 1.417496 0.267434
 1187.000000 1.580721 0.336028
 1188.000000 1.635897 0.265354
 1189.000000 1.497446 0.285617
 1190.000000 1.577768 0.246233
 1191.000000 1.539017 0.297583
 1192.000000 1.455483 0.267111
 1193.000000 1.666462 0.267618
 1194.000000 1.541601 0.279403
 1195.000000 1.478660 0.385978
 1196.000000 1.454337 0.393246
 1197.000000 1.533832 0.305577
 1198.000000 1.476276 0.188287
 1199.000000 1.504395 0.330862
 1200.000000 1.483152 0.333166
 1201.000000 1.478936 0.255188
 1202.000000 1.469301 0.304919
 1203.000000 1.442168 0.227703
 1204.000000 1.487933 0.277975
 1205.000000 1.566810 0.282558
 1206.000000 1.540650 0.274029
 1207.000000 1.612544 0.281338
 1208.000000 1.543086 0.291365
 1209.000000 1.392418 0.349176
 1210.000000 1.566779 0.279213
 1211.000000 1.494842 0.291599
 1212.000000 1.447166 0.220595
 1213.000000 1.546076 0.313727
 1214.000000 1.571896 0.252682
 1215.000000 1.568524 0.258033
 1216.000000 1.428394 0.312411
 1217.000000 1.518134 0.348376
 1218.000000 1.556127 0.228416
 1219.000000 1.562244 0.310171
 1220.000000 1.521313 0.289746
 1221.000000 1.502612 0.265824
 1222.000000 1.470712 0.269680
 1223.000000 1.564421 0.342752
 1224.000000 1.545825 0.258128
 1225.000000 1.426303 0.338701
 1226.000000 1.446448 0.234920
 1227.000000 1.497416 0.258614
 1228.000000 1.496444 0.299594
 1229.000000 1.471732 0.250869
 1230.000000 1.488987 0.267047
 1231.000000 1.570079 0.307134
 1232.000000 1.507145 0.291907
 1233.000000 1.498047 0.343255
 1234.000000 1.487511 0.357290
 1235.000000 1.451886 0.324916
 1236.000000 1.502144 0.293804
 1237.000000 1.478772 0.303749
 1238.000000 1.517304 0.289915
 1239.000000 1.529278 0.301057
 1240.000000 1.494017 0.221680
 1241.000000 1.514344 0.264448
 1242.000000 1.371244 0.251105
 1243.000000 1.433452 0.287245
 1244.000000 1.420122 0.214145
 1245.000000 1.492851 0.217113
 1246.000000 1.374020 0.160318
 1247.000000 1.501581 0.244915
 1248.000000 1.356408 0.286206
 1249.000000 1.537604 0.197084
 1250.000000 1.486688 0.366827
 1251.000000 1.443601 0.280978
 1252.000000 1.417746 0.331560
 1253.000000 1.520753 0.209713
 1254.000000 1.392418 0.193529
 1255.000000 1.420130 0.203520
 1256.000000 1.347443 0.211549
 1257.000000 1.475345 0.253687
 1258.000000 1.481084 0.220607
 1259.000000 1.565471 0.230561
 1260.000000 1.426876 0.250388
 1261.000000 1.439899 0.233554
 1262.000000 1.491257 0.256913
 1263.000000 1.389407 0.197197
 1264.000000 1.392402 0.098718
 1265.000000 1.394838 0.217701
 1266.000000 1.390212 0.270795
 1267.000000 1.406651 0.226512
 1268.000000 1.459203 0.271157
 1269.000000 1.483717 0.302445
 1270.000000 1.427077 0.257696
 1271.000000 1.513095 0.210300
 1272.000000 1.490337 0.264862
 1273.000000 1.482601 0.261855
 1274.000000 1.476059 0.323952
 1275.000000 1.457084 0.216030
 1276.000000 1.488960 0.261056
 1277.000000 1.566088 0.202110
 1278.000000 1.505034 0.192484
 1279.000000 1.545263 0.244071
 1280.000000 1.433124 0.333325
 1281.000000 1.440050 0.340448
 1282.000000 1.461249 0.233118
 1283.000000 1.488858 0.370670
 1284.000000 1.577251 0.297792
 1285.000000 1.573210 0.239826
 1286.000000 1.593248 0.244805
 1287.000000 1.553254 0.264187
 1288.000000 1.561450 0.244143
 1289.000000 1.425617 0.265368
 1290.000000 1.548792 0.251770
 1291.000000 1.471857 0.333808
 1292.000000 1.527835 0.285267
 1293.000000 1.511210 0.192290
 1294.000000 1.512248 0.364964
 1295.000000 1.460323 0.303953
 1296.000000 1.544408 0.292377
 1297.000000 1.500197 0.385177
 1298.000000 1.549240 0.342460
 1299.000000 1.537029 0.267229
 1300.000000 1.478067 0.254172
 1301.000000 1.562944 0.243682
 1302.000000 1.455720 0.202077
 1303.000000 1.630403 0.208922
 1304.000000 1.606698 0.164211
 1305.000000 1.602545 0.220434
 1306.000000 1.499577 0.254341
 1307.000000 1.409243 0.243476
 1308.000000 1.510530 0.330593
 1309.000000 1.441232 0.250610
 1310.000000 1.477197 0.395786
 1311.000000 1.484307 0.287998
 1312.000000 1.535614 0.429464
 1313.000000 1.605315 0.366263
 1314.000000 1.431484 0.398424
 1315.000000 1.586862 0.406536
 1316.000000 1.475105 0.446930
 1317.000000 1.580349 0.486689
 1318.000000 1.611134 0.366393
 1319.000000 1.445064 0.383995
 1320.000000 1.516978 0.381776
 1321.000000 1.600635 0.353053
 1322.000000 1.386582 0.320683
 1323.000000 1.483952 0.381499
 1324.000000 1.578838 0.368526
 1325.000000 1.441483 0.278659
 1326.000000 1.528168 0.313035
 1327.000000 1.541330 0.315514
 1328.000000 1.536372 0.258750
 1329.000000 1.593283 0.309691
 1330.000000 1.461441 0.307700
 1331.000000 1.516335 0.238812
 1332.000000 1.609278 0.217722
 1333.000000 1.502606 0.280562
 1334.000000 1.549268 0.370492
 1335.000000 1.518417 0.243067
 1336.000000 1.507641 0.306761
 1337.000000 1.534002 0.272023
 1338.000000 1.658897 0.308855
 1339.000000 1.448440 0.309879
 1340.000000 1.492796 0.296210
 1341.000000 1.467103 0.265247
 1342.000000 1.494081 0.254322
 1343.000000 1.369230 0.275623
 1344.000000 1.479691 0.303342
 1345.000000 1.496577 0.327948
 1346.000000 1.587597 0.265875
 1347.000000 1.373677 0.308333
 1348.000000 1.492123 0.326406
 1349.000000 1.408395 0.291487
 1350.000000 1.464613 0.245505
 1351.000000 1.433326 0.269905
 1352.000000 1.443602 0.255898
 1353.000000 1.471080 0.305844
 1354.000000 1.449380 0.328837
 1355.000000 1.494593 0.260998
 1356.000000 1.575866 0.255147
 1357.000000 1.561868 0.230265
 1358.000000 1.430839 0.326191
 1359.000000 1.545520 0.267512
 1360.000000 1.394673 0.213833
 1361.000000 1.372590 0.272122
 1362.000000 1.429334 0.320135
 1363.000000 1.565621 0.245559
 1364.000000 1.516800 0.260274
 1365.000000 1.541973 0.353188
 1366.000000 1.475156 0.300576
 1367.000000 1.496332 0.173796
 1368.000000 1.582886 0.246999
 1369.000000 1.485946 0.268980
 1370.000000 1.463876 0.294375
 1371.000000 1.516758 0.211091
 1372.000000 1.484571 0.273380
 1373.000000 1.575819 0.267168
 1374.000000 1.514451 0.183575
 1375.000000 1.507361 0.263791
 1376.000000 1.448729 0.157266
 1377.000000 1.455970 0.246506
 1378.000000 1.460588 0.253072
 1379.000000 1.435405 0.160817
 1380.000000 1.544780 0.298466
 1381.000000 1.533947 0.218267
 1382.000000 1.492969 0.281907
 1383.000000 1.485465 0.268610
 1384.000000 1.419299 0.252642
 1385.000000 1.506030 0.284108
 1386.000000 1.500566 0.205047
 1387.000000 1.507242 0.226811
 1388.000000 1.480721 0.264054
 1389.000000 1.502391 0.252678
 1390.000000 1.606772 0.233155
 1391.000000 1.432971 0.247344
 1392.000000 1.525512 0.280317
 1393.000000 1.406756 0.279104
 1394.000000 1.621325 0.196966
 1395.000000 1.549672 0.224180
 1396.000000 1.438131 0.246357
 1397.000000 1.466191 0.349693
 1398.000000 1.526697 0.258034
 1399.000000 1.538360 0.305832
 1400.000000 1.595633 0.274238
 1401.000000 1.503924 0.226781
 1402.000000 1.518935 0.246620
 1403.000000 1.454468 0.256132
 1404.000000 1.506005 0.238834
 1405.000000 1.561549 0.230505
 1406.000000 1.424542 0.210214
 1407.000000 1.598620 0.290062
 1408.000000 1.539451 0.256380
 1409.000000 1.484177 0.288240
 1410.000000 1.541250 0.257233
 1411.000000 1.526694 0.271124
 1412.000000 1.568673 0.232651
 1413.000000 1.519516 0.201481
 1414.000000 1.598875 0.292063
 1415.000000 1.412892 0.289312
 1416.000000 1.520218 0.333169
 1417.000000 1.542335 0.286978
 1418.000000 1.459157 0.204194
 1419.000000 1.588440 0.251135
 1420.000000 1.459892 0.243024
 1421.000000 1.487489 0.308410
 1422.000000 1.504364 0.441045
 1423.000000 1.509847 0.307554
 1424.000000 1.473711 0.306126
 1425.000000 1.495706 0.241283
 1426.000000 1.562806 0.209659
 1427.000000 1.457836 0.315407
 1428.000000 1.532166 0.298877
 1429.000000 1.603899 0.243756
 1430.000000 1.567134 0.292188
 1431.000000 1.566724 0.281826
 1432.000000 1.646914 0.306625
 1433.000000 1.633397 0.266113
 1434.000000 1.470246 0.200811
 1435.000000 1.524135 0.315440
 1436.000000 1.514375 0.269574
 1437.000000 1.631685 0.222218
 1438.000000 1.563605 0.212269
 1439.000000 1.583448 0.218360
 1440.000000 1.427860 0.303051
 1441.000000 1.603138 0.245658
 1442.000000 1.411554 0.282605
 1443.000000 1.574843 0.249299
 1444.000000 1.540344 0.241766
 1445.000000 1.490133 0.311908
 1446.000000 1.575840 0.292559
 1447.000000 1.492559 0.261517
 1448.000000 1.481152 0.188012
 1449.000000 1.572950 0.275961
 1450.000000 1.477577 0.260646
 1451.000000 1.533419 0.330526
 1452.000000 1.474799 0.388228
 1453.000000 1.412870 0.243250
 1454.000000 1.430526 0.237896
 1455.000000 1.401154 0.237467
 1456.000000 1.419548 0.271177
 1457.000000 1.528586 0.300908
 1458.000000 1.505596 0.265429
 1459.000000 1.510042 0.230609
 1460.000000 1.573957 0.233310
 1461.000000 1.412585 0.424162
 1462.000000 1.584093 0.312073
 1463.000000 1.411150 0.357835
 1464.000000 1.471044 0.332639
 1465.000000 1.589047 0.335108
 1466.000000 1.426564 0.414989
 1467.000000 1.442670 0.388387
 1468.000000 1.554743 0.368969
 1469.000000 1.363334 0.381200
 1470.000000 1.482208 0.391667
 1471.000000 1.475349 0.303604
 1472.000000 1.428589 0.346979
 1473.000000 1.510389 0.325516
 1474.000000 1.508203 0.291211
 1475.000000 1.432301 0.312369
 1476.000000 1.543136 0.306962
 1477.000000 1.570769 0.218416
 1478.000000 1.566260 0.242146
 1479.000000 1.502504 0.367084
 1480.000000 1.498127 0.356989
 1481.000000 1.532824 0.363334
 1482.000000 1.393105 0.315254
 1483.000000 1.356186 0.430887
 1484.000000 1.511643 0.339328
 1485.000000 1.523115 0.416098
 1486.000000 1.498354 0.270218
 1487.000000 1.479589 0.259669
 1488.000000 1.417540 0.265978
 1489.000000 1.624880 0.301998
 1490.000000 1.506804 0.393919
 1491.000000 1.522878 0.285313
 1492.000000 1.572117 0.328707
 1493.000000 1.442665 0.313044
 1494.000000 1.505418 0.269404
 1495.000000 1.540288 0.295528
 1496.000000 1.609146 0.241978
 1497.000000 1.510269 0.316749
 1498.000000 1.469169 0.338797
 1499.000000 1.447414 0.373463
 1500.000000 1.542479 0.459277
 1501.000000 1.505395 0.395239
 1502.000000 1.509627 0.386546
 1503.000000 1.642418 0.324426
 1504.000000 1.543434 0.366325
 1505.000000 1.548942 0.405932
 1506.000000 1.443450 0.410143
 1507.000000 1.523769 0.262442
 1508.000000 1.465159 0.400350
 1509.000000 1.454528 0.300041
 1510.000000 1.675858 0.310049
 1511.000000 1.470516 0.396443
 1512.000000 1.522642 0.444287
 1513.000000 1.593406 0.387194
 1514.000000 1.488498 0.389502
 1515.000000 1.577324 0.434714
 1516.000000 1.517775 0.384421
 1517.000000 1.575950 0.324215
 1518.000000 1.710544 0.338163
 1519.000000 1.582796 0.392622
 1520.000000 1.516200 0.423443
 1521.000000 1.544758 0.320950
 1522.000000 1.498520 0.357204
 1523.000000 1.468903 0.418633
 1524.000000 1.614249 0.320951
 1525.000000 1.495384 0.413874
 1526.000000 1.474134 0.350666
 1527.000000 1.457228 0.355066
 1528.000000 1.599361 0.451700
 1529.000000 1.495230 0.361124
 1530.000000 1.445210 0.395480
 1531.000000 1.491072 0.408890
 1532.000000 1.682346 0.395184
 1533.000000 1.587254 0.346956
 1534.000000 1.533697 0.382416
 1535.000000 1.484911 0.370115
 1536.000000 1.609130 0.299609
 1537.000000 1.540620 0.357774
 1538.000000 1.585303 0.399005
 1539.000000 1.571842 0.328851
 1540.000000 1.478664 0.264824
 1541.000000 1.474144 0.322338
 1542.000000 1.340084 0.347312
 1543.000000 1.382677 0.412508
 1544.000000 1.491511 0.361481
 1545.000000 1.346793 0.376283
 1546.000000 1.443618 0.414299
 1547.000000 1.467149 0.351521
 1548.000000 1.568082 0.422118
 1549.000000 1.436990 0.466498
 1550.000000 1.490565 0.294417
 1551.000000 1.413145 0.280389
 1552.000000 1.435953 0.299350
 1553.000000 1.518170 0.256636
 1554.000000 1.530559 0.311762
 1555.000000 1.340767 0.262789
 1556.000000 1.460493 0.291480
 1557.000000 1.373148 0.266062
 1558.000000 1.390376 0.362487
 1559.000000 1.396655 0.300630
 1560.000000 1.424259 0.318516
 1561.000000 1.463641 0.299737
 1562.000000 1.605103 0.348381
 1563.000000 1.482422 0.292140
 1564.000000 1.512360 0.462885
 1565.000000 1.387871 0.356533
 1566.000000 1.511162 0.256384
 1567.000000 1.494251 0.223166
 1568.000000 1.451429 0.327975
 1569.000000 1.374402 0.383496
 1570.000000 1.514688 0.313262
 1571.000000 1.590694 0.397333
 1572.000000 1.540182 0.381736
 1573.000000 1.516479 0.226455
 1574.000000 1.363554 0.232736
 1575.000000 1.528163 0.398076
 1576.000000 1.387456 0.334560
 1577.000000 1.583361 0.253621
 1578.000000 1.461459 0.431529
 1579.000000 1.473435 0.264315
 1580.000000 1.475262 0.285995
 1581.000000 1.382624 0.301194
 1582.000000 1.442696 0.306389
 1583.000000 1.537401 0.292731
 1584.000000 1.440235 0.302014
 1585.000000 1.573659 0.269113
 1586.000000 1.471567 0.328546
 1587.000000 1.503943 0.266353
 1588.000000 1.558174 0.316413
 1589.000000 1.500811 0.288218
 1590.000000 1.516368 0.334724
 1591.000000 1.471255 0.317731
 1592.000000 1.461996 0.328222
 1593.000000 1.351360 0.298372
 1594.000000 1.501086 0.312374
 1595.000000 1.428196 0.291937
 1596.000000 1.494478 0.376847
 1597.000000 1.560628 0.316969
 1598.000000 1.516291 0.317009
 1599.000000 1.554311 0.376909
 1600.000000 1.480117 0.379681
 1601.000000 1.538223 0.375544
 1602.000000 1.460524 0.191631
 1603.000000 1.459284 0.349116
 1604.000000 1.541662 0.346771
 1605.000000 1.452389 0.485855
 1606.000000 1.507722 0.380097
 1607.000000 1.553828 0.320251
 1608.000000 1.447784 0.372497
 1609.000000 1.616426 0.356575
 1610.000000 1.518307 0.321330
 1611.000000 1.455860 0.384144
 1612.000000 1.490554 0.403576
 1613.000000 1.423526 0.354230
 1614.000000 1.375676 0.416534
 1615.000000 1.499097 0.361301
 1616.000000 1.616891 0.353863
 1617.000000 1.510078 0.147291
 1618.000000 1.369923 0.340921
 1619.000000 1.429028 0.225209
 1620.000000 1.496432 0.328531
 1621.000000 1.500562 0.296687
 1622.000000 1.457313 0.334791
 1623.000000 1.596393 0.218092
 1624.000000 1.502365 0.363712
 1625.000000 1.545657 0.380068
 1626.000000 1.438542 0.318683
 1627.000000 1.465155 0.232821
 1628.000000 1.501209 0.255518
 1629.000000 1.471712 0.287918
 1630.000000 1.627185 0.303718
 1631.000000 1.433642 0.366238
 1632.000000 1.579983 0.333718
 1633.000000 1.537802 0.348067
 1634.000000 1.538068 0.349477
 1635.000000 1.548346 0.310491
 1636.000000 1.554015 0.405098
 1637.000000 1.470642 0.364749
 1638.000000 1.457544 0.309333
 1639.000000 1.451272 0.393958
 1640.000000 1.459692 0.397561
 1641.000000 1.512334 0.404855
 1642.000000 1.476337 0.285995
 1643.000000 1.410433 0.301895
 1644.000000 1.443455 0.257478
 1645.000000 1.493958 0.376838
 1646.000000 1.450176 0.319464
 1647.000000 1.445733 0.266555
 1648.000000 1.465805 0.289397
 1649.000000 1.462744 0.308094
 1650.000000 1.474321 0.397287
 1651.000000 1.588805 0.338845
 1652.000000 1.454196 0.341937
 1653.000000 1.376763 0.340236
 1654.000000 1.518313 0.263841
 1655.000000 1.398899 0.244332
 1656.000000 1.544451 0.352448
 1657.000000 1.413078 0.309966
 1658.000000 1.380296 0.317170
 1659.000000 1.520930 0.345907
 1660.000000 1.587156 0.261306
 1661.000000 1.514416 0.287906
 1662.000000 1.504594 0.423251
 1663.000000 1.585983 0.339325
 1664.000000 1.526347 0.385609
 1665.000000 1.366036 0.334111
 1666.000000 1.548136 0.343066
 1667.000000 1.448352 0.358347
 1668.000000 1.458023 0.379317
 1669.000000 1.413690 0.361818
 1670.000000 1.405453 0.373671
 1671.000000 1.348355 0.402241
 1672.000000 1.310748 0.367381
 1673.000000 1.427558 0.457319
 1674.000000 1.413966 0.335282
 1675.000000 1.476211 0.303484
 1676.000000 1.414200 0.209950
 1677.000000 1.395212 0.234991
 1678.000000 1.446749 0.304506
 1679.000000 1.418314 0.288384
 1680.000000 1.270919 0.314752
 1681.000000 1.347574 0.281534
 1682.000000 1.487595 0.371497
 1683.000000 1.396708 0.361414
 1684.000000 1.421218 0.370749
 1685.000000 1.339652 0.234838
 1686.000000 1.308244 0.380813
 1687.000000 1.436119 0.278400
 1688.000000 1.514296 0.415019
 1689.000000 1.485273 0.415481
 1690.000000 1.481422 0.351100
 1691.000000 1.375277 0.289689
 1692.000000 1.402134 0.224376
 1693.000000 1.437403 0.270891
 1694.000000 1.512537 0.335402
 1695.000000 1.395175 0.238660
 1696.000000 1.462310 0.323951
 1697.000000 1.563800 0.300140
 1698.000000 1.550390 0.337878
 1699.000000 1.466234 0.366232
 1700.000000 1.513992 0.212835
 1701.000000 1.499878 0.335146
 1702.000000 1.550691 0.231287
 1703.000000 1.493461 0.211687
 1704.000000 1.507399 0.290858
 1705.000000 1.461514 0.214677
 1706.000000 1.540420 0.266358
 1707.000000 1.479243 0.220798
 1708.000000 1.547923 0.240739
 1709.000000 1.541633 0.272366
 1710.000000 1.566888 0.215307
 1711.000000 1.476345 0.303004
 1712.000000 1.516213 0.314010
 1713.000000 1.556260 0.328195
 1714.000000 1.407185 0.231835
 1715.000000 1.407987 0.285943
 1716.000000 1.340404 0.270958
 1717.000000 1.465908 0.303644
 1718.000000 1.429811 0.372198
 1719.000000 1.581778 0.330827
 1720.000000 1.506177 0.300081
 1721.000000 1.564368 0.339578
 1722.000000 1.439618 0.359830
 1723.000000 1.538936 0.328101
 1724.000000 1.599263 0.260371
 1725.000000 1.569439 0.248399
 1726.000000 1.574893 0.354575
 1727.000000 1.445011 0.257750
 1728.000000 1.490381 0.289700
 1729.000000 1.560199 0.268242
 1730.000000 1.594569 0.242454
 1731.000000 1.546897 0.307469
 1732.000000 1.580909 0.262919
 1733.000000 1.513806 0.365348
 1734.000000 1.359196 0.363081
 1735.000000 1.428252 0.313562
 1736.000000 1.496674 0.351315
 1737.000000 1.424446 0.297751
 1738.000000 1.455400 0.346077
 1739.000000 1.502417 0.361601
 1740.000000 1.342324 0.280179
 1741.000000 1.342036 0.388396
 1742.000000 1.387954 0.249238
 1743.000000 1.452114 0.293381
 1744.000000 1.406845 0.334256
 1745.000000 1.450396 0.290619
 1746.000000 1.436544 0.338889
 1747.000000 1.426781 0.271899
 1748.000000 1.399332 0.278779
 1749.000000 1.537000 0.355540
 1750.000000 1.512363 0.234661
 1751.000000 1.381168 0.338777
 1752.000000 1.535255 0.412562
 1753.000000 1.548108 0.386169
 1754.000000 1.492172 0.335859
 1755.000000 1.498601 0.300168
 1756.000000 1.408673 0.299627
 1757.000000 1.509053 0.201442
 1758.000000 1.536100 0.426186
 1759.000000 1.416319 0.230531
 1760.000000 1.488385 0.358485
 1761.000000 1.398641 0.317273
 1762.000000 1.464321 0.316548
 1763.000000 1.411570 0.235758
 1764.000000 1.386874 0.203561
 1765.000000 1.506967 0.353305
 1766.000000 1.453404 0.301286
 1767.000000 1.467509 0.330647
 1768.000000 1.443002 0.335460
 1769.000000 1.510639 0.298335
 1770.000000 1.498297 0.368559
 1771.000000 1.426473 0.260882
 1772.000000 1.382165 0.363480
 1773.000000 1.492394 0.323011
 1774.000000 1.378646 0.326944
 1775.000000 1.471913 0.289533
 1776.000000 1.473054 0.180929
 1777.000000 1.461989 0.300033
 1778.000000 1.519260 0.250188
 1779.000000 1.497685 0.279121
 1780.000000 1.515400 0.213905
 1781.000000 1.414314 0.266111
 1782.000000 1.424348 0.234765
 1783.000000 1.462335 0.279640
 1784.000000 1.494041 0.284878
 1785.000000 1.522626 0.354021
 1786.000000 1.370836 0.272868
 1787.000000 1.435728 0.326614
 1788.000000 1.406856 0.237324
 1789.000000 1.379199 0.258687
 1790.000000 1.448531 0.197509
 1791.000000 1.524178 0.259426
 1792.000000 1.485534 0.272901
 1793.000000 1.468580 0.214718
 1794.000000 1.430957 0.352354
 1795.000000 1.528332 0.311899
 1796.000000 1.515461 0.358026
 1797.000000 1.398149 0.352644
 1798.000000 1.529731 0.311781
 1799.000000 1.542173 0.289169
 1800.000000 1.561753 0.357311
 1801.000000 1.602346 0.376088
 1802.000000 1.486742 0.326213
 1803.000000 1.459268 0.296766
 1804.000000 1.460661 0.294035
 1805.000000 1.488003 0.336556
 1806.000000 1.467837 0.317463
 1807.000000 1.456110 0.283886
 1808.000000 1.522097 0.316200
 1809.000000 1.504579 0.201714
 1810.000000 1.434442 0.282448
 1811.000000 1.450280 0.358380
 1812.000000 1.495051 0.303124
 1813.000000 1.565454 0.299524
 1814.000000 1.557231 0.349209
 1815.000000 1.482969 0.297303
 1816.000000 1.551178 0.335863
 1817.000000 1.589094 0.305658
 1818.000000 1.589440 0.399334
 1819.000000 1.522716 0.299520
 1820.000000 1.513891 0.279707
 1821.000000 1.542480 0.213586
 1822.000000 1.438621 0.193390
 1823.000000 1.520235 0.303644
 1824.000000 1.508468 0.344956
 1825.000000 1.565815 0.283693
 1826.000000 1.440524 0.284766
 1827.000000 1.490108 0.229088
 1828.000000 1.516801 0.239622
 1829.000000 1.381396 0.276044
 1830.000000 1.524758 0.274284
 1831.000000 1.414869 0.302216
 1832.000000 1.523146 0.294045
 1833.000000 1.429481 0.335201
 1834.000000 1.375838 0.253856
 1835.000000 1.473164 0.362274
 1836.000000 1.465450 0.375697
 1837.000000 1.588748 0.306410
 1838.000000 1.345386 0.287605
 1839.000000 1.440408 0.404830
 1840.000000 1.447945 0.376718
 1841.000000 1.484221 0.379096
 1842.000000 1.498992 0.402630
 1843.000000 1.450007 0.359237
 1844.000000 1.520518 0.310149
 1845.000000 1.510643 0.339389
 1846.000000 1.527997 0.304385
 1847.000000 1.514965 0.228512
 1848.000000 1.470784 0.290512
 1849.000000 1.393371 0.270843
 1850.000000 1.461253 0.259599
 1851.000000 1.458647 0.271079
 1852.000000 1.391047 0.248821
 1853.000000 1.597355 0.428868
 1854.000000 1.469373 0.314567
 1855.000000 1.533795 0.238489
 1856.000000 1.597916 0.343912
 1857.000000 1.457954 0.356436
 1858.000000 1.436365 0.338923
 1859.000000 1.452117 0.237947
 1860.000000 1.426650 0.332026
 1861.000000 1.477759 0.333155
 1862.000000 1.580444 0.234729
 1863.000000 1.530339 0.349112
 1864.000000 1.517968 0.298057
 1865.000000 1.552394 0.396089
 1866.000000 1.514970 0.219122
 1867.000000 1.620417 0.373441
 1868.000000 1.523056 0.356736
 1869.000000 1.544246 0.316546
 1870.000000 1.510399 0.349053
 1871.000000 1.358083 0.444639
 1872.000000 1.481981 0.325993
 1873.000000 1.503468 0.353614
 1874.000000 1.460268 0.316465
 1875.000000 1.507704 0.324182
 1876.000000 1.477763 0.344115
 1877.000000 1.568026 0.310560
 1878.000000 1.562831 0.388507
 1879.000000 1.525892 0.413422
 1880.000000 1.529544 0.320862
 1881.000000 1.599550 0.321264
 1882.000000 1.481264 0.369515
 1883.000000 1.595319 0.314111
 1884.000000 1.482437 0.310583
 1885.000000 1.534199 0.308674
 1886.000000 1.522286 0.266947
 1887.000000 1.464965 0.311578
 1888.000000 1.500698 0.303247
 1889.000000 1.434109 0.266809
 1890.000000 1.536074 0.206609
 1891.000000 1.466244 0.231597
 1892.000000 1.475923 0.243378
 1893.000000 1.610620 0.258180
 1894.000000 1.529378 0.268979
 1895.000000 1.453025 0.365437
 1896.000000 1.562019 0.239870
 1897.000000 1.444467 0.301328
 1898.000000 1.507023 0.281817
 1899.000000 1.458155 0.216083
 1900.000000 1.504598 0.321256
 1901.000000 1.549013 0.240709
 1902.000000 1.602558 0.295539
 1903.000000 1.418902 0.222558
 1904.000000 1.468830 0.193086
 1905.000000 1.499101 0.293408
 1906.000000 1.485515 0.296001
 1907.000000 1.535348 0.333339
 1908.000000 1.439324 0.173973
 1909.000000 1.476884 0.176245
 1910.000000 1.459239 0.198289
 1911.000000 1.473392 0.215516
 1912.000000 1.518908 0.211149
 1913.000000 1.564853 0.137752
 1914.000000 1.572464 0.214847
 1915.000000 1.529435 0.134312
 1916.000000 1.583536 0.196191
 1917.000000 1.564310 0.241795
 1918.000000 1.516007 0.139108
 1919.000000 1.414519 0.256493
 1920.000000 1.527071 0.187172
 1921.000000 1.465521 0.157859
 1922.000000 1.564389 0.303436
 1923.000000 1.350068 0.212997
 1924.000000 1.372917 0.302775
 1925.000000 1.576176 0.322032
 1926.000000 1.533286 0.262323
 1927.000000 1.478737 0.231815
 1928.000000 1.472866 0.258833
 1929.000000 1.539398 0.310974
 1930.000000 1.519711 0.335173
 1931.000000 1.530493 0.332919
 1932.000000 1.424816 0.259573
 1933.000000 1.454750 0.269945
 1934.000000 1.578713 0.292744
 1935.000000 1.592298 0.297192
 1936.000000 1.518164 0.259010
 1937.000000 1.602820 0.284655
 1938.000000 1.595512 0.335986
 1939.000000 1.538548 0.266140
 1940.000000 1.481191 0.190465
 1941.000000 1.515594 0.248912
 1942.000000 1.457491 0.253183
 1943.000000 1.570361 0.262214
 1944.000000 1.434437 0.307114
 1945.000000 1.495020 0.314650
 1946.000000 1.510268 0.210398
 1947.000000 1.416690 0.326839
 1948.000000 1.348969 0.234868
 1949.000000 1.486866 0.214111
 1950.000000 1.317440 0.274383
 1951.000000 1.381452 0.213536
 1952.000000 1.291593 0.219599
 1953.000000 1.437695 0.317837
 1954.000000 1.467232 0.262895
 1955.000000 1.443822 0.345336
 1956.000000 1.539911 0.272343
 1957.000000 1.411010 0.188309
 1958.000000 1.452386 0.329392
 1959.000000 1.539464 0.223137
 1960.000000 1.522398 0.260042
 1961.000000 1.397134 0.275179
 1962.000000 1.527957 0.369546
 1963.000000 1.622325 0.308337
 1964.000000 1.487912 0.336847
 1965.000000 1.482356 0.301591
 1966.000000 1.545248 0.277024
 1967.000000 1.515881 0.228767
 1968.000000 1.561332 0.206195
 1969.000000 1.406128 0.352168
 1970.000000 1.558765 0.332831
 1971.000000 1.541254 0.220382
 1972.000000 1.490421 0.306954
 1973.000000 1.408275 0.286753
 1974.000000 1.336203 0.276206
 1975.000000 1.421291 0.230558
 1976.000000 1.472987 0.350614
 1977.000000 1.460688 0.264305
 1978.000000 1.453243 0.219482
 1979.000000 1.556857 0.221098
 1980.000000 1.413072 0.183322
 1981.000000 1.551990 0.201871
 1982.000000 1.554260 0.224482
 1983.000000 1.467576 0.287556
 1984.000000 1.500564 0.179712
 1985.000000 1.474676 0.177106
 1986.000000 1.541564 0.220479
 1987.000000 1.463025 0.231928
 1988.000000 1.521320 0.266516
 1989.000000 1.404848 0.272840
 1990.000000 1.460353 0.333593
 1991.000000 1.548517 0.245215
 1992.000000 1.555372 0.298177
 1993.000000 1.502853 0.278912
 1994.000000 1.369112 0.195886
 1995.000000 1.469249 0.246143
 1996.000000 1.571388 0.283252
 1997.000000 1.460051 0.317275
 1998.000000 1.615259 0.328804
 1999.000000 1.565095 0.250694
 2000.000000 1.536323 0.275353
 2001.000000 1.489802 0.169084
 2002.000000 1.495723 0.176984
 2003.000000 1.514138 0.292473
 2004.000000 1.473989 0.226423
 2005.000000 1.432534 0.237643
 2006.000000 1.432049 0.294371
 2007.000000 1.554890 0.356153
 2008.000000 1.531323 0.295193
 2009.000000 1.511817 0.251294
 2010.000000 1.430143 0.239417
 2011.000000 1.529950 0.251264
 2012.000000 1.519191 0.245195
 2013.000000 1.492697 0.251369
 2014.000000 1.341544 0.350170
 2015.000000 1.338279 0.252736
 2016.000000 1.505289 0.316284
 2017.000000 1.489318 0.373427
 2018.000000 1.481976 0.278215
 2019.000000 1.404312 0.360107
 2020.000000 1.476341 0.335221
 2021.000000 1.377410 0.364995
 2022.000000 1.378835 0.325149
 2023.000000 1.441782 0.275730
 2024.000000 1.453348 0.318208
 2025.000000 1.451078 0.284215
 2026.000000 1.465277 0.214750
 2027.000000 1.454361 0.198048
 2028.000000 1.405778 0.309496
 2029.000000 1.452421 0.233542
 2030.000000 1.451861 0.308473
 2031.000000 1.450580 0.333982
 2032.000000 1.573261 0.157446
 2033.000000 1.449954 0.177698
 2034.000000 1.579088 0.263249
 2035.000000 1.433303 0.334298
 2036.000000 1.477639 0.186692
 2037.000000 1.431250 0.170895
 2038.000000 1.313314 0.233785
 2039.000000 1.395388 0.249431
 2040.000000 1.405708 0.342880
 2041.000000 1.437890 0.396218
 2042.000000 1.593053 0.416576
 2043.000000 1.664856 0.257634
 2044.000000 1.509597 0.302469
 2045.000000 1.571866 0.357847
 2046.000000 1.639521 0.332997
 2047.000000 1.531150 0.284224
 2048.000000 1.412073 0.320814
 2049.000000 1.419504 0.278510
 2050.000000 1.338167 0.281232
 2051.000000 1.476652 0.247053
 2052.000000 1.551074 0.319433
 2053.000000 1.435437 0.328997
 2054.000000 1.519408 0.288299
 2055.000000 1.557044 0.335728
 2056.000000 1.473618 0.286497
 2057.000000 1.388088 0.280748
 2058.000000 1.519083 0.228245
 2059.000000 1.540287 0.285601
 2060.000000 1.416988 0.244856
 2061.000000 1.505711 0.317674
 2062.000000 1.515999 0.221256
 2063.000000 1.470209 0.224410
 2064.000000 1.424361 0.327200
 2065.000000 1.528298 0.312009
 2066.000000 1.461965 0.301033
 2067.000000 1.458991 0.144371
 2068.000000 1.554668 0.348374
 2069.000000 1.545815 0.365480
 2070.000000 1.607528 0.359142
 2071.000000 1.555103 0.309447
 2072.000000 1.558076 0.346760
 2073.000000 1.502293 0.328034
 2074.000000 1.515586 0.417341
 2075.000000 1.417199 0.401003
 2076.000000 1.430659 0.388240
 2077.000000 1.425032 0.385860
 2078.000000 1.533756 0.305479
 2079.000000 1.417387 0.364168
 2080.000000 1.460307 0.351178
 2081.000000 1.496939 0.418212
 2082.000000 1.541766 0.320189
 2083.000000 1.539122 0.361520
 2084.000000 1.407192 0.379575
 2085.000000 1.453442 0.391665
 2086.000000 1.463697 0.297715
 2087.000000 1.577385 0.346634
 2088.000000 1.552407 0.290795
 2089.000000 1.625931 0.204446
 2090.000000 1.522761 0.273714
 2091.000000 1.321340 0.365217
 2092.000000 1.393728 0.301366
 2093.000000 1.331933 0.369805
 2094.000000 1.584251 0.310486
 2095.000000 1.509197 0.330899
 2096.000000 1.424568 0.351087
 2097.000000 1.509038 0.293929
 2098.000000 1.429251 0.387043
 2099.000000 1.436599 0.269055
 2100.000000 1.449956 0.238503
 2101.000000 1.428502 0.382378
 2102.000000 1.535584 0.270791
 2103.000000 1.463533 0.245299
 2104.000000 1.449043 0.298492
 2105.000000 1.612830 0.302651
 2106.000000 1.453986 0.325679
 2107.000000 1.527382 0.331592
 2108.000000 1.439043 0.341974
 2109.000000 1.552873 0.349844
 2110.000000 1.464013 0.281105
 2111.000000 1.530779 0.230451
 2112.000000 1.485402 0.317025
 2113.000000 1.533531 0.416510
 2114.000000 1.368524 0.261978
 2115.000000 1.416111 0.351593
 2116.000000 1.483625 0.299573
 2117.000000 1.450612 0.335840
 2118.000000 1.475927 0.357432
 2119.000000 1.396989 0.277988
 2120.000000 1.487732 0.345736
 2121.000000 1.609350 0.277778
 2122.000000 1.425259 0.372632
 2123.000000 1.423898 0.345457
 2124.000000 1.627585 0.232717
 2125.000000 1.571260 0.348598
 2126.000000 1.471440 0.355875
 2127.000000 1.527536 0.336950
 2128.000000 1.469628 0.246601
 2129.000000 1.604782 0.181770
 2130.000000 1.447290 0.230664
 2131.000000 1.417794 0.189631
 2132.000000 1.594251 0.304634
 2133.000000 1.564595 0.296322
 2134.000000 1.561220 0.305330
 2135.000000 1.513079 0.177327
 2136.000000 1.616228 0.228987
 2137.000000 1.488388 0.329644
 2138.000000 1.500956 0.221526
 2139.000000 1.554205 0.300299
 2140.000000 1.535002 0.286048
 2141.000000 1.452007 0.239503
 2142.000000 1.483024 0.262347
 2143.000000 1.470400 0.293956
 2144.000000 1.429793 0.285305
 2145.000000 1.514844 0.295849
 2146.000000 1.434010 0.289361
 2147.000000 1.392063 0.370227
 2148.000000 1.500765 0.357063
 2149.000000 1.435941 0.407979
 2150.000000 1.404224 0.382800
 2151.000000 1.489112 0.286832
 2152.000000 1.472071 0.349048
 2153.000000 1.517051 0.321983
 2154.000000 1.453475 0.341187
 2155.000000 1.515356 0.357403
 2156.000000 1.527959 0.353351
 2157.000000 1.553279 0.436402
 2158.000000 1.534965 0.240604
 2159.000000 1.464151 0.168571
 2160.000000 1.469952 0.128564
 2161.000000 1.507817 0.297177
 2162.000000 1.498011 0.389362
 2163.000000 1.467776 0.384175
 2164.000000 1.439831 0.323328
 2165.000000 1.459616 0.424376
 2166.000000 1.460147 0.322112
 2167.000000 1.438446 0.351674
 2168.000000 1.379551 0.379400
 2169.000000 1.437281 0.309534
 2170.000000 1.354999 0.181992
 2171.000000 1.416417 0.304809
 2172.000000 1.387478 0.300277
 2173.000000 1.468220 0.208739
 2174.000000 1.488454 0.251166
 2175.000000 1.458374 0.321065
 2176.000000 1.387368 0.185956
 2177.000000 1.484674 0.275666
 2178.000000 1.459625 0.160990
 2179.000000 1.502186 0.183441
 2180.000000 1.494407 0.339727
 2181.000000 1.485509 0.299352
 2182.000000 1.500081 0.195488
 2183.000000 1.552294 0.165326
 2184.000000 1.456884 0.112744
 2185.000000 1.371802 0.298368
 2186.000000 1.581581 0.222666
 2187.000000 1.490873 0.220065
 2188.000000 1.435911 0.217457
 2189.000000 1.536636 0.283611
 2190.000000 1.486674 0.200246
 2191.000000 1.413265 0.325275
 2192.000000 1.463776 0.255995
 2193.000000 1.543160 0.384975
 2194.000000 1.523464 0.249953
 2195.000000 1.456982 0.316910
 2196.000000 1.475457 0.208774
 2197.000000 1.418438 0.281610
 2198.000000 1.400664 0.245248
 2199.000000 1.506208 0.310677
 2200.000000 1.454198 0.281888
 2201.000000 1.542844 0.249869
 2202.000000 1.375834 0.394699
 2203.000000 1.510588 0.266710
 2204.000000 1.522736 0.370103
 2205.000000 1.460473 0.316888
 2206.000000 1.381540 0.280905
 2207.000000 1.435625 0.380245
 2208.000000 1.614598 0.271721
 2209.000000 1.318848 0.275195
 2210.000000 1.513594 0.268789
 2211.000000 1.506626 0.358935
 2212.000000 1.520255 0.317281
 2213.000000 1.600471 0.297962
 2214.000000 1.457436 0.337084
 2215.000000 1.433009 0.295925
 2216.000000 1.605771 0.345280
 2217.000000 1.485027 0.205064
 2218.000000 1.505649 0.276912
 2219.000000 1.496892 0.311887
 2220.000000 1.571566 0.320645
 2221.000000 1.565494 0.321623
 2222.000000 1.534063 0.262457
 2223.000000 1.474705 0.348076
 2224.000000 1.410441 0.280159
 2225.000000 1.614595 0.377252
 2226.000000 1.576060 0.342886
 2227.000000 1.596565 0.282806
 2228.000000 1.499446 0.311484
 2229.000000 1.547747 0.355932
 2230.000000 1.430940 0.329527
 2231.000000 1.429897 0.263475
 2232.000000 1.411117 0.326057
 2233.000000 1.471595 0.258842
 2234.000000 1.495445 0.254093
 2235.000000 1.471507 0.348634
 2236.000000 1.460197 0.274735
 2237.000000 1.467823 0.323565
 2238.000000 1.586491 0.241848
 2239.000000 1.489068 0.344967
 2240.000000 1.516973 0.442638
 2241.000000 1.581023 0.354493
 2242.000000 1.571988 0.316000
 2243.000000 1.443664 0.327319
 2244.000000 1.427621 0.415483
 2245.000000 1.449227 0.412932
 2246.000000 1.493251 0.303548
 2247.000000 1.582842 0.410031
 2248.000000 1.556224 0.399809
 2249.000000 1.580093 0.309034
 2250.000000 1.587581 0.330126
 2251.000000 1.567327 0.259891
 2252.000000 1.551982 0.201049
 2253.000000 1.494184 0.333640
 2254.000000 1.482668 0.294447
 2255.000000 1.511418 0.202059
 2256.000000 1.481072 0.326383
 2257.000000 1.423942 0.332774
 2258.000000 1.472522 0.249214
 2259.000000 1.465769 0.335876
 2260.000000 1.382954 0.306653
 2261.000000 1.425544 0.191412
 2262.000000 1.412069 0.245344
 2263.000000 1.482018 0.295910
 2264.000000 1.412433 0.312074
 2265.000000 1.429050 0.264532
 2266.000000 1.430487 0.266031
 2267.000000 1.407004 0.193381
 2268.000000 1.402669 0.323414
 2269.000000 1.445575 0.339925
 2270.000000 1.445537 0.332755
 2271.000000 1.510610 0.384154
 2272.000000 1.469387 0.403862
 2273.000000 1.540781 0.381045
 2274.000000 1.467369 0.388440
 2275.000000 1.441818 0.332827
 2276.000000 1.604422 0.427403
 2277.000000 1.525895 0.318276
 2278.000000 1.487223 0.377285
 2279.000000 1.586549 0.343583
 2280.000000 1.551749 0.262011
 2281.000000 1.575017 0.319874
 2282.000000 1.512643 0.383626
 2283.000000 1.518898 0.379275
 2284.000000 1.494311 0.354116
 2285.000000 1.539652 0.249008
 2286.000000 1.553167 0.405244
 2287.000000 1.536704 0.253066
 2288.000000 1.476810 0.365245
 2289.000000 1.538818 0.335787
 2290.000000 1.330531 0.296210
 2291.000000 1.441265 0.264036
 2292.000000 1.571790 0.259148
 2293.000000 1.605019 0.238631
 2294.000000 1.499048 0.185353
 2295.000000 1.475585 0.278857
 2296.000000 1.414892 0.276345
 2297.000000 1.458921 0.249862
 2298.000000 1.395414 0.299582
 2299.000000 1.433740 0.265468
 2300.000000 1.431998 0.241739
 2301.000000 1.497449 0.257568
 2302.000000 1.431371 0.187219
 2303.000000 1.497098 0.193417
 2304.000000 1.446514 0.291800
 2305.000000 1.434619 0.255494
 2306.000000 1.510087 0.304028
 2307.000000 1.513289 0.269195
 2308.000000 1.523888 0.261563
 2309.000000 1.480578 0.280781
 2310.000000 1.473796 0.301007
 2311.000000 1.438375 0.231891
 2312.000000 1.490039 0.223153
 2313.000000 1.554012 0.301435
 2314.000000 1.483812 0.290605
 2315.000000 1.533033 0.323082
 2316.000000 1.589941 0.250414
 2317.000000 1.486647 0.349892
 2318.000000 1.424924 0.230927
 2319.000000 1.484492 0.208699
 2320.000000 1.608451 0.190411
 2321.000000 1.586844 0.300640
 2322.000000 1.423343 0.284988
 2323.000000 1.611672 0.271855
 2324.000000 1.622237 0.257396
 2325.000000 1.563547 0.264708
 2326.000000 1.691592 0.253699
 2327.000000 1.540058 0.364185
 2328.000000 1.503988 0.424641
 2329.000000 1.524893 0.335919
 2330.000000 1.478292 0.295940
 2331.000000 1.534347 0.311181
 2332.000000 1.553452 0.320660
 2333.000000 1.482233 0.375521
 2334.000000 1.536646 0.348651
 2335.000000 1.476715 0.357075
 2336.000000 1.500741 0.424178
 2337.000000 1.486381 0.292480
 2338.000000 1.411757 0.290074
 2339.000000 1.501647 0.299682
 2340.000000 1.591416 0.293315
 2341.000000 1.437749 0.316671
 2342.000000 1.671060 0.260301
 2343.000000 1.519073 0.281247
 2344.000000 1.472418 0.346052
 2345.000000 1.509398 0.242690
 2346.000000 1.472833 0.214205
 2347.000000 1.597767 0.292932
 2348.000000 1.570846 0.321635
 2349.000000 1.509554 0.291850
 2350.000000 1.475846 0.260074
 2351.000000 1.573024 0.238835
 2352.000000 1.512832 0.283697
 2353.000000 1.462409 0.213312
 2354.000000 1.478333 0.336807
 2355.000000 1.433226 0.230308
 2356.000000 1.555677 0.300039
 2357.000000 1.498471 0.261522
 2358.000000 1.491475 0.266341
 2359.000000 1.463960 0.328065
 2360.000000 1.591098 0.278100
 2361.000000 1.577601 0.345147
 2362.000000 1.405023 0.248109
 2363.000000 1.512079 0.226343
 2364.000000 1.606729 0.261285
 2365.000000 1.562741 0.346743
 2366.000000 1.515822 0.341324
 2367.000000 1.506559 0.361387
 2368.000000 1.641207 0.323936
 2369.000000 1.551636 0.336099
 2370.000000 1.632864 0.253630
 2371.000000 1.614269 0.360440
 2372.000000 1.453297 0.299594
 2373.000000 1.514728 0.334778
 2374.000000 1.550585 0.367837
 2375.000000 1.575531 0.365397
 2376.000000 1.526143 0.315911
 2377.000000 1.487811 0.342937
 2378.000000 1.420963 0.330929
 2379.000000 1.457705 0.378247
 2380.000000 1.419884 0.303378
 2381.000000 1.432277 0.390348
 2382.000000 1.507814 0.402692
 2383.000000 1.552506 0.348996
 2384.000000 1.437229 0.386167
 2385.000000 1.430752 0.301612
 2386.000000 1.368584 0.365218
 2387.000000 1.523416 0.326734
 2388.000000 1.444635 0.378530
 2389.000000 1.362251 0.360082
 2390.000000 1.590861 0.309254
 2391.000000 1.643242 0.355347
 2392.000000 1.502261 0.330353
 2393.000000 1.574164 0.298636
 2394.000000 1.476948 0.341582
 2395.000000 1.566781 0.236490
 2396.000000 1.437998 0.298876
 2397.000000 1.386554 0.422369
 2398.000000 1.394998 0.307440
 2399.000000 1.437554 0.282711
 2400.000000 1.449165 0.263492
 2401.000000 1.438365 0.285532
 2402.000000 1.567105 0.302711
 2403.000000 1.448175 0.293974
 2404.000000 1.619654 0.310644
 2405.000000 1.458061 0.301964
 2406.000000 1.512232 0.353161
 2407.000000 1.508662 0.273288
 2408.000000 1.528973 0.389145
 2409.000000 1.427366 0.326465
 2410.000000 1.552303 0.390582
 2411.000000 1.479798 0.353537
 2412.000000 1.433119 0.394156
 2413.000000 1.465972 0.423141
 2414.000000 1.483933 0.298455
 2415.000000 1.457380 0.321922
 2416.000000 1.422156 0.353108
 2417.000000 1.394363 0.362403
 2418.000000 1.562088 0.303427
 2419.000000 1.471836 0.244958
 2420.000000 1.317371 0.272778
 2421.000000 1.447773 0.222385
 2422.000000 1.549448 0.301150
 2423.000000 1.472083 0.252630
 2424.000000 1.464891 0.267975
 2425.000000 1.418888 0.333997
 2426.000000 1.560625 0.318663
 2427.000000 1.451690 0.317375
 2428.000000 1.588700 0.291036
 2429.000000 1.545193 0.268959
 2430.000000 1.519655 0.338638
 2431.000000 1.551915 0.354961
 2432.000000 1.493655 0.288913
 2433.000000 1.572350 0.302322
 2434.000000 1.512830 0.278321
 2435.000000 1.477716 0.351293
 2436.000000 1.513175 0.378084
 2437.000000 1.507672 0.411835
 2438.000000 1.574853 0.298640
 2439.000000 1.552911 0.347294
 2440.000000 1.557525 0.416665
 2441.000000 1.554694 0.392298
 2442.000000 1.515957 0.403876
 2443.000000 1.419421 0.394948
 2444.000000 1.430904 0.327062
 2445.000000 1.477090 0.427336
 2446.000000 1.533845 0.324215
 2447.000000 1.469167 0.320818
 2448.000000 1.428223 0.315970
 2449.000000 1.514698 0.311256
 2450.000000 1.455581 0.300832
 2451.000000 1.425408 0.359522
 2452.000000 1.442143 0.315514
 2453.000000 1.397480 0.384800
 2454.000000 1.336913 0.420446
 2455.000000 1.635425 0.226623
 2456.000000 1.440817 0.392354
 2457.000000 1.503343 0.317126
 2458.000000 1.507499 0.290062
 2459.000000 1.514519 0.338702
 2460.000000 1.538362 0.347781
 2461.000000 1.551310 0.254459
 2462.000000 1.513315 0.286704
 2463.000000 1.489464 0.233609
 2464.000000 1.543684 0.255950
 2465.000000 1.439296 0.331325
 2466.000000 1.534390 0.223505
 2467.000000 1.519038 0.305696
 2468.000000 1.581692 0.284016
 2469.000000 1.513942 0.269722
 2470.000000 1.542087 0.366401
 2471.000000 1.425000 0.336172
 2472.000000 1.467552 0.304117
 2473.000000 1.341157 0.352302
 2474.000000 1.477036 0.283380
 2475.000000 1.562194 0.312329
 2476.000000 1.527119 0.266372
 2477.000000 1.502648 0.356734
 2478.000000 1.365692 0.344232
 2479.000000 1.480511 0.368315
 2480.000000 1.493654 0.337362
 2481.000000 1.590810 0.361848
 2482.000000 1.571265 0.329352
 2483.000000 1.503790 0.373448
 2484.000000 1.527226 0.249078
 2485.000000 1.498092 0.255469
 2486.000000 1.523224 0.365281
 2487.000000 1.416547 0.337054
 2488.000000 1.461015 0.347658
 2489.000000 1.425817 0.310077
 2490.000000 1.458819 0.341858
 2491.000000 1.453297 0.246873
 2492.000000 1.506734 0.184089
 2493.000000 1.517405 0.371110
 2494.000000 1.473841 0.413875
 2495.000000 1.573948 0.421825
 2496.000000 1.564587 0.313759
 2497.000000 1.558442 0.390821
 2498.000000 1.629213 0.423892
 2499.000000 1.445617 0.335087
 2500.000000 1.463328 0.293914
