#! FIELDS time pd_137_140 diff
 0.000000 2.588982 -0.414281
 1.000000 2.315532 -0.247337
 2.000000 2.314350 -0.246794
 3.000000 2.298936 -0.299301
 4.000000 2.342472 -0.197359
 5.000000 2.308087 -0.213142
 6.000000 2.286416 -0.231058
 7.000000 2.339765 -0.274595
 8.000000 2.306944 -0.304571
 9.000000 2.275771 -0.155576
 10.000000 2.344873 -0.236155
 11.000000 2.171202 -0.195029
 12.000000 2.283349 -0.238016
 13.000000 2.329121 -0.217327
 14.000000 2.221916 -0.129815
 15.000000 2.271555 -0.126064
 16.000000 2.305754 -0.179669
 17.000000 2.257392 -0.205784
 18.000000 2.294884 -0.125133
 19.000000 2.270210 -0.174394
 20.000000 2.319867 -0.181418
 21.000000 2.289293 -0.129979
 22.000000 2.342975 -0.315237
 23.000000 2.258286 -0.235997
 24.000000 2.277637 -0.128447
 25.000000 2.230635 -0.054324
 26.000000 2.185162 -0.149756
 27.000000 2.317016 -0.223565
 28.000000 2.204393 -0.172968
 29.000000 2.275190 -0.316662
 30.000000 2.431402 -0.205194
 31.000000 2.261673 -0.220175
 32.000000 2.271776 -0.217711
 33.000000 2.277093 -0.081150
 34.000000 2.323533 -0.098238
 35.000000 2.386838 -0.161214
 36.000000 2.362574 -0.160477
 37.000000 2.355582 -0.173823
 38.000000 2.331864 -0.184896
 39.000000 2.402446 -0.148988
 40.000000 2.269512 -0.115929
 41.000000 2.338362 -0.055754
 42.000000 2.248374 -0.099980
 43.000000 2.298416 -0.198586
 44.000000 2.325351 -0.143313
 45.000000 2.238684 -0.257445
 46.000000 2.244662 -0.194102
 47.000000 2.374498 -0.187876
 48.000000 2.292320 -0.184584
 49.000000 2.377230 -0.110196
 50.000000 2.270979 -0.125674
 51.000000 2.363362 -0.087346
 52.000000 2.377085 -0.117202
 53.000000 2.326938 -0.143551
 54.000000 2.335026 -0.088381
 55.000000 2.377452 -0.179494
 56.000000 2.330447 -0.158213
 57.000000 2.352563 -0.199373
 58.000000 2.345194 -0.217496
 59.000000 2.353281 -0.180869
 60.000000 2.423737 -0.111005
 61.000000 2.249234 -0.208973
 62.000000 2.334302 -0.204221
 63.000000 2.362218 -0.066792
 64.000000 2.324351 -0.191388
 65.000000 2.259811 -0.209679
 66.000000 2.331403 -0.315588
 67.000000 2.376755 -0.196769
 68.000000 2.392427 -0.146562
 69.000000 2.358252 -0.099510
 70.000000 2.374835 -0.182150
 71.000000 2.305962 -0.196909
 72.000000 2.329344 -0.203028
 73.000000 2.294294 -0.180414
 74.000000 2.447833 -0.108977
 75.000000 2.409138 -0.116579
 76.000000 2.385942 -0.103451
 77.000000 2.365494 -0.105054
 78.000000 2.243206 -0.262086
 79.000000 2.287883 -0.156911
 80.000000 2.323467 -0.183594
 81.000000 2.308666 -0.173927
 82.000000 2.390581 -0.151399
 83.000000 2.213981 -0.211819
 84.000000 2.238117 -0.163048
 85.000000 2.350545 -0.208094
 86.000000 2.159821 -0.237622
 87.000000 2.202268 -0.107579
 88.000000 2.242790 -0.112687
 89.000000 2.330423 -0.236656
 90.000000 2.315471 -0.173461
 91.000000 2.342360 -0.172927
 92.000000 2.253742 -0.104174
 93.000000 2.313654 -0.173899
 94.000000 2.122819 -0.086205
 95.000000 2.318716 -0.133032
 96.000000 2.240427 -0.159787
 97.000000 2.319413 -0.180487
 98.000000 2.157147 -0.146680
 99.000000 2.184468 -0.184725
 100.000000 2.238094 -0.169445
 101.000000 2.405717 -0.117650
 102.000000 2.263966 -0.150130
 103.000000 2.152308 -0.240721
 104.000000 2.242849 -0.160210
 105.000000 2.276491 -0.189113
 106.000000 2.289496 -0.054610
 107.000000 2.238483 -0.075995
 108.000000 2.250272 -0.261939
 109.000000 2.332849 -0.181277
 110.000000 2.213431 -0.211892
 111.000000 2.227730 -0.207343
 112.000000 2.133244 -0.154977
 113.000000 2.310364 -0.122774
 114.000000 2.326320 -0.153399
 115.000000 2.330887 -0.172416
 116.000000 2.233684 -0.184548
 117.000000 2.267088 -0.172826
 118.000000 2.338558 -0.239025
 119.000000 2.230918 -0.218698
 120.000000 2.357881 -0.193698
 121.000000 2.362675 -0.302884
 122.000000 2.277894 -0.208748
 123.000000 2.363368 -0.115975
 124.000000 2.235553 -0.227797
 125.000000 2.314831 -0.223964
 126.000000 2.294363 -0.125292
 127.000000 2.281243 -0.218886
 128.000000 2.397044 -0.193270
 129.000000 2.178280 -0.140931
 130.000000 2.229582 -0.092702
 131.000000 2.259750 -0.184788
 132.000000 2.350237 -0.119313
 133.000000 2.195050 -0.100352
 134.000000 2.268084 -0.040153
 135.000000 2.185513 -0.120954
 136.000000 2.201870 -0.150919
 137.000000 2.334453 -0.113718
 138.000000 2.291276 -0.116141
 139.000000 2.255032 -0.129139
 140.000000 2.266905 -0.144539
 141.000000 2.269912 -0.170740
 142.000000 2.306038 -0.174874
 143.000000 2.281692 -0.165152
 144.000000 2.317545 -0.225321
 145.000000 2.335247 -0.184089
 146.000000 2.365482 -0.190128
 147.000000 2.257213 -0.206730
 148.000000 2.246733 -0.159416
 149.000000 2.181215 -0.156937
 150.000000 2.228295 -0.043989
 151.000000 2.253733 -0.154461
 152.000000 2.261575 -0.114271
 153.000000 2.277568 -0.078872
 154.000000 2.143500 -0.013521
 155.000000 2.298559 -0.125604
 156.000000 2.249130 -0.187936
 157.000000 2.280501 -0.115450
 158.000000 2.202532 -0.181098
 159.000000 2.255563 -0.169799
 160.000000 2.289740 -0.143449
 161.000000 2.275035 -0.207680
 162.000000 2.239402 -0.164023
 163.000000 2.239379 -0.078453
 164.000000 2.209753 -0.117814
 165.000000 2.232792 -0.134930
 166.000000 2.328963 -0.144075
 167.000000 2.272035 -0.151346
 168.000000 2.229344 -0.184733
 169.000000 2.238985 -0.216253
 170.000000 2.384966 -0.198296
 171.000000 2.393561 -0.063407
 172.000000 2.219747 -0.142035
 173.000000 2.403371 -0.226236
 174.000000 2.240578 -0.128744
 175.000000 2.379067 -0.255986
 176.000000 2.272041 -0.098689
 177.000000 2.333814 -0.113476
 178.000000 2.312207 -0.230301
 179.000000 2.264206 -0.123059
 180.000000 2.115536 -0.158427
 181.000000 2.328808 -0.130041
 182.000000 2.185072 -0.178487
 183.000000 2.325799 -0.215406
 184.000000 2.265785 -0.205487
 185.000000 2.339524 -0.118277
 186.000000 2.183032 -0.184566
 187.000000 2.316024 -0.207987
 188.000000 2.232285 -0.185101
 189.000000 2.417150 -0.120238
 190.000000 2.297914 -0.090652
 191.000000 2.364917 -0.118465
 192.000000 2.336274 -0.157916
 193.000000 2.284995 -0.127208
 194.000000 2.381279 -0.199376
 195.000000 2.362309 -0.127067
 196.000000 2.340599 -0.080673
 197.000000 2.267149 -0.229986
 198.000000 2.082986 -0.087774
 199.000000 2.302706 -0.187444
 200.000000 2.376725 -0.159834
 201.000000 2.375062 -0.235987
 202.000000 2.364830 -0.197067
 203.000000 2.303074 -0.192604
 204.000000 2.318428 -0.173331
 205.000000 2.265955 -0.250869
 206.000000 2.223699 -0.259470
 207.000000 2.324217 -0.154167
 208.000000 2.250044 -0.168426
 209.000000 2.254985 -0.121901
 210.000000 2.284565 -0.182367
 211.000000 2.240186 -0.146363
 212.000000 2.265188 -0.155620
 213.000000 2.237557 -0.112029
 214.000000 2.177637 -0.227988
 215.000000 2.271194 -0.160273
 216.000000 2.252365 -0.200832
 217.000000 2.224752 -0.197243
 218.000000 2.245701 -0.108675
 219.000000 2.235051 -0.147732
 220.000000 2.228714 -0.043033
 221.000000 2.202563 -0.203906
 222.000000 2.223840 -0.221797
 223.000000 2.249796 -0.149246
 224.000000 2.153085 -0.122040
 225.000000 2.192825 -0.151571
 226.000000 2.296195 -0.128247
 227.000000 2.312126 -0.183723
 228.000000 2.216317 -0.218122
 229.000000 2.247713 -0.178455
 230.000000 2.272587 -0.236825
 231.000000 2.307104 -0.192803
 232.000000 2.242307 -0.185406
 233.000000 2.228361 -0.166702
 234.000000 2.284644 -0.178738
 235.000000 2.240725 -0.191984
 236.000000 2.246250 -0.120103
 237.000000 2.172232 -0.110841
 238.000000 2.288495 -0.134547
 239.000000 2.320364 -0.071235
 240.000000 2.232490 -0.212627
 241.000000 2.300378 -0.192162
 242.000000 2.264827 -0.183446
 243.000000 2.322189 -0.082219
 244.000000 2.254820 -0.128861
 245.000000 2.291541 -0.100132
 246.000000 2.207369 -0.108595
 247.000000 2.262465 -0.198701
 248.000000 2.245027 -0.194913
 249.000000 2.307580 -0.204846
 250.000000 2.279180 -0.160851
 251.000000 2.239565 -0.155901
 252.000000 2.302079 -0.133312
 253.000000 2.282361 -0.113931
 254.000000 2.250676 -0.232985
 255.000000 2.215618 -0.181033
 256.000000 2.311676 -0.099877
 257.000000 2.299624 -0.186479
 258.000000 2.311442 -0.147361
 259.000000 2.193985 -0.075015
 260.000000 2.167186 -0.193077
 261.000000 2.221328 -0.175249
 262.000000 2.222561 -0.116357
 263.000000 2.226748 -0.278987
 264.000000 2.270133 -0.154177
 265.000000 2.237144 -0.225865
 266.000000 2.236562 -0.120226
 267.000000 2.194030 -0.076917
 268.000000 2.254394 -0.124590
 269.000000 2.285076 -0.044451
 270.000000 2.276898 -0.178052
 271.000000 2.364139 -0.112135
 272.000000 2.286117 -0.117774
 273.000000 2.302212 -0.162734
 274.000000 2.258316 -0.180757
 275.000000 2.310512 -0.269766
 276.000000 2.282830 -0.282679
 277.000000 2.450424 -0.160559
 278.000000 2.447298 -0.119238
 279.000000 2.333056 -0.121167
 280.000000 2.353411 -0.179602
 281.000000 2.234769 -0.221114
 282.000000 2.292703 -0.251876
 283.000000 2.323240 -0.261777
 284.000000 2.428532 -0.181212
 285.000000 2.343829 -0.136312
 286.000000 2.272502 -0.142935
 287.000000 2.396019 -0.115243
 288.000000 2.289569 -0.218426
 289.000000 2.296138 -0.137855
 290.000000 2.246298 -0.082696
 291.000000 2.368840 -0.114918
 292.000000 2.309835 -0.177901
 293.000000 2.241110 -0.176853
 294.000000 2.254088 -0.138691
 295.000000 2.332729 -0.128724
 296.000000 2.299034 -0.128587
 297.000000 2.304720 -0.113811
 298.000000 2.320808 -0.165340
 299.000000 2.301552 -0.114259
 300.000000 2.416950 -0.157725
 301.000000 2.237777 -0.120538
 302.000000 2.297167 -0.188422
 303.000000 2.255598 -0.128513
 304.000000 2.189048 -0.133991
 305.000000 2.270234 -0.104499
 306.000000 2.316917 -0.176524
 307.000000 2.307033 -0.128582
 308.000000 2.333277 -0.090534
 309.000000 2.370908 -0.175027
 310.000000 2.318915 -0.165480
 311.000000 2.398079 -0.186521
 312.000000 2.335898 -0.134959
 313.000000 2.315188 -0.087365
 314.000000 2.334093 -0.103433
 315.000000 2.284402 -0.109597
 316.000000 2.347394 -0.139444
 317.000000 2.335429 -0.178445
 318.000000 2.240677 -0.109631
 319.000000 2.291450 -0.073550
 320.000000 2.219272 -0.213170
 321.000000 2.246857 -0.138146
 322.000000 2.243477 -0.091598
 323.000000 2.291227 -0.108389
 324.000000 2.314921 -0.173239
 325.000000 2.179417 -0.162641
 326.000000 2.362679 -0.074780
 327.000000 2.287485 -0.327768
 328.000000 2.167118 -0.115286
 329.000000 2.187301 -0.182816
 330.000000 2.326800 -0.134961
 331.000000 2.252046 -0.096093
 332.000000 2.340923 -0.124634
 333.000000 2.262407 -0.174715
 334.000000 2.208517 -0.106152
 335.000000 2.209450 -0.137800
 336.000000 2.236390 -0.085960
 337.000000 2.176960 -0.212453
 338.000000 2.245624 -0.225098
 339.000000 2.269069 -0.097259
 340.000000 2.254973 -0.163727
 341.000000 2.188981 -0.258235
 342.000000 2.279111 -0.196527
 343.000000 2.316036 -0.171403
 344.000000 2.277059 -0.252711
 345.000000 2.250522 -0.274835
 346.000000 2.228612 -0.194379
 347.000000 2.216938 -0.173891
 348.000000 2.257195 -0.217245
 349.000000 2.320222 -0.215420
 350.000000 2.351643 -0.211007
 351.000000 2.214390 -0.089864
 352.000000 2.273560 -0.171904
 353.000000 2.264141 -0.172008
 354.000000 2.276318 -0.160574
 355.000000 2.280766 -0.152021
 356.000000 2.209831 -0.153212
 357.000000 2.320926 -0.223760
 358.000000 2.359006 -0.147530
 359.000000 2.315737 -0.128201
 360.000000 2.243356 -0.227834
 361.000000 2.217992 -0.140899
 362.000000 2.269890 -0.154477
 363.000000 2.382082 -0.228546
 364.000000 2.343920 -0.240968
 365.000000 2.196417 -0.146304
 366.000000 2.276103 -0.130022
 367.000000 2.415655 -0.291986
 368.000000 2.330389 -0.122949
 369.000000 2.430773 -0.219112
 370.000000 2.333692 -0.231223
 371.000000 2.288060 -0.112070
 372.000000 2.202729 -0.164419
 373.000000 2.310115 -0.191017
 374.000000 2.262813 -0.152654
 375.000000 2.369857 -0.139890
 376.000000 2.279604 -0.109059
 377.000000 2.264843 -0.136910
 378.000000 2.263680 -0.201692
 379.000000 2.189196 -0.129279
 380.000000 2.172628 -0.111284
 381.000000 2.232209 -0.112636
 382.000000 2.183774 -0.253675
 383.000000 2.290619 -0.217478
 384.000000 2.190526 -0.100327
 385.000000 2.316055 -0.156000
 386.000000 2.261457 -0.212086
 387.000000 2.195569 -0.180627
 388.000000 2.279231 -0.209320
 389.000000 2.242035 -0.223495
 390.000000 2.234594 -0.183593
 391.000000 2.437226 -0.148199
 392.000000 2.312976 -0.242491
 393.000000 2.334632 -0.164459
 394.000000 2.301699 -0.201348
 395.000000 2.229032 -0.152952
 396.000000 2.283538 -0.138184
 397.000000 2.283260 -0.251500
 398.000000 2.221991 -0.255604
 399.000000 2.370681 -0.163947
 400.000000 2.271871 -0.175523
 401.000000 2.206332 -0.178819
 402.000000 2.160019 -0.257855
 403.000000 2.233614 -0.217135
 404.000000 2.296442 -0.253404
 405.000000 2.143302 -0.273355
 406.000000 2.235714 -0.299300
 407.000000 2.284372 -0.215836
 408.000000 2.328708 -0.195659
 409.000000 2.360101 -0.138922
 410.000000 2.338023 -0.189580
 411.000000 2.334663 -0.196463
 412.000000 2.276450 -0.194839
 413.000000 2.293033 -0.198266
 414.000000 2.350975 -0.112002
 415.000000 2.331124 -0.182358
 416.000000 2.160005 -0.163545
 417.000000 2.187163 -0.179801
 418.000000 2.275398 -0.230282
 419.000000 2.260156 -0.124284
 420.000000 2.295352 -0.230090
 421.000000 2.214509 -0.224293
 422.000000 2.287966 -0.205178
 423.000000 2.275261 -0.137171
 424.000000 2.326433 -0.097343
 425.000000 2.299493 -0.162995
 426.000000 2.267033 -0.024159
 427.000000 2.303772 -0.128468
 428.000000 2.280028 -0.117471
 429.000000 2.263535 -0.116768
 430.000000 2.306489 -0.246743
 431.000000 2.278093 -0.182327
 432.000000 2.178344 -0.263957
 433.000000 2.322714 -0.156882
 434.000000 2.165893 -0.171919
 435.000000 2.223095 -0.228011
 436.000000 2.262293 -0.142896
 437.000000 2.105560 -0.145979
 438.000000 2.304239 -0.184116
 439.000000 2.306321 -0.200141
 440.000000 2.267743 -0.196401
 441.000000 2.337209 -0.230515
 442.000000 2.221916 -0.102584
 443.000000 2.297185 -0.208248
 444.000000 2.279819 -0.183357
 445.000000 2.369730 -0.138793
 446.000000 2.251878 -0.103558
 447.000000 2.279796 -0.119661
 448.000000 2.289160 -0.236496
 449.000000 2.236008 -0.117889
 450.000000 2.373846 -0.178773
 451.000000 2.343692 -0.099734
 452.000000 2.318141 -0.120406
 453.000000 2.346211 -0.105306
 454.000000 2.284934 -0.191995
 455.000000 2.303411 -0.266595
 456.000000 2.249313 -0.184629
 457.000000 2.309496 -0.143848
 458.000000 2.344651 -0.167188
 459.000000 2.188140 -0.102325
 460.000000 2.187720 -0.211664
 461.000000 2.248598 -0.121896
 462.000000 2.224927 -0.226503
 463.000000 2.240457 -0.137542
 464.000000 2.315717 -0.224548
 465.000000 2.276494 -0.232280
 466.000000 2.188411 -0.310982
 467.000000 2.205110 -0.163524
 468.000000 2.160424 -0.130476
 469.000000 2.210348 -0.152733
 470.000000 2.245338 -0.132057
 471.000000 2.345415 -0.173942
 472.000000 2.322491 -0.166402
 473.000000 2.165165 -0.101193
 474.000000 2.218538 -0.121762
 475.000000 2.219627 -0.185694
 476.000000 2.265564 -0.153176
 477.000000 2.150516 -0.144607
 478.000000 2.186124 -0.164695
 479.000000 2.266623 -0.120227
 480.000000 2.301806 -0.066326
 481.000000 2.330449 -0.188427
 482.000000 2.381961 -0.269581
 483.000000 2.403095 -0.198705
 484.000000 2.283152 -0.188136
 485.000000 2.314553 -0.202948
 486.000000 2.301010 -0.188922
 487.000000 2.243932 -0.023804
 488.000000 2.295429 -0.117217
 489.000000 2.185731 -0.211195
 490.000000 2.269381 -0.196193
 491.000000 2.237539 -0.196560
 492.000000 2.280999 -0.204664
 493.000000 2.305018 -0.112832
 494.000000 2.353029 -0.186136
 495.000000 2.374380 -0.254618
 496.000000 2.291697 -0.195910
 497.000000 2.348198 -0.167899
 498.000000 2.325200 -0.235866
 499.000000 2.265572 -0.135792
 500.000000 2.238399 -0.136819
 501.000000 2.322653 -0.069328
 502.000000 2.237229 -0.215899
 503.000000 2.281853 -0.202228
 504.000000 2.268002 -0.105350
 505.000000 2.243781 -0.136938
 506.000000 2.253220 -0.184217
 507.000000 2.253832 -0.227584
 508.000000 2.330441 -0.184353
 509.000000 2.224493 -0.225199
 510.000000 2.323519 -0.120899
 511.000000 2.324550 -0.260207
 512.000000 2.354632 -0.298676
 513.000000 2.297039 -0.272161
 514.000000 2.260820 -0.167303
 515.000000 2.255656 -0.198548
 516.000000 2.188694 -0.266256
 517.000000 2.319341 -0.289480
 518.000000 2.316728 -0.189510
 519.000000 2.381280 -0.152113
 520.000000 2.275430 -0.118917
 521.000000 2.169763 -0.227681
 522.000000 2.329343 -0.217033
 523.000000 2.253537 -0.152148
 524.000000 2.176065 -0.211411
 525.000000 2.349733 -0.243523
 526.000000 2.189733 -0.166744
 527.000000 2.331731 -0.201929
 528.000000 2.281069 -0.261489
 529.000000 2.304727 -0.247081
 530.000000 2.369702 -0.260784
 531.000000 2.228461 -0.225152
 532.000000 2.248115 -0.190721
 533.000000 2.248634 -0.169591
 534.000000 2.320001 -0.155039
 535.000000 2.426882 -0.226359
 536.000000 2.314243 -0.090785
 537.000000 2.251741 -0.138916
 538.000000 2.345596 -0.172012
 539.000000 2.357773 -0.226485
 540.000000 2.289063 -0.056514
 541.000000 2.293000 -0.039796
 542.000000 2.330954 -0.156532
 543.000000 2.345198 -0.134727
 544.000000 2.397576 -0.178097
 545.000000 2.265306 -0.216359
 546.000000 2.211025 -0.160509
 547.000000 2.224460 -0.206133
 548.000000 2.292509 -0.032354
 549.000000 2.255451 -0.218839
 550.000000 2.235132 -0.167016
 551.000000 2.332561 -0.148054
 552.000000 2.349634 -0.034690
 553.000000 2.183265 -0.194126
 554.000000 2.247476 -0.197552
 555.000000 2.268768 -0.207584
 556.000000 2.274893 -0.236219
 557.000000 2.265910 -0.226137
 558.000000 2.204285 -0.214053
 559.000000 2.274610 -0.130850
 560.000000 2.184464 -0.160918
 561.000000 2.166910 -0.184425
 562.000000 2.272101 -0.206298
 563.000000 2.192514 -0.220508
 564.000000 2.281742 -0.190879
 565.000000 2.282652 -0.260757
 566.000000 2.295834 -0.144589
 567.000000 2.170425 -0.133351
 568.000000 2.224287 -0.180374
 569.000000 2.271763 -0.208978
 570.000000 2.304149 -0.172330
 571.000000 2.226060 -0.211002
 572.000000 2.152077 -0.140249
 573.000000 2.264184 -0.211659
 574.000000 2.242070 -0.053147
 575.000000 2.341979 -0.266201
 576.000000 2.354663 -0.273603
 577.000000 2.331697 -0.284507
 578.000000 2.445861 -0.226081
 579.000000 2.360709 -0.158713
 580.000000 2.260782 -0.095904
 581.000000 2.399630 -0.120362
 582.000000 2.237199 -0.210124
 583.000000 2.423658 -0.203318
 584.000000 2.306106 -0.148818
 585.000000 2.393022 -0.199065
 586.000000 2.299460 -0.151609
 587.000000 2.330641 -0.103682
 588.000000 2.268110 -0.197317
 589.000000 2.242392 -0.245296
 590.000000 2.291403 -0.245490
 591.000000 2.188854 -0.178011
 592.000000 2.321847 -0.167594
 593.000000 2.329882 -0.088267
 594.000000 2.244867 -0.126962
 595.000000 2.371861 -0.196039
 596.000000 2.381852 -0.267894
 597.000000 2.235744 -0.202016
 598.000000 2.374331 -0.269051
 599.000000 2.234115 -0.155220
 600.000000 2.144760 -0.144563
 601.000000 2.323017 -0.184649
 602.000000 2.319697 -0.286011
 603.000000 2.349087 -0.156513
 604.000000 2.373197 -0.096391
 605.000000 2.324237 -0.205653
 606.000000 2.279051 -0.153510
 607.000000 2.283891 -0.154808
 608.000000 2.340013 -0.146858
 609.000000 2.331038 -0.147235
 610.000000 2.252109 -0.234067
 611.000000 2.306136 -0.102920
 612.000000 2.281871 -0.115265
 613.000000 2.378857 -0.164236
 614.000000 2.346190 -0.148906
 615.000000 2.332121 -0.132462
 616.000000 2.272042 -0.207255
 617.000000 2.171060 -0.241817
 618.000000 2.216257 -0.169671
 619.000000 2.255619 -0.052981
 620.000000 2.211530 -0.114005
 621.000000 2.253852 -0.163586
 622.000000 2.265175 -0.090221
 623.000000 2.260163 -0.133791
 624.000000 2.234000 -0.214822
 625.000000 2.368258 -0.284042
 626.000000 2.276850 -0.223962
 627.000000 2.218946 -0.171567
 628.000000 2.239199 -0.084583
 629.000000 2.368988 -0.171170
 630.000000 2.353599 -0.317745
 631.000000 2.354971 -0.191800
 632.000000 2.268578 -0.123421
 633.000000 2.264480 -0.113479
 634.000000 2.376160 -0.135472
 635.000000 2.376109 -0.174109
 636.000000 2.233261 -0.216343
 637.000000 2.361098 -0.183009
 638.000000 2.185165 -0.127268
 639.000000 2.265772 -0.171424
 640.000000 2.272632 -0.129820
 641.000000 2.183964 -0.255126
 642.000000 2.209655 -0.190530
 643.000000 2.243316 -0.258628
 644.000000 2.215829 -0.170254
 645.000000 2.217175 -0.257553
 646.000000 2.131083 -0.163774
 647.000000 2.262035 -0.179372
 648.000000 2.299026 -0.317605
 649.000000 2.359132 -0.231253
 650.000000 2.266657 -0.172025
 651.000000 2.268104 -0.158128
 652.000000 2.227447 -0.198263
 653.000000 2.208303 -0.211322
 654.000000 2.247106 -0.263975
 655.000000 2.254269 -0.186065
 656.000000 2.183118 -0.180592
 657.000000 2.258284 -0.191682
 658.000000 2.340659 -0.223134
 659.000000 2.363691 -0.167413
 660.000000 2.325219 -0.168168
 661.000000 2.258682 -0.296107
 662.000000 2.250072 -0.163447
 663.000000 2.256931 -0.229197
 664.000000 2.177359 -0.132405
 665.000000 2.213337 -0.256020
 666.000000 2.328439 -0.286106
 667.000000 2.260752 -0.229933
 668.000000 2.436900 -0.149390
 669.000000 2.294993 -0.182613
 670.000000 2.357893 -0.260208
 671.000000 2.288707 -0.202472
 672.000000 2.303893 -0.186941
 673.000000 2.295382 -0.206742
 674.000000 2.310661 -0.272407
 675.000000 2.349515 -0.258051
 676.000000 2.265046 -0.181802
 677.000000 2.383628 -0.173249
 678.000000 2.239840 -0.301510
 679.000000 2.347779 -0.143586
 680.000000 2.290307 -0.229383
 681.000000 2.349527 -0.282395
 682.000000 2.238027 -0.248274
 683.000000 2.326117 -0.276421
 684.000000 2.429709 -0.216767
 685.000000 2.409672 -0.257851
 686.000000 2.345140 -0.179025
 687.000000 2.392313 -0.202605
 688.000000 2.377152 -0.226653
 689.000000 2.327260 -0.093582
 690.000000 2.276662 -0.122026
 691.000000 2.272960 -0.098137
 692.000000 2.382937 -0.229192
 693.000000 2.364301 -0.184150
 694.000000 2.333393 -0.129753
 695.000000 2.331032 -0.250117
 696.000000 2.278995 -0.203496
 697.000000 2.373875 -0.095369
 698.000000 2.277990 -0.238915
 699.000000 2.309358 -0.134485
 700.000000 2.438927 -0.306444
 701.000000 2.260396 -0.150446
 702.000000 2.402620 -0.301821
 703.000000 2.380160 -0.255418
 704.000000 2.389968 -0.223273
 705.000000 2.389763 -0.191709
 706.000000 2.367297 -0.141448
 707.000000 2.395355 -0.205554
 708.000000 2.487516 -0.133728
 709.000000 2.402635 -0.197033
 710.000000 2.390942 -0.238515
 711.000000 2.430688 -0.166352
 712.000000 2.367953 -0.221306
 713.000000 2.365434 -0.221956
 714.000000 2.409998 -0.155549
 715.000000 2.396524 -0.222569
 716.000000 2.441346 -0.210195
 717.000000 2.377465 -0.164728
 718.000000 2.394352 -0.156018
 719.000000 2.409913 -0.258837
 720.000000 2.412745 -0.097397
 721.000000 2.243940 -0.295848
 722.000000 2.486570 -0.226791
 723.000000 2.492650 -0.185085
 724.000000 2.405778 -0.180389
 725.000000 2.389911 -0.130121
 726.000000 2.400649 -0.234184
 727.000000 2.317868 -0.267383
 728.000000 2.381089 -0.244174
 729.000000 2.376212 -0.174338
 730.000000 2.407463 -0.105616
 731.000000 2.377808 -0.176633
 732.000000 2.353821 -0.235087
 733.000000 2.339566 -0.240422
 734.000000 2.357227 -0.210025
 735.000000 2.426638 -0.105548
 736.000000 2.333859 -0.104758
 737.000000 2.372592 -0.173477
 738.000000 2.366618 -0.163085
 739.000000 2.293124 -0.184502
 740.000000 2.472482 -0.120880
 741.000000 2.298542 -0.218940
 742.000000 2.389324 -0.123501
 743.000000 2.412138 -0.096838
 744.000000 2.361229 -0.192297
 745.000000 2.273175 -0.199395
 746.000000 2.517987 -0.124818
 747.000000 2.376706 -0.179642
 748.000000 2.342866 -0.256830
 749.000000 2.388983 -0.180829
 750.000000 2.363703 -0.183272
 751.000000 2.331272 -0.253997
 752.000000 2.372560 -0.116433
 753.000000 2.459229 -0.197345
 754.000000 2.319114 -0.215511
 755.000000 2.367072 -0.126802
 756.000000 2.424266 -0.235701
 757.000000 2.361975 -0.158217
 758.000000 2.446444 -0.239676
 759.000000 2.356038 -0.213582
 760.000000 2.250171 -0.161461
 761.000000 2.364975 -0.293815
 762.000000 2.351868 -0.264420
 763.000000 2.352592 -0.162782
 764.000000 2.395799 -0.176326
 765.000000 2.403924 -0.161613
 766.000000 2.378816 -0.237452
 767.000000 2.354776 -0.215758
 768.000000 2.307679 -0.238937
 769.000000 2.455982 -0.170850
 770.000000 2.544705 -0.162469
 771.000000 2.315284 -0.161086
 772.000000 2.290157 -0.153553
 773.000000 2.358627 -0.206254
 774.000000 2.420568 -0.153311
 775.000000 2.254655 -0.224726
 776.000000 2.274780 -0.177596
 777.000000 2.300850 -0.222741
 778.000000 2.405509 -0.185061
 779.000000 2.374517 -0.264696
 780.000000 2.336550 -0.218130
 781.000000 2.394093 -0.065760
 782.000000 2.390325 -0.096958
 783.000000 2.293740 -0.196109
 784.000000 2.488623 -0.142895
 785.000000 2.322736 -0.142393
 786.000000 2.240872 -0.264037
 787.000000 2.370751 -0.130551
 788.000000 2.365596 -0.192655
 789.000000 2.405516 -0.152676
 790.000000 2.388007 -0.067089
 791.000000 2.453024 -0.226923
 792.000000 2.468093 -0.220226
 793.000000 2.447544 -0.110550
 794.000000 2.314165 -0.227001
 795.000000 2.380918 -0.160020
 796.000000 2.390159 -0.077512
 797.000000 2.381771 -0.146197
 798.000000 2.479573 -0.083383
 799.000000 2.275523 -0.110708
 800.000000 2.309640 -0.117457
 801.000000 2.311975 -0.181088
 802.000000 2.342216 -0.144495
 803.000000 2.419523 -0.273818
 804.000000 2.286904 -0.128670
 805.000000 2.388580 -0.056763
 806.000000 2.457638 -0.101975
 807.000000 2.444871 -0.130859
 808.000000 2.330378 -0.223851
 809.000000 2.509146 -0.233453
 810.000000 2.418879 -0.281919
 811.000000 2.363919 -0.223372
 812.000000 2.243780 -0.182287
 813.000000 2.309587 -0.221229
 814.000000 2.331906 -0.307702
 815.000000 2.352055 -0.224518
 816.000000 2.231098 -0.257183
 817.000000 2.393233 -0.159143
 818.000000 2.345666 -0.281456
 819.000000 2.268614 -0.211926
 820.000000 2.366098 -0.232315
 821.000000 2.393247 -0.208532
 822.000000 2.268219 -0.116283
 823.000000 2.364886 -0.176586
 824.000000 2.310465 -0.177113
 825.000000 2.358283 -0.259676
 826.000000 2.465644 -0.215889
 827.000000 2.346299 -0.272677
 828.000000 2.305866 -0.210117
 829.000000 2.375433 -0.247217
 830.000000 2.237733 -0.141264
 831.000000 2.266448 -0.185530
 832.000000 2.329081 -0.234725
 833.000000 2.350967 -0.143234
 834.000000 2.327435 -0.146677
 835.000000 2.330151 -0.135302
 836.000000 2.369870 -0.234878
 837.000000 2.411646 -0.164216
 838.000000 2.340118 -0.158969
 839.000000 2.329133 -0.207723
 840.000000 2.225678 -0.095674
 841.000000 2.315626 -0.172068
 842.000000 2.400285 -0.189850
 843.000000 2.278854 -0.268061
 844.000000 2.282985 -0.191581
 845.000000 2.271747 -0.222214
 846.000000 2.317603 -0.172825
 847.000000 2.393731 -0.210248
 848.000000 2.296041 -0.244917
 849.000000 2.422318 -0.095595
 850.000000 2.381258 -0.192682
 851.000000 2.376482 -0.267471
 852.000000 2.290333 -0.342792
 853.000000 2.358578 -0.076798
 854.000000 2.307443 -0.293859
 855.000000 2.339458 -0.269868
 856.000000 2.311537 -0.292034
 857.000000 2.337297 -0.129883
 858.000000 2.252032 -0.212013
 859.000000 2.277302 -0.223318
 860.000000 2.208016 -0.310380
 861.000000 2.400846 -0.224401
 862.000000 2.389068 -0.195970
 863.000000 2.385993 -0.174045
 864.000000 2.413065 -0.186629
 865.000000 2.401307 -0.233642
 866.000000 2.451810 -0.160693
 867.000000 2.498094 -0.165527
 868.000000 2.392935 -0.211843
 869.000000 2.329222 -0.179903
 870.000000 2.441239 -0.196088
 871.000000 2.394471 -0.196952
 872.000000 2.397473 -0.153334
 873.000000 2.443789 -0.080768
 874.000000 2.352305 -0.196664
 875.000000 2.386408 -0.190041
 876.000000 2.372814 -0.108591
 877.000000 2.357661 -0.088020
 878.000000 2.453511 -0.145578
 879.000000 2.424662 -0.013477
 880.000000 2.390173 -0.164685
 881.000000 2.366926 -0.117001
 882.000000 2.460856 -0.204040
 883.000000 2.343548 -0.210834
 884.000000 2.343098 -0.209112
 885.000000 2.377144 -0.079880
 886.000000 2.235836 -0.166881
 887.000000 2.397952 -0.140475
 888.000000 2.311754 -0.124635
 889.000000 2.367741 -0.161089
 890.000000 2.335418 -0.165649
 891.000000 2.270390 -0.229860
 892.000000 2.298025 -0.167026
 893.000000 2.346574 -0.242083
 894.000000 2.336101 -0.328962
 895.000000 2.460230 -0.239737
 896.000000 2.316025 -0.141932
 897.000000 2.328149 -0.132889
 898.000000 2.378794 -0.155436
 899.000000 2.386395 -0.136158
 900.000000 2.427941 -0.230574
 901.000000 2.393962 -0.259500
 902.000000 2.415904 -0.250520
 903.000000 2.410985 -0.157732
 904.000000 2.423649 -0.122834
 905.000000 2.302390 -0.061800
 906.000000 2.307125 -0.208532
 907.000000 2.319253 -0.070727
 908.000000 2.293961 -0.133249
 909.000000 2.256525 -0.191795
 910.000000 2.429661 -0.167134
 911.000000 2.307106 -0.129331
 912.000000 2.414362 -0.109692
 913.000000 2.346900 -0.183798
 914.000000 2.315408 -0.160285
 915.000000 2.419234 -0.328096
 916.000000 2.452358 -0.307279
 917.000000 2.315910 -0.216012
 918.000000 2.300521 -0.209599
 919.000000 2.337971 -0.239967
 920.000000 2.369471 -0.250789
 921.000000 2.382938 -0.084155
 922.000000 2.319464 -0.238168
 923.000000 2.316222 -0.157683
 924.000000 2.371665 -0.217561
 925.000000 2.364014 -0.241367
 926.000000 2.254134 -0.217747
 927.000000 2.284805 -0.214917
 928.000000 2.312791 -0.214848
 929.000000 2.427772 -0.103115
 930.000000 2.402968 -0.126292
 931.000000 2.382254 -0.269288
 932.000000 2.299705 -0.188075
 933.000000 2.332657 -0.200487
 934.000000 2.281306 -0.215253
 935.000000 2.319629 -0.119660
 936.000000 2.324629 -0.184787
 937.000000 2.400722 -0.149337
 938.000000 2.289238 -0.195190
 939.000000 2.316042 -0.082911
 940.000000 2.445619 -0.230850
 941.000000 2.378957 -0.253495
 942.000000 2.395385 -0.150164
 943.000000 2.354344 -0.019244
 944.000000 2.328463 -0.142903
 945.000000 2.301777 -0.123756
 946.000000 2.405761 -0.121834
 947.000000 2.273823 -0.119693
 948.000000 2.411604 -0.224115
 949.000000 2.434589 -0.278157
 950.000000 2.412074 -0.133619
 951.000000 2.452197 -0.147812
 952.000000 2.362506 -0.176029
 953.000000 2.267398 -0.245099
 954.000000 2.365832 -0.223760
 955.000000 2.340186 -0.220487
 956.000000 2.384197 -0.196476
 957.000000 2.489798 -0.249716
 958.000000 2.408342 -0.183683
 959.000000 2.306417 -0.131683
 960.000000 2.252601 -0.175945
 961.000000 2.338016 -0.186841
 962.000000 2.319288 -0.238579
 963.000000 2.312142 -0.235858
 964.000000 2.405799 -0.326942
 965.000000 2.436882 -0.201505
 966.000000 2.297497 -0.232767
 967.000000 2.386714 -0.122120
 968.000000 2.250057 -0.144855
 969.000000 2.270817 -0.193388
 970.000000 2.357040 -0.149540
 971.000000 2.400225 -0.190870
 972.000000 2.415483 -0.117783
 973.000000 2.300851 -0.303444
 974.000000 2.361638 -0.226650
 975.000000 2.416940 -0.164989
 976.000000 2.424379 -0.174633
 977.000000 2.471050 -0.249479
 978.000000 2.272244 -0.223501
 979.000000 2.368279 -0.230416
 980.000000 2.274320 -0.184782
 981.000000 2.385503 -0.191111
 982.000000 2.352334 -0.159741
 983.000000 2.326502 -0.189643
 984.000000 2.357203 -0.242612
 985.000000 2.397140 -0.187657
 986.000000 2.417709 -0.279315
 987.000000 2.392079 -0.289980
 988.000000 2.313164 -0.268747
 989.000000 2.393889 -0.122381
 990.000000 2.411653 -0.168624
 991.000000 2.360726 -0.136822
 992.000000 2.393423 -0.192679
 993.000000 2.223738 -0.228758
 994.000000 2.259156 -0.087740
 995.000000 2.352618 -0.118560
 996.000000 2.337878 -0.090939
 997.000000 2.305025 -0.159597
 998.000000 2.359692 -0.150686
 999.000000 2.295431 -0.122084
 1000.000000 2.454373 -0.184543
 1001.000000 2.326941 -0.179596
 1002.000000 2.370962 -0.160981
 1003.000000 2.383273 -0.203365
 1004.000000 2.378269 -0.208119
 1005.000000 2.297764 -0.177756
 1006.000000 2.300135 -0.158982
 1007.000000 2.282752 -0.154054
 1008.000000 2.318665 -0.235078
 1009.000000 2.161076 -0.224330
 1010.000000 2.325248 -0.230446
 1011.000000 2.272324 -0.228377
 1012.000000 2.368413 -0.193879
 1013.000000 2.244572 -0.211858
 1014.000000 2.394345 -0.315941
 1015.000000 2.279408 -0.203533
 1016.000000 2.368111 -0.284714
 1017.000000 2.271841 -0.147665
 1018.000000 2.263502 -0.223619
 1019.000000 2.288281 -0.205635
 1020.000000 2.308976 -0.230447
 1021.000000 2.248636 -0.240913
 1022.000000 2.319016 -0.272745
 1023.000000 2.195148 -0.133671
 1024.000000 2.274418 -0.177889
 1025.000000 2.328248 -0.246009
 1026.000000 2.388509 -0.244819
 1027.000000 2.312855 -0.266711
 1028.000000 2.303469 -0.203045
 1029.000000 2.429601 -0.258993
 1030.000000 2.291937 -0.113600
 1031.000000 2.245932 -0.285773
 1032.000000 2.280317 -0.243328
 1033.000000 2.192440 -0.217446
 1034.000000 2.284468 -0.220069
 1035.000000 2.273090 -0.242096
 1036.000000 2.261253 -0.182914
 1037.000000 2.321621 -0.227797
 1038.000000 2.322742 -0.267326
 1039.000000 2.235860 -0.197559
 1040.000000 2.112391 -0.215884
 1041.000000 2.362966 -0.186793
 1042.000000 2.292780 -0.146162
 1043.000000 2.315442 -0.220367
 1044.000000 2.248193 -0.179519
 1045.000000 2.423849 -0.264621
 1046.000000 2.240397 -0.238089
 1047.000000 2.331685 -0.190783
 1048.000000 2.360667 -0.231693
 1049.000000 2.233421 -0.195635
 1050.000000 2.290351 -0.165350
 1051.000000 2.359346 -0.242894
 1052.000000 2.270199 -0.234734
 1053.000000 2.230264 -0.231065
 1054.000000 2.232570 -0.235069
 1055.000000 2.360780 -0.172959
 1056.000000 2.285417 -0.193492
 1057.000000 2.262441 -0.235336
 1058.000000 2.273402 -0.217232
 1059.000000 2.330922 -0.114324
 1060.000000 2.282374 -0.219354
 1061.000000 2.272664 -0.267791
 1062.000000 2.384338 -0.260534
 1063.000000 2.327192 -0.198571
 1064.000000 2.437692 -0.285490
 1065.000000 2.338055 -0.161044
 1066.000000 2.333714 -0.124013
 1067.000000 2.201707 -0.163598
 1068.000000 2.489882 -0.135486
 1069.000000 2.264097 -0.228444
 1070.000000 2.494963 -0.130992
 1071.000000 2.356141 -0.172011
 1072.000000 2.333525 -0.059387
 1073.000000 2.363406 -0.192057
 1074.000000 2.253126 -0.280641
 1075.000000 2.350700 -0.225781
 1076.000000 2.436599 -0.197981
 1077.000000 2.313685 -0.205981
 1078.000000 2.425532 -0.173823
 1079.000000 2.251342 -0.061749
 1080.000000 2.358641 -0.171313
 1081.000000 2.299727 -0.120539
 1082.000000 2.321633 -0.138656
 1083.000000 2.267224 -0.156224
 1084.000000 2.289053 -0.215715
 1085.000000 2.354056 -0.095966
 1086.000000 2.400389 -0.168962
 1087.000000 2.285459 -0.164844
 1088.000000 2.261629 -0.206166
 1089.000000 2.328362 -0.171911
 1090.000000 2.258380 -0.179949
 1091.000000 2.282302 -0.237645
 1092.000000 2.211831 -0.209369
 1093.000000 2.369317 -0.183988
 1094.000000 2.304138 -0.230633
 1095.000000 2.187529 -0.287354
 1096.000000 2.309343 -0.143493
 1097.000000 2.401223 -0.080388
 1098.000000 2.358619 -0.102609
 1099.000000 2.289982 -0.125349
 1100.000000 2.289123 -0.096184
 1101.000000 2.297582 -0.177206
 1102.000000 2.361842 -0.142766
 1103.000000 2.280602 -0.133939
 1104.000000 2.385848 -0.214247
 1105.000000 2.479904 -0.203610
 1106.000000 2.354813 -0.292118
 1107.000000 2.300753 -0.193560
 1108.000000 2.346066 -0.184403
 1109.000000 2.351116 -0.099215
 1110.000000 2.349096 -0.083294
 1111.000000 2.463423 -0.246124
 1112.000000 2.345039 -0.319035
 1113.000000 2.323259 -0.231269
 1114.000000 2.337630 -0.233658
 1115.000000 2.385223 -0.131458
 1116.000000 2.369914 -0.197362
 1117.000000 2.350969 -0.172232
 1118.000000 2.184538 -0.167927
 1119.000000 2.272308 -0.227321
 1120.000000 2.361101 -0.296048
 1121.000000 2.246028 -0.150922
 1122.000000 2.306326 -0.226768
 1123.000000 2.209564 -0.205428
 1124.000000 2.289061 -0.170332
 1125.000000 2.268048 -0.221718
 1126.000000 2.279279 -0.120471
 1127.000000 2.301930 -0.167675
 1128.000000 2.282306 -0.267295
 1129.000000 2.253088 -0.245914
 1130.000000 2.387616 -0.215479
 1131.000000 2.263226 -0.153443
 1132.000000 2.319280 -0.154544
 1133.000000 2.265934 -0.124223
 1134.000000 2.304918 -0.180427
 1135.000000 2.284306 -0.242480
 1136.000000 2.272951 -0.242028
 1137.000000 2.235895 -0.182375
 1138.000000 2.198165 -0.195862
 1139.000000 2.419074 -0.275821
 1140.000000 2.331771 -0.169444
 1141.000000 2.320418 -0.206172
 1142.000000 2.371406 -0.194518
 1143.000000 2.427580 -0.239662
 1144.000000 2.243616 -0.284555
 1145.000000 2.396731 -0.208070
 1146.000000 2.411872 -0.271451
 1147.000000 2.227122 -0.155643
 1148.000000 2.290433 -0.275838
 1149.000000 2.368155 -0.236127
 1150.000000 2.320878 -0.173167
 1151.000000 2.355480 -0.204534
 1152.000000 2.417947 -0.194147
 1153.000000 2.316815 -0.190169
 1154.000000 2.397930 -0.157372
 1155.000000 2.389751 -0.216562
 1156.000000 2.322794 -0.209076
 1157.000000 2.328594 -0.262422
 1158.000000 2.349136 -0.200588
 1159.000000 2.453656 -0.197396
 1160.000000 2.394077 -0.191190
 1161.000000 2.346028 -0.188339
 1162.000000 2.398256 -0.099525
 1163.000000 2.252006 -0.274230
 1164.000000 2.311554 -0.216092
 1165.000000 2.390917 -0.137677
 1166.000000 2.335664 -0.150656
 1167.000000 2.267946 -0.180681
 1168.000000 2.504891 -0.096732
 1169.000000 2.517955 -0.189860
 1170.000000 2.506525 -0.138914
 1171.000000 2.428858 -0.202700
 1172.000000 2.299198 -0.216261
 1173.000000 2.382368 -0.189553
 1174.000000 2.305587 -0.182705
 1175.000000 2.323474 -0.108053
 1176.000000 2.328335 -0.141143
 1177.000000 2.290830 -0.175111
 1178.000000 2.330690 -0.209698
 1179.000000 2.466974 -0.172856
 1180.000000 2.411337 -0.036517
 1181.000000 2.292830 -0.119316
 1182.000000 2.356393 -0.156844
 1183.000000 2.321427 -0.104365
 1184.000000 2.487137 -0.180263
 1185.000000 2.344534 -0.141024
 1186.000000 2.366529 -0.157427
 1187.000000 2.349716 -0.202969
 1188.000000 2.313423 -0.207532
 1189.000000 2.243782 -0.139574
 1190.000000 2.339803 -0.238290
 1191.000000 2.407476 -0.168849
 1192.000000 2.369586 -0.215259
 1193.000000 2.297468 -0.177839
 1194.000000 2.367145 -0.178206
 1195.000000 2.293785 -0.131337
 1196.000000 2.366119 -0.227852
 1197.000000 2.329840 -0.074144
 1198.000000 2.433783 -0.249003
 1199.000000 2.308350 -0.250570
 1200.000000 2.292017 -0.157388
 1201.000000 2.235462 -0.184763
 1202.000000 2.336777 -0.247814
 1203.000000 2.340310 -0.145164
 1204.000000 2.232160 -0.300094
 1205.000000 2.357534 -0.249928
 1206.000000 2.262089 -0.151373
 1207.000000 2.347927 -0.115778
 1208.000000 2.416875 -0.182114
 1209.000000 2.377107 -0.173693
 1210.000000 2.239927 -0.230064
 1211.000000 2.350433 -0.190125
 1212.000000 2.385295 -0.350915
 1213.000000 2.253718 -0.233089
 1214.000000 2.402191 -0.233261
 1215.000000 2.360615 -0.181521
 1216.000000 2.299519 -0.173667
 1217.000000 2.376514 -0.131074
 1218.000000 2.381156 -0.274156
 1219.000000 2.370373 -0.235360
 1220.000000 2.240969 -0.112102
 1221.000000 2.270112 -0.165990
 1222.000000 2.388743 -0.082410
 1223.000000 2.404279 -0.155498
 1224.000000 2.354190 -0.191334
 1225.000000 2.288036 -0.144265
 1226.000000 2.556867 -0.258003
 1227.000000 2.371429 -0.179035
 1228.000000 2.343542 -0.145221
 1229.000000 2.349455 -0.231599
 1230.000000 2.373819 -0.220364
 1231.000000 2.403186 -0.221050
 1232.000000 2.426102 -0.280295
 1233.000000 2.463802 -0.156839
 1234.000000 2.380801 -0.200688
 1235.000000 2.331437 -0.224425
 1236.000000 2.366934 -0.118421
 1237.000000 2.330633 -0.109483
 1238.000000 2.391907 -0.163387
 1239.000000 2.265020 -0.218222
 1240.000000 2.378948 -0.154670
 1241.000000 2.397589 -0.157607
 1242.000000 2.385298 -0.151574
 1243.000000 2.358498 -0.203927
 1244.000000 2.342220 -0.134440
 1245.000000 2.428363 -0.138441
 1246.000000 2.452094 -0.207158
 1247.000000 2.375140 -0.117359
 1248.000000 2.324884 -0.249050
 1249.000000 2.432453 -0.149965
 1250.000000 2.400467 -0.194711
 1251.000000 2.484771 -0.106096
 1252.000000 2.430470 -0.162339
 1253.000000 2.450751 -0.088091
 1254.000000 2.442187 -0.128224
 1255.000000 2.269527 -0.193529
 1256.000000 2.425880 -0.102359
 1257.000000 2.402170 -0.293458
 1258.000000 2.305610 -0.179031
 1259.000000 2.408156 -0.183437
 1260.000000 2.386773 -0.186078
 1261.000000 2.424364 -0.230998
 1262.000000 2.240353 -0.097358
 1263.000000 2.353725 -0.081285
 1264.000000 2.280107 -0.106270
 1265.000000 2.418710 -0.178432
 1266.000000 2.345297 -0.242807
 1267.000000 2.495837 -0.084174
 1268.000000 2.504905 -0.073859
 1269.000000 2.352505 -0.193822
 1270.000000 2.382701 -0.231793
 1271.000000 2.380726 -0.275641
 1272.000000 2.428215 -0.085250
 1273.000000 2.279337 -0.170347
 1274.000000 2.428711 -0.179736
 1275.000000 2.399429 -0.139275
 1276.000000 2.330819 -0.205998
 1277.000000 2.297110 -0.255353
 1278.000000 2.407720 -0.226807
 1279.000000 2.284491 -0.250419
 1280.000000 2.473621 -0.217958
 1281.000000 2.410882 -0.111917
 1282.000000 2.301780 -0.226673
 1283.000000 2.383213 -0.210710
 1284.000000 2.354788 -0.187282
 1285.000000 2.355675 -0.182874
 1286.000000 2.324963 -0.216245
 1287.000000 2.342840 -0.212042
 1288.000000 2.283830 -0.175388
 1289.000000 2.396540 -0.178948
 1290.000000 2.294767 -0.057203
 1291.000000 2.344507 -0.269774
 1292.000000 2.353679 -0.169549
 1293.000000 2.286812 -0.274626
 1294.000000 2.392207 -0.230373
 1295.000000 2.421804 -0.120721
 1296.000000 2.359541 -0.245283
 1297.000000 2.369170 -0.160504
 1298.000000 2.351672 -0.253689
 1299.000000 2.582637 -0.288607
 1300.000000 2.376831 -0.281309
 1301.000000 2.411097 -0.152763
 1302.000000 2.402294 -0.218341
 1303.000000 2.342980 -0.186050
 1304.000000 2.284790 -0.246499
 1305.000000 2.360459 -0.170652
 1306.000000 2.236397 -0.141888
 1307.000000 2.241756 -0.145268
 1308.000000 2.162255 -0.339189
 1309.000000 2.333179 -0.269577
 1310.000000 2.321413 -0.202309
 1311.000000 2.355604 -0.261086
 1312.000000 2.359428 -0.096657
 1313.000000 2.384772 -0.236099
 1314.000000 2.351766 -0.280971
 1315.000000 2.349991 -0.206564
 1316.000000 2.230046 -0.135578
 1317.000000 2.252827 -0.220208
 1318.000000 2.323752 -0.186239
 1319.000000 2.335295 -0.177009
 1320.000000 2.393366 -0.164966
 1321.000000 2.291671 -0.190659
 1322.000000 2.342892 -0.245517
 1323.000000 2.322240 -0.164341
 1324.000000 2.288321 -0.271856
 1325.000000 2.294870 -0.070363
 1326.000000 2.404100 -0.113556
 1327.000000 2.234461 -0.176632
 1328.000000 2.370038 -0.150674
 1329.000000 2.297649 -0.247239
 1330.000000 2.204771 -0.313909
 1331.000000 2.300676 -0.271390
 1332.000000 2.302853 -0.209518
 1333.000000 2.222530 -0.172751
 1334.000000 2.269517 -0.230960
 1335.000000 2.350272 -0.301400
 1336.000000 2.166057 -0.194202
 1337.000000 2.239218 -0.284956
 1338.000000 2.343072 -0.215810
 1339.000000 2.347143 -0.228824
 1340.000000 2.294986 -0.223823
 1341.000000 2.326124 -0.251557
 1342.000000 2.367093 -0.223292
 1343.000000 2.194111 -0.168092
 1344.000000 2.379830 -0.116923
 1345.000000 2.355547 -0.101824
 1346.000000 2.274491 -0.158365
 1347.000000 2.276429 -0.252328
 1348.000000 2.152162 -0.171594
 1349.000000 2.346555 -0.201321
 1350.000000 2.324485 -0.277432
 1351.000000 2.366083 -0.246075
 1352.000000 2.228504 -0.227742
 1353.000000 2.322749 -0.285355
 1354.000000 2.346238 -0.241430
 1355.000000 2.381423 -0.257604
 1356.000000 2.327121 -0.182367
 1357.000000 2.364321 -0.203397
 1358.000000 2.306529 -0.171698
 1359.000000 2.294720 -0.130376
 1360.000000 2.341004 -0.200541
 1361.000000 2.296641 -0.332265
 1362.000000 2.371178 -0.247455
 1363.000000 2.314797 -0.203021
 1364.000000 2.333692 -0.167148
 1365.000000 2.288003 -0.233171
 1366.000000 2.382531 -0.187841
 1367.000000 2.278845 -0.197398
 1368.000000 2.192889 -0.247092
 1369.000000 2.248971 -0.082296
 1370.000000 2.274018 -0.234763
 1371.000000 2.230661 -0.127073
 1372.000000 2.335101 -0.089379
 1373.000000 2.318309 -0.251534
 1374.000000 2.270148 -0.221395
 1375.000000 2.170392 -0.240630
 1376.000000 2.083679 -0.197036
 1377.000000 2.267199 -0.190881
 1378.000000 2.330349 -0.166855
 1379.000000 2.356025 -0.227665
 1380.000000 2.304866 -0.220647
 1381.000000 2.394377 -0.136278
 1382.000000 2.348571 -0.112898
 1383.000000 2.223747 -0.224428
 1384.000000 2.338588 -0.137249
 1385.000000 2.381160 -0.177107
 1386.000000 2.414662 -0.136918
 1387.000000 2.254630 -0.161006
 1388.000000 2.279842 -0.304570
 1389.000000 2.298457 -0.220673
 1390.000000 2.276925 -0.190100
 1391.000000 2.390710 -0.235815
 1392.000000 2.303135 -0.181093
 1393.000000 2.404104 -0.113118
 1394.000000 2.309489 -0.231508
 1395.000000 2.319218 -0.156681
 1396.000000 2.264379 -0.107573
 1397.000000 2.333397 -0.164105
 1398.000000 2.257549 -0.132665
 1399.000000 2.290043 -0.107961
 1400.000000 2.283821 -0.134260
 1401.000000 2.170144 -0.201404
 1402.000000 2.262414 -0.176194
 1403.000000 2.242840 -0.197026
 1404.000000 2.309708 -0.238492
 1405.000000 2.264048 -0.130667
 1406.000000 2.286216 -0.239009
 1407.000000 2.269640 -0.184630
 1408.000000 2.207372 -0.214886
 1409.000000 2.171274 -0.131041
 1410.000000 2.234951 -0.164166
 1411.000000 2.182878 -0.213506
 1412.000000 2.316187 -0.199602
 1413.000000 2.208334 -0.240954
 1414.000000 2.257207 -0.171585
 1415.000000 2.371002 -0.200829
 1416.000000 2.320466 -0.188404
 1417.000000 2.282727 -0.303751
 1418.000000 2.223099 -0.251951
 1419.000000 2.303603 -0.175837
 1420.000000 2.282030 -0.262760
 1421.000000 2.304274 -0.084839
 1422.000000 2.335546 -0.199308
 1423.000000 2.310721 -0.220687
 1424.000000 2.203075 -0.298900
 1425.000000 2.276442 -0.202834
 1426.000000 2.392622 -0.206453
 1427.000000 2.304003 -0.181386
 1428.000000 2.360977 -0.269270
 1429.000000 2.274858 -0.249278
 1430.000000 2.265905 -0.205825
 1431.000000 2.196021 -0.220375
 1432.000000 2.256239 -0.159007
 1433.000000 2.367377 -0.224638
 1434.000000 2.323654 -0.167841
 1435.000000 2.315460 -0.121093
 1436.000000 2.357942 -0.281486
 1437.000000 2.261650 -0.214944
 1438.000000 2.214704 -0.140122
 1439.000000 2.266008 -0.253744
 1440.000000 2.341550 -0.221931
 1441.000000 2.253351 -0.188900
 1442.000000 2.363430 -0.241626
 1443.000000 2.307335 -0.270875
 1444.000000 2.272050 -0.217547
 1445.000000 2.388764 -0.207787
 1446.000000 2.224371 -0.187095
 1447.000000 2.269240 -0.065853
 1448.000000 2.321631 -0.195410
 1449.000000 2.295134 -0.232452
 1450.000000 2.389921 -0.172278
 1451.000000 2.270426 -0.240682
 1452.000000 2.273513 -0.167501
 1453.000000 2.232730 -0.169244
 1454.000000 2.279934 -0.273258
 1455.000000 2.257679 -0.191098
 1456.000000 2.319647 -0.180155
 1457.000000 2.309642 -0.201254
 1458.000000 2.332928 -0.223404
 1459.000000 2.177561 -0.166282
 1460.000000 2.184101 -0.180099
 1461.000000 2.345017 -0.230715
 1462.000000 2.330869 -0.241578
 1463.000000 2.224688 -0.075503
 1464.000000 2.196149 -0.193110
 1465.000000 2.225127 -0.129123
 1466.000000 2.262115 -0.264584
 1467.000000 2.208896 -0.060604
 1468.000000 2.302352 -0.220310
 1469.000000 2.206115 -0.045097
 1470.000000 2.329700 -0.190039
 1471.000000 2.389493 -0.078076
 1472.000000 2.311557 -0.181591
 1473.000000 2.330003 -0.133266
 1474.000000 2.303986 -0.144251
 1475.000000 2.243554 -0.230849
 1476.000000 2.368777 -0.162246
 1477.000000 2.298939 -0.128031
 1478.000000 2.106585 -0.172936
 1479.000000 2.325844 -0.295496
 1480.000000 2.240195 -0.204922
 1481.000000 2.304951 -0.245194
 1482.000000 2.316397 -0.236829
 1483.000000 2.353869 -0.127343
 1484.000000 2.328073 -0.272619
 1485.000000 2.361234 -0.215485
 1486.000000 2.421028 -0.175798
 1487.000000 2.317132 -0.143513
 1488.000000 2.305970 -0.133242
 1489.000000 2.290287 -0.154752
 1490.000000 2.302246 -0.215833
 1491.000000 2.334637 -0.184387
 1492.000000 2.298631 -0.148768
 1493.000000 2.418301 -0.207871
 1494.000000 2.420115 -0.203861
 1495.000000 2.342804 -0.216695
 1496.000000 2.340454 -0.135309
 1497.000000 2.272794 -0.161959
 1498.000000 2.150836 -0.188334
 1499.000000 2.276819 -0.177041
 1500.000000 2.288696 -0.247924
 1501.000000 2.372035 -0.159215
 1502.000000 2.367604 -0.187386
 1503.000000 2.319618 -0.199660
 1504.000000 2.375796 -0.062050
 1505.000000 2.414724 -0.114987
 1506.000000 2.294644 -0.222825
 1507.000000 2.309535 -0.165232
 1508.000000 2.281845 -0.145712
 1509.000000 2.228478 -0.127559
 1510.000000 2.360358 -0.160670
 1511.000000 2.243949 -0.224366
 1512.000000 2.377192 -0.191264
 1513.000000 2.330385 -0.190371
 1514.000000 2.239399 -0.054246
 1515.000000 2.306223 -0.065802
 1516.000000 2.406542 -0.018699
 1517.000000 2.279227 -0.184198
 1518.000000 2.458512 -0.233546
 1519.000000 2.364088 -0.143862
 1520.000000 2.462217 -0.163346
 1521.000000 2.298134 -0.092749
 1522.000000 2.283615 -0.145701
 1523.000000 2.297453 -0.124177
 1524.000000 2.290039 -0.115591
 1525.000000 2.411408 -0.098334
 1526.000000 2.389419 -0.141664
 1527.000000 2.268591 -0.130071
 1528.000000 2.224096 -0.246124
 1529.000000 2.400021 -0.124262
 1530.000000 2.285166 -0.163336
 1531.000000 2.241625 -0.165816
 1532.000000 2.288365 -0.098268
 1533.000000 2.353193 -0.203759
 1534.000000 2.236870 -0.191519
 1535.000000 2.192525 -0.220096
 1536.000000 2.273931 -0.126595
 1537.000000 2.389573 -0.168899
 1538.000000 2.307816 -0.107295
 1539.000000 2.290154 -0.167016
 1540.000000 2.442998 -0.153929
 1541.000000 2.285177 -0.157357
 1542.000000 2.522315 -0.191767
 1543.000000 2.361638 -0.170685
 1544.000000 2.347994 -0.122289
 1545.000000 2.396794 -0.210769
 1546.000000 2.341101 -0.230963
 1547.000000 2.466394 -0.255444
 1548.000000 2.378188 -0.164646
 1549.000000 2.404764 -0.260835
 1550.000000 2.229858 -0.144284
 1551.000000 2.330688 -0.231381
 1552.000000 2.421170 -0.202181
 1553.000000 2.232661 -0.140819
 1554.000000 2.334767 -0.143801
 1555.000000 2.254782 -0.138863
 1556.000000 2.333306 -0.105911
 1557.000000 2.316007 -0.100729
 1558.000000 2.347444 -0.191965
 1559.000000 2.322122 -0.157532
 1560.000000 2.330243 -0.215844
 1561.000000 2.289795 -0.298555
 1562.000000 2.229775 -0.142744
 1563.000000 2.366705 -0.166643
 1564.000000 2.240422 -0.243291
 1565.000000 2.246005 -0.095218
 1566.000000 2.295104 -0.165131
 1567.000000 2.344774 -0.095285
 1568.000000 2.375656 -0.182396
 1569.000000 2.365088 -0.214359
 1570.000000 2.296274 -0.147846
 1571.000000 2.267815 -0.233855
 1572.000000 2.331954 -0.176557
 1573.000000 2.314565 -0.215133
 1574.000000 2.431878 -0.254553
 1575.000000 2.384738 -0.127502
 1576.000000 2.365676 -0.212402
 1577.000000 2.349362 -0.112273
 1578.000000 2.313516 -0.143948
 1579.000000 2.210490 -0.165912
 1580.000000 2.340024 -0.150694
 1581.000000 2.324608 -0.053845
 1582.000000 2.225756 -0.241163
 1583.000000 2.303928 -0.097726
 1584.000000 2.293404 -0.259555
 1585.000000 2.348076 -0.243657
 1586.000000 2.295226 -0.163535
 1587.000000 2.444497 -0.212622
 1588.000000 2.312378 -0.206947
 1589.000000 2.253908 -0.137922
 1590.000000 2.331995 -0.146858
 1591.000000 2.298569 -0.189880
 1592.000000 2.335906 -0.214599
 1593.000000 2.395485 -0.318657
 1594.000000 2.332781 -0.167405
 1595.000000 2.382866 -0.138542
 1596.000000 2.377349 -0.201690
 1597.000000 2.338463 -0.231392
 1598.000000 2.262280 -0.191615
 1599.000000 2.390969 -0.222157
 1600.000000 2.327016 -0.183707
 1601.000000 2.390310 -0.135777
 1602.000000 2.342017 -0.141900
 1603.000000 2.329404 -0.199766
 1604.000000 2.307231 -0.290152
 1605.000000 2.310291 -0.280987
 1606.000000 2.310930 -0.203255
 1607.000000 2.369627 -0.129113
 1608.000000 2.291134 -0.159073
 1609.000000 2.361332 -0.246509
 1610.000000 2.319711 -0.246515
 1611.000000 2.405770 -0.167719
 1612.000000 2.402673 -0.156089
 1613.000000 2.329953 -0.265449
 1614.000000 2.294559 -0.212387
 1615.000000 2.278755 -0.117680
 1616.000000 2.336618 -0.129202
 1617.000000 2.452186 -0.095308
 1618.000000 2.413156 -0.171404
 1619.000000 2.329685 -0.236445
 1620.000000 2.418661 -0.135516
 1621.000000 2.387950 -0.148785
 1622.000000 2.272977 -0.235443
 1623.000000 2.245032 -0.229424
 1624.000000 2.322500 -0.311435
 1625.000000 2.359907 -0.234589
 1626.000000 2.272179 -0.156354
 1627.000000 2.359879 -0.069559
 1628.000000 2.325388 -0.152370
 1629.000000 2.266303 -0.272186
 1630.000000 2.307961 -0.170533
 1631.000000 2.245107 -0.205893
 1632.000000 2.301154 -0.172310
 1633.000000 2.307675 -0.192169
 1634.000000 2.207006 -0.257557
 1635.000000 2.238971 -0.242247
 1636.000000 2.211581 -0.196812
 1637.000000 2.287109 -0.215335
 1638.000000 2.198169 -0.246159
 1639.000000 2.378871 -0.110686
 1640.000000 2.325734 -0.174666
 1641.000000 2.271717 -0.133540
 1642.000000 2.233816 -0.166595
 1643.000000 2.374344 -0.166058
 1644.000000 2.407035 -0.184816
 1645.000000 2.450103 -0.387332
 1646.000000 2.350391 -0.222917
 1647.000000 2.271459 -0.311381
 1648.000000 2.325440 -0.240617
 1649.000000 2.369818 -0.233078
 1650.000000 2.265078 -0.254862
 1651.000000 2.266461 -0.169890
 1652.000000 2.355547 -0.184868
 1653.000000 2.353224 -0.176505
 1654.000000 2.388132 -0.229937
 1655.000000 2.366719 -0.119294
 1656.000000 2.191857 -0.073154
 1657.000000 2.182958 -0.182819
 1658.000000 2.311170 -0.135776
 1659.000000 2.282728 -0.240512
 1660.000000 2.319270 -0.179749
 1661.000000 2.326358 -0.057648
 1662.000000 2.132911 -0.194814
 1663.000000 2.333245 -0.141848
 1664.000000 2.244750 -0.178207
 1665.000000 2.334512 -0.161197
 1666.000000 2.373836 -0.177478
 1667.000000 2.407705 -0.067618
 1668.000000 2.331397 -0.144461
 1669.000000 2.191572 -0.149378
 1670.000000 2.167257 -0.267821
 1671.000000 2.223617 -0.278783
 1672.000000 2.433054 -0.207000
 1673.000000 2.366090 -0.222747
 1674.000000 2.272119 -0.266388
 1675.000000 2.304058 -0.268306
 1676.000000 2.323652 -0.235566
 1677.000000 2.295293 -0.233704
 1678.000000 2.184099 -0.217464
 1679.000000 2.341728 -0.167077
 1680.000000 2.226302 -0.201512
 1681.000000 2.227837 -0.242746
 1682.000000 2.247976 -0.260074
 1683.000000 2.274694 -0.128693
 1684.000000 2.293501 -0.208940
 1685.000000 2.310817 -0.177385
 1686.000000 2.348385 -0.147143
 1687.000000 2.283097 -0.154714
 1688.000000 2.212745 -0.160702
 1689.000000 2.234366 -0.202477
 1690.000000 2.381010 -0.221851
 1691.000000 2.238582 -0.250749
 1692.000000 2.324924 -0.222127
 1693.000000 2.427150 -0.260639
 1694.000000 2.369451 -0.097034
 1695.000000 2.276787 -0.163043
 1696.000000 2.376305 -0.118087
 1697.000000 2.282709 -0.191836
 1698.000000 2.247991 -0.232709
 1699.000000 2.199461 -0.189464
 1700.000000 2.296621 -0.197005
 1701.000000 2.307636 -0.216764
 1702.000000 2.281825 -0.191845
 1703.000000 2.251995 -0.209843
 1704.000000 2.220846 -0.237263
 1705.000000 2.284363 -0.184328
 1706.000000 2.374253 -0.213694
 1707.000000 2.339737 -0.183869
 1708.000000 2.211624 -0.149443
 1709.000000 2.248754 -0.220370
 1710.000000 2.195339 -0.280224
 1711.000000 2.287431 -0.191358
 1712.000000 2.228072 -0.230570
 1713.000000 2.244187 -0.177096
 1714.000000 2.259165 -0.090466
 1715.000000 2.293456 -0.153571
 1716.000000 2.226881 -0.231122
 1717.000000 2.202655 -0.189386
 1718.000000 2.212242 -0.166065
 1719.000000 2.271896 -0.299225
 1720.000000 2.311136 -0.163388
 1721.000000 2.271608 -0.182008
 1722.000000 2.292964 -0.207760
 1723.000000 2.249439 -0.229815
 1724.000000 2.331846 -0.188581
 1725.000000 2.364173 -0.178523
 1726.000000 2.309320 -0.176029
 1727.000000 2.401795 -0.164899
 1728.000000 2.218359 -0.205305
 1729.000000 2.321638 -0.180894
 1730.000000 2.278069 -0.196857
 1731.000000 2.235648 -0.287095
 1732.000000 2.323180 -0.168013
 1733.000000 2.266742 -0.248020
 1734.000000 2.320185 -0.180975
 1735.000000 2.419301 -0.167807
 1736.000000 2.235137 -0.240123
 1737.000000 2.293355 -0.245366
 1738.000000 2.283710 -0.266655
 1739.000000 2.312521 -0.160050
 1740.000000 2.287940 -0.354159
 1741.000000 2.222713 -0.208251
 1742.000000 2.303308 -0.221385
 1743.000000 2.302315 -0.280640
 1744.000000 2.423754 -0.200772
 1745.000000 2.273687 -0.254049
 1746.000000 2.326541 -0.219574
 1747.000000 2.234308 -0.187789
 1748.000000 2.369389 -0.234386
 1749.000000 2.409820 -0.287663
 1750.000000 2.269856 -0.160784
 1751.000000 2.278752 -0.254858
 1752.000000 2.349093 -0.215318
 1753.000000 2.285469 -0.301964
 1754.000000 2.283738 -0.181143
 1755.000000 2.348839 -0.246062
 1756.000000 2.076668 -0.228682
 1757.000000 2.255502 -0.118291
 1758.000000 2.247434 -0.121139
 1759.000000 2.287668 -0.203537
 1760.000000 2.306020 -0.197395
 1761.000000 2.237175 -0.121985
 1762.000000 2.225577 -0.109916
 1763.000000 2.233445 -0.293494
 1764.000000 2.301350 -0.199251
 1765.000000 2.235122 -0.166257
 1766.000000 2.285360 -0.112690
 1767.000000 2.291535 -0.089235
 1768.000000 2.402397 -0.275551
 1769.000000 2.362050 -0.177450
 1770.000000 2.343666 -0.093731
 1771.000000 2.452770 -0.215510
 1772.000000 2.255689 -0.252114
 1773.000000 2.328108 -0.183335
 1774.000000 2.287994 -0.249877
 1775.000000 2.305445 -0.200688
 1776.000000 2.384452 -0.136367
 1777.000000 2.302858 -0.144551
 1778.000000 2.298703 -0.109497
 1779.000000 2.343359 -0.206028
 1780.000000 2.375052 -0.217054
 1781.000000 2.351196 -0.163383
 1782.000000 2.357520 -0.239112
 1783.000000 2.260055 -0.191512
 1784.000000 2.219627 -0.062133
 1785.000000 2.238584 -0.196886
 1786.000000 2.300746 -0.201428
 1787.000000 2.343912 -0.153867
 1788.000000 2.280438 -0.189472
 1789.000000 2.382270 -0.129249
 1790.000000 2.299959 -0.124917
 1791.000000 2.278366 -0.200863
 1792.000000 2.434587 -0.169621
 1793.000000 2.386819 -0.200969
 1794.000000 2.371907 -0.215173
 1795.000000 2.315847 -0.210909
 1796.000000 2.348811 -0.196811
 1797.000000 2.321216 -0.183306
 1798.000000 2.344005 -0.194648
 1799.000000 2.362904 -0.129769
 1800.000000 2.224490 -0.144671
 1801.000000 2.313605 -0.165551
 1802.000000 2.399035 -0.212791
 1803.000000 2.369433 -0.128147
 1804.000000 2.376968 -0.199865
 1805.000000 2.388803 -0.237002
 1806.000000 2.367956 -0.071221
 1807.000000 2.392225 -0.198769
 1808.000000 2.314969 -0.190723
 1809.000000 2.313322 -0.193955
 1810.000000 2.392944 -0.097736
 1811.000000 2.415576 -0.121311
 1812.000000 2.482948 -0.228739
 1813.000000 2.280325 -0.137054
 1814.000000 2.291837 -0.179516
 1815.000000 2.296235 -0.184816
 1816.000000 2.350752 -0.265886
 1817.000000 2.224065 -0.161372
 1818.000000 2.266933 -0.097556
 1819.000000 2.345234 -0.147668
 1820.000000 2.291867 -0.228328
 1821.000000 2.359287 -0.178666
 1822.000000 2.343087 -0.190553
 1823.000000 2.327945 -0.169669
 1824.000000 2.263288 -0.181082
 1825.000000 2.285526 -0.110625
 1826.000000 2.299782 -0.215446
 1827.000000 2.323216 -0.232554
 1828.000000 2.271767 -0.151906
 1829.000000 2.350448 -0.258215
 1830.000000 2.342001 -0.152302
 1831.000000 2.326552 -0.201371
 1832.000000 2.347307 -0.213310
 1833.000000 2.336052 -0.130141
 1834.000000 2.368663 -0.131883
 1835.000000 2.247581 -0.169524
 1836.000000 2.345800 -0.096394
 1837.000000 2.324803 -0.102481
 1838.000000 2.286941 -0.126390
 1839.000000 2.300694 -0.222651
 1840.000000 2.307637 -0.209561
 1841.000000 2.322675 -0.015343
 1842.000000 2.343642 -0.115201
 1843.000000 2.261159 -0.196907
 1844.000000 2.306544 -0.077253
 1845.000000 2.273223 -0.083353
 1846.000000 2.202387 -0.195817
 1847.000000 2.224188 -0.185773
 1848.000000 2.262700 -0.158362
 1849.000000 2.379563 -0.175890
 1850.000000 2.268885 -0.219724
 1851.000000 2.479247 -0.083058
 1852.000000 2.434174 -0.078701
 1853.000000 2.371963 -0.214531
 1854.000000 2.385008 -0.270463
 1855.000000 2.478385 -0.278318
 1856.000000 2.269702 -0.219808
 1857.000000 2.316261 -0.382099
 1858.000000 2.418467 -0.253474
 1859.000000 2.432056 -0.174399
 1860.000000 2.269547 -0.215398
 1861.000000 2.386906 -0.083249
 1862.000000 2.335209 -0.127086
 1863.000000 2.399565 -0.155406
 1864.000000 2.317373 -0.066849
 1865.000000 2.454055 -0.221791
 1866.000000 2.324560 -0.251004
 1867.000000 2.441999 -0.299558
 1868.000000 2.296670 -0.205543
 1869.000000 2.399374 -0.259557
 1870.000000 2.358027 -0.185708
 1871.000000 2.332175 -0.147793
 1872.000000 2.374984 -0.168204
 1873.000000 2.287425 -0.135765
 1874.000000 2.334877 -0.208012
 1875.000000 2.429552 -0.138034
 1876.000000 2.325971 -0.177542
 1877.000000 2.361567 -0.144458
 1878.000000 2.317359 -0.199201
 1879.000000 2.247713 -0.130578
 1880.000000 2.327141 -0.186431
 1881.000000 2.327569 -0.221790
 1882.000000 2.287895 -0.226041
 1883.000000 2.195268 -0.208853
 1884.000000 2.330766 -0.111097
 1885.000000 2.294365 -0.151868
 1886.000000 2.346096 -0.175555
 1887.000000 2.318047 -0.185072
 1888.000000 2.301192 -0.193361
 1889.000000 2.305895 -0.184124
 1890.000000 2.374463 -0.169509
 1891.000000 2.198536 -0.166569
 1892.000000 2.341121 -0.169355
 1893.000000 2.368312 -0.173801
 1894.000000 2.216573 -0.238994
 1895.000000 2.289895 -0.224172
 1896.000000 2.349092 -0.168100
 1897.000000 2.434295 -0.193712
 1898.000000 2.357063 -0.138308
 1899.000000 2.250601 -0.036049
 1900.000000 2.248074 -0.195244
 1901.000000 2.363045 -0.210439
 1902.000000 2.230875 -0.227382
 1903.000000 2.353925 -0.186212
 1904.000000 2.349858 -0.165162
 1905.000000 2.257763 -0.160021
 1906.000000 2.293224 -0.145718
 1907.000000 2.311745 -0.177223
 1908.000000 2.207070 -0.175345
 1909.000000 2.343791 -0.175774
 1910.000000 2.217913 -0.188923
 1911.000000 2.296335 -0.334484
 1912.000000 2.307891 -0.101363
 1913.000000 2.284956 -0.169935
 1914.000000 2.349783 -0.221600
 1915.000000 2.309620 -0.184148
 1916.000000 2.245604 -0.211493
 1917.000000 2.329067 -0.266952
 1918.000000 2.296591 -0.263544
 1919.000000 2.353631 -0.140776
 1920.000000 2.345916 -0.094150
 1921.000000 2.399841 -0.290463
 1922.000000 2.283457 -0.162788
 1923.000000 2.442675 -0.170650
 1924.000000 2.301106 -0.261286
 1925.000000 2.307683 -0.274380
 1926.000000 2.248900 -0.269895
 1927.000000 2.323757 -0.200554
 1928.000000 2.365634 -0.287593
 1929.000000 2.371114 -0.230873
 1930.000000 2.284720 -0.208249
 1931.000000 2.349444 -0.177292
 1932.000000 2.330648 -0.114811
 1933.000000 2.270777 -0.253995
 1934.000000 2.211540 -0.099558
 1935.000000 2.287163 -0.191508
 1936.000000 2.321146 -0.297868
 1937.000000 2.270046 -0.124650
 1938.000000 2.310992 -0.257988
 1939.000000 2.341672 -0.124493
 1940.000000 2.344918 -0.086040
 1941.000000 2.345055 -0.230157
 1942.000000 2.226123 -0.137681
 1943.000000 2.447837 -0.150111
 1944.000000 2.231508 -0.212907
 1945.000000 2.347612 -0.188739
 1946.000000 2.321453 -0.226301
 1947.000000 2.384385 -0.295296
 1948.000000 2.362159 -0.168026
 1949.000000 2.357575 -0.189951
 1950.000000 2.415334 -0.153575
 1951.000000 2.324579 -0.179772
 1952.000000 2.326174 -0.223509
 1953.000000 2.414623 -0.208666
 1954.000000 2.343734 -0.249674
 1955.000000 2.386034 -0.171909
 1956.000000 2.342641 -0.210133
 1957.000000 2.329616 -0.309656
 1958.000000 2.257849 -0.228708
 1959.000000 2.254297 -0.127623
 1960.000000 2.276744 -0.270021
 1961.000000 2.172063 -0.226835
 1962.000000 2.311256 -0.261778
 1963.000000 2.268419 -0.286337
 1964.000000 2.271939 -0.221417
 1965.000000 2.353770 -0.239024
 1966.000000 2.364085 -0.103639
 1967.000000 2.336136 -0.250497
 1968.000000 2.354023 -0.298824
 1969.000000 2.445784 -0.109951
 1970.000000 2.322367 -0.163245
 1971.000000 2.427398 -0.142630
 1972.000000 2.445033 -0.207363
 1973.000000 2.311948 -0.253192
 1974.000000 2.353219 -0.153395
 1975.000000 2.317957 -0.276254
 1976.000000 2.298745 -0.204258
 1977.000000 2.326721 -0.204545
 1978.000000 2.332013 -0.150677
 1979.000000 2.244291 -0.111670
 1980.000000 2.284174 -0.280265
 1981.000000 2.263151 -0.187855
 1982.000000 2.277222 -0.179668
 1983.000000 2.241709 -0.131593
 1984.000000 2.282025 -0.236772
 1985.000000 2.340055 -0.131580
 1986.000000 2.268432 -0.223903
 1987.000000 2.227703 -0.256166
 1988.000000 2.259750 -0.176051
 1989.000000 2.435412 -0.144202
 1990.000000 2.238508 -0.231633
 1991.000000 2.245236 -0.126467
 1992.000000 2.196656 -0.213385
 1993.000000 2.211902 -0.221534
 1994.000000 2.255395 -0.261646
 1995.000000 2.242100 -0.179771
 1996.000000 2.230837 -0.112746
 1997.000000 2.254725 -0.203808
 1998.000000 2.232913 -0.127433
 1999.000000 2.214853 -0.276293
 2000.000000 2.258501 -0.163064
 2001.000000 2.363817 -0.174406
 2002.000000 2.206263 -0.304301
 2003.000000 2.390720 -0.171067
 2004.000000 2.327388 -0.244956
 2005.000000 2.382949 -0.301701
 2006.000000 2.415098 -0.195172
 2007.000000 2.255162 -0.179785
 2008.000000 2.324902 -0.193475
 2009.000000 2.463118 -0.158285
 2010.000000 2.249089 -0.347375
 2011.000000 2.268044 -0.280574
 2012.000000 2.288892 -0.126385
 2013.000000 2.240043 -0.210267
 2014.000000 2.279689 -0.124939
 2015.000000 2.229210 -0.208365
 2016.000000 2.296526 -0.345966
 2017.000000 2.303288 -0.235987
 2018.000000 2.217233 -0.266321
 2019.000000 2.326406 -0.196936
 2020.000000 2.328782 -0.257747
 2021.000000 2.308317 -0.260626
 2022.000000 2.336895 -0.236752
 2023.000000 2.267220 -0.143009
 2024.000000 2.364862 -0.174979
 2025.000000 2.373208 -0.122314
 2026.000000 2.329287 -0.195007
 2027.000000 2.342279 -0.271726
 2028.000000 2.395295 -0.200537
 2029.000000 2.350966 -0.258861
 2030.000000 2.230787 -0.265449
 2031.000000 2.274735 -0.243414
 2032.000000 2.271894 -0.122897
 2033.000000 2.321863 -0.254151
 2034.000000 2.295385 -0.152935
 2035.000000 2.362675 -0.212778
 2036.000000 2.253993 -0.168696
 2037.000000 2.224862 -0.188880
 2038.000000 2.191863 -0.269870
 2039.000000 2.357624 -0.150404
 2040.000000 2.243881 -0.209486
 2041.000000 2.294775 -0.133477
 2042.000000 2.234893 -0.216852
 2043.000000 2.437917 -0.251220
 2044.000000 2.300887 -0.168985
 2045.000000 2.280873 -0.212443
 2046.000000 2.228704 -0.158786
 2047.000000 2.202869 -0.213786
 2048.000000 2.275659 -0.181148
 2049.000000 2.332885 -0.129673
 2050.000000 2.291288 -0.190397
 2051.000000 2.283785 -0.297536
 2052.000000 2.351047 -0.198509
 2053.000000 2.227027 -0.227342
 2054.000000 2.283937 -0.196043
 2055.000000 2.273710 -0.226400
 2056.000000 2.294045 -0.293444
 2057.000000 2.372611 -0.139904
 2058.000000 2.396675 -0.260433
 2059.000000 2.314415 -0.125867
 2060.000000 2.233343 -0.195597
 2061.000000 2.317085 -0.152637
 2062.000000 2.295950 -0.231201
 2063.000000 2.310958 -0.195275
 2064.000000 2.336618 -0.157698
 2065.000000 2.329201 -0.259961
 2066.000000 2.306183 -0.210514
 2067.000000 2.388289 -0.252082
 2068.000000 2.376620 -0.197474
 2069.000000 2.266581 -0.254477
 2070.000000 2.367445 -0.221815
 2071.000000 2.220371 -0.210776
 2072.000000 2.262678 -0.236712
 2073.000000 2.434971 -0.191036
 2074.000000 2.369883 -0.209038
 2075.000000 2.278276 -0.169254
 2076.000000 2.190217 -0.217218
 2077.000000 2.218161 -0.303350
 2078.000000 2.261551 -0.332310
 2079.000000 2.361953 -0.292410
 2080.000000 2.255795 -0.234857
 2081.000000 2.344464 -0.169734
 2082.000000 2.239159 -0.194183
 2083.000000 2.365559 -0.233597
 2084.000000 2.163064 -0.309036
 2085.000000 2.289001 -0.206543
 2086.000000 2.236051 -0.275920
 2087.000000 2.243939 -0.355229
 2088.000000 2.298188 -0.163510
 2089.000000 2.237286 -0.236449
 2090.000000 2.346911 -0.262674
 2091.000000 2.282973 -0.225181
 2092.000000 2.269143 -0.237093
 2093.000000 2.354909 -0.154899
 2094.000000 2.246783 -0.285122
 2095.000000 2.304006 -0.171660
 2096.000000 2.278875 -0.223509
 2097.000000 2.285987 -0.174633
 2098.000000 2.359236 -0.161414
 2099.000000 2.360222 -0.099641
 2100.000000 2.281056 -0.240594
 2101.000000 2.261897 -0.214049
 2102.000000 2.276675 -0.206200
 2103.000000 2.346109 -0.217248
 2104.000000 2.335946 -0.184087
 2105.000000 2.384174 -0.190157
 2106.000000 2.294711 -0.169737
 2107.000000 2.284979 -0.154527
 2108.000000 2.482743 -0.135042
 2109.000000 2.283317 -0.155350
 2110.000000 2.342813 -0.138747
 2111.000000 2.341447 -0.140500
 2112.000000 2.301775 -0.238628
 2113.000000 2.300450 -0.241469
 2114.000000 2.346365 -0.151157
 2115.000000 2.319277 -0.296043
 2116.000000 2.283888 -0.220044
 2117.000000 2.300730 -0.227769
 2118.000000 2.298470 -0.204561
 2119.000000 2.267584 -0.324280
 2120.000000 2.354154 -0.196829
 2121.000000 2.344326 -0.226826
 2122.000000 2.427055 -0.199164
 2123.000000 2.286065 -0.174637
 2124.000000 2.265884 -0.146753
 2125.000000 2.417347 -0.219773
 2126.000000 2.328620 -0.176075
 2127.000000 2.320620 -0.284609
 2128.000000 2.275153 -0.182075
 2129.000000 2.335499 -0.160101
 2130.000000 2.167579 -0.207912
 2131.000000 2.279108 -0.227337
 2132.000000 2.327092 -0.300251
 2133.000000 2.311460 -0.158402
 2134.000000 2.325163 -0.196781
 2135.000000 2.411022 -0.165569
 2136.000000 2.281091 -0.256708
 2137.000000 2.348977 -0.276438
 2138.000000 2.303641 -0.255638
 2139.000000 2.263297 -0.203155
 2140.000000 2.289807 -0.280101
 2141.000000 2.264177 -0.196624
 2142.000000 2.262051 -0.189305
 2143.000000 2.248985 -0.148404
 2144.000000 2.347152 -0.157799
 2145.000000 2.249722 -0.159300
 2146.000000 2.292434 -0.233986
 2147.000000 2.327795 -0.198454
 2148.000000 2.145092 -0.174639
 2149.000000 2.306010 -0.127108
 2150.000000 2.275055 -0.237640
 2151.000000 2.255403 -0.234697
 2152.000000 2.224157 -0.245688
 2153.000000 2.290630 -0.164940
 2154.000000 2.344899 -0.220322
 2155.000000 2.172885 -0.184312
 2156.000000 2.314958 -0.217313
 2157.000000 2.252069 -0.204386
 2158.000000 2.300593 -0.099116
 2159.000000 2.323717 -0.106982
 2160.000000 2.421293 -0.152208
 2161.000000 2.286570 -0.190340
 2162.000000 2.365942 -0.110689
 2163.000000 2.309544 -0.220185
 2164.000000 2.183905 -0.145854
 2165.000000 2.317597 -0.169334
 2166.000000 2.366943 -0.144137
 2167.000000 2.294268 -0.115207
 2168.000000 2.312159 -0.233294
 2169.000000 2.319216 -0.146133
 2170.000000 2.274346 -0.109776
 2171.000000 2.295366 -0.204250
 2172.000000 2.376817 -0.238974
 2173.000000 2.292947 -0.229549
 2174.000000 2.148869 -0.198333
 2175.000000 2.371516 -0.166253
 2176.000000 2.252701 -0.277653
 2177.000000 2.269774 -0.115486
 2178.000000 2.281927 -0.166138
 2179.000000 2.398974 -0.206030
 2180.000000 2.305440 -0.141971
 2181.000000 2.316619 -0.159579
 2182.000000 2.267354 -0.247212
 2183.000000 2.264382 -0.122072
 2184.000000 2.366090 -0.161641
 2185.000000 2.358716 -0.131568
 2186.000000 2.290831 -0.238938
 2187.000000 2.355975 -0.211722
 2188.000000 2.387537 -0.152402
 2189.000000 2.233717 -0.246741
 2190.000000 2.267516 -0.152571
 2191.000000 2.228462 -0.175778
 2192.000000 2.225407 -0.229483
 2193.000000 2.207553 -0.220801
 2194.000000 2.303172 -0.260863
 2195.000000 2.332570 -0.193421
 2196.000000 2.384816 -0.186560
 2197.000000 2.200519 -0.201932
 2198.000000 2.263151 -0.233756
 2199.000000 2.170958 -0.302688
 2200.000000 2.260018 -0.265137
 2201.000000 2.246936 -0.230421
 2202.000000 2.193589 -0.278633
 2203.000000 2.155448 -0.189937
 2204.000000 2.364977 -0.191904
 2205.000000 2.267517 -0.247071
 2206.000000 2.462876 -0.201352
 2207.000000 2.306745 -0.146047
 2208.000000 2.281778 -0.243486
 2209.000000 2.347793 -0.208151
 2210.000000 2.233264 -0.208309
 2211.000000 2.295834 -0.143987
 2212.000000 2.308268 -0.205245
 2213.000000 2.317703 -0.102037
 2214.000000 2.339441 -0.198846
 2215.000000 2.224526 -0.169293
 2216.000000 2.294479 -0.134685
 2217.000000 2.225409 -0.096966
 2218.000000 2.224315 -0.249103
 2219.000000 2.455343 -0.154783
 2220.000000 2.297781 -0.284169
 2221.000000 2.378050 -0.110751
 2222.000000 2.349961 -0.144174
 2223.000000 2.377546 -0.198427
 2224.000000 2.314557 -0.239502
 2225.000000 2.319604 -0.153219
 2226.000000 2.353301 -0.187965
 2227.000000 2.325533 -0.186991
 2228.000000 2.328662 -0.185308
 2229.000000 2.317841 -0.138881
 2230.000000 2.424945 -0.217142
 2231.000000 2.312828 -0.245770
 2232.000000 2.427590 -0.213411
 2233.000000 2.306697 -0.182028
 2234.000000 2.304482 -0.212235
 2235.000000 2.336230 -0.189355
 2236.000000 2.303993 -0.194129
 2237.000000 2.173382 -0.213555
 2238.000000 2.222187 -0.180525
 2239.000000 2.300198 -0.285664
 2240.000000 2.365201 -0.134456
 2241.000000 2.263765 -0.152462
 2242.000000 2.403545 -0.213580
 2243.000000 2.313395 -0.145687
 2244.000000 2.215842 -0.177764
 2245.000000 2.289219 -0.245412
 2246.000000 2.321926 -0.166301
 2247.000000 2.282486 -0.279659
 2248.000000 2.324944 -0.214667
 2249.000000 2.489394 -0.128770
 2250.000000 2.400500 -0.121677
 2251.000000 2.315769 -0.156924
 2252.000000 2.322770 -0.129217
 2253.000000 2.372045 -0.238094
 2254.000000 2.267672 -0.118619
 2255.000000 2.415414 -0.208534
 2256.000000 2.265755 -0.194673
 2257.000000 2.440165 -0.223122
 2258.000000 2.441531 -0.228496
 2259.000000 2.277787 -0.230790
 2260.000000 2.295213 -0.256099
 2261.000000 2.234094 -0.137554
 2262.000000 2.292412 -0.257115
 2263.000000 2.312209 -0.212157
 2264.000000 2.245528 -0.136520
 2265.000000 2.306188 -0.183624
 2266.000000 2.327974 -0.231820
 2267.000000 2.346014 -0.217896
 2268.000000 2.406524 -0.201122
 2269.000000 2.161793 -0.167001
 2270.000000 2.304384 -0.299302
 2271.000000 2.279041 -0.142276
 2272.000000 2.293487 -0.229001
 2273.000000 2.331583 -0.188711
 2274.000000 2.391706 -0.117522
 2275.000000 2.350665 -0.150703
 2276.000000 2.431345 -0.188978
 2277.000000 2.308551 -0.162476
 2278.000000 2.333681 -0.136582
 2279.000000 2.381948 -0.219329
 2280.000000 2.310723 -0.266689
 2281.000000 2.372641 -0.150846
 2282.000000 2.276475 -0.206859
 2283.000000 2.375468 -0.106988
 2284.000000 2.381889 -0.187155
 2285.000000 2.389892 -0.248623
 2286.000000 2.273019 -0.089637
 2287.000000 2.306253 -0.191385
 2288.000000 2.269076 -0.140871
 2289.000000 2.337308 -0.216606
 2290.000000 2.260323 -0.192353
 2291.000000 2.337035 -0.256525
 2292.000000 2.338566 -0.237803
 2293.000000 2.284865 -0.228283
 2294.000000 2.150929 -0.191719
 2295.000000 2.243066 -0.091375
 2296.000000 2.381969 -0.250944
 2297.000000 2.266179 -0.178281
 2298.000000 2.489130 -0.165339
 2299.000000 2.456196 -0.084390
 2300.000000 2.412647 -0.149358
 2301.000000 2.276303 -0.196615
 2302.000000 2.299461 -0.206680
 2303.000000 2.182608 -0.109853
 2304.000000 2.299336 -0.178271
 2305.000000 2.342075 -0.174372
 2306.000000 2.311474 -0.252575
 2307.000000 2.349126 -0.176477
 2308.000000 2.331188 -0.092292
 2309.000000 2.277532 -0.213840
 2310.000000 2.298595 -0.151025
 2311.000000 2.266473 -0.215207
 2312.000000 2.302942 -0.220906
 2313.000000 2.291610 -0.185770
 2314.000000 2.376243 -0.260300
 2315.000000 2.322991 -0.167165
 2316.000000 2.317535 -0.241603
 2317.000000 2.264714 -0.118516
 2318.000000 2.358376 -0.223587
 2319.000000 2.276018 -0.215594
 2320.000000 2.287010 -0.137780
 2321.000000 2.249656 -0.246446
 2322.000000 2.191785 -0.282476
 2323.000000 2.312215 -0.193924
 2324.000000 2.225789 -0.183079
 2325.000000 2.415648 -0.208308
 2326.000000 2.299361 -0.216264
 2327.000000 2.246580 -0.204670
 2328.000000 2.326165 -0.173794
 2329.000000 2.298116 -0.258234
 2330.000000 2.304479 -0.179781
 2331.000000 2.251879 -0.214957
 2332.000000 2.253956 -0.235543
 2333.000000 2.254737 -0.202959
 2334.000000 2.280603 -0.175688
 2335.000000 2.265460 -0.103626
 2336.000000 2.345366 -0.207678
 2337.000000 2.313053 -0.243810
 2338.000000 2.409183 -0.203967
 2339.000000 2.370283 -0.203318
 2340.000000 2.377728 -0.142371
 2341.000000 2.326359 -0.180843
 2342.000000 2.260389 -0.273533
 2343.000000 2.299294 -0.178985
 2344.000000 2.324658 -0.298603
 2345.000000 2.298724 -0.267721
 2346.000000 2.369198 -0.156534
 2347.000000 2.330610 -0.329635
 2348.000000 2.303418 -0.133178
 2349.000000 2.281996 -0.189043
 2350.000000 2.284958 -0.145393
 2351.000000 2.314094 -0.220847
 2352.000000 2.223274 -0.269523
 2353.000000 2.299057 -0.098819
 2354.000000 2.353057 -0.167574
 2355.000000 2.406274 -0.298713
 2356.000000 2.373436 -0.211301
 2357.000000 2.423153 -0.208256
 2358.000000 2.259810 -0.238050
 2359.000000 2.377104 -0.170725
 2360.000000 2.392572 -0.117723
 2361.000000 2.318474 -0.198925
 2362.000000 2.211023 -0.215576
 2363.000000 2.437695 -0.236341
 2364.000000 2.291381 -0.260037
 2365.000000 2.328524 -0.183675
 2366.000000 2.327870 -0.280141
 2367.000000 2.424803 -0.334279
 2368.000000 2.386059 -0.188863
 2369.000000 2.397618 -0.142306
 2370.000000 2.337935 -0.361673
 2371.000000 2.315291 -0.264890
 2372.000000 2.195233 -0.221034
 2373.000000 2.317400 -0.231493
 2374.000000 2.299280 -0.306717
 2375.000000 2.243114 -0.187477
 2376.000000 2.388263 -0.235504
 2377.000000 2.324087 -0.229191
 2378.000000 2.293790 -0.199301
 2379.000000 2.248182 -0.316145
 2380.000000 2.347983 -0.149520
 2381.000000 2.265936 -0.212172
 2382.000000 2.312992 -0.250451
 2383.000000 2.275921 -0.160944
 2384.000000 2.406058 -0.128640
 2385.000000 2.278678 -0.214085
 2386.000000 2.193687 -0.233451
 2387.000000 2.298940 -0.179179
 2388.000000 2.338332 -0.143437
 2389.000000 2.368112 -0.233415
 2390.000000 2.324038 -0.199978
 2391.000000 2.322913 -0.222831
 2392.000000 2.419142 -0.319344
 2393.000000 2.298651 -0.135778
 2394.000000 2.329945 -0.302242
 2395.000000 2.327883 -0.288431
 2396.000000 2.268439 -0.255287
 2397.000000 2.283190 -0.288407
 2398.000000 2.338636 -0.288145
 2399.000000 2.427786 -0.188610
 2400.000000 2.245487 -0.224654
 2401.000000 2.402020 -0.289299
 2402.000000 2.318303 -0.172115
 2403.000000 2.254029 -0.287263
 2404.000000 2.324667 -0.198266
 2405.000000 2.326826 -0.239618
 2406.000000 2.388162 -0.245837
 2407.000000 2.311056 -0.213170
 2408.000000 2.371287 -0.183296
 2409.000000 2.294554 -0.194777
 2410.000000 2.389937 -0.235649
 2411.000000 2.350456 -0.116596
 2412.000000 2.364045 -0.287495
 2413.000000 2.371431 -0.222807
 2414.000000 2.366506 -0.213866
 2415.000000 2.263288 -0.204153
 2416.000000 2.321257 -0.151512
 2417.000000 2.337712 -0.264508
 2418.000000 2.278325 -0.083013
 2419.000000 2.262731 -0.184915
 2420.000000 2.307087 -0.136294
 2421.000000 2.329161 -0.101318
 2422.000000 2.303607 -0.080258
 2423.000000 2.242604 -0.242247
 2424.000000 2.275024 -0.205183
 2425.000000 2.251742 -0.285982
 2426.000000 2.386268 -0.227806
 2427.000000 2.278330 -0.262321
 2428.000000 2.350605 -0.245371
 2429.000000 2.288502 -0.196186
 2430.000000 2.233076 -0.252793
 2431.000000 2.243698 -0.293034
 2432.000000 2.248460 -0.226274
 2433.000000 2.305959 -0.155668
 2434.000000 2.387131 -0.124064
 2435.000000 2.346143 -0.113174
 2436.000000 2.437759 -0.114960
 2437.000000 2.313753 -0.119152
 2438.000000 2.395436 -0.219136
 2439.000000 2.225440 -0.147327
 2440.000000 2.297076 -0.230603
 2441.000000 2.300672 -0.284021
 2442.000000 2.296760 -0.349243
 2443.000000 2.221654 -0.175250
 2444.000000 2.288848 -0.249061
 2445.000000 2.271150 -0.139296
 2446.000000 2.283913 -0.129698
 2447.000000 2.254324 -0.205443
 2448.000000 2.344267 -0.178642
 2449.000000 2.308677 -0.213654
 2450.000000 2.393213 -0.122970
 2451.000000 2.321841 -0.326045
 2452.000000 2.378174 -0.224253
 2453.000000 2.281316 -0.246213
 2454.000000 2.299872 -0.196754
 2455.000000 2.312401 -0.290920
 2456.000000 2.367605 -0.306855
 2457.000000 2.214292 -0.201152
 2458.000000 2.419537 -0.294886
 2459.000000 2.223729 -0.236760
 2460.000000 2.239085 -0.230877
 2461.000000 2.253637 -0.149223
 2462.000000 2.267490 -0.187062
 2463.000000 2.298872 -0.149848
 2464.000000 2.329469 -0.204364
 2465.000000 2.333053 -0.179217
 2466.000000 2.264333 -0.188125
 2467.000000 2.290338 -0.139711
 2468.000000 2.313365 -0.185896
 2469.000000 2.373525 -0.137570
 2470.000000 2.339948 -0.152052
 2471.000000 2.313996 -0.101177
 2472.000000 2.352865 -0.247923
 2473.000000 2.300603 -0.179998
 2474.000000 2.314972 -0.263896
 2475.000000 2.295066 -0.192510
 2476.000000 2.349414 -0.059168
 2477.000000 2.440204 -0.181651
 2478.000000 2.375803 -0.224066
 2479.000000 2.342471 -0.195565
 2480.000000 2.346545 -0.289125
 2481.000000 2.280981 -0.207259
 2482.000000 2.284158 -0.189968
 2483.000000 2.346881 -0.212070
 2484.000000 2.310928 -0.144334
 2485.000000 2.351851 -0.130565
 2486.000000 2.377326 -0.238374
 2487.000000 2.356065 -0.220968
 2488.000000 2.299777 -0.252494
 2489.000000 2.299514 -0.194443
 2490.000000 2.357572 -0.225687
 2491.000000 2.253031 -0.308006
 2492.000000 2.356501 -0.109362
 2493.000000 2.266976 -0.222637
 2494.000000 2.401037 -0.132420
 2495.000000 2.303227 -0.118894
 2496.000000 2.240678 -0.188387
 2497.000000 2.318071 -0.165650
 2498.000000 2.303493 -0.121082
 2499.000000 2.349883 -0.153227
 2500.000000 2.207075 -0.158098
