#! FIELDS time pd_137_140 diff
 0.000000 2.303850 -0.743758
 1.000000 2.129081 -0.708660
 2.000000 2.218565 -0.639004
 3.000000 2.222878 -0.666497
 4.000000 2.181478 -0.615657
 5.000000 2.244537 -0.681751
 6.000000 2.178558 -0.706006
 7.000000 2.342302 -0.663224
 8.000000 2.326182 -0.629300
 9.000000 2.247968 -0.696281
 10.000000 2.219210 -0.672720
 11.000000 2.293114 -0.708933
 12.000000 2.293054 -0.636414
 13.000000 2.221141 -0.731111
 14.000000 2.336960 -0.651271
 15.000000 2.301012 -0.670347
 16.000000 2.259485 -0.669943
 17.000000 2.211571 -0.669454
 18.000000 2.262933 -0.683880
 19.000000 2.207987 -0.627551
 20.000000 2.216575 -0.655912
 21.000000 2.183794 -0.688250
 22.000000 2.207586 -0.627677
 23.000000 2.196301 -0.683908
 24.000000 2.266622 -0.657616
 25.000000 2.285942 -0.734902
 26.000000 2.300188 -0.715021
 27.000000 2.217330 -0.694841
 28.000000 2.262705 -0.626491
 29.000000 2.354169 -0.721843
 30.000000 2.209628 -0.731040
 31.000000 2.288258 -0.650696
 32.000000 2.304424 -0.727636
 33.000000 2.190958 -0.682485
 34.000000 2.263025 -0.736208
 35.000000 2.213308 -0.709491
 36.000000 2.246759 -0.701602
 37.000000 2.147789 -0.707685
 38.000000 2.255459 -0.760451
 39.000000 2.221079 -0.684537
 40.000000 2.240085 -0.657251
 41.000000 2.173524 -0.725506
 42.000000 2.197510 -0.735125
 43.000000 2.173059 -0.703420
 44.000000 2.288583 -0.656111
 45.000000 2.229270 -0.740257
 46.000000 2.204877 -0.661418
 47.000000 2.239009 -0.667556
 48.000000 2.167426 -0.709210
 49.000000 2.220405 -0.744268
 50.000000 2.202996 -0.695639
 51.000000 2.244655 -0.708233
 52.000000 2.153367 -0.754824
 53.000000 2.268980 -0.684560
 54.000000 2.177555 -0.646447
 55.000000 2.222269 -0.662834
 56.000000 2.223887 -0.634218
 57.000000 2.358055 -0.599130
 58.000000 2.307316 -0.738944
 59.000000 2.196142 -0.743622
 60.000000 2.261677 -0.600080
 61.000000 2.217405 -0.642627
 62.000000 2.252137 -0.686661
 63.000000 2.307495 -0.694771
 64.000000 2.158290 -0.645723
 65.000000 2.276991 -0.669656
 66.000000 2.317030 -0.684244
 67.000000 2.327175 -0.674460
 68.000000 2.231491 -0.710181
 69.000000 2.343515 -0.681541
 70.000000 2.293971 -0.688614
 71.000000 2.204337 -0.717623
 72.000000 2.147622 -0.704807
 73.000000 2.272826 -0.712011
 74.000000 2.179888 -0.726286
 75.000000 2.279458 -0.717019
 76.000000 2.171797 -0.710157
 77.000000 2.132375 -0.735830
 78.000000 2.136059 -0.767639
 79.000000 2.212678 -0.708191
 80.000000 2.229118 -0.775464
 81.000000 2.182945 -0.737372
 82.000000 2.220970 -0.711789
 83.000000 2.251856 -0.666181
 84.000000 2.216422 -0.701276
 85.000000 2.326438 -0.597448
 86.000000 2.276661 -0.701502
 87.000000 2.280545 -0.692273
 88.000000 2.349505 -0.607642
 89.000000 2.269155 -0.712728
 90.000000 2.143403 -0.678856
 91.000000 2.255660 -0.672995
 92.000000 2.193804 -0.644594
 93.000000 2.186043 -0.684533
 94.000000 2.203051 -0.669758
 95.000000 2.290423 -0.640747
 96.000000 2.136019 -0.723421
 97.000000 2.242075 -0.674369
 98.000000 2.284163 -0.663555
 99.000000 2.225850 -0.556553
 100.000000 2.233250 -0.683940
 101.000000 2.191402 -0.695411
 102.000000 2.223900 -0.677339
 103.000000 2.207335 -0.638339
 104.000000 2.232301 -0.667464
 105.000000 2.197215 -0.729188
 106.000000 2.106654 -0.714966
 107.000000 2.147987 -0.716125
 108.000000 2.187398 -0.627095
 109.000000 2.262855 -0.716643
 110.000000 2.185472 -0.796405
 111.000000 2.241070 -0.761054
 112.000000 2.308727 -0.679695
 113.000000 2.186879 -0.735677
 114.000000 2.174316 -0.677780
 115.000000 2.306422 -0.825157
 116.000000 2.364753 -0.816219
 117.000000 2.321108 -0.767457
 118.000000 2.207832 -0.770191
 119.000000 2.302666 -0.672181
 120.000000 2.299642 -0.728106
 121.000000 2.225648 -0.746047
 122.000000 2.266563 -0.795427
 123.000000 2.229606 -0.776740
 124.000000 2.267733 -0.783562
 125.000000 2.321909 -0.754306
 126.000000 2.294115 -0.766799
 127.000000 2.305086 -0.742559
 128.000000 2.213342 -0.776396
 129.000000 2.157812 -0.866033
 130.000000 2.163918 -0.831628
 131.000000 2.407902 -0.778466
 132.000000 2.135152 -0.773562
 133.000000 2.239447 -0.689226
 134.000000 2.260893 -0.821848
 135.000000 2.268940 -0.671609
 136.000000 2.252383 -0.744807
 137.000000 2.248648 -0.693408
 138.000000 2.377395 -0.761566
 139.000000 2.319858 -0.742581
 140.000000 2.254107 -0.714595
 141.000000 2.400409 -0.736358
 142.000000 2.279744 -0.717807
 143.000000 2.367898 -0.708141
 144.000000 2.253985 -0.787431
 145.000000 2.375901 -0.766562
 146.000000 2.439670 -0.767768
 147.000000 2.359289 -0.793001
 148.000000 2.367358 -0.757965
 149.000000 2.401746 -0.769783
 150.000000 2.176233 -0.776296
 151.000000 2.195740 -0.746492
 152.000000 2.214971 -0.810589
 153.000000 2.313814 -0.814118
 154.000000 2.304606 -0.741371
 155.000000 2.204431 -0.810805
 156.000000 2.262771 -0.784230
 157.000000 2.120889 -0.777257
 158.000000 2.230643 -0.809872
 159.000000 2.200782 -0.812279
 160.000000 2.274732 -0.758315
 161.000000 2.249999 -0.819652
 162.000000 2.284714 -0.744585
 163.000000 2.136940 -0.733336
 164.000000 2.365653 -0.713683
 165.000000 2.240637 -0.762040
 166.000000 2.321686 -0.809661
 167.000000 2.331237 -0.795447
 168.000000 2.144209 -0.790731
 169.000000 2.291328 -0.747318
 170.000000 2.200942 -0.789531
 171.000000 2.285284 -0.750009
 172.000000 2.164088 -0.817934
 173.000000 2.276434 -0.817005
 174.000000 2.335662 -0.660511
 175.000000 2.231699 -0.711607
 176.000000 2.304915 -0.730439
 177.000000 2.183382 -0.745800
 178.000000 2.161881 -0.845972
 179.000000 2.202541 -0.676745
 180.000000 2.228417 -0.727279
 181.000000 2.270708 -0.768402
 182.000000 2.323602 -0.770642
 183.000000 2.376711 -0.636468
 184.000000 2.270425 -0.702774
 185.000000 2.331984 -0.816992
 186.000000 2.255384 -0.728590
 187.000000 2.327230 -0.725882
 188.000000 2.393366 -0.794244
 189.000000 2.203632 -0.755549
 190.000000 2.315367 -0.740662
 191.000000 2.255780 -0.690783
 192.000000 2.251088 -0.744010
 193.000000 2.255946 -0.797232
 194.000000 2.274878 -0.744092
 195.000000 2.211341 -0.781903
 196.000000 2.196723 -0.749338
 197.000000 2.313767 -0.720877
 198.000000 2.180204 -0.702284
 199.000000 2.311456 -0.744569
 200.000000 2.169402 -0.688813
 201.000000 2.185243 -0.780835
 202.000000 2.348071 -0.798727
 203.000000 2.362382 -0.715713
 204.000000 2.265484 -0.721268
 205.000000 2.334622 -0.788676
 206.000000 2.057739 -0.770420
 207.000000 2.148654 -0.763417
 208.000000 2.166420 -0.821227
 209.000000 2.305888 -0.792426
 210.000000 2.283252 -0.774351
 211.000000 2.344870 -0.681284
 212.000000 2.196591 -0.663672
 213.000000 2.248430 -0.732841
 214.000000 2.324230 -0.805666
 215.000000 2.410883 -0.698381
 216.000000 2.308029 -0.826875
 217.000000 2.155096 -0.713137
 218.000000 2.308128 -0.679381
 219.000000 2.230253 -0.788082
 220.000000 2.340520 -0.704557
 221.000000 2.194050 -0.686529
 222.000000 2.274891 -0.674506
 223.000000 2.307583 -0.604264
 224.000000 2.235661 -0.688914
 225.000000 2.356548 -0.674769
 226.000000 2.347214 -0.651701
 227.000000 2.362850 -0.660263
 228.000000 2.284057 -0.608424
 229.000000 2.282509 -0.730279
 230.000000 2.157495 -0.734979
 231.000000 2.222370 -0.708857
 232.000000 2.231043 -0.776307
 233.000000 2.221543 -0.709471
 234.000000 2.287007 -0.752341
 235.000000 2.248866 -0.755677
 236.000000 2.267559 -0.574442
 237.000000 2.065643 -0.661084
 238.000000 2.281901 -0.679071
 239.000000 2.133286 -0.677486
 240.000000 2.224438 -0.667563
 241.000000 2.156583 -0.642136
 242.000000 2.127936 -0.740995
 243.000000 2.231148 -0.693448
 244.000000 2.221228 -0.703562
 245.000000 2.094141 -0.737650
 246.000000 2.152289 -0.705429
 247.000000 2.210001 -0.703903
 248.000000 2.093036 -0.787689
 249.000000 2.236093 -0.735624
 250.000000 2.155751 -0.782998
 251.000000 2.220955 -0.635025
 252.000000 2.244390 -0.645075
 253.000000 2.197891 -0.612089
 254.000000 2.321109 -0.743341
 255.000000 2.303245 -0.733876
 256.000000 2.158555 -0.777223
 257.000000 2.295775 -0.659485
 258.000000 2.164937 -0.573364
 259.000000 2.277462 -0.667404
 260.000000 2.164599 -0.736453
 261.000000 2.140917 -0.552511
 262.000000 2.274077 -0.587643
 263.000000 2.195873 -0.636679
 264.000000 2.214211 -0.706813
 265.000000 2.272139 -0.721612
 266.000000 2.281434 -0.748099
 267.000000 2.235308 -0.725148
 268.000000 2.267478 -0.600976
 269.000000 2.256608 -0.753782
 270.000000 2.256487 -0.703013
 271.000000 2.293113 -0.712443
 272.000000 2.411964 -0.748451
 273.000000 2.305781 -0.685291
 274.000000 2.281116 -0.666655
 275.000000 2.263494 -0.606311
 276.000000 2.279630 -0.748395
 277.000000 2.310359 -0.700451
 278.000000 2.251526 -0.766967
 279.000000 2.269055 -0.718935
 280.000000 2.203916 -0.645036
 281.000000 2.164952 -0.673610
 282.000000 2.175998 -0.765644
 283.000000 2.262550 -0.826152
 284.000000 2.225901 -0.781279
 285.000000 2.348840 -0.805012
 286.000000 2.334193 -0.822795
 287.000000 2.314872 -0.786537
 288.000000 2.238589 -0.727809
 289.000000 2.294507 -0.794225
 290.000000 2.226744 -0.769973
 291.000000 2.263546 -0.788918
 292.000000 2.312682 -0.688777
 293.000000 2.205892 -0.714178
 294.000000 2.286458 -0.801538
 295.000000 2.202294 -0.742435
 296.000000 2.309257 -0.676142
 297.000000 2.215699 -0.750695
 298.000000 2.279854 -0.747574
 299.000000 2.293421 -0.754087
 300.000000 2.240768 -0.792517
 301.000000 2.298274 -0.750548
 302.000000 2.301889 -0.717855
 303.000000 2.269457 -0.716082
 304.000000 2.290264 -0.698027
 305.000000 2.261410 -0.646821
 306.000000 2.250140 -0.753922
 307.000000 2.268017 -0.664876
 308.000000 2.157437 -0.711993
 309.000000 2.265974 -0.728205
 310.000000 2.249031 -0.735421
 311.000000 2.254485 -0.823257
 312.000000 2.373961 -0.709518
 313.000000 2.196659 -0.671127
 314.000000 2.295547 -0.794246
 315.000000 2.312884 -0.691229
 316.000000 2.302089 -0.742366
 317.000000 2.276284 -0.759952
 318.000000 2.251570 -0.686954
 319.000000 2.202629 -0.754005
 320.000000 2.320276 -0.758875
 321.000000 2.310023 -0.765001
 322.000000 2.284812 -0.738031
 323.000000 2.223531 -0.679056
 324.000000 2.328219 -0.793074
 325.000000 2.222163 -0.778609
 326.000000 2.316162 -0.718521
 327.000000 2.348754 -0.696204
 328.000000 2.278444 -0.748436
 329.000000 2.309345 -0.743257
 330.000000 2.205978 -0.738847
 331.000000 2.262800 -0.773618
 332.000000 2.176381 -0.738476
 333.000000 2.170139 -0.706407
 334.000000 2.214765 -0.712019
 335.000000 2.197491 -0.723654
 336.000000 2.245502 -0.662218
 337.000000 2.245120 -0.635700
 338.000000 2.330610 -0.785635
 339.000000 2.307301 -0.760278
 340.000000 2.334383 -0.736051
 341.000000 2.372694 -0.722950
 342.000000 2.331045 -0.728677
 343.000000 2.320094 -0.736394
 344.000000 2.311993 -0.830445
 345.000000 2.340121 -0.776811
 346.000000 2.325596 -0.739810
 347.000000 2.211347 -0.809602
 348.000000 2.425894 -0.679170
 349.000000 2.290466 -0.689231
 350.000000 2.239916 -0.831010
 351.000000 2.416635 -0.711934
 352.000000 2.343992 -0.756397
 353.000000 2.182870 -0.740323
 354.000000 2.252922 -0.749255
 355.000000 2.262516 -0.747037
 356.000000 2.227369 -0.843577
 357.000000 2.211377 -0.814002
 358.000000 2.228063 -0.816764
 359.000000 2.246464 -0.707883
 360.000000 2.225749 -0.748207
 361.000000 2.283694 -0.735521
 362.000000 2.226007 -0.764178
 363.000000 2.180036 -0.673937
 364.000000 2.267397 -0.741709
 365.000000 2.238107 -0.814723
 366.000000 2.211733 -0.740846
 367.000000 2.237949 -0.777315
 368.000000 2.208398 -0.674410
 369.000000 2.326482 -0.778141
 370.000000 2.232431 -0.657993
 371.000000 2.147265 -0.693677
 372.000000 2.202656 -0.777023
 373.000000 2.235790 -0.689603
 374.000000 2.244300 -0.594160
 375.000000 2.331301 -0.645929
 376.000000 2.181074 -0.695591
 377.000000 2.259051 -0.615958
 378.000000 2.275965 -0.667313
 379.000000 2.173709 -0.766283
 380.000000 2.334507 -0.708529
 381.000000 2.285186 -0.742574
 382.000000 2.225304 -0.777892
 383.000000 2.239478 -0.780209
 384.000000 2.229739 -0.734342
 385.000000 2.312398 -0.631831
 386.000000 2.202255 -0.686802
 387.000000 2.286234 -0.677059
 388.000000 2.300682 -0.734795
 389.000000 2.284148 -0.753508
 390.000000 2.397296 -0.711302
 391.000000 2.209837 -0.710267
 392.000000 2.095149 -0.741272
 393.000000 2.252886 -0.748099
 394.000000 2.196689 -0.724420
 395.000000 2.199649 -0.795714
 396.000000 2.101628 -0.720028
 397.000000 2.177826 -0.764154
 398.000000 2.202224 -0.640982
 399.000000 2.269261 -0.619903
 400.000000 2.290747 -0.676566
 401.000000 2.280773 -0.700459
 402.000000 2.204062 -0.686465
 403.000000 2.179717 -0.701428
 404.000000 2.214866 -0.728533
 405.000000 2.337608 -0.692802
 406.000000 2.291931 -0.701548
 407.000000 2.236651 -0.703226
 408.000000 2.258805 -0.759340
 409.000000 2.303474 -0.827156
 410.000000 2.220450 -0.777607
 411.000000 2.286658 -0.791612
 412.000000 2.191663 -0.751643
 413.000000 2.217203 -0.835663
 414.000000 2.276064 -0.759406
 415.000000 2.203997 -0.714451
 416.000000 2.163247 -0.635344
 417.000000 2.195776 -0.815347
 418.000000 2.220150 -0.751334
 419.000000 2.179323 -0.729276
 420.000000 2.277582 -0.692687
 421.000000 2.213597 -0.789594
 422.000000 2.375007 -0.701828
 423.000000 2.339701 -0.770196
 424.000000 2.226520 -0.710500
 425.000000 2.173712 -0.698356
 426.000000 2.194267 -0.660152
 427.000000 2.159812 -0.785171
 428.000000 2.185386 -0.719317
 429.000000 2.395949 -0.730461
 430.000000 2.310934 -0.804918
 431.000000 2.250759 -0.778671
 432.000000 2.246162 -0.714657
 433.000000 2.295799 -0.643580
 434.000000 2.227691 -0.688009
 435.000000 2.157650 -0.722322
 436.000000 2.226321 -0.729180
 437.000000 2.273519 -0.702869
 438.000000 2.334722 -0.688218
 439.000000 2.201728 -0.676284
 440.000000 2.318139 -0.719968
 441.000000 2.225089 -0.607902
 442.000000 2.200099 -0.751106
 443.000000 2.277208 -0.669346
 444.000000 2.135324 -0.755861
 445.000000 2.254919 -0.745144
 446.000000 2.200456 -0.831637
 447.000000 2.256519 -0.832487
 448.000000 2.216021 -0.889078
 449.000000 2.327206 -0.770538
 450.000000 2.320988 -0.676714
 451.000000 2.209208 -0.707118
 452.000000 2.127932 -0.704410
 453.000000 2.140833 -0.718333
 454.000000 2.253385 -0.736130
 455.000000 2.237691 -0.706102
 456.000000 2.073535 -0.721763
 457.000000 2.235719 -0.778308
 458.000000 2.197361 -0.792551
 459.000000 2.218756 -0.783880
 460.000000 2.146921 -0.733695
 461.000000 2.251891 -0.721596
 462.000000 2.230936 -0.719405
 463.000000 2.204867 -0.697853
 464.000000 2.368034 -0.705825
 465.000000 2.139743 -0.783494
 466.000000 2.221118 -0.758175
 467.000000 2.223554 -0.767961
 468.000000 2.109819 -0.699703
 469.000000 2.134420 -0.769360
 470.000000 2.206584 -0.703679
 471.000000 2.232449 -0.621458
 472.000000 2.177708 -0.786433
 473.000000 2.141685 -0.797585
 474.000000 2.170617 -0.724197
 475.000000 2.189462 -0.747684
 476.000000 2.175457 -0.725282
 477.000000 2.249276 -0.806449
 478.000000 2.166256 -0.747215
 479.000000 2.190544 -0.745402
 480.000000 2.116599 -0.701795
 481.000000 2.161222 -0.822527
 482.000000 2.207181 -0.836386
 483.000000 2.176063 -0.786910
 484.000000 2.271426 -0.730825
 485.000000 2.228200 -0.688683
 486.000000 2.215942 -0.799773
 487.000000 2.182936 -0.750078
 488.000000 2.314689 -0.760914
 489.000000 2.269429 -0.626075
 490.000000 2.121191 -0.632586
 491.000000 2.151807 -0.613029
 492.000000 2.270488 -0.710917
 493.000000 2.231926 -0.669857
 494.000000 2.347715 -0.749719
 495.000000 2.329713 -0.693969
 496.000000 2.343508 -0.656256
 497.000000 2.254341 -0.778508
 498.000000 2.256976 -0.693268
 499.000000 2.286274 -0.586928
 500.000000 2.347253 -0.717135
 501.000000 2.181656 -0.588116
 502.000000 2.234100 -0.570725
 503.000000 2.222084 -0.613182
 504.000000 2.354520 -0.701945
 505.000000 2.159962 -0.667555
 506.000000 2.236458 -0.597898
 507.000000 2.221410 -0.743352
 508.000000 2.329015 -0.669854
 509.000000 2.257096 -0.733960
 510.000000 2.207933 -0.672357
 511.000000 2.241758 -0.685714
 512.000000 2.335980 -0.654022
 513.000000 2.317067 -0.601770
 514.000000 2.230145 -0.600421
 515.000000 2.228285 -0.637594
 516.000000 2.250845 -0.677733
 517.000000 2.228666 -0.640267
 518.000000 2.199652 -0.732827
 519.000000 2.194062 -0.774964
 520.000000 2.191717 -0.772333
 521.000000 2.124011 -0.780331
 522.000000 2.318461 -0.709144
 523.000000 2.173970 -0.791938
 524.000000 2.292304 -0.757883
 525.000000 2.268262 -0.665658
 526.000000 2.106109 -0.710295
 527.000000 2.287010 -0.717025
 528.000000 2.261489 -0.671013
 529.000000 2.188766 -0.635396
 530.000000 2.314043 -0.822471
 531.000000 2.098529 -0.616919
 532.000000 2.167262 -0.583960
 533.000000 2.327545 -0.741610
 534.000000 2.183674 -0.668854
 535.000000 2.164155 -0.672464
 536.000000 2.189033 -0.720129
 537.000000 2.248056 -0.748644
 538.000000 2.338079 -0.675629
 539.000000 2.154461 -0.719363
 540.000000 2.174125 -0.704492
 541.000000 2.296976 -0.700349
 542.000000 2.315677 -0.704629
 543.000000 2.335731 -0.606286
 544.000000 2.414226 -0.669194
 545.000000 2.281098 -0.595266
 546.000000 2.263559 -0.695127
 547.000000 2.252748 -0.690597
 548.000000 2.232314 -0.735223
 549.000000 2.267411 -0.742103
 550.000000 2.294630 -0.760276
 551.000000 2.275736 -0.634788
 552.000000 2.274189 -0.637786
 553.000000 2.258296 -0.549905
 554.000000 2.351564 -0.723714
 555.000000 2.263637 -0.671694
 556.000000 2.292429 -0.761903
 557.000000 2.310871 -0.722200
 558.000000 2.286262 -0.712356
 559.000000 2.342702 -0.657056
 560.000000 2.351719 -0.701513
 561.000000 2.288814 -0.639930
 562.000000 2.265612 -0.674738
 563.000000 2.208059 -0.694888
 564.000000 2.291937 -0.619641
 565.000000 2.189991 -0.648011
 566.000000 2.285179 -0.614728
 567.000000 2.249799 -0.705637
 568.000000 2.275471 -0.635845
 569.000000 2.350447 -0.613694
 570.000000 2.377964 -0.586804
 571.000000 2.282485 -0.579057
 572.000000 2.319537 -0.573016
 573.000000 2.263117 -0.612676
 574.000000 2.403221 -0.687246
 575.000000 2.259654 -0.616117
 576.000000 2.372379 -0.625492
 577.000000 2.359394 -0.579080
 578.000000 2.333286 -0.633530
 579.000000 2.219309 -0.617115
 580.000000 2.287038 -0.620438
 581.000000 2.204600 -0.647960
 582.000000 2.332778 -0.645094
 583.000000 2.235140 -0.682019
 584.000000 2.219245 -0.651321
 585.000000 2.343871 -0.684047
 586.000000 2.175525 -0.673921
 587.000000 2.332850 -0.713159
 588.000000 2.344404 -0.650708
 589.000000 2.197426 -0.522632
 590.000000 2.247508 -0.574233
 591.000000 2.266454 -0.572815
 592.000000 2.224159 -0.605555
 593.000000 2.088743 -0.613163
 594.000000 2.213966 -0.583351
 595.000000 2.275580 -0.631599
 596.000000 2.239129 -0.698456
 597.000000 2.322333 -0.670050
 598.000000 2.217076 -0.659811
 599.000000 2.214719 -0.693326
 600.000000 2.349760 -0.697120
 601.000000 2.282538 -0.658644
 602.000000 2.264225 -0.622546
 603.000000 2.288829 -0.727456
 604.000000 2.326750 -0.584511
 605.000000 2.330937 -0.658995
 606.000000 2.402603 -0.680630
 607.000000 2.255051 -0.695386
 608.000000 2.400987 -0.731000
 609.000000 2.197378 -0.637847
 610.000000 2.287197 -0.701837
 611.000000 2.316693 -0.687723
 612.000000 2.216613 -0.718432
 613.000000 2.346112 -0.667722
 614.000000 2.223100 -0.674954
 615.000000 2.315989 -0.687099
 616.000000 2.194917 -0.804547
 617.000000 2.307401 -0.765620
 618.000000 2.308668 -0.687493
 619.000000 2.267327 -0.722968
 620.000000 2.277276 -0.668643
 621.000000 2.260802 -0.648361
 622.000000 2.316300 -0.633533
 623.000000 2.346086 -0.606966
 624.000000 2.309108 -0.636299
 625.000000 2.278079 -0.629799
 626.000000 2.288228 -0.752007
 627.000000 2.214189 -0.618182
 628.000000 2.255460 -0.705841
 629.000000 2.225384 -0.711846
 630.000000 2.356599 -0.779257
 631.000000 2.279132 -0.738646
 632.000000 2.333798 -0.740370
 633.000000 2.218363 -0.720224
 634.000000 2.329575 -0.759654
 635.000000 2.206036 -0.661067
 636.000000 2.295298 -0.656087
 637.000000 2.216062 -0.698825
 638.000000 2.253558 -0.723754
 639.000000 2.266974 -0.706966
 640.000000 2.145189 -0.647346
 641.000000 2.226526 -0.672476
 642.000000 2.257303 -0.682831
 643.000000 2.178426 -0.653593
 644.000000 2.241138 -0.646844
 645.000000 2.160404 -0.691040
 646.000000 2.216126 -0.677288
 647.000000 2.239686 -0.719668
 648.000000 2.231803 -0.583027
 649.000000 2.294040 -0.714040
 650.000000 2.200279 -0.720108
 651.000000 2.173296 -0.741361
 652.000000 2.239889 -0.762729
 653.000000 2.252929 -0.667501
 654.000000 2.304168 -0.709175
 655.000000 2.271971 -0.659011
 656.000000 2.224835 -0.651856
 657.000000 2.315656 -0.625298
 658.000000 2.282545 -0.606982
 659.000000 2.326027 -0.568345
 660.000000 2.266146 -0.652757
 661.000000 2.245483 -0.698025
 662.000000 2.209762 -0.701784
 663.000000 2.273143 -0.687022
 664.000000 2.157979 -0.668923
 665.000000 2.252095 -0.735734
 666.000000 2.293738 -0.720575
 667.000000 2.277737 -0.703532
 668.000000 2.199674 -0.648506
 669.000000 2.232959 -0.660445
 670.000000 2.299644 -0.676820
 671.000000 2.248782 -0.657280
 672.000000 2.312180 -0.690312
 673.000000 2.220894 -0.659260
 674.000000 2.317462 -0.650851
 675.000000 2.297497 -0.686757
 676.000000 2.285075 -0.629112
 677.000000 2.295500 -0.674323
 678.000000 2.228228 -0.623634
 679.000000 2.341390 -0.624137
 680.000000 2.327134 -0.683335
 681.000000 2.320680 -0.812828
 682.000000 2.162431 -0.675098
 683.000000 2.322478 -0.700901
 684.000000 2.315064 -0.659125
 685.000000 2.142125 -0.690528
 686.000000 2.278026 -0.655384
 687.000000 2.222784 -0.655324
 688.000000 2.344508 -0.724374
 689.000000 2.320588 -0.620626
 690.000000 2.337121 -0.700798
 691.000000 2.292343 -0.729318
 692.000000 2.313077 -0.632105
 693.000000 2.405545 -0.618456
 694.000000 2.323749 -0.729823
 695.000000 2.343129 -0.663133
 696.000000 2.317954 -0.617416
 697.000000 2.231727 -0.680233
 698.000000 2.278830 -0.611968
 699.000000 2.343005 -0.732070
 700.000000 2.265244 -0.753771
 701.000000 2.315044 -0.678695
 702.000000 2.309657 -0.588619
 703.000000 2.204036 -0.662361
 704.000000 2.230228 -0.676357
 705.000000 2.242445 -0.723935
 706.000000 2.242086 -0.677163
 707.000000 2.239282 -0.714070
 708.000000 2.344417 -0.688765
 709.000000 2.255934 -0.631179
 710.000000 2.326175 -0.673903
 711.000000 2.288167 -0.661228
 712.000000 2.252687 -0.748707
 713.000000 2.270801 -0.670622
 714.000000 2.234621 -0.749918
 715.000000 2.272999 -0.692110
 716.000000 2.272796 -0.706083
 717.000000 2.204081 -0.705447
 718.000000 2.144078 -0.660718
 719.000000 2.272551 -0.684684
 720.000000 2.257666 -0.693149
 721.000000 2.306383 -0.651840
 722.000000 2.176306 -0.719513
 723.000000 2.208163 -0.666346
 724.000000 2.278882 -0.686150
 725.000000 2.216281 -0.652689
 726.000000 2.281044 -0.651857
 727.000000 2.204371 -0.651117
 728.000000 2.193756 -0.740582
 729.000000 2.174321 -0.732934
 730.000000 2.234531 -0.735445
 731.000000 2.311083 -0.677146
 732.000000 2.249076 -0.745031
 733.000000 2.340384 -0.700808
 734.000000 2.231721 -0.761981
 735.000000 2.308284 -0.686542
 736.000000 2.322660 -0.684786
 737.000000 2.300608 -0.676045
 738.000000 2.307692 -0.673744
 739.000000 2.293471 -0.622486
 740.000000 2.343850 -0.704365
 741.000000 2.353695 -0.694683
 742.000000 2.320207 -0.683244
 743.000000 2.372792 -0.577020
 744.000000 2.291524 -0.681170
 745.000000 2.286745 -0.729412
 746.000000 2.331375 -0.702343
 747.000000 2.319968 -0.719595
 748.000000 2.276655 -0.594896
 749.000000 2.347607 -0.744622
 750.000000 2.348138 -0.694094
 751.000000 2.291004 -0.661234
 752.000000 2.276963 -0.677925
 753.000000 2.338257 -0.654552
 754.000000 2.270902 -0.764281
 755.000000 2.318597 -0.747043
 756.000000 2.383846 -0.687770
 757.000000 2.334867 -0.734157
 758.000000 2.322052 -0.760104
 759.000000 2.335275 -0.678134
 760.000000 2.285226 -0.737139
 761.000000 2.296094 -0.684035
 762.000000 2.272667 -0.687921
 763.000000 2.318513 -0.722428
 764.000000 2.303960 -0.724660
 765.000000 2.320053 -0.624081
 766.000000 2.356077 -0.807282
 767.000000 2.242573 -0.696355
 768.000000 2.203151 -0.768972
 769.000000 2.276329 -0.643798
 770.000000 2.345293 -0.668701
 771.000000 2.331276 -0.766729
 772.000000 2.232329 -0.633195
 773.000000 2.211396 -0.747433
 774.000000 2.251540 -0.694517
 775.000000 2.290891 -0.689269
 776.000000 2.185602 -0.670398
 777.000000 2.366383 -0.731884
 778.000000 2.269196 -0.649940
 779.000000 2.316574 -0.743436
 780.000000 2.225187 -0.674180
 781.000000 2.380353 -0.623603
 782.000000 2.220665 -0.654624
 783.000000 2.322229 -0.694872
 784.000000 2.324229 -0.699912
 785.000000 2.190148 -0.768398
 786.000000 2.268099 -0.745038
 787.000000 2.345705 -0.699170
 788.000000 2.271182 -0.671362
 789.000000 2.256463 -0.840389
 790.000000 2.257664 -0.693030
 791.000000 2.328511 -0.725758
 792.000000 2.263435 -0.738129
 793.000000 2.250580 -0.709688
 794.000000 2.274673 -0.652767
 795.000000 2.217893 -0.709193
 796.000000 2.301513 -0.725159
 797.000000 2.239973 -0.673731
 798.000000 2.176146 -0.838329
 799.000000 2.206391 -0.715301
 800.000000 2.142018 -0.824362
 801.000000 2.229771 -0.732495
 802.000000 2.185257 -0.778038
 803.000000 2.214849 -0.752577
 804.000000 2.210058 -0.730275
 805.000000 2.203806 -0.724137
 806.000000 2.205883 -0.604613
 807.000000 2.334367 -0.657705
 808.000000 2.380190 -0.749175
 809.000000 2.332402 -0.690314
 810.000000 2.338975 -0.715125
 811.000000 2.366812 -0.675564
 812.000000 2.324054 -0.776837
 813.000000 2.311678 -0.776728
 814.000000 2.365503 -0.763420
 815.000000 2.238638 -0.698589
 816.000000 2.269141 -0.716567
 817.000000 2.242629 -0.654351
 818.000000 2.240938 -0.750263
 819.000000 2.358150 -0.699087
 820.000000 2.311447 -0.689022
 821.000000 2.167800 -0.683664
 822.000000 2.325592 -0.669650
 823.000000 2.172006 -0.704775
 824.000000 2.123517 -0.694297
 825.000000 2.241052 -0.689081
 826.000000 2.211332 -0.592165
 827.000000 2.230151 -0.726573
 828.000000 2.268502 -0.697812
 829.000000 2.328382 -0.709218
 830.000000 2.301264 -0.804766
 831.000000 2.176239 -0.524729
 832.000000 2.160509 -0.678152
 833.000000 2.254299 -0.671933
 834.000000 2.355848 -0.658774
 835.000000 2.101526 -0.735592
 836.000000 2.298035 -0.657990
 837.000000 2.317324 -0.594603
 838.000000 2.347740 -0.625476
 839.000000 2.213232 -0.660674
 840.000000 2.345472 -0.656167
 841.000000 2.079835 -0.720683
 842.000000 2.241998 -0.661057
 843.000000 2.164942 -0.628205
 844.000000 2.248958 -0.564901
 845.000000 2.323073 -0.670896
 846.000000 2.188372 -0.678947
 847.000000 2.156934 -0.644330
 848.000000 2.178709 -0.708134
 849.000000 2.076147 -0.691633
 850.000000 2.221390 -0.748075
 851.000000 2.263318 -0.577451
 852.000000 2.275358 -0.661504
 853.000000 2.248040 -0.597492
 854.000000 2.147261 -0.635802
 855.000000 2.105679 -0.626692
 856.000000 2.295817 -0.721155
 857.000000 2.251476 -0.720687
 858.000000 2.167503 -0.659447
 859.000000 2.283476 -0.660694
 860.000000 2.358047 -0.616103
 861.000000 2.360022 -0.584297
 862.000000 2.116574 -0.656957
 863.000000 2.178684 -0.648037
 864.000000 2.212959 -0.675508
 865.000000 2.234739 -0.676317
 866.000000 2.221680 -0.636955
 867.000000 2.245167 -0.669498
 868.000000 2.173624 -0.609544
 869.000000 2.310900 -0.670919
 870.000000 2.251992 -0.721224
 871.000000 2.285956 -0.766388
 872.000000 2.281742 -0.718297
 873.000000 2.275338 -0.728290
 874.000000 2.290675 -0.629054
 875.000000 2.435363 -0.674307
 876.000000 2.240388 -0.661884
 877.000000 2.355998 -0.616021
 878.000000 2.253949 -0.677768
 879.000000 2.295604 -0.684697
 880.000000 2.282109 -0.677674
 881.000000 2.276789 -0.661279
 882.000000 2.345903 -0.689809
 883.000000 2.285615 -0.644866
 884.000000 2.393173 -0.693224
 885.000000 2.330991 -0.767687
 886.000000 2.284372 -0.667697
 887.000000 2.256546 -0.602525
 888.000000 2.229774 -0.642528
 889.000000 2.180187 -0.616828
 890.000000 2.246797 -0.611750
 891.000000 2.301612 -0.687640
 892.000000 2.271589 -0.680808
 893.000000 2.256457 -0.639431
 894.000000 2.320985 -0.696864
 895.000000 2.188669 -0.705798
 896.000000 2.243506 -0.704417
 897.000000 2.345023 -0.702914
 898.000000 2.276058 -0.716915
 899.000000 2.277826 -0.727611
 900.000000 2.336030 -0.709832
 901.000000 2.221338 -0.760726
 902.000000 2.229680 -0.663033
 903.000000 2.208495 -0.741290
 904.000000 2.228168 -0.759121
 905.000000 2.239804 -0.749288
 906.000000 2.283376 -0.725952
 907.000000 2.159925 -0.751296
 908.000000 2.266036 -0.758345
 909.000000 2.219136 -0.796042
 910.000000 2.286310 -0.638444
 911.000000 2.264276 -0.683295
 912.000000 2.223175 -0.635752
 913.000000 2.291995 -0.668629
 914.000000 2.232802 -0.644354
 915.000000 2.117765 -0.671238
 916.000000 2.297305 -0.747529
 917.000000 2.223805 -0.633560
 918.000000 2.233721 -0.630364
 919.000000 2.249909 -0.588755
 920.000000 2.254368 -0.711606
 921.000000 2.257200 -0.737181
 922.000000 2.183486 -0.652631
 923.000000 2.324953 -0.716528
 924.000000 2.196803 -0.671466
 925.000000 2.348774 -0.724433
 926.000000 2.172141 -0.670707
 927.000000 2.127096 -0.677315
 928.000000 2.161116 -0.659549
 929.000000 2.217489 -0.692461
 930.000000 2.219221 -0.750992
 931.000000 2.138164 -0.661993
 932.000000 2.294442 -0.664949
 933.000000 2.332573 -0.645115
 934.000000 2.439805 -0.683570
 935.000000 2.187287 -0.617135
 936.000000 2.337708 -0.627354
 937.000000 2.292919 -0.649193
 938.000000 2.235773 -0.642628
 939.000000 2.206637 -0.599192
 940.000000 2.170881 -0.681408
 941.000000 2.282202 -0.720194
 942.000000 2.222522 -0.701103
 943.000000 2.260539 -0.688611
 944.000000 2.178376 -0.710128
 945.000000 2.278667 -0.717606
 946.000000 2.287874 -0.707021
 947.000000 2.250946 -0.795687
 948.000000 2.305904 -0.718094
 949.000000 2.175437 -0.683288
 950.000000 2.279222 -0.788019
 951.000000 2.410359 -0.668935
 952.000000 2.225826 -0.693756
 953.000000 2.287152 -0.691919
 954.000000 2.287834 -0.763684
 955.000000 2.220932 -0.625676
 956.000000 2.239017 -0.665985
 957.000000 2.344422 -0.689751
 958.000000 2.236413 -0.620369
 959.000000 2.321020 -0.693693
 960.000000 2.235177 -0.670865
 961.000000 2.161994 -0.770713
 962.000000 2.279349 -0.750095
 963.000000 2.306743 -0.618913
 964.000000 2.217975 -0.620962
 965.000000 2.268778 -0.665916
 966.000000 2.255352 -0.676941
 967.000000 2.256628 -0.617051
 968.000000 2.300156 -0.519454
 969.000000 2.184708 -0.688202
 970.000000 2.232976 -0.655833
 971.000000 2.171301 -0.663010
 972.000000 2.221450 -0.679279
 973.000000 2.198332 -0.811437
 974.000000 2.252940 -0.687869
 975.000000 2.225925 -0.762862
 976.000000 2.260716 -0.753638
 977.000000 2.269621 -0.618402
 978.000000 2.208027 -0.701595
 979.000000 2.233659 -0.704782
 980.000000 2.161999 -0.618765
 981.000000 2.241432 -0.600756
 982.000000 2.240401 -0.647752
 983.000000 2.175495 -0.691241
 984.000000 2.325702 -0.590778
 985.000000 2.318649 -0.614482
 986.000000 2.304431 -0.711279
 987.000000 2.426646 -0.646710
 988.000000 2.344259 -0.695172
 989.000000 2.211838 -0.734022
 990.000000 2.207308 -0.701983
 991.000000 2.365363 -0.624248
 992.000000 2.185670 -0.696904
 993.000000 2.186807 -0.609073
 994.000000 2.266257 -0.734939
 995.000000 2.212246 -0.692879
 996.000000 2.311013 -0.553205
 997.000000 2.254305 -0.547888
 998.000000 2.293866 -0.671724
 999.000000 2.129985 -0.580451
 1000.000000 2.215112 -0.685218
 1001.000000 2.176237 -0.688433
 1002.000000 2.149778 -0.603703
 1003.000000 2.275917 -0.681876
 1004.000000 2.239325 -0.666178
 1005.000000 2.138122 -0.714162
 1006.000000 2.317495 -0.723396
 1007.000000 2.177128 -0.726488
 1008.000000 2.286825 -0.679769
 1009.000000 2.275974 -0.672988
 1010.000000 2.327567 -0.809160
 1011.000000 2.244995 -0.793569
 1012.000000 2.287330 -0.752081
 1013.000000 2.146870 -0.715600
 1014.000000 2.211486 -0.659768
 1015.000000 2.227815 -0.694615
 1016.000000 2.237703 -0.777248
 1017.000000 2.249120 -0.681916
 1018.000000 2.345783 -0.692400
 1019.000000 2.239698 -0.726695
 1020.000000 2.152405 -0.674231
 1021.000000 2.253831 -0.699398
 1022.000000 2.190623 -0.692740
 1023.000000 2.186763 -0.678250
 1024.000000 2.230117 -0.650533
 1025.000000 2.299735 -0.724251
 1026.000000 2.276343 -0.626947
 1027.000000 2.224493 -0.596145
 1028.000000 2.250851 -0.662676
 1029.000000 2.177836 -0.724321
 1030.000000 2.219417 -0.692952
 1031.000000 2.238858 -0.683595
 1032.000000 2.190164 -0.728403
 1033.000000 2.164142 -0.655500
 1034.000000 2.078183 -0.694193
 1035.000000 2.221324 -0.718056
 1036.000000 2.202054 -0.737412
 1037.000000 2.281717 -0.697170
 1038.000000 2.273463 -0.742377
 1039.000000 2.226847 -0.723997
 1040.000000 2.293013 -0.758388
 1041.000000 2.244379 -0.740886
 1042.000000 2.107948 -0.645306
 1043.000000 2.231070 -0.746646
 1044.000000 2.186760 -0.676009
 1045.000000 2.250153 -0.670776
 1046.000000 2.224729 -0.736294
 1047.000000 2.281268 -0.614312
 1048.000000 2.320028 -0.668165
 1049.000000 2.243497 -0.716346
 1050.000000 2.369294 -0.724949
 1051.000000 2.180178 -0.662803
 1052.000000 2.243545 -0.657668
 1053.000000 2.219184 -0.746332
 1054.000000 2.293888 -0.704539
 1055.000000 2.185532 -0.776210
 1056.000000 2.224576 -0.720215
 1057.000000 2.282296 -0.743807
 1058.000000 2.211552 -0.589038
 1059.000000 2.335095 -0.700131
 1060.000000 2.330338 -0.724580
 1061.000000 2.138523 -0.674720
 1062.000000 2.194150 -0.752282
 1063.000000 2.231650 -0.710948
 1064.000000 2.263755 -0.682843
 1065.000000 2.207243 -0.705483
 1066.000000 2.274379 -0.640139
 1067.000000 2.261707 -0.607553
 1068.000000 2.295566 -0.648331
 1069.000000 2.257759 -0.677152
 1070.000000 2.168613 -0.700864
 1071.000000 2.211711 -0.756796
 1072.000000 2.354224 -0.669804
 1073.000000 2.247307 -0.761712
 1074.000000 2.271585 -0.710508
 1075.000000 2.159375 -0.684421
 1076.000000 2.184433 -0.667374
 1077.000000 2.371799 -0.731386
 1078.000000 2.124190 -0.798284
 1079.000000 2.245643 -0.718620
 1080.000000 2.222506 -0.604598
 1081.000000 2.216409 -0.698410
 1082.000000 2.314993 -0.743060
 1083.000000 2.214823 -0.542593
 1084.000000 2.325709 -0.709173
 1085.000000 2.262319 -0.713245
 1086.000000 2.152111 -0.698186
 1087.000000 2.230242 -0.643583
 1088.000000 2.250760 -0.759942
 1089.000000 2.256864 -0.700256
 1090.000000 2.200632 -0.650778
 1091.000000 2.312491 -0.695975
 1092.000000 2.185102 -0.676445
 1093.000000 2.150385 -0.762182
 1094.000000 2.329906 -0.686543
 1095.000000 2.286440 -0.725185
 1096.000000 2.185346 -0.646080
 1097.000000 2.302765 -0.709494
 1098.000000 2.260020 -0.732421
 1099.000000 2.185259 -0.659683
 1100.000000 2.137981 -0.659699
 1101.000000 2.205719 -0.700746
 1102.000000 2.243674 -0.600118
 1103.000000 2.251897 -0.669665
 1104.000000 2.214612 -0.684232
 1105.000000 2.136610 -0.653411
 1106.000000 2.225742 -0.700323
 1107.000000 2.257476 -0.690453
 1108.000000 2.199867 -0.635089
 1109.000000 2.251341 -0.559714
 1110.000000 2.261910 -0.621343
 1111.000000 2.164853 -0.676801
 1112.000000 2.220129 -0.621766
 1113.000000 2.221829 -0.668157
 1114.000000 2.164258 -0.742974
 1115.000000 2.220857 -0.624088
 1116.000000 2.322438 -0.603933
 1117.000000 2.285345 -0.607792
 1118.000000 2.295080 -0.599148
 1119.000000 2.244834 -0.530007
 1120.000000 2.150937 -0.595118
 1121.000000 2.237376 -0.665615
 1122.000000 2.305236 -0.604460
 1123.000000 2.264773 -0.609370
 1124.000000 2.279147 -0.646060
 1125.000000 2.209728 -0.615615
 1126.000000 2.182450 -0.629369
 1127.000000 2.226888 -0.632030
 1128.000000 2.192636 -0.586794
 1129.000000 2.217469 -0.644160
 1130.000000 2.325780 -0.654438
 1131.000000 2.253960 -0.633507
 1132.000000 2.288571 -0.664616
 1133.000000 2.258045 -0.607157
 1134.000000 2.301941 -0.731920
 1135.000000 2.248537 -0.589030
 1136.000000 2.260754 -0.733326
 1137.000000 2.223015 -0.660248
 1138.000000 2.376050 -0.750832
 1139.000000 2.247566 -0.745904
 1140.000000 2.232144 -0.719263
 1141.000000 2.303101 -0.766687
 1142.000000 2.260965 -0.645499
 1143.000000 2.301591 -0.648019
 1144.000000 2.246845 -0.655690
 1145.000000 2.257927 -0.663354
 1146.000000 2.269289 -0.674392
 1147.000000 2.329846 -0.697523
 1148.000000 2.183674 -0.740816
 1149.000000 2.290887 -0.748068
 1150.000000 2.366752 -0.694593
 1151.000000 2.310475 -0.803182
 1152.000000 2.182522 -0.790880
 1153.000000 2.274932 -0.637802
 1154.000000 2.251815 -0.692345
 1155.000000 2.370468 -0.725724
 1156.000000 2.282372 -0.683473
 1157.000000 2.145196 -0.654699
 1158.000000 2.233105 -0.688732
 1159.000000 2.333813 -0.692654
 1160.000000 2.203697 -0.797009
 1161.000000 2.200384 -0.748176
 1162.000000 2.323782 -0.705552
 1163.000000 2.278616 -0.664299
 1164.000000 2.303968 -0.655725
 1165.000000 2.239222 -0.687192
 1166.000000 2.253487 -0.748125
 1167.000000 2.238533 -0.655751
 1168.000000 2.364129 -0.686887
 1169.000000 2.253886 -0.632126
 1170.000000 2.215439 -0.633105
 1171.000000 2.265067 -0.651201
 1172.000000 2.237912 -0.671391
 1173.000000 2.352332 -0.659323
 1174.000000 2.150155 -0.679456
 1175.000000 2.261416 -0.650456
 1176.000000 2.264681 -0.708841
 1177.000000 2.248361 -0.688205
 1178.000000 2.284115 -0.685238
 1179.000000 2.220639 -0.667827
 1180.000000 2.220914 -0.705240
 1181.000000 2.274748 -0.760372
 1182.000000 2.254704 -0.535916
 1183.000000 2.217170 -0.735940
 1184.000000 2.178954 -0.693826
 1185.000000 2.224951 -0.674062
 1186.000000 2.305329 -0.745277
 1187.000000 2.235397 -0.791111
 1188.000000 2.322810 -0.693860
 1189.000000 2.245365 -0.671060
 1190.000000 2.211915 -0.685689
 1191.000000 2.283702 -0.702751
 1192.000000 2.197844 -0.666158
 1193.000000 2.270950 -0.694031
 1194.000000 2.294217 -0.758404
 1195.000000 2.323409 -0.773827
 1196.000000 2.208214 -0.646007
 1197.000000 2.204845 -0.713885
 1198.000000 2.240352 -0.734146
 1199.000000 2.185834 -0.662843
 1200.000000 2.293116 -0.627119
 1201.000000 2.263927 -0.637807
 1202.000000 2.135913 -0.617542
 1203.000000 2.230239 -0.622792
 1204.000000 2.206424 -0.631343
 1205.000000 2.334614 -0.674223
 1206.000000 2.218600 -0.720842
 1207.000000 2.244127 -0.669623
 1208.000000 2.201085 -0.606777
 1209.000000 2.192589 -0.646076
 1210.000000 2.331296 -0.710284
 1211.000000 2.182470 -0.674833
 1212.000000 2.208156 -0.618023
 1213.000000 2.344791 -0.646354
 1214.000000 2.263236 -0.711143
 1215.000000 2.177029 -0.756154
 1216.000000 2.192985 -0.624445
 1217.000000 2.170203 -0.734003
 1218.000000 2.206105 -0.662442
 1219.000000 2.283568 -0.624571
 1220.000000 2.364703 -0.619078
 1221.000000 2.238613 -0.604549
 1222.000000 2.309136 -0.630760
 1223.000000 2.231079 -0.613810
 1224.000000 2.300287 -0.640845
 1225.000000 2.213429 -0.631488
 1226.000000 2.196455 -0.686783
 1227.000000 2.197197 -0.697991
 1228.000000 2.353252 -0.716362
 1229.000000 2.341878 -0.653201
 1230.000000 2.222179 -0.701955
 1231.000000 2.212058 -0.642637
 1232.000000 2.215454 -0.561315
 1233.000000 2.357994 -0.681345
 1234.000000 2.283211 -0.678478
 1235.000000 2.225856 -0.705584
 1236.000000 2.284554 -0.664363
 1237.000000 2.209659 -0.614178
 1238.000000 2.309559 -0.622977
 1239.000000 2.313202 -0.711909
 1240.000000 2.258942 -0.704859
 1241.000000 2.378945 -0.533247
 1242.000000 2.258456 -0.680032
 1243.000000 2.246405 -0.628067
 1244.000000 2.191783 -0.709231
 1245.000000 2.257468 -0.659028
 1246.000000 2.269411 -0.678401
 1247.000000 2.321707 -0.782562
 1248.000000 2.201626 -0.661309
 1249.000000 2.271905 -0.713353
 1250.000000 2.169001 -0.722182
 1251.000000 2.241003 -0.754243
 1252.000000 2.348440 -0.671702
 1253.000000 2.231857 -0.570411
 1254.000000 2.266986 -0.651578
 1255.000000 2.300313 -0.687859
 1256.000000 2.279108 -0.707674
 1257.000000 2.188665 -0.580412
 1258.000000 2.324492 -0.727132
 1259.000000 2.265042 -0.607843
 1260.000000 2.293419 -0.604768
 1261.000000 2.224952 -0.614120
 1262.000000 2.190768 -0.728742
 1263.000000 2.304496 -0.610462
 1264.000000 2.331499 -0.621230
 1265.000000 2.317315 -0.660373
 1266.000000 2.267165 -0.744640
 1267.000000 2.355926 -0.743271
 1268.000000 2.228765 -0.732673
 1269.000000 2.240291 -0.721971
 1270.000000 2.215015 -0.677009
 1271.000000 2.332054 -0.698920
 1272.000000 2.189237 -0.684458
 1273.000000 2.301177 -0.686558
 1274.000000 2.273944 -0.743631
 1275.000000 2.317550 -0.582499
 1276.000000 2.296018 -0.688126
 1277.000000 2.231810 -0.704506
 1278.000000 2.277640 -0.669673
 1279.000000 2.210169 -0.612004
 1280.000000 2.219175 -0.676239
 1281.000000 2.243341 -0.760149
 1282.000000 2.202268 -0.685560
 1283.000000 2.264116 -0.693447
 1284.000000 2.142916 -0.690625
 1285.000000 2.255121 -0.635078
 1286.000000 2.147119 -0.655940
 1287.000000 2.215376 -0.628814
 1288.000000 2.239719 -0.723058
 1289.000000 2.243480 -0.693909
 1290.000000 2.220934 -0.663808
 1291.000000 2.322235 -0.654867
 1292.000000 2.209246 -0.667309
 1293.000000 2.291063 -0.640037
 1294.000000 2.335544 -0.695753
 1295.000000 2.232645 -0.635267
 1296.000000 2.310881 -0.725231
 1297.000000 2.232980 -0.687581
 1298.000000 2.269456 -0.706030
 1299.000000 2.267468 -0.645708
 1300.000000 2.213144 -0.664190
 1301.000000 2.146696 -0.643437
 1302.000000 2.220314 -0.631744
 1303.000000 2.223816 -0.702627
 1304.000000 2.221595 -0.583687
 1305.000000 2.257449 -0.632115
 1306.000000 2.281243 -0.661395
 1307.000000 2.262637 -0.654981
 1308.000000 2.329399 -0.698238
 1309.000000 2.314597 -0.665611
 1310.000000 2.321163 -0.628238
 1311.000000 2.208715 -0.736277
 1312.000000 2.292259 -0.590310
 1313.000000 2.306673 -0.647281
 1314.000000 2.157471 -0.654987
 1315.000000 2.251365 -0.719751
 1316.000000 2.186131 -0.615123
 1317.000000 2.308572 -0.576682
 1318.000000 2.157835 -0.574309
 1319.000000 2.256639 -0.660218
 1320.000000 2.285134 -0.646640
 1321.000000 2.249107 -0.699243
 1322.000000 2.260099 -0.659761
 1323.000000 2.337642 -0.753232
 1324.000000 2.177434 -0.715122
 1325.000000 2.258979 -0.736315
 1326.000000 2.223181 -0.628701
 1327.000000 2.190045 -0.670482
 1328.000000 2.206533 -0.705673
 1329.000000 2.219155 -0.689516
 1330.000000 2.153929 -0.727231
 1331.000000 2.207669 -0.599544
 1332.000000 2.300438 -0.702594
 1333.000000 2.190112 -0.666288
 1334.000000 2.289008 -0.710065
 1335.000000 2.322912 -0.689073
 1336.000000 2.210119 -0.757148
 1337.000000 2.174101 -0.720794
 1338.000000 2.137402 -0.709085
 1339.000000 2.167189 -0.628770
 1340.000000 2.218262 -0.697144
 1341.000000 2.218156 -0.807239
 1342.000000 2.164702 -0.624582
 1343.000000 2.228467 -0.688154
 1344.000000 2.075187 -0.656413
 1345.000000 2.222861 -0.633480
 1346.000000 2.076633 -0.707830
 1347.000000 2.224663 -0.698541
 1348.000000 2.166941 -0.671170
 1349.000000 2.162389 -0.718769
 1350.000000 2.191764 -0.638379
 1351.000000 2.202264 -0.738977
 1352.000000 2.040731 -0.629088
 1353.000000 2.256925 -0.675706
 1354.000000 2.187116 -0.793025
 1355.000000 2.152339 -0.703957
 1356.000000 2.235986 -0.746545
 1357.000000 2.165230 -0.710001
 1358.000000 2.162357 -0.696645
 1359.000000 2.280199 -0.695273
 1360.000000 2.163256 -0.619838
 1361.000000 2.217606 -0.668901
 1362.000000 2.290631 -0.706432
 1363.000000 2.244576 -0.737961
 1364.000000 2.198986 -0.836173
 1365.000000 2.259190 -0.699048
 1366.000000 2.149457 -0.670895
 1367.000000 2.225356 -0.725862
 1368.000000 2.193444 -0.742177
 1369.000000 2.174735 -0.780181
 1370.000000 2.296425 -0.628628
 1371.000000 2.279629 -0.623200
 1372.000000 2.246008 -0.793663
 1373.000000 2.251307 -0.736394
 1374.000000 2.135854 -0.618472
 1375.000000 2.263628 -0.768158
 1376.000000 2.263803 -0.674144
 1377.000000 2.223508 -0.641163
 1378.000000 2.202693 -0.687212
 1379.000000 2.233993 -0.535586
 1380.000000 2.140056 -0.761049
 1381.000000 2.204638 -0.705631
 1382.000000 2.146388 -0.707976
 1383.000000 2.300614 -0.774391
 1384.000000 2.351401 -0.869488
 1385.000000 2.346039 -0.832862
 1386.000000 2.272736 -0.806813
 1387.000000 2.216577 -0.781546
 1388.000000 2.299595 -0.740053
 1389.000000 2.284082 -0.745873
 1390.000000 2.248339 -0.781007
 1391.000000 2.242611 -0.717516
 1392.000000 2.319695 -0.660619
 1393.000000 2.230146 -0.784102
 1394.000000 2.269562 -0.741536
 1395.000000 2.269370 -0.744420
 1396.000000 2.235502 -0.813447
 1397.000000 2.233033 -0.744266
 1398.000000 2.242049 -0.769581
 1399.000000 2.249736 -0.689024
 1400.000000 2.279195 -0.827776
 1401.000000 2.169537 -0.807852
 1402.000000 2.269696 -0.715434
 1403.000000 2.243056 -0.811651
 1404.000000 2.243506 -0.623971
 1405.000000 2.137899 -0.779984
 1406.000000 2.275046 -0.817525
 1407.000000 2.259915 -0.820899
 1408.000000 2.262279 -0.701917
 1409.000000 2.161448 -0.820337
 1410.000000 2.232174 -0.777254
 1411.000000 2.291256 -0.728992
 1412.000000 2.319010 -0.724878
 1413.000000 2.313910 -0.774942
 1414.000000 2.312863 -0.789365
 1415.000000 2.133756 -0.734620
 1416.000000 2.143322 -0.773047
 1417.000000 2.239966 -0.752440
 1418.000000 2.359793 -0.693596
 1419.000000 2.371707 -0.755058
 1420.000000 2.188896 -0.721349
 1421.000000 2.318048 -0.715262
 1422.000000 2.353001 -0.708867
 1423.000000 2.191624 -0.726999
 1424.000000 2.208457 -0.643291
 1425.000000 2.039817 -0.685593
 1426.000000 2.245040 -0.696044
 1427.000000 2.245595 -0.733731
 1428.000000 2.304182 -0.661480
 1429.000000 2.350499 -0.675641
 1430.000000 2.212419 -0.651231
 1431.000000 2.341843 -0.654364
 1432.000000 2.246504 -0.801493
 1433.000000 2.229748 -0.682987
 1434.000000 2.271970 -0.715541
 1435.000000 2.253216 -0.734855
 1436.000000 2.223473 -0.699359
 1437.000000 2.326182 -0.785097
 1438.000000 2.287959 -0.640575
 1439.000000 2.257285 -0.703643
 1440.000000 2.236037 -0.730340
 1441.000000 2.229229 -0.666944
 1442.000000 2.270827 -0.769045
 1443.000000 2.373763 -0.758255
 1444.000000 2.238643 -0.751830
 1445.000000 2.233701 -0.761191
 1446.000000 2.289386 -0.791797
 1447.000000 2.378725 -0.675154
 1448.000000 2.245636 -0.688323
 1449.000000 2.230299 -0.716299
 1450.000000 2.318546 -0.704095
 1451.000000 2.150345 -0.609054
 1452.000000 2.208517 -0.695932
 1453.000000 2.233399 -0.702569
 1454.000000 2.196611 -0.691683
 1455.000000 2.257721 -0.663631
 1456.000000 2.272572 -0.766974
 1457.000000 2.214808 -0.687789
 1458.000000 2.192080 -0.723438
 1459.000000 2.252830 -0.727270
 1460.000000 2.248090 -0.707184
 1461.000000 2.258428 -0.770511
 1462.000000 2.260061 -0.680288
 1463.000000 2.303210 -0.651448
 1464.000000 2.334307 -0.691758
 1465.000000 2.216791 -0.653215
 1466.000000 2.267232 -0.692434
 1467.000000 2.165627 -0.712887
 1468.000000 2.264389 -0.689007
 1469.000000 2.171248 -0.695315
 1470.000000 2.173196 -0.684118
 1471.000000 2.244642 -0.685749
 1472.000000 2.225761 -0.708602
 1473.000000 2.277676 -0.719742
 1474.000000 2.277835 -0.636254
 1475.000000 2.253377 -0.721973
 1476.000000 2.177494 -0.745015
 1477.000000 2.252875 -0.711534
 1478.000000 2.258779 -0.750231
 1479.000000 2.257363 -0.637909
 1480.000000 2.277464 -0.693868
 1481.000000 2.204018 -0.667376
 1482.000000 2.261834 -0.659155
 1483.000000 2.208722 -0.684549
 1484.000000 2.208192 -0.622416
 1485.000000 2.247432 -0.696815
 1486.000000 2.240680 -0.702207
 1487.000000 2.157263 -0.736328
 1488.000000 2.326720 -0.692068
 1489.000000 2.264868 -0.664591
 1490.000000 2.287086 -0.676138
 1491.000000 2.285392 -0.706666
 1492.000000 2.239666 -0.704156
 1493.000000 2.243787 -0.561037
 1494.000000 2.256653 -0.700513
 1495.000000 2.273558 -0.788709
 1496.000000 2.205904 -0.677460
 1497.000000 2.223319 -0.784701
 1498.000000 2.231511 -0.651187
 1499.000000 2.262286 -0.698459
 1500.000000 2.276128 -0.742266
 1501.000000 2.181030 -0.779076
 1502.000000 2.128872 -0.683123
 1503.000000 2.359217 -0.730713
 1504.000000 2.261370 -0.662569
 1505.000000 2.326696 -0.668767
 1506.000000 2.232887 -0.631924
 1507.000000 2.213526 -0.637674
 1508.000000 2.273422 -0.742862
 1509.000000 2.228543 -0.782827
 1510.000000 2.233695 -0.714888
 1511.000000 2.225483 -0.687195
 1512.000000 2.263468 -0.699219
 1513.000000 2.288004 -0.669423
 1514.000000 2.346461 -0.728183
 1515.000000 2.312510 -0.801551
 1516.000000 2.345053 -0.742541
 1517.000000 2.331300 -0.780520
 1518.000000 2.375173 -0.688391
 1519.000000 2.291775 -0.671848
 1520.000000 2.408635 -0.736817
 1521.000000 2.222169 -0.582759
 1522.000000 2.225542 -0.764254
 1523.000000 2.196196 -0.652588
 1524.000000 2.178270 -0.782287
 1525.000000 2.241650 -0.633354
 1526.000000 2.244842 -0.684701
 1527.000000 2.283947 -0.721916
 1528.000000 2.269479 -0.681215
 1529.000000 2.347656 -0.639510
 1530.000000 2.195549 -0.601990
 1531.000000 2.360338 -0.657311
 1532.000000 2.143247 -0.724470
 1533.000000 2.220708 -0.691442
 1534.000000 2.277801 -0.743358
 1535.000000 2.214038 -0.697179
 1536.000000 2.263822 -0.756659
 1537.000000 2.264730 -0.708433
 1538.000000 2.284060 -0.713296
 1539.000000 2.282138 -0.681000
 1540.000000 2.222111 -0.689403
 1541.000000 2.315023 -0.794055
 1542.000000 2.347451 -0.694533
 1543.000000 2.369643 -0.750883
 1544.000000 2.252133 -0.742203
 1545.000000 2.270818 -0.674222
 1546.000000 2.303524 -0.682418
 1547.000000 2.289272 -0.678821
 1548.000000 2.176863 -0.691247
 1549.000000 2.308229 -0.642251
 1550.000000 2.117981 -0.722503
 1551.000000 2.336493 -0.706732
 1552.000000 2.260091 -0.658039
 1553.000000 2.231125 -0.664709
 1554.000000 2.347408 -0.618836
 1555.000000 2.304065 -0.675562
 1556.000000 2.226376 -0.700780
 1557.000000 2.301153 -0.625182
 1558.000000 2.330993 -0.654730
 1559.000000 2.238400 -0.638795
 1560.000000 2.403929 -0.691161
 1561.000000 2.369968 -0.683554
 1562.000000 2.287731 -0.683788
 1563.000000 2.309185 -0.736069
 1564.000000 2.271357 -0.636510
 1565.000000 2.231473 -0.699889
 1566.000000 2.241496 -0.736922
 1567.000000 2.314562 -0.707572
 1568.000000 2.252943 -0.655594
 1569.000000 2.265652 -0.763387
 1570.000000 2.269631 -0.567589
 1571.000000 2.304706 -0.657533
 1572.000000 2.232132 -0.689505
 1573.000000 2.215496 -0.704670
 1574.000000 2.256871 -0.688038
 1575.000000 2.164069 -0.738833
 1576.000000 2.198103 -0.679694
 1577.000000 2.197730 -0.707169
 1578.000000 2.231623 -0.673601
 1579.000000 2.291987 -0.705311
 1580.000000 2.237140 -0.784785
 1581.000000 2.215504 -0.824723
 1582.000000 2.284655 -0.602010
 1583.000000 2.224382 -0.746421
 1584.000000 2.272280 -0.733473
 1585.000000 2.372922 -0.786522
 1586.000000 2.344106 -0.704230
 1587.000000 2.241007 -0.767415
 1588.000000 2.243961 -0.636137
 1589.000000 2.271225 -0.684081
 1590.000000 2.214205 -0.719417
 1591.000000 2.305526 -0.721510
 1592.000000 2.307461 -0.650021
 1593.000000 2.341028 -0.759431
 1594.000000 2.311955 -0.675704
 1595.000000 2.258288 -0.716998
 1596.000000 2.272574 -0.717705
 1597.000000 2.248286 -0.657233
 1598.000000 2.144081 -0.662199
 1599.000000 2.301154 -0.605002
 1600.000000 2.174266 -0.622111
 1601.000000 2.216809 -0.661774
 1602.000000 2.233990 -0.663690
 1603.000000 2.205451 -0.698816
 1604.000000 2.267338 -0.686509
 1605.000000 2.159007 -0.683360
 1606.000000 2.322151 -0.797982
 1607.000000 2.305801 -0.856937
 1608.000000 2.365567 -0.706385
 1609.000000 2.299838 -0.729328
 1610.000000 2.324735 -0.786376
 1611.000000 2.283629 -0.779101
 1612.000000 2.190091 -0.741825
 1613.000000 2.282134 -0.756059
 1614.000000 2.329909 -0.769890
 1615.000000 2.328272 -0.650955
 1616.000000 2.349227 -0.795344
 1617.000000 2.246557 -0.752631
 1618.000000 2.299624 -0.668976
 1619.000000 2.331907 -0.703696
 1620.000000 2.212852 -0.649072
 1621.000000 2.227976 -0.758801
 1622.000000 2.157884 -0.669782
 1623.000000 2.343563 -0.681502
 1624.000000 2.235439 -0.646028
 1625.000000 2.396745 -0.678114
 1626.000000 2.159493 -0.700688
 1627.000000 2.266682 -0.689645
 1628.000000 2.208623 -0.679346
 1629.000000 2.274357 -0.727425
 1630.000000 2.213071 -0.753604
 1631.000000 2.143781 -0.742978
 1632.000000 2.264206 -0.682398
 1633.000000 2.251272 -0.725013
 1634.000000 2.297851 -0.761951
 1635.000000 2.181225 -0.602875
 1636.000000 2.149616 -0.717821
 1637.000000 2.306412 -0.757549
 1638.000000 2.339335 -0.799717
 1639.000000 2.309096 -0.725884
 1640.000000 2.310313 -0.684306
 1641.000000 2.334131 -0.678870
 1642.000000 2.200137 -0.664993
 1643.000000 2.265498 -0.696007
 1644.000000 2.248572 -0.605237
 1645.000000 2.304195 -0.678857
 1646.000000 2.162935 -0.768090
 1647.000000 2.256302 -0.680321
 1648.000000 2.323179 -0.728415
 1649.000000 2.249011 -0.716592
 1650.000000 2.251048 -0.747647
 1651.000000 2.263484 -0.784366
 1652.000000 2.203908 -0.821983
 1653.000000 2.246176 -0.779430
 1654.000000 2.237310 -0.761151
 1655.000000 2.352015 -0.759795
 1656.000000 2.295986 -0.651856
 1657.000000 2.354929 -0.715968
 1658.000000 2.254792 -0.742142
 1659.000000 2.154408 -0.726352
 1660.000000 2.256732 -0.689957
 1661.000000 2.209441 -0.746075
 1662.000000 2.385661 -0.824045
 1663.000000 2.324208 -0.763729
 1664.000000 2.352781 -0.729950
 1665.000000 2.197314 -0.719105
 1666.000000 2.313857 -0.737820
 1667.000000 2.281368 -0.766995
 1668.000000 2.304308 -0.770719
 1669.000000 2.195071 -0.765843
 1670.000000 2.279231 -0.779919
 1671.000000 2.280468 -0.662820
 1672.000000 2.164541 -0.648664
 1673.000000 2.250811 -0.730070
 1674.000000 2.264913 -0.654779
 1675.000000 2.208145 -0.717412
 1676.000000 2.219070 -0.726245
 1677.000000 2.231391 -0.673842
 1678.000000 2.301189 -0.648782
 1679.000000 2.297993 -0.620575
 1680.000000 2.301068 -0.754316
 1681.000000 2.266268 -0.726595
 1682.000000 2.219599 -0.797779
 1683.000000 2.338636 -0.717437
 1684.000000 2.326474 -0.682763
 1685.000000 2.320846 -0.788591
 1686.000000 2.146823 -0.702424
 1687.000000 2.302874 -0.741963
 1688.000000 2.181472 -0.732583
 1689.000000 2.353491 -0.749701
 1690.000000 2.382746 -0.713089
 1691.000000 2.251834 -0.616130
 1692.000000 2.266908 -0.613370
 1693.000000 2.193035 -0.577077
 1694.000000 2.243320 -0.680438
 1695.000000 2.266237 -0.723972
 1696.000000 2.239029 -0.588066
 1697.000000 2.226497 -0.703259
 1698.000000 2.356005 -0.735374
 1699.000000 2.220092 -0.780146
 1700.000000 2.322046 -0.770043
 1701.000000 2.271991 -0.757278
 1702.000000 2.260578 -0.750869
 1703.000000 2.183890 -0.617469
 1704.000000 2.276431 -0.702081
 1705.000000 2.338572 -0.733982
 1706.000000 2.219121 -0.707928
 1707.000000 2.226015 -0.724205
 1708.000000 2.248266 -0.694535
 1709.000000 2.247271 -0.756332
 1710.000000 2.266752 -0.683500
 1711.000000 2.269321 -0.760792
 1712.000000 2.345145 -0.792769
 1713.000000 2.236399 -0.839119
 1714.000000 2.333130 -0.678223
 1715.000000 2.298836 -0.743592
 1716.000000 2.279981 -0.686231
 1717.000000 2.288569 -0.693700
 1718.000000 2.348999 -0.683190
 1719.000000 2.327630 -0.624879
 1720.000000 2.256969 -0.644016
 1721.000000 2.254316 -0.735909
 1722.000000 2.294657 -0.825150
 1723.000000 2.254072 -0.752415
 1724.000000 2.230088 -0.775981
 1725.000000 2.203263 -0.710604
 1726.000000 2.320530 -0.761580
 1727.000000 2.311569 -0.639611
 1728.000000 2.253383 -0.649006
 1729.000000 2.212820 -0.682405
 1730.000000 2.228608 -0.711071
 1731.000000 2.331238 -0.666617
 1732.000000 2.271637 -0.725990
 1733.000000 2.201979 -0.748896
 1734.000000 2.151286 -0.672033
 1735.000000 2.240542 -0.787548
 1736.000000 2.197502 -0.747845
 1737.000000 2.238268 -0.832140
 1738.000000 2.287969 -0.796360
 1739.000000 2.253355 -0.702065
 1740.000000 2.225015 -0.688327
 1741.000000 2.289012 -0.716325
 1742.000000 2.372435 -0.705539
 1743.000000 2.355280 -0.710411
 1744.000000 2.240771 -0.671643
 1745.000000 2.192818 -0.671327
 1746.000000 2.322371 -0.743310
 1747.000000 2.293019 -0.739087
 1748.000000 2.167507 -0.651170
 1749.000000 2.303760 -0.644357
 1750.000000 2.289500 -0.661671
 1751.000000 2.212240 -0.743589
 1752.000000 2.219448 -0.695824
 1753.000000 2.305717 -0.757317
 1754.000000 2.209219 -0.696633
 1755.000000 2.307037 -0.654727
 1756.000000 2.187071 -0.681193
 1757.000000 2.367151 -0.721618
 1758.000000 2.362540 -0.718574
 1759.000000 2.320497 -0.685313
 1760.000000 2.256912 -0.704244
 1761.000000 2.314167 -0.761889
 1762.000000 2.234588 -0.673032
 1763.000000 2.262673 -0.632094
 1764.000000 2.275138 -0.677390
 1765.000000 2.243915 -0.775999
 1766.000000 2.189137 -0.734499
 1767.000000 2.283271 -0.689834
 1768.000000 2.326472 -0.743148
 1769.000000 2.264966 -0.749090
 1770.000000 2.226287 -0.769339
 1771.000000 2.240677 -0.739973
 1772.000000 2.223131 -0.706545
 1773.000000 2.324496 -0.748573
 1774.000000 2.401355 -0.732973
 1775.000000 2.272520 -0.686215
 1776.000000 2.213914 -0.746541
 1777.000000 2.205271 -0.639214
 1778.000000 2.223127 -0.638067
 1779.000000 2.192645 -0.667849
 1780.000000 2.237939 -0.600987
 1781.000000 2.264962 -0.634072
 1782.000000 2.204230 -0.613660
 1783.000000 2.148308 -0.618556
 1784.000000 2.300549 -0.676540
 1785.000000 2.276719 -0.643668
 1786.000000 2.199988 -0.692370
 1787.000000 2.320971 -0.624892
 1788.000000 2.252208 -0.713800
 1789.000000 2.225149 -0.731814
 1790.000000 2.262997 -0.674725
 1791.000000 2.290665 -0.611328
 1792.000000 2.414084 -0.605684
 1793.000000 2.290399 -0.638463
 1794.000000 2.254710 -0.653380
 1795.000000 2.326374 -0.682420
 1796.000000 2.270626 -0.698584
 1797.000000 2.299368 -0.630378
 1798.000000 2.201930 -0.674226
 1799.000000 2.308279 -0.706564
 1800.000000 2.234930 -0.684688
 1801.000000 2.285180 -0.700270
 1802.000000 2.278293 -0.722637
 1803.000000 2.338436 -0.772931
 1804.000000 2.253404 -0.689691
 1805.000000 2.126086 -0.700926
 1806.000000 2.264311 -0.669546
 1807.000000 2.164436 -0.687173
 1808.000000 2.249004 -0.755435
 1809.000000 2.316787 -0.740862
 1810.000000 2.273615 -0.653265
 1811.000000 2.175020 -0.687406
 1812.000000 2.251036 -0.642764
 1813.000000 2.118386 -0.626537
 1814.000000 2.207199 -0.684363
 1815.000000 2.190955 -0.658806
 1816.000000 2.353901 -0.645488
 1817.000000 2.362037 -0.734706
 1818.000000 2.272898 -0.648338
 1819.000000 2.180405 -0.679736
 1820.000000 2.181139 -0.579610
 1821.000000 2.146265 -0.691878
 1822.000000 2.163460 -0.672715
 1823.000000 2.249494 -0.748865
 1824.000000 2.221397 -0.726761
 1825.000000 2.270404 -0.645898
 1826.000000 2.194126 -0.737488
 1827.000000 2.251033 -0.726943
 1828.000000 2.310412 -0.716351
 1829.000000 2.269170 -0.768321
 1830.000000 2.248731 -0.785146
 1831.000000 2.300724 -0.665428
 1832.000000 2.363899 -0.764475
 1833.000000 2.295516 -0.686627
 1834.000000 2.283845 -0.748075
 1835.000000 2.273772 -0.636132
 1836.000000 2.224804 -0.712521
 1837.000000 2.466817 -0.771732
 1838.000000 2.335209 -0.727914
 1839.000000 2.354535 -0.709436
 1840.000000 2.226769 -0.731495
 1841.000000 2.196597 -0.701232
 1842.000000 2.334080 -0.726370
 1843.000000 2.265707 -0.728702
 1844.000000 2.176460 -0.706008
 1845.000000 2.202901 -0.726660
 1846.000000 2.328294 -0.688345
 1847.000000 2.334369 -0.701129
 1848.000000 2.395256 -0.761507
 1849.000000 2.267272 -0.775191
 1850.000000 2.216714 -0.674868
 1851.000000 2.246537 -0.720087
 1852.000000 2.247272 -0.766505
 1853.000000 2.295134 -0.669074
 1854.000000 2.154872 -0.695826
 1855.000000 2.346098 -0.774654
 1856.000000 2.280107 -0.725743
 1857.000000 2.360751 -0.751728
 1858.000000 2.305939 -0.763497
 1859.000000 2.278016 -0.742926
 1860.000000 2.292213 -0.752426
 1861.000000 2.169285 -0.690802
 1862.000000 2.279536 -0.759425
 1863.000000 2.218203 -0.696781
 1864.000000 2.225295 -0.767368
 1865.000000 2.212529 -0.715227
 1866.000000 2.303313 -0.780768
 1867.000000 2.294122 -0.743082
 1868.000000 2.265441 -0.706607
 1869.000000 2.289564 -0.723115
 1870.000000 2.281105 -0.711187
 1871.000000 2.315267 -0.606815
 1872.000000 2.217285 -0.730899
 1873.000000 2.241464 -0.691670
 1874.000000 2.273888 -0.718639
 1875.000000 2.266249 -0.757044
 1876.000000 2.273516 -0.772749
 1877.000000 2.292982 -0.661300
 1878.000000 2.250773 -0.761215
 1879.000000 2.276799 -0.771838
 1880.000000 2.219495 -0.652377
 1881.000000 2.126943 -0.640900
 1882.000000 2.343860 -0.749708
 1883.000000 2.341167 -0.722772
 1884.000000 2.337535 -0.663797
 1885.000000 2.232723 -0.581709
 1886.000000 2.256039 -0.669971
 1887.000000 2.271697 -0.590920
 1888.000000 2.259629 -0.629920
 1889.000000 2.310416 -0.661436
 1890.000000 2.323756 -0.627353
 1891.000000 2.315807 -0.692178
 1892.000000 2.291138 -0.649715
 1893.000000 2.294044 -0.604932
 1894.000000 2.149639 -0.640486
 1895.000000 2.338911 -0.674449
 1896.000000 2.371309 -0.678984
 1897.000000 2.315723 -0.684553
 1898.000000 2.305666 -0.638988
 1899.000000 2.252797 -0.670040
 1900.000000 2.243335 -0.612569
 1901.000000 2.258111 -0.635246
 1902.000000 2.257417 -0.765797
 1903.000000 2.202288 -0.838839
 1904.000000 2.343023 -0.726623
 1905.000000 2.204594 -0.719778
 1906.000000 2.206034 -0.681383
 1907.000000 2.322617 -0.738795
 1908.000000 2.339135 -0.630499
 1909.000000 2.218907 -0.612290
 1910.000000 2.276693 -0.636470
 1911.000000 2.227427 -0.752824
 1912.000000 2.211139 -0.721487
 1913.000000 2.265533 -0.607991
 1914.000000 2.267343 -0.705668
 1915.000000 2.261818 -0.697366
 1916.000000 2.245378 -0.667809
 1917.000000 2.253054 -0.721081
 1918.000000 2.186479 -0.713135
 1919.000000 2.283361 -0.680479
 1920.000000 2.312008 -0.686597
 1921.000000 2.280593 -0.687900
 1922.000000 2.235749 -0.727033
 1923.000000 2.260258 -0.711793
 1924.000000 2.350032 -0.791057
 1925.000000 2.342244 -0.647160
 1926.000000 2.357459 -0.708695
 1927.000000 2.190527 -0.667181
 1928.000000 2.251241 -0.723095
 1929.000000 2.185661 -0.729593
 1930.000000 2.237929 -0.748605
 1931.000000 2.298190 -0.674871
 1932.000000 2.324770 -0.615338
 1933.000000 2.272879 -0.737866
 1934.000000 2.287229 -0.718576
 1935.000000 2.289825 -0.726885
 1936.000000 2.221916 -0.651900
 1937.000000 2.226634 -0.766732
 1938.000000 2.352579 -0.775708
 1939.000000 2.393237 -0.717032
 1940.000000 2.330670 -0.611944
 1941.000000 2.316329 -0.736761
 1942.000000 2.323872 -0.711586
 1943.000000 2.327988 -0.716624
 1944.000000 2.215860 -0.726391
 1945.000000 2.293441 -0.641619
 1946.000000 2.271925 -0.796631
 1947.000000 2.342373 -0.694374
 1948.000000 2.390611 -0.710216
 1949.000000 2.297929 -0.688074
 1950.000000 2.278144 -0.793164
 1951.000000 2.374082 -0.721957
 1952.000000 2.270650 -0.652228
 1953.000000 2.213961 -0.651649
 1954.000000 2.368578 -0.617301
 1955.000000 2.265416 -0.662711
 1956.000000 2.357442 -0.611765
 1957.000000 2.304501 -0.724629
 1958.000000 2.288184 -0.704296
 1959.000000 2.259697 -0.702653
 1960.000000 2.294725 -0.685838
 1961.000000 2.311998 -0.713954
 1962.000000 2.300687 -0.773939
 1963.000000 2.194076 -0.753843
 1964.000000 2.309871 -0.731814
 1965.000000 2.280176 -0.798529
 1966.000000 2.385266 -0.714716
 1967.000000 2.392839 -0.795705
 1968.000000 2.249281 -0.669230
 1969.000000 2.322897 -0.742610
 1970.000000 2.242440 -0.732924
 1971.000000 2.286023 -0.751123
 1972.000000 2.305637 -0.731506
 1973.000000 2.344665 -0.701469
 1974.000000 2.175625 -0.657574
 1975.000000 2.244557 -0.662771
 1976.000000 2.236415 -0.613578
 1977.000000 2.284898 -0.736406
 1978.000000 2.306029 -0.658238
 1979.000000 2.177192 -0.828961
 1980.000000 2.304907 -0.752829
 1981.000000 2.327381 -0.723730
 1982.000000 2.270952 -0.793741
 1983.000000 2.274773 -0.712722
 1984.000000 2.231143 -0.686721
 1985.000000 2.214957 -0.758357
 1986.000000 2.259762 -0.739912
 1987.000000 2.237386 -0.725468
 1988.000000 2.319431 -0.639938
 1989.000000 2.166940 -0.767147
 1990.000000 2.231193 -0.733946
 1991.000000 2.302325 -0.728854
 1992.000000 2.296325 -0.763499
 1993.000000 2.222735 -0.620020
 1994.000000 2.163074 -0.711595
 1995.000000 2.264231 -0.730474
 1996.000000 2.246578 -0.710753
 1997.000000 2.275314 -0.710213
 1998.000000 2.318784 -0.726446
 1999.000000 2.169190 -0.700386
 2000.000000 2.195466 -0.753535
 2001.000000 2.250362 -0.724835
 2002.000000 2.317753 -0.705726
 2003.000000 2.157492 -0.727406
 2004.000000 2.244977 -0.749699
 2005.000000 2.271629 -0.742016
 2006.000000 2.179121 -0.707526
 2007.000000 2.378935 -0.752874
 2008.000000 2.282415 -0.760161
 2009.000000 2.231418 -0.774019
 2010.000000 2.187645 -0.650469
 2011.000000 2.323190 -0.653202
 2012.000000 2.180168 -0.654841
 2013.000000 2.264530 -0.761425
 2014.000000 2.245257 -0.672368
 2015.000000 2.339048 -0.773336
 2016.000000 2.280825 -0.733666
 2017.000000 2.316823 -0.710866
 2018.000000 2.233403 -0.700276
 2019.000000 2.168454 -0.759916
 2020.000000 2.286875 -0.661404
 2021.000000 2.292353 -0.666191
 2022.000000 2.248684 -0.663412
 2023.000000 2.254136 -0.732064
 2024.000000 2.228944 -0.621141
 2025.000000 2.169244 -0.734834
 2026.000000 2.244352 -0.719337
 2027.000000 2.230952 -0.720549
 2028.000000 2.233737 -0.764461
 2029.000000 2.171047 -0.724240
 2030.000000 2.150897 -0.757496
 2031.000000 2.259643 -0.838642
 2032.000000 2.277279 -0.776736
 2033.000000 2.363092 -0.752605
 2034.000000 2.300509 -0.762993
 2035.000000 2.219177 -0.748389
 2036.000000 2.277498 -0.732524
 2037.000000 2.157401 -0.736900
 2038.000000 2.221095 -0.784267
 2039.000000 2.147898 -0.705585
 2040.000000 2.273727 -0.752441
 2041.000000 2.125120 -0.685094
 2042.000000 2.192974 -0.681029
 2043.000000 2.351685 -0.772800
 2044.000000 2.195740 -0.644761
 2045.000000 2.240682 -0.689058
 2046.000000 2.205668 -0.736044
 2047.000000 2.282308 -0.666717
 2048.000000 2.189681 -0.725125
 2049.000000 2.201444 -0.747983
 2050.000000 2.260202 -0.667057
 2051.000000 2.237601 -0.731268
 2052.000000 2.319311 -0.722631
 2053.000000 2.154379 -0.580862
 2054.000000 2.255072 -0.729967
 2055.000000 2.140042 -0.654489
 2056.000000 2.285098 -0.648591
 2057.000000 2.173835 -0.686696
 2058.000000 2.193636 -0.670321
 2059.000000 2.146176 -0.656049
 2060.000000 2.249029 -0.702750
 2061.000000 2.160586 -0.650766
 2062.000000 2.183589 -0.711583
 2063.000000 2.203998 -0.701725
 2064.000000 2.278824 -0.633906
 2065.000000 2.190266 -0.745533
 2066.000000 2.106488 -0.699839
 2067.000000 2.232056 -0.778620
 2068.000000 2.371766 -0.624562
 2069.000000 2.312795 -0.704119
 2070.000000 2.279747 -0.656150
 2071.000000 2.327260 -0.668571
 2072.000000 2.339622 -0.657503
 2073.000000 2.254498 -0.746742
 2074.000000 2.258965 -0.743630
 2075.000000 2.208977 -0.710378
 2076.000000 2.275031 -0.664909
 2077.000000 2.288793 -0.741839
 2078.000000 2.244402 -0.763495
 2079.000000 2.259778 -0.807200
 2080.000000 2.171408 -0.741754
 2081.000000 2.299536 -0.739498
 2082.000000 2.163572 -0.787706
 2083.000000 2.303553 -0.751916
 2084.000000 2.199134 -0.665322
 2085.000000 2.302168 -0.683799
 2086.000000 2.323795 -0.647159
 2087.000000 2.298540 -0.687210
 2088.000000 2.215992 -0.616537
 2089.000000 2.241815 -0.658776
 2090.000000 2.221400 -0.650139
 2091.000000 2.181878 -0.608341
 2092.000000 2.240398 -0.783574
 2093.000000 2.263941 -0.677589
 2094.000000 2.275534 -0.762823
 2095.000000 2.165356 -0.778163
 2096.000000 2.246938 -0.731561
 2097.000000 2.266272 -0.707949
 2098.000000 2.130388 -0.716451
 2099.000000 2.171247 -0.689661
 2100.000000 2.259965 -0.679058
 2101.000000 2.250015 -0.648949
 2102.000000 2.181189 -0.694991
 2103.000000 2.228770 -0.656757
 2104.000000 2.246763 -0.706255
 2105.000000 2.184324 -0.691143
 2106.000000 2.204627 -0.630603
 2107.000000 2.251967 -0.710815
 2108.000000 2.174856 -0.697877
 2109.000000 2.182113 -0.645857
 2110.000000 2.165899 -0.682490
 2111.000000 2.198096 -0.747224
 2112.000000 2.164150 -0.624971
 2113.000000 2.209098 -0.742220
 2114.000000 2.080885 -0.692622
 2115.000000 2.301822 -0.772175
 2116.000000 2.087599 -0.705006
 2117.000000 2.244725 -0.692952
 2118.000000 2.230386 -0.719581
 2119.000000 2.170885 -0.674121
 2120.000000 2.216295 -0.610385
 2121.000000 2.193711 -0.705130
 2122.000000 2.135923 -0.670419
 2123.000000 2.189235 -0.594311
 2124.000000 2.239112 -0.638528
 2125.000000 2.320260 -0.695943
 2126.000000 2.122547 -0.754363
 2127.000000 2.095569 -0.701203
 2128.000000 2.223961 -0.694156
 2129.000000 2.283293 -0.741295
 2130.000000 2.174022 -0.738421
 2131.000000 2.248296 -0.747258
 2132.000000 2.280723 -0.735212
 2133.000000 2.216519 -0.708105
 2134.000000 2.277075 -0.708198
 2135.000000 2.156365 -0.806289
 2136.000000 2.208830 -0.691392
 2137.000000 2.198783 -0.641080
 2138.000000 2.244980 -0.701703
 2139.000000 2.204367 -0.783171
 2140.000000 2.165528 -0.688448
 2141.000000 2.153986 -0.756559
 2142.000000 2.219464 -0.704718
 2143.000000 2.222742 -0.698060
 2144.000000 2.301676 -0.573151
 2145.000000 2.146547 -0.746713
 2146.000000 2.218136 -0.684957
 2147.000000 2.231077 -0.771401
 2148.000000 2.232629 -0.626300
 2149.000000 2.228619 -0.724587
 2150.000000 2.193143 -0.651776
 2151.000000 2.214451 -0.626096
 2152.000000 2.180826 -0.598377
 2153.000000 2.160516 -0.641472
 2154.000000 2.153499 -0.577713
 2155.000000 2.319779 -0.639760
 2156.000000 2.297550 -0.704229
 2157.000000 2.210716 -0.670709
 2158.000000 2.282902 -0.655203
 2159.000000 2.295230 -0.625341
 2160.000000 2.271871 -0.675743
 2161.000000 2.260106 -0.670964
 2162.000000 2.237314 -0.646337
 2163.000000 2.325576 -0.698819
 2164.000000 2.210612 -0.659372
 2165.000000 2.195610 -0.741025
 2166.000000 2.065882 -0.683901
 2167.000000 2.186998 -0.598714
 2168.000000 2.136899 -0.737651
 2169.000000 2.236768 -0.617999
 2170.000000 2.185962 -0.735905
 2171.000000 2.324750 -0.707835
 2172.000000 2.249621 -0.728209
 2173.000000 2.280137 -0.675501
 2174.000000 2.200984 -0.630128
 2175.000000 2.204802 -0.611931
 2176.000000 2.251429 -0.704331
 2177.000000 2.257696 -0.732997
 2178.000000 2.273988 -0.639750
 2179.000000 2.283506 -0.656028
 2180.000000 2.219851 -0.684226
 2181.000000 2.346414 -0.611285
 2182.000000 2.269733 -0.655000
 2183.000000 2.179374 -0.694921
 2184.000000 2.261008 -0.654221
 2185.000000 2.176146 -0.626422
 2186.000000 2.042317 -0.695381
 2187.000000 2.159467 -0.707992
 2188.000000 2.317366 -0.774441
 2189.000000 2.253503 -0.645719
 2190.000000 2.229475 -0.725318
 2191.000000 2.125418 -0.660803
 2192.000000 2.137308 -0.675286
 2193.000000 2.246436 -0.722271
 2194.000000 2.124270 -0.742070
 2195.000000 2.145899 -0.728855
 2196.000000 2.288724 -0.767926
 2197.000000 2.134799 -0.705958
 2198.000000 2.233263 -0.703995
 2199.000000 2.237512 -0.739148
 2200.000000 2.267674 -0.698237
 2201.000000 2.256349 -0.704471
 2202.000000 2.203867 -0.756310
 2203.000000 2.250716 -0.696223
 2204.000000 2.244687 -0.648489
 2205.000000 2.300560 -0.663038
 2206.000000 2.246260 -0.783919
 2207.000000 2.214426 -0.629989
 2208.000000 2.146108 -0.698910
 2209.000000 2.307789 -0.661237
 2210.000000 2.207991 -0.697815
 2211.000000 2.154884 -0.756580
 2212.000000 2.267925 -0.704713
 2213.000000 2.218543 -0.703296
 2214.000000 2.201721 -0.617977
 2215.000000 2.311196 -0.644124
 2216.000000 2.219591 -0.671404
 2217.000000 2.244699 -0.674872
 2218.000000 2.145213 -0.746107
 2219.000000 2.314125 -0.705821
 2220.000000 2.316188 -0.725520
 2221.000000 2.258799 -0.718108
 2222.000000 2.254830 -0.794437
 2223.000000 2.272981 -0.849273
 2224.000000 2.176277 -0.690770
 2225.000000 2.328560 -0.711134
 2226.000000 2.164658 -0.723894
 2227.000000 2.276875 -0.671407
 2228.000000 2.287677 -0.741473
 2229.000000 2.314982 -0.710000
 2230.000000 2.272374 -0.765999
 2231.000000 2.150304 -0.697134
 2232.000000 2.277125 -0.724767
 2233.000000 2.258244 -0.684093
 2234.000000 2.144125 -0.680162
 2235.000000 2.187828 -0.721573
 2236.000000 2.235711 -0.690249
 2237.000000 2.191148 -0.741086
 2238.000000 2.050121 -0.723678
 2239.000000 2.215752 -0.696369
 2240.000000 2.183702 -0.672370
 2241.000000 2.151404 -0.654120
 2242.000000 2.242926 -0.714986
 2243.000000 2.272012 -0.709442
 2244.000000 2.295375 -0.706840
 2245.000000 2.303009 -0.729655
 2246.000000 2.264036 -0.708090
 2247.000000 2.285272 -0.776742
 2248.000000 2.268345 -0.773107
 2249.000000 2.165640 -0.715604
 2250.000000 2.181386 -0.746163
 2251.000000 2.221665 -0.672294
 2252.000000 2.202406 -0.766261
 2253.000000 2.121249 -0.698313
 2254.000000 2.209139 -0.711463
 2255.000000 2.312901 -0.737800
 2256.000000 2.239840 -0.687865
 2257.000000 2.189929 -0.784883
 2258.000000 2.292045 -0.775647
 2259.000000 2.318660 -0.618901
 2260.000000 2.255689 -0.753796
 2261.000000 2.277222 -0.698544
 2262.000000 2.219584 -0.764285
 2263.000000 2.230654 -0.662477
 2264.000000 2.241311 -0.710866
 2265.000000 2.177821 -0.700172
 2266.000000 2.239744 -0.696573
 2267.000000 2.124112 -0.755777
 2268.000000 2.182105 -0.738257
 2269.000000 2.256658 -0.680144
 2270.000000 2.244881 -0.692723
 2271.000000 2.147799 -0.801214
 2272.000000 2.205693 -0.776994
 2273.000000 2.167978 -0.727250
 2274.000000 2.246781 -0.649272
 2275.000000 2.260491 -0.752755
 2276.000000 2.244769 -0.695683
 2277.000000 2.269436 -0.764638
 2278.000000 2.177007 -0.730330
 2279.000000 2.350681 -0.700035
 2280.000000 2.106785 -0.632296
 2281.000000 2.305918 -0.658723
 2282.000000 2.226349 -0.696761
 2283.000000 2.300849 -0.644563
 2284.000000 2.198473 -0.677624
 2285.000000 2.260569 -0.730482
 2286.000000 2.343123 -0.652423
 2287.000000 2.364657 -0.818576
 2288.000000 2.234382 -0.834232
 2289.000000 2.221125 -0.817510
 2290.000000 2.225324 -0.706750
 2291.000000 2.363344 -0.853476
 2292.000000 2.278269 -0.689655
 2293.000000 2.337666 -0.766444
 2294.000000 2.318821 -0.802245
 2295.000000 2.354047 -0.712714
 2296.000000 2.263911 -0.721079
 2297.000000 2.294768 -0.690572
 2298.000000 2.190624 -0.786297
 2299.000000 2.193035 -0.710363
 2300.000000 2.099271 -0.635075
 2301.000000 2.271430 -0.688277
 2302.000000 2.262209 -0.707486
 2303.000000 2.267303 -0.766347
 2304.000000 2.096637 -0.748729
 2305.000000 2.280204 -0.741309
 2306.000000 2.214605 -0.676632
 2307.000000 2.174794 -0.727600
 2308.000000 2.170575 -0.748400
 2309.000000 2.323768 -0.707164
 2310.000000 2.315589 -0.714146
 2311.000000 2.267381 -0.694939
 2312.000000 2.240851 -0.805495
 2313.000000 2.213321 -0.758466
 2314.000000 2.203252 -0.730668
 2315.000000 2.158905 -0.762945
 2316.000000 2.344600 -0.657743
 2317.000000 2.225889 -0.748985
 2318.000000 2.237404 -0.640705
 2319.000000 2.213709 -0.652234
 2320.000000 2.243873 -0.610806
 2321.000000 2.301884 -0.692202
 2322.000000 2.218409 -0.687046
 2323.000000 2.259501 -0.700653
 2324.000000 2.250056 -0.650337
 2325.000000 2.257036 -0.661979
 2326.000000 2.321294 -0.771340
 2327.000000 2.328072 -0.742563
 2328.000000 2.251580 -0.756069
 2329.000000 2.329846 -0.682177
 2330.000000 2.121708 -0.741596
 2331.000000 2.391959 -0.662153
 2332.000000 2.306257 -0.777330
 2333.000000 2.361642 -0.733532
 2334.000000 2.267755 -0.697592
 2335.000000 2.233615 -0.667395
 2336.000000 2.272655 -0.706974
 2337.000000 2.176325 -0.747447
 2338.000000 2.167286 -0.615877
 2339.000000 2.293283 -0.724351
 2340.000000 2.186418 -0.756833
 2341.000000 2.219406 -0.747880
 2342.000000 2.322576 -0.691366
 2343.000000 2.200294 -0.741980
 2344.000000 2.172703 -0.656512
 2345.000000 2.186739 -0.814167
 2346.000000 2.140059 -0.765321
 2347.000000 2.234073 -0.712737
 2348.000000 2.175673 -0.735964
 2349.000000 2.258329 -0.764207
 2350.000000 2.224631 -0.781416
 2351.000000 2.152740 -0.746494
 2352.000000 2.214992 -0.703827
 2353.000000 2.131756 -0.754978
 2354.000000 2.216273 -0.777066
 2355.000000 2.164330 -0.857530
 2356.000000 2.202018 -0.793267
 2357.000000 2.148712 -0.672618
 2358.000000 2.129325 -0.722657
 2359.000000 2.223685 -0.803736
 2360.000000 2.203911 -0.782157
 2361.000000 2.177444 -0.791667
 2362.000000 2.218067 -0.809320
 2363.000000 2.260102 -0.758733
 2364.000000 2.116561 -0.762395
 2365.000000 2.201092 -0.705910
 2366.000000 2.161511 -0.751149
 2367.000000 2.315209 -0.781232
 2368.000000 2.257563 -0.738467
 2369.000000 2.217885 -0.715943
 2370.000000 2.241459 -0.702699
 2371.000000 2.312668 -0.752882
 2372.000000 2.260135 -0.742570
 2373.000000 2.155189 -0.733735
 2374.000000 2.114073 -0.694616
 2375.000000 2.179084 -0.712723
 2376.000000 2.148204 -0.740223
 2377.000000 2.139097 -0.750386
 2378.000000 2.170722 -0.750031
 2379.000000 2.196333 -0.745483
 2380.000000 2.190175 -0.702240
 2381.000000 2.228820 -0.773791
 2382.000000 2.230784 -0.749491
 2383.000000 2.207361 -0.691011
 2384.000000 2.121100 -0.685005
 2385.000000 2.171326 -0.747602
 2386.000000 2.169533 -0.755529
 2387.000000 2.293626 -0.751618
 2388.000000 2.169635 -0.730300
 2389.000000 2.103243 -0.728446
 2390.000000 2.314733 -0.753846
 2391.000000 2.193678 -0.728394
 2392.000000 2.264457 -0.718084
 2393.000000 2.160651 -0.748472
 2394.000000 2.266869 -0.677079
 2395.000000 2.178989 -0.756104
 2396.000000 2.255496 -0.735818
 2397.000000 2.328738 -0.784438
 2398.000000 2.143899 -0.727025
 2399.000000 2.297888 -0.772339
 2400.000000 2.308513 -0.714882
 2401.000000 2.209225 -0.737905
 2402.000000 2.246972 -0.705941
 2403.000000 2.215522 -0.741368
 2404.000000 2.367883 -0.741936
 2405.000000 2.303130 -0.719184
 2406.000000 2.176566 -0.718381
 2407.000000 2.322650 -0.768404
 2408.000000 2.322584 -0.765959
 2409.000000 2.228713 -0.764049
 2410.000000 2.261453 -0.697757
 2411.000000 2.180703 -0.686057
 2412.000000 2.288228 -0.714556
 2413.000000 2.243972 -0.704528
 2414.000000 2.270553 -0.720364
 2415.000000 2.171700 -0.737561
 2416.000000 2.210129 -0.689413
 2417.000000 2.264284 -0.765554
 2418.000000 2.268856 -0.740291
 2419.000000 2.317446 -0.770977
 2420.000000 2.241360 -0.727333
 2421.000000 2.210226 -0.823156
 2422.000000 2.297968 -0.777775
 2423.000000 2.132672 -0.746848
 2424.000000 2.248821 -0.641932
 2425.000000 2.254004 -0.700131
 2426.000000 2.197392 -0.657523
 2427.000000 2.172510 -0.710847
 2428.000000 2.118747 -0.703182
 2429.000000 2.188042 -0.702105
 2430.000000 2.183272 -0.697637
 2431.000000 2.226711 -0.706902
 2432.000000 2.256407 -0.725995
 2433.000000 2.167648 -0.723643
 2434.000000 2.136180 -0.685960
 2435.000000 2.185134 -0.700618
 2436.000000 2.126338 -0.733185
 2437.000000 2.224627 -0.659265
 2438.000000 2.160735 -0.716679
 2439.000000 2.208901 -0.720542
 2440.000000 2.179494 -0.746828
 2441.000000 2.248421 -0.639697
 2442.000000 2.262694 -0.679968
 2443.000000 2.191608 -0.699057
 2444.000000 2.258884 -0.695156
 2445.000000 2.235601 -0.696254
 2446.000000 2.272204 -0.731288
 2447.000000 2.167876 -0.678452
 2448.000000 2.247770 -0.703035
 2449.000000 2.257955 -0.709905
 2450.000000 2.209170 -0.662525
 2451.000000 2.256072 -0.681320
 2452.000000 2.241262 -0.709140
 2453.000000 2.156754 -0.653188
 2454.000000 2.182576 -0.720999
 2455.000000 2.193649 -0.731100
 2456.000000 2.184050 -0.743089
 2457.000000 2.235303 -0.708376
 2458.000000 2.268299 -0.723668
 2459.000000 2.220457 -0.639893
 2460.000000 2.190731 -0.715809
 2461.000000 2.259247 -0.684312
 2462.000000 2.043687 -0.721225
 2463.000000 2.193993 -0.692595
 2464.000000 2.206814 -0.661938
 2465.000000 2.272767 -0.709375
 2466.000000 2.240553 -0.753453
 2467.000000 2.239484 -0.760015
 2468.000000 2.273715 -0.733945
 2469.000000 2.247794 -0.759785
 2470.000000 2.182991 -0.700971
 2471.000000 2.169673 -0.725199
 2472.000000 2.209575 -0.748346
 2473.000000 2.103376 -0.676887
 2474.000000 2.203053 -0.707408
 2475.000000 2.158806 -0.658553
 2476.000000 2.191888 -0.656922
 2477.000000 2.243790 -0.656735
 2478.000000 2.170225 -0.710280
 2479.000000 2.278377 -0.758324
 2480.000000 2.276155 -0.715479
 2481.000000 2.159053 -0.748518
 2482.000000 2.134521 -0.712107
 2483.000000 2.263386 -0.705737
 2484.000000 2.189808 -0.688661
 2485.000000 2.051053 -0.713986
 2486.000000 2.158126 -0.744477
 2487.000000 2.207041 -0.755592
 2488.000000 2.146638 -0.687341
 2489.000000 2.170315 -0.754106
 2490.000000 2.192246 -0.701081
 2491.000000 2.202907 -0.605206
 2492.000000 2.168449 -0.776734
 2493.000000 2.218645 -0.750381
 2494.000000 2.217035 -0.650182
 2495.000000 2.140471 -0.748950
 2496.000000 2.203405 -0.686808
 2497.000000 2.170313 -0.679103
 2498.000000 2.257698 -0.749915
 2499.000000 2.307168 -0.664898
 2500.000000 2.216835 -0.670966
