#! FIELDS time pd_137_140 diff
 0.000000 1.262196 1.252552
 1.000000 1.374351 1.158515
 2.000000 1.469161 1.209879
 3.000000 1.405140 1.196784
 4.000000 1.490371 1.224988
 5.000000 1.508098 1.241866
 6.000000 1.461456 1.118068
 7.000000 1.553139 1.137063
 8.000000 1.397961 1.202087
 9.000000 1.544879 1.235099
 10.000000 1.536592 1.148396
 11.000000 1.482722 1.167482
 12.000000 1.479893 1.207565
 13.000000 1.481892 1.277686
 14.000000 1.505476 1.212170
 15.000000 1.558550 1.135921
 16.000000 1.604205 1.274089
 17.000000 1.561001 1.245313
 18.000000 1.491474 1.290216
 19.000000 1.452229 1.243257
 20.000000 1.468191 1.176593
 21.000000 1.553393 1.164098
 22.000000 1.498102 1.209713
 23.000000 1.512453 1.208391
 24.000000 1.480581 1.320254
 25.000000 1.435851 1.269388
 26.000000 1.437118 1.268139
 27.000000 1.453748 1.143790
 28.000000 1.381333 1.160512
 29.000000 1.456161 1.163268
 30.000000 1.482384 1.161588
 31.000000 1.424985 1.139740
 32.000000 1.445824 1.091161
 33.000000 1.465640 1.210716
 34.000000 1.417078 1.199856
 35.000000 1.460868 1.152731
 36.000000 1.481922 1.191845
 37.000000 1.427360 1.176721
 38.000000 1.427858 1.191562
 39.000000 1.398452 1.163202
 40.000000 1.442935 1.243185
 41.000000 1.433266 1.211452
 42.000000 1.444198 1.195114
 43.000000 1.496314 1.219935
 44.000000 1.435993 1.140226
 45.000000 1.404517 1.145101
 46.000000 1.295306 1.220662
 47.000000 1.459534 1.265197
 48.000000 1.469023 1.236708
 49.000000 1.396991 1.188428
 50.000000 1.469147 1.248654
 51.000000 1.531002 1.234991
 52.000000 1.525395 1.200672
 53.000000 1.507069 1.254378
 54.000000 1.421804 1.081762
 55.000000 1.487524 1.248282
 56.000000 1.444978 1.276038
 57.000000 1.494330 1.198792
 58.000000 1.529503 1.264480
 59.000000 1.398191 1.152404
 60.000000 1.411597 1.160202
 61.000000 1.498870 1.219358
 62.000000 1.403810 1.242123
 63.000000 1.506702 1.130725
 64.000000 1.313551 1.216531
 65.000000 1.422766 1.220072
 66.000000 1.406656 1.346556
 67.000000 1.344511 1.178523
 68.000000 1.501644 1.217798
 69.000000 1.449468 1.204170
 70.000000 1.537317 1.246447
 71.000000 1.459549 1.164966
 72.000000 1.479395 1.257291
 73.000000 1.467895 1.158288
 74.000000 1.475395 1.132921
 75.000000 1.448720 1.130894
 76.000000 1.513372 1.182730
 77.000000 1.478778 1.141985
 78.000000 1.406219 1.211371
 79.000000 1.545957 1.149339
 80.000000 1.494424 1.106933
 81.000000 1.436235 1.157375
 82.000000 1.440443 1.239654
 83.000000 1.494106 1.172960
 84.000000 1.502477 1.032534
 85.000000 1.508388 1.131573
 86.000000 1.370674 1.182101
 87.000000 1.400285 1.171303
 88.000000 1.510235 1.120276
 89.000000 1.418761 1.155321
 90.000000 1.348862 1.221787
 91.000000 1.602223 1.176180
 92.000000 1.477100 1.171443
 93.000000 1.618925 1.134005
 94.000000 1.565078 1.193735
 95.000000 1.589796 1.171628
 96.000000 1.683550 1.179847
 97.000000 1.592516 1.277246
 98.000000 1.482860 1.197302
 99.000000 1.539074 1.131224
 100.000000 1.482648 1.175909
 101.000000 1.474504 1.130992
 102.000000 1.556890 1.154328
 103.000000 1.465392 1.151109
 104.000000 1.565924 1.146270
 105.000000 1.403367 1.258888
 106.000000 1.573287 1.211854
 107.000000 1.527023 1.138034
 108.000000 1.436028 1.266350
 109.000000 1.548515 1.229448
 110.000000 1.551234 1.173058
 111.000000 1.505819 1.154272
 112.000000 1.501012 1.216023
 113.000000 1.456122 1.163143
 114.000000 1.440438 1.105447
 115.000000 1.491296 1.267681
 116.000000 1.507794 1.199211
 117.000000 1.425751 1.179248
 118.000000 1.518424 1.193013
 119.000000 1.371321 1.165412
 120.000000 1.514119 1.159244
 121.000000 1.426467 1.205463
 122.000000 1.557095 1.246769
 123.000000 1.630581 1.203685
 124.000000 1.476436 1.164197
 125.000000 1.416115 1.187458
 126.000000 1.467787 1.139950
 127.000000 1.561630 1.121615
 128.000000 1.624585 1.174726
 129.000000 1.477716 1.243384
 130.000000 1.526411 1.140039
 131.000000 1.411497 1.118093
 132.000000 1.458175 1.133128
 133.000000 1.429830 1.257765
 134.000000 1.466528 1.201344
 135.000000 1.478311 1.213534
 136.000000 1.485546 1.166481
 137.000000 1.449447 1.155969
 138.000000 1.451060 1.171761
 139.000000 1.491027 1.207618
 140.000000 1.416701 1.225311
 141.000000 1.452488 1.181539
 142.000000 1.434428 1.132609
 143.000000 1.626806 1.168531
 144.000000 1.456471 1.212585
 145.000000 1.489001 1.161507
 146.000000 1.467337 1.096007
 147.000000 1.484782 1.184473
 148.000000 1.472823 1.219455
 149.000000 1.507105 1.056779
 150.000000 1.471555 1.213449
 151.000000 1.487970 1.074305
 152.000000 1.487693 1.202749
 153.000000 1.378970 1.121909
 154.000000 1.394439 1.191164
 155.000000 1.407355 1.114236
 156.000000 1.433373 1.239271
 157.000000 1.503227 1.208713
 158.000000 1.496544 1.173763
 159.000000 1.481271 1.241362
 160.000000 1.503442 1.201919
 161.000000 1.507299 1.164157
 162.000000 1.334769 1.185077
 163.000000 1.357709 1.129690
 164.000000 1.442637 1.178509
 165.000000 1.459514 1.158695
 166.000000 1.468112 1.256592
 167.000000 1.559438 1.299648
 168.000000 1.493514 1.248358
 169.000000 1.472205 1.246585
 170.000000 1.447206 1.233410
 171.000000 1.471216 1.282658
 172.000000 1.408804 1.196404
 173.000000 1.433806 1.241046
 174.000000 1.579331 1.210795
 175.000000 1.503355 1.230442
 176.000000 1.388822 1.318369
 177.000000 1.443878 1.192085
 178.000000 1.427125 1.201716
 179.000000 1.411965 1.201187
 180.000000 1.534565 1.345470
 181.000000 1.391185 1.176166
 182.000000 1.506601 1.182563
 183.000000 1.421635 1.243134
 184.000000 1.481545 1.184723
 185.000000 1.520646 1.332374
 186.000000 1.453591 1.264265
 187.000000 1.455305 1.264004
 188.000000 1.390089 1.295504
 189.000000 1.486505 1.219839
 190.000000 1.411674 1.222246
 191.000000 1.462228 1.218881
 192.000000 1.430739 1.217545
 193.000000 1.469336 1.156968
 194.000000 1.515547 1.173186
 195.000000 1.448515 1.181217
 196.000000 1.489148 1.194335
 197.000000 1.424331 1.194926
 198.000000 1.448202 1.231834
 199.000000 1.494908 1.260704
 200.000000 1.439185 1.249004
 201.000000 1.354677 1.256373
 202.000000 1.351806 1.186793
 203.000000 1.571374 1.189833
 204.000000 1.508837 1.176822
 205.000000 1.522104 1.110930
 206.000000 1.394106 1.185532
 207.000000 1.558339 1.199784
 208.000000 1.553602 1.265587
 209.000000 1.489963 1.160938
 210.000000 1.534571 1.175937
 211.000000 1.443099 1.168723
 212.000000 1.360009 1.144106
 213.000000 1.549523 1.230268
 214.000000 1.545071 1.180418
 215.000000 1.455676 1.105827
 216.000000 1.388596 1.164335
 217.000000 1.423507 1.157986
 218.000000 1.462891 1.320962
 219.000000 1.632800 1.218352
 220.000000 1.533448 1.218600
 221.000000 1.476245 1.198357
 222.000000 1.480287 1.268267
 223.000000 1.392892 1.182247
 224.000000 1.497383 1.269210
 225.000000 1.459259 1.230551
 226.000000 1.464466 1.157981
 227.000000 1.594262 1.209948
 228.000000 1.600947 1.214417
 229.000000 1.420231 1.088974
 230.000000 1.578384 1.151223
 231.000000 1.444104 1.151993
 232.000000 1.469377 1.294088
 233.000000 1.490413 1.162756
 234.000000 1.534271 1.109470
 235.000000 1.492624 1.181249
 236.000000 1.477737 1.147773
 237.000000 1.641205 1.194050
 238.000000 1.481102 1.091948
 239.000000 1.563683 1.196996
 240.000000 1.453285 1.246294
 241.000000 1.541030 1.113224
 242.000000 1.527295 1.151485
 243.000000 1.614354 1.257475
 244.000000 1.548899 1.266481
 245.000000 1.483711 1.202381
 246.000000 1.482582 1.233144
 247.000000 1.492413 1.272979
 248.000000 1.276055 1.263240
 249.000000 1.600069 1.175634
 250.000000 1.524597 1.188023
 251.000000 1.482532 1.272752
 252.000000 1.516844 1.260821
 253.000000 1.416488 1.301478
 254.000000 1.483325 1.201631
 255.000000 1.574319 1.187583
 256.000000 1.679072 1.243233
 257.000000 1.519840 1.229993
 258.000000 1.510068 1.268658
 259.000000 1.603549 1.212917
 260.000000 1.518340 1.214601
 261.000000 1.625644 1.135461
 262.000000 1.409387 1.266644
 263.000000 1.521464 1.222540
 264.000000 1.612422 1.254822
 265.000000 1.497011 1.179456
 266.000000 1.507749 1.237839
 267.000000 1.499143 1.210934
 268.000000 1.493938 1.263032
 269.000000 1.505910 1.164157
 270.000000 1.599572 1.194174
 271.000000 1.550691 1.138861
 272.000000 1.548207 1.149718
 273.000000 1.433010 1.186394
 274.000000 1.520133 1.164235
 275.000000 1.590386 1.239888
 276.000000 1.424033 1.171018
 277.000000 1.471535 1.215443
 278.000000 1.490823 1.143180
 279.000000 1.469271 1.136826
 280.000000 1.394560 1.083689
 281.000000 1.568356 1.182486
 282.000000 1.538006 1.183907
 283.000000 1.564720 1.144515
 284.000000 1.460515 1.153774
 285.000000 1.617503 1.202022
 286.000000 1.498540 1.189592
 287.000000 1.589431 1.229636
 288.000000 1.630211 1.231035
 289.000000 1.496330 1.176950
 290.000000 1.594388 1.104983
 291.000000 1.508100 1.216141
 292.000000 1.486198 1.197639
 293.000000 1.540258 1.173312
 294.000000 1.555194 1.184560
 295.000000 1.519490 1.256276
 296.000000 1.643960 1.239822
 297.000000 1.483689 1.259705
 298.000000 1.555908 1.268981
 299.000000 1.643455 1.191396
 300.000000 1.586298 1.151007
 301.000000 1.583814 1.199890
 302.000000 1.575897 1.151882
 303.000000 1.559854 1.166356
 304.000000 1.569963 1.148759
 305.000000 1.523776 1.210358
 306.000000 1.550893 1.120967
 307.000000 1.507107 1.180104
 308.000000 1.577226 1.080770
 309.000000 1.520515 1.177159
 310.000000 1.521486 1.173267
 311.000000 1.689190 1.147492
 312.000000 1.560899 1.156065
 313.000000 1.567604 1.261661
 314.000000 1.598077 1.173109
 315.000000 1.637081 1.306543
 316.000000 1.624198 1.191990
 317.000000 1.533740 1.161948
 318.000000 1.637880 1.197190
 319.000000 1.563701 1.200044
 320.000000 1.610425 1.222883
 321.000000 1.715299 1.143358
 322.000000 1.499759 1.275021
 323.000000 1.591724 1.176060
 324.000000 1.742511 1.234189
 325.000000 1.634826 1.155974
 326.000000 1.578115 1.128849
 327.000000 1.478766 1.154536
 328.000000 1.589350 1.190506
 329.000000 1.630335 1.234774
 330.000000 1.631499 1.201825
 331.000000 1.701600 1.226662
 332.000000 1.541542 1.121048
 333.000000 1.613142 1.186977
 334.000000 1.647893 1.352533
 335.000000 1.683980 1.233116
 336.000000 1.658264 1.239663
 337.000000 1.591746 1.190639
 338.000000 1.505160 1.296926
 339.000000 1.496993 1.181201
 340.000000 1.586659 1.135171
 341.000000 1.538398 1.157578
 342.000000 1.538645 1.248275
 343.000000 1.513476 1.167233
 344.000000 1.690999 1.058868
 345.000000 1.539667 1.185756
 346.000000 1.542257 1.220361
 347.000000 1.504856 1.129183
 348.000000 1.667736 1.229013
 349.000000 1.579929 1.171317
 350.000000 1.539856 1.171700
 351.000000 1.533918 1.181879
 352.000000 1.555682 1.139278
 353.000000 1.466806 1.190079
 354.000000 1.472328 1.293322
 355.000000 1.503036 1.211211
 356.000000 1.663459 1.130675
 357.000000 1.557140 1.226505
 358.000000 1.495092 1.243773
 359.000000 1.621225 1.171677
 360.000000 1.495708 1.232449
 361.000000 1.406398 1.171448
 362.000000 1.512895 1.314186
 363.000000 1.596235 1.178725
 364.000000 1.575949 1.282006
 365.000000 1.451597 1.234167
 366.000000 1.630020 1.165097
 367.000000 1.487873 1.196987
 368.000000 1.563912 1.184415
 369.000000 1.465867 1.178648
 370.000000 1.472984 1.234609
 371.000000 1.422633 1.256069
 372.000000 1.456096 1.237966
 373.000000 1.462263 1.331572
 374.000000 1.535718 1.309941
 375.000000 1.609287 1.242722
 376.000000 1.513789 1.217186
 377.000000 1.508586 1.272944
 378.000000 1.465714 1.218341
 379.000000 1.604958 1.265256
 380.000000 1.461143 1.198282
 381.000000 1.451183 1.268250
 382.000000 1.518448 1.316858
 383.000000 1.491131 1.277440
 384.000000 1.613428 1.315310
 385.000000 1.581163 1.169511
 386.000000 1.485942 1.191161
 387.000000 1.511816 1.269113
 388.000000 1.450701 1.178026
 389.000000 1.413395 1.209380
 390.000000 1.494533 1.203671
 391.000000 1.438638 1.177495
 392.000000 1.570569 1.190322
 393.000000 1.521797 1.241633
 394.000000 1.534765 1.295552
 395.000000 1.611011 1.141144
 396.000000 1.511213 1.277097
 397.000000 1.456790 1.251039
 398.000000 1.446446 1.273368
 399.000000 1.530825 1.228862
 400.000000 1.402503 1.173565
 401.000000 1.372783 1.194448
 402.000000 1.503369 1.215274
 403.000000 1.492759 1.203392
 404.000000 1.458625 1.229845
 405.000000 1.406065 1.238296
 406.000000 1.464721 1.192060
 407.000000 1.468430 1.197093
 408.000000 1.490785 1.282883
 409.000000 1.520300 1.161477
 410.000000 1.457625 1.338344
 411.000000 1.564264 1.297843
 412.000000 1.443010 1.184976
 413.000000 1.485694 1.213931
 414.000000 1.463990 1.207257
 415.000000 1.448886 1.216819
 416.000000 1.421045 1.132845
 417.000000 1.490889 1.177360
 418.000000 1.425686 1.163876
 419.000000 1.459056 1.112342
 420.000000 1.511139 1.176335
 421.000000 1.416865 1.172833
 422.000000 1.447747 1.146154
 423.000000 1.471248 1.160462
 424.000000 1.590973 1.093827
 425.000000 1.486649 1.238033
 426.000000 1.600702 1.129113
 427.000000 1.571862 1.219036
 428.000000 1.560524 1.241664
 429.000000 1.435657 1.112445
 430.000000 1.575645 1.183837
 431.000000 1.474161 1.257896
 432.000000 1.551620 1.307823
 433.000000 1.616787 1.310158
 434.000000 1.526549 1.248568
 435.000000 1.536354 1.142898
 436.000000 1.536458 1.191911
 437.000000 1.498266 1.193552
 438.000000 1.467833 1.091361
 439.000000 1.678097 1.153993
 440.000000 1.523203 1.125437
 441.000000 1.514363 1.079114
 442.000000 1.666414 1.131251
 443.000000 1.508107 1.308645
 444.000000 1.510562 1.187000
 445.000000 1.619776 1.200351
 446.000000 1.679532 1.168059
 447.000000 1.627700 1.107999
 448.000000 1.599074 1.261057
 449.000000 1.476347 1.209162
 450.000000 1.510800 1.181661
 451.000000 1.676101 1.246666
 452.000000 1.628370 1.238667
 453.000000 1.555157 1.189581
 454.000000 1.624192 1.113578
 455.000000 1.510129 1.216914
 456.000000 1.549845 1.193423
 457.000000 1.539961 1.240383
 458.000000 1.557264 1.263535
 459.000000 1.460079 1.246045
 460.000000 1.520227 1.167659
 461.000000 1.564002 1.157836
 462.000000 1.500228 1.152260
 463.000000 1.560606 1.102516
 464.000000 1.603475 1.167394
 465.000000 1.657966 1.043854
 466.000000 1.539567 1.185096
 467.000000 1.366390 1.185114
 468.000000 1.385141 1.162265
 469.000000 1.530240 1.119514
 470.000000 1.449529 1.151927
 471.000000 1.529876 1.196485
 472.000000 1.501762 1.157238
 473.000000 1.417945 1.144372
 474.000000 1.580254 1.077303
 475.000000 1.468057 1.179605
 476.000000 1.508801 1.188032
 477.000000 1.423226 1.143778
 478.000000 1.540130 1.137154
 479.000000 1.556424 1.146658
 480.000000 1.611409 1.146775
 481.000000 1.467498 1.112936
 482.000000 1.535256 1.073784
 483.000000 1.602115 1.101092
 484.000000 1.581965 1.142658
 485.000000 1.366052 1.172335
 486.000000 1.482292 1.120629
 487.000000 1.523032 1.228904
 488.000000 1.564835 1.274486
 489.000000 1.632800 1.182499
 490.000000 1.478669 1.202408
 491.000000 1.642165 1.176314
 492.000000 1.600509 1.146532
 493.000000 1.594147 1.204095
 494.000000 1.570594 1.184730
 495.000000 1.533843 1.234489
 496.000000 1.592645 1.219580
 497.000000 1.553894 1.197404
 498.000000 1.607384 1.269100
 499.000000 1.607072 1.206346
 500.000000 1.569838 1.149014
 501.000000 1.597345 1.272110
 502.000000 1.617592 1.096321
 503.000000 1.598129 1.120243
 504.000000 1.596580 1.110979
 505.000000 1.514129 1.220110
 506.000000 1.624461 1.195893
 507.000000 1.536664 1.230479
 508.000000 1.617982 1.167603
 509.000000 1.509011 1.228748
 510.000000 1.591556 1.172464
 511.000000 1.514017 1.169977
 512.000000 1.545132 1.124999
 513.000000 1.488880 1.116801
 514.000000 1.520387 1.166883
 515.000000 1.479158 1.184261
 516.000000 1.522155 1.258422
 517.000000 1.546022 1.182039
 518.000000 1.517654 1.190291
 519.000000 1.457335 1.209245
 520.000000 1.632432 1.200048
 521.000000 1.574664 1.205682
 522.000000 1.474024 1.208214
 523.000000 1.450845 1.198462
 524.000000 1.520518 1.302478
 525.000000 1.555681 1.246334
 526.000000 1.647748 1.254030
 527.000000 1.653903 1.218285
 528.000000 1.521237 1.148783
 529.000000 1.517329 1.227740
 530.000000 1.635469 1.248606
 531.000000 1.580212 1.194017
 532.000000 1.610303 1.154180
 533.000000 1.566275 1.221026
 534.000000 1.523802 1.170993
 535.000000 1.556021 1.198210
 536.000000 1.581919 1.259878
 537.000000 1.457312 1.101753
 538.000000 1.483394 1.098949
 539.000000 1.501417 1.183869
 540.000000 1.540000 1.131143
 541.000000 1.493885 1.158139
 542.000000 1.408244 1.176731
 543.000000 1.533514 1.252219
 544.000000 1.590203 1.211587
 545.000000 1.595281 1.290888
 546.000000 1.523256 1.191667
 547.000000 1.483628 1.295727
 548.000000 1.540709 1.289569
 549.000000 1.571192 1.148099
 550.000000 1.547928 1.154899
 551.000000 1.501358 1.223909
 552.000000 1.607645 1.221694
 553.000000 1.503806 1.243159
 554.000000 1.556606 1.214114
 555.000000 1.504793 1.257218
 556.000000 1.522027 1.252462
 557.000000 1.462690 1.254244
 558.000000 1.509086 1.126892
 559.000000 1.461506 1.289760
 560.000000 1.490303 1.214035
 561.000000 1.555265 1.231900
 562.000000 1.521052 1.288608
 563.000000 1.638086 1.162134
 564.000000 1.503252 1.329348
 565.000000 1.650982 1.249472
 566.000000 1.674620 1.242414
 567.000000 1.626435 1.182159
 568.000000 1.533380 1.299874
 569.000000 1.521002 1.228969
 570.000000 1.506216 1.201505
 571.000000 1.529842 1.151523
 572.000000 1.609684 1.139325
 573.000000 1.537277 1.179756
 574.000000 1.624340 1.170177
 575.000000 1.504852 1.147936
 576.000000 1.501147 1.172590
 577.000000 1.610411 1.196224
 578.000000 1.427551 1.154290
 579.000000 1.600787 1.117135
 580.000000 1.600851 1.124966
 581.000000 1.492260 1.257068
 582.000000 1.550159 1.231982
 583.000000 1.497484 1.179577
 584.000000 1.581500 1.100040
 585.000000 1.575325 1.321079
 586.000000 1.466667 1.184258
 587.000000 1.486362 1.218601
 588.000000 1.531441 1.197284
 589.000000 1.514717 1.237661
 590.000000 1.654229 1.152484
 591.000000 1.517904 1.272632
 592.000000 1.598875 1.326141
 593.000000 1.572501 1.130505
 594.000000 1.517650 1.248305
 595.000000 1.500665 1.207587
 596.000000 1.527004 1.143294
 597.000000 1.564809 1.222228
 598.000000 1.576468 1.204710
 599.000000 1.470365 1.121774
 600.000000 1.512209 1.154542
 601.000000 1.601987 1.213665
 602.000000 1.614905 1.202834
 603.000000 1.558501 1.244981
 604.000000 1.499401 1.258913
 605.000000 1.440712 1.211253
 606.000000 1.590912 1.223523
 607.000000 1.596365 1.266976
 608.000000 1.555601 1.147508
 609.000000 1.470428 1.277047
 610.000000 1.634499 1.191751
 611.000000 1.562537 1.081401
 612.000000 1.509107 1.229519
 613.000000 1.603137 1.132252
 614.000000 1.496874 1.161330
 615.000000 1.556028 1.118225
 616.000000 1.546047 1.170141
 617.000000 1.401407 1.226192
 618.000000 1.588872 1.318700
 619.000000 1.654643 1.170911
 620.000000 1.570880 1.058863
 621.000000 1.420301 1.167568
 622.000000 1.511860 1.240102
 623.000000 1.480350 1.205248
 624.000000 1.544372 1.177357
 625.000000 1.412877 1.222389
 626.000000 1.516975 1.116409
 627.000000 1.547503 1.183770
 628.000000 1.609422 1.336816
 629.000000 1.584995 1.185658
 630.000000 1.660730 1.280879
 631.000000 1.559766 1.269415
 632.000000 1.581254 1.106592
 633.000000 1.589757 1.135516
 634.000000 1.519074 1.127053
 635.000000 1.547413 1.203397
 636.000000 1.527503 1.108525
 637.000000 1.544911 1.224497
 638.000000 1.490729 1.175174
 639.000000 1.546225 1.229843
 640.000000 1.580799 1.133117
 641.000000 1.597721 1.217483
 642.000000 1.562758 1.159819
 643.000000 1.466323 1.236814
 644.000000 1.571779 1.175364
 645.000000 1.500631 1.174092
 646.000000 1.570694 1.259398
 647.000000 1.504663 1.260467
 648.000000 1.425008 1.177973
 649.000000 1.604761 1.276800
 650.000000 1.634048 1.106633
 651.000000 1.514863 1.193410
 652.000000 1.582462 1.148146
 653.000000 1.544594 1.144311
 654.000000 1.505356 1.201318
 655.000000 1.593600 1.234052
 656.000000 1.558584 1.130857
 657.000000 1.515222 1.158400
 658.000000 1.596905 1.136319
 659.000000 1.581712 1.146067
 660.000000 1.533520 1.264435
 661.000000 1.554416 1.124810
 662.000000 1.567918 1.185627
 663.000000 1.603549 1.204775
 664.000000 1.531178 1.132721
 665.000000 1.448204 1.219301
 666.000000 1.530558 1.258900
 667.000000 1.560501 1.223442
 668.000000 1.461112 1.221290
 669.000000 1.565864 1.252507
 670.000000 1.539850 1.269049
 671.000000 1.561237 1.319802
 672.000000 1.555586 1.200147
 673.000000 1.486349 1.217227
 674.000000 1.462855 1.185847
 675.000000 1.567356 1.140336
 676.000000 1.489784 1.196157
 677.000000 1.539850 1.200427
 678.000000 1.514777 1.132461
 679.000000 1.595652 1.207949
 680.000000 1.544933 1.266063
 681.000000 1.549407 1.174397
 682.000000 1.575386 1.246112
 683.000000 1.603070 1.204181
 684.000000 1.508280 1.281492
 685.000000 1.626269 1.260581
 686.000000 1.538839 1.195973
 687.000000 1.566099 1.299341
 688.000000 1.554657 1.187356
 689.000000 1.559426 1.186112
 690.000000 1.556923 1.210120
 691.000000 1.579095 1.218802
 692.000000 1.528421 1.176096
 693.000000 1.551672 1.167872
 694.000000 1.511204 1.214128
 695.000000 1.536099 1.209310
 696.000000 1.543680 1.223223
 697.000000 1.527046 1.244394
 698.000000 1.446879 1.310190
 699.000000 1.562589 1.229630
 700.000000 1.671851 1.227466
 701.000000 1.584171 1.186816
 702.000000 1.677583 1.147312
 703.000000 1.520920 1.163866
 704.000000 1.460247 1.181458
 705.000000 1.550380 1.257364
 706.000000 1.530864 1.157302
 707.000000 1.554167 1.183774
 708.000000 1.499285 1.179034
 709.000000 1.490298 1.184802
 710.000000 1.547639 1.084489
 711.000000 1.551525 1.110690
 712.000000 1.520768 1.235147
 713.000000 1.555900 1.241342
 714.000000 1.461169 1.260418
 715.000000 1.534639 1.169874
 716.000000 1.598115 1.083297
 717.000000 1.602071 1.132865
 718.000000 1.545491 1.173627
 719.000000 1.561213 1.076856
 720.000000 1.445949 1.232201
 721.000000 1.703004 1.128990
 722.000000 1.547637 1.101016
 723.000000 1.597388 1.098038
 724.000000 1.600121 1.176888
 725.000000 1.546117 1.166686
 726.000000 1.618056 1.262796
 727.000000 1.520166 1.132606
 728.000000 1.597406 1.140735
 729.000000 1.508866 1.227996
 730.000000 1.573041 1.130463
 731.000000 1.516572 1.148240
 732.000000 1.569611 1.186793
 733.000000 1.529546 1.141241
 734.000000 1.589030 1.138340
 735.000000 1.650624 1.201583
 736.000000 1.493074 1.222156
 737.000000 1.564168 1.159977
 738.000000 1.550050 1.296334
 739.000000 1.534908 1.214264
 740.000000 1.598293 1.240719
 741.000000 1.530452 1.324298
 742.000000 1.510293 1.203178
 743.000000 1.466279 1.196769
 744.000000 1.578697 1.088071
 745.000000 1.526140 1.184670
 746.000000 1.526951 1.156646
 747.000000 1.581430 1.146149
 748.000000 1.472071 1.238637
 749.000000 1.536971 1.157009
 750.000000 1.567977 1.145818
 751.000000 1.679124 1.267311
 752.000000 1.491123 1.169989
 753.000000 1.605555 1.163771
 754.000000 1.483445 1.263003
 755.000000 1.537623 1.257746
 756.000000 1.521339 1.203799
 757.000000 1.494269 1.192464
 758.000000 1.587876 1.209252
 759.000000 1.505805 1.167093
 760.000000 1.567161 1.224103
 761.000000 1.587975 1.229476
 762.000000 1.531990 1.104879
 763.000000 1.548461 1.168875
 764.000000 1.497562 1.287506
 765.000000 1.514104 1.221731
 766.000000 1.522608 1.175807
 767.000000 1.482498 1.151371
 768.000000 1.451097 1.148620
 769.000000 1.485759 1.199940
 770.000000 1.519056 1.124329
 771.000000 1.488229 1.266220
 772.000000 1.602451 1.086600
 773.000000 1.524671 1.203513
 774.000000 1.524134 1.307975
 775.000000 1.501297 1.216233
 776.000000 1.568471 1.184875
 777.000000 1.513528 1.240753
 778.000000 1.581162 1.268235
 779.000000 1.490253 1.188581
 780.000000 1.434984 1.153654
 781.000000 1.566035 1.074487
 782.000000 1.454823 1.189756
 783.000000 1.638878 1.167301
 784.000000 1.668312 1.171183
 785.000000 1.520534 1.197547
 786.000000 1.638659 1.229360
 787.000000 1.537633 1.334071
 788.000000 1.504645 1.198627
 789.000000 1.445923 1.137527
 790.000000 1.544994 1.270682
 791.000000 1.581852 1.301839
 792.000000 1.484542 1.230889
 793.000000 1.558908 1.187863
 794.000000 1.539643 1.067167
 795.000000 1.640141 1.103899
 796.000000 1.602689 1.250182
 797.000000 1.537842 1.178996
 798.000000 1.632697 1.169318
 799.000000 1.479471 1.203872
 800.000000 1.487825 1.110040
 801.000000 1.598915 1.155160
 802.000000 1.424643 1.218174
 803.000000 1.455163 1.244222
 804.000000 1.507925 1.156995
 805.000000 1.580319 1.223151
 806.000000 1.596782 1.267901
 807.000000 1.559728 1.149540
 808.000000 1.417775 1.176927
 809.000000 1.462632 1.159499
 810.000000 1.532516 1.209566
 811.000000 1.520804 1.229464
 812.000000 1.529544 1.171694
 813.000000 1.491224 1.262425
 814.000000 1.494830 1.221513
 815.000000 1.500950 1.242994
 816.000000 1.554254 1.209167
 817.000000 1.528631 1.131178
 818.000000 1.488544 1.233471
 819.000000 1.597224 1.127835
 820.000000 1.594864 1.105245
 821.000000 1.502734 1.090803
 822.000000 1.610436 1.169570
 823.000000 1.606151 1.260128
 824.000000 1.515580 1.171828
 825.000000 1.463484 1.138540
 826.000000 1.478304 1.249897
 827.000000 1.548318 1.222913
 828.000000 1.537791 1.270802
 829.000000 1.456740 1.292359
 830.000000 1.568936 1.246916
 831.000000 1.518359 1.195241
 832.000000 1.518018 1.155854
 833.000000 1.588190 1.181850
 834.000000 1.558312 1.134977
 835.000000 1.549781 1.207483
 836.000000 1.538482 1.273225
 837.000000 1.530610 1.250777
 838.000000 1.570253 1.252819
 839.000000 1.597417 1.222709
 840.000000 1.547580 1.162824
 841.000000 1.540215 1.158150
 842.000000 1.517899 1.234344
 843.000000 1.521380 1.224311
 844.000000 1.461866 1.138335
 845.000000 1.521707 1.166891
 846.000000 1.569353 1.268301
 847.000000 1.554214 1.168552
 848.000000 1.598569 1.249636
 849.000000 1.527048 1.200702
 850.000000 1.612133 1.173408
 851.000000 1.497118 1.266566
 852.000000 1.611399 1.162327
 853.000000 1.506208 1.192997
 854.000000 1.596892 1.161710
 855.000000 1.653316 1.230483
 856.000000 1.550597 1.186047
 857.000000 1.495360 1.126454
 858.000000 1.566331 1.182329
 859.000000 1.496771 1.230005
 860.000000 1.606939 1.198949
 861.000000 1.590678 1.220687
 862.000000 1.481358 1.182359
 863.000000 1.545373 1.154812
 864.000000 1.692750 1.217026
 865.000000 1.552531 1.273812
 866.000000 1.590418 1.154425
 867.000000 1.679279 1.265876
 868.000000 1.576601 1.184297
 869.000000 1.553640 1.108769
 870.000000 1.482685 1.151086
 871.000000 1.500889 1.174460
 872.000000 1.587046 1.188435
 873.000000 1.570155 1.164533
 874.000000 1.456476 1.217251
 875.000000 1.515257 1.251738
 876.000000 1.575242 1.196951
 877.000000 1.531081 1.206036
 878.000000 1.609574 1.270679
 879.000000 1.546653 1.227472
 880.000000 1.659647 1.200693
 881.000000 1.574847 1.159172
 882.000000 1.444645 1.276568
 883.000000 1.507489 1.228304
 884.000000 1.532839 1.224585
 885.000000 1.543651 1.221948
 886.000000 1.504269 1.274504
 887.000000 1.637939 1.241284
 888.000000 1.609838 1.204613
 889.000000 1.566777 1.255001
 890.000000 1.604402 1.193974
 891.000000 1.650915 1.347908
 892.000000 1.504535 1.245735
 893.000000 1.570819 1.203894
 894.000000 1.664039 1.245235
 895.000000 1.595483 1.284726
 896.000000 1.619104 1.237863
 897.000000 1.539378 1.280048
 898.000000 1.526080 1.163033
 899.000000 1.645953 1.230982
 900.000000 1.516530 1.239579
 901.000000 1.592689 1.179918
 902.000000 1.490116 1.219236
 903.000000 1.627039 1.294934
 904.000000 1.594925 1.346708
 905.000000 1.598249 1.293409
 906.000000 1.575089 1.176342
 907.000000 1.533453 1.262160
 908.000000 1.609967 1.314146
 909.000000 1.518985 1.317440
 910.000000 1.590409 1.218659
 911.000000 1.464972 1.297058
 912.000000 1.596273 1.268116
 913.000000 1.614995 1.291865
 914.000000 1.570176 1.282847
 915.000000 1.454805 1.205699
 916.000000 1.560672 1.235912
 917.000000 1.532838 1.286329
 918.000000 1.531183 1.215157
 919.000000 1.537554 1.230599
 920.000000 1.518638 1.202524
 921.000000 1.465384 1.222446
 922.000000 1.603624 1.284224
 923.000000 1.498704 1.232144
 924.000000 1.548108 1.203252
 925.000000 1.585878 1.186996
 926.000000 1.420469 1.246083
 927.000000 1.626942 1.215725
 928.000000 1.647712 1.310515
 929.000000 1.576065 1.209009
 930.000000 1.525176 1.183071
 931.000000 1.621165 1.097796
 932.000000 1.629155 1.222375
 933.000000 1.567089 1.257178
 934.000000 1.549451 1.185310
 935.000000 1.597271 1.224420
 936.000000 1.555627 1.285113
 937.000000 1.672369 1.219611
 938.000000 1.582116 1.212686
 939.000000 1.484210 1.258175
 940.000000 1.493107 1.216769
 941.000000 1.422918 1.158146
 942.000000 1.580771 1.269700
 943.000000 1.541192 1.244907
 944.000000 1.568900 1.247180
 945.000000 1.519999 1.191755
 946.000000 1.547109 1.182923
 947.000000 1.500666 1.202655
 948.000000 1.521866 1.264984
 949.000000 1.542198 1.232479
 950.000000 1.601904 1.206024
 951.000000 1.616021 1.220632
 952.000000 1.448968 1.227922
 953.000000 1.487153 1.260808
 954.000000 1.537761 1.086602
 955.000000 1.542000 1.192883
 956.000000 1.632051 1.219986
 957.000000 1.532840 1.248771
 958.000000 1.559285 1.132742
 959.000000 1.603700 1.272187
 960.000000 1.570947 1.185584
 961.000000 1.659011 1.166438
 962.000000 1.613201 1.224444
 963.000000 1.616563 1.195196
 964.000000 1.536754 1.227333
 965.000000 1.462876 1.192479
 966.000000 1.583453 1.202837
 967.000000 1.529138 1.215191
 968.000000 1.573428 1.233990
 969.000000 1.538875 1.101885
 970.000000 1.589158 1.227364
 971.000000 1.521912 1.278281
 972.000000 1.586804 1.298398
 973.000000 1.569919 1.152392
 974.000000 1.516221 1.228600
 975.000000 1.656998 1.138678
 976.000000 1.529070 1.205746
 977.000000 1.558960 1.266210
 978.000000 1.582504 1.247011
 979.000000 1.692584 1.146633
 980.000000 1.460108 1.218249
 981.000000 1.580297 1.075988
 982.000000 1.607812 1.235253
 983.000000 1.661357 1.040923
 984.000000 1.597215 1.123818
 985.000000 1.557402 1.179070
 986.000000 1.497399 1.269644
 987.000000 1.487158 1.151456
 988.000000 1.488919 1.170941
 989.000000 1.573948 1.159338
 990.000000 1.684213 1.078535
 991.000000 1.522078 1.172928
 992.000000 1.656257 1.201774
 993.000000 1.585838 1.170434
 994.000000 1.628180 1.155310
 995.000000 1.550930 1.174225
 996.000000 1.619209 1.135760
 997.000000 1.495277 1.242765
 998.000000 1.617959 1.322376
 999.000000 1.569945 1.235725
 1000.000000 1.535210 1.173366
 1001.000000 1.600137 1.142681
 1002.000000 1.476222 1.231609
 1003.000000 1.567366 1.226456
 1004.000000 1.607849 1.138466
 1005.000000 1.534492 1.250785
 1006.000000 1.459644 1.193562
 1007.000000 1.593704 1.179968
 1008.000000 1.517879 1.206000
 1009.000000 1.475275 1.194469
 1010.000000 1.412474 1.241606
 1011.000000 1.404811 1.237935
 1012.000000 1.557961 1.230346
 1013.000000 1.419944 1.182976
 1014.000000 1.369087 1.298946
 1015.000000 1.618731 1.197239
 1016.000000 1.475372 1.211018
 1017.000000 1.416814 1.141968
 1018.000000 1.463835 1.156179
 1019.000000 1.460574 1.198020
 1020.000000 1.411566 1.231337
 1021.000000 1.420395 1.146075
 1022.000000 1.605246 1.188938
 1023.000000 1.590544 1.114284
 1024.000000 1.437592 1.215002
 1025.000000 1.572947 1.277291
 1026.000000 1.667220 1.261447
 1027.000000 1.630915 1.282693
 1028.000000 1.578090 1.125498
 1029.000000 1.665720 1.074406
 1030.000000 1.610464 1.230268
 1031.000000 1.541493 1.215638
 1032.000000 1.543483 1.155640
 1033.000000 1.495478 1.215393
 1034.000000 1.507797 1.153637
 1035.000000 1.520451 1.161914
 1036.000000 1.586609 1.203271
 1037.000000 1.637397 1.169300
 1038.000000 1.632795 1.191672
 1039.000000 1.581830 1.193111
 1040.000000 1.562853 1.113758
 1041.000000 1.472047 1.143205
 1042.000000 1.553063 1.086162
 1043.000000 1.512673 1.189193
 1044.000000 1.555409 1.221282
 1045.000000 1.517498 1.136190
 1046.000000 1.318073 1.256776
 1047.000000 1.505153 1.214269
 1048.000000 1.626887 1.228519
 1049.000000 1.470122 1.110671
 1050.000000 1.475657 1.251883
 1051.000000 1.434671 1.302681
 1052.000000 1.442549 1.151398
 1053.000000 1.490434 1.225932
 1054.000000 1.508722 1.170238
 1055.000000 1.448169 1.137320
 1056.000000 1.453514 1.296562
 1057.000000 1.518130 1.137131
 1058.000000 1.502224 1.227447
 1059.000000 1.466975 1.136258
 1060.000000 1.451962 1.141159
 1061.000000 1.609248 1.242665
 1062.000000 1.527269 1.235323
 1063.000000 1.553779 1.186290
 1064.000000 1.395683 1.303134
 1065.000000 1.502348 1.221665
 1066.000000 1.574533 1.247235
 1067.000000 1.552780 1.159717
 1068.000000 1.484815 1.195426
 1069.000000 1.411979 1.176825
 1070.000000 1.533520 1.288794
 1071.000000 1.466648 1.140745
 1072.000000 1.464379 1.191185
 1073.000000 1.482265 1.160019
 1074.000000 1.435399 1.192501
 1075.000000 1.557488 1.243200
 1076.000000 1.471283 1.200978
 1077.000000 1.367086 1.185269
 1078.000000 1.467273 1.208921
 1079.000000 1.540123 1.247943
 1080.000000 1.581512 1.133510
 1081.000000 1.590326 1.202379
 1082.000000 1.577963 1.282240
 1083.000000 1.456837 1.161268
 1084.000000 1.578016 1.179006
 1085.000000 1.451131 1.219805
 1086.000000 1.537008 1.215569
 1087.000000 1.486540 1.236779
 1088.000000 1.473588 1.196013
 1089.000000 1.484484 1.246548
 1090.000000 1.551298 1.259479
 1091.000000 1.428966 1.145414
 1092.000000 1.619338 1.188623
 1093.000000 1.552082 1.223027
 1094.000000 1.559584 1.109134
 1095.000000 1.454484 1.297420
 1096.000000 1.518306 1.166093
 1097.000000 1.424129 1.164831
 1098.000000 1.621324 1.121820
 1099.000000 1.544522 1.185655
 1100.000000 1.452797 1.245740
 1101.000000 1.524534 1.220362
 1102.000000 1.509219 1.164195
 1103.000000 1.566457 1.279028
 1104.000000 1.414089 1.185449
 1105.000000 1.521798 1.174609
 1106.000000 1.437690 1.294719
 1107.000000 1.422689 1.230796
 1108.000000 1.382256 1.214117
 1109.000000 1.368185 1.217267
 1110.000000 1.487798 1.177353
 1111.000000 1.364422 1.228523
 1112.000000 1.414661 1.168923
 1113.000000 1.414249 1.157337
 1114.000000 1.530140 1.145224
 1115.000000 1.501295 1.157271
 1116.000000 1.426067 1.207264
 1117.000000 1.511503 1.285221
 1118.000000 1.338663 1.134895
 1119.000000 1.574061 1.320218
 1120.000000 1.505841 1.230211
 1121.000000 1.524536 1.209261
 1122.000000 1.483903 1.124327
 1123.000000 1.383846 1.218855
 1124.000000 1.520781 1.219651
 1125.000000 1.497378 1.193564
 1126.000000 1.482153 1.203809
 1127.000000 1.462773 1.225685
 1128.000000 1.501137 1.112452
 1129.000000 1.568781 1.154350
 1130.000000 1.475907 1.242230
 1131.000000 1.568152 1.192787
 1132.000000 1.585660 1.238085
 1133.000000 1.494995 1.232425
 1134.000000 1.442516 1.221907
 1135.000000 1.628771 1.240493
 1136.000000 1.564241 1.245416
 1137.000000 1.457705 1.224047
 1138.000000 1.425323 1.198523
 1139.000000 1.514806 1.175495
 1140.000000 1.475681 1.226416
 1141.000000 1.500870 1.211773
 1142.000000 1.509696 1.202502
 1143.000000 1.469536 1.225965
 1144.000000 1.514011 1.239242
 1145.000000 1.528840 1.321648
 1146.000000 1.488003 1.221377
 1147.000000 1.487234 1.242355
 1148.000000 1.473314 1.218722
 1149.000000 1.543346 1.221628
 1150.000000 1.538191 1.189939
 1151.000000 1.471138 1.247645
 1152.000000 1.528464 1.227395
 1153.000000 1.533779 1.254230
 1154.000000 1.526171 1.219405
 1155.000000 1.414024 1.230020
 1156.000000 1.516992 1.211563
 1157.000000 1.592300 1.247633
 1158.000000 1.540397 1.265822
 1159.000000 1.601495 1.175176
 1160.000000 1.487410 1.145239
 1161.000000 1.538347 1.194080
 1162.000000 1.547900 1.174020
 1163.000000 1.454994 1.273410
 1164.000000 1.500511 1.149477
 1165.000000 1.444131 1.272295
 1166.000000 1.528061 1.207666
 1167.000000 1.622872 1.292268
 1168.000000 1.638946 1.238252
 1169.000000 1.476583 1.245973
 1170.000000 1.485220 1.128237
 1171.000000 1.459941 1.220391
 1172.000000 1.591284 1.213099
 1173.000000 1.595037 1.323561
 1174.000000 1.483375 1.236871
 1175.000000 1.560684 1.148943
 1176.000000 1.476704 1.295568
 1177.000000 1.519959 1.155524
 1178.000000 1.601696 1.194344
 1179.000000 1.466115 1.188481
 1180.000000 1.444979 1.240519
 1181.000000 1.687244 1.161960
 1182.000000 1.548377 1.180708
 1183.000000 1.455592 1.222730
 1184.000000 1.529586 1.168275
 1185.000000 1.475929 1.217709
 1186.000000 1.504561 1.206901
 1187.000000 1.461104 1.232589
 1188.000000 1.490148 1.275861
 1189.000000 1.480648 1.288514
 1190.000000 1.504353 1.242644
 1191.000000 1.523312 1.240795
 1192.000000 1.662050 1.187400
 1193.000000 1.557292 1.222389
 1194.000000 1.572169 1.117421
 1195.000000 1.586508 1.257325
 1196.000000 1.604423 1.200883
 1197.000000 1.485572 1.281908
 1198.000000 1.490310 1.151856
 1199.000000 1.485604 1.125419
 1200.000000 1.566339 1.131296
 1201.000000 1.419824 1.263133
 1202.000000 1.513340 1.193171
 1203.000000 1.580994 1.233357
 1204.000000 1.643264 1.135167
 1205.000000 1.509781 1.195946
 1206.000000 1.561117 1.096187
 1207.000000 1.572147 1.169193
 1208.000000 1.468980 1.226784
 1209.000000 1.494281 1.115211
 1210.000000 1.546748 1.142072
 1211.000000 1.606494 1.095885
 1212.000000 1.645960 1.137347
 1213.000000 1.572292 1.177119
 1214.000000 1.582205 1.067373
 1215.000000 1.505318 1.147731
 1216.000000 1.499949 1.103891
 1217.000000 1.638750 1.171240
 1218.000000 1.565847 1.241102
 1219.000000 1.552596 1.195437
 1220.000000 1.542461 1.096841
 1221.000000 1.644597 1.140926
 1222.000000 1.501502 1.117043
 1223.000000 1.456786 1.171905
 1224.000000 1.597838 1.177304
 1225.000000 1.517035 1.171077
 1226.000000 1.458626 1.214568
 1227.000000 1.508507 1.202385
 1228.000000 1.615965 1.168589
 1229.000000 1.527781 1.225988
 1230.000000 1.506027 1.210619
 1231.000000 1.547035 1.172458
 1232.000000 1.488229 1.108092
 1233.000000 1.442527 1.166564
 1234.000000 1.501328 1.235592
 1235.000000 1.471669 1.173274
 1236.000000 1.415892 1.242308
 1237.000000 1.498489 1.114056
 1238.000000 1.566598 1.112372
 1239.000000 1.577282 1.202358
 1240.000000 1.548971 1.193746
 1241.000000 1.556983 1.209503
 1242.000000 1.540399 1.125380
 1243.000000 1.577364 1.203927
 1244.000000 1.606510 1.096529
 1245.000000 1.588648 1.203492
 1246.000000 1.573575 1.239989
 1247.000000 1.461000 1.205371
 1248.000000 1.596158 1.162295
 1249.000000 1.551791 1.216997
 1250.000000 1.583346 1.110983
 1251.000000 1.514661 1.240639
 1252.000000 1.528323 1.158172
 1253.000000 1.586668 1.284004
 1254.000000 1.593093 1.241205
 1255.000000 1.590801 1.106600
 1256.000000 1.530442 1.210072
 1257.000000 1.469481 1.202796
 1258.000000 1.517731 1.146593
 1259.000000 1.514807 1.180126
 1260.000000 1.552753 1.174350
 1261.000000 1.601979 1.135792
 1262.000000 1.559395 1.141311
 1263.000000 1.555440 1.185434
 1264.000000 1.430732 1.228718
 1265.000000 1.602447 1.206350
 1266.000000 1.664608 1.104379
 1267.000000 1.695389 1.219607
 1268.000000 1.695764 1.151929
 1269.000000 1.704070 1.158707
 1270.000000 1.550784 1.151549
 1271.000000 1.540141 1.226142
 1272.000000 1.580159 1.208090
 1273.000000 1.592822 1.285311
 1274.000000 1.564565 1.221861
 1275.000000 1.613994 1.216984
 1276.000000 1.607152 1.214542
 1277.000000 1.593464 1.177905
 1278.000000 1.537800 1.138046
 1279.000000 1.605388 1.138047
 1280.000000 1.615443 1.136502
 1281.000000 1.589829 1.205494
 1282.000000 1.567990 1.278529
 1283.000000 1.536158 1.245895
 1284.000000 1.500355 1.215309
 1285.000000 1.621937 1.209872
 1286.000000 1.655874 1.184464
 1287.000000 1.472695 1.172066
 1288.000000 1.626711 1.161091
 1289.000000 1.613647 1.189792
 1290.000000 1.537052 1.199073
 1291.000000 1.582132 1.224202
 1292.000000 1.520308 1.195673
 1293.000000 1.588259 1.166365
 1294.000000 1.664421 1.180661
 1295.000000 1.548783 1.087481
 1296.000000 1.561737 1.166398
 1297.000000 1.440542 1.230016
 1298.000000 1.509117 1.145060
 1299.000000 1.491594 1.162704
 1300.000000 1.514889 1.209927
 1301.000000 1.542371 1.145601
 1302.000000 1.511963 1.222047
 1303.000000 1.640270 1.185701
 1304.000000 1.466198 1.076142
 1305.000000 1.527791 1.303418
 1306.000000 1.526057 1.152852
 1307.000000 1.571819 1.211161
 1308.000000 1.549512 1.240079
 1309.000000 1.507908 1.276952
 1310.000000 1.635203 1.198226
 1311.000000 1.505600 1.156335
 1312.000000 1.587591 1.171565
 1313.000000 1.624533 1.144166
 1314.000000 1.609603 1.178107
 1315.000000 1.614092 1.156811
 1316.000000 1.598921 1.146057
 1317.000000 1.493406 1.149644
 1318.000000 1.501246 1.083038
 1319.000000 1.627520 1.208236
 1320.000000 1.498304 1.151544
 1321.000000 1.559128 1.130480
 1322.000000 1.477459 1.228753
 1323.000000 1.548574 1.139473
 1324.000000 1.555942 1.204610
 1325.000000 1.557417 1.171724
 1326.000000 1.564061 1.139940
 1327.000000 1.557242 1.167662
 1328.000000 1.589568 1.252225
 1329.000000 1.502875 1.112382
 1330.000000 1.513376 1.190783
 1331.000000 1.631117 1.244237
 1332.000000 1.526681 1.238257
 1333.000000 1.478141 1.186530
 1334.000000 1.447175 1.147444
 1335.000000 1.479399 1.136874
 1336.000000 1.659602 1.194617
 1337.000000 1.548438 1.115958
 1338.000000 1.468409 1.222107
 1339.000000 1.588796 1.236789
 1340.000000 1.540930 1.218048
 1341.000000 1.647296 1.147750
 1342.000000 1.522246 1.185935
 1343.000000 1.537674 1.176420
 1344.000000 1.559459 1.245144
 1345.000000 1.590438 1.201622
 1346.000000 1.530353 1.170871
 1347.000000 1.527300 1.112669
 1348.000000 1.607238 1.258371
 1349.000000 1.585657 1.256614
 1350.000000 1.585053 1.164384
 1351.000000 1.587650 1.205515
 1352.000000 1.608462 1.219960
 1353.000000 1.644389 1.225557
 1354.000000 1.503666 1.272163
 1355.000000 1.534184 1.143237
 1356.000000 1.514167 1.115908
 1357.000000 1.488461 1.186071
 1358.000000 1.443363 1.121849
 1359.000000 1.517480 1.176931
 1360.000000 1.531513 1.119411
 1361.000000 1.427798 1.123511
 1362.000000 1.458981 1.190134
 1363.000000 1.629181 1.131711
 1364.000000 1.543765 1.127255
 1365.000000 1.596969 1.174933
 1366.000000 1.612616 1.213382
 1367.000000 1.607586 1.166062
 1368.000000 1.625978 1.154979
 1369.000000 1.572301 1.125976
 1370.000000 1.710318 1.197033
 1371.000000 1.595006 1.149584
 1372.000000 1.607361 1.144375
 1373.000000 1.650781 1.150688
 1374.000000 1.627621 1.214715
 1375.000000 1.669277 1.208465
 1376.000000 1.607621 1.031162
 1377.000000 1.606408 1.156621
 1378.000000 1.515768 1.155318
 1379.000000 1.566026 1.134545
 1380.000000 1.610397 1.159299
 1381.000000 1.608319 1.199351
 1382.000000 1.589416 1.190749
 1383.000000 1.525840 1.211789
 1384.000000 1.646230 1.194507
 1385.000000 1.584076 1.213722
 1386.000000 1.506889 1.248694
 1387.000000 1.623503 1.177790
 1388.000000 1.622674 1.130855
 1389.000000 1.499108 1.231831
 1390.000000 1.474409 1.243911
 1391.000000 1.606605 1.272481
 1392.000000 1.578384 1.246405
 1393.000000 1.597765 1.120024
 1394.000000 1.520261 1.174978
 1395.000000 1.681977 1.203046
 1396.000000 1.574978 1.212547
 1397.000000 1.577401 1.281582
 1398.000000 1.620404 1.247848
 1399.000000 1.549516 1.224996
 1400.000000 1.534623 1.139551
 1401.000000 1.586654 1.252306
 1402.000000 1.577057 1.258097
 1403.000000 1.558687 1.200795
 1404.000000 1.620590 1.199655
 1405.000000 1.605395 1.246932
 1406.000000 1.576843 1.291865
 1407.000000 1.522998 1.214686
 1408.000000 1.563058 1.216244
 1409.000000 1.583258 1.133184
 1410.000000 1.526361 1.153799
 1411.000000 1.475778 1.130917
 1412.000000 1.534411 1.092384
 1413.000000 1.608832 1.151802
 1414.000000 1.581825 1.181582
 1415.000000 1.577598 1.081064
 1416.000000 1.633410 1.135619
 1417.000000 1.536413 1.130857
 1418.000000 1.553391 1.171587
 1419.000000 1.496694 1.184349
 1420.000000 1.646755 1.151776
 1421.000000 1.445552 1.207343
 1422.000000 1.494585 1.176548
 1423.000000 1.651465 1.201855
 1424.000000 1.539491 1.193885
 1425.000000 1.561281 1.199101
 1426.000000 1.600923 1.239716
 1427.000000 1.562420 1.148664
 1428.000000 1.608431 1.195752
 1429.000000 1.556816 1.072481
 1430.000000 1.642285 1.243286
 1431.000000 1.648692 1.254201
 1432.000000 1.516084 1.145951
 1433.000000 1.545596 1.138911
 1434.000000 1.518605 1.197398
 1435.000000 1.636696 1.112056
 1436.000000 1.558683 1.167844
 1437.000000 1.534133 1.248429
 1438.000000 1.575326 1.149125
 1439.000000 1.550394 1.166017
 1440.000000 1.516374 1.239457
 1441.000000 1.590124 1.102988
 1442.000000 1.481411 1.086599
 1443.000000 1.556787 1.203549
 1444.000000 1.461166 1.257487
 1445.000000 1.577688 1.212082
 1446.000000 1.447318 1.255292
 1447.000000 1.475510 1.144787
 1448.000000 1.509800 1.221413
 1449.000000 1.501199 1.079409
 1450.000000 1.560023 1.027076
 1451.000000 1.647985 1.102301
 1452.000000 1.526269 1.169632
 1453.000000 1.549724 1.210672
 1454.000000 1.634776 1.189404
 1455.000000 1.631304 1.168779
 1456.000000 1.592257 1.177974
 1457.000000 1.524170 1.127173
 1458.000000 1.431254 1.151344
 1459.000000 1.476276 1.227226
 1460.000000 1.520032 1.161560
 1461.000000 1.578999 1.168193
 1462.000000 1.647595 1.170114
 1463.000000 1.600805 1.241046
 1464.000000 1.642023 1.174016
 1465.000000 1.461861 1.216642
 1466.000000 1.393462 1.152908
 1467.000000 1.581530 1.163975
 1468.000000 1.556660 1.171075
 1469.000000 1.620880 1.184294
 1470.000000 1.488405 1.179063
 1471.000000 1.581224 1.227521
 1472.000000 1.461161 1.137802
 1473.000000 1.467269 1.265552
 1474.000000 1.480415 1.200965
 1475.000000 1.570907 1.139349
 1476.000000 1.581755 1.261259
 1477.000000 1.570510 1.139510
 1478.000000 1.533338 1.249364
 1479.000000 1.513736 1.156534
 1480.000000 1.575478 1.174410
 1481.000000 1.583095 1.295613
 1482.000000 1.506953 1.197388
 1483.000000 1.590875 1.153257
 1484.000000 1.549797 1.200305
 1485.000000 1.572462 1.233025
 1486.000000 1.697768 1.264040
 1487.000000 1.606537 1.253607
 1488.000000 1.549685 1.220544
 1489.000000 1.563040 1.190158
 1490.000000 1.625460 1.220320
 1491.000000 1.430015 1.216706
 1492.000000 1.564400 1.162587
 1493.000000 1.560032 1.256200
 1494.000000 1.572412 1.166647
 1495.000000 1.546782 1.231169
 1496.000000 1.535630 1.157445
 1497.000000 1.503192 1.181950
 1498.000000 1.516526 1.246838
 1499.000000 1.489840 1.166735
 1500.000000 1.549958 1.168404
 1501.000000 1.543809 1.219146
 1502.000000 1.426482 1.211715
 1503.000000 1.538201 1.193598
 1504.000000 1.468963 1.170507
 1505.000000 1.595904 1.206544
 1506.000000 1.590767 1.195533
 1507.000000 1.619421 1.120918
 1508.000000 1.528987 1.188745
 1509.000000 1.623995 1.252243
 1510.000000 1.552873 1.137026
 1511.000000 1.550051 1.104087
 1512.000000 1.515499 1.263304
 1513.000000 1.541898 1.199667
 1514.000000 1.507897 1.150058
 1515.000000 1.546762 1.184746
 1516.000000 1.559616 1.202173
 1517.000000 1.533773 1.228397
 1518.000000 1.548964 1.300189
 1519.000000 1.464136 1.199647
 1520.000000 1.669394 1.240378
 1521.000000 1.535355 1.168719
 1522.000000 1.481726 1.218006
 1523.000000 1.484108 1.154337
 1524.000000 1.662155 1.198460
 1525.000000 1.470537 1.195934
 1526.000000 1.572938 1.180661
 1527.000000 1.558169 1.106497
 1528.000000 1.481040 1.173255
 1529.000000 1.639461 1.232333
 1530.000000 1.512310 1.225429
 1531.000000 1.563753 1.162316
 1532.000000 1.528683 1.191832
 1533.000000 1.505963 1.188612
 1534.000000 1.542467 1.104867
 1535.000000 1.532316 1.234212
 1536.000000 1.495711 1.287609
 1537.000000 1.505619 1.305000
 1538.000000 1.566794 1.268706
 1539.000000 1.520770 1.253995
 1540.000000 1.510476 1.177137
 1541.000000 1.533244 1.239108
 1542.000000 1.552543 1.216508
 1543.000000 1.615217 1.175255
 1544.000000 1.462393 1.175448
 1545.000000 1.459009 1.195909
 1546.000000 1.554359 1.138722
 1547.000000 1.614435 1.207060
 1548.000000 1.608825 1.295302
 1549.000000 1.523784 1.200937
 1550.000000 1.549627 1.170149
 1551.000000 1.526609 1.234569
 1552.000000 1.454258 1.205077
 1553.000000 1.510963 1.269078
 1554.000000 1.516980 1.170313
 1555.000000 1.576223 1.174730
 1556.000000 1.486788 1.160842
 1557.000000 1.424571 1.149463
 1558.000000 1.510736 1.160020
 1559.000000 1.526968 1.169153
 1560.000000 1.613749 1.218270
 1561.000000 1.641560 1.202530
 1562.000000 1.579587 1.227869
 1563.000000 1.598430 1.247591
 1564.000000 1.629573 1.139913
 1565.000000 1.627146 1.220115
 1566.000000 1.481541 1.262283
 1567.000000 1.494737 1.259878
 1568.000000 1.526499 1.213094
 1569.000000 1.563482 1.184902
 1570.000000 1.535392 1.192859
 1571.000000 1.483263 1.145721
 1572.000000 1.550983 1.181380
 1573.000000 1.496358 1.188678
 1574.000000 1.603715 1.123046
 1575.000000 1.553874 1.094949
 1576.000000 1.439806 1.105402
 1577.000000 1.579089 1.246229
 1578.000000 1.616418 1.246697
 1579.000000 1.610019 1.202560
 1580.000000 1.588185 1.183119
 1581.000000 1.656964 1.201247
 1582.000000 1.545205 1.134998
 1583.000000 1.488505 1.220457
 1584.000000 1.618349 1.257896
 1585.000000 1.544812 1.159595
 1586.000000 1.591512 1.253814
 1587.000000 1.624452 1.172045
 1588.000000 1.500263 1.265563
 1589.000000 1.554171 1.169747
 1590.000000 1.555029 1.223078
 1591.000000 1.609564 1.162616
 1592.000000 1.523448 1.223987
 1593.000000 1.436343 1.255392
 1594.000000 1.583229 1.184439
 1595.000000 1.457133 1.239072
 1596.000000 1.473405 1.189528
 1597.000000 1.607109 1.187679
 1598.000000 1.517882 1.204529
 1599.000000 1.461572 1.192435
 1600.000000 1.546662 1.162007
 1601.000000 1.441024 1.146747
 1602.000000 1.596336 1.220099
 1603.000000 1.611132 1.224660
 1604.000000 1.544192 1.195381
 1605.000000 1.584649 1.116591
 1606.000000 1.575859 1.063344
 1607.000000 1.622554 1.228149
 1608.000000 1.477653 1.201808
 1609.000000 1.572737 1.272684
 1610.000000 1.567378 1.187258
 1611.000000 1.508730 1.168828
 1612.000000 1.560814 1.221793
 1613.000000 1.571245 1.180139
 1614.000000 1.572567 1.270920
 1615.000000 1.588523 1.217894
 1616.000000 1.621186 1.157877
 1617.000000 1.549318 1.142922
 1618.000000 1.494054 1.242496
 1619.000000 1.457841 1.228137
 1620.000000 1.536949 1.264130
 1621.000000 1.493355 1.067450
 1622.000000 1.572797 1.100431
 1623.000000 1.527495 1.174759
 1624.000000 1.545889 1.172982
 1625.000000 1.540749 1.176085
 1626.000000 1.492065 1.163652
 1627.000000 1.500813 1.299465
 1628.000000 1.513739 1.143366
 1629.000000 1.527585 1.232049
 1630.000000 1.501331 1.197433
 1631.000000 1.573911 1.157669
 1632.000000 1.537433 1.260130
 1633.000000 1.530965 1.230550
 1634.000000 1.582165 1.217980
 1635.000000 1.460315 1.126329
 1636.000000 1.447294 1.183086
 1637.000000 1.428623 1.224189
 1638.000000 1.394391 1.120510
 1639.000000 1.511465 1.255841
 1640.000000 1.564524 1.195503
 1641.000000 1.498186 1.157383
 1642.000000 1.543404 1.243899
 1643.000000 1.589109 1.089146
 1644.000000 1.601785 1.212150
 1645.000000 1.475782 1.187426
 1646.000000 1.428841 1.156662
 1647.000000 1.483367 1.202766
 1648.000000 1.512440 1.261976
 1649.000000 1.537827 1.169893
 1650.000000 1.552042 1.156011
 1651.000000 1.560036 1.142191
 1652.000000 1.523462 1.137428
 1653.000000 1.506073 1.228881
 1654.000000 1.500822 1.213732
 1655.000000 1.561265 1.182763
 1656.000000 1.483551 1.132147
 1657.000000 1.474856 1.143538
 1658.000000 1.631714 1.266184
 1659.000000 1.642520 1.273887
 1660.000000 1.451664 1.168535
 1661.000000 1.563248 1.220525
 1662.000000 1.549253 1.260584
 1663.000000 1.568186 1.235371
 1664.000000 1.438998 1.115213
 1665.000000 1.484904 1.210242
 1666.000000 1.453679 1.210174
 1667.000000 1.452152 1.107698
 1668.000000 1.501501 1.181762
 1669.000000 1.439066 1.168807
 1670.000000 1.548004 1.053800
 1671.000000 1.446165 1.191953
 1672.000000 1.546182 1.164628
 1673.000000 1.520606 1.092900
 1674.000000 1.502004 1.212374
 1675.000000 1.551132 1.152205
 1676.000000 1.553005 1.250135
 1677.000000 1.429020 1.184361
 1678.000000 1.565331 1.236530
 1679.000000 1.586051 1.110052
 1680.000000 1.486904 1.139243
 1681.000000 1.558062 1.215099
 1682.000000 1.553406 1.080632
 1683.000000 1.491704 1.098993
 1684.000000 1.602448 1.129278
 1685.000000 1.587956 1.159282
 1686.000000 1.587878 1.220951
 1687.000000 1.506826 1.150840
 1688.000000 1.430012 1.197039
 1689.000000 1.493888 1.206681
 1690.000000 1.527097 1.177111
 1691.000000 1.547056 1.208005
 1692.000000 1.510722 1.150514
 1693.000000 1.485591 1.170718
 1694.000000 1.596341 1.261200
 1695.000000 1.571396 1.107743
 1696.000000 1.504137 1.197564
 1697.000000 1.446175 1.158252
 1698.000000 1.527550 1.212895
 1699.000000 1.513007 1.204403
 1700.000000 1.515072 1.137701
 1701.000000 1.509994 1.150603
 1702.000000 1.496305 1.176262
 1703.000000 1.487440 1.289762
 1704.000000 1.428764 1.199138
 1705.000000 1.531564 1.244549
 1706.000000 1.581651 1.194335
 1707.000000 1.535112 1.218003
 1708.000000 1.648049 1.187160
 1709.000000 1.547286 1.218786
 1710.000000 1.508102 1.175721
 1711.000000 1.552038 1.223318
 1712.000000 1.537559 1.149216
 1713.000000 1.482924 1.236585
 1714.000000 1.566103 1.216846
 1715.000000 1.579738 1.246469
 1716.000000 1.473047 1.224665
 1717.000000 1.521765 1.210310
 1718.000000 1.633504 1.187642
 1719.000000 1.569276 1.266443
 1720.000000 1.559344 1.300682
 1721.000000 1.591093 1.242894
 1722.000000 1.555521 1.257361
 1723.000000 1.518521 1.172710
 1724.000000 1.508084 1.179823
 1725.000000 1.499604 1.198341
 1726.000000 1.621402 1.278574
 1727.000000 1.665100 1.200780
 1728.000000 1.591115 1.152275
 1729.000000 1.519396 1.117018
 1730.000000 1.603538 1.215097
 1731.000000 1.570012 1.178145
 1732.000000 1.556118 1.203463
 1733.000000 1.655231 1.177211
 1734.000000 1.513713 1.086702
 1735.000000 1.570514 1.197784
 1736.000000 1.564077 1.119498
 1737.000000 1.593580 1.163763
 1738.000000 1.531869 1.153828
 1739.000000 1.579412 1.087341
 1740.000000 1.575923 1.096912
 1741.000000 1.544706 1.123482
 1742.000000 1.600950 1.230910
 1743.000000 1.607667 1.117101
 1744.000000 1.608879 1.130913
 1745.000000 1.503788 1.160088
 1746.000000 1.576596 1.137471
 1747.000000 1.565422 1.086267
 1748.000000 1.489708 1.118906
 1749.000000 1.608719 1.193649
 1750.000000 1.613370 1.241540
 1751.000000 1.560357 1.182045
 1752.000000 1.521752 1.140416
 1753.000000 1.524611 1.120518
 1754.000000 1.498691 1.190060
 1755.000000 1.609865 1.087997
 1756.000000 1.547666 1.263739
 1757.000000 1.650810 1.247327
 1758.000000 1.567483 1.253696
 1759.000000 1.481851 1.166610
 1760.000000 1.575699 1.275021
 1761.000000 1.412921 1.215782
 1762.000000 1.666310 1.194636
 1763.000000 1.656371 1.175994
 1764.000000 1.577110 1.191943
 1765.000000 1.615288 1.223899
 1766.000000 1.515044 1.162555
 1767.000000 1.609737 1.138775
 1768.000000 1.576803 1.193434
 1769.000000 1.521811 1.260176
 1770.000000 1.500218 1.211346
 1771.000000 1.476120 1.239422
 1772.000000 1.528463 1.129286
 1773.000000 1.516398 1.181677
 1774.000000 1.488665 1.166236
 1775.000000 1.535577 1.148363
 1776.000000 1.488132 1.171341
 1777.000000 1.503864 1.277914
 1778.000000 1.443282 1.100804
 1779.000000 1.616235 1.255532
 1780.000000 1.506596 1.260744
 1781.000000 1.601091 1.287895
 1782.000000 1.562147 1.223837
 1783.000000 1.528933 1.209193
 1784.000000 1.510475 1.171805
 1785.000000 1.489804 1.285018
 1786.000000 1.433856 1.256514
 1787.000000 1.468443 1.148455
 1788.000000 1.532755 1.231502
 1789.000000 1.696497 1.185232
 1790.000000 1.627501 1.166930
 1791.000000 1.554881 1.153186
 1792.000000 1.544871 1.292086
 1793.000000 1.591725 1.239919
 1794.000000 1.578902 1.084778
 1795.000000 1.543881 1.238776
 1796.000000 1.619849 1.195971
 1797.000000 1.620260 1.187736
 1798.000000 1.581631 1.218723
 1799.000000 1.646347 1.242846
 1800.000000 1.706765 1.168250
 1801.000000 1.461626 1.181879
 1802.000000 1.635864 1.202081
 1803.000000 1.541975 1.344316
 1804.000000 1.534497 1.207265
 1805.000000 1.554358 1.118124
 1806.000000 1.586623 1.237342
 1807.000000 1.604382 1.205437
 1808.000000 1.605855 1.257694
 1809.000000 1.467459 1.181175
 1810.000000 1.555872 1.296855
 1811.000000 1.492222 1.273108
 1812.000000 1.543903 1.193333
 1813.000000 1.756852 1.176088
 1814.000000 1.577885 1.205375
 1815.000000 1.562161 1.276788
 1816.000000 1.583286 1.230604
 1817.000000 1.558740 1.110910
 1818.000000 1.532813 1.211887
 1819.000000 1.597334 1.283574
 1820.000000 1.589173 1.148625
 1821.000000 1.625872 1.201151
 1822.000000 1.565129 1.298311
 1823.000000 1.630553 1.241073
 1824.000000 1.454521 1.205794
 1825.000000 1.561326 1.191345
 1826.000000 1.640112 1.099559
 1827.000000 1.645930 1.262958
 1828.000000 1.479569 1.352334
 1829.000000 1.581032 1.225773
 1830.000000 1.628449 1.234902
 1831.000000 1.568101 1.223932
 1832.000000 1.531971 1.290525
 1833.000000 1.619996 1.222507
 1834.000000 1.621901 1.168250
 1835.000000 1.635596 1.162342
 1836.000000 1.546859 1.248198
 1837.000000 1.538871 1.287792
 1838.000000 1.531211 1.256043
 1839.000000 1.602472 1.179000
 1840.000000 1.584949 1.251964
 1841.000000 1.616141 1.191205
 1842.000000 1.533719 1.210518
 1843.000000 1.633544 1.190917
 1844.000000 1.518633 1.156600
 1845.000000 1.578342 1.099698
 1846.000000 1.518644 1.176009
 1847.000000 1.543799 1.197555
 1848.000000 1.512265 1.180918
 1849.000000 1.545274 1.137815
 1850.000000 1.523337 1.197549
 1851.000000 1.552114 1.151425
 1852.000000 1.639121 1.181559
 1853.000000 1.694793 1.175375
 1854.000000 1.586256 1.181621
 1855.000000 1.721920 1.209072
 1856.000000 1.669365 1.151176
 1857.000000 1.540288 1.226846
 1858.000000 1.525918 1.174270
 1859.000000 1.559828 1.289098
 1860.000000 1.583664 1.260863
 1861.000000 1.496208 1.205017
 1862.000000 1.569362 1.187646
 1863.000000 1.593979 1.175670
 1864.000000 1.496863 1.114254
 1865.000000 1.593195 1.086482
 1866.000000 1.516846 1.184404
 1867.000000 1.481905 1.136450
 1868.000000 1.552033 1.222761
 1869.000000 1.582889 1.175308
 1870.000000 1.458871 1.192957
 1871.000000 1.397878 1.135515
 1872.000000 1.361600 1.206585
 1873.000000 1.468920 1.108124
 1874.000000 1.511585 1.187618
 1875.000000 1.440954 1.202672
 1876.000000 1.453811 1.126006
 1877.000000 1.515900 1.134186
 1878.000000 1.477040 1.154557
 1879.000000 1.523105 1.116790
 1880.000000 1.510060 1.107820
 1881.000000 1.546264 1.240036
 1882.000000 1.578584 1.084155
 1883.000000 1.593327 1.145269
 1884.000000 1.713034 1.170204
 1885.000000 1.609222 1.224920
 1886.000000 1.526265 1.131032
 1887.000000 1.452545 1.091165
 1888.000000 1.548113 1.172262
 1889.000000 1.631106 1.188193
 1890.000000 1.492867 1.227871
 1891.000000 1.523666 1.260667
 1892.000000 1.504805 1.231733
 1893.000000 1.508706 1.132562
 1894.000000 1.443305 1.112129
 1895.000000 1.537119 1.118047
 1896.000000 1.466429 1.131684
 1897.000000 1.518042 1.190301
 1898.000000 1.572705 1.116789
 1899.000000 1.586773 1.059976
 1900.000000 1.629035 1.136885
 1901.000000 1.642609 1.090277
 1902.000000 1.531521 1.140377
 1903.000000 1.534378 1.288214
 1904.000000 1.578999 1.290656
 1905.000000 1.585863 1.146647
 1906.000000 1.545160 1.299240
 1907.000000 1.544869 1.192967
 1908.000000 1.570714 1.160477
 1909.000000 1.563721 1.240524
 1910.000000 1.580893 1.203363
 1911.000000 1.533059 1.245638
 1912.000000 1.513292 1.219957
 1913.000000 1.490971 1.083541
 1914.000000 1.542296 1.120291
 1915.000000 1.515691 1.211640
 1916.000000 1.561412 1.122608
 1917.000000 1.584375 1.295707
 1918.000000 1.503315 1.111924
 1919.000000 1.602904 1.202772
 1920.000000 1.485737 1.107213
 1921.000000 1.519494 1.082801
 1922.000000 1.492939 1.124373
 1923.000000 1.587716 1.190198
 1924.000000 1.574138 1.226034
 1925.000000 1.544628 1.185571
 1926.000000 1.500720 1.192051
 1927.000000 1.515380 1.138520
 1928.000000 1.607342 1.101520
 1929.000000 1.533275 1.141724
 1930.000000 1.496281 1.076068
 1931.000000 1.570742 1.067343
 1932.000000 1.508427 1.226194
 1933.000000 1.520398 1.101958
 1934.000000 1.597496 1.217083
 1935.000000 1.609625 1.181401
 1936.000000 1.593055 1.191402
 1937.000000 1.558189 1.220707
 1938.000000 1.535018 1.259535
 1939.000000 1.489968 1.171339
 1940.000000 1.639646 1.251731
 1941.000000 1.483785 1.163292
 1942.000000 1.573047 1.147814
 1943.000000 1.503174 1.137551
 1944.000000 1.532228 1.174030
 1945.000000 1.566705 1.179915
 1946.000000 1.538938 1.201508
 1947.000000 1.492373 1.272738
 1948.000000 1.541335 1.279186
 1949.000000 1.606911 1.084946
 1950.000000 1.629198 1.182153
 1951.000000 1.610463 1.191068
 1952.000000 1.628367 1.141069
 1953.000000 1.621220 1.207500
 1954.000000 1.475614 1.095374
 1955.000000 1.540116 1.173784
 1956.000000 1.499421 1.148500
 1957.000000 1.520173 1.213227
 1958.000000 1.535789 1.187259
 1959.000000 1.552440 1.210574
 1960.000000 1.606327 1.249617
 1961.000000 1.623700 1.199984
 1962.000000 1.565088 1.291472
 1963.000000 1.588513 1.199319
 1964.000000 1.556562 1.324668
 1965.000000 1.580056 1.262542
 1966.000000 1.654239 1.271050
 1967.000000 1.508671 1.216374
 1968.000000 1.673247 1.270233
 1969.000000 1.555869 1.265576
 1970.000000 1.545473 1.296472
 1971.000000 1.649644 1.183690
 1972.000000 1.650670 1.206993
 1973.000000 1.541160 1.111986
 1974.000000 1.634904 1.211280
 1975.000000 1.581367 1.187478
 1976.000000 1.540923 1.195573
 1977.000000 1.488550 1.270225
 1978.000000 1.507346 1.207531
 1979.000000 1.509896 1.174341
 1980.000000 1.527465 1.207525
 1981.000000 1.582074 1.216630
 1982.000000 1.490831 1.134914
 1983.000000 1.644488 1.214699
 1984.000000 1.527899 1.248748
 1985.000000 1.564098 1.221140
 1986.000000 1.517094 1.213803
 1987.000000 1.593513 1.223788
 1988.000000 1.557593 1.197764
 1989.000000 1.470422 1.190431
 1990.000000 1.543712 1.255591
 1991.000000 1.620448 1.160735
 1992.000000 1.526353 1.152183
 1993.000000 1.507999 1.051762
 1994.000000 1.575445 1.128700
 1995.000000 1.523574 1.322218
 1996.000000 1.538479 1.103741
 1997.000000 1.530720 1.143139
 1998.000000 1.593522 1.148702
 1999.000000 1.648893 1.197992
 2000.000000 1.543943 1.133113
 2001.000000 1.575901 1.322892
 2002.000000 1.658371 1.152519
 2003.000000 1.605567 1.239265
 2004.000000 1.510975 1.126759
 2005.000000 1.510389 1.220103
 2006.000000 1.563935 1.149294
 2007.000000 1.503218 1.228943
 2008.000000 1.479738 1.193315
 2009.000000 1.521864 1.203038
 2010.000000 1.519175 1.050586
 2011.000000 1.556437 1.124093
 2012.000000 1.459555 1.142200
 2013.000000 1.593886 1.217167
 2014.000000 1.634312 1.202875
 2015.000000 1.712506 1.125467
 2016.000000 1.628132 1.174314
 2017.000000 1.482124 1.130313
 2018.000000 1.511050 1.198873
 2019.000000 1.602601 1.049730
 2020.000000 1.558101 1.069172
 2021.000000 1.416732 1.117519
 2022.000000 1.559577 1.139542
 2023.000000 1.593039 1.155053
 2024.000000 1.498360 1.013145
 2025.000000 1.609284 1.159949
 2026.000000 1.576623 1.071545
 2027.000000 1.582506 1.143628
 2028.000000 1.482898 1.175025
 2029.000000 1.494229 1.169566
 2030.000000 1.651168 1.159080
 2031.000000 1.520891 1.087788
 2032.000000 1.562486 1.138822
 2033.000000 1.565706 1.216642
 2034.000000 1.461098 1.150095
 2035.000000 1.620842 1.157488
 2036.000000 1.529580 1.218864
 2037.000000 1.513459 1.182333
 2038.000000 1.507702 1.147518
 2039.000000 1.519540 1.104199
 2040.000000 1.683719 1.178856
 2041.000000 1.598307 1.198547
 2042.000000 1.539442 1.188106
 2043.000000 1.579224 1.274186
 2044.000000 1.615482 1.164165
 2045.000000 1.542086 1.261096
 2046.000000 1.623441 1.199600
 2047.000000 1.490182 1.164452
 2048.000000 1.530567 1.249882
 2049.000000 1.603251 1.078081
 2050.000000 1.622836 1.215627
 2051.000000 1.492864 1.137420
 2052.000000 1.567113 1.175837
 2053.000000 1.580994 1.113281
 2054.000000 1.506269 1.212145
 2055.000000 1.447731 1.119702
 2056.000000 1.465326 1.118290
 2057.000000 1.578347 1.092429
 2058.000000 1.608612 1.176310
 2059.000000 1.502846 1.165331
 2060.000000 1.465592 1.141422
 2061.000000 1.590292 1.183507
 2062.000000 1.474280 1.114006
 2063.000000 1.500444 1.235446
 2064.000000 1.645581 1.065635
 2065.000000 1.503016 1.128275
 2066.000000 1.533335 1.159837
 2067.000000 1.538749 1.126732
 2068.000000 1.514756 1.227188
 2069.000000 1.542696 1.162859
 2070.000000 1.521449 1.207213
 2071.000000 1.611487 1.116334
 2072.000000 1.630439 1.221018
 2073.000000 1.564426 1.136251
 2074.000000 1.656521 1.194928
 2075.000000 1.599254 1.149956
 2076.000000 1.623520 1.063441
 2077.000000 1.663789 1.069435
 2078.000000 1.531203 1.187230
 2079.000000 1.565753 1.205350
 2080.000000 1.625483 1.127753
 2081.000000 1.735521 1.106193
 2082.000000 1.624158 1.139420
 2083.000000 1.517807 1.125394
 2084.000000 1.556479 1.176170
 2085.000000 1.566150 1.156978
 2086.000000 1.646739 1.178993
 2087.000000 1.477409 1.168419
 2088.000000 1.604074 1.124639
 2089.000000 1.511537 1.210241
 2090.000000 1.477515 1.142246
 2091.000000 1.594845 1.058831
 2092.000000 1.563117 1.025865
 2093.000000 1.576561 1.186041
 2094.000000 1.679787 1.135418
 2095.000000 1.611307 1.173126
 2096.000000 1.516673 1.152807
 2097.000000 1.540816 1.096823
 2098.000000 1.638676 1.127367
 2099.000000 1.586233 1.060204
 2100.000000 1.575137 1.102717
 2101.000000 1.654007 1.126382
 2102.000000 1.586751 1.156874
 2103.000000 1.576413 1.103960
 2104.000000 1.516571 1.135061
 2105.000000 1.642692 1.144283
 2106.000000 1.537389 1.170558
 2107.000000 1.523767 1.097891
 2108.000000 1.510460 1.147523
 2109.000000 1.582837 1.064765
 2110.000000 1.553046 1.181527
 2111.000000 1.547846 1.114480
 2112.000000 1.605799 1.135842
 2113.000000 1.550991 1.134157
 2114.000000 1.651693 1.128132
 2115.000000 1.688229 1.090270
 2116.000000 1.556404 1.147396
 2117.000000 1.529611 1.111221
 2118.000000 1.466850 1.097330
 2119.000000 1.640321 1.159262
 2120.000000 1.527225 1.188108
 2121.000000 1.644694 1.166900
 2122.000000 1.614587 1.107576
 2123.000000 1.505390 1.103644
 2124.000000 1.602771 1.205850
 2125.000000 1.532985 1.159125
 2126.000000 1.512315 1.172825
 2127.000000 1.616677 1.126953
 2128.000000 1.615927 1.195110
 2129.000000 1.627496 1.234761
 2130.000000 1.628815 1.145695
 2131.000000 1.616043 1.189723
 2132.000000 1.507769 1.167989
 2133.000000 1.551663 1.207230
 2134.000000 1.561474 1.175497
 2135.000000 1.616535 1.173149
 2136.000000 1.507918 1.200707
 2137.000000 1.654555 1.177220
 2138.000000 1.513534 1.163474
 2139.000000 1.568482 1.063107
 2140.000000 1.595639 1.075622
 2141.000000 1.507934 1.200235
 2142.000000 1.500584 1.085675
 2143.000000 1.611225 1.134071
 2144.000000 1.465737 1.202993
 2145.000000 1.594784 1.196304
 2146.000000 1.537606 1.195059
 2147.000000 1.595698 1.151564
 2148.000000 1.511356 1.211353
 2149.000000 1.556550 1.095806
 2150.000000 1.481269 1.133530
 2151.000000 1.636005 1.160832
 2152.000000 1.573063 1.139589
 2153.000000 1.627192 1.180265
 2154.000000 1.684073 1.115696
 2155.000000 1.639586 1.161836
 2156.000000 1.534501 1.170787
 2157.000000 1.525856 1.171870
 2158.000000 1.571385 1.156173
 2159.000000 1.540565 1.103128
 2160.000000 1.542952 1.090661
 2161.000000 1.529824 1.150986
 2162.000000 1.571462 1.101628
 2163.000000 1.645569 1.174225
 2164.000000 1.716542 1.167928
 2165.000000 1.607659 1.141913
 2166.000000 1.629083 1.172750
 2167.000000 1.508356 1.146349
 2168.000000 1.578389 1.233500
 2169.000000 1.533638 1.125029
 2170.000000 1.556240 1.170776
 2171.000000 1.579171 1.152689
 2172.000000 1.429656 1.189835
 2173.000000 1.635508 1.202013
 2174.000000 1.560853 1.116700
 2175.000000 1.466485 1.143840
 2176.000000 1.438828 1.212885
 2177.000000 1.587547 1.084118
 2178.000000 1.434299 1.135728
 2179.000000 1.564415 1.081077
 2180.000000 1.482142 1.128477
 2181.000000 1.493726 1.118486
 2182.000000 1.522529 1.166160
 2183.000000 1.575855 1.143377
 2184.000000 1.519540 1.161272
 2185.000000 1.414339 1.110594
 2186.000000 1.507392 1.185260
 2187.000000 1.514468 1.160747
 2188.000000 1.533809 1.201138
 2189.000000 1.556947 1.202960
 2190.000000 1.570331 1.108813
 2191.000000 1.534942 1.200720
 2192.000000 1.519999 1.176910
 2193.000000 1.515959 1.102475
 2194.000000 1.537842 1.190657
 2195.000000 1.440874 1.185793
 2196.000000 1.467849 1.175702
 2197.000000 1.506017 1.241069
 2198.000000 1.536522 1.108969
 2199.000000 1.567291 1.165709
 2200.000000 1.530521 1.131298
 2201.000000 1.607866 1.078165
 2202.000000 1.580863 1.093193
 2203.000000 1.611464 1.122088
 2204.000000 1.498007 1.076301
 2205.000000 1.700201 1.071581
 2206.000000 1.550493 1.171586
 2207.000000 1.552957 1.031079
 2208.000000 1.460103 1.165579
 2209.000000 1.526641 1.108215
 2210.000000 1.562584 1.092702
 2211.000000 1.503662 1.190324
 2212.000000 1.579171 1.072729
 2213.000000 1.670932 1.099463
 2214.000000 1.529051 1.176356
 2215.000000 1.482127 1.200608
 2216.000000 1.568337 1.106400
 2217.000000 1.487227 1.122393
 2218.000000 1.454931 1.087109
 2219.000000 1.480647 1.191808
 2220.000000 1.446185 1.108681
 2221.000000 1.527474 1.215785
 2222.000000 1.485348 1.204628
 2223.000000 1.420423 1.191347
 2224.000000 1.423101 1.147742
 2225.000000 1.436029 1.135738
 2226.000000 1.509926 1.121751
 2227.000000 1.609260 1.135036
 2228.000000 1.471592 1.136265
 2229.000000 1.482247 1.069783
 2230.000000 1.489959 1.140179
 2231.000000 1.631349 1.014885
 2232.000000 1.562565 1.156966
 2233.000000 1.541746 1.148453
 2234.000000 1.659505 1.100999
 2235.000000 1.544419 1.033772
 2236.000000 1.556210 1.221108
 2237.000000 1.591998 1.079770
 2238.000000 1.481000 1.237033
 2239.000000 1.569652 1.191381
 2240.000000 1.570727 1.097186
 2241.000000 1.470191 1.191184
 2242.000000 1.568216 1.086008
 2243.000000 1.489192 1.104401
 2244.000000 1.441699 1.126782
 2245.000000 1.540932 1.130805
 2246.000000 1.540516 1.128937
 2247.000000 1.571763 1.143688
 2248.000000 1.534708 1.107777
 2249.000000 1.494918 1.134624
 2250.000000 1.499468 1.188095
 2251.000000 1.466024 1.219691
 2252.000000 1.451405 1.180826
 2253.000000 1.550743 1.110181
 2254.000000 1.446372 1.175978
 2255.000000 1.560462 1.147760
 2256.000000 1.426989 1.206434
 2257.000000 1.487810 1.132072
 2258.000000 1.410683 1.125811
 2259.000000 1.313931 1.135337
 2260.000000 1.381580 1.131089
 2261.000000 1.486802 1.147874
 2262.000000 1.439190 1.008718
 2263.000000 1.605395 1.085313
 2264.000000 1.506084 1.107689
 2265.000000 1.429887 1.161714
 2266.000000 1.491633 1.117534
 2267.000000 1.490311 1.213706
 2268.000000 1.490446 1.095848
 2269.000000 1.439024 1.155597
 2270.000000 1.507813 1.151783
 2271.000000 1.458272 1.142505
 2272.000000 1.423059 1.207103
 2273.000000 1.478972 1.151039
 2274.000000 1.473110 1.109645
 2275.000000 1.453081 1.188018
 2276.000000 1.413406 1.151040
 2277.000000 1.476388 1.240633
 2278.000000 1.534925 1.127539
 2279.000000 1.516931 1.149375
 2280.000000 1.445577 1.143136
 2281.000000 1.448751 1.174295
 2282.000000 1.534559 1.085523
 2283.000000 1.403414 1.105490
 2284.000000 1.383884 1.148890
 2285.000000 1.486865 1.183277
 2286.000000 1.507612 1.090471
 2287.000000 1.452632 1.188911
 2288.000000 1.468066 1.126060
 2289.000000 1.453573 1.239328
 2290.000000 1.435173 1.197390
 2291.000000 1.471160 1.166501
 2292.000000 1.518408 1.159285
 2293.000000 1.447107 1.218669
 2294.000000 1.498427 1.232224
 2295.000000 1.435257 1.134630
 2296.000000 1.438426 1.220927
 2297.000000 1.630722 1.169724
 2298.000000 1.511089 1.247985
 2299.000000 1.560645 1.245995
 2300.000000 1.378932 1.131603
 2301.000000 1.407745 1.263381
 2302.000000 1.519962 1.202980
 2303.000000 1.508330 1.230328
 2304.000000 1.393519 1.289321
 2305.000000 1.620048 1.158622
 2306.000000 1.523193 1.325249
 2307.000000 1.650749 1.151559
 2308.000000 1.463652 1.180266
 2309.000000 1.459848 1.100329
 2310.000000 1.467142 1.154834
 2311.000000 1.511737 1.147837
 2312.000000 1.546779 1.092866
 2313.000000 1.561839 1.152045
 2314.000000 1.487674 1.223417
 2315.000000 1.505807 1.130917
 2316.000000 1.658682 1.285641
 2317.000000 1.613433 1.259896
 2318.000000 1.552517 1.282523
 2319.000000 1.469455 1.177388
 2320.000000 1.467750 1.173311
 2321.000000 1.476498 1.184607
 2322.000000 1.596115 1.070961
 2323.000000 1.537611 1.287706
 2324.000000 1.537946 1.200349
 2325.000000 1.456675 1.210095
 2326.000000 1.463379 1.240033
 2327.000000 1.508211 1.262575
 2328.000000 1.446537 1.082610
 2329.000000 1.533865 1.107015
 2330.000000 1.552041 1.274859
 2331.000000 1.627100 1.235353
 2332.000000 1.532293 1.181756
 2333.000000 1.569801 1.225758
 2334.000000 1.652788 1.213602
 2335.000000 1.656867 1.291471
 2336.000000 1.576209 1.084559
 2337.000000 1.630607 1.299325
 2338.000000 1.533938 1.259574
 2339.000000 1.637336 1.225646
 2340.000000 1.550478 1.258269
 2341.000000 1.595592 1.228269
 2342.000000 1.596719 1.184811
 2343.000000 1.534945 1.257012
 2344.000000 1.658197 1.219422
 2345.000000 1.599424 1.217713
 2346.000000 1.573786 1.296650
 2347.000000 1.556909 1.105732
 2348.000000 1.584992 1.222557
 2349.000000 1.463403 1.257246
 2350.000000 1.548685 1.159092
 2351.000000 1.450649 1.175143
 2352.000000 1.500541 1.147206
 2353.000000 1.623548 1.246751
 2354.000000 1.617154 1.207803
 2355.000000 1.597445 1.243940
 2356.000000 1.491192 1.283548
 2357.000000 1.573582 1.127997
 2358.000000 1.472630 1.212153
 2359.000000 1.480236 1.084970
 2360.000000 1.472434 1.225855
 2361.000000 1.398587 1.184073
 2362.000000 1.414445 1.202040
 2363.000000 1.493784 1.139501
 2364.000000 1.491746 1.246141
 2365.000000 1.608241 1.117116
 2366.000000 1.442607 1.125395
 2367.000000 1.535136 1.184162
 2368.000000 1.531292 1.214274
 2369.000000 1.486332 1.212450
 2370.000000 1.449657 1.105421
 2371.000000 1.456912 1.152072
 2372.000000 1.475425 1.032199
 2373.000000 1.595706 1.233120
 2374.000000 1.445626 1.074410
 2375.000000 1.549110 1.168735
 2376.000000 1.506243 1.221474
 2377.000000 1.490358 1.258022
 2378.000000 1.543436 1.192334
 2379.000000 1.600934 1.228552
 2380.000000 1.610071 1.136089
 2381.000000 1.590716 1.176385
 2382.000000 1.674589 1.239532
 2383.000000 1.529789 1.274580
 2384.000000 1.555080 1.233561
 2385.000000 1.430810 1.232570
 2386.000000 1.487345 1.198549
 2387.000000 1.544014 1.163162
 2388.000000 1.624109 1.137505
 2389.000000 1.579316 1.053401
 2390.000000 1.529663 1.202202
 2391.000000 1.513027 1.251459
 2392.000000 1.516524 1.201146
 2393.000000 1.474409 1.189917
 2394.000000 1.556767 1.258368
 2395.000000 1.541136 1.170562
 2396.000000 1.546190 1.245378
 2397.000000 1.593390 1.079504
 2398.000000 1.633588 1.259410
 2399.000000 1.428916 1.208327
 2400.000000 1.514104 1.208097
 2401.000000 1.551983 1.210288
 2402.000000 1.536597 1.259967
 2403.000000 1.505600 1.215919
 2404.000000 1.489990 1.200373
 2405.000000 1.582162 1.170783
 2406.000000 1.572499 1.229246
 2407.000000 1.577396 1.161465
 2408.000000 1.588151 1.250890
 2409.000000 1.519958 1.207605
 2410.000000 1.514820 1.170970
 2411.000000 1.418166 1.220976
 2412.000000 1.411653 1.253417
 2413.000000 1.639993 1.215404
 2414.000000 1.687131 1.280056
 2415.000000 1.642222 1.140048
 2416.000000 1.628555 1.111950
 2417.000000 1.627561 1.083492
 2418.000000 1.567830 1.114819
 2419.000000 1.521730 1.077310
 2420.000000 1.489219 1.111303
 2421.000000 1.432138 1.224131
 2422.000000 1.475655 1.156600
 2423.000000 1.450490 1.089611
 2424.000000 1.580144 1.099509
 2425.000000 1.556195 1.132282
 2426.000000 1.579418 1.098826
 2427.000000 1.567329 1.218294
 2428.000000 1.462062 1.161389
 2429.000000 1.651686 1.225494
 2430.000000 1.672324 1.073952
 2431.000000 1.658072 1.189692
 2432.000000 1.485667 1.144638
 2433.000000 1.652708 1.212263
 2434.000000 1.509245 1.139303
 2435.000000 1.525446 1.189000
 2436.000000 1.428619 1.102807
 2437.000000 1.419153 1.253906
 2438.000000 1.563757 1.176285
 2439.000000 1.524222 1.166801
 2440.000000 1.481669 1.242522
 2441.000000 1.430546 1.237189
 2442.000000 1.572482 1.189287
 2443.000000 1.548754 1.153414
 2444.000000 1.604763 1.202694
 2445.000000 1.548694 1.123474
 2446.000000 1.726152 1.287857
 2447.000000 1.565524 1.180935
 2448.000000 1.651902 1.116730
 2449.000000 1.626856 1.192706
 2450.000000 1.440908 1.176951
 2451.000000 1.477787 1.185822
 2452.000000 1.491989 1.263517
 2453.000000 1.543362 1.192904
 2454.000000 1.383514 1.104114
 2455.000000 1.653889 1.196357
 2456.000000 1.569892 1.288480
 2457.000000 1.541488 1.192690
 2458.000000 1.496275 1.213241
 2459.000000 1.606030 1.293600
 2460.000000 1.429021 1.144691
 2461.000000 1.491677 1.164892
 2462.000000 1.484492 1.259774
 2463.000000 1.516235 1.199247
 2464.000000 1.487264 1.254988
 2465.000000 1.489725 1.197410
 2466.000000 1.513873 1.160399
 2467.000000 1.510355 1.083800
 2468.000000 1.472037 1.193970
 2469.000000 1.531676 1.099066
 2470.000000 1.528395 1.180091
 2471.000000 1.517536 1.217975
 2472.000000 1.411453 1.252531
 2473.000000 1.576988 1.144340
 2474.000000 1.598302 1.255668
 2475.000000 1.475599 1.209355
 2476.000000 1.494312 1.147568
 2477.000000 1.491718 1.195314
 2478.000000 1.421970 1.162493
 2479.000000 1.449262 1.263221
 2480.000000 1.482899 1.172652
 2481.000000 1.505441 1.202533
 2482.000000 1.535118 1.251855
 2483.000000 1.540587 1.143926
 2484.000000 1.483290 1.156906
 2485.000000 1.564957 1.139010
 2486.000000 1.565693 1.211217
 2487.000000 1.570656 1.199378
 2488.000000 1.592863 1.195319
 2489.000000 1.471911 1.103759
 2490.000000 1.519495 1.141475
 2491.000000 1.498248 1.250720
 2492.000000 1.480799 1.155656
 2493.000000 1.554462 1.140697
 2494.000000 1.425822 1.087310
 2495.000000 1.543867 1.164122
 2496.000000 1.657394 1.151177
 2497.000000 1.508073 1.199051
 2498.000000 1.543389 1.109875
 2499.000000 1.520126 1.157158
 2500.000000 1.510175 1.111900
