#! FIELDS time pd_137_140 diff
 0.000000 2.189798 -0.874451
 1.000000 2.065777 -0.779696
 2.000000 2.053245 -0.787327
 3.000000 2.051403 -0.819804
 4.000000 2.035441 -0.757704
 5.000000 2.035656 -0.790542
 6.000000 2.027473 -0.785236
 7.000000 2.116610 -0.813684
 8.000000 1.989936 -0.721235
 9.000000 1.920645 -0.782466
 10.000000 1.959376 -0.834672
 11.000000 1.993973 -0.821765
 12.000000 2.026697 -0.805991
 13.000000 2.118945 -0.801299
 14.000000 2.042735 -0.816863
 15.000000 2.071942 -0.769411
 16.000000 1.930421 -0.746209
 17.000000 2.117616 -0.768547
 18.000000 1.971046 -0.769387
 19.000000 2.089889 -0.837118
 20.000000 2.032942 -0.804364
 21.000000 2.050849 -0.762456
 22.000000 2.012877 -0.732971
 23.000000 1.979983 -0.762066
 24.000000 1.984465 -0.833109
 25.000000 2.021483 -0.764000
 26.000000 2.021653 -0.839144
 27.000000 2.081853 -0.811857
 28.000000 1.979761 -0.794004
 29.000000 2.018482 -0.788839
 30.000000 2.008642 -0.678227
 31.000000 1.996521 -0.798622
 32.000000 2.032429 -0.836567
 33.000000 2.051565 -0.823873
 34.000000 1.958691 -0.792680
 35.000000 2.013377 -0.785590
 36.000000 1.969076 -0.806585
 37.000000 2.050413 -0.799061
 38.000000 2.039466 -0.753847
 39.000000 1.910557 -0.769478
 40.000000 2.012414 -0.738601
 41.000000 2.019655 -0.750272
 42.000000 1.983202 -0.810482
 43.000000 2.055590 -0.808223
 44.000000 2.080045 -0.837126
 45.000000 1.953024 -0.806221
 46.000000 1.915616 -0.797686
 47.000000 1.980817 -0.824403
 48.000000 1.911201 -0.822074
 49.000000 1.958074 -0.853555
 50.000000 2.080279 -0.860606
 51.000000 1.987563 -0.865294
 52.000000 1.945353 -0.770367
 53.000000 1.993664 -0.803129
 54.000000 1.986034 -0.810092
 55.000000 2.052865 -0.853653
 56.000000 2.014313 -0.810300
 57.000000 2.010975 -0.815687
 58.000000 2.081973 -0.799319
 59.000000 1.996354 -0.768894
 60.000000 2.009278 -0.817661
 61.000000 2.097986 -0.822600
 62.000000 2.007458 -0.767357
 63.000000 2.025204 -0.796449
 64.000000 1.972827 -0.820822
 65.000000 1.972916 -0.800917
 66.000000 2.037067 -0.799121
 67.000000 2.021945 -0.840732
 68.000000 1.992057 -0.831184
 69.000000 2.067026 -0.908155
 70.000000 1.995760 -0.783385
 71.000000 2.051458 -0.781201
 72.000000 2.020902 -0.781097
 73.000000 2.072566 -0.853395
 74.000000 2.015089 -0.775119
 75.000000 2.095980 -0.770601
 76.000000 2.048654 -0.793612
 77.000000 2.010501 -0.729630
 78.000000 2.097882 -0.771383
 79.000000 2.080785 -0.744360
 80.000000 1.943870 -0.728033
 81.000000 1.956401 -0.748359
 82.000000 2.049571 -0.758880
 83.000000 1.974395 -0.875549
 84.000000 2.011863 -0.777041
 85.000000 1.994541 -0.760757
 86.000000 1.946719 -0.760295
 87.000000 1.978895 -0.779962
 88.000000 1.953507 -0.794466
 89.000000 1.990814 -0.808749
 90.000000 1.995091 -0.791936
 91.000000 1.993458 -0.792819
 92.000000 2.011479 -0.847401
 93.000000 1.957246 -0.764477
 94.000000 1.962436 -0.811352
 95.000000 1.963661 -0.817152
 96.000000 2.005875 -0.828362
 97.000000 1.995287 -0.823133
 98.000000 1.974147 -0.777938
 99.000000 2.061832 -0.782856
 100.000000 2.004620 -0.784164
 101.000000 1.983919 -0.749477
 102.000000 2.002996 -0.766537
 103.000000 2.009793 -0.766829
 104.000000 1.925325 -0.820371
 105.000000 1.851959 -0.740860
 106.000000 1.971377 -0.847609
 107.000000 2.117648 -0.764480
 108.000000 2.062372 -0.804997
 109.000000 2.007126 -0.823216
 110.000000 2.023981 -0.790243
 111.000000 1.972288 -0.798837
 112.000000 1.985192 -0.772538
 113.000000 2.013859 -0.806520
 114.000000 2.079987 -0.757729
 115.000000 2.110867 -0.755406
 116.000000 2.000045 -0.765991
 117.000000 2.034281 -0.849669
 118.000000 2.019229 -0.774639
 119.000000 1.931620 -0.814253
 120.000000 2.186277 -0.872949
 121.000000 2.035161 -0.827807
 122.000000 2.041809 -0.850300
 123.000000 1.989441 -0.821604
 124.000000 2.049512 -0.837709
 125.000000 2.033106 -0.816064
 126.000000 1.972328 -0.792346
 127.000000 2.128704 -0.794698
 128.000000 1.928967 -0.759552
 129.000000 2.055991 -0.792670
 130.000000 1.977278 -0.804477
 131.000000 2.032418 -0.702281
 132.000000 2.106340 -0.813972
 133.000000 1.988674 -0.789837
 134.000000 2.019442 -0.755819
 135.000000 2.041749 -0.759378
 136.000000 1.919680 -0.814145
 137.000000 2.036668 -0.869513
 138.000000 2.076076 -0.825006
 139.000000 2.060730 -0.822325
 140.000000 1.984155 -0.764725
 141.000000 2.050851 -0.768745
 142.000000 2.049966 -0.784995
 143.000000 1.945945 -0.749280
 144.000000 2.091623 -0.784824
 145.000000 2.025121 -0.761587
 146.000000 1.988536 -0.825102
 147.000000 2.067262 -0.868860
 148.000000 1.973058 -0.856262
 149.000000 1.972112 -0.814869
 150.000000 1.978825 -0.830447
 151.000000 2.026601 -0.778680
 152.000000 2.051659 -0.801973
 153.000000 2.057510 -0.788408
 154.000000 2.116415 -0.798274
 155.000000 2.011148 -0.742133
 156.000000 2.043475 -0.765306
 157.000000 2.022019 -0.752800
 158.000000 2.100845 -0.731129
 159.000000 2.000597 -0.747458
 160.000000 2.069724 -0.780575
 161.000000 1.996663 -0.863226
 162.000000 1.947061 -0.795928
 163.000000 2.038346 -0.743602
 164.000000 2.092577 -0.759266
 165.000000 1.938472 -0.779245
 166.000000 2.030546 -0.734214
 167.000000 1.985832 -0.795672
 168.000000 2.106464 -0.804086
 169.000000 2.087910 -0.787909
 170.000000 2.021470 -0.763069
 171.000000 2.029373 -0.861283
 172.000000 1.897680 -0.816490
 173.000000 1.969007 -0.775083
 174.000000 2.019297 -0.789794
 175.000000 1.935915 -0.737590
 176.000000 1.996857 -0.761128
 177.000000 1.944158 -0.803266
 178.000000 2.047640 -0.823293
 179.000000 2.004212 -0.801605
 180.000000 2.036240 -0.850893
 181.000000 2.013657 -0.826274
 182.000000 1.998482 -0.804222
 183.000000 2.001014 -0.849126
 184.000000 1.996732 -0.849805
 185.000000 1.994040 -0.791331
 186.000000 1.985522 -0.863620
 187.000000 1.991030 -0.860772
 188.000000 1.931533 -0.755852
 189.000000 2.026541 -0.819251
 190.000000 2.020791 -0.887919
 191.000000 1.989232 -0.755548
 192.000000 1.995139 -0.842851
 193.000000 2.022000 -0.830785
 194.000000 1.926576 -0.822387
 195.000000 1.989579 -0.826675
 196.000000 2.014499 -0.761151
 197.000000 1.980077 -0.764028
 198.000000 1.996308 -0.831603
 199.000000 1.893191 -0.743755
 200.000000 2.022056 -0.791018
 201.000000 2.008115 -0.827977
 202.000000 1.934624 -0.839295
 203.000000 2.033954 -0.832660
 204.000000 1.996029 -0.793338
 205.000000 2.116302 -0.806031
 206.000000 2.035326 -0.810328
 207.000000 1.989843 -0.754880
 208.000000 2.124422 -0.722564
 209.000000 2.043676 -0.709313
 210.000000 1.991075 -0.726437
 211.000000 1.954081 -0.709666
 212.000000 1.968362 -0.727752
 213.000000 2.042315 -0.738124
 214.000000 2.054432 -0.767304
 215.000000 2.096656 -0.788981
 216.000000 2.004195 -0.750287
 217.000000 2.012905 -0.817737
 218.000000 1.963553 -0.834530
 219.000000 1.937924 -0.756354
 220.000000 2.013393 -0.771225
 221.000000 1.915109 -0.834170
 222.000000 2.045099 -0.856983
 223.000000 2.105678 -0.821959
 224.000000 2.010141 -0.787402
 225.000000 2.035535 -0.773003
 226.000000 2.030091 -0.803346
 227.000000 2.041231 -0.826174
 228.000000 2.061573 -0.833279
 229.000000 2.093729 -0.786960
 230.000000 1.995201 -0.816279
 231.000000 1.996887 -0.790448
 232.000000 2.170103 -0.811270
 233.000000 2.003578 -0.824056
 234.000000 2.000697 -0.841393
 235.000000 2.080751 -0.776773
 236.000000 1.949790 -0.810360
 237.000000 2.060075 -0.776184
 238.000000 1.958310 -0.755544
 239.000000 1.998949 -0.774503
 240.000000 1.972933 -0.841161
 241.000000 2.045146 -0.737378
 242.000000 2.002758 -0.764057
 243.000000 1.986914 -0.723247
 244.000000 1.973938 -0.784949
 245.000000 2.021039 -0.738786
 246.000000 1.952184 -0.739985
 247.000000 1.957193 -0.784873
 248.000000 1.945930 -0.803544
 249.000000 1.999016 -0.838070
 250.000000 1.925627 -0.773538
 251.000000 1.984316 -0.714900
 252.000000 1.953829 -0.760362
 253.000000 2.096222 -0.742669
 254.000000 1.883434 -0.797907
 255.000000 2.001345 -0.808822
 256.000000 1.925272 -0.790201
 257.000000 1.907482 -0.839584
 258.000000 2.053272 -0.818623
 259.000000 2.028344 -0.840862
 260.000000 1.944173 -0.728913
 261.000000 2.029290 -0.832244
 262.000000 2.142978 -0.908192
 263.000000 2.040580 -0.781217
 264.000000 1.994304 -0.877268
 265.000000 1.993582 -0.820699
 266.000000 1.979488 -0.769770
 267.000000 1.979359 -0.842675
 268.000000 2.119218 -0.850120
 269.000000 2.040217 -0.839600
 270.000000 2.053698 -0.823820
 271.000000 1.880376 -0.882964
 272.000000 2.075650 -0.800127
 273.000000 2.042669 -0.884928
 274.000000 2.059274 -0.808463
 275.000000 1.854508 -0.879477
 276.000000 2.021944 -0.888334
 277.000000 1.961818 -0.884531
 278.000000 2.018190 -0.772299
 279.000000 1.928015 -0.847178
 280.000000 2.058241 -0.802730
 281.000000 1.926066 -0.793899
 282.000000 1.931716 -0.809535
 283.000000 1.985716 -0.835039
 284.000000 1.891427 -0.903820
 285.000000 2.022783 -0.894561
 286.000000 2.020811 -0.834707
 287.000000 2.071301 -0.794975
 288.000000 2.018145 -0.840357
 289.000000 2.035988 -0.853229
 290.000000 2.043123 -0.836972
 291.000000 2.010139 -0.812612
 292.000000 1.974076 -0.856340
 293.000000 1.981707 -0.812635
 294.000000 1.919734 -0.789912
 295.000000 1.887271 -0.790494
 296.000000 1.879957 -0.800316
 297.000000 1.897576 -0.796006
 298.000000 2.048271 -0.790658
 299.000000 2.018803 -0.760505
 300.000000 1.945442 -0.761119
 301.000000 2.007788 -0.835003
 302.000000 1.952329 -0.800646
 303.000000 2.000115 -0.809205
 304.000000 2.022831 -0.802655
 305.000000 2.019241 -0.797030
 306.000000 1.980703 -0.762434
 307.000000 1.855168 -0.769321
 308.000000 1.932018 -0.757638
 309.000000 1.920411 -0.784394
 310.000000 1.900110 -0.767052
 311.000000 1.991275 -0.761738
 312.000000 2.008681 -0.821438
 313.000000 2.128892 -0.843976
 314.000000 1.948394 -0.787592
 315.000000 1.967293 -0.767810
 316.000000 2.119465 -0.763540
 317.000000 2.093919 -0.757172
 318.000000 2.032582 -0.725924
 319.000000 1.967410 -0.725993
 320.000000 1.953427 -0.788454
 321.000000 2.037111 -0.786046
 322.000000 1.915296 -0.805968
 323.000000 1.985001 -0.746882
 324.000000 2.047181 -0.775513
 325.000000 2.065817 -0.745491
 326.000000 2.044901 -0.698366
 327.000000 1.901195 -0.769744
 328.000000 1.932972 -0.794527
 329.000000 1.913737 -0.801776
 330.000000 2.005246 -0.767547
 331.000000 1.973466 -0.785758
 332.000000 1.948433 -0.681333
 333.000000 2.075491 -0.838070
 334.000000 1.980972 -0.778509
 335.000000 1.887474 -0.818826
 336.000000 2.028733 -0.756486
 337.000000 1.976331 -0.744553
 338.000000 1.991790 -0.789017
 339.000000 2.104552 -0.755544
 340.000000 2.071096 -0.767292
 341.000000 1.978987 -0.789914
 342.000000 1.922778 -0.702193
 343.000000 1.997829 -0.654366
 344.000000 2.033043 -0.698197
 345.000000 2.027593 -0.714482
 346.000000 1.920221 -0.707612
 347.000000 1.928500 -0.706717
 348.000000 1.927815 -0.674994
 349.000000 2.074887 -0.664871
 350.000000 2.003950 -0.678422
 351.000000 1.912990 -0.694567
 352.000000 1.963117 -0.743818
 353.000000 1.970443 -0.775631
 354.000000 2.033642 -0.705389
 355.000000 1.998404 -0.782019
 356.000000 1.962634 -0.770471
 357.000000 1.900888 -0.755449
 358.000000 1.956345 -0.778987
 359.000000 1.993914 -0.755552
 360.000000 1.915671 -0.748715
 361.000000 1.999274 -0.724926
 362.000000 2.018712 -0.782396
 363.000000 1.954295 -0.773174
 364.000000 1.946533 -0.733262
 365.000000 2.041554 -0.728036
 366.000000 2.051672 -0.822384
 367.000000 2.043998 -0.771238
 368.000000 2.105750 -0.770410
 369.000000 2.051468 -0.766103
 370.000000 2.087104 -0.717480
 371.000000 1.894647 -0.801546
 372.000000 2.056274 -0.733328
 373.000000 1.997177 -0.731225
 374.000000 1.954480 -0.721517
 375.000000 2.051393 -0.796755
 376.000000 1.950898 -0.791929
 377.000000 2.053133 -0.868327
 378.000000 1.985923 -0.739778
 379.000000 2.073949 -0.852704
 380.000000 2.038362 -0.801968
 381.000000 1.953696 -0.787133
 382.000000 2.102436 -0.793818
 383.000000 2.122331 -0.745133
 384.000000 1.938023 -0.748011
 385.000000 2.047756 -0.809811
 386.000000 2.020635 -0.863038
 387.000000 2.001207 -0.784312
 388.000000 1.968160 -0.757862
 389.000000 1.907902 -0.816863
 390.000000 1.948588 -0.758273
 391.000000 2.046454 -0.841898
 392.000000 2.001136 -0.739012
 393.000000 1.994368 -0.803100
 394.000000 2.129554 -0.817165
 395.000000 2.121064 -0.805045
 396.000000 2.068102 -0.817786
 397.000000 2.068419 -0.840123
 398.000000 2.122605 -0.812632
 399.000000 2.037748 -0.732119
 400.000000 2.029806 -0.783588
 401.000000 1.972960 -0.866450
 402.000000 1.956004 -0.842789
 403.000000 2.063400 -0.832258
 404.000000 1.894202 -0.800142
 405.000000 2.053628 -0.792989
 406.000000 1.863034 -0.830078
 407.000000 1.994009 -0.848451
 408.000000 1.959250 -0.854275
 409.000000 1.975663 -0.804313
 410.000000 2.017753 -0.792354
 411.000000 2.061322 -0.727534
 412.000000 1.915211 -0.818759
 413.000000 1.995711 -0.811832
 414.000000 1.984779 -0.675664
 415.000000 1.902182 -0.764478
 416.000000 2.037509 -0.770298
 417.000000 2.002865 -0.801505
 418.000000 2.024445 -0.856260
 419.000000 1.997410 -0.784511
 420.000000 2.024239 -0.758527
 421.000000 2.038350 -0.779792
 422.000000 1.952363 -0.763020
 423.000000 1.926871 -0.711200
 424.000000 1.947152 -0.896301
 425.000000 2.035318 -0.883567
 426.000000 1.951990 -0.884561
 427.000000 2.066740 -0.790042
 428.000000 2.091807 -0.824236
 429.000000 2.020198 -0.677128
 430.000000 1.934972 -0.706789
 431.000000 2.050338 -0.730082
 432.000000 2.128854 -0.766968
 433.000000 1.999614 -0.650583
 434.000000 1.948195 -0.778010
 435.000000 2.046800 -0.804742
 436.000000 1.995788 -0.741429
 437.000000 2.035250 -0.765376
 438.000000 1.964660 -0.727539
 439.000000 1.915995 -0.715703
 440.000000 1.925615 -0.689428
 441.000000 2.007214 -0.807766
 442.000000 1.994009 -0.741379
 443.000000 1.976924 -0.755220
 444.000000 1.937168 -0.776876
 445.000000 1.992835 -0.748386
 446.000000 1.942608 -0.721917
 447.000000 2.070526 -0.724271
 448.000000 1.951927 -0.733530
 449.000000 1.917501 -0.829717
 450.000000 1.915314 -0.824139
 451.000000 2.073910 -0.740462
 452.000000 1.893469 -0.765938
 453.000000 1.874585 -0.774259
 454.000000 1.944717 -0.784314
 455.000000 2.005518 -0.778519
 456.000000 2.023023 -0.814086
 457.000000 1.925367 -0.786639
 458.000000 1.936397 -0.832014
 459.000000 2.024966 -0.792876
 460.000000 2.009955 -0.774321
 461.000000 2.027589 -0.835531
 462.000000 2.020883 -0.808917
 463.000000 1.993969 -0.841708
 464.000000 2.006186 -0.769126
 465.000000 2.168431 -0.778692
 466.000000 1.953764 -0.798993
 467.000000 2.003006 -0.786774
 468.000000 1.905736 -0.793416
 469.000000 2.016993 -0.805045
 470.000000 1.996999 -0.753544
 471.000000 1.992441 -0.827964
 472.000000 2.053381 -0.755020
 473.000000 2.048241 -0.777494
 474.000000 2.002677 -0.786962
 475.000000 2.094696 -0.787576
 476.000000 1.989639 -0.762631
 477.000000 1.989064 -0.693875
 478.000000 2.051005 -0.768874
 479.000000 2.102975 -0.803614
 480.000000 1.952236 -0.696424
 481.000000 2.047397 -0.790551
 482.000000 2.075533 -0.809907
 483.000000 1.966126 -0.753908
 484.000000 2.022310 -0.742708
 485.000000 1.983952 -0.716212
 486.000000 2.093629 -0.731430
 487.000000 2.152041 -0.794772
 488.000000 2.039559 -0.728466
 489.000000 1.938655 -0.739410
 490.000000 1.988514 -0.793103
 491.000000 2.052948 -0.749712
 492.000000 1.991673 -0.748022
 493.000000 1.901343 -0.777933
 494.000000 2.057934 -0.820705
 495.000000 1.928432 -0.858582
 496.000000 2.014415 -0.807110
 497.000000 2.076490 -0.850196
 498.000000 2.025303 -0.765181
 499.000000 2.026485 -0.817092
 500.000000 1.911580 -0.801804
 501.000000 1.999856 -0.724447
 502.000000 1.994206 -0.670066
 503.000000 2.061028 -0.743592
 504.000000 1.982729 -0.770351
 505.000000 2.021269 -0.726608
 506.000000 2.044327 -0.804422
 507.000000 2.010808 -0.741175
 508.000000 1.874079 -0.707313
 509.000000 2.030849 -0.721809
 510.000000 1.982484 -0.769104
 511.000000 2.044281 -0.675616
 512.000000 1.967284 -0.677253
 513.000000 1.966545 -0.694487
 514.000000 2.006516 -0.752337
 515.000000 2.041317 -0.776089
 516.000000 2.017831 -0.723174
 517.000000 2.011360 -0.720301
 518.000000 2.079870 -0.691391
 519.000000 2.134915 -0.757126
 520.000000 2.014717 -0.684178
 521.000000 2.048929 -0.732263
 522.000000 1.908333 -0.668452
 523.000000 2.053896 -0.644754
 524.000000 2.024207 -0.682903
 525.000000 2.011992 -0.696473
 526.000000 1.981049 -0.697803
 527.000000 2.081911 -0.668166
 528.000000 2.090032 -0.731750
 529.000000 2.072730 -0.733444
 530.000000 2.080968 -0.674981
 531.000000 1.961722 -0.724687
 532.000000 2.074297 -0.693837
 533.000000 2.048640 -0.692084
 534.000000 2.085914 -0.652684
 535.000000 2.001123 -0.677050
 536.000000 2.073376 -0.696852
 537.000000 1.972711 -0.691864
 538.000000 2.017894 -0.714227
 539.000000 2.051739 -0.692184
 540.000000 2.067020 -0.685501
 541.000000 2.027236 -0.693426
 542.000000 2.012469 -0.713904
 543.000000 2.028724 -0.792572
 544.000000 1.971744 -0.766723
 545.000000 2.082206 -0.778931
 546.000000 2.058381 -0.782375
 547.000000 2.051643 -0.718613
 548.000000 2.011755 -0.768053
 549.000000 2.005634 -0.690181
 550.000000 1.832348 -0.696236
 551.000000 2.100937 -0.760234
 552.000000 1.894967 -0.761071
 553.000000 1.994565 -0.744434
 554.000000 1.962254 -0.791641
 555.000000 2.066859 -0.691365
 556.000000 1.918362 -0.714851
 557.000000 1.917087 -0.708093
 558.000000 2.001085 -0.713784
 559.000000 1.976215 -0.738691
 560.000000 2.049035 -0.720869
 561.000000 1.819662 -0.684577
 562.000000 2.014037 -0.693730
 563.000000 2.014945 -0.652057
 564.000000 1.918357 -0.765941
 565.000000 1.981811 -0.749302
 566.000000 1.934573 -0.776144
 567.000000 1.953946 -0.691586
 568.000000 1.917717 -0.735559
 569.000000 1.956457 -0.739662
 570.000000 2.086972 -0.686114
 571.000000 1.933692 -0.723129
 572.000000 2.035969 -0.745203
 573.000000 1.977122 -0.760028
 574.000000 2.012902 -0.735934
 575.000000 2.035682 -0.764409
 576.000000 2.057916 -0.720807
 577.000000 1.872854 -0.721653
 578.000000 1.897792 -0.598662
 579.000000 1.967650 -0.742629
 580.000000 1.973490 -0.739227
 581.000000 2.035075 -0.691520
 582.000000 1.930089 -0.779527
 583.000000 1.971019 -0.738195
 584.000000 1.952233 -0.751949
 585.000000 2.069752 -0.794560
 586.000000 2.029502 -0.777637
 587.000000 1.950565 -0.833186
 588.000000 1.885512 -0.770326
 589.000000 2.011911 -0.720897
 590.000000 2.012928 -0.794742
 591.000000 1.923716 -0.715525
 592.000000 1.919723 -0.684099
 593.000000 1.830923 -0.707373
 594.000000 1.956997 -0.776791
 595.000000 1.984866 -0.671971
 596.000000 2.046672 -0.716525
 597.000000 1.983181 -0.767470
 598.000000 1.903855 -0.697433
 599.000000 2.066680 -0.791899
 600.000000 1.880336 -0.728084
 601.000000 2.052045 -0.663689
 602.000000 2.009496 -0.662956
 603.000000 2.058367 -0.691598
 604.000000 2.089835 -0.647163
 605.000000 2.034329 -0.674365
 606.000000 1.882822 -0.758857
 607.000000 2.010639 -0.707350
 608.000000 1.988020 -0.722584
 609.000000 1.993394 -0.784019
 610.000000 1.903688 -0.724730
 611.000000 1.896955 -0.761970
 612.000000 2.099301 -0.813501
 613.000000 2.005674 -0.750523
 614.000000 2.053942 -0.791548
 615.000000 1.982152 -0.794707
 616.000000 1.941229 -0.770636
 617.000000 1.868578 -0.697621
 618.000000 1.975917 -0.796058
 619.000000 1.969251 -0.828731
 620.000000 2.020971 -0.840272
 621.000000 1.979815 -0.768336
 622.000000 2.018089 -0.768223
 623.000000 1.981091 -0.770208
 624.000000 2.149525 -0.805218
 625.000000 2.079339 -0.691957
 626.000000 1.980823 -0.798199
 627.000000 1.965034 -0.721120
 628.000000 2.022752 -0.728236
 629.000000 1.968795 -0.755523
 630.000000 1.915203 -0.720668
 631.000000 2.021737 -0.771102
 632.000000 1.901484 -0.707662
 633.000000 1.966017 -0.694003
 634.000000 2.037888 -0.686363
 635.000000 2.073081 -0.753863
 636.000000 2.063057 -0.709999
 637.000000 2.038668 -0.768983
 638.000000 1.970957 -0.709669
 639.000000 2.022085 -0.763921
 640.000000 2.120714 -0.904885
 641.000000 1.865635 -0.791354
 642.000000 1.930098 -0.876275
 643.000000 2.019702 -0.810233
 644.000000 1.954351 -0.856992
 645.000000 1.964288 -0.856977
 646.000000 1.776794 -0.752656
 647.000000 2.035935 -0.758191
 648.000000 1.971393 -0.705381
 649.000000 2.044039 -0.722102
 650.000000 1.999685 -0.817270
 651.000000 2.005129 -0.799590
 652.000000 2.107970 -0.788139
 653.000000 1.909857 -0.764739
 654.000000 2.067243 -0.774983
 655.000000 2.006432 -0.807178
 656.000000 2.077966 -0.767209
 657.000000 2.067307 -0.806218
 658.000000 2.029071 -0.888979
 659.000000 1.950086 -0.848631
 660.000000 1.874986 -0.828492
 661.000000 1.936032 -0.767669
 662.000000 2.035548 -0.784538
 663.000000 1.993039 -0.888706
 664.000000 1.986048 -0.792524
 665.000000 2.046876 -0.791977
 666.000000 1.974780 -0.720686
 667.000000 1.983906 -0.745985
 668.000000 2.036567 -0.941258
 669.000000 2.049462 -0.911213
 670.000000 1.951988 -0.917813
 671.000000 2.012102 -0.862117
 672.000000 2.012931 -0.847363
 673.000000 2.032188 -0.830700
 674.000000 2.022024 -0.824709
 675.000000 2.048951 -0.900840
 676.000000 2.045650 -0.820655
 677.000000 2.014533 -0.820034
 678.000000 1.875633 -0.742044
 679.000000 1.988168 -0.731186
 680.000000 1.955731 -0.754476
 681.000000 1.910102 -0.818550
 682.000000 1.980547 -0.904332
 683.000000 2.132127 -0.815855
 684.000000 1.956526 -0.869401
 685.000000 1.982138 -0.746813
 686.000000 1.946712 -0.798028
 687.000000 1.978798 -0.919760
 688.000000 2.044618 -0.866470
 689.000000 1.998135 -0.797092
 690.000000 1.983567 -0.834601
 691.000000 1.921378 -0.769866
 692.000000 1.936285 -0.818797
 693.000000 1.971374 -0.800517
 694.000000 1.913872 -0.782433
 695.000000 1.970752 -0.767061
 696.000000 2.015598 -0.743171
 697.000000 1.966088 -0.792671
 698.000000 2.051552 -0.820436
 699.000000 1.955779 -0.819287
 700.000000 1.950397 -0.776231
 701.000000 1.987085 -0.791243
 702.000000 1.959434 -0.769454
 703.000000 2.052656 -0.744849
 704.000000 2.004048 -0.771167
 705.000000 1.961361 -0.733399
 706.000000 1.953242 -0.743648
 707.000000 1.951264 -0.702635
 708.000000 1.988227 -0.684648
 709.000000 2.023674 -0.716431
 710.000000 1.927134 -0.809615
 711.000000 2.069895 -0.830974
 712.000000 2.007208 -0.746160
 713.000000 2.042510 -0.806304
 714.000000 2.082151 -0.708439
 715.000000 1.995965 -0.728301
 716.000000 2.023944 -0.801035
 717.000000 2.009718 -0.837423
 718.000000 2.017198 -0.853823
 719.000000 2.051152 -0.842538
 720.000000 1.935453 -0.827839
 721.000000 2.096067 -0.862352
 722.000000 1.992038 -0.763289
 723.000000 2.041529 -0.763996
 724.000000 1.950161 -0.757994
 725.000000 1.964132 -0.811681
 726.000000 1.970544 -0.757444
 727.000000 2.050179 -0.802111
 728.000000 1.978213 -0.796351
 729.000000 2.069266 -0.801659
 730.000000 2.018552 -0.707993
 731.000000 1.978769 -0.782104
 732.000000 2.045248 -0.777183
 733.000000 2.010204 -0.809516
 734.000000 2.032664 -0.726152
 735.000000 1.911066 -0.785966
 736.000000 1.963563 -0.786722
 737.000000 1.938948 -0.726163
 738.000000 2.066385 -0.815455
 739.000000 2.064295 -0.822758
 740.000000 2.059272 -0.829141
 741.000000 1.954789 -0.765061
 742.000000 1.989892 -0.801455
 743.000000 1.948722 -0.786161
 744.000000 1.967234 -0.884346
 745.000000 2.081359 -0.888297
 746.000000 1.934389 -0.763536
 747.000000 2.008983 -0.825450
 748.000000 1.976209 -0.784779
 749.000000 2.008075 -0.797819
 750.000000 1.974131 -0.868428
 751.000000 1.953864 -0.804157
 752.000000 2.022966 -0.830527
 753.000000 1.904474 -0.822474
 754.000000 1.998824 -0.788208
 755.000000 2.027171 -0.835772
 756.000000 2.066458 -0.756179
 757.000000 2.076480 -0.789971
 758.000000 2.001638 -0.762020
 759.000000 1.989722 -0.720252
 760.000000 2.003559 -0.757396
 761.000000 1.950393 -0.714762
 762.000000 2.009790 -0.741618
 763.000000 2.028068 -0.740185
 764.000000 2.055326 -0.752187
 765.000000 2.072551 -0.718108
 766.000000 2.101684 -0.715736
 767.000000 2.048333 -0.750496
 768.000000 1.981205 -0.842395
 769.000000 2.072518 -0.678759
 770.000000 1.937431 -0.791791
 771.000000 2.048226 -0.746611
 772.000000 1.985228 -0.750572
 773.000000 1.953581 -0.776848
 774.000000 2.035862 -0.767921
 775.000000 1.952927 -0.732330
 776.000000 1.993995 -0.773982
 777.000000 1.989628 -0.762375
 778.000000 2.006575 -0.759271
 779.000000 2.051014 -0.767590
 780.000000 1.861186 -0.785287
 781.000000 1.926117 -0.757776
 782.000000 2.024787 -0.716369
 783.000000 2.061365 -0.727625
 784.000000 2.018549 -0.709644
 785.000000 1.971097 -0.825293
 786.000000 2.028073 -0.751552
 787.000000 1.974191 -0.853563
 788.000000 2.047671 -0.898198
 789.000000 1.989030 -0.773832
 790.000000 1.943951 -0.766986
 791.000000 1.945201 -0.767342
 792.000000 1.997809 -0.785081
 793.000000 2.099358 -0.717231
 794.000000 1.957732 -0.703169
 795.000000 1.974728 -0.691000
 796.000000 1.968310 -0.685243
 797.000000 1.977278 -0.660494
 798.000000 2.070920 -0.706773
 799.000000 2.061664 -0.706138
 800.000000 2.059553 -0.758529
 801.000000 2.066563 -0.683584
 802.000000 2.128307 -0.701376
 803.000000 1.977535 -0.698007
 804.000000 1.996183 -0.737107
 805.000000 1.963976 -0.760055
 806.000000 2.068669 -0.811766
 807.000000 1.940410 -0.732129
 808.000000 1.995869 -0.710791
 809.000000 1.922527 -0.783586
 810.000000 1.995204 -0.787983
 811.000000 2.089715 -0.710106
 812.000000 2.041657 -0.698949
 813.000000 1.903804 -0.673632
 814.000000 1.967134 -0.687957
 815.000000 2.047995 -0.724894
 816.000000 2.013074 -0.698775
 817.000000 2.006937 -0.707503
 818.000000 1.986440 -0.720565
 819.000000 1.915084 -0.788593
 820.000000 2.043157 -0.742123
 821.000000 1.998837 -0.770617
 822.000000 2.024816 -0.748775
 823.000000 1.934674 -0.790495
 824.000000 1.952453 -0.752125
 825.000000 1.940691 -0.729837
 826.000000 2.031285 -0.787636
 827.000000 1.963312 -0.741185
 828.000000 2.035952 -0.777361
 829.000000 2.070584 -0.673640
 830.000000 2.020864 -0.799710
 831.000000 2.071529 -0.701715
 832.000000 1.989582 -0.755114
 833.000000 1.941964 -0.624619
 834.000000 1.993800 -0.731172
 835.000000 1.909478 -0.638841
 836.000000 1.988529 -0.701701
 837.000000 2.092410 -0.639474
 838.000000 2.021212 -0.658123
 839.000000 1.931148 -0.683538
 840.000000 1.954708 -0.634554
 841.000000 2.014647 -0.752080
 842.000000 2.001924 -0.682855
 843.000000 2.021322 -0.670260
 844.000000 1.961083 -0.739176
 845.000000 1.964459 -0.708736
 846.000000 2.080629 -0.726749
 847.000000 2.074093 -0.687953
 848.000000 2.020486 -0.709305
 849.000000 2.006991 -0.733826
 850.000000 2.020213 -0.664757
 851.000000 1.983285 -0.725506
 852.000000 1.954772 -0.566821
 853.000000 2.004278 -0.694262
 854.000000 2.015108 -0.661692
 855.000000 2.054807 -0.705074
 856.000000 2.149832 -0.707370
 857.000000 2.131850 -0.698468
 858.000000 2.104789 -0.719279
 859.000000 1.986298 -0.716627
 860.000000 1.892685 -0.689559
 861.000000 2.084764 -0.671891
 862.000000 2.097800 -0.689046
 863.000000 2.070691 -0.666975
 864.000000 2.053605 -0.725200
 865.000000 2.030374 -0.757722
 866.000000 2.079409 -0.830393
 867.000000 2.102827 -0.784454
 868.000000 2.014732 -0.817376
 869.000000 2.058139 -0.922161
 870.000000 2.017213 -0.796677
 871.000000 1.963060 -0.725353
 872.000000 2.091326 -0.740103
 873.000000 2.022747 -0.686449
 874.000000 2.061998 -0.680587
 875.000000 1.977742 -0.765631
 876.000000 1.997041 -0.786326
 877.000000 2.106192 -0.738741
 878.000000 2.046058 -0.766843
 879.000000 1.978670 -0.792067
 880.000000 1.939960 -0.843886
 881.000000 2.051053 -0.737858
 882.000000 2.137498 -0.757430
 883.000000 2.000874 -0.667593
 884.000000 2.032878 -0.655997
 885.000000 1.968828 -0.668585
 886.000000 2.075105 -0.764258
 887.000000 2.014990 -0.664060
 888.000000 2.019645 -0.700431
 889.000000 1.992771 -0.679478
 890.000000 1.969846 -0.701217
 891.000000 1.959972 -0.783770
 892.000000 1.985653 -0.767939
 893.000000 1.968786 -0.801262
 894.000000 1.995211 -0.764643
 895.000000 2.176525 -0.685248
 896.000000 2.013823 -0.770723
 897.000000 1.965097 -0.688998
 898.000000 1.947281 -0.794396
 899.000000 1.915068 -0.813510
 900.000000 2.047527 -0.795279
 901.000000 2.062469 -0.801624
 902.000000 2.002879 -0.759270
 903.000000 1.971870 -0.831267
 904.000000 2.005400 -0.790507
 905.000000 1.952702 -0.850443
 906.000000 1.907338 -0.784217
 907.000000 1.962930 -0.713861
 908.000000 2.093445 -0.732125
 909.000000 2.007001 -0.789415
 910.000000 2.067013 -0.682170
 911.000000 2.033789 -0.772401
 912.000000 1.942578 -0.820632
 913.000000 2.009197 -0.788565
 914.000000 2.061504 -0.803944
 915.000000 2.043530 -0.784505
 916.000000 2.044363 -0.856456
 917.000000 2.092912 -0.792982
 918.000000 2.013445 -0.764077
 919.000000 1.979025 -0.734333
 920.000000 2.041561 -0.696160
 921.000000 1.933740 -0.830285
 922.000000 1.990851 -0.802815
 923.000000 1.992034 -0.840522
 924.000000 2.020904 -0.761628
 925.000000 1.947994 -0.782048
 926.000000 1.911759 -0.857894
 927.000000 1.996938 -0.772918
 928.000000 2.053997 -0.801017
 929.000000 1.988929 -0.711245
 930.000000 1.975271 -0.792635
 931.000000 1.988392 -0.730112
 932.000000 2.009166 -0.702438
 933.000000 2.078423 -0.745169
 934.000000 2.079223 -0.721397
 935.000000 2.021860 -0.714297
 936.000000 2.013473 -0.731631
 937.000000 2.025906 -0.779216
 938.000000 1.903556 -0.742281
 939.000000 1.964414 -0.753446
 940.000000 2.122001 -0.787473
 941.000000 2.060196 -0.662193
 942.000000 1.973118 -0.785303
 943.000000 2.018295 -0.704101
 944.000000 2.048497 -0.736144
 945.000000 1.932055 -0.850755
 946.000000 2.045184 -0.709363
 947.000000 1.960905 -0.673257
 948.000000 2.070954 -0.868655
 949.000000 1.905618 -0.736076
 950.000000 2.010736 -0.732239
 951.000000 2.048438 -0.749176
 952.000000 2.052205 -0.846504
 953.000000 2.063277 -0.714864
 954.000000 2.083526 -0.675119
 955.000000 2.037045 -0.789500
 956.000000 1.997088 -0.738498
 957.000000 2.025289 -0.707578
 958.000000 1.932745 -0.746174
 959.000000 2.012904 -0.812946
 960.000000 2.046639 -0.747419
 961.000000 1.907299 -0.782432
 962.000000 2.047526 -0.820795
 963.000000 2.039230 -0.772319
 964.000000 1.999247 -0.757515
 965.000000 2.025257 -0.845502
 966.000000 2.114681 -0.762532
 967.000000 2.133123 -0.828161
 968.000000 2.136221 -0.851101
 969.000000 1.976040 -0.783970
 970.000000 1.987065 -0.755797
 971.000000 1.954852 -0.793675
 972.000000 2.051298 -0.713362
 973.000000 2.097086 -0.767532
 974.000000 2.008105 -0.747368
 975.000000 2.014264 -0.727035
 976.000000 2.097256 -0.773245
 977.000000 2.040083 -0.684252
 978.000000 2.020192 -0.818732
 979.000000 2.017102 -0.781598
 980.000000 2.081609 -0.714537
 981.000000 1.983800 -0.754606
 982.000000 2.079397 -0.774477
 983.000000 2.125029 -0.783414
 984.000000 2.065695 -0.825410
 985.000000 2.085424 -0.801921
 986.000000 2.024240 -0.720729
 987.000000 2.033304 -0.742083
 988.000000 2.062280 -0.806140
 989.000000 2.089961 -0.719473
 990.000000 1.937939 -0.720690
 991.000000 2.066692 -0.747547
 992.000000 1.859767 -0.722951
 993.000000 1.927452 -0.783833
 994.000000 1.914798 -0.823491
 995.000000 1.948124 -0.753007
 996.000000 1.894653 -0.730057
 997.000000 1.992825 -0.691169
 998.000000 2.061551 -0.799001
 999.000000 2.022700 -0.827028
 1000.000000 2.084988 -0.866615
 1001.000000 2.001969 -0.723492
 1002.000000 1.947052 -0.809676
 1003.000000 1.954413 -0.745119
 1004.000000 1.986940 -0.770991
 1005.000000 1.924347 -0.805654
 1006.000000 2.057541 -0.771580
 1007.000000 2.062232 -0.794901
 1008.000000 2.051282 -0.729457
 1009.000000 1.966253 -0.770494
 1010.000000 1.976131 -0.767494
 1011.000000 1.947887 -0.719383
 1012.000000 2.098043 -0.642532
 1013.000000 2.028984 -0.673666
 1014.000000 2.066516 -0.660540
 1015.000000 1.996291 -0.721350
 1016.000000 1.940111 -0.746675
 1017.000000 2.030444 -0.689872
 1018.000000 2.064494 -0.708426
 1019.000000 2.068710 -0.829228
 1020.000000 2.021314 -0.757304
 1021.000000 2.159152 -0.822516
 1022.000000 2.052343 -0.716914
 1023.000000 2.096474 -0.720949
 1024.000000 2.058675 -0.773044
 1025.000000 2.066054 -0.725718
 1026.000000 2.037193 -0.721019
 1027.000000 2.028205 -0.949747
 1028.000000 2.059094 -0.899175
 1029.000000 1.907092 -0.777181
 1030.000000 2.073594 -0.646911
 1031.000000 2.092042 -0.788716
 1032.000000 2.024429 -0.880525
 1033.000000 1.893772 -0.773651
 1034.000000 1.961778 -0.848414
 1035.000000 1.970462 -0.816169
 1036.000000 1.943259 -0.738398
 1037.000000 1.974503 -0.825593
 1038.000000 2.083306 -0.758600
 1039.000000 1.913774 -0.746996
 1040.000000 2.046546 -0.797467
 1041.000000 1.928958 -0.828601
 1042.000000 2.025214 -0.696539
 1043.000000 2.048508 -0.735713
 1044.000000 2.117783 -0.773995
 1045.000000 2.134902 -0.749228
 1046.000000 2.063938 -0.736084
 1047.000000 1.971267 -0.746659
 1048.000000 1.893385 -0.732206
 1049.000000 1.977147 -0.764384
 1050.000000 1.956706 -0.815288
 1051.000000 2.112092 -0.813169
 1052.000000 2.008825 -0.788260
 1053.000000 1.959666 -0.773521
 1054.000000 2.033150 -0.736524
 1055.000000 2.039695 -0.703902
 1056.000000 2.031947 -0.737529
 1057.000000 2.010235 -0.774986
 1058.000000 1.993689 -0.712482
 1059.000000 1.906967 -0.741464
 1060.000000 1.941061 -0.774633
 1061.000000 1.959517 -0.742047
 1062.000000 2.047241 -0.792678
 1063.000000 1.976660 -0.748316
 1064.000000 1.983529 -0.686429
 1065.000000 1.953170 -0.770036
 1066.000000 1.947056 -0.637356
 1067.000000 1.963076 -0.728547
 1068.000000 2.069210 -0.739962
 1069.000000 2.030715 -0.798261
 1070.000000 1.967845 -0.780098
 1071.000000 2.107586 -0.776449
 1072.000000 2.057974 -0.733340
 1073.000000 2.003354 -0.769426
 1074.000000 2.052383 -0.749932
 1075.000000 2.060211 -0.734684
 1076.000000 2.109889 -0.765144
 1077.000000 2.002775 -0.732953
 1078.000000 2.007930 -0.735130
 1079.000000 2.107162 -0.787962
 1080.000000 1.963922 -0.874144
 1081.000000 1.895541 -0.837674
 1082.000000 1.976104 -0.845638
 1083.000000 2.023654 -0.821503
 1084.000000 2.042543 -0.829153
 1085.000000 2.062262 -0.751055
 1086.000000 2.010792 -0.754805
 1087.000000 2.022021 -0.830878
 1088.000000 2.007746 -0.763730
 1089.000000 2.105599 -0.808106
 1090.000000 1.950703 -0.840239
 1091.000000 2.051739 -0.861670
 1092.000000 2.026982 -0.724797
 1093.000000 2.087327 -0.858905
 1094.000000 2.010802 -0.788335
 1095.000000 2.032245 -0.858366
 1096.000000 1.939511 -0.819577
 1097.000000 2.096864 -0.827095
 1098.000000 2.006216 -0.880196
 1099.000000 1.973465 -0.794865
 1100.000000 2.089663 -0.840054
 1101.000000 1.942253 -0.832977
 1102.000000 2.019852 -0.879061
 1103.000000 2.104212 -0.858672
 1104.000000 2.103771 -0.794802
 1105.000000 2.022768 -0.829492
 1106.000000 1.946491 -0.773406
 1107.000000 2.052921 -0.810229
 1108.000000 2.004154 -0.815635
 1109.000000 1.912145 -0.749260
 1110.000000 1.903121 -0.741744
 1111.000000 1.987338 -0.813739
 1112.000000 2.012786 -0.835366
 1113.000000 1.945881 -0.789362
 1114.000000 2.009170 -0.720053
 1115.000000 1.957436 -0.705327
 1116.000000 2.031604 -0.721429
 1117.000000 2.039521 -0.754676
 1118.000000 2.062912 -0.672596
 1119.000000 2.043986 -0.727729
 1120.000000 1.993578 -0.767523
 1121.000000 2.066430 -0.779925
 1122.000000 2.108132 -0.777295
 1123.000000 2.084796 -0.766801
 1124.000000 2.046860 -0.701307
 1125.000000 2.031192 -0.717216
 1126.000000 1.994721 -0.659691
 1127.000000 2.091525 -0.779328
 1128.000000 2.019650 -0.753422
 1129.000000 1.941589 -0.709094
 1130.000000 2.110364 -0.776335
 1131.000000 2.007223 -0.740416
 1132.000000 1.968595 -0.745868
 1133.000000 2.062325 -0.708501
 1134.000000 1.891854 -0.749522
 1135.000000 2.061264 -0.690149
 1136.000000 1.999735 -0.724508
 1137.000000 1.944168 -0.768911
 1138.000000 1.963138 -0.693625
 1139.000000 2.025661 -0.749294
 1140.000000 2.000369 -0.686514
 1141.000000 1.949344 -0.668109
 1142.000000 2.029289 -0.742019
 1143.000000 2.047507 -0.709690
 1144.000000 2.049798 -0.713814
 1145.000000 1.896118 -0.752215
 1146.000000 2.006928 -0.752616
 1147.000000 1.948117 -0.763596
 1148.000000 1.976562 -0.664964
 1149.000000 1.951660 -0.729781
 1150.000000 1.956765 -0.664714
 1151.000000 2.110389 -0.695401
 1152.000000 2.103430 -0.688735
 1153.000000 2.026811 -0.756091
 1154.000000 2.016240 -0.751899
 1155.000000 1.963519 -0.712441
 1156.000000 2.008622 -0.715525
 1157.000000 1.946183 -0.732709
 1158.000000 2.001315 -0.751965
 1159.000000 1.994421 -0.683057
 1160.000000 2.015700 -0.678868
 1161.000000 2.076737 -0.786551
 1162.000000 1.957301 -0.819718
 1163.000000 2.039589 -0.763534
 1164.000000 2.020687 -0.785675
 1165.000000 2.028658 -0.722037
 1166.000000 2.041814 -0.771863
 1167.000000 2.059253 -0.785681
 1168.000000 2.032015 -0.800237
 1169.000000 1.954049 -0.748437
 1170.000000 1.976209 -0.806258
 1171.000000 1.932589 -0.695812
 1172.000000 2.021618 -0.745888
 1173.000000 1.928092 -0.751052
 1174.000000 1.935159 -0.711348
 1175.000000 2.129117 -0.736979
 1176.000000 1.986204 -0.776425
 1177.000000 2.038970 -0.819685
 1178.000000 2.063549 -0.709311
 1179.000000 2.033610 -0.762872
 1180.000000 1.998952 -0.764132
 1181.000000 1.996003 -0.719720
 1182.000000 2.094493 -0.796922
 1183.000000 2.035247 -0.799909
 1184.000000 1.999916 -0.781346
 1185.000000 2.044912 -0.812153
 1186.000000 2.088538 -0.716148
 1187.000000 1.957279 -0.819815
 1188.000000 2.050995 -0.725832
 1189.000000 2.032853 -0.777069
 1190.000000 1.995101 -0.798070
 1191.000000 2.000453 -0.825538
 1192.000000 2.087285 -0.764051
 1193.000000 1.951913 -0.805592
 1194.000000 2.019045 -0.761234
 1195.000000 2.045895 -0.740829
 1196.000000 2.079919 -0.778700
 1197.000000 2.054863 -0.686980
 1198.000000 2.045615 -0.738502
 1199.000000 2.002245 -0.767247
 1200.000000 2.137025 -0.781075
 1201.000000 2.038413 -0.781012
 1202.000000 2.031077 -0.821551
 1203.000000 2.025848 -0.753519
 1204.000000 2.041598 -0.736254
 1205.000000 2.031584 -0.740541
 1206.000000 2.167074 -0.694760
 1207.000000 2.160556 -0.737065
 1208.000000 2.076307 -0.720260
 1209.000000 2.080311 -0.759627
 1210.000000 1.951661 -0.713317
 1211.000000 2.064074 -0.744849
 1212.000000 2.086880 -0.677192
 1213.000000 1.997809 -0.763056
 1214.000000 1.965370 -0.794467
 1215.000000 1.991835 -0.795572
 1216.000000 1.962646 -0.797831
 1217.000000 2.027390 -0.750291
 1218.000000 2.050905 -0.746715
 1219.000000 2.013937 -0.671332
 1220.000000 2.099992 -0.766070
 1221.000000 2.025777 -0.693503
 1222.000000 2.064503 -0.711900
 1223.000000 1.981983 -0.713653
 1224.000000 2.084692 -0.780644
 1225.000000 1.992379 -0.812678
 1226.000000 1.986321 -0.763439
 1227.000000 2.082145 -0.762885
 1228.000000 2.075283 -0.651878
 1229.000000 1.922572 -0.753860
 1230.000000 2.070959 -0.672487
 1231.000000 1.990109 -0.758518
 1232.000000 2.002473 -0.795193
 1233.000000 2.030929 -0.818706
 1234.000000 2.005136 -0.793171
 1235.000000 2.011766 -0.741648
 1236.000000 1.944318 -0.775510
 1237.000000 1.978461 -0.873619
 1238.000000 2.005542 -0.853731
 1239.000000 2.169824 -0.739667
 1240.000000 2.110672 -0.787668
 1241.000000 2.078895 -0.877413
 1242.000000 2.058448 -0.744824
 1243.000000 1.982390 -0.753788
 1244.000000 2.002103 -0.698804
 1245.000000 2.055889 -0.811811
 1246.000000 2.078296 -0.747089
 1247.000000 1.963482 -0.706843
 1248.000000 1.951377 -0.747492
 1249.000000 1.895296 -0.818457
 1250.000000 2.005366 -0.754483
 1251.000000 2.021257 -0.768212
 1252.000000 2.068112 -0.810239
 1253.000000 1.977907 -0.690094
 1254.000000 2.078748 -0.727088
 1255.000000 2.198492 -0.773826
 1256.000000 1.978887 -0.826679
 1257.000000 2.012386 -0.777853
 1258.000000 2.031932 -0.761835
 1259.000000 1.968374 -0.816365
 1260.000000 2.059817 -0.746008
 1261.000000 2.129072 -0.724996
 1262.000000 2.069624 -0.754360
 1263.000000 2.080139 -0.676587
 1264.000000 2.142098 -0.786781
 1265.000000 2.054939 -0.797414
 1266.000000 2.020305 -0.856413
 1267.000000 2.067579 -0.819941
 1268.000000 2.147461 -0.843984
 1269.000000 2.034581 -0.847715
 1270.000000 2.091516 -0.837165
 1271.000000 1.972453 -0.899078
 1272.000000 2.003698 -0.834259
 1273.000000 2.033138 -0.796177
 1274.000000 2.025301 -0.848979
 1275.000000 2.033933 -0.817637
 1276.000000 2.112877 -0.860213
 1277.000000 2.053279 -0.797337
 1278.000000 2.069717 -0.803469
 1279.000000 2.044666 -0.793290
 1280.000000 2.002705 -0.759689
 1281.000000 2.016948 -0.811999
 1282.000000 1.972189 -0.861338
 1283.000000 1.877737 -0.751192
 1284.000000 1.990958 -0.711014
 1285.000000 2.048801 -0.696995
 1286.000000 2.016695 -0.783424
 1287.000000 1.980193 -0.773957
 1288.000000 1.999534 -0.749507
 1289.000000 2.049442 -0.834824
 1290.000000 2.040942 -0.832839
 1291.000000 1.989151 -0.882951
 1292.000000 2.110698 -0.810720
 1293.000000 1.910010 -0.860358
 1294.000000 2.043860 -0.789526
 1295.000000 1.974208 -0.785218
 1296.000000 2.034100 -0.846557
 1297.000000 2.035820 -0.745389
 1298.000000 2.008855 -0.808891
 1299.000000 1.947769 -0.790548
 1300.000000 2.065558 -0.790585
 1301.000000 2.134259 -0.788501
 1302.000000 2.041813 -0.754424
 1303.000000 2.003506 -0.810979
 1304.000000 2.090203 -0.784977
 1305.000000 1.991270 -0.796258
 1306.000000 2.055105 -0.808328
 1307.000000 1.998954 -0.780982
 1308.000000 2.052538 -0.844500
 1309.000000 1.963407 -0.891680
 1310.000000 2.069163 -0.845809
 1311.000000 2.007520 -0.821421
 1312.000000 2.069688 -0.882263
 1313.000000 2.097141 -0.814057
 1314.000000 1.986587 -0.789297
 1315.000000 2.061210 -0.740657
 1316.000000 2.056698 -0.773223
 1317.000000 2.027911 -0.810500
 1318.000000 1.990311 -0.832559
 1319.000000 1.988778 -0.798223
 1320.000000 1.832640 -0.728359
 1321.000000 2.017439 -0.845645
 1322.000000 2.009926 -0.814307
 1323.000000 1.960145 -0.806329
 1324.000000 1.976501 -0.907426
 1325.000000 1.971908 -0.871836
 1326.000000 2.016555 -0.810372
 1327.000000 1.992388 -0.898201
 1328.000000 2.039528 -0.840226
 1329.000000 2.034137 -0.885417
 1330.000000 1.934770 -0.808788
 1331.000000 2.070436 -0.758905
 1332.000000 1.965861 -0.835754
 1333.000000 1.949540 -0.846616
 1334.000000 1.998785 -0.818602
 1335.000000 1.892222 -0.868634
 1336.000000 2.075707 -0.890363
 1337.000000 1.954393 -0.829221
 1338.000000 1.988858 -0.851705
 1339.000000 1.986845 -0.880420
 1340.000000 2.060335 -0.815266
 1341.000000 2.008934 -0.783881
 1342.000000 2.088594 -0.838645
 1343.000000 2.029828 -0.761544
 1344.000000 2.061224 -0.798405
 1345.000000 2.039985 -0.820374
 1346.000000 2.015275 -0.704419
 1347.000000 2.188986 -0.761125
 1348.000000 2.065695 -0.769039
 1349.000000 2.047841 -0.754938
 1350.000000 1.953247 -0.802914
 1351.000000 1.963844 -0.824848
 1352.000000 1.956442 -0.858478
 1353.000000 1.975310 -0.876998
 1354.000000 2.053000 -0.754287
 1355.000000 2.082789 -0.752085
 1356.000000 2.109383 -0.770588
 1357.000000 2.049097 -0.818816
 1358.000000 2.058815 -0.763762
 1359.000000 2.050890 -0.738126
 1360.000000 1.987504 -0.807588
 1361.000000 2.078283 -0.759453
 1362.000000 2.026191 -0.897815
 1363.000000 1.922854 -0.774283
 1364.000000 2.038095 -0.800523
 1365.000000 2.019833 -0.847177
 1366.000000 2.095527 -0.818220
 1367.000000 2.012989 -0.778032
 1368.000000 1.980722 -0.802217
 1369.000000 2.036989 -0.833591
 1370.000000 1.952446 -0.761769
 1371.000000 2.097138 -0.793799
 1372.000000 2.148896 -0.767996
 1373.000000 2.011559 -0.756141
 1374.000000 2.069971 -0.741989
 1375.000000 2.127432 -0.807746
 1376.000000 2.106870 -0.809714
 1377.000000 1.940294 -0.739263
 1378.000000 1.982055 -0.795503
 1379.000000 2.000479 -0.761800
 1380.000000 2.017407 -0.879528
 1381.000000 2.017966 -0.691318
 1382.000000 2.106054 -0.769993
 1383.000000 2.054632 -0.710802
 1384.000000 2.052948 -0.735157
 1385.000000 2.092173 -0.824345
 1386.000000 1.947493 -0.764675
 1387.000000 2.059472 -0.848430
 1388.000000 1.958115 -0.820472
 1389.000000 2.102373 -0.785631
 1390.000000 1.998861 -0.702717
 1391.000000 2.017348 -0.826933
 1392.000000 2.014615 -0.782244
 1393.000000 2.065443 -0.684239
 1394.000000 2.009547 -0.785355
 1395.000000 2.021807 -0.729585
 1396.000000 1.993031 -0.753609
 1397.000000 1.904325 -0.720806
 1398.000000 2.013465 -0.719890
 1399.000000 2.055219 -0.827717
 1400.000000 2.029156 -0.756227
 1401.000000 1.943538 -0.852555
 1402.000000 2.063081 -0.690799
 1403.000000 2.015975 -0.731832
 1404.000000 2.005443 -0.720437
 1405.000000 2.147937 -0.776057
 1406.000000 1.983221 -0.749390
 1407.000000 2.010511 -0.803975
 1408.000000 1.931277 -0.864129
 1409.000000 1.954166 -0.798727
 1410.000000 1.976682 -0.715284
 1411.000000 2.130692 -0.736531
 1412.000000 1.999704 -0.735472
 1413.000000 2.038649 -0.713836
 1414.000000 2.035127 -0.708254
 1415.000000 2.040780 -0.780583
 1416.000000 1.950479 -0.816717
 1417.000000 1.888327 -0.834940
 1418.000000 2.007090 -0.685410
 1419.000000 1.924555 -0.678313
 1420.000000 2.140945 -0.688765
 1421.000000 1.997858 -0.900629
 1422.000000 2.030087 -0.780901
 1423.000000 1.985500 -0.775843
 1424.000000 2.070778 -0.783043
 1425.000000 1.967233 -0.809182
 1426.000000 2.023202 -0.775065
 1427.000000 1.970188 -0.794084
 1428.000000 2.063440 -0.810814
 1429.000000 1.921289 -0.795955
 1430.000000 2.038372 -0.801170
 1431.000000 1.952619 -0.683304
 1432.000000 1.943054 -0.780290
 1433.000000 1.971007 -0.736113
 1434.000000 1.950417 -0.698921
 1435.000000 2.062624 -0.716163
 1436.000000 2.016905 -0.761643
 1437.000000 1.911125 -0.731046
 1438.000000 1.923240 -0.688782
 1439.000000 2.009130 -0.699071
 1440.000000 1.978033 -0.792524
 1441.000000 1.947167 -0.648606
 1442.000000 2.019182 -0.689462
 1443.000000 2.034404 -0.747804
 1444.000000 1.967696 -0.734166
 1445.000000 1.973309 -0.710428
 1446.000000 2.056039 -0.706808
 1447.000000 2.009714 -0.718766
 1448.000000 1.995567 -0.738752
 1449.000000 1.990994 -0.691100
 1450.000000 1.915769 -0.666421
 1451.000000 2.029161 -0.747323
 1452.000000 2.025382 -0.699103
 1453.000000 2.057901 -0.699970
 1454.000000 1.980116 -0.720891
 1455.000000 2.060882 -0.740239
 1456.000000 2.011076 -0.743346
 1457.000000 1.989563 -0.838341
 1458.000000 2.030281 -0.601544
 1459.000000 1.996969 -0.615296
 1460.000000 1.952107 -0.717147
 1461.000000 1.919217 -0.782398
 1462.000000 2.037210 -0.815911
 1463.000000 2.002163 -0.755851
 1464.000000 2.041322 -0.730081
 1465.000000 2.084812 -0.762668
 1466.000000 2.060786 -0.789255
 1467.000000 2.002997 -0.826687
 1468.000000 2.015211 -0.804660
 1469.000000 2.125462 -0.796284
 1470.000000 1.981946 -0.802017
 1471.000000 2.111961 -0.725079
 1472.000000 2.162936 -0.705107
 1473.000000 2.113673 -0.702394
 1474.000000 1.872110 -0.733006
 1475.000000 1.953676 -0.712789
 1476.000000 2.045435 -0.784738
 1477.000000 1.965146 -0.814396
 1478.000000 2.054696 -0.885597
 1479.000000 2.000600 -0.746744
 1480.000000 2.091385 -0.857129
 1481.000000 2.092993 -0.832296
 1482.000000 2.129450 -0.829921
 1483.000000 2.124507 -0.804158
 1484.000000 2.055198 -0.774780
 1485.000000 2.111422 -0.737422
 1486.000000 2.173627 -0.784009
 1487.000000 2.138278 -0.768436
 1488.000000 2.007151 -0.759974
 1489.000000 2.012186 -0.814999
 1490.000000 2.113640 -0.823165
 1491.000000 2.131164 -0.760232
 1492.000000 2.095766 -0.772412
 1493.000000 2.041147 -0.765491
 1494.000000 2.056329 -0.702853
 1495.000000 2.058092 -0.798852
 1496.000000 2.141055 -0.832407
 1497.000000 2.003893 -0.777231
 1498.000000 2.044050 -0.717958
 1499.000000 2.091494 -0.836819
 1500.000000 2.065675 -0.780686
 1501.000000 2.047686 -0.778552
 1502.000000 1.934127 -0.736747
 1503.000000 2.056257 -0.848804
 1504.000000 2.069160 -0.835260
 1505.000000 1.966488 -0.798952
 1506.000000 2.093337 -0.849019
 1507.000000 1.991447 -0.783305
 1508.000000 2.124207 -0.787842
 1509.000000 2.026128 -0.802992
 1510.000000 2.090767 -0.811837
 1511.000000 2.098931 -0.870949
 1512.000000 2.020094 -0.742809
 1513.000000 1.940710 -0.783016
 1514.000000 1.956097 -0.733520
 1515.000000 2.053012 -0.834593
 1516.000000 2.070378 -0.801176
 1517.000000 2.032192 -0.877267
 1518.000000 2.069517 -0.830990
 1519.000000 2.077800 -0.829899
 1520.000000 1.957551 -0.795354
 1521.000000 1.965822 -0.788425
 1522.000000 1.864160 -0.804832
 1523.000000 1.868589 -0.700024
 1524.000000 1.977666 -0.824715
 1525.000000 1.999639 -0.768595
 1526.000000 1.944710 -0.761904
 1527.000000 1.995078 -0.736336
 1528.000000 2.051864 -0.756744
 1529.000000 2.045112 -0.781235
 1530.000000 1.925397 -0.691600
 1531.000000 1.862154 -0.795771
 1532.000000 1.986837 -0.738767
 1533.000000 2.089851 -0.771903
 1534.000000 2.020490 -0.663168
 1535.000000 1.927431 -0.784387
 1536.000000 1.970211 -0.723676
 1537.000000 1.962023 -0.815179
 1538.000000 2.065706 -0.772440
 1539.000000 2.122053 -0.676678
 1540.000000 2.109318 -0.757235
 1541.000000 2.036800 -0.729753
 1542.000000 2.026447 -0.733777
 1543.000000 2.028475 -0.725602
 1544.000000 2.035980 -0.877069
 1545.000000 2.072359 -0.874534
 1546.000000 1.960966 -0.842956
 1547.000000 2.046739 -0.762862
 1548.000000 2.039642 -0.785688
 1549.000000 2.025227 -0.821337
 1550.000000 1.972314 -0.766236
 1551.000000 2.023855 -0.829296
 1552.000000 2.156585 -0.828233
 1553.000000 2.090655 -0.762721
 1554.000000 2.054676 -0.788808
 1555.000000 2.136562 -0.853162
 1556.000000 2.045184 -0.797187
 1557.000000 2.039436 -0.813495
 1558.000000 1.978575 -0.852800
 1559.000000 1.981587 -0.824881
 1560.000000 1.977544 -0.846684
 1561.000000 1.961665 -0.843656
 1562.000000 2.010388 -0.772139
 1563.000000 2.114854 -0.776066
 1564.000000 2.017294 -0.728627
 1565.000000 1.996815 -0.762129
 1566.000000 1.933396 -0.808689
 1567.000000 2.010426 -0.747574
 1568.000000 1.928622 -0.828244
 1569.000000 1.960589 -0.790344
 1570.000000 1.952279 -0.900811
 1571.000000 1.984299 -0.773807
 1572.000000 2.014089 -0.776963
 1573.000000 1.956104 -0.797241
 1574.000000 1.988628 -0.795462
 1575.000000 2.045797 -0.818934
 1576.000000 1.930825 -0.831822
 1577.000000 2.028209 -0.777055
 1578.000000 1.953491 -0.747245
 1579.000000 1.976743 -0.801001
 1580.000000 1.998307 -0.871108
 1581.000000 2.076229 -0.887411
 1582.000000 1.964848 -0.846726
 1583.000000 1.951098 -0.906356
 1584.000000 1.959823 -0.829906
 1585.000000 1.933245 -0.796317
 1586.000000 2.003367 -0.839845
 1587.000000 1.975817 -0.858819
 1588.000000 2.027232 -0.844454
 1589.000000 2.012058 -0.781290
 1590.000000 1.992621 -0.746348
 1591.000000 2.019624 -0.816017
 1592.000000 2.018541 -0.799046
 1593.000000 2.132590 -0.749470
 1594.000000 1.992518 -0.887602
 1595.000000 1.947641 -0.774082
 1596.000000 1.969478 -0.835561
 1597.000000 2.072176 -0.819044
 1598.000000 2.038927 -0.802504
 1599.000000 2.011567 -0.856871
 1600.000000 2.056256 -0.780528
 1601.000000 2.096701 -0.869364
 1602.000000 1.925674 -0.835964
 1603.000000 1.997376 -0.766519
 1604.000000 1.895465 -0.775849
 1605.000000 2.003576 -0.816592
 1606.000000 2.002702 -0.797755
 1607.000000 1.974327 -0.824440
 1608.000000 2.027205 -0.816209
 1609.000000 1.914649 -0.834213
 1610.000000 1.995485 -0.859519
 1611.000000 1.926660 -0.807301
 1612.000000 2.002902 -0.807812
 1613.000000 2.057808 -0.825867
 1614.000000 1.881798 -0.841169
 1615.000000 1.972399 -0.801852
 1616.000000 2.012800 -0.795932
 1617.000000 1.931704 -0.836023
 1618.000000 1.954535 -0.895604
 1619.000000 2.013829 -0.876242
 1620.000000 1.989940 -0.800695
 1621.000000 1.878980 -0.851981
 1622.000000 1.911242 -0.901251
 1623.000000 2.043011 -0.793497
 1624.000000 2.056815 -0.789775
 1625.000000 1.975689 -0.798394
 1626.000000 2.088744 -0.731401
 1627.000000 2.121405 -0.783991
 1628.000000 1.951577 -0.838548
 1629.000000 1.917791 -0.855270
 1630.000000 2.081837 -0.840328
 1631.000000 1.946961 -0.707951
 1632.000000 1.953202 -0.840393
 1633.000000 1.995469 -0.858605
 1634.000000 2.033547 -0.870218
 1635.000000 2.054005 -0.805997
 1636.000000 1.926266 -0.856465
 1637.000000 1.931058 -0.878044
 1638.000000 1.979917 -0.806086
 1639.000000 1.962277 -0.878864
 1640.000000 1.972374 -0.839069
 1641.000000 1.911422 -0.876092
 1642.000000 1.933070 -0.891972
 1643.000000 1.912159 -0.824570
 1644.000000 2.044842 -0.822913
 1645.000000 1.987078 -0.852386
 1646.000000 2.051162 -0.836376
 1647.000000 1.916419 -0.850963
 1648.000000 2.003764 -0.904370
 1649.000000 2.008081 -0.855930
 1650.000000 1.991020 -0.778567
 1651.000000 1.952575 -0.825104
 1652.000000 1.914579 -0.802497
 1653.000000 1.913671 -0.833206
 1654.000000 2.007199 -0.842481
 1655.000000 1.961510 -0.835749
 1656.000000 1.968415 -0.869569
 1657.000000 1.975355 -0.725775
 1658.000000 1.879019 -0.824439
 1659.000000 1.979257 -0.802613
 1660.000000 1.912812 -0.743794
 1661.000000 1.999654 -0.796983
 1662.000000 1.963587 -0.796172
 1663.000000 1.977772 -0.793473
 1664.000000 2.054310 -0.758526
 1665.000000 2.033172 -0.735292
 1666.000000 2.060655 -0.754527
 1667.000000 2.122530 -0.728803
 1668.000000 1.983850 -0.802892
 1669.000000 2.041211 -0.792206
 1670.000000 2.023933 -0.744704
 1671.000000 1.968678 -0.733641
 1672.000000 2.046489 -0.691662
 1673.000000 2.136485 -0.808075
 1674.000000 1.984571 -0.672803
 1675.000000 2.057743 -0.739884
 1676.000000 2.066012 -0.778997
 1677.000000 2.008518 -0.830863
 1678.000000 2.050417 -0.760346
 1679.000000 1.998664 -0.705336
 1680.000000 1.974697 -0.762083
 1681.000000 2.037076 -0.845486
 1682.000000 2.001006 -0.691206
 1683.000000 1.867844 -0.741316
 1684.000000 2.012067 -0.817800
 1685.000000 1.911431 -0.788886
 1686.000000 1.976501 -0.816040
 1687.000000 2.015598 -0.836427
 1688.000000 1.948995 -0.792320
 1689.000000 1.950053 -0.908485
 1690.000000 1.922901 -0.757537
 1691.000000 1.907425 -0.764352
 1692.000000 1.958403 -0.856958
 1693.000000 1.915618 -0.855923
 1694.000000 1.849606 -0.726410
 1695.000000 1.981685 -0.732960
 1696.000000 1.927286 -0.835538
 1697.000000 1.886458 -0.802341
 1698.000000 1.949384 -0.772104
 1699.000000 1.983231 -0.744514
 1700.000000 1.978143 -0.745124
 1701.000000 2.062722 -0.751407
 1702.000000 2.014541 -0.812264
 1703.000000 1.914109 -0.807603
 1704.000000 2.110930 -0.802581
 1705.000000 1.951749 -0.830928
 1706.000000 2.010474 -0.798315
 1707.000000 1.948032 -0.791255
 1708.000000 2.002146 -0.838679
 1709.000000 2.039278 -0.822597
 1710.000000 2.034258 -0.880178
 1711.000000 2.073250 -0.826486
 1712.000000 1.996665 -0.910880
 1713.000000 2.018400 -0.853613
 1714.000000 2.020328 -0.810394
 1715.000000 1.936345 -0.857742
 1716.000000 1.931522 -0.742129
 1717.000000 1.924400 -0.797682
 1718.000000 2.012128 -0.800769
 1719.000000 1.913857 -0.807058
 1720.000000 1.964668 -0.821904
 1721.000000 2.116607 -0.800739
 1722.000000 2.117097 -0.759619
 1723.000000 2.018022 -0.716788
 1724.000000 2.046555 -0.830085
 1725.000000 2.043031 -0.658780
 1726.000000 1.929554 -0.773287
 1727.000000 1.954181 -0.797655
 1728.000000 2.131071 -0.756566
 1729.000000 2.017233 -0.787286
 1730.000000 2.055896 -0.767186
 1731.000000 1.938574 -0.838441
 1732.000000 1.807104 -0.832782
 1733.000000 2.031614 -0.865578
 1734.000000 1.949984 -0.825267
 1735.000000 1.966173 -0.785988
 1736.000000 1.965352 -0.770763
 1737.000000 1.953619 -0.740524
 1738.000000 2.073891 -0.690688
 1739.000000 2.002907 -0.815482
 1740.000000 1.949456 -0.758650
 1741.000000 2.072129 -0.773310
 1742.000000 1.938189 -0.821507
 1743.000000 2.030367 -0.781249
 1744.000000 2.037843 -0.881017
 1745.000000 2.020056 -0.855219
 1746.000000 2.012060 -0.871124
 1747.000000 2.071357 -0.830385
 1748.000000 2.064389 -0.839498
 1749.000000 1.952317 -0.789196
 1750.000000 2.055480 -0.812227
 1751.000000 1.935381 -0.833850
 1752.000000 2.018025 -0.831461
 1753.000000 2.007474 -0.874858
 1754.000000 2.030919 -0.804192
 1755.000000 2.058531 -0.880862
 1756.000000 2.084503 -0.835385
 1757.000000 2.068904 -0.834962
 1758.000000 1.913095 -0.790664
 1759.000000 1.951009 -0.826362
 1760.000000 2.050996 -0.809672
 1761.000000 1.964074 -0.795308
 1762.000000 1.910351 -0.875041
 1763.000000 2.021026 -0.790498
 1764.000000 1.908373 -0.802084
 1765.000000 1.958206 -0.753360
 1766.000000 1.978516 -0.845829
 1767.000000 1.980915 -0.764815
 1768.000000 2.109105 -0.786838
 1769.000000 2.122612 -0.716770
 1770.000000 2.114569 -0.853622
 1771.000000 2.064575 -0.794262
 1772.000000 1.969238 -0.783955
 1773.000000 2.002401 -0.776620
 1774.000000 1.966901 -0.789790
 1775.000000 2.068149 -0.781670
 1776.000000 1.967118 -0.760521
 1777.000000 1.965716 -0.782080
 1778.000000 1.982054 -0.792320
 1779.000000 2.106607 -0.808812
 1780.000000 2.039264 -0.822462
 1781.000000 1.967264 -0.873751
 1782.000000 2.026907 -0.752991
 1783.000000 2.089829 -0.738410
 1784.000000 1.995286 -0.736277
 1785.000000 2.084984 -0.823977
 1786.000000 1.887808 -0.754738
 1787.000000 1.977777 -0.838898
 1788.000000 1.972135 -0.722357
 1789.000000 2.005012 -0.795337
 1790.000000 2.061436 -0.749720
 1791.000000 1.998549 -0.721798
 1792.000000 1.938661 -0.709611
 1793.000000 1.994940 -0.714662
 1794.000000 2.046630 -0.832698
 1795.000000 2.019962 -0.722627
 1796.000000 1.908473 -0.780327
 1797.000000 1.972489 -0.817023
 1798.000000 2.126037 -0.723277
 1799.000000 2.133242 -0.762959
 1800.000000 2.007509 -0.736324
 1801.000000 1.950729 -0.846220
 1802.000000 1.989744 -0.847193
 1803.000000 2.018880 -0.852901
 1804.000000 1.946576 -0.773511
 1805.000000 1.969494 -0.828397
 1806.000000 2.071368 -0.721606
 1807.000000 2.118576 -0.846710
 1808.000000 1.988179 -0.752672
 1809.000000 1.946552 -0.844262
 1810.000000 2.077355 -0.776711
 1811.000000 2.097514 -0.813742
 1812.000000 1.961390 -0.788369
 1813.000000 2.045081 -0.786833
 1814.000000 2.007845 -0.750512
 1815.000000 1.981187 -0.754224
 1816.000000 2.028748 -0.746158
 1817.000000 2.072722 -0.768599
 1818.000000 2.047129 -0.720000
 1819.000000 2.083325 -0.728051
 1820.000000 1.938162 -0.751123
 1821.000000 1.979487 -0.757960
 1822.000000 1.861381 -0.788681
 1823.000000 1.982303 -0.862337
 1824.000000 1.891666 -0.752433
 1825.000000 1.939660 -0.727433
 1826.000000 1.940163 -0.776662
 1827.000000 1.975357 -0.729473
 1828.000000 1.999459 -0.762361
 1829.000000 1.994506 -0.725811
 1830.000000 1.950212 -0.800719
 1831.000000 1.976433 -0.820653
 1832.000000 1.916509 -0.817679
 1833.000000 1.992408 -0.704391
 1834.000000 1.979366 -0.882812
 1835.000000 1.869121 -0.777905
 1836.000000 2.062942 -0.763413
 1837.000000 2.078568 -0.746506
 1838.000000 1.923325 -0.757502
 1839.000000 2.045460 -0.739520
 1840.000000 2.048854 -0.772427
 1841.000000 2.005886 -0.742706
 1842.000000 2.065594 -0.681578
 1843.000000 1.932531 -0.686404
 1844.000000 1.991902 -0.749570
 1845.000000 1.945238 -0.719416
 1846.000000 1.996369 -0.774676
 1847.000000 2.099932 -0.655912
 1848.000000 1.978911 -0.729254
 1849.000000 1.943937 -0.786942
 1850.000000 2.124960 -0.645405
 1851.000000 2.057501 -0.796907
 1852.000000 2.018673 -0.797819
 1853.000000 2.068963 -0.774469
 1854.000000 1.981790 -0.798478
 1855.000000 2.030643 -0.858916
 1856.000000 1.991112 -0.800953
 1857.000000 1.951054 -0.823744
 1858.000000 2.072180 -0.872757
 1859.000000 2.052357 -0.810714
 1860.000000 1.984072 -0.775458
 1861.000000 2.016196 -0.911417
 1862.000000 2.043952 -0.797975
 1863.000000 2.061023 -0.739088
 1864.000000 2.112700 -0.673426
 1865.000000 1.938774 -0.748360
 1866.000000 2.075614 -0.793767
 1867.000000 2.149043 -0.759094
 1868.000000 2.074020 -0.786639
 1869.000000 1.987327 -0.740368
 1870.000000 2.034419 -0.783690
 1871.000000 1.894329 -0.840172
 1872.000000 2.095487 -0.869113
 1873.000000 2.009800 -0.849198
 1874.000000 1.982381 -0.869384
 1875.000000 2.094028 -0.827741
 1876.000000 2.065005 -0.775266
 1877.000000 2.023982 -0.800654
 1878.000000 1.916438 -0.856850
 1879.000000 1.975562 -0.814433
 1880.000000 2.028724 -0.791975
 1881.000000 2.078879 -0.801962
 1882.000000 2.061931 -0.723906
 1883.000000 2.065953 -0.747864
 1884.000000 2.067555 -0.767887
 1885.000000 2.058138 -0.772971
 1886.000000 1.976255 -0.813858
 1887.000000 2.021080 -0.813112
 1888.000000 2.038503 -0.776605
 1889.000000 2.024319 -0.748672
 1890.000000 1.917230 -0.698670
 1891.000000 2.022180 -0.782797
 1892.000000 2.040312 -0.752348
 1893.000000 2.006390 -0.824856
 1894.000000 2.017750 -0.762379
 1895.000000 2.061741 -0.798314
 1896.000000 2.075737 -0.744755
 1897.000000 2.025215 -0.749101
 1898.000000 2.115260 -0.776707
 1899.000000 2.002713 -0.811350
 1900.000000 2.067401 -0.732694
 1901.000000 1.976583 -0.704091
 1902.000000 2.123803 -0.744158
 1903.000000 1.968820 -0.837267
 1904.000000 2.006216 -0.769410
 1905.000000 2.060439 -0.771965
 1906.000000 2.067030 -0.760352
 1907.000000 2.135740 -0.761864
 1908.000000 2.059341 -0.795350
 1909.000000 2.072870 -0.795013
 1910.000000 2.185939 -0.709870
 1911.000000 1.912167 -0.719278
 1912.000000 1.998505 -0.806139
 1913.000000 2.108817 -0.797123
 1914.000000 2.057298 -0.831480
 1915.000000 2.033961 -0.780454
 1916.000000 1.963749 -0.803665
 1917.000000 2.131580 -0.796429
 1918.000000 2.149172 -0.750972
 1919.000000 2.090779 -0.712087
 1920.000000 2.034743 -0.768740
 1921.000000 2.041233 -0.744459
 1922.000000 2.070341 -0.754043
 1923.000000 2.044582 -0.777388
 1924.000000 1.982972 -0.743472
 1925.000000 2.145447 -0.740922
 1926.000000 2.070057 -0.718411
 1927.000000 1.931297 -0.785817
 1928.000000 2.040089 -0.764697
 1929.000000 1.995788 -0.770967
 1930.000000 2.073911 -0.810568
 1931.000000 2.094713 -0.759866
 1932.000000 1.920689 -0.718669
 1933.000000 2.199500 -0.717076
 1934.000000 2.090054 -0.725837
 1935.000000 2.033223 -0.840652
 1936.000000 1.945866 -0.731467
 1937.000000 1.879521 -0.709390
 1938.000000 2.021287 -0.802204
 1939.000000 2.044486 -0.765263
 1940.000000 2.004633 -0.762823
 1941.000000 2.108528 -0.796411
 1942.000000 2.056113 -0.852195
 1943.000000 2.038670 -0.718562
 1944.000000 2.038186 -0.814080
 1945.000000 2.037126 -0.673900
 1946.000000 2.031701 -0.725481
 1947.000000 2.099444 -0.749859
 1948.000000 2.025428 -0.776621
 1949.000000 2.098755 -0.813544
 1950.000000 1.983666 -0.851745
 1951.000000 2.018518 -0.722897
 1952.000000 2.062902 -0.708797
 1953.000000 2.052178 -0.745225
 1954.000000 2.085877 -0.715530
 1955.000000 2.049398 -0.718694
 1956.000000 2.094290 -0.735357
 1957.000000 2.030294 -0.818499
 1958.000000 2.102034 -0.747479
 1959.000000 2.050053 -0.769562
 1960.000000 2.102446 -0.665725
 1961.000000 2.083664 -0.785014
 1962.000000 2.052666 -0.706550
 1963.000000 2.026030 -0.696209
 1964.000000 2.061924 -0.749495
 1965.000000 2.010044 -0.728580
 1966.000000 2.036542 -0.765143
 1967.000000 2.012984 -0.811905
 1968.000000 2.042435 -0.758492
 1969.000000 2.089467 -0.812439
 1970.000000 1.920334 -0.821831
 1971.000000 2.032767 -0.814029
 1972.000000 1.970574 -0.782072
 1973.000000 2.081274 -0.845599
 1974.000000 2.004428 -0.808959
 1975.000000 1.957598 -0.796274
 1976.000000 2.037000 -0.826878
 1977.000000 2.131700 -0.760093
 1978.000000 1.988541 -0.769777
 1979.000000 2.136202 -0.838065
 1980.000000 2.022537 -0.755037
 1981.000000 2.080271 -0.744630
 1982.000000 2.067685 -0.725172
 1983.000000 2.119702 -0.832034
 1984.000000 2.191661 -0.742799
 1985.000000 1.971835 -0.778132
 1986.000000 2.076804 -0.909980
 1987.000000 2.011480 -0.802874
 1988.000000 2.117503 -0.854849
 1989.000000 2.119391 -0.808968
 1990.000000 2.017650 -0.696103
 1991.000000 1.982207 -0.833652
 1992.000000 2.018351 -0.913025
 1993.000000 1.990824 -0.832644
 1994.000000 2.047903 -0.852895
 1995.000000 2.007247 -0.855334
 1996.000000 1.959975 -0.825779
 1997.000000 2.006489 -0.837877
 1998.000000 1.983437 -0.836274
 1999.000000 1.967834 -0.843206
 2000.000000 2.050651 -0.830495
 2001.000000 2.040355 -0.905844
 2002.000000 2.097702 -0.955385
 2003.000000 2.010049 -0.864732
 2004.000000 2.049394 -0.874814
 2005.000000 2.017307 -0.878438
 2006.000000 2.025203 -0.844648
 2007.000000 2.170693 -0.779769
 2008.000000 2.031354 -0.797880
 2009.000000 2.085696 -0.727582
 2010.000000 2.041808 -0.736959
 2011.000000 1.980016 -0.743197
 2012.000000 2.057248 -0.887897
 2013.000000 1.950089 -0.818718
 2014.000000 2.083402 -0.750617
 2015.000000 2.015259 -0.853051
 2016.000000 2.065176 -0.751193
 2017.000000 2.171743 -0.724719
 2018.000000 2.014664 -0.812196
 2019.000000 2.056028 -0.712863
 2020.000000 2.020540 -0.880510
 2021.000000 2.055604 -0.826619
 2022.000000 1.972963 -0.840539
 2023.000000 2.024672 -0.877017
 2024.000000 2.050929 -0.806581
 2025.000000 2.013880 -0.825354
 2026.000000 1.997410 -0.814739
 2027.000000 2.149867 -0.796440
 2028.000000 2.007227 -0.851576
 2029.000000 2.031103 -0.764283
 2030.000000 2.149651 -0.778054
 2031.000000 2.111834 -0.723645
 2032.000000 2.048692 -0.741235
 2033.000000 2.062997 -0.804393
 2034.000000 2.092831 -0.788459
 2035.000000 2.066470 -0.832567
 2036.000000 2.018992 -0.833430
 2037.000000 1.997363 -0.742704
 2038.000000 2.031823 -0.829293
 2039.000000 2.197409 -0.816491
 2040.000000 2.126890 -0.853321
 2041.000000 1.956902 -0.898106
 2042.000000 2.106807 -0.811082
 2043.000000 2.094896 -0.752079
 2044.000000 1.990532 -0.787498
 2045.000000 2.085828 -0.812208
 2046.000000 1.981987 -0.735797
 2047.000000 2.046431 -0.790472
 2048.000000 2.002966 -0.807735
 2049.000000 2.155755 -0.748401
 2050.000000 2.182949 -0.834355
 2051.000000 1.981204 -0.798293
 2052.000000 2.033875 -0.783484
 2053.000000 1.979973 -0.819513
 2054.000000 2.024626 -0.820732
 2055.000000 2.026602 -0.795722
 2056.000000 2.004876 -0.810269
 2057.000000 1.969695 -0.758404
 2058.000000 2.033261 -0.790967
 2059.000000 2.047929 -0.894948
 2060.000000 1.997935 -0.819132
 2061.000000 2.032601 -0.759457
 2062.000000 2.054771 -0.778827
 2063.000000 2.046776 -0.757678
 2064.000000 1.975873 -0.769214
 2065.000000 1.998555 -0.818083
 2066.000000 2.024768 -0.856974
 2067.000000 2.106746 -0.768839
 2068.000000 1.949513 -0.801928
 2069.000000 2.122520 -0.803196
 2070.000000 1.872651 -0.848824
 2071.000000 2.078966 -0.827573
 2072.000000 2.022039 -0.806835
 2073.000000 2.012803 -0.893695
 2074.000000 2.064173 -0.817733
 2075.000000 1.948370 -0.673601
 2076.000000 1.993781 -0.723621
 2077.000000 1.962648 -0.738332
 2078.000000 2.002997 -0.738458
 2079.000000 2.060985 -0.766450
 2080.000000 2.080327 -0.761903
 2081.000000 2.032858 -0.792278
 2082.000000 2.077054 -0.733448
 2083.000000 2.063090 -0.755865
 2084.000000 2.056203 -0.806934
 2085.000000 2.108201 -0.793682
 2086.000000 2.131301 -0.735141
 2087.000000 2.013143 -0.696299
 2088.000000 2.090133 -0.726407
 2089.000000 2.050525 -0.812668
 2090.000000 2.100718 -0.742477
 2091.000000 2.019530 -0.780136
 2092.000000 2.056168 -0.780269
 2093.000000 2.025861 -0.630186
 2094.000000 2.092819 -0.806550
 2095.000000 2.080667 -0.729280
 2096.000000 2.059829 -0.822693
 2097.000000 1.969544 -0.737888
 2098.000000 2.079867 -0.808890
 2099.000000 2.083365 -0.792243
 2100.000000 2.146159 -0.795326
 2101.000000 2.056829 -0.786448
 2102.000000 2.038957 -0.906054
 2103.000000 1.999791 -0.805112
 2104.000000 2.156259 -0.903366
 2105.000000 2.161955 -0.886263
 2106.000000 2.072227 -0.801685
 2107.000000 2.051443 -0.734768
 2108.000000 2.116087 -0.777024
 2109.000000 2.014977 -0.897050
 2110.000000 2.143019 -0.823924
 2111.000000 1.987667 -0.744857
 2112.000000 1.986807 -0.798755
 2113.000000 2.048203 -0.806310
 2114.000000 2.041318 -0.852819
 2115.000000 2.072603 -0.752313
 2116.000000 2.155073 -0.711788
 2117.000000 2.069059 -0.821022
 2118.000000 2.086067 -0.807449
 2119.000000 2.072873 -0.838299
 2120.000000 2.071131 -0.766407
 2121.000000 2.017189 -0.803873
 2122.000000 1.997419 -0.717291
 2123.000000 1.968019 -0.649889
 2124.000000 2.032161 -0.746422
 2125.000000 1.963888 -0.838084
 2126.000000 2.000146 -0.814485
 2127.000000 2.050007 -0.742372
 2128.000000 2.038536 -0.846743
 2129.000000 1.965138 -0.765254
 2130.000000 2.008374 -0.793448
 2131.000000 2.006443 -0.807868
 2132.000000 2.104008 -0.778746
 2133.000000 1.985283 -0.809838
 2134.000000 2.074447 -0.829032
 2135.000000 2.187927 -0.835253
 2136.000000 2.146801 -0.825286
 2137.000000 2.009982 -0.783351
 2138.000000 2.107812 -0.843690
 2139.000000 2.058235 -0.841405
 2140.000000 2.100870 -0.834370
 2141.000000 2.039939 -0.778958
 2142.000000 2.118878 -0.820304
 2143.000000 2.034691 -0.805139
 2144.000000 2.098729 -0.707161
 2145.000000 2.090777 -0.750107
 2146.000000 2.063089 -0.816289
 2147.000000 2.004164 -0.744059
 2148.000000 2.151125 -0.723029
 2149.000000 2.005408 -0.746274
 2150.000000 1.938376 -0.767006
 2151.000000 2.096597 -0.768039
 2152.000000 2.017988 -0.760519
 2153.000000 2.048882 -0.798129
 2154.000000 1.948077 -0.847790
 2155.000000 2.076452 -0.821285
 2156.000000 2.046282 -0.633483
 2157.000000 2.193345 -0.786450
 2158.000000 1.999445 -0.854172
 2159.000000 2.005026 -0.806474
 2160.000000 1.965968 -0.842482
 2161.000000 2.013648 -0.795481
 2162.000000 2.033327 -0.834005
 2163.000000 2.089512 -0.840869
 2164.000000 2.083330 -0.779843
 2165.000000 2.010753 -0.842839
 2166.000000 2.035205 -0.806367
 2167.000000 2.085073 -0.796403
 2168.000000 2.027422 -0.803451
 2169.000000 2.046221 -0.744943
 2170.000000 2.011199 -0.731392
 2171.000000 1.989813 -0.737311
 2172.000000 2.057199 -0.699109
 2173.000000 2.069926 -0.782220
 2174.000000 2.095773 -0.800380
 2175.000000 2.032994 -0.827344
 2176.000000 2.010502 -0.782805
 2177.000000 1.882074 -0.701180
 2178.000000 1.986203 -0.828547
 2179.000000 1.939343 -0.795930
 2180.000000 1.961682 -0.809886
 2181.000000 1.996485 -0.811234
 2182.000000 2.052499 -0.778707
 2183.000000 1.992134 -0.792184
 2184.000000 1.971914 -0.750412
 2185.000000 1.956619 -0.767865
 2186.000000 2.037283 -0.708757
 2187.000000 2.056372 -0.770534
 2188.000000 1.929276 -0.758946
 2189.000000 2.008612 -0.750322
 2190.000000 2.064834 -0.736308
 2191.000000 2.052448 -0.806706
 2192.000000 1.984814 -0.836773
 2193.000000 2.023073 -0.830358
 2194.000000 2.186522 -0.838175
 2195.000000 2.038343 -0.718226
 2196.000000 2.044662 -0.692450
 2197.000000 2.050292 -0.713790
 2198.000000 2.050379 -0.774261
 2199.000000 1.912090 -0.734887
 2200.000000 1.968826 -0.808216
 2201.000000 2.011435 -0.801622
 2202.000000 2.014574 -0.790652
 2203.000000 1.991427 -0.761993
 2204.000000 1.883081 -0.844528
 2205.000000 2.081932 -0.764534
 2206.000000 2.018722 -0.782773
 2207.000000 2.034686 -0.775321
 2208.000000 2.010900 -0.782622
 2209.000000 2.007627 -0.800496
 2210.000000 2.015587 -0.815106
 2211.000000 1.988208 -0.762066
 2212.000000 1.936740 -0.827867
 2213.000000 2.010595 -0.774613
 2214.000000 1.965870 -0.809439
 2215.000000 2.048861 -0.774416
 2216.000000 1.973045 -0.780433
 2217.000000 1.998729 -0.763727
 2218.000000 2.024998 -0.762397
 2219.000000 1.988159 -0.760565
 2220.000000 2.041471 -0.798114
 2221.000000 1.997748 -0.774565
 2222.000000 2.037956 -0.796164
 2223.000000 2.023299 -0.735881
 2224.000000 2.017373 -0.811477
 2225.000000 2.066941 -0.777955
 2226.000000 2.060888 -0.798009
 2227.000000 2.013696 -0.793419
 2228.000000 2.081027 -0.811059
 2229.000000 1.976651 -0.711672
 2230.000000 2.054350 -0.724131
 2231.000000 1.992590 -0.718160
 2232.000000 1.994646 -0.827255
 2233.000000 1.977829 -0.826341
 2234.000000 1.946890 -0.870959
 2235.000000 2.042329 -0.831414
 2236.000000 1.959911 -0.856950
 2237.000000 1.873199 -0.867766
 2238.000000 1.977636 -0.870727
 2239.000000 2.051169 -0.871696
 2240.000000 1.976778 -0.824857
 2241.000000 2.031335 -0.788498
 2242.000000 1.983071 -0.833271
 2243.000000 1.987294 -0.821311
 2244.000000 2.015926 -0.782085
 2245.000000 1.901394 -0.851667
 2246.000000 2.038683 -0.867712
 2247.000000 1.986358 -0.779493
 2248.000000 2.004955 -0.746792
 2249.000000 2.055866 -0.816768
 2250.000000 2.067458 -0.823771
 2251.000000 1.945776 -0.908355
 2252.000000 2.004144 -0.856100
 2253.000000 1.988808 -0.846695
 2254.000000 2.010887 -0.812791
 2255.000000 2.000457 -0.738931
 2256.000000 2.052038 -0.785302
 2257.000000 2.089957 -0.777745
 2258.000000 2.028919 -0.755331
 2259.000000 2.129864 -0.799593
 2260.000000 2.082936 -0.774914
 2261.000000 2.028275 -0.815064
 2262.000000 2.091645 -0.787203
 2263.000000 2.032612 -0.766737
 2264.000000 2.021327 -0.818154
 2265.000000 2.074154 -0.830583
 2266.000000 1.978889 -0.795159
 2267.000000 1.905693 -0.897918
 2268.000000 2.008834 -0.803798
 2269.000000 2.018856 -0.864159
 2270.000000 1.942240 -0.828873
 2271.000000 2.129588 -0.828918
 2272.000000 2.047083 -0.817990
 2273.000000 2.041812 -0.779381
 2274.000000 2.074997 -0.819314
 2275.000000 2.017516 -0.810983
 2276.000000 2.104788 -0.780758
 2277.000000 1.996844 -0.841805
 2278.000000 1.999874 -0.840293
 2279.000000 1.973032 -0.814495
 2280.000000 1.994118 -0.815685
 2281.000000 2.073097 -0.819415
 2282.000000 1.998025 -0.877032
 2283.000000 2.101119 -0.845693
 2284.000000 2.106819 -0.840740
 2285.000000 2.092369 -0.886461
 2286.000000 2.080416 -0.822837
 2287.000000 2.069513 -0.887753
 2288.000000 2.061882 -0.879650
 2289.000000 2.061902 -0.884453
 2290.000000 2.005801 -0.892132
 2291.000000 2.099408 -0.927971
 2292.000000 1.944312 -0.872633
 2293.000000 2.022987 -0.843487
 2294.000000 2.106237 -0.832445
 2295.000000 2.098945 -0.843394
 2296.000000 1.973483 -0.863590
 2297.000000 1.994794 -0.851658
 2298.000000 2.058896 -0.810838
 2299.000000 1.955935 -0.848519
 2300.000000 2.064308 -0.865831
 2301.000000 2.028175 -0.791708
 2302.000000 1.858801 -0.806108
 2303.000000 2.027240 -0.832917
 2304.000000 2.034927 -0.800255
 2305.000000 2.048420 -0.838852
 2306.000000 2.110378 -0.870300
 2307.000000 1.953976 -0.794748
 2308.000000 2.090586 -0.871467
 2309.000000 2.141241 -0.847110
 2310.000000 1.985189 -0.806594
 2311.000000 2.024864 -0.847644
 2312.000000 2.019401 -0.864293
 2313.000000 2.065565 -0.785707
 2314.000000 2.025620 -0.762627
 2315.000000 2.080815 -0.861038
 2316.000000 2.090767 -0.838256
 2317.000000 2.045815 -0.762889
 2318.000000 2.033180 -0.794914
 2319.000000 2.070027 -0.851034
 2320.000000 2.034831 -0.828135
 2321.000000 2.091340 -0.812831
 2322.000000 2.094134 -0.765628
 2323.000000 2.141216 -0.785193
 2324.000000 1.991979 -0.772205
 2325.000000 2.062826 -0.734163
 2326.000000 2.189381 -0.789836
 2327.000000 2.018963 -0.877308
 2328.000000 1.996772 -0.834341
 2329.000000 2.087589 -0.819297
 2330.000000 2.135116 -0.846837
 2331.000000 2.087134 -0.873625
 2332.000000 2.024895 -0.816293
 2333.000000 2.112534 -0.821919
 2334.000000 2.126950 -0.827090
 2335.000000 1.990318 -0.876866
 2336.000000 1.972310 -0.826649
 2337.000000 2.064788 -0.829410
 2338.000000 2.193283 -0.845142
 2339.000000 2.116954 -0.902557
 2340.000000 2.052361 -0.781105
 2341.000000 2.099300 -0.734240
 2342.000000 2.087858 -0.726558
 2343.000000 2.045999 -0.765143
 2344.000000 2.173269 -0.876385
 2345.000000 2.046751 -0.907671
 2346.000000 2.066012 -0.853933
 2347.000000 2.092738 -0.804519
 2348.000000 2.119758 -0.846732
 2349.000000 2.052647 -0.856496
 2350.000000 2.008298 -0.774365
 2351.000000 2.131858 -0.738609
 2352.000000 2.176573 -0.814931
 2353.000000 2.116984 -0.820659
 2354.000000 2.101423 -0.756011
 2355.000000 1.961112 -0.831228
 2356.000000 2.142079 -0.764237
 2357.000000 2.098508 -0.814385
 2358.000000 2.019050 -0.820862
 2359.000000 2.031748 -0.823508
 2360.000000 2.113810 -0.816591
 2361.000000 2.084973 -0.920139
 2362.000000 2.061806 -0.852178
 2363.000000 2.024967 -0.782965
 2364.000000 2.071557 -0.807036
 2365.000000 2.055333 -0.796769
 2366.000000 2.084585 -0.764179
 2367.000000 2.044124 -0.768695
 2368.000000 2.145904 -0.793531
 2369.000000 2.067214 -0.814602
 2370.000000 2.016688 -0.732416
 2371.000000 1.949654 -0.818919
 2372.000000 2.090274 -0.765831
 2373.000000 2.139348 -0.822474
 2374.000000 1.919830 -0.773446
 2375.000000 2.045949 -0.696585
 2376.000000 1.994037 -0.804046
 2377.000000 2.081585 -0.795159
 2378.000000 2.051068 -0.874814
 2379.000000 2.027910 -0.884511
 2380.000000 2.086730 -0.886287
 2381.000000 2.063248 -0.859384
 2382.000000 2.071571 -0.819578
 2383.000000 2.068475 -0.838859
 2384.000000 1.997970 -0.786381
 2385.000000 2.019016 -0.864836
 2386.000000 2.022690 -0.794536
 2387.000000 2.066358 -0.815586
 2388.000000 2.126576 -0.747703
 2389.000000 2.076023 -0.844310
 2390.000000 2.068539 -0.841008
 2391.000000 2.043617 -0.779542
 2392.000000 2.018724 -0.807773
 2393.000000 2.022511 -0.816640
 2394.000000 2.121641 -0.786707
 2395.000000 2.257031 -0.849296
 2396.000000 2.128675 -0.835428
 2397.000000 2.013336 -0.836424
 2398.000000 2.161952 -0.843867
 2399.000000 2.162502 -0.756089
 2400.000000 2.166714 -0.783876
 2401.000000 2.032779 -0.753539
 2402.000000 2.126617 -0.870432
 2403.000000 2.105752 -0.829617
 2404.000000 2.182723 -0.811378
 2405.000000 2.032341 -0.787354
 2406.000000 2.052866 -0.741450
 2407.000000 2.088054 -0.649210
 2408.000000 2.110339 -0.811216
 2409.000000 2.056889 -0.823330
 2410.000000 2.118274 -0.861228
 2411.000000 2.181204 -0.843714
 2412.000000 1.983467 -0.801951
 2413.000000 2.187183 -0.836107
 2414.000000 2.033416 -0.753732
 2415.000000 2.107478 -0.742382
 2416.000000 2.101846 -0.804197
 2417.000000 2.130748 -0.780711
 2418.000000 2.034683 -0.667085
 2419.000000 2.121358 -0.776761
 2420.000000 2.137194 -0.815547
 2421.000000 2.123427 -0.719456
 2422.000000 2.031887 -0.731687
 2423.000000 2.097364 -0.810965
 2424.000000 2.104697 -0.774883
 2425.000000 1.986836 -0.703304
 2426.000000 2.089742 -0.744261
 2427.000000 2.068676 -0.759642
 2428.000000 2.089962 -0.805423
 2429.000000 2.008145 -0.798418
 2430.000000 2.100575 -0.770207
 2431.000000 2.080184 -0.803938
 2432.000000 2.063500 -0.862077
 2433.000000 2.097321 -0.759088
 2434.000000 2.080670 -0.799571
 2435.000000 2.089135 -0.765936
 2436.000000 2.116893 -0.813409
 2437.000000 2.139187 -0.796106
 2438.000000 2.053430 -0.755001
 2439.000000 2.097938 -0.789535
 2440.000000 2.068226 -0.758854
 2441.000000 2.097929 -0.745598
 2442.000000 2.105203 -0.728513
 2443.000000 1.998810 -0.798660
 2444.000000 2.131001 -0.737405
 2445.000000 2.136759 -0.769595
 2446.000000 2.011697 -0.752958
 2447.000000 2.176530 -0.798862
 2448.000000 2.003320 -0.767342
 2449.000000 2.162541 -0.802536
 2450.000000 2.046892 -0.827780
 2451.000000 2.074769 -0.761623
 2452.000000 1.974620 -0.798899
 2453.000000 2.047053 -0.812339
 2454.000000 1.950407 -0.844286
 2455.000000 2.097701 -0.840249
 2456.000000 2.114631 -0.845572
 2457.000000 2.104159 -0.818330
 2458.000000 1.965487 -0.832835
 2459.000000 2.130937 -0.796650
 2460.000000 1.970062 -0.838279
 2461.000000 2.116447 -0.852750
 2462.000000 2.053560 -0.872315
 2463.000000 1.949153 -0.809868
 2464.000000 2.024760 -0.804928
 2465.000000 2.057987 -0.836386
 2466.000000 2.028184 -0.827579
 2467.000000 2.048240 -0.835758
 2468.000000 2.093354 -0.855439
 2469.000000 2.081192 -0.833286
 2470.000000 1.993713 -0.840254
 2471.000000 2.061374 -0.814979
 2472.000000 2.009477 -0.860166
 2473.000000 2.076817 -0.766819
 2474.000000 2.036505 -0.858980
 2475.000000 2.086052 -0.788817
 2476.000000 2.138796 -0.798343
 2477.000000 2.021656 -0.826334
 2478.000000 2.119125 -0.804920
 2479.000000 2.055939 -0.877714
 2480.000000 2.049914 -0.886744
 2481.000000 2.033491 -0.808935
 2482.000000 2.170212 -0.806452
 2483.000000 2.209081 -0.822855
 2484.000000 2.060712 -0.843422
 2485.000000 1.986821 -0.912338
 2486.000000 2.155372 -0.885096
 2487.000000 2.105945 -0.810408
 2488.000000 2.102093 -0.840369
 2489.000000 2.081141 -0.870268
 2490.000000 2.060710 -0.827703
 2491.000000 2.157673 -0.799774
 2492.000000 2.010244 -0.824214
 2493.000000 2.138727 -0.836052
 2494.000000 2.099980 -0.840730
 2495.000000 2.042565 -0.860836
 2496.000000 2.136338 -0.858071
 2497.000000 2.055941 -0.834545
 2498.000000 2.041481 -0.815855
 2499.000000 2.104263 -0.927339
 2500.000000 2.035377 -0.815955
