#! FIELDS time pd_137_140 diff
 0.000000 1.968223 1.103937
 1.000000 2.166497 1.255032
 2.000000 2.197914 1.246982
 3.000000 2.184652 1.209200
 4.000000 2.118698 1.225780
 5.000000 2.171496 1.199928
 6.000000 2.169878 1.256252
 7.000000 2.197777 1.238115
 8.000000 2.115152 1.259575
 9.000000 2.153570 1.215346
 10.000000 2.193373 1.256661
 11.000000 2.172866 1.273119
 12.000000 2.127848 1.320828
 13.000000 2.216148 1.340516
 14.000000 2.198392 1.291017
 15.000000 2.272824 1.283866
 16.000000 2.196088 1.333238
 17.000000 2.218676 1.323231
 18.000000 2.297450 1.354692
 19.000000 2.144473 1.330149
 20.000000 2.225876 1.405064
 21.000000 2.182398 1.355396
 22.000000 2.239664 1.360969
 23.000000 2.145950 1.301865
 24.000000 2.133405 1.251887
 25.000000 2.168749 1.378421
 26.000000 2.253607 1.330558
 27.000000 2.197345 1.263847
 28.000000 2.278982 1.277668
 29.000000 2.262878 1.321762
 30.000000 2.092364 1.344220
 31.000000 2.164650 1.337948
 32.000000 2.079882 1.361551
 33.000000 2.125144 1.354768
 34.000000 2.198360 1.350083
 35.000000 2.171780 1.262460
 36.000000 2.143560 1.299526
 37.000000 2.202460 1.371068
 38.000000 2.201384 1.383270
 39.000000 2.116620 1.285885
 40.000000 2.059491 1.328689
 41.000000 2.081445 1.352166
 42.000000 2.211091 1.244073
 43.000000 2.181149 1.389427
 44.000000 2.133644 1.327066
 45.000000 2.280338 1.347837
 46.000000 2.156603 1.359380
 47.000000 2.119837 1.260680
 48.000000 2.253888 1.301218
 49.000000 2.114825 1.322278
 50.000000 2.081967 1.323039
 51.000000 2.249443 1.313052
 52.000000 2.175005 1.224538
 53.000000 2.175924 1.273670
 54.000000 2.060468 1.351348
 55.000000 2.050557 1.285472
 56.000000 2.230371 1.293992
 57.000000 2.253364 1.292802
 58.000000 2.137371 1.321940
 59.000000 2.185853 1.289469
 60.000000 2.290590 1.252806
 61.000000 2.134106 1.283335
 62.000000 2.255865 1.296907
 63.000000 2.111786 1.281512
 64.000000 2.141860 1.341014
 65.000000 2.161778 1.286195
 66.000000 2.249795 1.273634
 67.000000 2.223925 1.256523
 68.000000 2.110038 1.229113
 69.000000 2.146368 1.353350
 70.000000 2.195835 1.199824
 71.000000 2.283472 1.350911
 72.000000 2.146682 1.299571
 73.000000 2.222383 1.377695
 74.000000 2.141812 1.333527
 75.000000 2.226399 1.307385
 76.000000 2.097354 1.342737
 77.000000 2.195483 1.308972
 78.000000 2.213968 1.313677
 79.000000 2.172939 1.208881
 80.000000 2.212756 1.325970
 81.000000 2.030647 1.283803
 82.000000 2.170700 1.162886
 83.000000 2.162306 1.129449
 84.000000 2.197396 1.193432
 85.000000 2.198339 1.224292
 86.000000 2.271221 1.188115
 87.000000 2.127636 1.235325
 88.000000 2.194566 1.116666
 89.000000 2.192100 1.233936
 90.000000 2.208040 1.262036
 91.000000 2.128037 1.236188
 92.000000 2.236102 1.244154
 93.000000 2.214874 1.277055
 94.000000 2.016461 1.253297
 95.000000 2.161710 1.248883
 96.000000 2.159939 1.337720
 97.000000 2.131015 1.315778
 98.000000 2.190299 1.299609
 99.000000 2.180284 1.198003
 100.000000 2.138868 1.301712
 101.000000 2.182539 1.251234
 102.000000 2.115697 1.237548
 103.000000 2.133748 1.285803
 104.000000 2.223350 1.303731
 105.000000 2.330759 1.301076
 106.000000 2.230396 1.292273
 107.000000 2.191513 1.235165
 108.000000 2.143929 1.356211
 109.000000 2.186208 1.340664
 110.000000 2.139909 1.356388
 111.000000 2.241878 1.298605
 112.000000 2.194667 1.306820
 113.000000 2.168740 1.261773
 114.000000 2.214114 1.211542
 115.000000 2.191713 1.277112
 116.000000 2.284812 1.260947
 117.000000 2.274782 1.265730
 118.000000 2.102255 1.333528
 119.000000 2.202544 1.410077
 120.000000 2.152983 1.252577
 121.000000 2.231465 1.237269
 122.000000 2.138782 1.270632
 123.000000 2.234333 1.290988
 124.000000 2.215165 1.245509
 125.000000 2.198234 1.298015
 126.000000 2.144734 1.267150
 127.000000 2.202238 1.266783
 128.000000 2.206454 1.238944
 129.000000 2.119264 1.331861
 130.000000 2.158038 1.348079
 131.000000 2.241096 1.233990
 132.000000 2.256742 1.221312
 133.000000 2.195227 1.238489
 134.000000 2.146240 1.265940
 135.000000 2.208261 1.309754
 136.000000 2.143483 1.309687
 137.000000 2.139766 1.307839
 138.000000 2.297168 1.248747
 139.000000 2.216937 1.326549
 140.000000 2.200012 1.294548
 141.000000 2.240110 1.321540
 142.000000 2.197732 1.264134
 143.000000 2.172403 1.365812
 144.000000 2.164906 1.278697
 145.000000 2.179678 1.272114
 146.000000 2.297238 1.298320
 147.000000 2.157266 1.236390
 148.000000 2.224668 1.281350
 149.000000 2.195286 1.265051
 150.000000 2.209879 1.257004
 151.000000 2.113438 1.174877
 152.000000 2.091858 1.237389
 153.000000 2.146251 1.154860
 154.000000 2.224346 1.261344
 155.000000 2.102876 1.316797
 156.000000 2.026630 1.307062
 157.000000 2.061747 1.275753
 158.000000 2.071694 1.318214
 159.000000 2.166338 1.294086
 160.000000 2.107707 1.269773
 161.000000 2.145757 1.276471
 162.000000 2.196001 1.269188
 163.000000 2.178168 1.260806
 164.000000 2.161499 1.292472
 165.000000 2.235475 1.298724
 166.000000 2.085710 1.226295
 167.000000 2.200579 1.254480
 168.000000 2.031945 1.187338
 169.000000 2.212810 1.365776
 170.000000 2.329017 1.272567
 171.000000 2.027306 1.260303
 172.000000 2.103245 1.248524
 173.000000 2.230516 1.243130
 174.000000 2.199863 1.245422
 175.000000 2.036233 1.290467
 176.000000 2.121665 1.292543
 177.000000 2.235919 1.226058
 178.000000 2.186939 1.311585
 179.000000 2.120027 1.272941
 180.000000 2.309951 1.259262
 181.000000 2.331195 1.227611
 182.000000 2.148087 1.283322
 183.000000 2.153991 1.278338
 184.000000 2.224596 1.265389
 185.000000 2.291167 1.330789
 186.000000 2.219522 1.243315
 187.000000 2.205746 1.280264
 188.000000 2.191091 1.279056
 189.000000 2.260562 1.268427
 190.000000 2.283809 1.234434
 191.000000 2.190695 1.239667
 192.000000 2.308985 1.227315
 193.000000 2.210107 1.253147
 194.000000 2.073477 1.266788
 195.000000 2.104628 1.239250
 196.000000 2.184731 1.246118
 197.000000 2.169883 1.249475
 198.000000 2.357358 1.267207
 199.000000 2.148229 1.283085
 200.000000 2.208416 1.264894
 201.000000 2.209645 1.340348
 202.000000 2.197782 1.317456
 203.000000 2.148569 1.285947
 204.000000 2.344797 1.304092
 205.000000 2.237481 1.312474
 206.000000 2.211428 1.317417
 207.000000 2.164399 1.294628
 208.000000 2.340695 1.302701
 209.000000 2.289310 1.322981
 210.000000 2.253205 1.277403
 211.000000 2.202880 1.385703
 212.000000 2.337858 1.317652
 213.000000 2.212698 1.320089
 214.000000 2.174488 1.329969
 215.000000 2.251207 1.353778
 216.000000 2.220785 1.339124
 217.000000 2.090760 1.277324
 218.000000 2.229096 1.214713
 219.000000 2.310913 1.259850
 220.000000 2.271514 1.231587
 221.000000 2.253196 1.179026
 222.000000 2.252558 1.222534
 223.000000 2.201218 1.154237
 224.000000 2.213214 1.248550
 225.000000 2.288286 1.188552
 226.000000 2.262074 1.270605
 227.000000 2.213453 1.219309
 228.000000 2.225321 1.215333
 229.000000 2.334383 1.184407
 230.000000 2.183300 1.279276
 231.000000 2.109396 1.245393
 232.000000 2.107888 1.232093
 233.000000 2.158506 1.206468
 234.000000 2.263352 1.144895
 235.000000 2.275696 1.307458
 236.000000 2.307459 1.299230
 237.000000 2.156816 1.282000
 238.000000 2.285687 1.281416
 239.000000 2.227183 1.225016
 240.000000 2.252157 1.212776
 241.000000 2.211470 1.279764
 242.000000 2.170639 1.299746
 243.000000 2.158795 1.255294
 244.000000 2.266514 1.266738
 245.000000 2.307682 1.302759
 246.000000 2.224142 1.233599
 247.000000 2.250226 1.297328
 248.000000 2.250752 1.243322
 249.000000 2.321069 1.280836
 250.000000 2.250129 1.236444
 251.000000 2.280629 1.274160
 252.000000 2.227434 1.321622
 253.000000 2.145621 1.225260
 254.000000 2.254195 1.302095
 255.000000 2.246208 1.246282
 256.000000 2.258064 1.240874
 257.000000 2.309198 1.313256
 258.000000 2.297371 1.228288
 259.000000 2.289647 1.240407
 260.000000 2.252478 1.232418
 261.000000 2.197727 1.345134
 262.000000 2.230318 1.292133
 263.000000 2.216593 1.294702
 264.000000 2.260779 1.313045
 265.000000 2.313903 1.265182
 266.000000 2.199008 1.355943
 267.000000 2.256686 1.304250
 268.000000 2.313501 1.312105
 269.000000 2.280303 1.369058
 270.000000 2.054126 1.294714
 271.000000 2.196570 1.346588
 272.000000 2.253217 1.295463
 273.000000 2.235586 1.296615
 274.000000 2.163244 1.256336
 275.000000 2.202158 1.286940
 276.000000 2.278796 1.290607
 277.000000 2.297956 1.259742
 278.000000 2.136515 1.236746
 279.000000 2.163053 1.257655
 280.000000 2.215173 1.186874
 281.000000 2.195092 1.257167
 282.000000 2.208178 1.165062
 283.000000 2.253533 1.228127
 284.000000 2.286220 1.325615
 285.000000 2.218699 1.387364
 286.000000 2.193002 1.296145
 287.000000 2.230608 1.300408
 288.000000 2.210998 1.323494
 289.000000 2.272109 1.291821
 290.000000 2.309621 1.313481
 291.000000 2.247057 1.248525
 292.000000 2.245711 1.242440
 293.000000 2.100265 1.297100
 294.000000 2.268201 1.221048
 295.000000 2.200424 1.274716
 296.000000 2.171257 1.344768
 297.000000 2.163061 1.292015
 298.000000 2.128137 1.269212
 299.000000 2.305304 1.242964
 300.000000 2.137966 1.217210
 301.000000 2.220456 1.249788
 302.000000 2.153517 1.194021
 303.000000 2.211760 1.276097
 304.000000 2.253959 1.304425
 305.000000 2.227266 1.219948
 306.000000 2.229449 1.219990
 307.000000 2.202572 1.382998
 308.000000 2.177619 1.204066
 309.000000 2.115985 1.289669
 310.000000 2.096014 1.268249
 311.000000 2.255726 1.228628
 312.000000 2.257739 1.320459
 313.000000 2.164443 1.297343
 314.000000 2.120270 1.279682
 315.000000 2.233079 1.306155
 316.000000 2.216939 1.306897
 317.000000 2.130179 1.308148
 318.000000 2.176037 1.348909
 319.000000 2.181278 1.345820
 320.000000 2.270115 1.367758
 321.000000 2.252426 1.282461
 322.000000 2.200893 1.344239
 323.000000 2.240143 1.321982
 324.000000 2.244401 1.321884
 325.000000 2.238834 1.285604
 326.000000 2.312030 1.240137
 327.000000 2.257310 1.283663
 328.000000 2.267382 1.255799
 329.000000 2.251967 1.249430
 330.000000 2.273547 1.291509
 331.000000 2.343871 1.277722
 332.000000 2.103693 1.323181
 333.000000 2.217820 1.353827
 334.000000 2.328291 1.232741
 335.000000 2.145399 1.400920
 336.000000 2.153208 1.383439
 337.000000 2.164519 1.382113
 338.000000 2.390320 1.408324
 339.000000 2.175244 1.361329
 340.000000 2.262244 1.347084
 341.000000 2.116383 1.356671
 342.000000 2.168854 1.286216
 343.000000 2.281056 1.396005
 344.000000 2.225447 1.329719
 345.000000 2.195102 1.314492
 346.000000 2.263673 1.366513
 347.000000 2.222084 1.381021
 348.000000 2.228698 1.311817
 349.000000 2.220713 1.311509
 350.000000 2.208410 1.328130
 351.000000 2.369549 1.304798
 352.000000 2.235066 1.302222
 353.000000 2.385408 1.338706
 354.000000 2.245600 1.323751
 355.000000 2.248859 1.327705
 356.000000 2.329049 1.317844
 357.000000 2.168453 1.308025
 358.000000 2.297913 1.338337
 359.000000 2.159064 1.318109
 360.000000 2.233529 1.334370
 361.000000 2.268247 1.361948
 362.000000 2.222544 1.423087
 363.000000 2.117743 1.326225
 364.000000 2.235468 1.297825
 365.000000 2.291899 1.291029
 366.000000 2.291460 1.267767
 367.000000 2.213198 1.291467
 368.000000 2.151097 1.337166
 369.000000 2.338992 1.277328
 370.000000 2.330369 1.365336
 371.000000 2.246731 1.316777
 372.000000 2.234827 1.384885
 373.000000 2.204462 1.308178
 374.000000 2.343705 1.397675
 375.000000 2.277118 1.291977
 376.000000 2.208805 1.287168
 377.000000 2.156341 1.264544
 378.000000 2.154713 1.382219
 379.000000 2.326449 1.322040
 380.000000 2.281852 1.268327
 381.000000 2.199896 1.277815
 382.000000 2.184394 1.360208
 383.000000 2.263764 1.234240
 384.000000 2.263743 1.350673
 385.000000 2.153196 1.265451
 386.000000 2.216568 1.279009
 387.000000 2.114942 1.276192
 388.000000 2.104767 1.312477
 389.000000 2.148339 1.317086
 390.000000 2.231373 1.367108
 391.000000 2.292351 1.221354
 392.000000 2.213160 1.317364
 393.000000 2.217753 1.283369
 394.000000 2.279965 1.288286
 395.000000 2.276448 1.307577
 396.000000 2.320683 1.366727
 397.000000 2.246397 1.277358
 398.000000 2.289751 1.311692
 399.000000 2.249951 1.340463
 400.000000 2.304870 1.363773
 401.000000 2.173303 1.320701
 402.000000 2.096635 1.323677
 403.000000 2.211027 1.283842
 404.000000 2.263414 1.354832
 405.000000 2.154197 1.348639
 406.000000 2.268679 1.330459
 407.000000 2.216639 1.324672
 408.000000 2.240286 1.311321
 409.000000 2.337818 1.405917
 410.000000 2.187942 1.286875
 411.000000 2.201412 1.366038
 412.000000 2.173751 1.357484
 413.000000 2.201916 1.333362
 414.000000 2.255909 1.353492
 415.000000 2.286358 1.290715
 416.000000 2.212780 1.369402
 417.000000 2.275536 1.304518
 418.000000 2.163912 1.298798
 419.000000 2.250748 1.329917
 420.000000 2.341975 1.280702
 421.000000 2.231292 1.253180
 422.000000 2.121059 1.311819
 423.000000 2.265093 1.382731
 424.000000 2.210124 1.260477
 425.000000 2.207531 1.328643
 426.000000 2.184677 1.305479
 427.000000 2.278326 1.277829
 428.000000 2.253797 1.354423
 429.000000 2.241828 1.255875
 430.000000 2.204414 1.307525
 431.000000 2.179092 1.285468
 432.000000 2.206842 1.298529
 433.000000 2.260142 1.266176
 434.000000 2.324835 1.367567
 435.000000 2.139330 1.280863
 436.000000 2.293525 1.257631
 437.000000 2.180753 1.272368
 438.000000 2.214497 1.258192
 439.000000 2.181991 1.261667
 440.000000 2.317241 1.256981
 441.000000 2.218574 1.239042
 442.000000 2.213805 1.315634
 443.000000 2.277017 1.260500
 444.000000 2.270301 1.335422
 445.000000 2.289856 1.313451
 446.000000 2.265828 1.273637
 447.000000 2.110828 1.274883
 448.000000 2.257460 1.294553
 449.000000 2.179828 1.318654
 450.000000 2.214332 1.302051
 451.000000 2.205252 1.318048
 452.000000 2.270946 1.302538
 453.000000 2.323979 1.355601
 454.000000 2.271689 1.267913
 455.000000 2.276653 1.277107
 456.000000 2.128313 1.298069
 457.000000 2.254678 1.286183
 458.000000 2.149276 1.279972
 459.000000 2.161737 1.313085
 460.000000 2.206359 1.244222
 461.000000 2.139916 1.189784
 462.000000 2.284592 1.239558
 463.000000 2.250026 1.230667
 464.000000 2.211947 1.242002
 465.000000 2.161662 1.231723
 466.000000 2.187951 1.287474
 467.000000 2.197252 1.280978
 468.000000 2.181634 1.305871
 469.000000 2.190810 1.268919
 470.000000 2.241699 1.245819
 471.000000 2.212200 1.299982
 472.000000 2.197668 1.297470
 473.000000 2.187202 1.276947
 474.000000 2.112593 1.334449
 475.000000 2.278391 1.240792
 476.000000 2.365251 1.322562
 477.000000 2.258368 1.357345
 478.000000 2.156119 1.302534
 479.000000 2.193556 1.288534
 480.000000 2.167668 1.361341
 481.000000 2.211750 1.294335
 482.000000 2.149166 1.299744
 483.000000 2.130918 1.328445
 484.000000 2.266310 1.324736
 485.000000 2.247352 1.349899
 486.000000 2.280530 1.277808
 487.000000 2.237252 1.353269
 488.000000 2.197872 1.390705
 489.000000 2.209321 1.327390
 490.000000 2.247123 1.274257
 491.000000 2.181661 1.286236
 492.000000 2.229672 1.358461
 493.000000 2.146635 1.289032
 494.000000 2.154818 1.318496
 495.000000 2.172159 1.280442
 496.000000 2.199367 1.326605
 497.000000 2.205572 1.276063
 498.000000 2.272955 1.282315
 499.000000 2.263946 1.278468
 500.000000 2.069253 1.289266
 501.000000 2.161706 1.321053
 502.000000 2.144089 1.254886
 503.000000 2.074922 1.286639
 504.000000 2.192241 1.292339
 505.000000 2.353905 1.363820
 506.000000 2.242715 1.288506
 507.000000 2.366167 1.283646
 508.000000 2.167685 1.341579
 509.000000 2.245937 1.277255
 510.000000 2.164315 1.273343
 511.000000 2.135120 1.271389
 512.000000 2.079650 1.279894
 513.000000 2.176526 1.308069
 514.000000 2.170522 1.311793
 515.000000 2.195942 1.411365
 516.000000 2.204699 1.341157
 517.000000 2.200130 1.259974
 518.000000 2.249396 1.321933
 519.000000 2.253566 1.259577
 520.000000 2.195047 1.274089
 521.000000 2.278635 1.296107
 522.000000 2.164755 1.342044
 523.000000 2.220393 1.297738
 524.000000 2.154184 1.312838
 525.000000 2.285643 1.347674
 526.000000 2.173676 1.343446
 527.000000 2.072472 1.329951
 528.000000 2.078200 1.276174
 529.000000 2.151601 1.276126
 530.000000 2.141249 1.306332
 531.000000 2.199935 1.341732
 532.000000 2.164078 1.279480
 533.000000 2.311442 1.294457
 534.000000 2.208915 1.311534
 535.000000 2.086501 1.283199
 536.000000 2.125863 1.309256
 537.000000 2.246957 1.379984
 538.000000 2.196526 1.317412
 539.000000 2.189740 1.264434
 540.000000 2.220770 1.293916
 541.000000 2.176111 1.344493
 542.000000 2.230391 1.329711
 543.000000 2.209981 1.347109
 544.000000 2.157733 1.286763
 545.000000 2.209196 1.286832
 546.000000 2.206612 1.345650
 547.000000 2.255964 1.348821
 548.000000 2.261599 1.324754
 549.000000 2.222967 1.320895
 550.000000 2.132362 1.317423
 551.000000 2.188037 1.265293
 552.000000 2.245367 1.344844
 553.000000 2.272954 1.250423
 554.000000 2.177935 1.298144
 555.000000 2.230311 1.327443
 556.000000 2.149056 1.317542
 557.000000 2.053309 1.249550
 558.000000 2.242161 1.242264
 559.000000 2.151789 1.211864
 560.000000 2.193348 1.276889
 561.000000 2.288910 1.271623
 562.000000 2.313292 1.303838
 563.000000 2.237658 1.382407
 564.000000 2.100648 1.247372
 565.000000 2.189265 1.258588
 566.000000 2.194483 1.285217
 567.000000 2.183667 1.282066
 568.000000 2.131169 1.309972
 569.000000 2.144364 1.305577
 570.000000 2.230758 1.241881
 571.000000 2.190351 1.301216
 572.000000 2.193069 1.249846
 573.000000 2.240908 1.251282
 574.000000 2.229007 1.252829
 575.000000 2.261629 1.171740
 576.000000 2.259180 1.194905
 577.000000 2.258166 1.225041
 578.000000 2.200234 1.259284
 579.000000 2.161002 1.263605
 580.000000 2.194588 1.271288
 581.000000 2.209630 1.277560
 582.000000 2.136669 1.237111
 583.000000 2.343299 1.239464
 584.000000 2.131143 1.243205
 585.000000 2.153794 1.266055
 586.000000 2.126118 1.287055
 587.000000 2.164324 1.321764
 588.000000 2.299991 1.223999
 589.000000 2.309874 1.331999
 590.000000 2.217252 1.289566
 591.000000 2.267460 1.306968
 592.000000 2.197504 1.262711
 593.000000 2.110142 1.293993
 594.000000 2.222979 1.261412
 595.000000 2.116073 1.312134
 596.000000 2.142807 1.251046
 597.000000 2.263310 1.237025
 598.000000 2.138118 1.263756
 599.000000 2.164690 1.298884
 600.000000 2.247858 1.301156
 601.000000 2.222485 1.276069
 602.000000 2.261347 1.311699
 603.000000 2.282427 1.297311
 604.000000 2.237586 1.275574
 605.000000 2.211624 1.281798
 606.000000 2.327703 1.238118
 607.000000 2.296058 1.339982
 608.000000 2.126835 1.260306
 609.000000 2.101421 1.239293
 610.000000 2.116684 1.238075
 611.000000 2.218126 1.280866
 612.000000 2.171459 1.230976
 613.000000 2.188176 1.271358
 614.000000 2.183933 1.303503
 615.000000 2.290414 1.281490
 616.000000 2.212546 1.287358
 617.000000 2.320486 1.278504
 618.000000 2.226029 1.287358
 619.000000 2.132957 1.226979
 620.000000 2.098217 1.227945
 621.000000 2.187003 1.257301
 622.000000 2.119199 1.302957
 623.000000 2.274348 1.247960
 624.000000 2.175692 1.277103
 625.000000 2.181912 1.278196
 626.000000 2.136973 1.274768
 627.000000 2.239751 1.303128
 628.000000 2.170194 1.336892
 629.000000 2.180476 1.299942
 630.000000 2.060424 1.349234
 631.000000 2.137883 1.362489
 632.000000 2.276409 1.310383
 633.000000 2.194218 1.338356
 634.000000 2.129870 1.388596
 635.000000 2.131860 1.375444
 636.000000 2.100533 1.262999
 637.000000 2.132812 1.327288
 638.000000 2.171719 1.313814
 639.000000 2.134866 1.374074
 640.000000 2.208412 1.281916
 641.000000 2.191813 1.330357
 642.000000 2.152010 1.302214
 643.000000 2.211747 1.304949
 644.000000 2.128882 1.212941
 645.000000 2.075310 1.231916
 646.000000 2.301365 1.291900
 647.000000 2.415280 1.378160
 648.000000 2.145318 1.332238
 649.000000 2.119711 1.343423
 650.000000 2.138693 1.313746
 651.000000 2.001770 1.342789
 652.000000 2.135170 1.392900
 653.000000 2.217301 1.401791
 654.000000 2.289877 1.296036
 655.000000 2.196363 1.355646
 656.000000 2.171218 1.389003
 657.000000 2.096732 1.266079
 658.000000 2.243692 1.257953
 659.000000 2.257459 1.294589
 660.000000 2.321719 1.339190
 661.000000 2.156315 1.333375
 662.000000 2.219607 1.336361
 663.000000 2.117372 1.387878
 664.000000 2.060998 1.304369
 665.000000 2.208954 1.382699
 666.000000 2.132569 1.269081
 667.000000 2.178606 1.280446
 668.000000 2.226924 1.259505
 669.000000 2.298327 1.294595
 670.000000 2.281834 1.290643
 671.000000 2.297137 1.264516
 672.000000 2.199314 1.287509
 673.000000 2.169607 1.325478
 674.000000 2.199761 1.392936
 675.000000 2.233192 1.297723
 676.000000 2.275119 1.247544
 677.000000 2.191171 1.283180
 678.000000 2.261184 1.334020
 679.000000 2.204222 1.284603
 680.000000 2.189818 1.318002
 681.000000 2.075172 1.204159
 682.000000 2.194113 1.288361
 683.000000 2.233123 1.249465
 684.000000 2.158119 1.232709
 685.000000 2.141109 1.175076
 686.000000 2.121344 1.292864
 687.000000 2.262703 1.204272
 688.000000 2.059409 1.276304
 689.000000 2.247251 1.255634
 690.000000 2.158164 1.269820
 691.000000 2.239775 1.275428
 692.000000 2.191764 1.264317
 693.000000 2.177828 1.317986
 694.000000 2.198355 1.337368
 695.000000 2.210896 1.307116
 696.000000 2.273870 1.305225
 697.000000 2.081012 1.282255
 698.000000 2.188945 1.240747
 699.000000 2.240126 1.247554
 700.000000 2.186188 1.312075
 701.000000 2.084253 1.368984
 702.000000 2.207373 1.284405
 703.000000 2.160108 1.308656
 704.000000 2.268205 1.257288
 705.000000 2.282738 1.339563
 706.000000 2.195900 1.328107
 707.000000 2.270933 1.303493
 708.000000 2.210966 1.239321
 709.000000 2.155396 1.327145
 710.000000 2.093259 1.319252
 711.000000 2.248898 1.325318
 712.000000 2.206899 1.316512
 713.000000 2.215423 1.249376
 714.000000 2.265535 1.277699
 715.000000 2.142101 1.217351
 716.000000 2.198432 1.256559
 717.000000 2.076328 1.339459
 718.000000 2.199840 1.336719
 719.000000 2.075621 1.278637
 720.000000 2.208570 1.310825
 721.000000 2.247942 1.290481
 722.000000 2.170335 1.264669
 723.000000 2.264118 1.257382
 724.000000 2.274002 1.310881
 725.000000 2.140607 1.327840
 726.000000 2.343669 1.265158
 727.000000 2.260946 1.311504
 728.000000 2.167530 1.285144
 729.000000 2.230949 1.226701
 730.000000 2.206004 1.244467
 731.000000 2.301074 1.235232
 732.000000 2.224184 1.200498
 733.000000 2.270694 1.282634
 734.000000 2.287026 1.195307
 735.000000 2.170157 1.284659
 736.000000 2.139244 1.247501
 737.000000 2.136695 1.230623
 738.000000 2.101324 1.282286
 739.000000 2.055818 1.215116
 740.000000 2.148269 1.265312
 741.000000 2.104804 1.181950
 742.000000 2.107389 1.333219
 743.000000 2.240331 1.257330
 744.000000 2.214807 1.224000
 745.000000 2.202381 1.260713
 746.000000 2.217531 1.238800
 747.000000 2.275372 1.300993
 748.000000 2.240969 1.219951
 749.000000 2.308117 1.260519
 750.000000 2.179845 1.240876
 751.000000 2.167265 1.186039
 752.000000 2.122636 1.130762
 753.000000 2.190570 1.153654
 754.000000 2.269902 1.173497
 755.000000 2.240796 1.225639
 756.000000 2.188024 1.195019
 757.000000 2.300513 1.242996
 758.000000 2.214034 1.265142
 759.000000 2.199552 1.246793
 760.000000 2.279053 1.318240
 761.000000 2.245962 1.212159
 762.000000 2.224371 1.292258
 763.000000 2.201108 1.317042
 764.000000 2.193492 1.318599
 765.000000 2.190070 1.295485
 766.000000 2.235897 1.292497
 767.000000 2.259508 1.230727
 768.000000 2.327341 1.270998
 769.000000 2.180335 1.303635
 770.000000 2.093207 1.211976
 771.000000 2.241391 1.293441
 772.000000 2.151735 1.322801
 773.000000 2.223726 1.383617
 774.000000 2.207320 1.332903
 775.000000 2.282664 1.306649
 776.000000 2.221506 1.246971
 777.000000 2.224362 1.215280
 778.000000 2.207077 1.240950
 779.000000 2.173509 1.324527
 780.000000 2.110152 1.278104
 781.000000 2.175156 1.329658
 782.000000 2.099817 1.307197
 783.000000 2.110846 1.303071
 784.000000 2.248839 1.308370
 785.000000 2.107569 1.348473
 786.000000 2.038473 1.345247
 787.000000 2.179265 1.185280
 788.000000 2.218812 1.230902
 789.000000 2.109456 1.284370
 790.000000 2.261119 1.244759
 791.000000 2.291991 1.220856
 792.000000 2.203559 1.272102
 793.000000 2.174096 1.227689
 794.000000 2.196527 1.203810
 795.000000 2.217415 1.194094
 796.000000 2.189973 1.246486
 797.000000 2.148330 1.226035
 798.000000 2.145646 1.221686
 799.000000 2.106437 1.263492
 800.000000 2.180808 1.290944
 801.000000 2.240524 1.243869
 802.000000 2.166660 1.278400
 803.000000 2.268038 1.357806
 804.000000 2.257525 1.333012
 805.000000 2.270717 1.332710
 806.000000 2.139930 1.289698
 807.000000 2.288222 1.275014
 808.000000 2.207047 1.201782
 809.000000 2.128864 1.227360
 810.000000 2.127560 1.255674
 811.000000 2.250931 1.263229
 812.000000 2.142475 1.276419
 813.000000 2.141655 1.284975
 814.000000 2.175945 1.371329
 815.000000 2.333798 1.307278
 816.000000 2.216053 1.281371
 817.000000 2.197200 1.315941
 818.000000 2.190493 1.310009
 819.000000 2.225889 1.260873
 820.000000 2.230166 1.234523
 821.000000 2.089761 1.248409
 822.000000 2.117239 1.255663
 823.000000 2.199485 1.255068
 824.000000 2.167335 1.266590
 825.000000 2.140343 1.226084
 826.000000 2.250327 1.249026
 827.000000 2.176159 1.269863
 828.000000 2.217054 1.295086
 829.000000 2.188707 1.255221
 830.000000 2.259588 1.249738
 831.000000 2.280945 1.251927
 832.000000 2.103852 1.299326
 833.000000 2.234434 1.221277
 834.000000 2.243837 1.234521
 835.000000 2.205508 1.250181
 836.000000 2.220849 1.272823
 837.000000 2.148050 1.300152
 838.000000 2.273707 1.204851
 839.000000 2.211895 1.334784
 840.000000 2.172252 1.305005
 841.000000 2.257234 1.330891
 842.000000 2.207272 1.282208
 843.000000 2.225382 1.242576
 844.000000 2.148512 1.291278
 845.000000 2.216959 1.342958
 846.000000 2.240365 1.336379
 847.000000 2.215768 1.313876
 848.000000 2.268075 1.365694
 849.000000 2.291924 1.341700
 850.000000 2.224299 1.244413
 851.000000 2.339833 1.275637
 852.000000 2.226525 1.296180
 853.000000 2.171252 1.249334
 854.000000 2.327797 1.351151
 855.000000 2.293175 1.251024
 856.000000 2.163190 1.279549
 857.000000 2.146722 1.300510
 858.000000 2.317953 1.354720
 859.000000 2.276726 1.311577
 860.000000 2.273516 1.336990
 861.000000 2.258375 1.327346
 862.000000 2.242989 1.396154
 863.000000 2.340338 1.406834
 864.000000 2.329726 1.294917
 865.000000 2.292484 1.366011
 866.000000 2.172926 1.294095
 867.000000 2.306705 1.294759
 868.000000 2.209895 1.329312
 869.000000 2.205357 1.279574
 870.000000 2.205043 1.312801
 871.000000 2.198883 1.370608
 872.000000 2.268439 1.259166
 873.000000 2.307003 1.273572
 874.000000 2.233808 1.344433
 875.000000 2.197088 1.335406
 876.000000 2.274039 1.276800
 877.000000 2.264513 1.310026
 878.000000 2.246076 1.347782
 879.000000 2.223835 1.323390
 880.000000 2.340473 1.325872
 881.000000 2.244786 1.285233
 882.000000 2.244304 1.316184
 883.000000 2.207654 1.347275
 884.000000 2.284763 1.297429
 885.000000 2.183318 1.335191
 886.000000 2.212287 1.281545
 887.000000 2.142427 1.312865
 888.000000 2.224680 1.350350
 889.000000 2.303041 1.311047
 890.000000 2.344878 1.321330
 891.000000 2.303829 1.322440
 892.000000 2.250339 1.369473
 893.000000 2.243588 1.297497
 894.000000 2.149364 1.307395
 895.000000 2.346857 1.244998
 896.000000 2.247224 1.256165
 897.000000 2.089644 1.273138
 898.000000 2.266759 1.264298
 899.000000 2.273286 1.288512
 900.000000 2.222912 1.345942
 901.000000 2.191415 1.349626
 902.000000 2.281222 1.242270
 903.000000 2.239274 1.312276
 904.000000 2.228219 1.306667
 905.000000 2.361129 1.379851
 906.000000 2.241258 1.284100
 907.000000 2.176657 1.294338
 908.000000 2.237918 1.283669
 909.000000 2.406579 1.261041
 910.000000 2.269817 1.280923
 911.000000 2.158850 1.292764
 912.000000 2.229711 1.288761
 913.000000 2.226897 1.342421
 914.000000 2.123289 1.342185
 915.000000 2.261743 1.297293
 916.000000 2.129014 1.352751
 917.000000 2.209284 1.327977
 918.000000 2.241970 1.302529
 919.000000 2.128089 1.263042
 920.000000 2.288389 1.202862
 921.000000 2.311803 1.332113
 922.000000 2.201992 1.344436
 923.000000 2.287141 1.311406
 924.000000 2.173934 1.310415
 925.000000 2.241382 1.384973
 926.000000 2.230887 1.289741
 927.000000 2.285913 1.340793
 928.000000 2.290379 1.328313
 929.000000 2.168357 1.297239
 930.000000 2.278039 1.389915
 931.000000 2.177893 1.346415
 932.000000 2.114884 1.417153
 933.000000 2.193830 1.320644
 934.000000 2.153640 1.341458
 935.000000 2.220866 1.336551
 936.000000 2.257491 1.340893
 937.000000 2.242732 1.259339
 938.000000 2.206996 1.344289
 939.000000 2.174938 1.234837
 940.000000 2.294783 1.355032
 941.000000 2.228594 1.291158
 942.000000 2.301878 1.253018
 943.000000 2.338973 1.225501
 944.000000 2.187446 1.318869
 945.000000 2.190680 1.313026
 946.000000 2.306320 1.322860
 947.000000 2.233730 1.336190
 948.000000 2.278638 1.321837
 949.000000 2.290245 1.339665
 950.000000 2.287864 1.312307
 951.000000 2.150243 1.312757
 952.000000 2.250346 1.314047
 953.000000 2.259502 1.265496
 954.000000 2.222418 1.310120
 955.000000 2.156418 1.309392
 956.000000 2.196107 1.354450
 957.000000 2.099221 1.353659
 958.000000 2.292845 1.368007
 959.000000 2.217561 1.278380
 960.000000 2.291474 1.414741
 961.000000 2.256542 1.360286
 962.000000 2.263357 1.406845
 963.000000 2.274216 1.366215
 964.000000 2.355405 1.327439
 965.000000 2.262597 1.428201
 966.000000 2.183101 1.341069
 967.000000 2.247606 1.349802
 968.000000 2.290060 1.356625
 969.000000 2.193375 1.339480
 970.000000 2.284166 1.364664
 971.000000 2.270053 1.340102
 972.000000 2.247554 1.281330
 973.000000 2.220408 1.252070
 974.000000 2.185725 1.318535
 975.000000 2.258530 1.316161
 976.000000 2.138041 1.305181
 977.000000 2.043976 1.333490
 978.000000 2.232760 1.186868
 979.000000 2.299839 1.242395
 980.000000 2.179116 1.294811
 981.000000 2.173791 1.345233
 982.000000 2.233665 1.301282
 983.000000 2.210729 1.321994
 984.000000 2.268825 1.308708
 985.000000 2.312027 1.368744
 986.000000 2.301172 1.377531
 987.000000 2.256275 1.382506
 988.000000 2.116804 1.406946
 989.000000 2.244133 1.378556
 990.000000 2.233707 1.337710
 991.000000 2.105647 1.363082
 992.000000 2.127184 1.344573
 993.000000 2.218453 1.437447
 994.000000 2.280178 1.346954
 995.000000 2.140745 1.326470
 996.000000 2.160708 1.356392
 997.000000 2.244781 1.388737
 998.000000 2.263566 1.412083
 999.000000 2.261383 1.426091
 1000.000000 2.217231 1.399087
 1001.000000 2.159817 1.329151
 1002.000000 2.169833 1.385236
 1003.000000 2.250214 1.246582
 1004.000000 2.170461 1.381893
 1005.000000 2.201086 1.346654
 1006.000000 2.226711 1.323372
 1007.000000 2.234162 1.343098
 1008.000000 2.167775 1.356542
 1009.000000 2.195892 1.338342
 1010.000000 2.289319 1.303323
 1011.000000 2.271894 1.298149
 1012.000000 2.378714 1.380637
 1013.000000 2.223928 1.334179
 1014.000000 2.175179 1.388372
 1015.000000 2.162268 1.350328
 1016.000000 2.224213 1.360843
 1017.000000 2.289246 1.398147
 1018.000000 2.233996 1.395237
 1019.000000 2.211721 1.387385
 1020.000000 2.230779 1.336608
 1021.000000 2.202493 1.317942
 1022.000000 2.160688 1.339407
 1023.000000 2.233318 1.328104
 1024.000000 2.109493 1.341879
 1025.000000 2.165693 1.340078
 1026.000000 2.235086 1.323335
 1027.000000 2.196317 1.318410
 1028.000000 2.164717 1.326202
 1029.000000 2.309587 1.353526
 1030.000000 2.232695 1.292969
 1031.000000 2.212340 1.344087
 1032.000000 2.244427 1.417141
 1033.000000 2.232216 1.362485
 1034.000000 2.254772 1.374996
 1035.000000 2.264884 1.379148
 1036.000000 2.156648 1.357769
 1037.000000 2.202594 1.326792
 1038.000000 2.185237 1.383249
 1039.000000 2.335038 1.284270
 1040.000000 2.223227 1.255151
 1041.000000 2.201747 1.309633
 1042.000000 2.236203 1.301065
 1043.000000 2.190645 1.258138
 1044.000000 2.322379 1.293130
 1045.000000 2.255270 1.323640
 1046.000000 2.168113 1.257563
 1047.000000 2.221191 1.289098
 1048.000000 2.251344 1.298186
 1049.000000 2.316055 1.259451
 1050.000000 2.306956 1.290922
 1051.000000 2.273013 1.345569
 1052.000000 2.325424 1.344632
 1053.000000 2.262616 1.300274
 1054.000000 2.205108 1.328603
 1055.000000 2.235585 1.325271
 1056.000000 2.257001 1.276385
 1057.000000 2.208402 1.308568
 1058.000000 2.215662 1.332311
 1059.000000 2.168525 1.333220
 1060.000000 2.216569 1.300804
 1061.000000 2.275808 1.353314
 1062.000000 2.177780 1.291150
 1063.000000 2.232648 1.293475
 1064.000000 2.303897 1.296081
 1065.000000 2.173696 1.300507
 1066.000000 2.191870 1.267555
 1067.000000 2.212132 1.402286
 1068.000000 2.229278 1.311599
 1069.000000 2.318645 1.374492
 1070.000000 2.303017 1.288905
 1071.000000 2.238732 1.283585
 1072.000000 2.256875 1.348059
 1073.000000 2.287125 1.355641
 1074.000000 2.305112 1.354966
 1075.000000 2.265416 1.307935
 1076.000000 2.192283 1.296935
 1077.000000 2.203654 1.294280
 1078.000000 2.216841 1.234157
 1079.000000 2.192638 1.321534
 1080.000000 2.295594 1.376410
 1081.000000 2.183742 1.297413
 1082.000000 2.165289 1.351784
 1083.000000 2.112614 1.303404
 1084.000000 2.272198 1.340407
 1085.000000 2.175295 1.302428
 1086.000000 2.149328 1.338275
 1087.000000 2.123331 1.300401
 1088.000000 2.254651 1.348087
 1089.000000 2.216073 1.375846
 1090.000000 2.238103 1.345310
 1091.000000 2.278896 1.340963
 1092.000000 2.227164 1.269364
 1093.000000 2.166735 1.287658
 1094.000000 2.313454 1.317608
 1095.000000 2.232541 1.283350
 1096.000000 2.212943 1.307339
 1097.000000 2.188886 1.273000
 1098.000000 2.177480 1.268160
 1099.000000 2.263247 1.358894
 1100.000000 2.251570 1.263432
 1101.000000 2.176902 1.281122
 1102.000000 2.336260 1.267089
 1103.000000 2.194744 1.364797
 1104.000000 2.268890 1.369351
 1105.000000 2.206843 1.326802
 1106.000000 2.288577 1.361989
 1107.000000 2.263668 1.300106
 1108.000000 2.175496 1.312632
 1109.000000 2.195546 1.329023
 1110.000000 2.196465 1.297940
 1111.000000 2.059676 1.276586
 1112.000000 2.159120 1.335305
 1113.000000 2.135908 1.334851
 1114.000000 2.185274 1.277672
 1115.000000 2.243039 1.357721
 1116.000000 2.252829 1.314602
 1117.000000 2.220107 1.321831
 1118.000000 2.201308 1.332145
 1119.000000 2.137962 1.307947
 1120.000000 2.267419 1.289453
 1121.000000 2.282989 1.379404
 1122.000000 2.153996 1.415435
 1123.000000 2.241094 1.344549
 1124.000000 2.218167 1.327107
 1125.000000 2.266403 1.378856
 1126.000000 2.182832 1.341852
 1127.000000 2.192332 1.299341
 1128.000000 2.175480 1.355962
 1129.000000 2.188328 1.340543
 1130.000000 2.268550 1.335377
 1131.000000 2.185253 1.297217
 1132.000000 2.265481 1.348955
 1133.000000 2.271961 1.287000
 1134.000000 2.160590 1.347652
 1135.000000 2.274365 1.335187
 1136.000000 2.147397 1.302989
 1137.000000 2.092688 1.311719
 1138.000000 2.180566 1.318847
 1139.000000 2.178229 1.326158
 1140.000000 2.178344 1.417213
 1141.000000 2.105203 1.334828
 1142.000000 2.311044 1.230125
 1143.000000 2.176660 1.192523
 1144.000000 2.208254 1.281346
 1145.000000 2.327469 1.303546
 1146.000000 2.266118 1.312759
 1147.000000 2.135760 1.252302
 1148.000000 2.220157 1.263454
 1149.000000 2.300146 1.312538
 1150.000000 2.185797 1.381864
 1151.000000 2.239675 1.337669
 1152.000000 2.175033 1.295923
 1153.000000 2.141973 1.278491
 1154.000000 2.258042 1.246684
 1155.000000 2.185060 1.233318
 1156.000000 2.184999 1.333888
 1157.000000 2.257730 1.277335
 1158.000000 2.221382 1.227291
 1159.000000 2.238023 1.304331
 1160.000000 2.177867 1.320112
 1161.000000 2.237321 1.317176
 1162.000000 2.224502 1.242518
 1163.000000 2.224144 1.393914
 1164.000000 2.157629 1.389611
 1165.000000 2.237532 1.291524
 1166.000000 2.222281 1.310138
 1167.000000 2.298802 1.290729
 1168.000000 2.130055 1.308688
 1169.000000 2.196009 1.319565
 1170.000000 2.239284 1.340173
 1171.000000 2.242991 1.312388
 1172.000000 2.198024 1.284167
 1173.000000 2.100123 1.338116
 1174.000000 2.213946 1.297172
 1175.000000 2.179457 1.251968
 1176.000000 2.136588 1.290511
 1177.000000 2.240664 1.328673
 1178.000000 2.257352 1.294387
 1179.000000 2.216826 1.375748
 1180.000000 2.320888 1.307931
 1181.000000 2.226595 1.319342
 1182.000000 2.215273 1.291599
 1183.000000 2.253245 1.341570
 1184.000000 2.237101 1.277465
 1185.000000 2.191837 1.334856
 1186.000000 2.291686 1.339216
 1187.000000 2.082663 1.315040
 1188.000000 2.107313 1.332810
 1189.000000 2.273859 1.321039
 1190.000000 2.262501 1.299685
 1191.000000 2.262075 1.272154
 1192.000000 2.307138 1.330912
 1193.000000 2.176953 1.336634
 1194.000000 2.242262 1.306215
 1195.000000 2.279398 1.307536
 1196.000000 2.233960 1.337944
 1197.000000 2.177415 1.303430
 1198.000000 2.143779 1.283578
 1199.000000 2.243036 1.286719
 1200.000000 2.139581 1.319642
 1201.000000 2.257986 1.322924
 1202.000000 2.232673 1.284280
 1203.000000 2.153141 1.224688
 1204.000000 2.265334 1.155710
 1205.000000 2.125513 1.215560
 1206.000000 2.282306 1.173264
 1207.000000 2.246121 1.272814
 1208.000000 2.363308 1.281410
 1209.000000 2.252247 1.266799
 1210.000000 2.118692 1.363150
 1211.000000 2.131246 1.294541
 1212.000000 2.206517 1.292684
 1213.000000 2.246734 1.245346
 1214.000000 2.234505 1.306424
 1215.000000 2.230657 1.263709
 1216.000000 2.246817 1.197326
 1217.000000 2.291588 1.311736
 1218.000000 2.159091 1.323846
 1219.000000 2.392627 1.295093
 1220.000000 2.257538 1.287367
 1221.000000 2.235669 1.305160
 1222.000000 2.305901 1.282377
 1223.000000 2.205254 1.254534
 1224.000000 2.160103 1.267306
 1225.000000 2.265462 1.325059
 1226.000000 2.255117 1.241589
 1227.000000 2.278711 1.269728
 1228.000000 2.224062 1.306110
 1229.000000 2.136704 1.272241
 1230.000000 2.139421 1.244021
 1231.000000 2.165753 1.251713
 1232.000000 2.308864 1.231542
 1233.000000 2.108889 1.240930
 1234.000000 2.261020 1.269630
 1235.000000 2.181010 1.222495
 1236.000000 2.205720 1.210303
 1237.000000 2.140205 1.242004
 1238.000000 2.106501 1.234677
 1239.000000 2.265488 1.327200
 1240.000000 2.256230 1.322813
 1241.000000 2.176967 1.357206
 1242.000000 2.117991 1.298576
 1243.000000 2.152666 1.364391
 1244.000000 2.323974 1.328546
 1245.000000 2.341500 1.385115
 1246.000000 2.213393 1.266384
 1247.000000 2.219849 1.318669
 1248.000000 2.188611 1.281874
 1249.000000 2.139533 1.210234
 1250.000000 2.230663 1.237958
 1251.000000 2.117685 1.213996
 1252.000000 2.139794 1.181879
 1253.000000 2.201464 1.280169
 1254.000000 2.186275 1.275783
 1255.000000 2.224643 1.250526
 1256.000000 2.105768 1.251348
 1257.000000 2.370292 1.256430
 1258.000000 2.263021 1.252921
 1259.000000 2.165123 1.320807
 1260.000000 2.117196 1.303109
 1261.000000 2.105300 1.296930
 1262.000000 2.241586 1.258819
 1263.000000 2.139235 1.244010
 1264.000000 2.203147 1.263630
 1265.000000 2.139027 1.229404
 1266.000000 2.193498 1.267824
 1267.000000 2.141268 1.274981
 1268.000000 2.219883 1.312692
 1269.000000 2.239121 1.246540
 1270.000000 2.116376 1.334514
 1271.000000 2.183870 1.397055
 1272.000000 2.136028 1.283943
 1273.000000 2.203428 1.253773
 1274.000000 2.182155 1.317844
 1275.000000 2.102383 1.245778
 1276.000000 2.259974 1.316774
 1277.000000 2.131702 1.180784
 1278.000000 2.148546 1.270246
 1279.000000 2.236000 1.277809
 1280.000000 2.261789 1.301607
 1281.000000 2.131891 1.213234
 1282.000000 2.171422 1.310144
 1283.000000 2.123147 1.279324
 1284.000000 2.187125 1.263690
 1285.000000 2.137379 1.357270
 1286.000000 2.121400 1.277945
 1287.000000 2.046259 1.157925
 1288.000000 2.090312 1.278235
 1289.000000 2.216107 1.342552
 1290.000000 2.232585 1.342513
 1291.000000 2.163203 1.311376
 1292.000000 2.206083 1.371090
 1293.000000 2.076128 1.352743
 1294.000000 2.182177 1.352356
 1295.000000 2.172231 1.290389
 1296.000000 2.152528 1.295774
 1297.000000 2.189216 1.281280
 1298.000000 2.191184 1.263877
 1299.000000 2.138755 1.264353
 1300.000000 2.055613 1.269951
 1301.000000 2.162521 1.262564
 1302.000000 2.229353 1.268924
 1303.000000 2.229012 1.273309
 1304.000000 2.167771 1.237240
 1305.000000 2.251119 1.334059
 1306.000000 2.119991 1.307439
 1307.000000 2.112197 1.318034
 1308.000000 2.091399 1.307188
 1309.000000 2.133192 1.317626
 1310.000000 2.267121 1.290450
 1311.000000 2.175964 1.330036
 1312.000000 2.263823 1.336259
 1313.000000 2.194905 1.325154
 1314.000000 2.255961 1.347166
 1315.000000 2.084734 1.302708
 1316.000000 2.187218 1.279871
 1317.000000 2.149214 1.275223
 1318.000000 2.314914 1.304641
 1319.000000 2.166284 1.349409
 1320.000000 2.261541 1.339140
 1321.000000 2.184996 1.240797
 1322.000000 2.244616 1.288966
 1323.000000 2.196781 1.299669
 1324.000000 2.202982 1.243830
 1325.000000 2.263614 1.236931
 1326.000000 2.284747 1.274174
 1327.000000 2.234472 1.253732
 1328.000000 2.259265 1.173393
 1329.000000 2.138428 1.263378
 1330.000000 2.191705 1.266478
 1331.000000 2.149929 1.274913
 1332.000000 2.141097 1.231380
 1333.000000 2.162584 1.273500
 1334.000000 2.276043 1.292933
 1335.000000 2.153002 1.309693
 1336.000000 2.100092 1.282144
 1337.000000 2.249053 1.269183
 1338.000000 2.080433 1.228212
 1339.000000 2.154518 1.310789
 1340.000000 2.202946 1.175867
 1341.000000 2.218953 1.236897
 1342.000000 2.156060 1.238890
 1343.000000 2.192840 1.321595
 1344.000000 2.223787 1.292168
 1345.000000 2.157368 1.336689
 1346.000000 2.100943 1.248732
 1347.000000 2.348856 1.262867
 1348.000000 2.207162 1.228622
 1349.000000 2.230372 1.318048
 1350.000000 2.291622 1.249344
 1351.000000 2.148199 1.288569
 1352.000000 2.312095 1.245645
 1353.000000 2.154460 1.263905
 1354.000000 2.065380 1.286365
 1355.000000 2.149351 1.256380
 1356.000000 2.208914 1.278493
 1357.000000 2.307950 1.240917
 1358.000000 2.251157 1.198734
 1359.000000 2.082178 1.213519
 1360.000000 2.312481 1.316710
 1361.000000 2.264935 1.315024
 1362.000000 2.255106 1.391305
 1363.000000 2.209086 1.325789
 1364.000000 2.247598 1.377615
 1365.000000 2.287746 1.241554
 1366.000000 2.094995 1.152772
 1367.000000 2.135829 1.165651
 1368.000000 2.338325 1.282553
 1369.000000 2.195265 1.308334
 1370.000000 2.242802 1.242019
 1371.000000 2.142978 1.316285
 1372.000000 2.167983 1.283901
 1373.000000 2.076914 1.277251
 1374.000000 2.091279 1.264098
 1375.000000 2.200977 1.261020
 1376.000000 2.129982 1.278026
 1377.000000 2.181991 1.313783
 1378.000000 2.177637 1.323246
 1379.000000 2.141848 1.272449
 1380.000000 2.188172 1.254865
 1381.000000 2.188353 1.296079
 1382.000000 2.155952 1.345681
 1383.000000 2.191308 1.238490
 1384.000000 2.168563 1.318697
 1385.000000 2.176619 1.338011
 1386.000000 2.207114 1.373556
 1387.000000 2.314413 1.352206
 1388.000000 2.144706 1.267838
 1389.000000 2.132794 1.361675
 1390.000000 2.211587 1.313028
 1391.000000 2.079833 1.335623
 1392.000000 2.223562 1.324955
 1393.000000 2.197891 1.293120
 1394.000000 2.323181 1.286262
 1395.000000 2.177567 1.336112
 1396.000000 2.236243 1.371567
 1397.000000 2.248717 1.352878
 1398.000000 2.166639 1.306018
 1399.000000 2.148042 1.329958
 1400.000000 2.184947 1.245089
 1401.000000 2.108436 1.194669
 1402.000000 2.119078 1.202366
 1403.000000 2.243020 1.237108
 1404.000000 2.175946 1.279150
 1405.000000 2.197719 1.257123
 1406.000000 2.225800 1.293513
 1407.000000 2.159701 1.265802
 1408.000000 2.052238 1.275892
 1409.000000 2.176782 1.238038
 1410.000000 2.062188 1.252070
 1411.000000 2.259047 1.257282
 1412.000000 2.224889 1.255947
 1413.000000 2.175465 1.185396
 1414.000000 2.173745 1.200317
 1415.000000 2.154997 1.263041
 1416.000000 2.275529 1.233318
 1417.000000 2.345091 1.284237
 1418.000000 2.224084 1.314231
 1419.000000 2.175732 1.157528
 1420.000000 2.187133 1.235542
 1421.000000 2.208355 1.217700
 1422.000000 2.284501 1.261111
 1423.000000 2.207347 1.160301
 1424.000000 2.269050 1.255050
 1425.000000 2.211398 1.261736
 1426.000000 2.372787 1.188652
 1427.000000 2.328286 1.286734
 1428.000000 2.273315 1.286822
 1429.000000 2.209692 1.300794
 1430.000000 2.232154 1.233426
 1431.000000 2.241062 1.187032
 1432.000000 2.234128 1.213350
 1433.000000 2.128834 1.322423
 1434.000000 2.190997 1.210439
 1435.000000 2.267280 1.310255
 1436.000000 2.243752 1.312123
 1437.000000 2.198365 1.344669
 1438.000000 2.259275 1.293206
 1439.000000 2.193798 1.221596
 1440.000000 2.297259 1.281571
 1441.000000 2.222217 1.272221
 1442.000000 2.154466 1.311816
 1443.000000 2.229118 1.238260
 1444.000000 2.241621 1.236321
 1445.000000 2.206583 1.272759
 1446.000000 2.318195 1.313413
 1447.000000 2.237057 1.303065
 1448.000000 2.139567 1.250705
 1449.000000 2.277024 1.289804
 1450.000000 2.195189 1.298353
 1451.000000 2.309860 1.270097
 1452.000000 2.205457 1.207730
 1453.000000 2.200541 1.233479
 1454.000000 2.181174 1.240257
 1455.000000 2.104932 1.226169
 1456.000000 2.268891 1.266130
 1457.000000 2.306495 1.226926
 1458.000000 2.203199 1.210274
 1459.000000 2.222917 1.224683
 1460.000000 2.176393 1.253202
 1461.000000 2.274792 1.265683
 1462.000000 2.201748 1.166064
 1463.000000 2.273222 1.268381
 1464.000000 2.183225 1.132115
 1465.000000 2.252471 1.210738
 1466.000000 2.275377 1.185240
 1467.000000 2.242949 1.208702
 1468.000000 2.172567 1.265754
 1469.000000 2.250882 1.253654
 1470.000000 2.176781 1.265391
 1471.000000 2.312864 1.309335
 1472.000000 2.251010 1.231497
 1473.000000 2.299544 1.164382
 1474.000000 2.252033 1.204943
 1475.000000 2.186022 1.327303
 1476.000000 2.241354 1.285947
 1477.000000 2.156361 1.245213
 1478.000000 2.313779 1.183115
 1479.000000 2.233535 1.233448
 1480.000000 2.171680 1.285597
 1481.000000 2.168028 1.316213
 1482.000000 2.175994 1.239315
 1483.000000 2.143419 1.147418
 1484.000000 2.066555 1.126945
 1485.000000 2.073377 1.208110
 1486.000000 2.252292 1.198694
 1487.000000 2.154321 1.231006
 1488.000000 2.165708 1.289161
 1489.000000 2.182172 1.306918
 1490.000000 2.082132 1.243887
 1491.000000 2.252240 1.247247
 1492.000000 2.156654 1.293714
 1493.000000 2.210771 1.253218
 1494.000000 2.209061 1.273163
 1495.000000 2.265375 1.237076
 1496.000000 2.273489 1.247087
 1497.000000 2.127249 1.257409
 1498.000000 2.315248 1.188523
 1499.000000 2.088854 1.210127
 1500.000000 2.251976 1.153827
 1501.000000 2.063163 1.234265
 1502.000000 2.201375 1.245706
 1503.000000 2.172081 1.185450
 1504.000000 2.211895 1.206147
 1505.000000 2.203112 1.245743
 1506.000000 2.300806 1.185430
 1507.000000 2.336509 1.107183
 1508.000000 2.297847 1.198279
 1509.000000 2.273892 1.245552
 1510.000000 2.247628 1.248244
 1511.000000 2.190559 1.220673
 1512.000000 2.205125 1.300011
 1513.000000 2.233365 1.252627
 1514.000000 2.324353 1.232725
 1515.000000 2.190921 1.187200
 1516.000000 2.192881 1.217140
 1517.000000 2.211958 1.265181
 1518.000000 2.252298 1.183156
 1519.000000 1.989490 1.232901
 1520.000000 2.163977 1.280941
 1521.000000 2.149611 1.251339
 1522.000000 2.154293 1.202886
 1523.000000 2.199628 1.212751
 1524.000000 2.155413 1.210332
 1525.000000 2.289576 1.240704
 1526.000000 2.166060 1.256966
 1527.000000 2.275313 1.190607
 1528.000000 2.295097 1.217923
 1529.000000 2.304916 1.232608
 1530.000000 2.146717 1.244810
 1531.000000 2.259286 1.246820
 1532.000000 2.212466 1.197130
 1533.000000 2.257207 1.180269
 1534.000000 2.215383 1.285438
 1535.000000 2.223885 1.281552
 1536.000000 2.233780 1.309237
 1537.000000 2.226111 1.289926
 1538.000000 2.199525 1.352287
 1539.000000 2.160948 1.334801
 1540.000000 2.334687 1.265764
 1541.000000 2.191259 1.283534
 1542.000000 2.323216 1.199036
 1543.000000 2.272374 1.274427
 1544.000000 2.230341 1.246445
 1545.000000 2.302112 1.269201
 1546.000000 2.269877 1.336530
 1547.000000 2.308138 1.372465
 1548.000000 2.253896 1.306345
 1549.000000 2.192518 1.290418
 1550.000000 2.214659 1.317713
 1551.000000 2.151549 1.273872
 1552.000000 2.249651 1.407638
 1553.000000 2.293640 1.378561
 1554.000000 2.229489 1.333157
 1555.000000 2.257211 1.210431
 1556.000000 2.290153 1.331682
 1557.000000 2.194745 1.302617
 1558.000000 2.199562 1.187749
 1559.000000 2.177944 1.202048
 1560.000000 2.195093 1.188813
 1561.000000 2.270107 1.227119
 1562.000000 2.187287 1.195410
 1563.000000 2.217999 1.227605
 1564.000000 2.298239 1.194239
 1565.000000 2.320644 1.231387
 1566.000000 2.247464 1.277027
 1567.000000 2.309713 1.299288
 1568.000000 2.244977 1.233436
 1569.000000 2.269783 1.181374
 1570.000000 2.370952 1.206030
 1571.000000 2.233221 1.151167
 1572.000000 2.230700 1.227740
 1573.000000 2.371160 1.238504
 1574.000000 2.181585 1.207263
 1575.000000 2.238285 1.260700
 1576.000000 2.213052 1.151240
 1577.000000 2.319298 1.235218
 1578.000000 2.173324 1.263016
 1579.000000 2.166451 1.225867
 1580.000000 2.255768 1.247109
 1581.000000 2.210420 1.205656
 1582.000000 2.183159 1.215725
 1583.000000 2.281214 1.277347
 1584.000000 2.322565 1.222604
 1585.000000 2.209115 1.203154
 1586.000000 2.351096 1.181831
 1587.000000 2.319578 1.272552
 1588.000000 2.190960 1.244730
 1589.000000 2.270293 1.212959
 1590.000000 2.333002 1.221550
 1591.000000 2.304978 1.197705
 1592.000000 2.264891 1.259425
 1593.000000 2.238856 1.292095
 1594.000000 2.166188 1.301746
 1595.000000 2.154141 1.284605
 1596.000000 2.190680 1.272697
 1597.000000 2.207322 1.293356
 1598.000000 2.191374 1.315407
 1599.000000 2.111204 1.243932
 1600.000000 2.213340 1.371883
 1601.000000 2.177471 1.310329
 1602.000000 2.283946 1.261977
 1603.000000 2.326094 1.325582
 1604.000000 2.260446 1.348694
 1605.000000 2.311854 1.244014
 1606.000000 2.305762 1.346174
 1607.000000 2.163067 1.233697
 1608.000000 2.184864 1.273535
 1609.000000 2.213957 1.286199
 1610.000000 2.220993 1.226307
 1611.000000 2.206495 1.271149
 1612.000000 2.331433 1.266365
 1613.000000 2.304561 1.314372
 1614.000000 2.280287 1.285729
 1615.000000 2.295086 1.281153
 1616.000000 2.375036 1.292786
 1617.000000 2.213426 1.263513
 1618.000000 2.245735 1.297104
 1619.000000 2.248164 1.351428
 1620.000000 2.158034 1.280807
 1621.000000 2.120328 1.295375
 1622.000000 2.223009 1.313013
 1623.000000 2.285026 1.284750
 1624.000000 2.164224 1.256170
 1625.000000 2.166119 1.282938
 1626.000000 2.170732 1.286832
 1627.000000 2.257651 1.335264
 1628.000000 2.306802 1.339897
 1629.000000 2.255508 1.305052
 1630.000000 2.241555 1.325385
 1631.000000 2.279620 1.257225
 1632.000000 2.185215 1.333439
 1633.000000 2.215495 1.331271
 1634.000000 2.274678 1.310124
 1635.000000 2.109793 1.339584
 1636.000000 2.115515 1.232917
 1637.000000 2.161962 1.395817
 1638.000000 2.200156 1.299276
 1639.000000 2.193417 1.284803
 1640.000000 2.221255 1.294442
 1641.000000 2.216488 1.396501
 1642.000000 2.278129 1.397174
 1643.000000 2.241348 1.355274
 1644.000000 2.260533 1.340407
 1645.000000 2.113557 1.236706
 1646.000000 2.221536 1.329867
 1647.000000 2.094173 1.337880
 1648.000000 2.247170 1.327140
 1649.000000 2.287966 1.275138
 1650.000000 2.184508 1.339456
 1651.000000 2.199469 1.295345
 1652.000000 2.232710 1.356126
 1653.000000 2.247807 1.295875
 1654.000000 2.205968 1.368945
 1655.000000 2.189781 1.185469
 1656.000000 2.272551 1.180574
 1657.000000 2.195906 1.293620
 1658.000000 2.187136 1.167276
 1659.000000 2.274033 1.351517
 1660.000000 2.211520 1.225739
 1661.000000 2.339036 1.300904
 1662.000000 2.213547 1.322228
 1663.000000 2.297652 1.310065
 1664.000000 2.224077 1.380596
 1665.000000 2.351943 1.352009
 1666.000000 2.398887 1.289129
 1667.000000 2.293658 1.330829
 1668.000000 2.317092 1.262233
 1669.000000 2.176808 1.231426
 1670.000000 2.285183 1.241831
 1671.000000 2.350253 1.193438
 1672.000000 2.339698 1.223298
 1673.000000 2.259292 1.239622
 1674.000000 2.265983 1.255648
 1675.000000 2.323693 1.231086
 1676.000000 2.157270 1.211501
 1677.000000 2.214227 1.254384
 1678.000000 2.150192 1.248066
 1679.000000 2.218751 1.226395
 1680.000000 2.299341 1.292281
 1681.000000 2.263315 1.258525
 1682.000000 2.317896 1.312620
 1683.000000 2.247544 1.260947
 1684.000000 2.246808 1.287441
 1685.000000 2.184138 1.207503
 1686.000000 2.240094 1.236413
 1687.000000 2.220104 1.358643
 1688.000000 2.241789 1.371551
 1689.000000 2.151809 1.252644
 1690.000000 2.224598 1.328753
 1691.000000 2.234822 1.309897
 1692.000000 2.128865 1.253005
 1693.000000 2.305674 1.240550
 1694.000000 2.268563 1.270205
 1695.000000 2.036942 1.206737
 1696.000000 2.082698 1.271840
 1697.000000 2.282519 1.271007
 1698.000000 2.109505 1.242420
 1699.000000 2.199513 1.281728
 1700.000000 2.242434 1.314523
 1701.000000 2.184929 1.288373
 1702.000000 2.197608 1.341258
 1703.000000 2.258892 1.293072
 1704.000000 2.240129 1.221135
 1705.000000 2.224469 1.257837
 1706.000000 2.247262 1.227692
 1707.000000 2.208925 1.279565
 1708.000000 2.201648 1.147331
 1709.000000 2.302017 1.202006
 1710.000000 2.396543 1.148998
 1711.000000 2.353503 1.241539
 1712.000000 2.217012 1.318560
 1713.000000 2.377363 1.239169
 1714.000000 2.213413 1.224363
 1715.000000 2.116325 1.252669
 1716.000000 2.251669 1.266361
 1717.000000 2.138290 1.253827
 1718.000000 2.204176 1.271086
 1719.000000 2.155949 1.240980
 1720.000000 2.069771 1.266078
 1721.000000 2.262037 1.272282
 1722.000000 2.170034 1.257642
 1723.000000 2.297322 1.248879
 1724.000000 2.313216 1.207082
 1725.000000 2.248353 1.301721
 1726.000000 2.243329 1.259822
 1727.000000 2.202889 1.299436
 1728.000000 2.143823 1.309267
 1729.000000 2.279462 1.292347
 1730.000000 2.266274 1.270197
 1731.000000 2.221737 1.210446
 1732.000000 2.315760 1.127345
 1733.000000 2.047184 1.306146
 1734.000000 2.177133 1.201606
 1735.000000 2.253119 1.275298
 1736.000000 2.105872 1.151675
 1737.000000 2.222507 1.239233
 1738.000000 2.334093 1.223020
 1739.000000 2.254621 1.260688
 1740.000000 2.141813 1.292543
 1741.000000 2.199382 1.111350
 1742.000000 2.191761 1.236699
 1743.000000 2.330033 1.266372
 1744.000000 2.253045 1.216595
 1745.000000 2.227716 1.197317
 1746.000000 2.295454 1.193556
 1747.000000 2.412177 1.217720
 1748.000000 2.400684 1.176838
 1749.000000 2.264572 1.216723
 1750.000000 2.313410 1.202351
 1751.000000 2.382190 1.183542
 1752.000000 2.414202 1.154460
 1753.000000 2.258393 1.230822
 1754.000000 2.267092 1.183936
 1755.000000 2.378501 1.187027
 1756.000000 2.189473 1.153386
 1757.000000 2.329651 1.168786
 1758.000000 2.243835 1.120668
 1759.000000 2.271906 1.198563
 1760.000000 2.255113 1.208324
 1761.000000 2.250761 1.188210
 1762.000000 2.181036 1.145265
 1763.000000 2.307002 1.190643
 1764.000000 2.295524 1.199952
 1765.000000 2.185022 1.182624
 1766.000000 2.233719 1.175513
 1767.000000 2.277835 1.145257
 1768.000000 2.319168 1.228801
 1769.000000 2.256742 1.144700
 1770.000000 2.242523 1.207726
 1771.000000 2.179126 1.190929
 1772.000000 2.264295 1.191782
 1773.000000 2.103867 1.157162
 1774.000000 2.228243 1.202195
 1775.000000 2.336809 1.174766
 1776.000000 2.221887 1.167146
 1777.000000 2.231902 1.169237
 1778.000000 2.127587 1.159599
 1779.000000 2.303602 1.140520
 1780.000000 2.253274 1.148642
 1781.000000 2.292542 1.215803
 1782.000000 2.280059 1.164425
 1783.000000 2.325393 1.245010
 1784.000000 2.315448 1.151384
 1785.000000 2.245526 1.219157
 1786.000000 2.209172 1.226887
 1787.000000 2.208199 1.314649
 1788.000000 2.212946 1.307062
 1789.000000 2.252782 1.199397
 1790.000000 2.248209 1.159678
 1791.000000 2.271750 1.191309
 1792.000000 2.252019 1.259612
 1793.000000 2.250219 1.227174
 1794.000000 2.223066 1.208380
 1795.000000 2.292153 1.208576
 1796.000000 2.276967 1.222562
 1797.000000 2.246758 1.114294
 1798.000000 2.270726 1.204202
 1799.000000 2.338015 1.164965
 1800.000000 2.336684 1.203000
 1801.000000 2.219901 1.225334
 1802.000000 2.175683 1.136526
 1803.000000 2.187714 1.233036
 1804.000000 2.178919 1.205107
 1805.000000 2.197152 1.215089
 1806.000000 2.157469 1.188198
 1807.000000 2.167707 1.209730
 1808.000000 2.261680 1.267826
 1809.000000 2.434172 1.197653
 1810.000000 2.279795 1.160350
 1811.000000 2.316442 1.193244
 1812.000000 2.194325 1.263905
 1813.000000 2.209530 1.301002
 1814.000000 2.236092 1.193191
 1815.000000 2.225805 1.201680
 1816.000000 2.133992 1.303124
 1817.000000 2.186100 1.205683
 1818.000000 2.225752 1.298437
 1819.000000 2.435648 1.288820
 1820.000000 2.191539 1.216389
 1821.000000 2.287666 1.218747
 1822.000000 2.332222 1.151401
 1823.000000 2.207470 1.201654
 1824.000000 2.296556 1.200523
 1825.000000 2.374359 1.266140
 1826.000000 2.274254 1.267231
 1827.000000 2.225027 1.252397
 1828.000000 2.259856 1.260040
 1829.000000 2.163414 1.286108
 1830.000000 2.251840 1.157990
 1831.000000 2.223211 1.340977
 1832.000000 2.234432 1.318198
 1833.000000 2.211104 1.299529
 1834.000000 2.242447 1.342261
 1835.000000 2.182776 1.278757
 1836.000000 2.127568 1.254199
 1837.000000 2.357114 1.284352
 1838.000000 2.207081 1.274971
 1839.000000 2.271884 1.292715
 1840.000000 2.245653 1.263715
 1841.000000 2.172354 1.189416
 1842.000000 2.324864 1.281641
 1843.000000 2.158005 1.278405
 1844.000000 2.120262 1.219535
 1845.000000 2.132495 1.224771
 1846.000000 2.209347 1.240077
 1847.000000 2.159321 1.218126
 1848.000000 2.145467 1.213245
 1849.000000 2.202179 1.144242
 1850.000000 2.172619 1.277538
 1851.000000 2.245888 1.291941
 1852.000000 2.180404 1.304190
 1853.000000 2.136859 1.308112
 1854.000000 2.061661 1.354486
 1855.000000 2.139553 1.287524
 1856.000000 2.197197 1.310507
 1857.000000 2.156314 1.267482
 1858.000000 2.129812 1.249476
 1859.000000 2.103155 1.213522
 1860.000000 2.231941 1.244140
 1861.000000 2.276404 1.231071
 1862.000000 2.141472 1.235419
 1863.000000 2.185387 1.243455
 1864.000000 2.264351 1.262214
 1865.000000 2.143351 1.293313
 1866.000000 2.221047 1.240171
 1867.000000 2.124114 1.311292
 1868.000000 2.249962 1.237801
 1869.000000 2.266494 1.295887
 1870.000000 2.205502 1.258326
 1871.000000 2.120664 1.337880
 1872.000000 2.214859 1.236201
 1873.000000 2.219852 1.279554
 1874.000000 2.176033 1.209525
 1875.000000 2.179706 1.232522
 1876.000000 2.196354 1.204782
 1877.000000 2.256572 1.311814
 1878.000000 2.324162 1.224720
 1879.000000 2.135746 1.284938
 1880.000000 2.136232 1.211499
 1881.000000 2.335307 1.280768
 1882.000000 2.154152 1.224189
 1883.000000 2.210040 1.248791
 1884.000000 2.332405 1.249496
 1885.000000 2.119859 1.193127
 1886.000000 2.273650 1.243980
 1887.000000 2.230307 1.275984
 1888.000000 2.231642 1.247030
 1889.000000 2.144738 1.241284
 1890.000000 2.116356 1.217825
 1891.000000 2.216162 1.278118
 1892.000000 2.083245 1.253363
 1893.000000 2.221106 1.255298
 1894.000000 2.050855 1.230615
 1895.000000 2.183833 1.223769
 1896.000000 2.208615 1.262637
 1897.000000 2.183323 1.267603
 1898.000000 2.154676 1.255958
 1899.000000 2.131909 1.242954
 1900.000000 2.280636 1.283630
 1901.000000 2.248592 1.292525
 1902.000000 2.315457 1.231113
 1903.000000 2.197675 1.184175
 1904.000000 2.224012 1.224130
 1905.000000 2.152921 1.243667
 1906.000000 2.205722 1.268831
 1907.000000 2.162654 1.280009
 1908.000000 2.122585 1.251145
 1909.000000 2.291422 1.292930
 1910.000000 2.165956 1.147293
 1911.000000 2.134684 1.230314
 1912.000000 2.134061 1.265100
 1913.000000 2.185572 1.310674
 1914.000000 2.078855 1.201302
 1915.000000 2.079740 1.268142
 1916.000000 2.123202 1.263657
 1917.000000 2.174743 1.298622
 1918.000000 2.163937 1.187023
 1919.000000 2.111661 1.244748
 1920.000000 2.134965 1.215832
 1921.000000 2.239922 1.262050
 1922.000000 2.233937 1.328368
 1923.000000 2.192387 1.267997
 1924.000000 2.187584 1.292828
 1925.000000 2.246074 1.286799
 1926.000000 2.103828 1.261142
 1927.000000 2.216019 1.212394
 1928.000000 2.157382 1.217850
 1929.000000 2.160992 1.309919
 1930.000000 2.133853 1.311587
 1931.000000 2.152992 1.220077
 1932.000000 2.210062 1.293037
 1933.000000 2.102342 1.222202
 1934.000000 2.201603 1.293078
 1935.000000 2.135217 1.272073
 1936.000000 2.188303 1.324373
 1937.000000 2.254256 1.285635
 1938.000000 2.292917 1.254817
 1939.000000 2.300577 1.190600
 1940.000000 2.259912 1.209331
 1941.000000 2.150169 1.234043
 1942.000000 2.098480 1.208198
 1943.000000 2.240467 1.243016
 1944.000000 2.292915 1.297863
 1945.000000 2.128704 1.279340
 1946.000000 2.195114 1.287947
 1947.000000 2.167428 1.326828
 1948.000000 2.333481 1.312469
 1949.000000 2.222700 1.252885
 1950.000000 2.155420 1.255343
 1951.000000 2.267605 1.264797
 1952.000000 2.172342 1.258225
 1953.000000 2.157778 1.246143
 1954.000000 2.220288 1.275370
 1955.000000 2.182861 1.243360
 1956.000000 2.209992 1.296854
 1957.000000 2.182814 1.327127
 1958.000000 2.241803 1.326891
 1959.000000 2.135697 1.268158
 1960.000000 2.227850 1.262343
 1961.000000 2.084150 1.356668
 1962.000000 2.210898 1.263249
 1963.000000 2.217496 1.279206
 1964.000000 2.158243 1.273751
 1965.000000 2.202301 1.326131
 1966.000000 2.191550 1.262755
 1967.000000 2.203866 1.256964
 1968.000000 2.234132 1.225149
 1969.000000 2.304488 1.326287
 1970.000000 2.193592 1.368996
 1971.000000 2.195063 1.232126
 1972.000000 2.288488 1.233677
 1973.000000 2.238953 1.288525
 1974.000000 2.184481 1.310303
 1975.000000 2.155243 1.298231
 1976.000000 2.194034 1.317010
 1977.000000 2.257246 1.281134
 1978.000000 2.171425 1.257346
 1979.000000 2.240727 1.277809
 1980.000000 2.302191 1.279331
 1981.000000 2.218771 1.234797
 1982.000000 2.236677 1.277304
 1983.000000 2.233712 1.288963
 1984.000000 2.219042 1.282753
 1985.000000 2.222123 1.276138
 1986.000000 2.306622 1.246101
 1987.000000 2.199184 1.230053
 1988.000000 2.057778 1.157215
 1989.000000 2.158101 1.270710
 1990.000000 2.127975 1.287814
 1991.000000 2.090860 1.312473
 1992.000000 2.239064 1.356081
 1993.000000 2.205042 1.298648
 1994.000000 2.127140 1.297734
 1995.000000 2.305331 1.336012
 1996.000000 2.237031 1.348036
 1997.000000 2.179936 1.328296
 1998.000000 2.225065 1.262686
 1999.000000 2.226298 1.268313
 2000.000000 2.259091 1.161774
 2001.000000 2.208864 1.336992
 2002.000000 2.186841 1.356630
 2003.000000 2.195816 1.275943
 2004.000000 2.187252 1.254288
 2005.000000 2.245236 1.259339
 2006.000000 2.112646 1.246656
 2007.000000 2.281870 1.202710
 2008.000000 2.170290 1.232435
 2009.000000 2.213724 1.332031
 2010.000000 2.148431 1.254063
 2011.000000 2.121513 1.263194
 2012.000000 2.286666 1.210526
 2013.000000 2.220892 1.306688
 2014.000000 2.176376 1.324858
 2015.000000 2.243990 1.288438
 2016.000000 2.210798 1.396280
 2017.000000 2.316788 1.330759
 2018.000000 2.315458 1.294413
 2019.000000 2.129936 1.306175
 2020.000000 2.335067 1.265825
 2021.000000 2.203717 1.239616
 2022.000000 2.218016 1.268586
 2023.000000 2.179984 1.240231
 2024.000000 2.219680 1.248225
 2025.000000 2.178565 1.328803
 2026.000000 2.208108 1.258952
 2027.000000 2.269179 1.241186
 2028.000000 2.129709 1.258389
 2029.000000 2.237590 1.217827
 2030.000000 2.176726 1.214514
 2031.000000 2.252531 1.224053
 2032.000000 2.211904 1.328369
 2033.000000 2.152116 1.264740
 2034.000000 2.287137 1.245705
 2035.000000 2.163276 1.266723
 2036.000000 2.096545 1.289677
 2037.000000 2.280172 1.300036
 2038.000000 2.270015 1.281308
 2039.000000 2.318944 1.232599
 2040.000000 2.216606 1.277486
 2041.000000 2.221283 1.210989
 2042.000000 2.251026 1.266586
 2043.000000 2.323591 1.329384
 2044.000000 2.241556 1.277720
 2045.000000 2.236914 1.288033
 2046.000000 2.231358 1.213177
 2047.000000 2.148926 1.293636
 2048.000000 2.324333 1.280245
 2049.000000 2.158718 1.264442
 2050.000000 2.194476 1.320742
 2051.000000 2.221532 1.334749
 2052.000000 2.171179 1.302847
 2053.000000 2.093257 1.324226
 2054.000000 2.123416 1.339513
 2055.000000 2.208285 1.285059
 2056.000000 2.166363 1.295552
 2057.000000 2.234714 1.271532
 2058.000000 2.170520 1.307547
 2059.000000 2.149492 1.298806
 2060.000000 2.229147 1.361557
 2061.000000 2.109070 1.364307
 2062.000000 2.166331 1.302299
 2063.000000 2.186526 1.263648
 2064.000000 2.076483 1.188330
 2065.000000 2.303881 1.264414
 2066.000000 2.300671 1.296150
 2067.000000 2.293310 1.248381
 2068.000000 2.134962 1.221225
 2069.000000 2.218726 1.323098
 2070.000000 2.253198 1.319190
 2071.000000 2.173347 1.276409
 2072.000000 2.321745 1.222640
 2073.000000 2.217675 1.295371
 2074.000000 2.166677 1.247651
 2075.000000 2.196127 1.270425
 2076.000000 2.113650 1.290372
 2077.000000 2.244543 1.347286
 2078.000000 2.154008 1.262470
 2079.000000 2.243205 1.314213
 2080.000000 2.243073 1.163999
 2081.000000 2.048992 1.231942
 2082.000000 2.249727 1.308666
 2083.000000 2.218893 1.256360
 2084.000000 2.216317 1.295815
 2085.000000 2.213895 1.322579
 2086.000000 2.250256 1.272080
 2087.000000 2.227854 1.321364
 2088.000000 2.285122 1.254201
 2089.000000 2.167009 1.328451
 2090.000000 2.369174 1.291051
 2091.000000 2.255099 1.229585
 2092.000000 2.197567 1.220088
 2093.000000 2.150145 1.246118
 2094.000000 2.353053 1.289067
 2095.000000 2.225750 1.308857
 2096.000000 2.213460 1.225141
 2097.000000 2.070935 1.192789
 2098.000000 2.170514 1.221368
 2099.000000 2.213008 1.309027
 2100.000000 2.262493 1.327996
 2101.000000 2.229810 1.218426
 2102.000000 2.175583 1.234339
 2103.000000 2.256229 1.268332
 2104.000000 2.136446 1.242778
 2105.000000 2.291219 1.334282
 2106.000000 2.193528 1.301908
 2107.000000 2.159242 1.258171
 2108.000000 2.210408 1.313112
 2109.000000 2.216860 1.286902
 2110.000000 2.336880 1.280653
 2111.000000 2.124385 1.379933
 2112.000000 2.178783 1.310187
 2113.000000 2.277370 1.289096
 2114.000000 2.263938 1.297549
 2115.000000 2.287066 1.253930
 2116.000000 2.202567 1.244033
 2117.000000 2.229081 1.241678
 2118.000000 2.299430 1.276191
 2119.000000 2.200039 1.207850
 2120.000000 2.293852 1.205154
 2121.000000 2.231502 1.298776
 2122.000000 2.196573 1.216954
 2123.000000 2.223379 1.271032
 2124.000000 2.141531 1.282985
 2125.000000 2.257907 1.260199
 2126.000000 2.224195 1.302125
 2127.000000 2.195437 1.215567
 2128.000000 2.293038 1.199202
 2129.000000 2.232252 1.241646
 2130.000000 2.184836 1.244911
 2131.000000 2.235083 1.185589
 2132.000000 2.127284 1.268145
 2133.000000 2.180295 1.337241
 2134.000000 2.276796 1.298380
 2135.000000 2.228899 1.322544
 2136.000000 2.259884 1.292300
 2137.000000 2.245869 1.235748
 2138.000000 2.207685 1.286951
 2139.000000 2.114733 1.193222
 2140.000000 2.152780 1.213040
 2141.000000 2.185850 1.276031
 2142.000000 2.229570 1.269118
 2143.000000 2.271527 1.227259
 2144.000000 2.152412 1.297648
 2145.000000 2.264699 1.353475
 2146.000000 2.244047 1.274909
 2147.000000 2.192800 1.279822
 2148.000000 2.142541 1.275523
 2149.000000 2.159746 1.231620
 2150.000000 2.288547 1.161295
 2151.000000 2.243743 1.280296
 2152.000000 2.178565 1.270033
 2153.000000 2.251932 1.236851
 2154.000000 2.191981 1.265422
 2155.000000 2.173033 1.195936
 2156.000000 2.249550 1.316503
 2157.000000 2.172079 1.252605
 2158.000000 2.295238 1.184869
 2159.000000 2.241539 1.290253
 2160.000000 2.218070 1.246276
 2161.000000 2.213239 1.294541
 2162.000000 2.241609 1.354053
 2163.000000 2.111326 1.281396
 2164.000000 2.157417 1.271525
 2165.000000 2.287470 1.261349
 2166.000000 2.187126 1.326857
 2167.000000 2.146688 1.183805
 2168.000000 2.073049 1.202114
 2169.000000 2.386385 1.279220
 2170.000000 2.159565 1.270264
 2171.000000 2.191929 1.250807
 2172.000000 2.229328 1.203378
 2173.000000 2.247683 1.180321
 2174.000000 2.149436 1.308282
 2175.000000 2.134692 1.273037
 2176.000000 2.262986 1.242609
 2177.000000 2.163164 1.293118
 2178.000000 2.230224 1.313469
 2179.000000 2.174610 1.246275
 2180.000000 2.073926 1.308877
 2181.000000 2.197904 1.327888
 2182.000000 2.200224 1.277207
 2183.000000 2.315556 1.333296
 2184.000000 2.168724 1.241130
 2185.000000 2.323694 1.249026
 2186.000000 2.257879 1.329366
 2187.000000 2.228355 1.270464
 2188.000000 2.267227 1.180326
 2189.000000 2.126620 1.257367
 2190.000000 2.210205 1.257509
 2191.000000 2.183298 1.218396
 2192.000000 2.194191 1.227085
 2193.000000 2.146463 1.254568
 2194.000000 2.244399 1.334442
 2195.000000 2.177914 1.378555
 2196.000000 2.165335 1.336614
 2197.000000 2.181820 1.273717
 2198.000000 2.098784 1.309836
 2199.000000 2.210225 1.229275
 2200.000000 2.137807 1.273565
 2201.000000 2.209975 1.281010
 2202.000000 2.144364 1.226632
 2203.000000 2.229189 1.315946
 2204.000000 2.158906 1.332454
 2205.000000 2.297705 1.367159
 2206.000000 2.245752 1.321559
 2207.000000 2.227441 1.232593
 2208.000000 2.210732 1.379047
 2209.000000 2.180364 1.372841
 2210.000000 2.216254 1.326326
 2211.000000 2.089244 1.301629
 2212.000000 2.196980 1.265962
 2213.000000 2.210594 1.255720
 2214.000000 2.292270 1.353325
 2215.000000 2.197713 1.429167
 2216.000000 2.371965 1.397198
 2217.000000 2.188137 1.315516
 2218.000000 2.216513 1.331338
 2219.000000 2.297619 1.276737
 2220.000000 2.238633 1.246080
 2221.000000 2.189566 1.282214
 2222.000000 2.246520 1.339273
 2223.000000 2.201710 1.306569
 2224.000000 2.263871 1.277480
 2225.000000 2.134498 1.275631
 2226.000000 2.150484 1.363551
 2227.000000 2.219922 1.268359
 2228.000000 2.295005 1.216403
 2229.000000 2.300051 1.328015
 2230.000000 2.205896 1.285052
 2231.000000 2.212012 1.296796
 2232.000000 2.170492 1.302906
 2233.000000 2.233478 1.270706
 2234.000000 2.150489 1.292050
 2235.000000 2.157203 1.326120
 2236.000000 2.209806 1.273646
 2237.000000 2.233373 1.279443
 2238.000000 2.223678 1.249323
 2239.000000 2.264072 1.290449
 2240.000000 2.148044 1.283102
 2241.000000 2.208524 1.204969
 2242.000000 2.173608 1.240546
 2243.000000 2.116527 1.225472
 2244.000000 2.153542 1.250702
 2245.000000 2.133150 1.266699
 2246.000000 2.202528 1.249293
 2247.000000 2.167162 1.294934
 2248.000000 2.142882 1.268915
 2249.000000 2.269074 1.306055
 2250.000000 2.180147 1.344250
 2251.000000 2.186467 1.286874
 2252.000000 2.180368 1.251469
 2253.000000 2.242010 1.315294
 2254.000000 2.210895 1.319245
 2255.000000 2.281387 1.389365
 2256.000000 2.228860 1.280766
 2257.000000 2.258530 1.217789
 2258.000000 2.263959 1.253395
 2259.000000 2.252839 1.293722
 2260.000000 2.114805 1.353791
 2261.000000 2.235848 1.264989
 2262.000000 2.184315 1.318847
 2263.000000 2.216285 1.320441
 2264.000000 2.189178 1.348224
 2265.000000 2.152248 1.246044
 2266.000000 2.185977 1.342974
 2267.000000 2.238789 1.255722
 2268.000000 2.152471 1.356789
 2269.000000 2.173496 1.388830
 2270.000000 2.171000 1.325706
 2271.000000 2.193356 1.302943
 2272.000000 2.282213 1.348459
 2273.000000 2.239840 1.282695
 2274.000000 2.193818 1.374936
 2275.000000 2.209319 1.285785
 2276.000000 2.125808 1.278953
 2277.000000 2.298340 1.365148
 2278.000000 2.252870 1.309401
 2279.000000 2.122901 1.288844
 2280.000000 2.167845 1.304573
 2281.000000 2.192163 1.258331
 2282.000000 2.186473 1.130569
 2283.000000 2.135849 1.283446
 2284.000000 2.206837 1.294763
 2285.000000 2.210583 1.307499
 2286.000000 2.231735 1.316585
 2287.000000 2.200569 1.332009
 2288.000000 2.140207 1.313548
 2289.000000 2.219425 1.313534
 2290.000000 2.142499 1.250974
 2291.000000 2.218819 1.307369
 2292.000000 2.253667 1.344427
 2293.000000 2.259353 1.245568
 2294.000000 2.166482 1.180306
 2295.000000 2.152515 1.272718
 2296.000000 2.257841 1.283769
 2297.000000 2.231473 1.260724
 2298.000000 2.293671 1.285522
 2299.000000 2.282733 1.268346
 2300.000000 2.143740 1.302195
 2301.000000 2.181521 1.321031
 2302.000000 2.227120 1.242091
 2303.000000 2.243281 1.253562
 2304.000000 2.230187 1.297429
 2305.000000 2.219599 1.302221
 2306.000000 2.160489 1.274555
 2307.000000 2.082923 1.224584
 2308.000000 2.159016 1.270721
 2309.000000 2.165182 1.302537
 2310.000000 2.148344 1.224881
 2311.000000 2.193859 1.281793
 2312.000000 2.236420 1.198596
 2313.000000 2.225041 1.293787
 2314.000000 2.168814 1.283556
 2315.000000 2.203467 1.225008
 2316.000000 2.192110 1.265518
 2317.000000 2.137125 1.230404
 2318.000000 2.155461 1.241258
 2319.000000 2.205630 1.231253
 2320.000000 2.186741 1.282708
 2321.000000 2.195072 1.255957
 2322.000000 2.211978 1.217509
 2323.000000 2.171032 1.167151
 2324.000000 2.161418 1.271358
 2325.000000 2.145423 1.306000
 2326.000000 2.171065 1.307760
 2327.000000 2.176366 1.325848
 2328.000000 2.197498 1.210601
 2329.000000 2.225578 1.263334
 2330.000000 2.226412 1.237826
 2331.000000 2.206989 1.225671
 2332.000000 2.265366 1.265201
 2333.000000 2.216721 1.210605
 2334.000000 2.256182 1.334084
 2335.000000 2.105691 1.243709
 2336.000000 2.186419 1.268174
 2337.000000 2.181098 1.339739
 2338.000000 2.193989 1.379785
 2339.000000 2.208233 1.327440
 2340.000000 2.185222 1.326104
 2341.000000 2.294999 1.271368
 2342.000000 2.190244 1.271874
 2343.000000 2.242640 1.244315
 2344.000000 2.156713 1.301619
 2345.000000 2.251074 1.329758
 2346.000000 2.187198 1.341741
 2347.000000 2.100996 1.229371
 2348.000000 2.095442 1.213205
 2349.000000 2.261386 1.338433
 2350.000000 2.119774 1.233093
 2351.000000 2.192274 1.267204
 2352.000000 2.211371 1.261769
 2353.000000 2.229563 1.260304
 2354.000000 2.134006 1.218349
 2355.000000 2.134261 1.231170
 2356.000000 2.101233 1.193198
 2357.000000 2.185875 1.234719
 2358.000000 2.239075 1.248740
 2359.000000 2.128920 1.208188
 2360.000000 2.179937 1.236863
 2361.000000 2.181011 1.261770
 2362.000000 2.277787 1.288052
 2363.000000 2.226792 1.229415
 2364.000000 2.059880 1.233710
 2365.000000 2.178146 1.288653
 2366.000000 2.188288 1.288849
 2367.000000 2.146804 1.207790
 2368.000000 2.298739 1.285615
 2369.000000 2.277094 1.199199
 2370.000000 2.287629 1.351547
 2371.000000 2.238720 1.320090
 2372.000000 2.183593 1.303389
 2373.000000 2.075886 1.249024
 2374.000000 2.179504 1.255772
 2375.000000 2.185680 1.299942
 2376.000000 2.234229 1.260243
 2377.000000 2.131718 1.345615
 2378.000000 2.242637 1.235680
 2379.000000 2.221741 1.364021
 2380.000000 2.179868 1.344461
 2381.000000 2.173901 1.300134
 2382.000000 2.223978 1.327626
 2383.000000 2.144187 1.284751
 2384.000000 2.176830 1.297598
 2385.000000 2.173447 1.306125
 2386.000000 2.248137 1.300255
 2387.000000 2.197496 1.229739
 2388.000000 2.169339 1.231846
 2389.000000 2.273506 1.223145
 2390.000000 2.254077 1.249307
 2391.000000 2.237409 1.163262
 2392.000000 2.223782 1.154831
 2393.000000 2.364440 1.222595
 2394.000000 2.220859 1.189917
 2395.000000 2.244987 1.219936
 2396.000000 2.333483 1.195886
 2397.000000 2.230072 1.118631
 2398.000000 2.307230 1.254097
 2399.000000 2.209968 1.191925
 2400.000000 2.102290 1.192552
 2401.000000 2.280661 1.220017
 2402.000000 2.215276 1.123142
 2403.000000 2.269144 1.185161
 2404.000000 2.303056 1.370095
 2405.000000 2.264833 1.333075
 2406.000000 2.375335 1.311148
 2407.000000 2.325189 1.347104
 2408.000000 2.237066 1.299679
 2409.000000 2.190956 1.403171
 2410.000000 2.213044 1.276188
 2411.000000 2.189329 1.300138
 2412.000000 2.112746 1.329917
 2413.000000 2.227882 1.339745
 2414.000000 2.152724 1.370745
 2415.000000 2.150262 1.308369
 2416.000000 2.218470 1.250572
 2417.000000 2.220386 1.258835
 2418.000000 2.196806 1.246354
 2419.000000 2.166178 1.227507
 2420.000000 2.212196 1.254378
 2421.000000 2.208027 1.307614
 2422.000000 2.182075 1.306529
 2423.000000 2.195890 1.268350
 2424.000000 2.137062 1.245268
 2425.000000 2.155083 1.297984
 2426.000000 2.233140 1.350167
 2427.000000 2.157468 1.247645
 2428.000000 2.196053 1.235260
 2429.000000 2.240917 1.272533
 2430.000000 2.257869 1.292999
 2431.000000 2.187517 1.292100
 2432.000000 2.279648 1.296664
 2433.000000 2.285342 1.279610
 2434.000000 2.222042 1.240481
 2435.000000 2.207371 1.272430
 2436.000000 2.197139 1.273302
 2437.000000 2.165834 1.314061
 2438.000000 2.270461 1.247566
 2439.000000 2.092947 1.297104
 2440.000000 2.200485 1.327843
 2441.000000 2.152125 1.344258
 2442.000000 2.243086 1.236232
 2443.000000 2.231089 1.312649
 2444.000000 2.217742 1.258525
 2445.000000 2.151923 1.334893
 2446.000000 2.204093 1.316094
 2447.000000 2.227233 1.342596
 2448.000000 2.245968 1.263845
 2449.000000 2.179443 1.254516
 2450.000000 2.151709 1.291533
 2451.000000 2.195451 1.325494
 2452.000000 2.233663 1.282734
 2453.000000 2.268829 1.374631
 2454.000000 2.211652 1.311620
 2455.000000 2.219393 1.282908
 2456.000000 2.232546 1.291052
 2457.000000 2.244697 1.278057
 2458.000000 2.379044 1.308801
 2459.000000 2.160300 1.303795
 2460.000000 2.202112 1.347578
 2461.000000 2.217372 1.341394
 2462.000000 2.183837 1.322288
 2463.000000 2.233653 1.302547
 2464.000000 2.108160 1.260401
 2465.000000 2.216098 1.250613
 2466.000000 2.195579 1.318516
 2467.000000 2.280548 1.235142
 2468.000000 2.351352 1.262579
 2469.000000 2.209029 1.226711
 2470.000000 2.325542 1.273076
 2471.000000 2.204112 1.307657
 2472.000000 2.315077 1.282412
 2473.000000 2.155086 1.318113
 2474.000000 2.292368 1.287418
 2475.000000 2.268528 1.212743
 2476.000000 2.163146 1.149370
 2477.000000 2.288504 1.182879
 2478.000000 2.264552 1.307179
 2479.000000 2.185266 1.182805
 2480.000000 2.316277 1.228849
 2481.000000 2.227263 1.268949
 2482.000000 2.275427 1.319912
 2483.000000 2.201631 1.311578
 2484.000000 2.328504 1.310648
 2485.000000 2.192989 1.323206
 2486.000000 2.229767 1.271268
 2487.000000 2.281146 1.233506
 2488.000000 2.321412 1.236825
 2489.000000 2.306284 1.290306
 2490.000000 2.307686 1.267241
 2491.000000 2.277547 1.314768
 2492.000000 2.169194 1.308372
 2493.000000 2.173764 1.298095
 2494.000000 2.109668 1.298395
 2495.000000 2.278423 1.289663
 2496.000000 2.243698 1.309533
 2497.000000 2.327314 1.313161
 2498.000000 2.169365 1.298412
 2499.000000 2.125823 1.294391
 2500.000000 2.316164 1.329606
