#! FIELDS time pd_137_140 diff
 0.000000 2.018520 1.285130
 1.000000 1.919226 1.415947
 2.000000 1.816147 1.416186
 3.000000 1.888389 1.381007
 4.000000 1.758437 1.395739
 5.000000 1.953097 1.409422
 6.000000 1.785037 1.391782
 7.000000 1.814106 1.462215
 8.000000 1.788136 1.472883
 9.000000 1.839778 1.481896
 10.000000 1.856908 1.441190
 11.000000 1.736743 1.436878
 12.000000 1.801100 1.381002
 13.000000 1.855118 1.442311
 14.000000 1.950943 1.459239
 15.000000 1.834524 1.410944
 16.000000 1.790726 1.393371
 17.000000 1.861646 1.392513
 18.000000 1.794486 1.396790
 19.000000 1.865993 1.379987
 20.000000 1.907109 1.373335
 21.000000 1.876952 1.431622
 22.000000 1.873018 1.430609
 23.000000 1.851031 1.328441
 24.000000 1.769593 1.432336
 25.000000 1.768407 1.425049
 26.000000 1.932034 1.453101
 27.000000 1.746666 1.505500
 28.000000 1.851012 1.407320
 29.000000 1.787208 1.444568
 30.000000 1.757765 1.431096
 31.000000 1.748844 1.434548
 32.000000 1.853336 1.439598
 33.000000 1.834484 1.380263
 34.000000 1.773128 1.413109
 35.000000 1.875799 1.442238
 36.000000 1.738182 1.432125
 37.000000 1.879405 1.384954
 38.000000 1.778463 1.455491
 39.000000 1.853224 1.372756
 40.000000 1.841733 1.417700
 41.000000 1.921508 1.427334
 42.000000 1.861555 1.459202
 43.000000 1.712185 1.486731
 44.000000 1.855466 1.418869
 45.000000 1.836383 1.370849
 46.000000 1.830449 1.390096
 47.000000 1.782749 1.446643
 48.000000 1.761691 1.386268
 49.000000 1.866696 1.389188
 50.000000 1.789100 1.396961
 51.000000 1.761198 1.414709
 52.000000 1.771229 1.405588
 53.000000 1.828555 1.460772
 54.000000 1.740133 1.425888
 55.000000 1.835051 1.450646
 56.000000 1.921182 1.398299
 57.000000 1.944852 1.414479
 58.000000 1.861853 1.353160
 59.000000 1.863490 1.433636
 60.000000 1.825006 1.393046
 61.000000 1.866740 1.377657
 62.000000 1.864719 1.420914
 63.000000 1.855311 1.367748
 64.000000 1.806694 1.458691
 65.000000 1.857418 1.399961
 66.000000 1.836385 1.408019
 67.000000 1.805751 1.428221
 68.000000 1.854426 1.438586
 69.000000 1.810158 1.451119
 70.000000 1.788709 1.420981
 71.000000 1.973447 1.432229
 72.000000 1.847220 1.420567
 73.000000 1.890515 1.458390
 74.000000 1.875096 1.404871
 75.000000 1.837830 1.445954
 76.000000 1.833459 1.493196
 77.000000 1.942130 1.551916
 78.000000 1.900299 1.396161
 79.000000 1.817319 1.412304
 80.000000 1.893817 1.467349
 81.000000 1.836002 1.477120
 82.000000 1.890584 1.449981
 83.000000 1.992901 1.445987
 84.000000 1.941961 1.457559
 85.000000 1.744512 1.403201
 86.000000 1.830506 1.395039
 87.000000 1.770997 1.339165
 88.000000 1.774585 1.374432
 89.000000 1.823010 1.370353
 90.000000 1.858380 1.337575
 91.000000 1.913071 1.343516
 92.000000 1.841301 1.417239
 93.000000 1.919387 1.401665
 94.000000 1.908217 1.420132
 95.000000 1.874712 1.451999
 96.000000 1.837261 1.395203
 97.000000 1.931241 1.430319
 98.000000 1.916400 1.435116
 99.000000 1.885971 1.438702
 100.000000 1.914650 1.432792
 101.000000 1.873466 1.471818
 102.000000 2.036406 1.513396
 103.000000 1.847216 1.483980
 104.000000 1.914475 1.467749
 105.000000 1.869896 1.476389
 106.000000 1.918746 1.405593
 107.000000 1.841297 1.452594
 108.000000 1.968015 1.483050
 109.000000 1.777950 1.435348
 110.000000 1.915313 1.456820
 111.000000 1.881613 1.507111
 112.000000 1.789699 1.461514
 113.000000 1.898569 1.414989
 114.000000 1.830291 1.397069
 115.000000 1.891770 1.443050
 116.000000 1.897388 1.418981
 117.000000 1.976160 1.485464
 118.000000 1.843033 1.458776
 119.000000 1.860723 1.430852
 120.000000 1.902863 1.423360
 121.000000 1.932720 1.428925
 122.000000 1.867053 1.415710
 123.000000 1.909092 1.486099
 124.000000 1.981117 1.497790
 125.000000 1.919864 1.482612
 126.000000 1.916594 1.384515
 127.000000 1.850929 1.388004
 128.000000 1.847347 1.456744
 129.000000 1.891409 1.444233
 130.000000 1.867744 1.418604
 131.000000 1.835131 1.435766
 132.000000 1.752357 1.476483
 133.000000 1.883920 1.422979
 134.000000 1.951245 1.429678
 135.000000 1.897077 1.476622
 136.000000 1.857427 1.409115
 137.000000 1.955377 1.413953
 138.000000 1.945596 1.420371
 139.000000 1.886083 1.471325
 140.000000 1.943556 1.462837
 141.000000 1.951009 1.392720
 142.000000 1.873989 1.413021
 143.000000 1.916964 1.453417
 144.000000 1.921930 1.392340
 145.000000 1.881843 1.419027
 146.000000 1.779627 1.538258
 147.000000 1.872907 1.510577
 148.000000 1.871199 1.337850
 149.000000 1.894762 1.455587
 150.000000 1.935256 1.390283
 151.000000 1.858845 1.438948
 152.000000 1.800881 1.406205
 153.000000 1.771424 1.403653
 154.000000 1.878348 1.451164
 155.000000 1.880038 1.475589
 156.000000 1.935606 1.353775
 157.000000 1.858475 1.450603
 158.000000 1.845755 1.423326
 159.000000 1.850853 1.430814
 160.000000 1.758270 1.447348
 161.000000 1.866250 1.422756
 162.000000 1.894002 1.379139
 163.000000 1.841038 1.364819
 164.000000 1.849274 1.442730
 165.000000 1.843443 1.411075
 166.000000 1.847091 1.353631
 167.000000 1.935238 1.403991
 168.000000 1.887498 1.372698
 169.000000 1.862440 1.361876
 170.000000 1.976385 1.372019
 171.000000 1.886948 1.397628
 172.000000 1.884714 1.414320
 173.000000 1.843812 1.378042
 174.000000 1.935958 1.457285
 175.000000 1.865471 1.431749
 176.000000 1.808327 1.363938
 177.000000 1.894418 1.412803
 178.000000 1.773853 1.459175
 179.000000 1.908400 1.448343
 180.000000 1.895490 1.374909
 181.000000 1.891059 1.390539
 182.000000 1.886746 1.416559
 183.000000 1.859181 1.399714
 184.000000 2.050279 1.537985
 185.000000 1.868905 1.477748
 186.000000 1.853781 1.498305
 187.000000 1.798431 1.448058
 188.000000 1.870316 1.465813
 189.000000 1.776566 1.416255
 190.000000 1.794248 1.453214
 191.000000 1.793364 1.342376
 192.000000 1.761287 1.401960
 193.000000 1.881969 1.417073
 194.000000 1.949179 1.466065
 195.000000 1.823713 1.400099
 196.000000 1.905462 1.316266
 197.000000 1.724898 1.369064
 198.000000 1.791893 1.398523
 199.000000 1.834408 1.309969
 200.000000 1.869045 1.400956
 201.000000 1.938675 1.470731
 202.000000 1.860854 1.374241
 203.000000 1.840264 1.411481
 204.000000 1.776780 1.446734
 205.000000 1.827977 1.331027
 206.000000 1.859051 1.407562
 207.000000 1.859611 1.358736
 208.000000 1.927145 1.335950
 209.000000 1.964545 1.416201
 210.000000 2.009173 1.432962
 211.000000 1.826960 1.395964
 212.000000 1.948345 1.420828
 213.000000 1.910976 1.344319
 214.000000 1.978703 1.395157
 215.000000 1.753785 1.392263
 216.000000 1.834861 1.382053
 217.000000 1.880391 1.344780
 218.000000 1.779947 1.412118
 219.000000 1.811019 1.453906
 220.000000 1.906642 1.441993
 221.000000 1.787918 1.361141
 222.000000 1.798510 1.489258
 223.000000 1.889253 1.480405
 224.000000 1.807562 1.400427
 225.000000 2.017204 1.396660
 226.000000 1.880788 1.399800
 227.000000 1.934572 1.391257
 228.000000 1.934237 1.433937
 229.000000 1.853131 1.443283
 230.000000 1.927928 1.378513
 231.000000 1.807444 1.372391
 232.000000 1.883939 1.381114
 233.000000 1.841109 1.385869
 234.000000 1.927303 1.364623
 235.000000 1.815640 1.372450
 236.000000 1.945693 1.317454
 237.000000 1.833976 1.347720
 238.000000 1.873640 1.389269
 239.000000 1.866621 1.370223
 240.000000 1.787886 1.429536
 241.000000 1.850713 1.389232
 242.000000 1.808512 1.370350
 243.000000 1.787597 1.410984
 244.000000 1.784517 1.360675
 245.000000 1.848525 1.418578
 246.000000 1.881525 1.355565
 247.000000 1.892816 1.403911
 248.000000 1.924594 1.416261
 249.000000 1.837631 1.396904
 250.000000 1.850635 1.334286
 251.000000 1.894951 1.385091
 252.000000 1.923328 1.331202
 253.000000 1.811211 1.348009
 254.000000 1.966238 1.378782
 255.000000 1.967779 1.411049
 256.000000 1.878098 1.362860
 257.000000 1.907161 1.369621
 258.000000 1.846073 1.437192
 259.000000 1.874400 1.341320
 260.000000 1.890778 1.316650
 261.000000 1.872216 1.258157
 262.000000 1.809637 1.255130
 263.000000 1.888359 1.314336
 264.000000 1.992667 1.363786
 265.000000 1.964178 1.377993
 266.000000 1.837772 1.364878
 267.000000 1.847085 1.410944
 268.000000 1.870777 1.292480
 269.000000 1.886927 1.400388
 270.000000 1.847248 1.399636
 271.000000 1.749686 1.391064
 272.000000 1.740524 1.367313
 273.000000 1.824851 1.273347
 274.000000 1.902924 1.455143
 275.000000 1.847610 1.346002
 276.000000 1.816889 1.343771
 277.000000 1.965413 1.311807
 278.000000 1.818371 1.374941
 279.000000 1.950650 1.286804
 280.000000 1.895701 1.378312
 281.000000 1.856189 1.392717
 282.000000 1.882095 1.402289
 283.000000 1.813066 1.375243
 284.000000 1.884359 1.341396
 285.000000 1.960052 1.371727
 286.000000 1.848426 1.421267
 287.000000 1.880419 1.422032
 288.000000 1.894476 1.402767
 289.000000 2.002358 1.334395
 290.000000 2.033953 1.364629
 291.000000 2.013441 1.372038
 292.000000 1.907356 1.303775
 293.000000 1.961456 1.325867
 294.000000 2.016552 1.456981
 295.000000 1.880789 1.331945
 296.000000 1.971544 1.395982
 297.000000 1.893236 1.369651
 298.000000 1.887699 1.395186
 299.000000 1.867810 1.401321
 300.000000 1.899739 1.348670
 301.000000 1.817503 1.401491
 302.000000 1.886958 1.464929
 303.000000 1.826871 1.375369
 304.000000 1.894887 1.411364
 305.000000 1.858108 1.357929
 306.000000 1.936341 1.392488
 307.000000 1.879919 1.306204
 308.000000 1.857862 1.437424
 309.000000 1.807960 1.321726
 310.000000 1.822848 1.366616
 311.000000 1.801488 1.358500
 312.000000 1.899009 1.386095
 313.000000 1.884581 1.397938
 314.000000 1.850775 1.492336
 315.000000 1.984899 1.391229
 316.000000 1.825719 1.330878
 317.000000 2.002345 1.351585
 318.000000 1.892176 1.356953
 319.000000 1.953097 1.260477
 320.000000 1.893081 1.341231
 321.000000 1.872869 1.300034
 322.000000 1.904130 1.407312
 323.000000 1.849963 1.299597
 324.000000 1.801525 1.376962
 325.000000 1.874795 1.371301
 326.000000 1.894670 1.371261
 327.000000 1.995102 1.372699
 328.000000 1.782591 1.398294
 329.000000 1.947088 1.440465
 330.000000 1.815202 1.427676
 331.000000 1.898813 1.411587
 332.000000 1.815196 1.446131
 333.000000 1.859503 1.407453
 334.000000 1.894760 1.480973
 335.000000 1.749130 1.365878
 336.000000 1.873905 1.370215
 337.000000 1.862872 1.398552
 338.000000 1.847717 1.303900
 339.000000 1.790686 1.335703
 340.000000 1.905898 1.467680
 341.000000 1.893681 1.403152
 342.000000 1.960970 1.459226
 343.000000 1.940101 1.421450
 344.000000 1.876984 1.370201
 345.000000 1.970518 1.464787
 346.000000 1.893480 1.471091
 347.000000 1.978799 1.461716
 348.000000 1.896062 1.440764
 349.000000 2.035312 1.348644
 350.000000 1.966781 1.311616
 351.000000 1.903015 1.367069
 352.000000 1.919597 1.346607
 353.000000 1.939064 1.442326
 354.000000 1.804909 1.493046
 355.000000 1.861288 1.276261
 356.000000 1.879293 1.405165
 357.000000 1.830074 1.431765
 358.000000 1.773913 1.401915
 359.000000 1.803713 1.462009
 360.000000 1.828875 1.368870
 361.000000 1.836274 1.311841
 362.000000 1.903960 1.460991
 363.000000 1.963387 1.365349
 364.000000 1.902614 1.402780
 365.000000 1.871080 1.332958
 366.000000 1.931158 1.340243
 367.000000 1.898365 1.354531
 368.000000 1.934740 1.327698
 369.000000 1.842987 1.307620
 370.000000 1.839123 1.371076
 371.000000 1.812843 1.412214
 372.000000 1.803556 1.361338
 373.000000 1.838601 1.420707
 374.000000 1.812831 1.412505
 375.000000 1.842716 1.359749
 376.000000 1.883970 1.387856
 377.000000 1.867671 1.368992
 378.000000 1.799268 1.372444
 379.000000 1.825157 1.374511
 380.000000 1.905075 1.402150
 381.000000 1.901984 1.416504
 382.000000 1.911662 1.453096
 383.000000 1.961645 1.487218
 384.000000 1.890629 1.535241
 385.000000 1.888833 1.336477
 386.000000 1.846935 1.422677
 387.000000 1.852234 1.406496
 388.000000 1.825658 1.421985
 389.000000 1.671136 1.397304
 390.000000 1.904744 1.559297
 391.000000 1.667443 1.476761
 392.000000 1.851487 1.428251
 393.000000 1.897831 1.478405
 394.000000 1.884170 1.315013
 395.000000 1.841275 1.319363
 396.000000 1.842638 1.393182
 397.000000 1.915417 1.391783
 398.000000 1.962952 1.316956
 399.000000 1.940900 1.334965
 400.000000 1.838317 1.409075
 401.000000 1.860008 1.374099
 402.000000 1.871613 1.316164
 403.000000 1.859822 1.310907
 404.000000 1.866939 1.306224
 405.000000 1.994620 1.432792
 406.000000 1.944630 1.404263
 407.000000 1.893527 1.418713
 408.000000 1.922038 1.421955
 409.000000 1.816925 1.429284
 410.000000 1.935907 1.360847
 411.000000 1.762109 1.380686
 412.000000 1.846331 1.466333
 413.000000 1.842782 1.403733
 414.000000 1.880620 1.424996
 415.000000 1.866535 1.497665
 416.000000 1.862610 1.453741
 417.000000 1.870532 1.445077
 418.000000 1.971985 1.405891
 419.000000 1.881239 1.425946
 420.000000 1.936704 1.415796
 421.000000 1.880622 1.341688
 422.000000 1.878361 1.444446
 423.000000 1.896905 1.398839
 424.000000 1.823477 1.384627
 425.000000 1.897301 1.435735
 426.000000 1.893001 1.373392
 427.000000 1.898652 1.444231
 428.000000 1.836463 1.464615
 429.000000 1.819110 1.394999
 430.000000 1.845929 1.357509
 431.000000 1.848237 1.421606
 432.000000 1.955675 1.311302
 433.000000 1.760160 1.374441
 434.000000 1.817541 1.425644
 435.000000 1.847140 1.365765
 436.000000 1.759680 1.398321
 437.000000 1.772261 1.397232
 438.000000 1.841956 1.375417
 439.000000 1.847983 1.353964
 440.000000 1.742789 1.380967
 441.000000 1.882685 1.398657
 442.000000 1.847283 1.383652
 443.000000 1.899209 1.465540
 444.000000 1.811053 1.360139
 445.000000 1.859950 1.451609
 446.000000 1.835767 1.488372
 447.000000 1.788654 1.450254
 448.000000 1.894351 1.427858
 449.000000 1.930908 1.496517
 450.000000 1.951053 1.465976
 451.000000 1.854276 1.426497
 452.000000 1.844543 1.436563
 453.000000 1.942521 1.415518
 454.000000 1.939671 1.398212
 455.000000 1.858717 1.399124
 456.000000 1.817955 1.459147
 457.000000 1.920944 1.398836
 458.000000 1.833949 1.514269
 459.000000 1.889858 1.447082
 460.000000 1.849161 1.469694
 461.000000 1.772906 1.509885
 462.000000 1.911671 1.452638
 463.000000 1.818263 1.478230
 464.000000 1.885540 1.542394
 465.000000 1.861967 1.459382
 466.000000 1.838078 1.420701
 467.000000 1.789463 1.423959
 468.000000 1.831698 1.444228
 469.000000 1.917368 1.425675
 470.000000 1.904806 1.385977
 471.000000 1.975774 1.455708
 472.000000 1.891151 1.301210
 473.000000 1.831852 1.349045
 474.000000 1.861248 1.388185
 475.000000 1.929264 1.408273
 476.000000 1.932344 1.349799
 477.000000 1.888365 1.393070
 478.000000 1.828604 1.430630
 479.000000 1.981218 1.464032
 480.000000 1.929533 1.416316
 481.000000 1.990983 1.425279
 482.000000 1.923020 1.416432
 483.000000 1.922734 1.434867
 484.000000 1.870416 1.422019
 485.000000 1.919748 1.397274
 486.000000 1.884038 1.397052
 487.000000 1.895806 1.485847
 488.000000 1.992631 1.390021
 489.000000 1.759185 1.431091
 490.000000 1.776364 1.430338
 491.000000 1.951369 1.419266
 492.000000 1.875158 1.431952
 493.000000 1.869433 1.402550
 494.000000 1.864479 1.366886
 495.000000 1.828653 1.369853
 496.000000 1.817055 1.382788
 497.000000 1.859152 1.393175
 498.000000 1.890589 1.305351
 499.000000 1.907477 1.377166
 500.000000 1.891430 1.413918
 501.000000 1.938506 1.433508
 502.000000 1.865192 1.390618
 503.000000 1.839201 1.435804
 504.000000 1.957719 1.386217
 505.000000 1.851446 1.381823
 506.000000 1.866720 1.333040
 507.000000 1.830620 1.311082
 508.000000 1.798612 1.367691
 509.000000 1.911493 1.404046
 510.000000 1.882838 1.390099
 511.000000 2.013995 1.340787
 512.000000 1.952019 1.318377
 513.000000 1.927392 1.351757
 514.000000 1.958690 1.318492
 515.000000 1.859138 1.340726
 516.000000 1.889062 1.375540
 517.000000 1.900705 1.333062
 518.000000 1.786816 1.304526
 519.000000 1.942962 1.349600
 520.000000 1.910900 1.314110
 521.000000 1.893160 1.318633
 522.000000 1.973839 1.356135
 523.000000 1.996174 1.419021
 524.000000 2.017442 1.440380
 525.000000 1.876159 1.380764
 526.000000 1.921917 1.404815
 527.000000 1.893495 1.359305
 528.000000 1.780119 1.359427
 529.000000 1.949203 1.363880
 530.000000 1.893647 1.300189
 531.000000 1.813089 1.341886
 532.000000 1.868295 1.323326
 533.000000 1.887511 1.358775
 534.000000 1.860548 1.436676
 535.000000 1.887657 1.341510
 536.000000 1.904081 1.366744
 537.000000 1.872915 1.372841
 538.000000 1.899870 1.404019
 539.000000 1.861837 1.369024
 540.000000 1.874219 1.351829
 541.000000 1.845508 1.403665
 542.000000 1.850658 1.352329
 543.000000 1.929129 1.400158
 544.000000 1.892017 1.384397
 545.000000 1.932072 1.418471
 546.000000 1.767983 1.350020
 547.000000 1.945687 1.404257
 548.000000 1.806524 1.424982
 549.000000 1.850573 1.377062
 550.000000 1.838548 1.376640
 551.000000 1.763247 1.362436
 552.000000 1.983500 1.357794
 553.000000 1.936041 1.401284
 554.000000 1.997526 1.435276
 555.000000 1.971970 1.431181
 556.000000 1.863683 1.400624
 557.000000 1.960422 1.441592
 558.000000 1.903043 1.466213
 559.000000 1.862127 1.452049
 560.000000 1.831253 1.440343
 561.000000 1.842922 1.474290
 562.000000 1.880278 1.421727
 563.000000 1.935567 1.438272
 564.000000 1.894754 1.419929
 565.000000 1.894473 1.423862
 566.000000 1.820300 1.384841
 567.000000 1.968102 1.339930
 568.000000 1.841738 1.425639
 569.000000 1.773896 1.344939
 570.000000 1.826462 1.410664
 571.000000 1.942637 1.337680
 572.000000 1.835640 1.320243
 573.000000 1.886823 1.380012
 574.000000 1.834414 1.382070
 575.000000 1.923809 1.374290
 576.000000 1.857955 1.279084
 577.000000 1.835374 1.334945
 578.000000 1.856140 1.283330
 579.000000 1.927077 1.337467
 580.000000 1.924821 1.349431
 581.000000 1.750492 1.369822
 582.000000 1.940409 1.373112
 583.000000 1.899197 1.383490
 584.000000 1.933468 1.320752
 585.000000 1.899453 1.400043
 586.000000 1.921870 1.413006
 587.000000 1.867886 1.322881
 588.000000 1.813299 1.394797
 589.000000 1.892284 1.417426
 590.000000 1.926208 1.373807
 591.000000 1.894301 1.422298
 592.000000 1.871354 1.353849
 593.000000 1.992273 1.375755
 594.000000 1.979207 1.352721
 595.000000 1.881688 1.326749
 596.000000 1.834538 1.339822
 597.000000 1.929833 1.398338
 598.000000 1.797969 1.378401
 599.000000 1.934872 1.407301
 600.000000 1.839742 1.354432
 601.000000 1.968074 1.370147
 602.000000 1.839692 1.402418
 603.000000 1.938207 1.340901
 604.000000 1.959224 1.319790
 605.000000 1.892147 1.282025
 606.000000 1.889820 1.380772
 607.000000 1.899799 1.363126
 608.000000 1.829897 1.341552
 609.000000 1.947165 1.352460
 610.000000 1.862795 1.303763
 611.000000 1.851196 1.363880
 612.000000 1.894992 1.409376
 613.000000 1.948767 1.405006
 614.000000 1.866135 1.417985
 615.000000 1.947046 1.374089
 616.000000 1.865297 1.435318
 617.000000 1.908096 1.437538
 618.000000 1.968426 1.432524
 619.000000 2.020366 1.419411
 620.000000 1.977332 1.360537
 621.000000 1.919980 1.411927
 622.000000 1.909938 1.380227
 623.000000 1.899709 1.346209
 624.000000 1.881463 1.472558
 625.000000 1.870651 1.356158
 626.000000 1.901749 1.442586
 627.000000 1.972801 1.380325
 628.000000 1.951231 1.394480
 629.000000 1.892871 1.441424
 630.000000 1.934668 1.417109
 631.000000 1.940383 1.457900
 632.000000 1.886196 1.425591
 633.000000 2.034750 1.397504
 634.000000 1.899497 1.365899
 635.000000 1.873747 1.307187
 636.000000 1.915582 1.347376
 637.000000 1.895818 1.396383
 638.000000 1.924009 1.390477
 639.000000 1.889270 1.366799
 640.000000 1.875555 1.343856
 641.000000 1.913342 1.374807
 642.000000 1.980766 1.360922
 643.000000 1.808140 1.344617
 644.000000 1.785663 1.333398
 645.000000 1.847241 1.390554
 646.000000 1.831303 1.350432
 647.000000 1.830443 1.368575
 648.000000 1.921398 1.354874
 649.000000 1.983891 1.389291
 650.000000 1.882831 1.302771
 651.000000 1.918011 1.384597
 652.000000 1.900870 1.291229
 653.000000 1.922967 1.344596
 654.000000 1.893494 1.361528
 655.000000 1.839243 1.429065
 656.000000 1.939078 1.310555
 657.000000 1.928555 1.410300
 658.000000 1.884959 1.352821
 659.000000 1.880188 1.368775
 660.000000 1.915354 1.335696
 661.000000 1.920675 1.386719
 662.000000 1.802167 1.399103
 663.000000 1.852010 1.320158
 664.000000 1.909805 1.319936
 665.000000 1.931475 1.334168
 666.000000 1.921048 1.394637
 667.000000 1.838743 1.341554
 668.000000 1.895598 1.358954
 669.000000 1.928938 1.364867
 670.000000 1.801105 1.386508
 671.000000 1.846087 1.370307
 672.000000 1.801874 1.316944
 673.000000 1.824075 1.336835
 674.000000 1.856121 1.397378
 675.000000 1.903137 1.354724
 676.000000 1.889016 1.375212
 677.000000 1.958062 1.367620
 678.000000 1.951976 1.382255
 679.000000 1.871094 1.373129
 680.000000 1.913845 1.397170
 681.000000 1.908273 1.474521
 682.000000 1.795374 1.477340
 683.000000 1.842769 1.389115
 684.000000 1.830457 1.379763
 685.000000 1.841007 1.390582
 686.000000 1.931651 1.389934
 687.000000 1.834450 1.475212
 688.000000 1.870499 1.509619
 689.000000 1.767711 1.440256
 690.000000 1.919806 1.469962
 691.000000 1.901984 1.379752
 692.000000 1.820687 1.408109
 693.000000 1.899202 1.431596
 694.000000 1.892822 1.388282
 695.000000 1.870124 1.455791
 696.000000 1.853404 1.362225
 697.000000 1.822838 1.394964
 698.000000 1.835366 1.355494
 699.000000 1.951268 1.319522
 700.000000 1.851607 1.346950
 701.000000 1.842429 1.374923
 702.000000 1.845357 1.418213
 703.000000 1.947203 1.301640
 704.000000 1.873619 1.338411
 705.000000 1.858046 1.434462
 706.000000 1.981640 1.490810
 707.000000 1.814062 1.383444
 708.000000 1.843556 1.406825
 709.000000 1.925167 1.395615
 710.000000 1.830265 1.364382
 711.000000 1.829157 1.399038
 712.000000 1.931193 1.420945
 713.000000 1.830304 1.356148
 714.000000 1.885019 1.390591
 715.000000 1.934695 1.430663
 716.000000 1.819536 1.352235
 717.000000 1.839780 1.316996
 718.000000 1.936104 1.375180
 719.000000 1.901418 1.440351
 720.000000 1.892822 1.356159
 721.000000 1.885219 1.411198
 722.000000 1.739067 1.395905
 723.000000 1.773614 1.373058
 724.000000 1.884445 1.376827
 725.000000 1.768194 1.285688
 726.000000 1.842314 1.364472
 727.000000 1.937661 1.391699
 728.000000 1.879990 1.371129
 729.000000 1.893764 1.413765
 730.000000 1.871631 1.373779
 731.000000 1.797530 1.354012
 732.000000 1.825037 1.315745
 733.000000 1.766719 1.354073
 734.000000 1.838938 1.345697
 735.000000 1.785383 1.393394
 736.000000 1.839606 1.359147
 737.000000 1.807546 1.385302
 738.000000 1.893661 1.416161
 739.000000 1.866038 1.410946
 740.000000 1.826573 1.349754
 741.000000 1.838310 1.373653
 742.000000 1.839595 1.392598
 743.000000 1.810486 1.334730
 744.000000 1.844971 1.446693
 745.000000 1.893116 1.404264
 746.000000 1.930130 1.350146
 747.000000 1.772041 1.385114
 748.000000 1.834263 1.384124
 749.000000 1.848346 1.397049
 750.000000 1.793971 1.393533
 751.000000 1.747777 1.427419
 752.000000 1.738380 1.357838
 753.000000 1.824437 1.396390
 754.000000 1.775783 1.405191
 755.000000 1.824323 1.444724
 756.000000 1.820532 1.462765
 757.000000 1.855768 1.393061
 758.000000 1.884804 1.400172
 759.000000 1.919734 1.361391
 760.000000 1.837427 1.381419
 761.000000 1.846635 1.476718
 762.000000 1.792284 1.424917
 763.000000 1.773276 1.423573
 764.000000 1.890385 1.419334
 765.000000 1.754102 1.400782
 766.000000 1.921899 1.402674
 767.000000 1.946715 1.396766
 768.000000 1.857477 1.353386
 769.000000 1.834395 1.396465
 770.000000 1.838785 1.460514
 771.000000 1.805168 1.407418
 772.000000 1.742714 1.383791
 773.000000 1.861524 1.439971
 774.000000 1.869765 1.400710
 775.000000 1.893029 1.336081
 776.000000 1.814313 1.316194
 777.000000 1.880027 1.326442
 778.000000 1.816427 1.332437
 779.000000 1.919965 1.346376
 780.000000 1.797050 1.433446
 781.000000 1.840320 1.349196
 782.000000 1.998398 1.411837
 783.000000 1.824128 1.336838
 784.000000 1.900266 1.370956
 785.000000 1.804311 1.365311
 786.000000 1.783596 1.417325
 787.000000 1.830919 1.430097
 788.000000 1.837849 1.355466
 789.000000 1.851885 1.468036
 790.000000 1.831874 1.311524
 791.000000 1.915203 1.443290
 792.000000 1.799386 1.380962
 793.000000 1.789199 1.345066
 794.000000 1.834742 1.368972
 795.000000 1.794779 1.442429
 796.000000 1.913798 1.378981
 797.000000 1.756438 1.378043
 798.000000 1.743948 1.361238
 799.000000 1.869500 1.339139
 800.000000 1.849363 1.410238
 801.000000 1.770915 1.343701
 802.000000 1.949261 1.349606
 803.000000 1.905289 1.428386
 804.000000 1.903079 1.380198
 805.000000 1.794516 1.404892
 806.000000 1.910722 1.345863
 807.000000 1.848037 1.312774
 808.000000 1.777769 1.255896
 809.000000 1.873861 1.362170
 810.000000 1.829135 1.401822
 811.000000 1.854779 1.297548
 812.000000 1.842806 1.344177
 813.000000 1.851636 1.353079
 814.000000 1.830357 1.405524
 815.000000 1.908894 1.343980
 816.000000 1.896794 1.421199
 817.000000 1.779225 1.316521
 818.000000 1.897100 1.409654
 819.000000 1.828584 1.347803
 820.000000 1.858126 1.371475
 821.000000 1.974542 1.479086
 822.000000 1.956056 1.340323
 823.000000 1.908239 1.410814
 824.000000 1.882650 1.426579
 825.000000 1.778036 1.440873
 826.000000 1.843522 1.383910
 827.000000 1.808851 1.369075
 828.000000 1.775497 1.437365
 829.000000 1.795439 1.370186
 830.000000 1.830662 1.428206
 831.000000 1.873079 1.402973
 832.000000 1.822384 1.362700
 833.000000 1.805251 1.448170
 834.000000 1.831671 1.382547
 835.000000 1.825954 1.472842
 836.000000 2.020901 1.374541
 837.000000 1.902231 1.412451
 838.000000 1.777260 1.381385
 839.000000 1.868826 1.420082
 840.000000 1.970181 1.459998
 841.000000 2.013430 1.450283
 842.000000 1.846565 1.440779
 843.000000 1.821761 1.404635
 844.000000 1.877806 1.413872
 845.000000 1.882082 1.444445
 846.000000 1.863289 1.401187
 847.000000 1.846454 1.363794
 848.000000 1.839457 1.370637
 849.000000 1.930784 1.380859
 850.000000 1.705881 1.329019
 851.000000 1.875172 1.399851
 852.000000 1.785186 1.357138
 853.000000 1.831150 1.365030
 854.000000 1.851733 1.316162
 855.000000 1.990088 1.389501
 856.000000 1.906791 1.367387
 857.000000 1.908874 1.368030
 858.000000 1.906560 1.406201
 859.000000 1.993654 1.387401
 860.000000 1.837332 1.445087
 861.000000 1.885514 1.452838
 862.000000 1.857855 1.421298
 863.000000 1.900258 1.435747
 864.000000 1.932153 1.354704
 865.000000 1.964041 1.436515
 866.000000 1.855359 1.351281
 867.000000 1.892457 1.438782
 868.000000 1.975933 1.401990
 869.000000 1.930319 1.329996
 870.000000 1.845467 1.443325
 871.000000 1.891531 1.338013
 872.000000 2.006373 1.413883
 873.000000 1.939372 1.420028
 874.000000 1.958613 1.412398
 875.000000 1.809586 1.458845
 876.000000 1.752546 1.369579
 877.000000 1.937056 1.442106
 878.000000 1.836644 1.419160
 879.000000 1.813508 1.429555
 880.000000 1.892539 1.383055
 881.000000 1.897233 1.445077
 882.000000 1.894980 1.445835
 883.000000 1.790536 1.428743
 884.000000 1.891460 1.406813
 885.000000 1.886023 1.439899
 886.000000 1.960466 1.379442
 887.000000 1.933815 1.409433
 888.000000 1.892062 1.428407
 889.000000 1.876965 1.379145
 890.000000 1.880647 1.390665
 891.000000 1.909228 1.430446
 892.000000 1.768762 1.426210
 893.000000 1.869238 1.436509
 894.000000 1.910212 1.403771
 895.000000 1.881031 1.422901
 896.000000 1.871425 1.384449
 897.000000 1.896459 1.412745
 898.000000 1.893526 1.314108
 899.000000 1.867283 1.368298
 900.000000 1.855485 1.409993
 901.000000 1.909140 1.411190
 902.000000 1.831361 1.428485
 903.000000 1.833897 1.431907
 904.000000 1.816684 1.375437
 905.000000 1.952063 1.315348
 906.000000 1.807065 1.333481
 907.000000 1.809513 1.400897
 908.000000 1.824030 1.301070
 909.000000 1.784030 1.393072
 910.000000 1.869607 1.322697
 911.000000 1.872795 1.337965
 912.000000 1.752669 1.415832
 913.000000 1.954892 1.379062
 914.000000 1.833517 1.427866
 915.000000 2.015414 1.330076
 916.000000 1.877609 1.431762
 917.000000 1.829052 1.334673
 918.000000 1.939151 1.347803
 919.000000 1.807360 1.372774
 920.000000 1.847485 1.388487
 921.000000 1.803471 1.459900
 922.000000 1.933108 1.440346
 923.000000 1.795639 1.433941
 924.000000 1.923261 1.408532
 925.000000 1.799937 1.408534
 926.000000 1.759991 1.489691
 927.000000 1.744177 1.388246
 928.000000 1.808415 1.395754
 929.000000 1.844825 1.429785
 930.000000 1.933672 1.400089
 931.000000 1.878287 1.367553
 932.000000 1.993436 1.318567
 933.000000 1.951936 1.489000
 934.000000 2.036777 1.445796
 935.000000 1.885947 1.382357
 936.000000 1.865925 1.342563
 937.000000 1.872859 1.418489
 938.000000 1.893775 1.408357
 939.000000 1.899610 1.381865
 940.000000 1.890369 1.334106
 941.000000 1.923763 1.361163
 942.000000 1.946853 1.445900
 943.000000 1.953044 1.408994
 944.000000 1.890986 1.366856
 945.000000 1.930646 1.378849
 946.000000 2.032812 1.359562
 947.000000 1.992216 1.393577
 948.000000 1.834523 1.368612
 949.000000 1.919289 1.380105
 950.000000 1.971392 1.452741
 951.000000 1.977533 1.426263
 952.000000 1.863975 1.433112
 953.000000 1.867114 1.357900
 954.000000 1.808931 1.381763
 955.000000 1.944927 1.407850
 956.000000 1.929016 1.434351
 957.000000 1.789285 1.361524
 958.000000 1.826221 1.385977
 959.000000 1.756083 1.307916
 960.000000 1.817507 1.423364
 961.000000 1.814364 1.486591
 962.000000 1.881403 1.401051
 963.000000 1.831740 1.407608
 964.000000 1.816412 1.439050
 965.000000 1.840926 1.439818
 966.000000 1.816509 1.436237
 967.000000 1.902277 1.413219
 968.000000 1.820863 1.387194
 969.000000 1.902835 1.360897
 970.000000 1.757770 1.427542
 971.000000 1.944240 1.405956
 972.000000 1.876931 1.430392
 973.000000 1.913086 1.365124
 974.000000 1.905643 1.468358
 975.000000 1.820227 1.436566
 976.000000 1.852048 1.424195
 977.000000 1.913498 1.441475
 978.000000 1.970239 1.402927
 979.000000 1.867833 1.462864
 980.000000 1.761388 1.406906
 981.000000 1.824242 1.412694
 982.000000 1.851044 1.432952
 983.000000 1.888848 1.401661
 984.000000 1.951610 1.400059
 985.000000 1.873416 1.411614
 986.000000 1.825436 1.435698
 987.000000 1.882556 1.477055
 988.000000 1.855455 1.426024
 989.000000 1.915031 1.432062
 990.000000 2.000336 1.438599
 991.000000 1.899540 1.380656
 992.000000 1.773034 1.343138
 993.000000 1.870015 1.429351
 994.000000 1.885876 1.445523
 995.000000 1.971638 1.409295
 996.000000 1.856878 1.480009
 997.000000 2.041892 1.417223
 998.000000 1.852288 1.397358
 999.000000 1.886660 1.417814
 1000.000000 1.906894 1.448746
 1001.000000 2.011143 1.416349
 1002.000000 1.891862 1.469033
 1003.000000 1.824446 1.446250
 1004.000000 1.901544 1.447360
 1005.000000 1.928835 1.402861
 1006.000000 1.846460 1.474302
 1007.000000 1.892576 1.385442
 1008.000000 1.808130 1.410094
 1009.000000 1.949097 1.442963
 1010.000000 2.016920 1.440967
 1011.000000 1.837743 1.350546
 1012.000000 1.928109 1.471317
 1013.000000 1.965576 1.466327
 1014.000000 2.008471 1.415717
 1015.000000 1.901162 1.414131
 1016.000000 1.963340 1.418072
 1017.000000 1.894924 1.474883
 1018.000000 1.836531 1.413332
 1019.000000 1.814755 1.367930
 1020.000000 1.864395 1.384845
 1021.000000 1.910459 1.405788
 1022.000000 1.924163 1.438873
 1023.000000 1.914336 1.489908
 1024.000000 1.883049 1.390988
 1025.000000 1.922843 1.444830
 1026.000000 1.898846 1.487726
 1027.000000 1.944759 1.516039
 1028.000000 1.925551 1.352216
 1029.000000 1.948388 1.402363
 1030.000000 1.911547 1.380171
 1031.000000 1.904287 1.350840
 1032.000000 1.899969 1.436766
 1033.000000 1.889646 1.377907
 1034.000000 1.993660 1.386749
 1035.000000 1.922821 1.439775
 1036.000000 1.886785 1.459659
 1037.000000 1.952019 1.449082
 1038.000000 1.774888 1.412747
 1039.000000 1.879807 1.443918
 1040.000000 1.873764 1.459936
 1041.000000 1.904140 1.408516
 1042.000000 1.978885 1.498291
 1043.000000 1.893869 1.496892
 1044.000000 1.951752 1.398063
 1045.000000 1.927156 1.451436
 1046.000000 1.944989 1.356206
 1047.000000 1.823330 1.415321
 1048.000000 1.892197 1.480359
 1049.000000 1.849762 1.445691
 1050.000000 1.881012 1.434284
 1051.000000 1.902277 1.422819
 1052.000000 1.886936 1.413853
 1053.000000 1.816100 1.388798
 1054.000000 1.847013 1.424953
 1055.000000 1.840169 1.354611
 1056.000000 1.904988 1.387427
 1057.000000 1.912482 1.392717
 1058.000000 1.820847 1.437087
 1059.000000 1.816765 1.366124
 1060.000000 1.791028 1.380796
 1061.000000 1.906466 1.405799
 1062.000000 1.841059 1.395946
 1063.000000 1.804836 1.442770
 1064.000000 1.939047 1.456829
 1065.000000 1.902413 1.386692
 1066.000000 1.841100 1.408790
 1067.000000 1.866388 1.358216
 1068.000000 1.885069 1.440832
 1069.000000 1.854409 1.397522
 1070.000000 1.905044 1.377469
 1071.000000 1.946820 1.362928
 1072.000000 1.828773 1.362631
 1073.000000 1.786231 1.373443
 1074.000000 1.849394 1.365206
 1075.000000 1.980171 1.388227
 1076.000000 1.776929 1.464326
 1077.000000 1.858084 1.388831
 1078.000000 1.816716 1.407950
 1079.000000 1.779290 1.445072
 1080.000000 1.753700 1.426072
 1081.000000 1.816029 1.415165
 1082.000000 1.897764 1.385304
 1083.000000 1.840284 1.366751
 1084.000000 1.912261 1.360627
 1085.000000 1.873697 1.323261
 1086.000000 1.946162 1.408348
 1087.000000 2.004689 1.504445
 1088.000000 1.899438 1.502459
 1089.000000 1.859361 1.474408
 1090.000000 1.862252 1.498453
 1091.000000 1.961325 1.456810
 1092.000000 1.878297 1.411580
 1093.000000 1.946493 1.556205
 1094.000000 1.889632 1.485299
 1095.000000 1.832442 1.478299
 1096.000000 1.828090 1.470978
 1097.000000 1.836693 1.401521
 1098.000000 1.735968 1.417823
 1099.000000 1.915355 1.331229
 1100.000000 1.779757 1.403908
 1101.000000 1.846564 1.414238
 1102.000000 1.964314 1.462805
 1103.000000 1.891595 1.406474
 1104.000000 1.784057 1.457015
 1105.000000 1.889349 1.438303
 1106.000000 1.816624 1.363514
 1107.000000 1.795493 1.409212
 1108.000000 1.862663 1.388682
 1109.000000 1.852409 1.425275
 1110.000000 1.937475 1.393101
 1111.000000 1.869256 1.451960
 1112.000000 1.958246 1.475603
 1113.000000 1.908023 1.396760
 1114.000000 1.889846 1.439595
 1115.000000 1.798775 1.443140
 1116.000000 1.897804 1.424564
 1117.000000 1.898943 1.454852
 1118.000000 1.784264 1.444761
 1119.000000 1.891810 1.384912
 1120.000000 1.940837 1.457771
 1121.000000 1.923400 1.437185
 1122.000000 1.938056 1.412223
 1123.000000 1.990841 1.432366
 1124.000000 1.922136 1.423063
 1125.000000 1.867999 1.388469
 1126.000000 1.894669 1.332975
 1127.000000 1.847963 1.401180
 1128.000000 1.874996 1.385702
 1129.000000 1.900522 1.375077
 1130.000000 1.792369 1.493837
 1131.000000 1.849659 1.470421
 1132.000000 1.895978 1.456749
 1133.000000 1.839595 1.486749
 1134.000000 1.949979 1.505840
 1135.000000 1.876380 1.508827
 1136.000000 1.877256 1.501108
 1137.000000 1.949224 1.477778
 1138.000000 1.866183 1.491358
 1139.000000 1.875340 1.492717
 1140.000000 1.820013 1.457493
 1141.000000 1.951477 1.500063
 1142.000000 1.922081 1.482938
 1143.000000 1.826840 1.502291
 1144.000000 1.846245 1.497798
 1145.000000 1.806336 1.542199
 1146.000000 1.763733 1.429348
 1147.000000 1.924759 1.449991
 1148.000000 1.835817 1.491282
 1149.000000 1.863770 1.376289
 1150.000000 1.804988 1.392632
 1151.000000 1.755358 1.441659
 1152.000000 1.903264 1.479306
 1153.000000 1.867087 1.437051
 1154.000000 1.849226 1.504491
 1155.000000 1.800129 1.454038
 1156.000000 1.925608 1.502933
 1157.000000 1.908737 1.508354
 1158.000000 1.772162 1.514816
 1159.000000 1.896615 1.370731
 1160.000000 1.808508 1.472902
 1161.000000 1.719554 1.477913
 1162.000000 1.833715 1.475946
 1163.000000 1.940948 1.493936
 1164.000000 1.907849 1.438278
 1165.000000 1.899552 1.428198
 1166.000000 1.939533 1.435663
 1167.000000 1.871823 1.391957
 1168.000000 1.845188 1.542277
 1169.000000 1.889508 1.475543
 1170.000000 1.975228 1.467486
 1171.000000 1.785565 1.475601
 1172.000000 1.833388 1.467334
 1173.000000 1.924312 1.472283
 1174.000000 1.968452 1.521698
 1175.000000 1.956371 1.426628
 1176.000000 1.822782 1.447219
 1177.000000 1.796799 1.429234
 1178.000000 1.820438 1.440601
 1179.000000 1.825533 1.485383
 1180.000000 1.853027 1.535212
 1181.000000 1.873208 1.475295
 1182.000000 2.034291 1.478780
 1183.000000 1.910315 1.416438
 1184.000000 1.990498 1.501665
 1185.000000 1.908860 1.372228
 1186.000000 1.933529 1.461306
 1187.000000 1.901285 1.464609
 1188.000000 1.972809 1.520555
 1189.000000 1.880177 1.452370
 1190.000000 1.859594 1.461521
 1191.000000 1.922415 1.430056
 1192.000000 1.926318 1.463981
 1193.000000 1.801883 1.500819
 1194.000000 1.896078 1.479685
 1195.000000 1.870161 1.469386
 1196.000000 1.920582 1.457046
 1197.000000 1.838449 1.496921
 1198.000000 1.820729 1.594236
 1199.000000 1.828396 1.488403
 1200.000000 1.830556 1.575734
 1201.000000 1.836211 1.529658
 1202.000000 1.867666 1.497290
 1203.000000 1.905016 1.418746
 1204.000000 1.790875 1.424736
 1205.000000 1.803267 1.393085
 1206.000000 1.760390 1.392191
 1207.000000 1.742227 1.478680
 1208.000000 1.863144 1.483685
 1209.000000 1.826897 1.403853
 1210.000000 1.843949 1.426006
 1211.000000 1.787114 1.424185
 1212.000000 1.818521 1.502220
 1213.000000 1.772569 1.485302
 1214.000000 1.709393 1.522130
 1215.000000 1.842427 1.514695
 1216.000000 1.923752 1.476434
 1217.000000 1.873521 1.498275
 1218.000000 1.988262 1.414546
 1219.000000 1.880304 1.484109
 1220.000000 1.881679 1.467588
 1221.000000 1.848563 1.388208
 1222.000000 2.010890 1.420908
 1223.000000 1.826687 1.425767
 1224.000000 1.877479 1.445647
 1225.000000 1.910726 1.381745
 1226.000000 1.930238 1.469277
 1227.000000 1.861847 1.464081
 1228.000000 1.931380 1.376502
 1229.000000 1.832846 1.488094
 1230.000000 1.837947 1.550008
 1231.000000 1.895249 1.405644
 1232.000000 1.932174 1.418073
 1233.000000 1.895236 1.442594
 1234.000000 1.905254 1.467350
 1235.000000 1.843630 1.413542
 1236.000000 1.930289 1.349704
 1237.000000 1.842315 1.426257
 1238.000000 1.906772 1.457830
 1239.000000 1.963174 1.364439
 1240.000000 1.904212 1.408940
 1241.000000 1.965775 1.368702
 1242.000000 1.877849 1.359335
 1243.000000 1.966476 1.425484
 1244.000000 1.847763 1.437073
 1245.000000 1.832698 1.433849
 1246.000000 1.904321 1.455570
 1247.000000 1.898724 1.505728
 1248.000000 1.947540 1.537069
 1249.000000 1.926010 1.500110
 1250.000000 1.915117 1.471460
 1251.000000 1.927862 1.411700
 1252.000000 1.903576 1.443521
 1253.000000 1.877350 1.412895
 1254.000000 1.954925 1.435408
 1255.000000 1.874347 1.448340
 1256.000000 2.049959 1.421641
 1257.000000 1.926401 1.415929
 1258.000000 1.876557 1.391828
 1259.000000 1.946959 1.410033
 1260.000000 1.907899 1.462177
 1261.000000 1.898342 1.397046
 1262.000000 1.965840 1.512160
 1263.000000 1.814798 1.442501
 1264.000000 1.980643 1.401586
 1265.000000 1.894378 1.329890
 1266.000000 1.950171 1.423085
 1267.000000 1.885251 1.401025
 1268.000000 1.895748 1.365412
 1269.000000 1.985484 1.412131
 1270.000000 2.012065 1.356783
 1271.000000 1.965559 1.431300
 1272.000000 1.918022 1.387254
 1273.000000 1.922811 1.356203
 1274.000000 1.833653 1.418976
 1275.000000 1.878371 1.395226
 1276.000000 1.898600 1.377448
 1277.000000 1.868921 1.412509
 1278.000000 1.810755 1.413792
 1279.000000 1.892423 1.400022
 1280.000000 1.914280 1.437701
 1281.000000 1.882682 1.366514
 1282.000000 1.905223 1.370118
 1283.000000 1.862492 1.387852
 1284.000000 1.818893 1.411462
 1285.000000 1.891222 1.449872
 1286.000000 1.869809 1.326904
 1287.000000 1.888974 1.336816
 1288.000000 1.932285 1.397582
 1289.000000 1.823794 1.350548
 1290.000000 1.970909 1.420957
 1291.000000 1.929528 1.428595
 1292.000000 1.876050 1.387034
 1293.000000 1.898311 1.378941
 1294.000000 1.775434 1.324484
 1295.000000 1.807932 1.334186
 1296.000000 1.974907 1.426894
 1297.000000 1.902145 1.377655
 1298.000000 1.941218 1.399998
 1299.000000 1.776603 1.431095
 1300.000000 1.890213 1.376298
 1301.000000 1.791032 1.338076
 1302.000000 1.886205 1.304887
 1303.000000 1.808483 1.384540
 1304.000000 2.015602 1.438822
 1305.000000 1.862750 1.382082
 1306.000000 1.861241 1.388670
 1307.000000 1.955688 1.389848
 1308.000000 1.750460 1.418417
 1309.000000 1.777869 1.403386
 1310.000000 1.973855 1.430308
 1311.000000 1.806721 1.375254
 1312.000000 1.793066 1.418121
 1313.000000 1.866698 1.401882
 1314.000000 1.947648 1.436147
 1315.000000 1.908884 1.406755
 1316.000000 1.906117 1.377789
 1317.000000 1.868433 1.445765
 1318.000000 1.799234 1.405611
 1319.000000 1.889393 1.407332
 1320.000000 1.889886 1.400851
 1321.000000 1.750241 1.397183
 1322.000000 1.893021 1.369585
 1323.000000 1.848418 1.389431
 1324.000000 1.864417 1.363875
 1325.000000 1.912985 1.435316
 1326.000000 1.812833 1.362972
 1327.000000 1.835007 1.432268
 1328.000000 1.884786 1.473403
 1329.000000 1.790552 1.413460
 1330.000000 1.773188 1.427884
 1331.000000 1.858639 1.469890
 1332.000000 1.853935 1.493104
 1333.000000 1.838847 1.430269
 1334.000000 1.901343 1.486705
 1335.000000 1.840965 1.440451
 1336.000000 1.916470 1.472718
 1337.000000 1.828508 1.416746
 1338.000000 1.842245 1.445475
 1339.000000 1.864462 1.375799
 1340.000000 1.904325 1.334293
 1341.000000 1.913963 1.460108
 1342.000000 1.860842 1.383604
 1343.000000 1.828108 1.376003
 1344.000000 1.831474 1.443124
 1345.000000 1.799370 1.393817
 1346.000000 1.901403 1.441378
 1347.000000 1.894355 1.430111
 1348.000000 1.904196 1.426571
 1349.000000 1.897965 1.388599
 1350.000000 1.893369 1.344979
 1351.000000 1.970322 1.426148
 1352.000000 1.937532 1.460540
 1353.000000 1.839890 1.464980
 1354.000000 1.883060 1.389888
 1355.000000 1.874161 1.386422
 1356.000000 1.961562 1.454266
 1357.000000 1.944454 1.392958
 1358.000000 1.800267 1.362971
 1359.000000 1.833796 1.389561
 1360.000000 1.813093 1.462990
 1361.000000 1.834072 1.442124
 1362.000000 1.876258 1.471334
 1363.000000 1.896366 1.402559
 1364.000000 1.887084 1.372437
 1365.000000 1.834535 1.346196
 1366.000000 1.971360 1.438478
 1367.000000 1.830256 1.426636
 1368.000000 1.895514 1.395617
 1369.000000 1.878137 1.424635
 1370.000000 1.864107 1.393280
 1371.000000 1.860920 1.448466
 1372.000000 1.866037 1.363590
 1373.000000 1.742848 1.378659
 1374.000000 1.919759 1.444291
 1375.000000 1.871928 1.381905
 1376.000000 1.842227 1.390643
 1377.000000 1.867498 1.423559
 1378.000000 1.880025 1.364909
 1379.000000 1.838687 1.418842
 1380.000000 1.928607 1.377883
 1381.000000 1.885030 1.378065
 1382.000000 1.889225 1.379324
 1383.000000 1.861194 1.436327
 1384.000000 1.888451 1.415174
 1385.000000 1.897777 1.494811
 1386.000000 1.992348 1.471904
 1387.000000 1.784202 1.451528
 1388.000000 1.758041 1.406248
 1389.000000 1.876213 1.421150
 1390.000000 1.854344 1.453197
 1391.000000 1.933905 1.381142
 1392.000000 1.935115 1.395819
 1393.000000 1.899752 1.379562
 1394.000000 1.896408 1.417870
 1395.000000 1.875298 1.460574
 1396.000000 1.882955 1.418284
 1397.000000 1.942097 1.353682
 1398.000000 1.877207 1.410879
 1399.000000 1.858172 1.300292
 1400.000000 1.803427 1.439637
 1401.000000 1.953085 1.420783
 1402.000000 1.864177 1.369252
 1403.000000 1.836007 1.409920
 1404.000000 1.905348 1.445200
 1405.000000 1.867233 1.368206
 1406.000000 1.888627 1.424347
 1407.000000 1.875634 1.438874
 1408.000000 1.888225 1.481949
 1409.000000 1.961944 1.441940
 1410.000000 1.811516 1.486008
 1411.000000 1.836964 1.417656
 1412.000000 2.005323 1.395231
 1413.000000 1.933474 1.375083
 1414.000000 1.907702 1.368556
 1415.000000 1.931748 1.420266
 1416.000000 1.849935 1.460124
 1417.000000 1.760677 1.366108
 1418.000000 1.902110 1.439956
 1419.000000 1.866117 1.414418
 1420.000000 1.898934 1.446103
 1421.000000 1.913816 1.388284
 1422.000000 1.864874 1.442666
 1423.000000 1.745236 1.405200
 1424.000000 1.882975 1.398680
 1425.000000 1.838642 1.424820
 1426.000000 1.769346 1.428716
 1427.000000 1.780401 1.408129
 1428.000000 1.816317 1.416997
 1429.000000 1.965496 1.393792
 1430.000000 1.867879 1.429313
 1431.000000 1.920790 1.425408
 1432.000000 1.861181 1.416340
 1433.000000 1.900220 1.295038
 1434.000000 1.880839 1.438949
 1435.000000 2.044831 1.402360
 1436.000000 1.918508 1.397527
 1437.000000 1.864339 1.382109
 1438.000000 1.865042 1.361448
 1439.000000 1.951171 1.450217
 1440.000000 1.908060 1.421294
 1441.000000 1.854394 1.360333
 1442.000000 1.937119 1.429574
 1443.000000 2.001787 1.440028
 1444.000000 1.821384 1.338186
 1445.000000 1.942082 1.383600
 1446.000000 1.958850 1.470299
 1447.000000 1.875130 1.465839
 1448.000000 1.798821 1.409599
 1449.000000 1.878902 1.382076
 1450.000000 1.846524 1.410202
 1451.000000 1.895856 1.383703
 1452.000000 1.907797 1.423063
 1453.000000 1.844362 1.454144
 1454.000000 1.877932 1.423200
 1455.000000 1.892883 1.452874
 1456.000000 1.879604 1.508980
 1457.000000 1.863447 1.360722
 1458.000000 1.803013 1.399717
 1459.000000 1.926032 1.440856
 1460.000000 1.863203 1.383762
 1461.000000 2.003396 1.399320
 1462.000000 1.917412 1.382784
 1463.000000 1.845388 1.415838
 1464.000000 1.855713 1.406708
 1465.000000 1.915883 1.423445
 1466.000000 1.888307 1.406550
 1467.000000 1.853536 1.439819
 1468.000000 1.973508 1.455691
 1469.000000 1.855051 1.391064
 1470.000000 1.962999 1.363971
 1471.000000 2.011649 1.347392
 1472.000000 1.942239 1.414274
 1473.000000 1.861200 1.407955
 1474.000000 1.814856 1.446495
 1475.000000 1.879929 1.364920
 1476.000000 1.905386 1.356201
 1477.000000 1.864868 1.375694
 1478.000000 1.895103 1.406095
 1479.000000 1.955144 1.397471
 1480.000000 1.897348 1.368061
 1481.000000 1.948585 1.410403
 1482.000000 1.893541 1.378029
 1483.000000 1.805234 1.399335
 1484.000000 1.785926 1.413007
 1485.000000 1.852095 1.387392
 1486.000000 1.877809 1.388442
 1487.000000 1.856841 1.349547
 1488.000000 1.756441 1.357008
 1489.000000 1.841769 1.370968
 1490.000000 1.847073 1.353784
 1491.000000 1.883475 1.421118
 1492.000000 1.902650 1.429337
 1493.000000 2.044119 1.425880
 1494.000000 1.926351 1.369355
 1495.000000 1.751735 1.353316
 1496.000000 1.938164 1.273122
 1497.000000 1.903466 1.415521
 1498.000000 1.936566 1.373709
 1499.000000 1.948717 1.388169
 1500.000000 1.922142 1.351060
 1501.000000 1.962642 1.379701
 1502.000000 1.827009 1.330272
 1503.000000 1.949994 1.374216
 1504.000000 1.981136 1.362434
 1505.000000 1.824383 1.335516
 1506.000000 1.937602 1.406121
 1507.000000 1.856779 1.369066
 1508.000000 1.868763 1.381895
 1509.000000 1.935506 1.459728
 1510.000000 1.908292 1.484422
 1511.000000 1.874281 1.372741
 1512.000000 1.933832 1.376404
 1513.000000 1.902665 1.385031
 1514.000000 1.884029 1.353418
 1515.000000 1.849187 1.385180
 1516.000000 1.897162 1.397367
 1517.000000 1.917484 1.398759
 1518.000000 1.783023 1.385422
 1519.000000 1.867896 1.423796
 1520.000000 1.928841 1.433653
 1521.000000 1.914694 1.323708
 1522.000000 1.925404 1.309380
 1523.000000 1.874350 1.370622
 1524.000000 1.917346 1.360738
 1525.000000 1.822894 1.335290
 1526.000000 1.957666 1.335844
 1527.000000 1.876200 1.354784
 1528.000000 1.865275 1.349602
 1529.000000 1.890974 1.363648
 1530.000000 1.794571 1.441317
 1531.000000 1.868028 1.417218
 1532.000000 1.911564 1.357414
 1533.000000 1.798987 1.402488
 1534.000000 1.789730 1.464781
 1535.000000 1.828862 1.437407
 1536.000000 1.895048 1.364694
 1537.000000 1.782549 1.426580
 1538.000000 1.840462 1.504161
 1539.000000 1.810164 1.482452
 1540.000000 1.874044 1.432494
 1541.000000 1.825851 1.456563
 1542.000000 1.930553 1.449180
 1543.000000 1.769575 1.440301
 1544.000000 1.782319 1.490505
 1545.000000 1.828581 1.492248
 1546.000000 1.869918 1.403098
 1547.000000 1.845709 1.454648
 1548.000000 1.871050 1.469809
 1549.000000 1.921007 1.495149
 1550.000000 1.911893 1.462870
 1551.000000 1.886033 1.406210
 1552.000000 1.916673 1.403854
 1553.000000 1.891854 1.413270
 1554.000000 1.941153 1.477164
 1555.000000 1.909056 1.381570
 1556.000000 1.870183 1.397260
 1557.000000 1.803126 1.385506
 1558.000000 1.800059 1.382476
 1559.000000 1.856355 1.461211
 1560.000000 1.777396 1.361191
 1561.000000 1.840693 1.423862
 1562.000000 1.888064 1.410789
 1563.000000 2.017892 1.435631
 1564.000000 1.865203 1.347138
 1565.000000 1.801165 1.410203
 1566.000000 1.760789 1.412078
 1567.000000 1.811500 1.448023
 1568.000000 1.876647 1.391767
 1569.000000 1.751351 1.480726
 1570.000000 1.868559 1.438707
 1571.000000 1.888455 1.436805
 1572.000000 1.792342 1.407943
 1573.000000 1.847693 1.450383
 1574.000000 1.804984 1.464028
 1575.000000 1.766047 1.449585
 1576.000000 1.894114 1.478227
 1577.000000 1.858173 1.431404
 1578.000000 1.829861 1.372229
 1579.000000 1.850957 1.414892
 1580.000000 1.907783 1.400620
 1581.000000 1.963944 1.421033
 1582.000000 1.866114 1.457155
 1583.000000 1.826976 1.435640
 1584.000000 1.853452 1.407863
 1585.000000 1.907557 1.413968
 1586.000000 1.812170 1.410108
 1587.000000 1.947400 1.548405
 1588.000000 1.818182 1.351790
 1589.000000 1.816043 1.402632
 1590.000000 1.848633 1.341908
 1591.000000 1.807327 1.351723
 1592.000000 1.843177 1.469039
 1593.000000 1.763485 1.369676
 1594.000000 1.786130 1.370485
 1595.000000 1.866646 1.368965
 1596.000000 1.799861 1.343960
 1597.000000 1.930697 1.331905
 1598.000000 1.854009 1.403860
 1599.000000 1.822309 1.419128
 1600.000000 1.708150 1.321247
 1601.000000 1.729700 1.409206
 1602.000000 1.876571 1.336346
 1603.000000 1.829980 1.353742
 1604.000000 1.860942 1.477968
 1605.000000 1.874390 1.424981
 1606.000000 1.804123 1.437090
 1607.000000 1.814744 1.411182
 1608.000000 1.891870 1.441763
 1609.000000 1.865456 1.376241
 1610.000000 1.707434 1.398695
 1611.000000 1.840054 1.406279
 1612.000000 1.869666 1.356457
 1613.000000 1.825387 1.442840
 1614.000000 1.879379 1.426742
 1615.000000 1.774790 1.414625
 1616.000000 1.821969 1.468984
 1617.000000 1.821574 1.406612
 1618.000000 1.785602 1.366978
 1619.000000 1.779780 1.415826
 1620.000000 1.860186 1.452592
 1621.000000 1.781088 1.502186
 1622.000000 1.914888 1.436134
 1623.000000 1.835228 1.410918
 1624.000000 1.874977 1.365584
 1625.000000 1.819016 1.445903
 1626.000000 1.766346 1.310203
 1627.000000 1.894260 1.366633
 1628.000000 2.044879 1.389716
 1629.000000 1.840971 1.403828
 1630.000000 1.895382 1.378077
 1631.000000 1.819755 1.400722
 1632.000000 1.948201 1.359499
 1633.000000 1.875578 1.310608
 1634.000000 1.681327 1.438920
 1635.000000 1.804218 1.394141
 1636.000000 1.925055 1.380900
 1637.000000 1.888616 1.359170
 1638.000000 1.845752 1.354176
 1639.000000 1.894650 1.372257
 1640.000000 1.850614 1.334588
 1641.000000 1.804643 1.373504
 1642.000000 1.791852 1.402670
 1643.000000 1.828868 1.456391
 1644.000000 1.860491 1.373647
 1645.000000 1.869146 1.431159
 1646.000000 1.874894 1.421296
 1647.000000 1.905939 1.465628
 1648.000000 1.899068 1.453663
 1649.000000 1.803547 1.377719
 1650.000000 1.828479 1.408280
 1651.000000 1.939713 1.430461
 1652.000000 1.827556 1.468326
 1653.000000 1.905301 1.471696
 1654.000000 1.969490 1.377824
 1655.000000 2.023460 1.513770
 1656.000000 1.900297 1.467170
 1657.000000 1.865093 1.468926
 1658.000000 1.878880 1.454215
 1659.000000 1.937922 1.463278
 1660.000000 1.850552 1.431881
 1661.000000 1.884160 1.481201
 1662.000000 1.850065 1.432435
 1663.000000 1.850948 1.411645
 1664.000000 1.838392 1.446954
 1665.000000 1.955979 1.459421
 1666.000000 1.897091 1.505403
 1667.000000 1.921075 1.498101
 1668.000000 1.855961 1.464273
 1669.000000 1.897917 1.552289
 1670.000000 1.915700 1.538722
 1671.000000 1.836543 1.471212
 1672.000000 1.933371 1.418817
 1673.000000 1.840722 1.464393
 1674.000000 1.823540 1.386675
 1675.000000 1.821856 1.361511
 1676.000000 1.846782 1.384408
 1677.000000 1.913342 1.378430
 1678.000000 1.787915 1.365638
 1679.000000 1.822707 1.446769
 1680.000000 1.766705 1.443659
 1681.000000 1.904552 1.488810
 1682.000000 1.759238 1.389816
 1683.000000 1.793109 1.427110
 1684.000000 1.874951 1.395386
 1685.000000 1.917936 1.474534
 1686.000000 1.971004 1.446747
 1687.000000 1.903854 1.406513
 1688.000000 1.834380 1.427708
 1689.000000 1.877898 1.407833
 1690.000000 1.933309 1.481387
 1691.000000 1.987232 1.415848
 1692.000000 1.891118 1.475963
 1693.000000 1.868474 1.489202
 1694.000000 1.829428 1.473451
 1695.000000 1.848370 1.425853
 1696.000000 1.951403 1.383563
 1697.000000 1.927734 1.479163
 1698.000000 1.970356 1.345622
 1699.000000 1.852813 1.432767
 1700.000000 1.918680 1.495530
 1701.000000 1.973489 1.485873
 1702.000000 1.896999 1.412660
 1703.000000 1.881256 1.506883
 1704.000000 1.859337 1.470064
 1705.000000 1.866172 1.431528
 1706.000000 1.909184 1.429604
 1707.000000 1.898629 1.494077
 1708.000000 1.843496 1.428558
 1709.000000 1.882785 1.403131
 1710.000000 1.879939 1.434009
 1711.000000 1.842289 1.359140
 1712.000000 1.842303 1.487063
 1713.000000 1.936308 1.462457
 1714.000000 1.900703 1.457595
 1715.000000 1.914707 1.386080
 1716.000000 1.895195 1.401190
 1717.000000 1.896818 1.467691
 1718.000000 1.938243 1.514914
 1719.000000 1.816474 1.516743
 1720.000000 1.922941 1.359649
 1721.000000 1.802228 1.476850
 1722.000000 1.823355 1.395013
 1723.000000 1.806879 1.410670
 1724.000000 1.879246 1.412825
 1725.000000 1.871050 1.484837
 1726.000000 1.960681 1.439043
 1727.000000 1.878817 1.441391
 1728.000000 1.784726 1.414402
 1729.000000 1.907267 1.402716
 1730.000000 2.008138 1.443083
 1731.000000 1.865758 1.428034
 1732.000000 1.944345 1.422662
 1733.000000 1.859448 1.430610
 1734.000000 1.875099 1.416322
 1735.000000 1.826614 1.401960
 1736.000000 1.940238 1.374530
 1737.000000 1.906638 1.448118
 1738.000000 1.918679 1.430483
 1739.000000 2.017894 1.410926
 1740.000000 1.873509 1.449421
 1741.000000 1.875621 1.455445
 1742.000000 1.850281 1.491132
 1743.000000 2.011481 1.473767
 1744.000000 1.893596 1.459901
 1745.000000 1.857473 1.440669
 1746.000000 1.992699 1.464158
 1747.000000 1.918515 1.525487
 1748.000000 1.904202 1.470315
 1749.000000 1.907461 1.460754
 1750.000000 1.894910 1.471593
 1751.000000 1.957361 1.451146
 1752.000000 1.898605 1.401525
 1753.000000 1.887301 1.440384
 1754.000000 1.934452 1.424870
 1755.000000 1.982934 1.456287
 1756.000000 1.873876 1.425071
 1757.000000 1.865519 1.452024
 1758.000000 1.929798 1.450470
 1759.000000 2.033306 1.465662
 1760.000000 1.934120 1.415749
 1761.000000 1.874474 1.470285
 1762.000000 1.857274 1.513166
 1763.000000 1.916780 1.483302
 1764.000000 1.957091 1.551641
 1765.000000 1.895875 1.535262
 1766.000000 1.990114 1.448287
 1767.000000 1.875126 1.507210
 1768.000000 1.819866 1.544907
 1769.000000 1.817900 1.468410
 1770.000000 1.909801 1.423995
 1771.000000 1.909880 1.452962
 1772.000000 1.992054 1.456169
 1773.000000 1.905698 1.463838
 1774.000000 1.808833 1.440535
 1775.000000 1.985339 1.484192
 1776.000000 1.860969 1.434746
 1777.000000 1.863255 1.432957
 1778.000000 1.824547 1.499420
 1779.000000 1.892823 1.395688
 1780.000000 1.896887 1.424272
 1781.000000 1.863147 1.472972
 1782.000000 1.956607 1.430291
 1783.000000 1.930937 1.445693
 1784.000000 1.809375 1.490089
 1785.000000 1.896948 1.470873
 1786.000000 1.859475 1.467170
 1787.000000 1.986513 1.375842
 1788.000000 1.882063 1.443501
 1789.000000 1.866415 1.534093
 1790.000000 1.997446 1.461212
 1791.000000 1.930783 1.433726
 1792.000000 1.926387 1.497279
 1793.000000 1.813044 1.471562
 1794.000000 1.955405 1.439130
 1795.000000 1.902168 1.447931
 1796.000000 1.905547 1.397723
 1797.000000 1.904288 1.412181
 1798.000000 1.906394 1.484283
 1799.000000 1.878998 1.434449
 1800.000000 2.009167 1.489940
 1801.000000 1.951451 1.472232
 1802.000000 1.912168 1.466426
 1803.000000 1.947323 1.441813
 1804.000000 1.910776 1.498166
 1805.000000 1.933166 1.412488
 1806.000000 1.916723 1.432526
 1807.000000 1.859051 1.505183
 1808.000000 1.831864 1.436366
 1809.000000 1.961249 1.504982
 1810.000000 1.958978 1.445139
 1811.000000 1.952745 1.484327
 1812.000000 1.940670 1.444811
 1813.000000 1.963035 1.483519
 1814.000000 1.958526 1.464503
 1815.000000 2.004626 1.495258
 1816.000000 1.975384 1.443760
 1817.000000 1.892937 1.470032
 1818.000000 1.917277 1.491828
 1819.000000 1.917468 1.462941
 1820.000000 1.855379 1.370458
 1821.000000 1.879654 1.443855
 1822.000000 1.956162 1.401836
 1823.000000 1.918314 1.499140
 1824.000000 1.810524 1.397636
 1825.000000 1.820327 1.456815
 1826.000000 1.871045 1.380891
 1827.000000 1.940494 1.375915
 1828.000000 1.950827 1.427120
 1829.000000 1.910684 1.467779
 1830.000000 1.782775 1.438555
 1831.000000 1.932045 1.490250
 1832.000000 1.839103 1.367629
 1833.000000 1.778076 1.399852
 1834.000000 1.901901 1.347325
 1835.000000 1.936791 1.390606
 1836.000000 1.801547 1.368768
 1837.000000 1.956820 1.397560
 1838.000000 1.940447 1.446029
 1839.000000 1.877726 1.458960
 1840.000000 1.800881 1.455388
 1841.000000 1.983454 1.382120
 1842.000000 1.858809 1.472263
 1843.000000 1.925011 1.390633
 1844.000000 1.906692 1.424556
 1845.000000 1.909551 1.426793
 1846.000000 1.932100 1.428578
 1847.000000 2.081630 1.497066
 1848.000000 1.932658 1.486928
 1849.000000 1.953778 1.437834
 1850.000000 1.958459 1.495231
 1851.000000 1.939625 1.499907
 1852.000000 2.049585 1.455485
 1853.000000 1.970213 1.433399
 1854.000000 1.953288 1.446501
 1855.000000 2.033805 1.508127
 1856.000000 1.821726 1.439441
 1857.000000 1.900472 1.466580
 1858.000000 1.853187 1.483506
 1859.000000 1.907782 1.507041
 1860.000000 1.937003 1.455515
 1861.000000 1.923837 1.476525
 1862.000000 1.930259 1.435663
 1863.000000 1.968612 1.557218
 1864.000000 1.939965 1.516318
 1865.000000 1.873149 1.452051
 1866.000000 1.942567 1.477182
 1867.000000 1.961781 1.522332
 1868.000000 1.914543 1.432456
 1869.000000 1.990792 1.524960
 1870.000000 1.894475 1.476640
 1871.000000 1.907344 1.478826
 1872.000000 2.120632 1.527045
 1873.000000 1.887228 1.540716
 1874.000000 1.894897 1.451424
 1875.000000 1.908646 1.429295
 1876.000000 1.992873 1.490414
 1877.000000 1.942804 1.512866
 1878.000000 1.968231 1.522254
 1879.000000 1.965963 1.485187
 1880.000000 1.947081 1.506502
 1881.000000 2.026091 1.516931
 1882.000000 2.075305 1.560672
 1883.000000 1.927103 1.547588
 1884.000000 1.921722 1.491675
 1885.000000 1.879087 1.480826
 1886.000000 1.958842 1.494800
 1887.000000 1.948120 1.446808
 1888.000000 1.886095 1.500887
 1889.000000 1.946274 1.484164
 1890.000000 1.887635 1.431177
 1891.000000 1.882942 1.430519
 1892.000000 1.979530 1.485824
 1893.000000 1.968019 1.380625
 1894.000000 1.943400 1.398239
 1895.000000 1.808808 1.425652
 1896.000000 1.893520 1.433171
 1897.000000 1.822994 1.408794
 1898.000000 1.897603 1.340680
 1899.000000 1.873755 1.459282
 1900.000000 1.862487 1.497294
 1901.000000 1.953260 1.421761
 1902.000000 1.938733 1.419005
 1903.000000 1.853006 1.417321
 1904.000000 1.899189 1.430140
 1905.000000 1.908102 1.429630
 1906.000000 1.961718 1.438548
 1907.000000 1.884393 1.411113
 1908.000000 1.950048 1.438852
 1909.000000 1.822385 1.393696
 1910.000000 1.946902 1.386269
 1911.000000 1.858944 1.474676
 1912.000000 1.864081 1.433056
 1913.000000 1.927885 1.425853
 1914.000000 1.919607 1.450587
 1915.000000 1.861074 1.425322
 1916.000000 1.856878 1.433413
 1917.000000 1.833560 1.362702
 1918.000000 1.779407 1.375785
 1919.000000 1.911861 1.455842
 1920.000000 1.797793 1.424660
 1921.000000 1.848301 1.419402
 1922.000000 1.895480 1.384395
 1923.000000 1.771656 1.439213
 1924.000000 1.901191 1.461353
 1925.000000 1.811229 1.348088
 1926.000000 1.827876 1.337322
 1927.000000 1.873401 1.363243
 1928.000000 1.915022 1.411400
 1929.000000 1.751370 1.417155
 1930.000000 1.852459 1.350743
 1931.000000 1.773880 1.312968
 1932.000000 1.883349 1.427379
 1933.000000 1.922318 1.426160
 1934.000000 1.865546 1.428060
 1935.000000 1.944629 1.408558
 1936.000000 1.876411 1.457542
 1937.000000 1.846678 1.387725
 1938.000000 1.797177 1.355500
 1939.000000 1.815069 1.447501
 1940.000000 1.894624 1.381602
 1941.000000 1.823671 1.423767
 1942.000000 1.789444 1.358815
 1943.000000 1.825945 1.451636
 1944.000000 1.859904 1.413968
 1945.000000 1.801462 1.388114
 1946.000000 1.783100 1.420618
 1947.000000 1.897165 1.377874
 1948.000000 1.815354 1.386292
 1949.000000 1.925147 1.453815
 1950.000000 1.818415 1.344039
 1951.000000 1.924614 1.447994
 1952.000000 1.873375 1.402547
 1953.000000 1.835812 1.413705
 1954.000000 1.967076 1.415021
 1955.000000 1.755524 1.352967
 1956.000000 1.853617 1.377461
 1957.000000 1.955967 1.375217
 1958.000000 1.822042 1.384263
 1959.000000 1.818118 1.330573
 1960.000000 1.781544 1.407592
 1961.000000 1.846564 1.395335
 1962.000000 1.884311 1.428601
 1963.000000 1.856354 1.408298
 1964.000000 1.755547 1.419711
 1965.000000 1.829709 1.437865
 1966.000000 1.836881 1.436994
 1967.000000 1.820086 1.387192
 1968.000000 1.803100 1.457322
 1969.000000 1.849911 1.461868
 1970.000000 1.930160 1.428645
 1971.000000 1.842237 1.339420
 1972.000000 1.884171 1.429647
 1973.000000 1.873986 1.402372
 1974.000000 1.931192 1.359070
 1975.000000 1.892494 1.424385
 1976.000000 1.829177 1.389229
 1977.000000 1.885289 1.345129
 1978.000000 1.887303 1.405455
 1979.000000 1.983067 1.418289
 1980.000000 1.814032 1.490717
 1981.000000 1.871210 1.447210
 1982.000000 1.939156 1.452122
 1983.000000 1.842479 1.396014
 1984.000000 1.901386 1.394611
 1985.000000 1.879631 1.387130
 1986.000000 1.857076 1.517956
 1987.000000 1.985995 1.492242
 1988.000000 1.969120 1.449571
 1989.000000 1.841376 1.383990
 1990.000000 1.909952 1.395457
 1991.000000 1.928455 1.442892
 1992.000000 1.936915 1.410273
 1993.000000 1.898277 1.379780
 1994.000000 1.845730 1.433379
 1995.000000 1.840483 1.375101
 1996.000000 1.835259 1.393334
 1997.000000 1.776036 1.385714
 1998.000000 1.792607 1.433078
 1999.000000 1.852703 1.389038
 2000.000000 1.814307 1.425291
 2001.000000 1.854772 1.396368
 2002.000000 1.892610 1.409929
 2003.000000 1.853555 1.473544
 2004.000000 1.945280 1.485488
 2005.000000 1.781327 1.397021
 2006.000000 1.911938 1.486531
 2007.000000 1.769415 1.446064
 2008.000000 1.765330 1.363417
 2009.000000 1.833221 1.424044
 2010.000000 1.961030 1.434930
 2011.000000 1.937035 1.464495
 2012.000000 1.827415 1.434618
 2013.000000 1.875001 1.424339
 2014.000000 1.840969 1.443055
 2015.000000 1.930380 1.484431
 2016.000000 1.802370 1.475415
 2017.000000 1.918648 1.430562
 2018.000000 1.865816 1.451129
 2019.000000 1.946476 1.462916
 2020.000000 1.812611 1.500751
 2021.000000 1.826213 1.384224
 2022.000000 1.940212 1.416594
 2023.000000 1.908761 1.388701
 2024.000000 1.833918 1.376224
 2025.000000 1.914866 1.417932
 2026.000000 1.804146 1.378110
 2027.000000 1.837537 1.397722
 2028.000000 1.878774 1.405169
 2029.000000 1.854509 1.454309
 2030.000000 1.982899 1.404278
 2031.000000 2.035779 1.454620
 2032.000000 1.928535 1.395642
 2033.000000 1.920230 1.485582
 2034.000000 1.851429 1.435239
 2035.000000 1.874045 1.389282
 2036.000000 1.942981 1.412117
 2037.000000 1.867895 1.438235
 2038.000000 1.822458 1.485720
 2039.000000 1.858065 1.406657
 2040.000000 1.883537 1.381762
 2041.000000 1.928211 1.405170
 2042.000000 1.820135 1.423263
 2043.000000 1.793242 1.434240
 2044.000000 1.795607 1.378944
 2045.000000 1.707168 1.424860
 2046.000000 1.840059 1.442666
 2047.000000 1.900763 1.362850
 2048.000000 1.904425 1.489484
 2049.000000 1.905904 1.408767
 2050.000000 1.863807 1.389765
 2051.000000 1.994900 1.498249
 2052.000000 1.986520 1.421712
 2053.000000 1.865640 1.437934
 2054.000000 2.030951 1.458931
 2055.000000 1.874802 1.450165
 2056.000000 1.824359 1.490357
 2057.000000 1.792168 1.426432
 2058.000000 1.860191 1.429914
 2059.000000 1.826684 1.415155
 2060.000000 1.847373 1.404838
 2061.000000 1.795620 1.406564
 2062.000000 1.821114 1.435941
 2063.000000 1.853766 1.408726
 2064.000000 1.864986 1.457720
 2065.000000 1.810493 1.447746
 2066.000000 1.889806 1.423432
 2067.000000 1.852871 1.425309
 2068.000000 1.807554 1.462122
 2069.000000 1.910441 1.459962
 2070.000000 1.774669 1.414144
 2071.000000 1.797804 1.459318
 2072.000000 1.926182 1.451243
 2073.000000 1.925931 1.455068
 2074.000000 1.902118 1.465876
 2075.000000 1.890444 1.457045
 2076.000000 1.837872 1.431808
 2077.000000 1.843878 1.418443
 2078.000000 1.816562 1.426211
 2079.000000 1.844814 1.392579
 2080.000000 1.888554 1.472705
 2081.000000 1.866660 1.389006
 2082.000000 1.833491 1.391828
 2083.000000 1.913143 1.481179
 2084.000000 2.000291 1.372577
 2085.000000 2.011817 1.476916
 2086.000000 1.797451 1.452174
 2087.000000 2.010421 1.416516
 2088.000000 2.021740 1.411068
 2089.000000 1.951585 1.524769
 2090.000000 1.856564 1.492961
 2091.000000 1.910170 1.474032
 2092.000000 1.805607 1.443093
 2093.000000 1.904475 1.492434
 2094.000000 1.715377 1.488003
 2095.000000 1.813815 1.488461
 2096.000000 1.903900 1.480497
 2097.000000 1.874560 1.446386
 2098.000000 1.884704 1.475769
 2099.000000 1.869559 1.494006
 2100.000000 1.977171 1.494870
 2101.000000 1.968100 1.388072
 2102.000000 1.825461 1.444565
 2103.000000 1.937471 1.463163
 2104.000000 1.934660 1.472381
 2105.000000 1.961067 1.516115
 2106.000000 1.952420 1.450196
 2107.000000 2.007253 1.429779
 2108.000000 1.910124 1.440779
 2109.000000 1.953072 1.481095
 2110.000000 1.842099 1.440307
 2111.000000 1.864506 1.496014
 2112.000000 1.955622 1.416072
 2113.000000 1.997944 1.478427
 2114.000000 1.825107 1.465337
 2115.000000 1.815204 1.405445
 2116.000000 1.897054 1.425919
 2117.000000 1.935564 1.526667
 2118.000000 1.969169 1.437853
 2119.000000 1.869123 1.443701
 2120.000000 1.996804 1.472531
 2121.000000 1.861765 1.489624
 2122.000000 1.888711 1.463500
 2123.000000 1.805500 1.433999
 2124.000000 1.808963 1.375131
 2125.000000 1.828960 1.461584
 2126.000000 1.915752 1.463822
 2127.000000 1.838709 1.442544
 2128.000000 1.997566 1.442560
 2129.000000 1.820378 1.466465
 2130.000000 1.876891 1.418330
 2131.000000 1.873386 1.419858
 2132.000000 1.810115 1.472274
 2133.000000 1.927020 1.448488
 2134.000000 1.910239 1.424218
 2135.000000 1.989248 1.387310
 2136.000000 1.831084 1.461205
 2137.000000 1.918490 1.386839
 2138.000000 1.895648 1.452367
 2139.000000 1.905916 1.467621
 2140.000000 1.891962 1.443124
 2141.000000 1.853983 1.472101
 2142.000000 1.796079 1.406387
 2143.000000 1.862684 1.443538
 2144.000000 1.767549 1.410278
 2145.000000 1.908435 1.390183
 2146.000000 1.903320 1.422600
 2147.000000 1.889195 1.388114
 2148.000000 1.926750 1.404147
 2149.000000 1.854433 1.405399
 2150.000000 1.844454 1.487615
 2151.000000 1.876297 1.436743
 2152.000000 1.881836 1.424663
 2153.000000 1.849415 1.445558
 2154.000000 1.823178 1.456975
 2155.000000 1.901716 1.483890
 2156.000000 1.879851 1.410562
 2157.000000 1.816677 1.477279
 2158.000000 1.902476 1.468991
 2159.000000 1.821990 1.446878
 2160.000000 1.923458 1.492678
 2161.000000 1.964554 1.427405
 2162.000000 1.900820 1.380179
 2163.000000 1.814576 1.391310
 2164.000000 1.781008 1.374627
 2165.000000 1.881744 1.535352
 2166.000000 1.848617 1.479203
 2167.000000 1.857614 1.482434
 2168.000000 1.902456 1.517338
 2169.000000 1.931741 1.447695
 2170.000000 1.866035 1.421785
 2171.000000 1.798006 1.525055
 2172.000000 1.807035 1.442560
 2173.000000 1.837955 1.450023
 2174.000000 1.642922 1.498994
 2175.000000 1.889875 1.423343
 2176.000000 1.957599 1.411935
 2177.000000 1.884463 1.451973
 2178.000000 1.914286 1.480887
 2179.000000 1.937359 1.491580
 2180.000000 1.927235 1.433006
 2181.000000 1.884923 1.522396
 2182.000000 1.833967 1.478444
 2183.000000 1.886915 1.490133
 2184.000000 1.980998 1.441822
 2185.000000 1.889144 1.423212
 2186.000000 1.882745 1.415285
 2187.000000 1.771445 1.439495
 2188.000000 1.945266 1.429956
 2189.000000 1.932957 1.409697
 2190.000000 1.900535 1.332987
 2191.000000 1.757421 1.455059
 2192.000000 1.958377 1.427105
 2193.000000 1.939335 1.442424
 2194.000000 1.886798 1.339528
 2195.000000 2.007784 1.419925
 2196.000000 1.914172 1.454962
 2197.000000 1.913531 1.367352
 2198.000000 1.889217 1.397850
 2199.000000 1.934015 1.493518
 2200.000000 1.850037 1.474225
 2201.000000 1.790014 1.488704
 2202.000000 1.805445 1.481319
 2203.000000 1.869617 1.558137
 2204.000000 1.920662 1.503335
 2205.000000 1.944505 1.540778
 2206.000000 1.838776 1.535175
 2207.000000 1.880532 1.560377
 2208.000000 1.902302 1.491632
 2209.000000 1.913913 1.502102
 2210.000000 1.886880 1.532168
 2211.000000 1.846515 1.493205
 2212.000000 1.857509 1.464247
 2213.000000 1.802173 1.422873
 2214.000000 1.896606 1.493383
 2215.000000 1.957537 1.549167
 2216.000000 1.930994 1.522728
 2217.000000 1.868493 1.478310
 2218.000000 1.852315 1.545162
 2219.000000 1.915517 1.446094
 2220.000000 1.966439 1.493308
 2221.000000 1.944593 1.410735
 2222.000000 1.821742 1.409087
 2223.000000 1.908914 1.476836
 2224.000000 1.851144 1.464066
 2225.000000 1.871584 1.484809
 2226.000000 1.781177 1.408647
 2227.000000 1.957345 1.377875
 2228.000000 1.885692 1.429510
 2229.000000 1.899819 1.399643
 2230.000000 1.903175 1.426878
 2231.000000 1.905369 1.410074
 2232.000000 1.870214 1.398264
 2233.000000 1.743419 1.419504
 2234.000000 1.868818 1.463505
 2235.000000 1.839865 1.453538
 2236.000000 1.867838 1.422863
 2237.000000 1.923994 1.480629
 2238.000000 1.922344 1.408735
 2239.000000 2.048949 1.519049
 2240.000000 1.902203 1.471267
 2241.000000 1.690873 1.465761
 2242.000000 1.882490 1.507711
 2243.000000 1.769718 1.448089
 2244.000000 1.739055 1.507414
 2245.000000 1.826294 1.458663
 2246.000000 1.958627 1.472314
 2247.000000 1.811584 1.453883
 2248.000000 1.829952 1.474833
 2249.000000 1.882800 1.498486
 2250.000000 1.865108 1.505115
 2251.000000 1.970804 1.590760
 2252.000000 1.790100 1.483845
 2253.000000 1.943007 1.369136
 2254.000000 1.865221 1.396566
 2255.000000 1.903578 1.478763
 2256.000000 1.939444 1.520790
 2257.000000 1.898417 1.492180
 2258.000000 1.840143 1.474980
 2259.000000 1.933178 1.418335
 2260.000000 2.019850 1.414419
 2261.000000 1.880175 1.376406
 2262.000000 1.870899 1.366851
 2263.000000 1.891995 1.459414
 2264.000000 1.875845 1.462435
 2265.000000 1.910401 1.512602
 2266.000000 2.011816 1.482795
 2267.000000 1.930976 1.531735
 2268.000000 1.930580 1.482314
 2269.000000 1.855413 1.456257
 2270.000000 1.846546 1.395084
 2271.000000 1.950843 1.453608
 2272.000000 1.884348 1.479467
 2273.000000 1.854013 1.512700
 2274.000000 1.925778 1.429257
 2275.000000 2.000271 1.521575
 2276.000000 1.945068 1.489949
 2277.000000 1.870976 1.461565
 2278.000000 1.859668 1.490867
 2279.000000 1.808172 1.458671
 2280.000000 1.921232 1.444443
 2281.000000 1.935262 1.478898
 2282.000000 1.916365 1.480568
 2283.000000 1.933602 1.480408
 2284.000000 1.986965 1.433009
 2285.000000 1.882024 1.464395
 2286.000000 1.878242 1.429229
 2287.000000 1.926966 1.526051
 2288.000000 1.910084 1.434724
 2289.000000 1.985090 1.547699
 2290.000000 1.933842 1.489048
 2291.000000 1.922102 1.431048
 2292.000000 2.036599 1.427633
 2293.000000 1.914427 1.436959
 2294.000000 1.985405 1.384566
 2295.000000 1.894253 1.457556
 2296.000000 2.004867 1.437311
 2297.000000 1.925867 1.457143
 2298.000000 1.936995 1.456337
 2299.000000 1.988575 1.453633
 2300.000000 1.981560 1.429002
 2301.000000 1.941013 1.474256
 2302.000000 1.957612 1.496204
 2303.000000 1.914352 1.445907
 2304.000000 1.931633 1.455967
 2305.000000 2.009520 1.495784
 2306.000000 1.930465 1.506064
 2307.000000 1.937238 1.452982
 2308.000000 2.001355 1.465389
 2309.000000 1.898969 1.429268
 2310.000000 1.873556 1.395650
 2311.000000 1.895809 1.447872
 2312.000000 1.967461 1.493032
 2313.000000 1.829625 1.474557
 2314.000000 1.868654 1.448762
 2315.000000 1.858151 1.494975
 2316.000000 1.822728 1.491203
 2317.000000 1.887538 1.494578
 2318.000000 1.873363 1.449616
 2319.000000 1.780118 1.496028
 2320.000000 1.851706 1.472728
 2321.000000 1.870696 1.395970
 2322.000000 1.895760 1.470835
 2323.000000 1.961575 1.496673
 2324.000000 1.953257 1.547166
 2325.000000 1.924207 1.512967
 2326.000000 1.862717 1.486749
 2327.000000 1.853171 1.436979
 2328.000000 1.946937 1.462394
 2329.000000 1.831815 1.520388
 2330.000000 1.940775 1.544458
 2331.000000 1.919460 1.456834
 2332.000000 1.883032 1.422460
 2333.000000 1.952504 1.475015
 2334.000000 1.934105 1.455948
 2335.000000 2.042388 1.503488
 2336.000000 1.953958 1.473106
 2337.000000 1.943877 1.501422
 2338.000000 1.861164 1.447281
 2339.000000 1.983595 1.532350
 2340.000000 1.843041 1.422249
 2341.000000 1.895624 1.461567
 2342.000000 1.865351 1.409166
 2343.000000 1.907053 1.488536
 2344.000000 1.953149 1.529943
 2345.000000 1.906037 1.456520
 2346.000000 1.883676 1.494994
 2347.000000 1.898797 1.400631
 2348.000000 1.787166 1.365346
 2349.000000 1.983626 1.458600
 2350.000000 1.926793 1.411521
 2351.000000 1.961131 1.391539
 2352.000000 1.863051 1.381679
 2353.000000 1.840291 1.416783
 2354.000000 1.849778 1.363795
 2355.000000 2.050509 1.397287
 2356.000000 1.947916 1.419107
 2357.000000 1.894920 1.333259
 2358.000000 1.834225 1.388344
 2359.000000 1.832917 1.460539
 2360.000000 1.943788 1.489321
 2361.000000 1.938940 1.431769
 2362.000000 1.850604 1.436291
 2363.000000 1.974032 1.406360
 2364.000000 1.957721 1.381480
 2365.000000 1.842315 1.447510
 2366.000000 1.861003 1.453657
 2367.000000 1.842143 1.437908
 2368.000000 1.831562 1.439678
 2369.000000 1.913468 1.486265
 2370.000000 1.823418 1.460372
 2371.000000 1.843616 1.388976
 2372.000000 1.899735 1.364994
 2373.000000 1.890875 1.475967
 2374.000000 1.816775 1.399605
 2375.000000 1.915656 1.436114
 2376.000000 1.859292 1.435254
 2377.000000 1.971031 1.445444
 2378.000000 2.001653 1.537067
 2379.000000 1.862971 1.477673
 2380.000000 2.035819 1.504895
 2381.000000 1.825789 1.463255
 2382.000000 1.894347 1.460256
 2383.000000 1.862250 1.409437
 2384.000000 1.878886 1.400981
 2385.000000 1.846960 1.460735
 2386.000000 1.923880 1.470105
 2387.000000 1.875037 1.508790
 2388.000000 1.963799 1.501680
 2389.000000 1.828392 1.393915
 2390.000000 1.835869 1.403040
 2391.000000 1.868567 1.463303
 2392.000000 1.874706 1.489453
 2393.000000 1.799135 1.459481
 2394.000000 1.814555 1.391109
 2395.000000 1.821552 1.431019
 2396.000000 1.949971 1.388390
 2397.000000 1.956278 1.502479
 2398.000000 1.874978 1.434948
 2399.000000 1.848915 1.411917
 2400.000000 1.915440 1.464432
 2401.000000 1.884045 1.467132
 2402.000000 1.873176 1.494007
 2403.000000 1.919824 1.542193
 2404.000000 1.850973 1.480141
 2405.000000 1.900773 1.474311
 2406.000000 1.795495 1.476403
 2407.000000 1.893745 1.479288
 2408.000000 1.770971 1.431452
 2409.000000 1.968424 1.441062
 2410.000000 1.862006 1.449930
 2411.000000 1.859014 1.484842
 2412.000000 1.895935 1.510708
 2413.000000 1.875767 1.513453
 2414.000000 1.960595 1.480122
 2415.000000 1.803748 1.461189
 2416.000000 1.955218 1.555543
 2417.000000 1.831247 1.541592
 2418.000000 1.679371 1.388804
 2419.000000 1.903076 1.474484
 2420.000000 1.835695 1.467442
 2421.000000 1.884847 1.458285
 2422.000000 1.861954 1.501468
 2423.000000 1.827878 1.477667
 2424.000000 1.930424 1.478677
 2425.000000 1.931900 1.494942
 2426.000000 1.853162 1.490411
 2427.000000 1.840026 1.421761
 2428.000000 1.897688 1.482831
 2429.000000 1.818624 1.437348
 2430.000000 1.823345 1.421495
 2431.000000 1.815882 1.468316
 2432.000000 1.831400 1.494985
 2433.000000 1.999829 1.443743
 2434.000000 1.838664 1.430235
 2435.000000 2.047812 1.449359
 2436.000000 1.829975 1.489760
 2437.000000 1.867600 1.457645
 2438.000000 1.900309 1.385030
 2439.000000 1.752357 1.411224
 2440.000000 1.895354 1.449676
 2441.000000 1.880636 1.405173
 2442.000000 1.847159 1.446422
 2443.000000 1.902638 1.472472
 2444.000000 1.858303 1.390504
 2445.000000 1.836990 1.455362
 2446.000000 1.874589 1.449904
 2447.000000 1.925291 1.378800
 2448.000000 1.853791 1.376188
 2449.000000 1.809980 1.495817
 2450.000000 1.774581 1.476048
 2451.000000 1.812803 1.431673
 2452.000000 1.793408 1.435026
 2453.000000 1.802269 1.378436
 2454.000000 1.886903 1.442385
 2455.000000 1.855246 1.466342
 2456.000000 1.802069 1.411496
 2457.000000 1.976785 1.381789
 2458.000000 1.888152 1.465473
 2459.000000 1.834045 1.383122
 2460.000000 1.837391 1.494517
 2461.000000 1.851030 1.459777
 2462.000000 1.879574 1.438377
 2463.000000 1.897762 1.452270
 2464.000000 2.002836 1.463220
 2465.000000 1.914499 1.445222
 2466.000000 1.810445 1.411199
 2467.000000 1.930408 1.468073
 2468.000000 1.962388 1.465209
 2469.000000 1.920829 1.473338
 2470.000000 1.921295 1.462058
 2471.000000 1.855213 1.450529
 2472.000000 1.876740 1.487010
 2473.000000 1.820866 1.478804
 2474.000000 1.881369 1.454793
 2475.000000 1.924518 1.452157
 2476.000000 1.838908 1.338937
 2477.000000 1.865635 1.447462
 2478.000000 1.787303 1.405266
 2479.000000 1.898984 1.425399
 2480.000000 1.954033 1.542570
 2481.000000 1.903716 1.508742
 2482.000000 1.823594 1.503282
 2483.000000 1.761177 1.438400
 2484.000000 1.786355 1.444618
 2485.000000 1.833372 1.406682
 2486.000000 1.836566 1.468491
 2487.000000 1.830273 1.483591
 2488.000000 1.907659 1.478791
 2489.000000 1.829336 1.462451
 2490.000000 1.886195 1.499463
 2491.000000 1.841209 1.460624
 2492.000000 1.821393 1.431636
 2493.000000 1.861435 1.426543
 2494.000000 1.789604 1.510497
 2495.000000 1.900270 1.472524
 2496.000000 1.841204 1.485941
 2497.000000 1.841820 1.472821
 2498.000000 1.856046 1.472750
 2499.000000 1.870406 1.473519
 2500.000000 1.943342 1.436989
