#! FIELDS time pd_137_140 diff
 0.000000 1.939654 0.493300
 1.000000 2.328418 -0.899623
 2.000000 2.235575 -0.948993
 3.000000 2.298281 -0.995872
 4.000000 2.256157 -0.914972
 5.000000 2.247236 -0.867214
 6.000000 2.208310 -0.936203
 7.000000 2.270778 -0.891597
 8.000000 2.193577 -0.869471
 9.000000 2.159484 -0.901347
 10.000000 2.293134 -0.909840
 11.000000 2.301568 -0.934249
 12.000000 2.274479 -1.000869
 13.000000 2.347988 -0.902896
 14.000000 2.215521 -1.028488
 15.000000 2.296398 -0.956469
 16.000000 2.208833 -0.950137
 17.000000 2.178619 -0.920538
 18.000000 2.363893 -0.992144
 19.000000 2.254100 -0.981971
 20.000000 2.194031 -0.911584
 21.000000 2.177773 -0.922021
 22.000000 2.270745 -0.998147
 23.000000 2.343603 -0.940348
 24.000000 2.245949 -0.893930
 25.000000 2.236121 -0.915166
 26.000000 2.212187 -0.921061
 27.000000 2.180618 -0.966122
 28.000000 2.164614 -1.025647
 29.000000 2.331592 -0.906316
 30.000000 2.202649 -0.904875
 31.000000 2.177250 -0.911234
 32.000000 2.228623 -0.956457
 33.000000 2.448509 -0.855867
 34.000000 2.391293 -0.799032
 35.000000 2.285200 -0.790083
 36.000000 2.376435 -0.853068
 37.000000 2.363304 -0.880622
 38.000000 2.200213 -0.944535
 39.000000 2.225422 -0.807623
 40.000000 2.258082 -0.905139
 41.000000 2.279808 -0.781413
 42.000000 2.243367 -0.943805
 43.000000 2.391646 -0.892822
 44.000000 2.255200 -0.879580
 45.000000 2.287223 -1.003791
 46.000000 2.285143 -0.991787
 47.000000 2.247057 -0.913240
 48.000000 2.230845 -1.092202
 49.000000 2.326066 -0.889060
 50.000000 2.300049 -0.962706
 51.000000 2.259837 -0.923405
 52.000000 2.232770 -0.960846
 53.000000 2.308112 -0.963300
 54.000000 2.217535 -1.004397
 55.000000 2.265919 -0.915278
 56.000000 2.347715 -0.891135
 57.000000 2.199015 -0.887613
 58.000000 2.195182 -0.985958
 59.000000 2.188573 -0.921244
 60.000000 2.354833 -0.978924
 61.000000 2.160608 -1.003714
 62.000000 2.316149 -0.950895
 63.000000 2.276347 -0.963547
 64.000000 2.278043 -0.990749
 65.000000 2.247214 -0.960139
 66.000000 2.237631 -0.934900
 67.000000 2.252450 -1.008099
 68.000000 2.220511 -0.910824
 69.000000 2.274864 -0.985727
 70.000000 2.275149 -0.900544
 71.000000 2.330516 -0.938290
 72.000000 2.184462 -0.957403
 73.000000 2.281780 -0.952207
 74.000000 2.191546 -0.987393
 75.000000 2.252245 -0.978371
 76.000000 2.259259 -0.944871
 77.000000 2.156242 -1.065597
 78.000000 2.182053 -1.074165
 79.000000 2.285998 -0.921127
 80.000000 2.245655 -1.002313
 81.000000 2.206645 -0.989209
 82.000000 2.203526 -0.964608
 83.000000 2.200309 -0.981277
 84.000000 2.199674 -0.995283
 85.000000 2.239597 -1.006498
 86.000000 2.141320 -0.980041
 87.000000 2.217396 -0.940909
 88.000000 2.283102 -1.031532
 89.000000 2.175445 -0.904602
 90.000000 2.204551 -0.892446
 91.000000 2.053407 -1.029429
 92.000000 2.157802 -0.959474
 93.000000 2.152273 -0.990124
 94.000000 2.152748 -0.956306
 95.000000 2.145266 -1.006080
 96.000000 2.290526 -1.047187
 97.000000 2.210998 -1.083110
 98.000000 2.134598 -1.044984
 99.000000 2.243008 -0.974420
 100.000000 2.210884 -0.966928
 101.000000 2.342342 -0.858913
 102.000000 2.157030 -0.910269
 103.000000 2.207450 -0.890684
 104.000000 2.312377 -0.878733
 105.000000 2.152512 -0.978394
 106.000000 2.213423 -0.952534
 107.000000 2.223843 -0.951530
 108.000000 2.238169 -0.951214
 109.000000 2.170950 -0.948071
 110.000000 2.262426 -0.997626
 111.000000 2.315615 -0.959091
 112.000000 2.243910 -0.911555
 113.000000 2.191712 -0.994238
 114.000000 2.145274 -0.922568
 115.000000 2.273278 -1.027355
 116.000000 2.202951 -1.011002
 117.000000 2.348018 -0.876300
 118.000000 2.251613 -0.915712
 119.000000 2.313364 -0.955634
 120.000000 2.291731 -0.853287
 121.000000 2.172656 -0.907611
 122.000000 2.127484 -0.969811
 123.000000 2.259139 -0.976801
 124.000000 2.160641 -0.995049
 125.000000 2.242700 -0.999623
 126.000000 2.129898 -1.003604
 127.000000 2.272426 -0.966446
 128.000000 2.174432 -0.939098
 129.000000 2.253812 -1.003303
 130.000000 2.236473 -0.933150
 131.000000 2.281000 -0.908458
 132.000000 2.162780 -1.022864
 133.000000 2.162140 -1.039021
 134.000000 2.201112 -0.918810
 135.000000 2.173226 -0.951590
 136.000000 2.251481 -0.980451
 137.000000 2.268869 -0.966871
 138.000000 2.267817 -0.868770
 139.000000 2.315393 -0.959837
 140.000000 2.299681 -0.887497
 141.000000 2.271074 -0.918842
 142.000000 2.268976 -0.874648
 143.000000 2.277647 -0.952413
 144.000000 2.126223 -0.916487
 145.000000 2.220594 -0.999634
 146.000000 2.136198 -0.925929
 147.000000 2.159988 -0.928184
 148.000000 2.136899 -0.974892
 149.000000 2.153114 -1.036171
 150.000000 2.214179 -0.885787
 151.000000 2.173144 -0.991021
 152.000000 2.263333 -0.944654
 153.000000 2.239616 -1.021534
 154.000000 2.055539 -0.933296
 155.000000 2.202854 -0.925530
 156.000000 2.201491 -0.893186
 157.000000 2.338667 -1.034798
 158.000000 2.021924 -0.964945
 159.000000 2.231674 -0.970366
 160.000000 2.211466 -0.962942
 161.000000 2.225114 -1.001327
 162.000000 2.229477 -0.984801
 163.000000 2.244328 -1.035103
 164.000000 2.202282 -1.070857
 165.000000 2.204219 -1.074328
 166.000000 2.166708 -1.097730
 167.000000 2.267252 -1.020048
 168.000000 2.208309 -1.068518
 169.000000 2.226699 -0.926584
 170.000000 2.211330 -0.995767
 171.000000 2.189040 -0.975089
 172.000000 2.247579 -1.011098
 173.000000 2.274318 -0.900705
 174.000000 2.212655 -0.965046
 175.000000 2.293652 -1.035324
 176.000000 2.299137 -1.014244
 177.000000 2.333685 -0.993879
 178.000000 2.225624 -0.974568
 179.000000 2.136729 -0.960568
 180.000000 2.214451 -0.834998
 181.000000 2.139305 -0.991128
 182.000000 2.215482 -0.912518
 183.000000 2.238089 -0.919919
 184.000000 2.167905 -0.997516
 185.000000 2.148855 -1.065471
 186.000000 2.214283 -1.051593
 187.000000 2.138394 -0.965685
 188.000000 2.047206 -1.013962
 189.000000 2.241188 -1.044495
 190.000000 2.102639 -0.948046
 191.000000 2.221666 -0.933229
 192.000000 2.141348 -1.000178
 193.000000 2.127285 -0.954308
 194.000000 2.311320 -0.963582
 195.000000 2.169401 -0.977990
 196.000000 2.210879 -1.036288
 197.000000 2.325218 -0.951986
 198.000000 2.305390 -0.941670
 199.000000 2.248780 -0.943536
 200.000000 2.240685 -1.006460
 201.000000 2.162336 -0.883418
 202.000000 2.278906 -0.884130
 203.000000 2.172463 -1.049813
 204.000000 2.267089 -0.994461
 205.000000 2.112320 -0.984529
 206.000000 2.305291 -0.968897
 207.000000 2.323812 -1.001866
 208.000000 2.269029 -0.871278
 209.000000 2.194191 -0.993178
 210.000000 2.323846 -0.923603
 211.000000 2.269259 -0.916732
 212.000000 2.142493 -0.996020
 213.000000 2.157432 -0.908522
 214.000000 2.127972 -0.877534
 215.000000 2.284692 -0.881867
 216.000000 2.148833 -0.907851
 217.000000 2.255686 -0.902606
 218.000000 2.222681 -0.902792
 219.000000 2.201646 -1.006082
 220.000000 2.180869 -0.935969
 221.000000 2.226511 -0.975135
 222.000000 2.167627 -0.999511
 223.000000 2.191064 -0.977443
 224.000000 2.182880 -0.983374
 225.000000 2.221874 -0.920715
 226.000000 2.165734 -0.936856
 227.000000 2.160312 -0.974778
 228.000000 2.135411 -0.955957
 229.000000 2.115896 -1.041372
 230.000000 2.200179 -0.988487
 231.000000 2.217128 -0.950484
 232.000000 2.209879 -0.938402
 233.000000 2.244977 -0.919527
 234.000000 2.264536 -0.871715
 235.000000 2.253501 -0.843232
 236.000000 2.152466 -0.965108
 237.000000 2.152885 -0.989682
 238.000000 2.291214 -0.864782
 239.000000 2.231137 -0.967941
 240.000000 2.259664 -0.972792
 241.000000 2.285794 -1.040672
 242.000000 2.138014 -1.034400
 243.000000 2.269519 -0.985732
 244.000000 2.247018 -0.906931
 245.000000 2.293207 -1.002925
 246.000000 2.225747 -1.042636
 247.000000 2.111296 -0.982905
 248.000000 2.273042 -1.001858
 249.000000 2.307165 -0.952995
 250.000000 2.196854 -0.982715
 251.000000 2.174550 -0.961476
 252.000000 2.171551 -1.003822
 253.000000 2.160603 -1.065236
 254.000000 2.204296 -1.052093
 255.000000 2.172098 -0.905961
 256.000000 2.150418 -1.049656
 257.000000 2.250511 -0.923140
 258.000000 2.187253 -0.947390
 259.000000 2.284894 -0.854315
 260.000000 2.287420 -0.969888
 261.000000 2.225678 -0.951858
 262.000000 2.229096 -0.949878
 263.000000 2.210322 -0.922881
 264.000000 2.255844 -0.978803
 265.000000 2.257924 -0.986663
 266.000000 2.177904 -0.967266
 267.000000 2.230032 -0.922556
 268.000000 2.359969 -0.884848
 269.000000 2.250432 -0.902921
 270.000000 2.247043 -0.985036
 271.000000 2.206357 -0.894290
 272.000000 2.153084 -0.830200
 273.000000 2.250022 -0.854588
 274.000000 2.256238 -0.961073
 275.000000 2.184584 -0.959321
 276.000000 2.144536 -0.970970
 277.000000 2.260340 -0.897431
 278.000000 2.255133 -0.854309
 279.000000 2.183685 -0.972065
 280.000000 2.215974 -0.915964
 281.000000 2.292207 -0.986863
 282.000000 2.123634 -1.081387
 283.000000 2.228203 -0.976745
 284.000000 2.265140 -0.950018
 285.000000 2.149240 -1.027140
 286.000000 2.212904 -0.919917
 287.000000 2.386812 -0.873591
 288.000000 2.295396 -0.966590
 289.000000 2.163166 -1.089001
 290.000000 2.193541 -0.925589
 291.000000 2.148934 -0.960623
 292.000000 2.152920 -0.969671
 293.000000 2.211836 -0.900079
 294.000000 2.083519 -0.981551
 295.000000 2.161035 -0.897102
 296.000000 2.283524 -0.983931
 297.000000 2.314433 -0.859252
 298.000000 2.119440 -0.999630
 299.000000 2.193555 -0.912852
 300.000000 2.170727 -0.858206
 301.000000 2.145564 -0.774265
 302.000000 2.131294 -0.953444
 303.000000 2.150525 -1.006875
 304.000000 2.170218 -0.983385
 305.000000 2.265111 -0.945129
 306.000000 2.265356 -0.938675
 307.000000 2.220144 -0.914606
 308.000000 2.163336 -0.859379
 309.000000 2.376652 -0.913596
 310.000000 2.270819 -0.929432
 311.000000 2.216711 -0.955060
 312.000000 2.296375 -0.864191
 313.000000 2.162089 -0.958857
 314.000000 2.176952 -0.931801
 315.000000 2.178865 -0.908438
 316.000000 2.239830 -0.905345
 317.000000 2.165067 -0.978415
 318.000000 2.325162 -0.920816
 319.000000 2.171756 -0.864204
 320.000000 2.266052 -0.953413
 321.000000 2.105999 -0.952805
 322.000000 2.292492 -0.968624
 323.000000 2.278487 -0.914327
 324.000000 2.320101 -1.025248
 325.000000 2.375484 -0.896999
 326.000000 2.322754 -0.999124
 327.000000 2.247323 -0.963270
 328.000000 2.161425 -0.985383
 329.000000 2.324789 -1.073684
 330.000000 2.126244 -0.965172
 331.000000 2.172767 -0.998388
 332.000000 2.168208 -0.948408
 333.000000 2.351274 -0.932820
 334.000000 2.350468 -0.892146
 335.000000 2.072788 -0.852012
 336.000000 2.135075 -0.885195
 337.000000 2.186719 -0.954344
 338.000000 2.175041 -0.855332
 339.000000 2.233680 -0.945962
 340.000000 2.205534 -1.080191
 341.000000 2.187919 -0.898453
 342.000000 2.180956 -0.932535
 343.000000 2.128405 -0.913062
 344.000000 2.195441 -0.965908
 345.000000 2.155827 -0.912259
 346.000000 2.181723 -0.973877
 347.000000 2.282250 -0.975935
 348.000000 2.088505 -0.958491
 349.000000 2.216437 -0.938769
 350.000000 2.242389 -0.942300
 351.000000 2.160674 -0.951408
 352.000000 2.182623 -0.907480
 353.000000 2.216119 -0.998595
 354.000000 2.143917 -0.869353
 355.000000 2.271169 -0.946141
 356.000000 2.202269 -0.999673
 357.000000 2.179792 -0.942510
 358.000000 2.203387 -0.999980
 359.000000 2.205220 -0.972327
 360.000000 2.227842 -0.970858
 361.000000 2.153542 -1.032384
 362.000000 2.195651 -0.954211
 363.000000 2.209925 -1.005933
 364.000000 2.291708 -0.977195
 365.000000 2.230314 -0.942496
 366.000000 2.169705 -0.881831
 367.000000 2.259641 -0.994965
 368.000000 2.279439 -1.027023
 369.000000 2.115021 -0.941235
 370.000000 2.209042 -1.002886
 371.000000 2.185458 -1.070288
 372.000000 2.291554 -1.027115
 373.000000 2.204507 -1.071694
 374.000000 2.177640 -1.055497
 375.000000 2.227261 -1.000121
 376.000000 2.233772 -1.039811
 377.000000 2.227765 -0.958960
 378.000000 2.213462 -1.027565
 379.000000 2.252341 -0.928823
 380.000000 2.277499 -1.015657
 381.000000 2.347490 -0.896752
 382.000000 2.320646 -1.001687
 383.000000 2.362789 -0.982953
 384.000000 2.212158 -0.991326
 385.000000 2.288331 -0.973880
 386.000000 2.178631 -1.016096
 387.000000 2.228543 -0.954429
 388.000000 2.225806 -0.957145
 389.000000 2.154068 -0.938396
 390.000000 2.168165 -0.987457
 391.000000 2.171803 -1.023611
 392.000000 2.230988 -1.049163
 393.000000 2.183876 -0.897816
 394.000000 2.127100 -0.987820
 395.000000 2.240077 -1.035207
 396.000000 2.294046 -0.981579
 397.000000 2.258722 -0.949951
 398.000000 2.226984 -0.862711
 399.000000 2.147246 -0.890477
 400.000000 2.185375 -0.850406
 401.000000 2.246301 -0.762022
 402.000000 2.150664 -0.895207
 403.000000 2.165641 -0.901361
 404.000000 2.149739 -0.925861
 405.000000 2.247975 -0.949310
 406.000000 2.397371 -0.910609
 407.000000 2.127266 -0.923978
 408.000000 2.251003 -0.914644
 409.000000 2.200654 -0.905043
 410.000000 2.366955 -0.938331
 411.000000 2.286493 -0.912318
 412.000000 2.300722 -0.986796
 413.000000 2.263480 -0.933982
 414.000000 2.306224 -1.054321
 415.000000 2.195152 -0.908919
 416.000000 2.198497 -0.960399
 417.000000 2.208990 -0.970942
 418.000000 2.197183 -0.985112
 419.000000 2.230678 -1.006977
 420.000000 2.295488 -0.916976
 421.000000 2.183653 -0.997828
 422.000000 2.065207 -1.078388
 423.000000 2.269226 -0.951167
 424.000000 2.272437 -0.960506
 425.000000 2.276236 -0.948491
 426.000000 2.231532 -1.007670
 427.000000 2.282472 -0.958687
 428.000000 2.284675 -0.937289
 429.000000 2.143972 -0.875819
 430.000000 2.268965 -0.922502
 431.000000 2.178689 -0.872363
 432.000000 2.181674 -0.922833
 433.000000 2.171291 -1.037072
 434.000000 2.196911 -1.006808
 435.000000 2.282516 -0.987188
 436.000000 2.253534 -0.875562
 437.000000 2.182603 -0.917650
 438.000000 2.251138 -0.918329
 439.000000 2.235027 -0.878669
 440.000000 2.182213 -0.906562
 441.000000 2.195935 -0.925423
 442.000000 2.334709 -0.959569
 443.000000 2.212306 -0.995176
 444.000000 2.219050 -0.925646
 445.000000 2.261711 -0.823206
 446.000000 2.201001 -0.897024
 447.000000 2.297659 -0.925723
 448.000000 2.370318 -0.906680
 449.000000 2.297279 -0.934542
 450.000000 2.290422 -0.904805
 451.000000 2.379801 -0.893694
 452.000000 2.321863 -1.018653
 453.000000 2.279566 -1.020703
 454.000000 2.298081 -0.975397
 455.000000 2.213073 -0.969205
 456.000000 2.204149 -0.915390
 457.000000 2.227754 -0.895353
 458.000000 2.322758 -0.967204
 459.000000 2.306472 -0.864486
 460.000000 2.296910 -0.913578
 461.000000 2.274656 -1.096996
 462.000000 2.227027 -1.005380
 463.000000 2.331223 -0.985973
 464.000000 2.222424 -0.972875
 465.000000 2.266012 -0.965451
 466.000000 2.220284 -0.896856
 467.000000 2.186987 -0.946147
 468.000000 2.288127 -0.972618
 469.000000 2.169102 -0.932286
 470.000000 2.168809 -0.850283
 471.000000 2.315444 -0.932796
 472.000000 2.233787 -0.834890
 473.000000 2.176169 -0.822928
 474.000000 2.315114 -0.909243
 475.000000 2.294383 -0.946166
 476.000000 2.325113 -0.876381
 477.000000 2.266276 -0.882954
 478.000000 2.324312 -0.914397
 479.000000 2.256138 -0.863396
 480.000000 2.232125 -0.959229
 481.000000 2.308720 -1.028991
 482.000000 2.245710 -0.916164
 483.000000 2.285401 -0.886151
 484.000000 2.274480 -0.976027
 485.000000 2.133484 -0.854799
 486.000000 2.314904 -0.966917
 487.000000 2.142811 -0.941303
 488.000000 2.202808 -1.022870
 489.000000 2.357325 -0.963463
 490.000000 2.146062 -0.896769
 491.000000 2.200774 -0.978150
 492.000000 2.238510 -1.135219
 493.000000 2.360385 -1.100896
 494.000000 2.259351 -1.000385
 495.000000 2.287005 -0.957885
 496.000000 2.373198 -1.014669
 497.000000 2.205091 -0.979872
 498.000000 2.298557 -0.909792
 499.000000 2.388900 -0.874675
 500.000000 2.258667 -1.026467
 501.000000 2.176697 -0.993009
 502.000000 2.217956 -1.014156
 503.000000 2.222219 -0.992733
 504.000000 2.252421 -0.959586
 505.000000 2.326938 -0.945485
 506.000000 2.135153 -1.021455
 507.000000 2.178915 -0.988701
 508.000000 2.108366 -0.967481
 509.000000 2.227875 -0.940639
 510.000000 2.319818 -0.945421
 511.000000 2.276370 -0.996255
 512.000000 2.330220 -0.947680
 513.000000 2.387170 -0.991987
 514.000000 2.244013 -1.005114
 515.000000 2.372936 -1.068576
 516.000000 2.198609 -1.036325
 517.000000 2.254839 -0.942737
 518.000000 2.074785 -0.989199
 519.000000 2.174282 -1.031427
 520.000000 2.197514 -0.986910
 521.000000 2.247361 -1.004310
 522.000000 2.176684 -0.991134
 523.000000 2.185890 -0.914518
 524.000000 2.160817 -0.922393
 525.000000 2.236283 -0.993865
 526.000000 2.193942 -1.022971
 527.000000 2.214913 -1.085351
 528.000000 2.359648 -1.052091
 529.000000 2.291607 -0.874837
 530.000000 2.206073 -1.002561
 531.000000 2.232895 -0.970110
 532.000000 2.297830 -0.980406
 533.000000 2.108793 -1.008696
 534.000000 2.217278 -0.963046
 535.000000 2.193032 -0.982305
 536.000000 2.261888 -0.982836
 537.000000 2.269887 -1.028773
 538.000000 2.171102 -0.992761
 539.000000 2.217673 -1.010185
 540.000000 2.311914 -0.906178
 541.000000 2.220709 -1.068831
 542.000000 2.180295 -0.909462
 543.000000 2.259375 -0.918635
 544.000000 2.368115 -0.846871
 545.000000 2.189868 -1.012014
 546.000000 2.244800 -0.941787
 547.000000 2.339942 -1.067328
 548.000000 2.212094 -0.954055
 549.000000 2.206537 -0.963468
 550.000000 2.272377 -1.005539
 551.000000 2.223114 -0.958157
 552.000000 2.317352 -0.948628
 553.000000 2.325388 -1.000157
 554.000000 2.339164 -0.875235
 555.000000 2.341164 -0.902036
 556.000000 2.340726 -0.835225
 557.000000 2.372038 -1.014778
 558.000000 2.239388 -0.926631
 559.000000 2.272333 -0.937806
 560.000000 2.240329 -1.029397
 561.000000 2.255454 -0.977375
 562.000000 2.190006 -0.925850
 563.000000 2.243689 -0.938518
 564.000000 2.222499 -0.980969
 565.000000 2.164426 -0.961167
 566.000000 2.227723 -0.961625
 567.000000 2.277951 -0.972400
 568.000000 2.182993 -0.932084
 569.000000 2.177005 -0.944437
 570.000000 2.167425 -0.978758
 571.000000 2.173779 -0.977985
 572.000000 2.229876 -0.895023
 573.000000 2.290109 -0.887224
 574.000000 2.242500 -0.960151
 575.000000 2.271329 -0.883995
 576.000000 2.226338 -0.992967
 577.000000 2.292224 -0.864676
 578.000000 2.308384 -0.894402
 579.000000 2.262865 -0.887409
 580.000000 2.401965 -0.955763
 581.000000 2.221926 -0.946123
 582.000000 2.331405 -0.984334
 583.000000 2.191453 -0.936989
 584.000000 2.275834 -0.954548
 585.000000 2.147991 -0.879968
 586.000000 2.279387 -0.920630
 587.000000 2.222445 -0.828127
 588.000000 2.156388 -0.879794
 589.000000 2.227128 -1.059245
 590.000000 2.190373 -1.015133
 591.000000 2.314289 -0.878770
 592.000000 2.237153 -0.942442
 593.000000 2.221085 -0.966124
 594.000000 2.278899 -0.924344
 595.000000 2.197408 -0.891481
 596.000000 2.170390 -0.955691
 597.000000 2.242525 -0.930691
 598.000000 2.326054 -0.925542
 599.000000 2.283132 -0.962762
 600.000000 2.228135 -0.965309
 601.000000 2.264155 -0.959732
 602.000000 2.274973 -0.997308
 603.000000 2.259352 -0.947961
 604.000000 2.327633 -0.969580
 605.000000 2.329054 -0.928160
 606.000000 2.237089 -0.982093
 607.000000 2.335285 -0.907996
 608.000000 2.307272 -0.917192
 609.000000 2.198300 -1.021812
 610.000000 2.149309 -1.019694
 611.000000 2.403263 -1.019813
 612.000000 2.252140 -0.887247
 613.000000 2.130356 -0.992926
 614.000000 2.289220 -1.115708
 615.000000 2.318640 -1.034880
 616.000000 2.330013 -1.058522
 617.000000 2.389963 -1.023620
 618.000000 2.339293 -1.036153
 619.000000 2.227909 -1.067830
 620.000000 2.300558 -1.135691
 621.000000 2.356504 -1.022564
 622.000000 2.306733 -0.973222
 623.000000 2.225038 -1.016034
 624.000000 2.241278 -0.974693
 625.000000 2.216725 -0.987756
 626.000000 2.257382 -0.976698
 627.000000 2.260079 -1.030949
 628.000000 2.302379 -1.012219
 629.000000 2.099434 -1.014580
 630.000000 2.307026 -0.983491
 631.000000 2.235300 -1.015760
 632.000000 2.169284 -1.004243
 633.000000 2.222355 -1.076265
 634.000000 2.453053 -0.967133
 635.000000 2.256992 -0.848247
 636.000000 2.292935 -0.826701
 637.000000 2.274617 -1.007465
 638.000000 2.262726 -0.996145
 639.000000 2.241598 -0.957544
 640.000000 2.220589 -0.963813
 641.000000 2.384534 -0.981295
 642.000000 2.347969 -0.892287
 643.000000 2.372376 -0.967025
 644.000000 2.358506 -1.000147
 645.000000 2.269983 -0.977392
 646.000000 2.243515 -0.905043
 647.000000 2.270524 -0.968110
 648.000000 2.249747 -0.942284
 649.000000 2.286189 -0.968289
 650.000000 2.288763 -0.945614
 651.000000 2.293286 -0.894833
 652.000000 2.341714 -0.968069
 653.000000 2.289621 -0.943388
 654.000000 2.253145 -0.940604
 655.000000 2.159671 -0.874526
 656.000000 2.136896 -0.945288
 657.000000 2.303587 -0.924456
 658.000000 2.311224 -1.058462
 659.000000 2.222467 -1.018550
 660.000000 2.355820 -0.929414
 661.000000 2.407973 -0.928455
 662.000000 2.277463 -0.852396
 663.000000 2.315170 -0.936551
 664.000000 2.304093 -0.977376
 665.000000 2.299107 -0.934379
 666.000000 2.132156 -0.904646
 667.000000 2.317414 -0.963656
 668.000000 2.293884 -0.956447
 669.000000 2.255499 -0.908131
 670.000000 2.371440 -0.998638
 671.000000 2.228963 -0.926113
 672.000000 2.215276 -1.015248
 673.000000 2.447875 -0.947376
 674.000000 2.282344 -0.935432
 675.000000 2.393102 -0.993654
 676.000000 2.168983 -0.922239
 677.000000 2.290987 -0.970234
 678.000000 2.229478 -0.999617
 679.000000 2.239057 -0.915532
 680.000000 2.235238 -0.994564
 681.000000 2.312863 -0.948557
 682.000000 2.399876 -1.008435
 683.000000 2.236242 -1.029311
 684.000000 2.183718 -0.983608
 685.000000 2.259618 -0.981397
 686.000000 2.229887 -1.027559
 687.000000 2.317306 -1.074307
 688.000000 2.209338 -0.941993
 689.000000 2.345989 -0.913422
 690.000000 2.275474 -0.916902
 691.000000 2.286929 -1.068373
 692.000000 2.212546 -1.013793
 693.000000 2.368886 -0.947673
 694.000000 2.286885 -0.895300
 695.000000 2.329092 -0.940818
 696.000000 2.243824 -0.857192
 697.000000 2.210408 -0.946698
 698.000000 2.302998 -0.944857
 699.000000 2.234774 -1.058208
 700.000000 2.128717 -0.884541
 701.000000 2.311450 -0.913791
 702.000000 2.318511 -0.940420
 703.000000 2.215905 -1.076634
 704.000000 2.223357 -0.987754
 705.000000 2.147601 -0.989587
 706.000000 2.185786 -0.938211
 707.000000 2.209076 -0.995899
 708.000000 2.158556 -0.931808
 709.000000 2.215687 -0.920937
 710.000000 2.174488 -0.988081
 711.000000 2.292943 -0.974553
 712.000000 2.252836 -0.817422
 713.000000 2.274508 -0.911632
 714.000000 2.152403 -0.953228
 715.000000 2.215314 -0.962765
 716.000000 2.160941 -0.938869
 717.000000 2.293053 -1.084304
 718.000000 2.293981 -1.012515
 719.000000 2.235178 -0.987847
 720.000000 2.126237 -0.899193
 721.000000 2.144022 -0.962977
 722.000000 2.358450 -1.016309
 723.000000 2.202132 -0.907533
 724.000000 2.131526 -0.957945
 725.000000 2.118225 -0.909061
 726.000000 2.218406 -1.008307
 727.000000 2.253347 -0.850589
 728.000000 2.280551 -0.960285
 729.000000 2.206250 -1.076584
 730.000000 2.215127 -0.898465
 731.000000 2.179425 -0.993227
 732.000000 2.145970 -0.985248
 733.000000 2.171644 -0.921314
 734.000000 2.118351 -0.954061
 735.000000 2.191412 -1.015136
 736.000000 2.320380 -0.911158
 737.000000 2.194774 -0.941540
 738.000000 2.229916 -1.090721
 739.000000 2.193016 -0.961597
 740.000000 2.203626 -0.925105
 741.000000 2.165653 -1.029941
 742.000000 2.299152 -1.006729
 743.000000 2.226934 -1.037337
 744.000000 2.193056 -0.936044
 745.000000 2.188066 -0.973518
 746.000000 2.205109 -1.020887
 747.000000 2.190159 -1.021830
 748.000000 2.271779 -0.958089
 749.000000 2.172458 -0.966534
 750.000000 2.250434 -1.038297
 751.000000 2.274337 -0.940663
 752.000000 2.219965 -0.969569
 753.000000 2.149144 -0.918145
 754.000000 2.180589 -0.883165
 755.000000 2.201487 -0.971911
 756.000000 2.173713 -0.988596
 757.000000 2.214327 -0.990288
 758.000000 2.199565 -0.976777
 759.000000 2.095534 -0.965742
 760.000000 2.166727 -1.033989
 761.000000 2.231374 -0.980735
 762.000000 2.225816 -0.918229
 763.000000 2.145998 -1.073044
 764.000000 2.131748 -0.986573
 765.000000 2.201037 -0.958707
 766.000000 2.144152 -1.003739
 767.000000 2.193441 -0.962642
 768.000000 2.169749 -0.997037
 769.000000 2.239651 -1.002324
 770.000000 2.286930 -0.945878
 771.000000 2.183857 -1.001081
 772.000000 2.203803 -1.075647
 773.000000 2.164849 -0.967672
 774.000000 2.119736 -0.979689
 775.000000 2.225623 -1.099231
 776.000000 2.185066 -1.097888
 777.000000 2.141540 -0.955217
 778.000000 2.281120 -0.979606
 779.000000 2.217998 -1.043439
 780.000000 2.252190 -0.953121
 781.000000 2.077470 -0.967454
 782.000000 2.090860 -0.944023
 783.000000 2.112993 -0.944673
 784.000000 2.270961 -0.958145
 785.000000 2.250927 -1.009238
 786.000000 2.160746 -0.929052
 787.000000 2.157895 -0.889919
 788.000000 2.124426 -0.951015
 789.000000 2.308403 -0.977593
 790.000000 2.135452 -1.020413
 791.000000 2.167969 -1.035186
 792.000000 2.241455 -0.956292
 793.000000 2.247156 -1.052173
 794.000000 2.264867 -0.955572
 795.000000 2.189600 -1.024792
 796.000000 2.272237 -1.001046
 797.000000 2.136055 -0.997589
 798.000000 2.305294 -0.994010
 799.000000 2.181648 -0.892057
 800.000000 2.176339 -0.947693
 801.000000 2.187989 -0.899133
 802.000000 2.211951 -1.046110
 803.000000 2.153832 -0.873059
 804.000000 2.235876 -1.006142
 805.000000 2.253166 -1.012325
 806.000000 2.193627 -0.997999
 807.000000 2.134017 -1.007320
 808.000000 2.171732 -1.007904
 809.000000 2.117759 -0.982360
 810.000000 2.209305 -0.964581
 811.000000 2.092168 -0.881517
 812.000000 2.086775 -1.001502
 813.000000 2.121257 -0.984796
 814.000000 2.233097 -1.058518
 815.000000 2.171897 -0.946139
 816.000000 2.149141 -1.088170
 817.000000 2.088551 -1.014773
 818.000000 2.181458 -1.023685
 819.000000 2.207757 -0.950961
 820.000000 2.179208 -1.058696
 821.000000 2.264438 -0.940651
 822.000000 2.141578 -0.990308
 823.000000 2.197907 -0.926299
 824.000000 2.186309 -1.019590
 825.000000 2.181922 -0.958421
 826.000000 2.247590 -0.970991
 827.000000 2.208132 -0.959569
 828.000000 2.336078 -1.005558
 829.000000 2.186556 -0.970374
 830.000000 2.240450 -0.987948
 831.000000 2.284403 -0.987775
 832.000000 2.270321 -0.923247
 833.000000 2.217628 -0.933013
 834.000000 2.369626 -0.950703
 835.000000 2.157560 -0.918601
 836.000000 2.209495 -0.954752
 837.000000 2.168162 -0.970101
 838.000000 2.240442 -0.969757
 839.000000 2.192588 -0.942359
 840.000000 2.107962 -0.946160
 841.000000 2.197086 -0.913909
 842.000000 2.289360 -0.886743
 843.000000 2.263788 -1.029877
 844.000000 2.153634 -0.947602
 845.000000 2.204166 -0.865150
 846.000000 2.127592 -0.993923
 847.000000 2.258085 -0.888157
 848.000000 2.222382 -0.957182
 849.000000 2.143664 -0.960976
 850.000000 2.224272 -0.990803
 851.000000 2.234216 -0.995030
 852.000000 2.262738 -0.915442
 853.000000 2.260487 -0.957087
 854.000000 2.231890 -1.007500
 855.000000 2.138239 -0.969778
 856.000000 2.239556 -0.866365
 857.000000 2.157677 -0.933849
 858.000000 2.168019 -0.941544
 859.000000 2.213551 -0.895874
 860.000000 2.238465 -0.865231
 861.000000 2.326805 -0.999576
 862.000000 2.324008 -1.039131
 863.000000 2.321162 -0.922656
 864.000000 2.197883 -1.010852
 865.000000 2.266058 -0.995544
 866.000000 2.144184 -0.933455
 867.000000 2.253500 -0.907808
 868.000000 2.316687 -0.958546
 869.000000 2.369749 -0.989152
 870.000000 2.219028 -0.841405
 871.000000 2.238644 -0.929682
 872.000000 2.258801 -0.941809
 873.000000 2.279892 -0.905794
 874.000000 2.239133 -0.926881
 875.000000 2.289171 -0.988305
 876.000000 2.242345 -0.966254
 877.000000 2.226219 -0.979035
 878.000000 2.301450 -0.980175
 879.000000 2.202044 -0.994665
 880.000000 2.241138 -0.900388
 881.000000 2.219968 -0.910396
 882.000000 2.400993 -0.963670
 883.000000 2.295679 -0.920279
 884.000000 2.260887 -1.037253
 885.000000 2.263943 -0.999281
 886.000000 2.238687 -1.032677
 887.000000 2.150445 -0.993959
 888.000000 2.145951 -0.960093
 889.000000 2.264307 -0.908847
 890.000000 2.218764 -0.944759
 891.000000 2.269802 -0.875888
 892.000000 2.344248 -1.019651
 893.000000 2.251729 -1.001533
 894.000000 2.138540 -0.884149
 895.000000 2.171863 -0.911294
 896.000000 2.260056 -0.870922
 897.000000 2.200529 -0.919629
 898.000000 2.137727 -0.938587
 899.000000 2.265473 -0.878308
 900.000000 2.133133 -0.990975
 901.000000 2.193796 -0.961255
 902.000000 2.200517 -0.939847
 903.000000 2.165493 -0.994176
 904.000000 2.294359 -0.972175
 905.000000 2.237380 -0.949644
 906.000000 2.257660 -0.981036
 907.000000 2.180122 -1.024717
 908.000000 2.260898 -0.886047
 909.000000 2.151482 -0.934809
 910.000000 2.110585 -1.088081
 911.000000 2.184245 -0.990093
 912.000000 2.301866 -0.959699
 913.000000 2.193851 -0.986679
 914.000000 2.186223 -0.904232
 915.000000 2.210112 -0.944381
 916.000000 2.328195 -0.888439
 917.000000 2.125949 -0.947405
 918.000000 2.229637 -1.068415
 919.000000 2.270154 -1.020836
 920.000000 2.252019 -0.926202
 921.000000 2.191400 -1.047143
 922.000000 2.233635 -0.923339
 923.000000 2.196449 -0.928664
 924.000000 2.305019 -0.967941
 925.000000 2.142118 -0.850869
 926.000000 2.287400 -0.940861
 927.000000 2.260745 -0.854439
 928.000000 2.190181 -0.947338
 929.000000 2.186081 -1.002911
 930.000000 2.307629 -0.934233
 931.000000 2.427400 -0.931918
 932.000000 2.384273 -0.915389
 933.000000 2.195738 -0.930167
 934.000000 2.328868 -0.856487
 935.000000 2.340648 -0.916000
 936.000000 2.222197 -0.976222
 937.000000 2.210137 -0.976816
 938.000000 2.380456 -0.888058
 939.000000 2.207154 -0.908500
 940.000000 2.278128 -0.942361
 941.000000 2.113091 -0.924243
 942.000000 2.298384 -0.923653
 943.000000 2.280050 -0.842503
 944.000000 2.308650 -0.910164
 945.000000 2.137917 -0.965741
 946.000000 2.212986 -0.858056
 947.000000 2.303891 -0.861225
 948.000000 2.274620 -0.882104
 949.000000 2.217411 -0.863242
 950.000000 2.297750 -0.981608
 951.000000 2.220574 -0.878699
 952.000000 2.257027 -0.913576
 953.000000 2.218004 -0.890221
 954.000000 2.146751 -0.915259
 955.000000 2.189513 -0.847203
 956.000000 2.131097 -0.992189
 957.000000 2.279132 -0.976877
 958.000000 2.302392 -0.883376
 959.000000 2.149072 -0.942696
 960.000000 2.209003 -0.936749
 961.000000 2.190672 -0.906628
 962.000000 2.222645 -0.949976
 963.000000 2.138192 -0.816980
 964.000000 2.214731 -0.972329
 965.000000 2.230025 -1.021338
 966.000000 2.276355 -0.903211
 967.000000 2.191487 -0.985328
 968.000000 2.209318 -1.064880
 969.000000 2.213750 -1.027965
 970.000000 2.259837 -0.924369
 971.000000 2.102206 -0.929042
 972.000000 2.273308 -0.991056
 973.000000 2.310935 -0.942483
 974.000000 2.269327 -0.938880
 975.000000 2.319390 -0.969749
 976.000000 2.179422 -0.923430
 977.000000 2.221133 -0.907784
 978.000000 2.227498 -0.927911
 979.000000 2.192981 -0.847577
 980.000000 2.070674 -0.960310
 981.000000 2.228693 -0.968572
 982.000000 2.225829 -0.938779
 983.000000 2.180451 -0.932384
 984.000000 2.302445 -0.968190
 985.000000 2.208866 -0.903001
 986.000000 2.223926 -0.971571
 987.000000 2.235255 -0.986181
 988.000000 2.158372 -0.943485
 989.000000 2.237810 -0.905086
 990.000000 2.179534 -0.923007
 991.000000 2.286765 -0.966648
 992.000000 2.348049 -0.905952
 993.000000 2.315517 -1.078728
 994.000000 2.260605 -0.878773
 995.000000 2.330530 -0.863607
 996.000000 2.106716 -0.895656
 997.000000 2.154378 -0.896338
 998.000000 2.228418 -0.988951
 999.000000 2.307352 -1.032372
 1000.000000 2.158909 -0.977670
 1001.000000 2.220413 -0.972074
 1002.000000 2.191859 -0.948411
 1003.000000 2.349849 -1.004494
 1004.000000 2.226008 -1.089801
 1005.000000 2.258903 -0.923371
 1006.000000 2.192843 -0.958772
 1007.000000 2.172168 -1.022687
 1008.000000 2.122139 -0.936743
 1009.000000 2.404633 -0.932059
 1010.000000 2.255374 -1.068420
 1011.000000 2.298177 -1.010267
 1012.000000 2.139638 -0.965511
 1013.000000 2.212257 -0.908992
 1014.000000 2.255830 -0.954455
 1015.000000 2.147449 -1.009260
 1016.000000 2.208853 -0.920609
 1017.000000 2.433718 -0.931444
 1018.000000 2.261625 -0.966422
 1019.000000 2.303243 -0.993822
 1020.000000 2.148445 -0.964214
 1021.000000 2.274725 -0.963295
 1022.000000 2.209561 -0.985225
 1023.000000 2.235196 -0.975884
 1024.000000 2.387929 -1.022363
 1025.000000 2.229295 -0.998430
 1026.000000 2.248951 -0.951458
 1027.000000 2.294117 -0.975004
 1028.000000 2.226385 -1.017116
 1029.000000 2.273838 -0.990352
 1030.000000 2.293824 -0.986252
 1031.000000 2.290039 -1.054663
 1032.000000 2.137951 -0.977942
 1033.000000 2.206135 -0.957601
 1034.000000 2.324583 -0.992469
 1035.000000 2.206547 -0.932443
 1036.000000 2.217819 -0.963103
 1037.000000 2.295458 -0.895921
 1038.000000 2.229194 -0.929317
 1039.000000 2.216528 -0.991969
 1040.000000 2.234997 -0.981023
 1041.000000 2.308481 -0.908794
 1042.000000 2.320079 -0.989319
 1043.000000 2.201584 -0.888106
 1044.000000 2.156369 -0.972689
 1045.000000 2.315849 -1.030885
 1046.000000 2.186803 -1.017521
 1047.000000 2.134880 -1.059652
 1048.000000 2.190030 -1.052905
 1049.000000 2.224192 -0.970994
 1050.000000 2.214759 -0.981893
 1051.000000 2.172325 -0.942087
 1052.000000 2.327228 -1.059836
 1053.000000 2.133669 -0.974611
 1054.000000 2.233327 -1.013437
 1055.000000 2.223628 -0.948026
 1056.000000 2.248415 -0.902101
 1057.000000 2.172194 -0.922269
 1058.000000 2.276334 -0.919762
 1059.000000 2.256434 -0.971089
 1060.000000 2.196186 -0.970285
 1061.000000 2.201545 -0.909576
 1062.000000 2.199748 -1.015806
 1063.000000 2.224148 -0.950759
 1064.000000 2.293735 -1.005973
 1065.000000 2.201372 -0.982636
 1066.000000 2.244202 -0.992213
 1067.000000 2.292028 -0.960650
 1068.000000 2.344312 -0.956848
 1069.000000 2.100906 -0.936288
 1070.000000 2.225034 -1.055905
 1071.000000 2.298519 -1.024342
 1072.000000 2.320702 -0.991867
 1073.000000 2.273934 -0.932041
 1074.000000 2.364952 -0.998101
 1075.000000 2.169083 -0.955437
 1076.000000 2.134655 -1.017052
 1077.000000 2.157385 -0.923559
 1078.000000 2.265579 -0.917068
 1079.000000 2.219408 -0.942504
 1080.000000 2.273016 -0.935915
 1081.000000 2.280393 -0.963275
 1082.000000 2.350316 -0.998641
 1083.000000 2.337782 -0.898984
 1084.000000 2.286595 -0.902017
 1085.000000 2.329549 -0.882515
 1086.000000 2.227674 -1.001008
 1087.000000 2.226719 -0.906389
 1088.000000 2.243526 -0.999318
 1089.000000 2.107375 -0.933676
 1090.000000 2.183695 -0.971795
 1091.000000 2.205625 -0.903783
 1092.000000 2.103323 -0.974379
 1093.000000 2.292390 -0.978200
 1094.000000 2.256197 -0.934899
 1095.000000 2.214359 -0.898603
 1096.000000 2.228611 -0.962285
 1097.000000 2.221654 -0.982612
 1098.000000 2.202903 -0.986621
 1099.000000 2.176137 -0.907070
 1100.000000 2.353699 -1.035503
 1101.000000 2.230314 -0.908144
 1102.000000 2.204835 -0.929301
 1103.000000 2.162031 -0.917345
 1104.000000 2.224450 -1.017985
 1105.000000 2.269410 -0.951565
 1106.000000 2.187531 -0.859620
 1107.000000 2.330804 -0.937241
 1108.000000 2.262335 -1.040916
 1109.000000 2.183456 -0.989883
 1110.000000 2.147654 -0.960812
 1111.000000 2.166623 -0.971093
 1112.000000 2.355453 -0.968487
 1113.000000 2.165368 -0.940735
 1114.000000 2.199731 -0.995291
 1115.000000 2.238997 -0.903153
 1116.000000 2.188838 -0.977752
 1117.000000 2.149418 -0.911097
 1118.000000 2.240350 -0.923115
 1119.000000 2.217060 -1.056292
 1120.000000 2.258067 -0.998486
 1121.000000 2.302068 -1.005094
 1122.000000 2.316727 -0.975769
 1123.000000 2.242222 -0.965841
 1124.000000 2.338015 -0.861793
 1125.000000 2.246683 -0.904311
 1126.000000 2.286665 -0.878314
 1127.000000 2.305943 -0.888691
 1128.000000 2.303419 -0.948432
 1129.000000 2.210207 -1.001080
 1130.000000 2.170462 -0.972034
 1131.000000 2.183617 -0.981531
 1132.000000 2.257082 -1.005117
 1133.000000 2.250829 -1.046668
 1134.000000 2.273311 -1.035100
 1135.000000 2.163127 -1.021099
 1136.000000 2.335633 -1.020861
 1137.000000 2.234307 -0.929199
 1138.000000 2.286272 -0.950838
 1139.000000 2.227420 -1.054334
 1140.000000 2.380580 -1.041536
 1141.000000 2.155086 -1.002178
 1142.000000 2.215253 -0.985917
 1143.000000 2.217073 -0.950753
 1144.000000 2.252794 -0.950754
 1145.000000 2.252994 -1.007009
 1146.000000 2.245976 -1.022587
 1147.000000 2.243091 -0.888273
 1148.000000 2.248258 -0.987755
 1149.000000 2.333145 -0.946198
 1150.000000 2.301120 -0.883971
 1151.000000 2.228745 -0.958975
 1152.000000 2.293159 -0.889969
 1153.000000 2.105722 -0.878849
 1154.000000 2.245277 -0.974512
 1155.000000 2.245941 -0.920231
 1156.000000 2.240430 -0.999578
 1157.000000 2.202182 -0.928290
 1158.000000 2.221223 -0.847923
 1159.000000 2.317252 -0.932011
 1160.000000 2.232187 -0.989823
 1161.000000 2.321594 -0.977051
 1162.000000 2.363382 -1.024803
 1163.000000 2.331342 -1.070007
 1164.000000 2.291894 -1.054593
 1165.000000 2.373506 -0.936603
 1166.000000 2.146545 -0.941413
 1167.000000 2.333479 -0.968586
 1168.000000 2.237754 -1.062797
 1169.000000 2.211855 -1.088302
 1170.000000 2.210258 -0.978960
 1171.000000 2.236442 -0.926927
 1172.000000 2.281829 -0.875330
 1173.000000 2.261962 -0.929153
 1174.000000 2.256607 -0.931103
 1175.000000 2.274237 -0.977271
 1176.000000 2.186253 -0.996380
 1177.000000 2.278991 -0.876085
 1178.000000 2.153896 -0.938561
 1179.000000 2.177690 -1.028037
 1180.000000 2.366033 -1.059443
 1181.000000 2.325652 -0.921464
 1182.000000 2.236591 -0.947422
 1183.000000 2.219812 -1.064295
 1184.000000 2.211723 -0.933528
 1185.000000 2.201596 -0.998604
 1186.000000 2.201892 -1.030573
 1187.000000 2.250845 -0.910578
 1188.000000 2.313907 -1.000609
 1189.000000 2.228881 -0.907860
 1190.000000 2.310539 -0.907944
 1191.000000 2.283564 -0.918544
 1192.000000 2.189328 -0.998972
 1193.000000 2.220921 -0.963910
 1194.000000 2.291769 -0.935478
 1195.000000 2.238270 -0.934382
 1196.000000 2.279245 -0.966442
 1197.000000 2.347132 -0.971332
 1198.000000 2.280020 -0.986143
 1199.000000 2.351232 -1.022932
 1200.000000 2.190190 -0.847440
 1201.000000 2.276708 -0.949366
 1202.000000 2.290290 -0.888976
 1203.000000 2.256284 -0.906240
 1204.000000 2.235053 -1.055459
 1205.000000 2.279630 -0.841727
 1206.000000 2.260758 -1.027942
 1207.000000 2.255255 -1.044397
 1208.000000 2.234096 -0.962233
 1209.000000 2.180419 -0.980793
 1210.000000 2.218289 -1.011278
 1211.000000 2.289076 -1.054919
 1212.000000 2.310771 -0.986855
 1213.000000 2.414270 -1.158575
 1214.000000 2.272020 -0.977337
 1215.000000 2.335218 -0.975082
 1216.000000 2.190216 -0.997574
 1217.000000 2.163365 -1.063706
 1218.000000 2.161734 -0.987280
 1219.000000 2.237630 -1.040710
 1220.000000 2.180333 -0.957393
 1221.000000 2.220710 -0.935506
 1222.000000 2.167175 -1.039243
 1223.000000 2.152587 -0.937346
 1224.000000 2.185639 -0.909042
 1225.000000 2.264477 -0.919885
 1226.000000 2.218396 -1.023559
 1227.000000 2.263071 -0.988804
 1228.000000 2.208682 -0.997577
 1229.000000 2.168004 -0.977723
 1230.000000 2.196840 -1.120226
 1231.000000 2.150623 -1.178416
 1232.000000 2.260408 -1.036927
 1233.000000 2.307503 -1.022563
 1234.000000 2.309903 -0.982605
 1235.000000 2.221024 -0.966004
 1236.000000 2.272826 -1.012931
 1237.000000 2.250730 -1.130744
 1238.000000 2.199567 -1.008290
 1239.000000 2.264819 -1.046409
 1240.000000 2.251121 -0.995221
 1241.000000 2.309117 -1.009507
 1242.000000 2.311539 -0.991441
 1243.000000 2.297418 -0.944372
 1244.000000 2.195966 -1.000392
 1245.000000 2.230818 -1.101011
 1246.000000 2.215983 -1.061831
 1247.000000 2.238048 -1.072437
 1248.000000 2.281199 -0.984122
 1249.000000 2.253752 -0.975583
 1250.000000 2.252308 -1.093180
 1251.000000 2.188410 -0.992310
 1252.000000 2.154766 -1.070564
 1253.000000 2.236404 -1.037182
 1254.000000 2.256732 -0.950005
 1255.000000 2.161524 -1.027875
 1256.000000 2.281767 -0.954302
 1257.000000 2.353630 -0.993876
 1258.000000 2.296602 -1.058019
 1259.000000 2.257804 -1.019565
 1260.000000 2.279049 -1.039985
 1261.000000 2.240620 -1.047723
 1262.000000 2.323717 -0.996574
 1263.000000 2.355243 -0.970630
 1264.000000 2.310764 -1.033898
 1265.000000 2.259029 -0.914789
 1266.000000 2.286702 -0.949811
 1267.000000 2.269717 -0.932402
 1268.000000 2.303547 -0.987599
 1269.000000 2.326547 -0.907110
 1270.000000 2.153504 -1.101520
 1271.000000 2.149965 -1.021433
 1272.000000 2.220041 -0.964761
 1273.000000 2.256338 -0.949969
 1274.000000 2.361217 -0.953508
 1275.000000 2.378432 -1.010972
 1276.000000 2.327871 -1.062188
 1277.000000 2.179248 -1.071100
 1278.000000 2.218765 -0.984951
 1279.000000 2.266234 -0.928433
 1280.000000 2.153141 -0.836908
 1281.000000 2.169186 -0.939766
 1282.000000 2.279893 -0.970089
 1283.000000 2.268596 -0.964750
 1284.000000 2.326718 -0.979445
 1285.000000 2.232910 -0.926009
 1286.000000 2.131566 -0.975860
 1287.000000 2.227499 -0.954902
 1288.000000 2.317916 -0.956052
 1289.000000 2.276061 -1.013995
 1290.000000 2.235047 -0.949459
 1291.000000 2.182375 -0.883988
 1292.000000 2.348206 -0.943041
 1293.000000 2.132485 -0.963522
 1294.000000 2.302550 -0.909812
 1295.000000 2.266974 -1.006340
 1296.000000 2.180237 -0.992464
 1297.000000 2.224667 -0.995642
 1298.000000 2.190704 -0.879470
 1299.000000 2.401175 -0.944842
 1300.000000 2.106509 -1.019650
 1301.000000 2.289825 -0.872260
 1302.000000 2.199717 -1.010488
 1303.000000 2.350029 -1.015633
 1304.000000 2.192419 -1.057110
 1305.000000 2.224212 -1.028268
 1306.000000 2.257687 -0.903708
 1307.000000 2.224160 -0.941129
 1308.000000 2.152382 -0.976841
 1309.000000 2.198779 -0.889994
 1310.000000 2.257119 -0.990782
 1311.000000 1.994768 -0.973978
 1312.000000 2.193927 -1.042126
 1313.000000 2.174399 -1.029234
 1314.000000 2.261586 -1.042377
 1315.000000 2.194113 -0.891566
 1316.000000 2.279048 -0.944892
 1317.000000 2.222592 -0.899620
 1318.000000 2.228077 -0.884893
 1319.000000 2.237581 -0.873859
 1320.000000 2.254023 -0.965514
 1321.000000 2.310119 -0.980450
 1322.000000 2.215410 -0.915208
 1323.000000 2.244987 -0.834013
 1324.000000 2.304697 -0.910806
 1325.000000 2.158691 -0.838572
 1326.000000 2.183670 -0.944384
 1327.000000 2.268143 -0.973723
 1328.000000 2.229982 -1.071244
 1329.000000 2.253427 -0.935744
 1330.000000 2.318274 -0.876649
 1331.000000 2.264860 -1.048074
 1332.000000 2.288433 -0.983493
 1333.000000 2.309164 -0.918928
 1334.000000 2.258982 -0.966195
 1335.000000 2.173247 -0.890552
 1336.000000 2.312590 -0.953993
 1337.000000 2.186277 -0.894018
 1338.000000 2.231705 -1.024125
 1339.000000 2.295164 -0.992669
 1340.000000 2.279494 -1.001906
 1341.000000 2.227489 -0.887006
 1342.000000 2.298432 -0.972956
 1343.000000 2.174409 -1.017190
 1344.000000 2.280444 -1.062412
 1345.000000 2.162408 -0.927276
 1346.000000 2.230550 -1.038998
 1347.000000 2.212932 -1.055324
 1348.000000 2.268989 -0.979554
 1349.000000 2.280696 -1.100538
 1350.000000 2.191169 -1.124405
 1351.000000 2.309693 -0.953742
 1352.000000 2.225451 -0.996044
 1353.000000 2.128504 -1.020979
 1354.000000 2.150102 -0.911491
 1355.000000 2.287491 -1.041692
 1356.000000 2.159737 -1.000669
 1357.000000 2.223211 -0.935476
 1358.000000 2.152190 -0.924434
 1359.000000 2.171924 -1.054617
 1360.000000 2.190249 -1.010473
 1361.000000 2.269667 -1.029722
 1362.000000 2.276807 -0.998295
 1363.000000 2.315862 -0.943941
 1364.000000 2.207980 -0.963517
 1365.000000 2.346001 -0.986720
 1366.000000 2.201023 -0.938287
 1367.000000 2.349003 -0.946560
 1368.000000 2.245881 -1.006935
 1369.000000 2.260094 -0.902279
 1370.000000 2.267904 -0.928672
 1371.000000 2.324980 -0.957915
 1372.000000 2.247685 -0.983173
 1373.000000 2.239189 -1.004284
 1374.000000 2.270132 -1.024043
 1375.000000 2.263920 -1.105044
 1376.000000 2.240432 -0.983232
 1377.000000 2.211769 -0.984703
 1378.000000 2.298355 -0.926917
 1379.000000 2.183086 -0.991623
 1380.000000 2.259830 -0.984947
 1381.000000 2.273386 -0.876053
 1382.000000 2.283303 -0.917413
 1383.000000 2.166467 -0.912027
 1384.000000 2.355081 -0.948577
 1385.000000 2.255868 -0.981926
 1386.000000 2.247565 -0.939128
 1387.000000 2.189823 -1.006888
 1388.000000 2.261405 -1.018160
 1389.000000 2.201134 -1.071529
 1390.000000 2.102328 -1.042439
 1391.000000 2.103060 -1.022778
 1392.000000 2.185357 -1.054586
 1393.000000 2.183927 -1.082147
 1394.000000 2.125082 -1.014742
 1395.000000 2.028179 -1.022927
 1396.000000 2.148148 -0.892677
 1397.000000 2.198921 -0.919220
 1398.000000 2.215982 -0.959389
 1399.000000 2.283576 -1.060843
 1400.000000 2.215445 -0.929795
 1401.000000 2.257957 -0.929294
 1402.000000 2.355993 -0.941680
 1403.000000 2.305720 -0.921490
 1404.000000 2.061546 -0.909626
 1405.000000 2.281165 -0.952940
 1406.000000 2.058070 -0.949220
 1407.000000 2.090503 -0.947492
 1408.000000 2.217909 -0.929870
 1409.000000 2.179052 -1.003802
 1410.000000 2.202530 -0.886141
 1411.000000 2.095300 -1.007493
 1412.000000 2.153851 -0.953440
 1413.000000 2.237434 -1.049002
 1414.000000 2.109318 -1.069498
 1415.000000 2.111554 -0.973887
 1416.000000 2.278430 -1.049745
 1417.000000 2.195973 -1.053236
 1418.000000 2.134415 -1.036303
 1419.000000 2.183644 -0.940060
 1420.000000 2.137770 -1.130798
 1421.000000 2.124569 -0.960702
 1422.000000 2.170089 -0.901341
 1423.000000 2.217052 -1.021160
 1424.000000 2.241181 -1.040163
 1425.000000 2.318876 -1.017329
 1426.000000 2.179456 -0.999601
 1427.000000 2.134203 -0.948789
 1428.000000 2.191026 -0.967188
 1429.000000 2.226205 -0.958845
 1430.000000 2.276425 -1.007488
 1431.000000 2.207061 -1.035738
 1432.000000 2.349302 -1.079192
 1433.000000 2.314382 -1.000933
 1434.000000 2.315414 -1.003186
 1435.000000 2.240676 -1.022501
 1436.000000 2.323246 -0.944680
 1437.000000 2.199853 -0.941986
 1438.000000 2.240077 -0.932548
 1439.000000 2.206408 -0.902186
 1440.000000 2.195171 -0.847163
 1441.000000 2.193086 -0.991745
 1442.000000 2.266029 -0.909811
 1443.000000 2.216066 -0.936766
 1444.000000 2.317088 -0.957172
 1445.000000 2.253161 -0.908251
 1446.000000 2.337742 -1.050021
 1447.000000 2.330214 -0.974369
 1448.000000 2.278083 -0.967638
 1449.000000 2.196327 -1.003130
 1450.000000 2.165527 -1.082481
 1451.000000 2.265336 -0.866024
 1452.000000 2.265790 -0.930915
 1453.000000 2.250538 -0.875089
 1454.000000 2.281202 -0.960103
 1455.000000 2.220352 -1.021945
 1456.000000 2.184372 -1.000618
 1457.000000 2.216171 -0.956083
 1458.000000 2.247247 -0.975738
 1459.000000 2.343597 -0.921219
 1460.000000 2.306466 -0.968278
 1461.000000 2.231795 -1.023633
 1462.000000 2.289812 -1.052686
 1463.000000 2.211318 -0.919220
 1464.000000 2.310720 -0.991325
 1465.000000 2.222422 -0.993480
 1466.000000 2.294893 -0.929988
 1467.000000 2.238777 -0.916929
 1468.000000 2.177265 -0.992247
 1469.000000 2.253361 -0.973779
 1470.000000 2.164263 -0.937424
 1471.000000 2.261644 -0.935392
 1472.000000 2.217782 -0.940669
 1473.000000 2.329063 -1.020428
 1474.000000 2.182286 -0.904433
 1475.000000 2.213197 -0.981242
 1476.000000 2.282452 -1.055323
 1477.000000 2.361119 -1.017592
 1478.000000 2.284956 -0.955688
 1479.000000 2.301160 -1.031135
 1480.000000 2.277269 -1.020157
 1481.000000 2.329941 -0.907386
 1482.000000 2.344326 -0.945383
 1483.000000 2.239503 -0.974860
 1484.000000 2.253347 -1.017611
 1485.000000 2.260978 -0.941192
 1486.000000 2.305439 -0.922488
 1487.000000 2.218925 -0.997809
 1488.000000 2.283290 -0.952334
 1489.000000 2.277402 -0.977385
 1490.000000 2.214903 -0.917303
 1491.000000 2.143518 -0.952353
 1492.000000 2.239848 -1.054348
 1493.000000 2.243663 -0.946135
 1494.000000 2.140611 -0.982429
 1495.000000 2.303925 -0.899047
 1496.000000 2.382719 -1.010795
 1497.000000 2.285385 -0.919318
 1498.000000 2.205116 -1.021052
 1499.000000 2.204706 -0.977877
 1500.000000 2.253188 -0.986729
 1501.000000 2.134734 -0.998121
 1502.000000 2.209658 -1.021719
 1503.000000 2.184770 -1.054219
 1504.000000 2.177145 -1.009502
 1505.000000 2.330597 -1.025985
 1506.000000 2.266104 -0.952333
 1507.000000 2.312893 -1.005614
 1508.000000 2.349120 -0.993763
 1509.000000 2.348227 -1.007827
 1510.000000 2.240872 -1.047513
 1511.000000 2.212415 -1.042143
 1512.000000 2.225387 -0.991858
 1513.000000 2.217489 -1.024839
 1514.000000 2.239797 -0.990324
 1515.000000 2.231326 -1.053211
 1516.000000 2.224116 -0.991621
 1517.000000 2.218880 -1.061553
 1518.000000 2.343198 -1.081944
 1519.000000 2.193272 -1.033694
 1520.000000 2.193353 -0.955138
 1521.000000 2.251184 -0.925554
 1522.000000 2.170172 -0.908514
 1523.000000 2.236884 -1.073096
 1524.000000 2.233716 -0.923300
 1525.000000 2.188632 -0.950420
 1526.000000 2.258042 -0.964221
 1527.000000 2.246331 -0.983708
 1528.000000 2.311162 -0.928373
 1529.000000 2.316842 -0.909674
 1530.000000 2.275336 -0.985911
 1531.000000 2.297907 -0.982732
 1532.000000 2.270903 -0.906907
 1533.000000 2.279653 -0.993373
 1534.000000 2.165514 -0.960254
 1535.000000 2.206510 -0.971061
 1536.000000 2.198469 -1.023559
 1537.000000 2.276569 -0.897044
 1538.000000 2.267370 -0.958733
 1539.000000 2.355359 -1.074004
 1540.000000 2.228839 -1.007113
 1541.000000 2.203921 -1.033153
 1542.000000 2.260076 -0.948384
 1543.000000 2.233430 -0.932682
 1544.000000 2.340881 -0.989444
 1545.000000 2.186778 -1.023901
 1546.000000 2.205233 -1.026399
 1547.000000 2.225456 -0.998286
 1548.000000 2.268216 -0.913679
 1549.000000 2.210449 -0.967471
 1550.000000 2.364776 -0.947377
 1551.000000 2.211034 -0.930815
 1552.000000 2.287078 -1.019170
 1553.000000 2.303873 -1.042152
 1554.000000 2.332037 -0.924240
 1555.000000 2.268507 -0.950876
 1556.000000 2.290712 -0.902688
 1557.000000 2.218854 -1.047865
 1558.000000 2.242287 -0.967299
 1559.000000 2.199779 -0.974766
 1560.000000 2.169213 -0.930903
 1561.000000 2.225343 -0.874459
 1562.000000 2.215208 -0.949720
 1563.000000 2.204909 -0.973000
 1564.000000 2.250085 -1.024627
 1565.000000 2.222226 -1.030295
 1566.000000 2.187576 -0.978163
 1567.000000 2.284940 -0.978568
 1568.000000 2.262841 -0.954649
 1569.000000 2.162237 -0.870142
 1570.000000 2.231010 -0.890653
 1571.000000 2.338485 -0.971785
 1572.000000 2.308410 -1.084218
 1573.000000 2.281630 -0.904022
 1574.000000 2.272016 -0.964902
 1575.000000 2.167178 -0.969618
 1576.000000 2.190705 -0.894403
 1577.000000 2.252627 -1.036423
 1578.000000 2.276519 -0.918854
 1579.000000 2.295061 -0.928827
 1580.000000 2.229953 -1.068033
 1581.000000 2.257788 -0.963822
 1582.000000 2.268192 -1.043158
 1583.000000 2.222833 -0.890788
 1584.000000 2.347500 -0.944357
 1585.000000 2.221525 -0.955672
 1586.000000 2.329549 -0.936274
 1587.000000 2.349078 -0.999873
 1588.000000 2.336510 -0.914275
 1589.000000 2.239075 -0.892715
 1590.000000 2.250401 -0.955906
 1591.000000 2.282345 -0.957967
 1592.000000 2.285128 -0.916341
 1593.000000 2.290314 -0.920555
 1594.000000 2.333710 -0.957873
 1595.000000 2.238180 -1.038610
 1596.000000 2.249028 -0.943344
 1597.000000 2.319021 -0.916533
 1598.000000 2.297699 -0.912210
 1599.000000 2.251119 -0.992029
 1600.000000 2.169039 -1.031879
 1601.000000 2.321319 -0.891214
 1602.000000 2.318879 -0.897326
 1603.000000 2.201881 -0.943045
 1604.000000 2.222863 -0.919685
 1605.000000 2.206963 -0.997284
 1606.000000 2.177578 -0.998522
 1607.000000 2.163254 -0.924701
 1608.000000 2.203301 -0.855147
 1609.000000 2.253664 -0.994082
 1610.000000 2.280301 -0.935268
 1611.000000 2.319432 -0.821552
 1612.000000 2.220127 -0.872285
 1613.000000 2.208712 -0.965038
 1614.000000 2.195529 -0.923294
 1615.000000 2.347935 -0.969487
 1616.000000 2.251968 -0.863217
 1617.000000 2.195124 -0.912428
 1618.000000 2.226867 -1.041682
 1619.000000 2.295457 -1.032171
 1620.000000 2.249253 -1.005752
 1621.000000 2.307670 -1.010083
 1622.000000 2.364216 -0.930321
 1623.000000 2.271256 -1.010139
 1624.000000 2.235228 -0.969904
 1625.000000 2.340535 -0.938626
 1626.000000 2.257120 -0.834554
 1627.000000 2.276639 -0.977808
 1628.000000 2.176458 -1.035158
 1629.000000 2.200473 -0.868410
 1630.000000 2.270848 -0.855175
 1631.000000 2.251313 -0.927958
 1632.000000 2.287615 -0.841019
 1633.000000 2.094177 -0.865122
 1634.000000 2.324803 -0.920095
 1635.000000 2.196365 -0.912526
 1636.000000 2.258210 -0.932829
 1637.000000 2.316698 -0.944616
 1638.000000 2.249377 -0.858582
 1639.000000 2.308365 -0.902003
 1640.000000 2.245199 -0.884083
 1641.000000 2.226267 -0.986212
 1642.000000 2.191573 -0.865158
 1643.000000 2.282595 -0.857004
 1644.000000 2.250579 -1.001799
 1645.000000 2.310183 -0.923133
 1646.000000 2.234790 -0.857242
 1647.000000 2.194278 -1.013854
 1648.000000 2.289263 -0.930297
 1649.000000 2.312313 -0.959145
 1650.000000 2.230212 -0.813674
 1651.000000 2.349965 -0.794955
 1652.000000 2.236932 -0.906771
 1653.000000 2.300083 -0.864964
 1654.000000 2.210861 -0.968127
 1655.000000 2.220108 -0.960590
 1656.000000 2.304484 -0.989026
 1657.000000 2.198801 -1.053467
 1658.000000 2.152936 -0.977671
 1659.000000 2.218886 -1.038828
 1660.000000 2.241768 -0.990440
 1661.000000 2.244962 -0.878808
 1662.000000 2.224639 -0.850718
 1663.000000 2.333401 -0.953019
 1664.000000 2.280449 -0.892351
 1665.000000 2.257759 -0.937450
 1666.000000 2.246241 -0.956558
 1667.000000 2.366949 -0.832062
 1668.000000 2.316794 -0.927245
 1669.000000 2.204241 -0.952726
 1670.000000 2.335111 -0.926619
 1671.000000 2.367190 -1.018379
 1672.000000 2.280870 -0.859050
 1673.000000 2.267736 -0.981529
 1674.000000 2.253067 -0.919754
 1675.000000 2.298677 -0.946197
 1676.000000 2.406751 -0.900919
 1677.000000 2.282781 -0.926246
 1678.000000 2.349933 -0.996846
 1679.000000 2.285346 -0.946075
 1680.000000 2.310076 -0.863391
 1681.000000 2.235603 -0.905117
 1682.000000 2.317795 -0.964316
 1683.000000 2.309407 -1.035995
 1684.000000 2.314077 -0.892797
 1685.000000 2.303996 -0.903430
 1686.000000 2.302374 -0.930191
 1687.000000 2.213619 -0.919134
 1688.000000 2.295419 -0.957580
 1689.000000 2.350996 -0.897122
 1690.000000 2.317970 -0.879439
 1691.000000 2.349897 -0.920341
 1692.000000 2.332969 -0.999231
 1693.000000 2.417259 -0.918345
 1694.000000 2.330069 -0.867306
 1695.000000 2.274195 -0.952140
 1696.000000 2.290810 -0.909583
 1697.000000 2.291799 -0.852334
 1698.000000 2.240764 -0.942876
 1699.000000 2.398736 -0.979844
 1700.000000 2.150361 -0.977012
 1701.000000 2.231820 -0.922352
 1702.000000 2.281245 -0.890241
 1703.000000 2.230449 -1.052457
 1704.000000 2.397020 -0.970462
 1705.000000 2.259716 -0.881887
 1706.000000 2.327064 -0.978950
 1707.000000 2.199115 -1.062927
 1708.000000 2.220815 -1.015537
 1709.000000 2.211117 -0.978252
 1710.000000 2.293480 -0.962552
 1711.000000 2.341258 -0.923410
 1712.000000 2.302044 -0.960517
 1713.000000 2.267152 -0.981978
 1714.000000 2.262746 -0.982906
 1715.000000 2.444908 -0.898521
 1716.000000 2.244708 -0.951330
 1717.000000 2.216769 -0.901178
 1718.000000 2.357268 -0.960353
 1719.000000 2.232723 -0.936187
 1720.000000 2.267906 -1.006051
 1721.000000 2.309835 -1.009118
 1722.000000 2.208409 -0.974476
 1723.000000 2.348700 -1.082057
 1724.000000 2.440693 -0.947424
 1725.000000 2.176726 -0.996431
 1726.000000 2.328057 -0.955113
 1727.000000 2.163926 -0.922539
 1728.000000 2.418121 -0.959261
 1729.000000 2.387245 -1.029927
 1730.000000 2.237172 -0.908493
 1731.000000 2.265417 -0.915517
 1732.000000 2.207359 -0.994321
 1733.000000 2.278572 -0.854648
 1734.000000 2.243361 -0.953322
 1735.000000 2.280111 -0.916050
 1736.000000 2.340862 -0.961625
 1737.000000 2.330933 -0.921313
 1738.000000 2.236303 -0.938023
 1739.000000 2.266407 -0.904817
 1740.000000 2.281851 -0.959889
 1741.000000 2.322621 -0.859357
 1742.000000 2.419791 -0.923881
 1743.000000 2.372328 -0.955478
 1744.000000 2.353218 -0.917652
 1745.000000 2.305996 -0.862603
 1746.000000 2.263944 -0.935909
 1747.000000 2.268395 -1.003413
 1748.000000 2.189859 -1.030970
 1749.000000 2.379848 -0.897971
 1750.000000 2.364235 -0.928409
 1751.000000 2.195946 -0.969597
 1752.000000 2.176327 -1.045188
 1753.000000 2.313161 -0.978134
 1754.000000 2.209582 -0.927249
 1755.000000 2.250423 -0.929053
 1756.000000 2.251074 -0.959285
 1757.000000 2.276552 -0.919080
 1758.000000 2.350447 -0.830334
 1759.000000 2.185545 -0.874023
 1760.000000 2.243875 -0.870538
 1761.000000 2.391241 -0.861726
 1762.000000 2.310193 -0.910982
 1763.000000 2.291424 -0.931032
 1764.000000 2.356245 -0.928224
 1765.000000 2.309918 -0.975093
 1766.000000 2.312110 -1.023762
 1767.000000 2.300556 -0.869211
 1768.000000 2.371060 -0.822659
 1769.000000 2.288591 -0.876345
 1770.000000 2.397131 -1.032779
 1771.000000 2.310142 -0.952193
 1772.000000 2.309879 -0.930640
 1773.000000 2.244426 -0.840431
 1774.000000 2.218694 -0.955609
 1775.000000 2.266424 -0.949804
 1776.000000 2.207672 -0.998564
 1777.000000 2.191915 -1.015882
 1778.000000 2.196388 -1.022916
 1779.000000 2.279043 -0.882457
 1780.000000 2.309441 -0.972118
 1781.000000 2.362509 -0.909566
 1782.000000 2.155413 -0.926211
 1783.000000 2.346103 -0.907052
 1784.000000 2.263541 -0.881823
 1785.000000 2.209607 -0.929131
 1786.000000 2.126590 -0.893312
 1787.000000 2.342283 -0.947554
 1788.000000 2.315831 -0.999216
 1789.000000 2.339914 -0.974797
 1790.000000 2.269274 -1.017778
 1791.000000 2.219122 -0.923799
 1792.000000 2.311504 -0.949980
 1793.000000 2.303732 -0.977299
 1794.000000 2.281939 -0.948407
 1795.000000 2.328270 -0.968339
 1796.000000 2.397518 -0.999622
 1797.000000 2.260030 -1.017107
 1798.000000 2.203625 -0.943363
 1799.000000 2.389139 -0.889310
 1800.000000 2.296464 -0.907072
 1801.000000 2.248642 -0.847326
 1802.000000 2.238118 -0.902611
 1803.000000 2.282325 -0.839827
 1804.000000 2.290946 -0.965911
 1805.000000 2.287739 -0.971027
 1806.000000 2.382210 -1.011685
 1807.000000 2.383563 -0.932392
 1808.000000 2.336186 -0.946976
 1809.000000 2.252899 -0.913749
 1810.000000 2.249730 -0.953114
 1811.000000 2.384278 -0.874589
 1812.000000 2.356744 -0.860832
 1813.000000 2.391302 -0.988412
 1814.000000 2.170646 -0.902786
 1815.000000 2.259417 -0.944940
 1816.000000 2.276796 -0.919348
 1817.000000 2.316729 -0.870733
 1818.000000 2.352526 -0.908292
 1819.000000 2.311573 -0.921214
 1820.000000 2.255281 -1.015253
 1821.000000 2.232691 -1.033293
 1822.000000 2.276565 -0.886656
 1823.000000 2.112365 -0.984789
 1824.000000 2.058623 -0.895308
 1825.000000 2.180731 -0.961872
 1826.000000 2.428476 -0.903431
 1827.000000 2.251220 -0.954469
 1828.000000 2.328587 -0.915274
 1829.000000 2.256380 -0.943506
 1830.000000 2.179978 -0.901507
 1831.000000 2.252391 -0.935060
 1832.000000 2.324726 -0.974109
 1833.000000 2.227311 -0.996973
 1834.000000 2.353901 -0.975289
 1835.000000 2.241979 -0.870415
 1836.000000 2.151655 -0.899352
 1837.000000 2.246010 -0.956520
 1838.000000 2.246908 -0.941916
 1839.000000 2.271873 -0.857942
 1840.000000 2.389143 -0.932040
 1841.000000 2.324489 -0.955352
 1842.000000 2.354154 -0.801630
 1843.000000 2.160089 -0.869571
 1844.000000 2.377742 -0.819872
 1845.000000 2.141187 -0.865432
 1846.000000 2.330747 -0.905968
 1847.000000 2.276128 -0.959784
 1848.000000 2.377331 -0.981946
 1849.000000 2.373966 -1.025128
 1850.000000 2.226593 -0.880945
 1851.000000 2.291797 -0.864149
 1852.000000 2.295286 -0.961681
 1853.000000 2.348493 -0.881767
 1854.000000 2.327531 -0.921336
 1855.000000 2.376527 -0.807818
 1856.000000 2.249677 -0.891640
 1857.000000 2.345190 -0.798497
 1858.000000 2.325358 -0.970305
 1859.000000 2.225594 -0.890771
 1860.000000 2.312065 -0.856775
 1861.000000 2.254582 -0.956830
 1862.000000 2.338316 -0.869632
 1863.000000 2.243992 -0.882125
 1864.000000 2.192725 -0.900938
 1865.000000 2.292146 -0.951691
 1866.000000 2.328456 -0.939106
 1867.000000 2.260528 -1.020439
 1868.000000 2.271290 -0.928377
 1869.000000 2.224339 -0.917495
 1870.000000 2.329997 -0.876407
 1871.000000 2.376721 -0.969963
 1872.000000 2.437071 -0.911952
 1873.000000 2.339523 -0.940192
 1874.000000 2.233335 -0.908428
 1875.000000 2.303005 -0.969454
 1876.000000 2.273711 -0.919616
 1877.000000 2.284684 -0.975557
 1878.000000 2.281752 -0.935596
 1879.000000 2.288134 -0.855024
 1880.000000 2.323159 -0.871667
 1881.000000 2.295072 -0.908338
 1882.000000 2.321058 -1.032033
 1883.000000 2.131039 -0.921980
 1884.000000 2.289084 -0.981802
 1885.000000 2.254515 -0.970361
 1886.000000 2.311348 -0.924033
 1887.000000 2.310813 -0.896889
 1888.000000 2.186606 -0.950087
 1889.000000 2.231950 -0.962918
 1890.000000 2.262516 -1.015964
 1891.000000 2.368605 -0.902577
 1892.000000 2.268876 -1.032660
 1893.000000 2.204661 -0.976616
 1894.000000 2.439680 -1.026602
 1895.000000 2.419706 -0.919252
 1896.000000 2.290453 -1.012713
 1897.000000 2.285943 -0.895147
 1898.000000 2.355709 -0.929822
 1899.000000 2.289711 -0.918808
 1900.000000 2.219085 -0.827044
 1901.000000 2.362452 -0.984035
 1902.000000 2.246716 -0.903783
 1903.000000 2.300185 -0.864904
 1904.000000 2.188788 -0.899824
 1905.000000 2.269370 -0.858527
 1906.000000 2.344180 -0.906035
 1907.000000 2.280094 -0.907567
 1908.000000 2.392028 -0.894082
 1909.000000 2.389566 -0.949790
 1910.000000 2.322998 -0.937777
 1911.000000 2.255486 -0.902655
 1912.000000 2.365189 -0.855548
 1913.000000 2.301998 -0.808679
 1914.000000 2.357754 -0.902119
 1915.000000 2.270831 -0.877629
 1916.000000 2.228791 -0.830586
 1917.000000 2.392064 -0.924747
 1918.000000 2.249154 -0.939825
 1919.000000 2.273968 -0.969949
 1920.000000 2.240701 -0.922773
 1921.000000 2.260137 -0.976984
 1922.000000 2.295637 -1.029596
 1923.000000 2.254440 -0.901825
 1924.000000 2.255294 -0.958205
 1925.000000 2.275672 -0.937382
 1926.000000 2.303354 -0.957855
 1927.000000 2.361312 -0.945138
 1928.000000 2.343114 -0.988119
 1929.000000 2.318806 -0.961508
 1930.000000 2.319166 -0.943604
 1931.000000 2.303697 -0.988355
 1932.000000 2.368948 -0.921989
 1933.000000 2.349521 -0.951465
 1934.000000 2.172124 -0.945741
 1935.000000 2.335078 -0.872394
 1936.000000 2.150511 -0.953720
 1937.000000 2.306050 -0.847929
 1938.000000 2.345183 -0.876755
 1939.000000 2.225054 -0.989461
 1940.000000 2.129696 -0.940399
 1941.000000 2.221143 -0.941871
 1942.000000 2.276596 -1.036287
 1943.000000 2.177296 -0.867335
 1944.000000 2.082072 -0.954472
 1945.000000 2.123784 -0.929357
 1946.000000 2.164850 -0.966606
 1947.000000 2.205357 -0.880115
 1948.000000 2.149696 -1.040366
 1949.000000 2.140474 -1.002837
 1950.000000 2.231823 -0.988811
 1951.000000 2.190198 -0.958247
 1952.000000 2.233076 -0.977728
 1953.000000 2.235121 -0.966585
 1954.000000 2.135715 -0.880271
 1955.000000 2.227278 -0.926756
 1956.000000 2.131362 -0.918983
 1957.000000 2.340151 -0.937955
 1958.000000 2.180810 -0.978018
 1959.000000 2.318648 -0.939430
 1960.000000 2.186969 -0.902985
 1961.000000 2.261127 -0.915449
 1962.000000 2.339025 -0.863371
 1963.000000 2.208746 -0.982840
 1964.000000 2.265787 -0.974546
 1965.000000 2.376776 -0.927227
 1966.000000 2.215971 -0.891174
 1967.000000 2.266211 -1.039121
 1968.000000 2.280136 -0.944745
 1969.000000 2.318092 -0.966426
 1970.000000 2.274614 -0.918023
 1971.000000 2.190080 -0.919398
 1972.000000 2.307110 -0.917219
 1973.000000 2.294302 -0.975628
 1974.000000 2.264311 -0.911926
 1975.000000 2.241384 -0.895293
 1976.000000 2.267426 -0.977000
 1977.000000 2.273341 -0.956840
 1978.000000 2.262075 -0.975247
 1979.000000 2.189417 -0.947794
 1980.000000 2.302328 -0.999221
 1981.000000 2.257884 -0.911158
 1982.000000 2.215797 -0.939891
 1983.000000 2.302690 -0.926561
 1984.000000 2.303144 -0.946878
 1985.000000 2.364825 -0.885513
 1986.000000 2.287365 -0.987910
 1987.000000 2.234286 -1.015037
 1988.000000 2.256265 -0.930445
 1989.000000 2.088173 -0.990400
 1990.000000 2.378485 -0.944930
 1991.000000 2.229467 -0.997368
 1992.000000 2.217520 -0.979307
 1993.000000 2.243547 -1.002118
 1994.000000 2.326473 -1.006741
 1995.000000 2.253826 -0.898888
 1996.000000 2.261441 -1.046266
 1997.000000 2.293063 -0.955827
 1998.000000 2.269314 -0.996757
 1999.000000 2.257654 -0.988542
 2000.000000 2.387696 -0.900187
 2001.000000 2.363658 -1.020220
 2002.000000 2.331191 -0.994766
 2003.000000 2.215295 -0.932693
 2004.000000 2.278454 -0.950219
 2005.000000 2.385359 -0.970446
 2006.000000 2.344714 -0.903404
 2007.000000 2.310370 -0.962994
 2008.000000 2.302425 -0.856774
 2009.000000 2.301445 -1.001487
 2010.000000 2.299134 -0.931797
 2011.000000 2.246844 -0.911548
 2012.000000 2.309806 -0.890863
 2013.000000 2.340094 -0.933002
 2014.000000 2.271337 -0.848770
 2015.000000 2.364384 -0.960379
 2016.000000 2.242956 -0.935027
 2017.000000 2.260285 -0.915552
 2018.000000 2.223970 -0.883219
 2019.000000 2.319663 -0.951264
 2020.000000 2.197749 -0.938009
 2021.000000 2.221727 -0.907816
 2022.000000 2.301505 -0.928813
 2023.000000 2.376134 -0.840997
 2024.000000 2.266136 -0.956255
 2025.000000 2.282286 -0.938874
 2026.000000 2.301834 -1.038818
 2027.000000 2.267556 -0.910582
 2028.000000 2.301504 -1.028538
 2029.000000 2.359842 -0.973495
 2030.000000 2.294929 -0.945411
 2031.000000 2.328753 -0.972998
 2032.000000 2.315059 -0.909422
 2033.000000 2.276763 -1.027311
 2034.000000 2.225720 -0.917888
 2035.000000 2.260955 -0.932368
 2036.000000 2.361350 -1.064689
 2037.000000 2.343994 -0.991818
 2038.000000 2.200877 -0.923144
 2039.000000 2.336986 -0.914106
 2040.000000 2.402565 -0.953908
 2041.000000 2.222895 -0.972283
 2042.000000 2.288948 -0.985769
 2043.000000 2.321211 -1.039811
 2044.000000 2.291910 -0.922061
 2045.000000 2.355629 -0.859774
 2046.000000 2.145140 -0.903008
 2047.000000 2.237615 -0.858994
 2048.000000 2.323186 -0.946037
 2049.000000 2.325452 -0.862764
 2050.000000 2.295237 -0.869107
 2051.000000 2.357946 -0.865517
 2052.000000 2.247059 -0.955148
 2053.000000 2.284876 -0.846254
 2054.000000 2.277333 -0.878413
 2055.000000 2.200136 -0.965858
 2056.000000 2.365531 -0.966624
 2057.000000 2.415066 -1.005456
 2058.000000 2.359935 -1.056824
 2059.000000 2.332100 -0.971336
 2060.000000 2.258006 -0.871996
 2061.000000 2.380452 -0.947281
 2062.000000 2.258065 -0.922491
 2063.000000 2.230696 -1.084346
 2064.000000 2.095634 -0.929794
 2065.000000 2.211372 -0.875120
 2066.000000 2.297020 -0.950502
 2067.000000 2.256517 -0.832900
 2068.000000 2.233763 -0.919909
 2069.000000 2.332782 -0.879592
 2070.000000 2.228242 -0.901428
 2071.000000 2.285484 -0.956261
 2072.000000 2.398602 -0.978731
 2073.000000 2.247042 -0.937334
 2074.000000 2.258573 -1.000618
 2075.000000 2.311008 -0.933086
 2076.000000 2.203823 -0.917693
 2077.000000 2.257363 -0.975178
 2078.000000 2.281005 -0.986972
 2079.000000 2.236172 -1.001162
 2080.000000 2.380530 -1.014777
 2081.000000 2.222718 -0.999644
 2082.000000 2.290728 -1.048171
 2083.000000 2.166758 -0.864396
 2084.000000 2.198462 -0.900343
 2085.000000 2.236653 -0.936865
 2086.000000 2.160549 -0.931544
 2087.000000 2.343591 -0.988342
 2088.000000 2.239530 -1.001413
 2089.000000 2.167343 -0.993639
 2090.000000 2.260730 -0.866895
 2091.000000 2.259242 -0.812850
 2092.000000 2.271845 -0.990956
 2093.000000 2.212109 -1.092104
 2094.000000 2.248907 -1.010695
 2095.000000 2.311209 -0.891466
 2096.000000 2.374418 -0.925602
 2097.000000 2.365880 -0.952274
 2098.000000 2.348780 -0.986075
 2099.000000 2.322254 -0.966759
 2100.000000 2.305127 -0.996987
 2101.000000 2.301921 -0.974940
 2102.000000 2.280832 -1.010072
 2103.000000 2.168794 -0.860335
 2104.000000 2.252086 -0.943663
 2105.000000 2.258372 -1.054437
 2106.000000 2.365087 -1.087408
 2107.000000 2.346745 -1.052955
 2108.000000 2.263129 -0.955380
 2109.000000 2.412746 -0.833642
 2110.000000 2.239356 -0.993162
 2111.000000 2.348072 -0.850697
 2112.000000 2.313881 -0.889242
 2113.000000 2.333346 -0.906788
 2114.000000 2.384853 -0.974589
 2115.000000 2.285417 -0.992006
 2116.000000 2.270370 -0.909755
 2117.000000 2.231852 -0.941246
 2118.000000 2.401086 -0.897522
 2119.000000 2.355179 -0.982756
 2120.000000 2.332515 -1.024033
 2121.000000 2.253012 -1.005262
 2122.000000 2.306332 -1.045078
 2123.000000 2.340466 -0.990608
 2124.000000 2.388627 -0.978592
 2125.000000 2.257404 -0.973115
 2126.000000 2.282086 -0.982537
 2127.000000 2.285505 -0.961270
 2128.000000 2.175154 -0.923157
 2129.000000 2.304530 -0.984287
 2130.000000 2.225316 -0.994018
 2131.000000 2.243940 -1.090838
 2132.000000 2.346576 -1.096416
 2133.000000 2.280353 -1.004002
 2134.000000 2.297179 -1.023370
 2135.000000 2.301403 -0.954824
 2136.000000 2.178796 -0.995750
 2137.000000 2.329529 -1.031823
 2138.000000 2.351887 -0.961082
 2139.000000 2.305945 -1.012778
 2140.000000 2.351203 -0.924906
 2141.000000 2.365671 -1.046262
 2142.000000 2.284485 -1.047560
 2143.000000 2.251019 -0.991370
 2144.000000 2.248402 -0.983053
 2145.000000 2.359400 -0.984727
 2146.000000 2.340025 -1.034477
 2147.000000 2.292366 -0.958098
 2148.000000 2.247287 -0.964457
 2149.000000 2.224581 -1.066151
 2150.000000 2.251933 -0.938834
 2151.000000 2.280161 -0.938336
 2152.000000 2.308694 -0.892624
 2153.000000 2.299793 -0.975042
 2154.000000 2.329293 -0.930499
 2155.000000 2.329820 -0.971906
 2156.000000 2.329784 -0.941418
 2157.000000 2.360297 -0.948876
 2158.000000 2.380487 -0.911555
 2159.000000 2.337420 -0.962914
 2160.000000 2.293779 -1.000348
 2161.000000 2.299244 -0.929154
 2162.000000 2.337208 -0.922811
 2163.000000 2.392241 -0.923843
 2164.000000 2.297374 -0.906759
 2165.000000 2.309182 -0.920985
 2166.000000 2.278462 -0.896888
 2167.000000 2.333546 -0.753558
 2168.000000 2.241148 -0.848529
 2169.000000 2.326104 -0.885831
 2170.000000 2.372448 -0.963702
 2171.000000 2.357066 -1.012787
 2172.000000 2.296068 -0.952503
 2173.000000 2.258305 -1.037756
 2174.000000 2.296303 -0.911081
 2175.000000 2.203540 -0.907322
 2176.000000 2.281868 -0.886018
 2177.000000 2.226321 -0.994281
 2178.000000 2.244570 -1.049989
 2179.000000 2.261722 -0.900439
 2180.000000 2.231748 -0.892174
 2181.000000 2.166775 -0.913395
 2182.000000 2.190726 -0.839751
 2183.000000 2.182235 -0.992005
 2184.000000 2.255661 -0.945731
 2185.000000 2.233529 -0.894465
 2186.000000 2.228200 -1.027354
 2187.000000 2.353544 -0.957344
 2188.000000 2.248740 -0.992971
 2189.000000 2.303696 -0.889052
 2190.000000 2.146366 -0.953041
 2191.000000 2.267913 -0.893775
 2192.000000 2.192479 -0.936109
 2193.000000 2.266912 -1.040772
 2194.000000 2.307102 -1.010400
 2195.000000 2.271053 -0.941752
 2196.000000 2.242670 -0.945465
 2197.000000 2.346933 -0.932666
 2198.000000 2.179034 -0.873408
 2199.000000 2.270965 -0.962146
 2200.000000 2.273303 -0.943555
 2201.000000 2.255525 -0.963144
 2202.000000 2.215569 -0.853874
 2203.000000 2.205454 -0.981716
 2204.000000 2.289292 -0.881281
 2205.000000 2.287695 -0.955824
 2206.000000 2.231955 -0.967317
 2207.000000 2.259214 -0.958238
 2208.000000 2.226463 -0.912001
 2209.000000 2.170685 -0.989373
 2210.000000 2.224699 -0.968085
 2211.000000 2.251074 -0.963595
 2212.000000 2.192701 -1.012601
 2213.000000 2.249427 -0.924726
 2214.000000 2.177117 -0.968166
 2215.000000 2.203151 -0.890354
 2216.000000 2.333789 -1.002162
 2217.000000 2.221412 -0.933996
 2218.000000 2.284517 -0.935563
 2219.000000 2.267192 -0.910161
 2220.000000 2.354671 -0.962343
 2221.000000 2.290099 -0.974232
 2222.000000 2.318762 -0.973276
 2223.000000 2.262445 -0.951526
 2224.000000 2.289992 -0.900953
 2225.000000 2.234899 -0.866747
 2226.000000 2.320560 -0.973627
 2227.000000 2.285802 -0.899861
 2228.000000 2.312323 -1.007829
 2229.000000 2.362552 -0.910832
 2230.000000 2.271922 -0.943690
 2231.000000 2.312843 -0.960468
 2232.000000 2.396420 -1.038703
 2233.000000 2.269694 -0.999277
 2234.000000 2.276400 -0.977902
 2235.000000 2.246475 -1.018398
 2236.000000 2.238323 -0.940846
 2237.000000 2.288103 -0.950084
 2238.000000 2.105528 -0.923055
 2239.000000 2.193964 -0.883122
 2240.000000 2.288602 -1.057482
 2241.000000 2.234917 -0.941056
 2242.000000 2.371565 -1.031802
 2243.000000 2.333060 -1.018380
 2244.000000 2.265893 -0.902379
 2245.000000 2.333920 -0.955613
 2246.000000 2.178874 -0.869172
 2247.000000 2.372937 -0.840974
 2248.000000 2.309793 -0.906103
 2249.000000 2.235152 -1.011723
 2250.000000 2.185532 -0.910504
 2251.000000 2.315056 -1.000974
 2252.000000 2.296402 -0.929079
 2253.000000 2.298398 -0.916678
 2254.000000 2.316004 -0.915076
 2255.000000 2.240154 -0.920996
 2256.000000 2.364592 -0.983900
 2257.000000 2.323146 -0.959133
 2258.000000 2.440788 -0.967307
 2259.000000 2.284930 -0.932136
 2260.000000 2.275145 -0.915478
 2261.000000 2.311194 -0.950840
 2262.000000 2.289651 -1.000426
 2263.000000 2.219017 -0.934061
 2264.000000 2.194737 -0.935217
 2265.000000 2.184008 -0.960191
 2266.000000 2.272480 -0.899149
 2267.000000 2.338835 -0.958276
 2268.000000 2.390065 -1.035244
 2269.000000 2.245722 -0.882273
 2270.000000 2.387779 -0.889241
 2271.000000 2.247555 -0.923089
 2272.000000 2.320488 -0.980696
 2273.000000 2.192395 -0.846438
 2274.000000 2.206355 -0.918721
 2275.000000 2.175952 -0.926042
 2276.000000 2.234966 -0.851128
 2277.000000 2.273176 -0.876426
 2278.000000 2.207828 -0.935420
 2279.000000 2.156903 -0.938848
 2280.000000 2.194027 -0.887574
 2281.000000 2.260966 -0.956420
 2282.000000 2.273199 -0.847756
 2283.000000 2.253822 -0.840476
 2284.000000 2.268731 -0.962552
 2285.000000 2.313601 -1.027333
 2286.000000 2.144620 -0.933478
 2287.000000 2.331420 -1.006577
 2288.000000 2.175633 -0.958397
 2289.000000 2.254733 -0.945228
 2290.000000 2.258627 -1.036214
 2291.000000 2.124151 -1.024252
 2292.000000 2.243203 -0.968689
 2293.000000 2.291775 -0.978983
 2294.000000 2.246942 -0.983207
 2295.000000 2.230521 -0.949517
 2296.000000 2.278680 -0.974612
 2297.000000 2.304401 -0.875226
 2298.000000 2.300208 -0.969633
 2299.000000 2.169803 -1.002648
 2300.000000 2.289805 -1.008719
 2301.000000 2.268702 -1.017517
 2302.000000 2.276948 -1.017325
 2303.000000 2.200464 -1.009907
 2304.000000 2.131927 -1.106424
 2305.000000 2.467120 -1.017573
 2306.000000 2.260681 -0.964493
 2307.000000 2.214479 -1.038926
 2308.000000 2.331705 -1.004713
 2309.000000 2.243734 -1.022305
 2310.000000 2.274065 -1.048609
 2311.000000 2.397816 -1.004733
 2312.000000 2.276848 -1.020135
 2313.000000 2.240707 -0.964579
 2314.000000 2.317828 -0.973822
 2315.000000 2.315549 -0.943971
 2316.000000 2.280718 -1.032001
 2317.000000 2.348746 -1.048515
 2318.000000 2.301563 -1.010960
 2319.000000 2.211655 -0.903528
 2320.000000 2.151879 -0.919681
 2321.000000 2.217932 -0.991253
 2322.000000 2.239630 -0.990608
 2323.000000 2.201940 -1.015825
 2324.000000 2.158403 -0.924259
 2325.000000 2.261884 -0.952548
 2326.000000 2.247343 -0.897322
 2327.000000 2.454574 -0.909743
 2328.000000 2.400637 -1.009214
 2329.000000 2.231220 -0.992422
 2330.000000 2.349982 -0.918029
 2331.000000 2.188106 -1.010304
 2332.000000 2.382007 -1.066290
 2333.000000 2.393956 -1.003875
 2334.000000 2.357319 -0.919613
 2335.000000 2.267589 -0.923955
 2336.000000 2.299278 -0.992518
 2337.000000 2.207308 -0.968225
 2338.000000 2.193782 -1.002442
 2339.000000 2.100727 -0.994703
 2340.000000 2.201374 -0.926276
 2341.000000 2.295508 -1.015381
 2342.000000 2.321623 -0.946665
 2343.000000 2.238462 -0.929065
 2344.000000 2.316130 -0.929412
 2345.000000 2.249082 -0.995276
 2346.000000 2.401421 -0.991886
 2347.000000 2.261156 -0.904020
 2348.000000 2.285649 -1.002407
 2349.000000 2.289967 -0.979957
 2350.000000 2.308225 -0.892904
 2351.000000 2.335268 -0.916046
 2352.000000 2.258333 -0.984288
 2353.000000 2.307010 -1.055673
 2354.000000 2.367164 -1.012420
 2355.000000 2.236681 -0.964066
 2356.000000 2.267460 -1.054296
 2357.000000 2.212228 -1.036697
 2358.000000 2.272552 -0.909147
 2359.000000 2.275591 -0.964599
 2360.000000 2.284923 -0.883753
 2361.000000 2.298839 -1.039691
 2362.000000 2.238274 -1.041216
 2363.000000 2.207328 -0.859120
 2364.000000 2.418381 -0.999732
 2365.000000 2.248426 -0.969875
 2366.000000 2.341000 -0.958625
 2367.000000 2.264504 -0.986477
 2368.000000 2.262300 -0.865430
 2369.000000 2.155073 -0.958271
 2370.000000 2.246149 -0.915650
 2371.000000 2.336902 -0.994828
 2372.000000 2.327146 -1.000272
 2373.000000 2.249409 -1.012443
 2374.000000 2.318568 -0.848924
 2375.000000 2.327122 -0.960739
 2376.000000 2.264736 -0.849083
 2377.000000 2.386633 -0.991767
 2378.000000 2.452830 -0.940272
 2379.000000 2.278169 -0.966421
 2380.000000 2.353446 -0.899419
 2381.000000 2.287319 -0.901140
 2382.000000 2.298160 -0.962682
 2383.000000 2.270236 -1.000204
 2384.000000 2.304686 -0.990458
 2385.000000 2.382051 -0.994206
 2386.000000 2.253702 -0.978461
 2387.000000 2.274846 -0.964762
 2388.000000 2.220177 -0.979300
 2389.000000 2.386116 -0.907498
 2390.000000 2.337889 -0.889223
 2391.000000 2.277338 -0.870381
 2392.000000 2.300321 -0.937385
 2393.000000 2.236277 -0.877442
 2394.000000 2.263587 -0.942092
 2395.000000 2.347395 -0.928233
 2396.000000 2.279294 -0.959280
 2397.000000 2.296766 -0.949362
 2398.000000 2.173014 -0.930902
 2399.000000 2.250214 -0.956303
 2400.000000 2.174049 -0.938316
 2401.000000 2.258872 -0.939934
 2402.000000 2.131479 -0.966302
 2403.000000 2.213218 -0.941133
 2404.000000 2.240687 -1.004776
 2405.000000 2.113538 -0.971641
 2406.000000 2.277962 -0.960761
 2407.000000 2.152134 -0.899898
 2408.000000 2.300204 -0.990728
 2409.000000 2.108034 -1.010746
 2410.000000 2.297595 -0.881355
 2411.000000 2.114326 -0.954859
 2412.000000 2.192365 -0.896696
 2413.000000 2.207381 -0.968126
 2414.000000 2.243043 -0.876314
 2415.000000 2.223136 -0.967577
 2416.000000 2.236747 -0.874151
 2417.000000 2.160256 -0.885593
 2418.000000 2.150839 -0.924354
 2419.000000 2.192068 -0.949628
 2420.000000 2.261715 -0.853400
 2421.000000 2.333636 -0.831186
 2422.000000 2.265430 -0.922445
 2423.000000 2.309158 -0.986548
 2424.000000 2.237450 -0.958293
 2425.000000 2.347458 -0.954489
 2426.000000 2.159095 -0.918499
 2427.000000 2.264766 -0.825585
 2428.000000 2.293194 -0.896713
 2429.000000 2.287842 -0.995388
 2430.000000 2.240573 -0.983585
 2431.000000 2.310588 -1.004674
 2432.000000 2.338910 -0.909817
 2433.000000 2.332705 -0.953908
 2434.000000 2.202997 -0.988677
 2435.000000 2.278309 -0.856845
 2436.000000 2.344485 -0.868380
 2437.000000 2.328376 -0.908383
 2438.000000 2.343244 -0.902614
 2439.000000 2.206346 -0.821582
 2440.000000 2.253964 -0.878785
 2441.000000 2.254322 -0.999031
 2442.000000 2.274990 -0.874232
 2443.000000 2.229774 -0.842186
 2444.000000 2.216188 -0.927574
 2445.000000 2.168921 -0.829387
 2446.000000 2.268768 -0.930913
 2447.000000 2.328739 -0.966287
 2448.000000 2.158869 -0.972345
 2449.000000 2.232938 -0.944251
 2450.000000 2.273450 -0.983781
 2451.000000 2.280284 -0.918279
 2452.000000 2.304616 -1.018851
 2453.000000 2.318992 -0.898137
 2454.000000 2.261136 -0.907131
 2455.000000 2.225092 -0.867142
 2456.000000 2.280825 -0.960339
 2457.000000 2.225894 -0.862073
 2458.000000 2.275500 -0.898478
 2459.000000 2.377189 -0.966526
 2460.000000 2.360273 -0.887438
 2461.000000 2.214214 -0.962590
 2462.000000 2.213918 -0.914532
 2463.000000 2.342701 -0.933022
 2464.000000 2.210142 -0.932506
 2465.000000 2.320191 -1.001081
 2466.000000 2.246696 -1.007315
 2467.000000 2.335383 -0.976544
 2468.000000 2.241750 -0.938054
 2469.000000 2.298899 -0.940505
 2470.000000 2.346944 -0.963327
 2471.000000 2.268183 -0.895383
 2472.000000 2.198677 -0.954985
 2473.000000 2.023976 -0.910134
 2474.000000 2.351593 -0.991180
 2475.000000 2.203327 -0.978331
 2476.000000 2.336481 -1.073413
 2477.000000 2.239698 -1.002818
 2478.000000 2.185295 -1.063747
 2479.000000 2.295676 -0.985853
 2480.000000 2.150230 -0.985538
 2481.000000 2.277069 -0.933466
 2482.000000 2.211193 -0.925542
 2483.000000 2.228480 -0.930237
 2484.000000 2.302663 -0.910560
 2485.000000 2.222563 -0.902484
 2486.000000 2.288444 -0.934317
 2487.000000 2.189878 -1.005006
 2488.000000 2.235151 -0.850800
 2489.000000 2.378303 -0.935372
 2490.000000 2.262189 -0.891751
 2491.000000 2.265831 -0.941759
 2492.000000 2.308832 -0.962305
 2493.000000 2.329397 -0.948995
 2494.000000 2.258330 -0.934591
 2495.000000 2.351932 -0.963650
 2496.000000 2.230248 -0.974075
 2497.000000 2.148979 -1.027762
 2498.000000 2.284432 -0.921886
 2499.000000 2.242532 -0.907288
 2500.000000 2.187436 -0.868275
