#! FIELDS time pd_137_140 diff
 0.000000 1.928467 0.653960
 1.000000 1.748969 0.520016
 2.000000 1.792352 0.597299
 3.000000 1.743703 0.558572
 4.000000 1.836670 0.571653
 5.000000 1.815351 0.557146
 6.000000 1.704533 0.584867
 7.000000 1.741571 0.580097
 8.000000 1.663294 0.510143
 9.000000 1.822261 0.601896
 10.000000 1.751272 0.543201
 11.000000 1.859245 0.665055
 12.000000 1.811310 0.505195
 13.000000 1.765706 0.593363
 14.000000 1.762392 0.454787
 15.000000 1.765423 0.431708
 16.000000 1.844655 0.468073
 17.000000 1.716716 0.553787
 18.000000 1.763140 0.466054
 19.000000 1.823599 0.534318
 20.000000 1.760868 0.555159
 21.000000 1.720421 0.590178
 22.000000 1.869069 0.491800
 23.000000 1.806339 0.560186
 24.000000 1.813516 0.510395
 25.000000 1.777717 0.526745
 26.000000 1.783709 0.590819
 27.000000 1.719477 0.591943
 28.000000 1.877388 0.648881
 29.000000 1.853127 0.588538
 30.000000 1.782480 0.608185
 31.000000 1.867039 0.716677
 32.000000 1.828549 0.578059
 33.000000 1.826877 0.510185
 34.000000 1.808030 0.459873
 35.000000 1.713083 0.445865
 36.000000 1.846897 0.542717
 37.000000 1.836052 0.505462
 38.000000 1.849363 0.527894
 39.000000 1.910997 0.472880
 40.000000 1.849817 0.522796
 41.000000 1.784826 0.554746
 42.000000 1.722200 0.492755
 43.000000 1.734213 0.544027
 44.000000 1.834752 0.504619
 45.000000 1.845744 0.484354
 46.000000 1.812532 0.574952
 47.000000 1.713814 0.507387
 48.000000 1.832829 0.519640
 49.000000 1.742622 0.605645
 50.000000 1.753265 0.533445
 51.000000 1.743654 0.512127
 52.000000 1.784278 0.499833
 53.000000 1.839888 0.623218
 54.000000 1.777589 0.451540
 55.000000 1.797238 0.515477
 56.000000 1.718997 0.554163
 57.000000 1.695212 0.587148
 58.000000 1.702474 0.625187
 59.000000 1.738686 0.585378
 60.000000 1.727582 0.589586
 61.000000 1.778983 0.539651
 62.000000 1.732029 0.536806
 63.000000 1.683116 0.523483
 64.000000 1.759500 0.437800
 65.000000 1.800233 0.484136
 66.000000 1.765842 0.569948
 67.000000 1.761861 0.527083
 68.000000 1.749652 0.595398
 69.000000 1.779184 0.506333
 70.000000 1.764325 0.555390
 71.000000 1.654184 0.580479
 72.000000 1.734387 0.513697
 73.000000 1.821317 0.488911
 74.000000 1.822634 0.475971
 75.000000 1.761668 0.530132
 76.000000 1.844511 0.524582
 77.000000 1.777097 0.484076
 78.000000 1.834988 0.671587
 79.000000 1.805140 0.589073
 80.000000 1.761871 0.567372
 81.000000 1.785001 0.600932
 82.000000 1.855007 0.559465
 83.000000 1.718572 0.605330
 84.000000 1.842285 0.569169
 85.000000 1.874374 0.558799
 86.000000 1.848702 0.590107
 87.000000 1.877102 0.605266
 88.000000 1.757064 0.556054
 89.000000 1.762376 0.656597
 90.000000 1.848837 0.604713
 91.000000 1.729157 0.569399
 92.000000 1.688174 0.557109
 93.000000 1.778349 0.630713
 94.000000 1.798635 0.546591
 95.000000 1.848822 0.665605
 96.000000 1.817960 0.578098
 97.000000 1.886920 0.640710
 98.000000 1.936220 0.615794
 99.000000 1.802979 0.517421
 100.000000 1.739948 0.608232
 101.000000 1.742561 0.500496
 102.000000 1.783668 0.509300
 103.000000 1.794917 0.526324
 104.000000 1.829088 0.540712
 105.000000 1.710114 0.559575
 106.000000 1.820156 0.582718
 107.000000 1.708215 0.589154
 108.000000 1.731158 0.527058
 109.000000 1.784219 0.504812
 110.000000 1.758328 0.560333
 111.000000 1.785861 0.583331
 112.000000 1.805526 0.488941
 113.000000 1.845118 0.548447
 114.000000 1.869653 0.492981
 115.000000 1.833292 0.578224
 116.000000 1.709833 0.545762
 117.000000 1.723195 0.500473
 118.000000 1.844980 0.602665
 119.000000 1.724797 0.578785
 120.000000 1.823977 0.601671
 121.000000 1.794675 0.575006
 122.000000 1.803617 0.615069
 123.000000 1.795326 0.613857
 124.000000 1.840422 0.603473
 125.000000 1.754372 0.532280
 126.000000 1.676493 0.574302
 127.000000 1.761398 0.536125
 128.000000 1.728595 0.587366
 129.000000 1.732172 0.572940
 130.000000 1.741299 0.582008
 131.000000 1.813435 0.574550
 132.000000 1.762045 0.613257
 133.000000 1.771581 0.628439
 134.000000 1.718072 0.586784
 135.000000 1.726651 0.565348
 136.000000 1.783972 0.574519
 137.000000 1.734288 0.536316
 138.000000 1.879248 0.602663
 139.000000 1.721880 0.613295
 140.000000 1.715621 0.561179
 141.000000 1.773237 0.573300
 142.000000 1.772923 0.534365
 143.000000 1.832803 0.550414
 144.000000 1.774928 0.611525
 145.000000 1.724967 0.560337
 146.000000 1.698662 0.576495
 147.000000 1.624022 0.610976
 148.000000 1.822070 0.543598
 149.000000 1.868513 0.590320
 150.000000 1.806362 0.563300
 151.000000 1.768188 0.492825
 152.000000 1.699140 0.592614
 153.000000 1.702721 0.536155
 154.000000 1.813971 0.645608
 155.000000 1.809680 0.609982
 156.000000 1.733420 0.580862
 157.000000 1.786748 0.613713
 158.000000 1.908498 0.562333
 159.000000 1.770024 0.592605
 160.000000 1.790504 0.541703
 161.000000 1.756286 0.611613
 162.000000 1.727348 0.558608
 163.000000 1.725886 0.608337
 164.000000 1.858339 0.645715
 165.000000 1.671500 0.595013
 166.000000 1.728630 0.514217
 167.000000 1.783844 0.670815
 168.000000 1.926772 0.619757
 169.000000 1.757768 0.550084
 170.000000 1.774927 0.661006
 171.000000 1.857043 0.640707
 172.000000 1.802277 0.660045
 173.000000 1.812826 0.615724
 174.000000 1.805235 0.660997
 175.000000 1.773430 0.526595
 176.000000 1.976165 0.542999
 177.000000 1.664649 0.603163
 178.000000 1.802011 0.547760
 179.000000 1.659355 0.632370
 180.000000 1.650947 0.572305
 181.000000 1.695520 0.573191
 182.000000 1.786150 0.549290
 183.000000 1.775962 0.527888
 184.000000 1.793822 0.576832
 185.000000 1.675906 0.445698
 186.000000 1.827919 0.626100
 187.000000 1.688419 0.640827
 188.000000 1.790069 0.558577
 189.000000 1.829188 0.564428
 190.000000 1.737743 0.639268
 191.000000 1.656819 0.607128
 192.000000 1.812944 0.595129
 193.000000 1.819900 0.615101
 194.000000 1.699206 0.568009
 195.000000 1.725602 0.580040
 196.000000 1.710117 0.573966
 197.000000 1.806638 0.483022
 198.000000 1.812890 0.547464
 199.000000 1.805988 0.590221
 200.000000 1.846985 0.547989
 201.000000 1.768468 0.563767
 202.000000 1.861794 0.563168
 203.000000 1.743982 0.473824
 204.000000 1.762097 0.562843
 205.000000 1.782031 0.565802
 206.000000 1.825101 0.592523
 207.000000 1.882219 0.487316
 208.000000 1.891213 0.559366
 209.000000 1.869574 0.558591
 210.000000 1.774273 0.503336
 211.000000 1.782501 0.519355
 212.000000 1.825528 0.509382
 213.000000 1.782392 0.573650
 214.000000 1.851938 0.558482
 215.000000 1.844661 0.522474
 216.000000 1.790147 0.501666
 217.000000 1.715998 0.470286
 218.000000 1.740048 0.434409
 219.000000 1.848935 0.544283
 220.000000 1.856440 0.523732
 221.000000 1.903465 0.534676
 222.000000 1.829538 0.473969
 223.000000 1.760398 0.551355
 224.000000 1.840860 0.475473
 225.000000 1.793163 0.517075
 226.000000 1.751032 0.452782
 227.000000 1.815634 0.511172
 228.000000 1.829198 0.557546
 229.000000 1.776816 0.514912
 230.000000 1.847716 0.580634
 231.000000 1.758839 0.499041
 232.000000 1.780084 0.489255
 233.000000 1.824854 0.512932
 234.000000 1.892013 0.558142
 235.000000 1.820306 0.540865
 236.000000 1.781189 0.468209
 237.000000 1.736794 0.534137
 238.000000 1.787706 0.569389
 239.000000 1.857637 0.597077
 240.000000 1.896540 0.583628
 241.000000 1.793543 0.597646
 242.000000 1.760439 0.586005
 243.000000 1.797107 0.474020
 244.000000 1.701464 0.597871
 245.000000 1.950822 0.520663
 246.000000 1.746033 0.510555
 247.000000 1.743632 0.558343
 248.000000 1.781772 0.575957
 249.000000 1.750309 0.531028
 250.000000 1.722978 0.602583
 251.000000 1.795198 0.492990
 252.000000 1.733245 0.509852
 253.000000 1.787487 0.482803
 254.000000 1.740008 0.548715
 255.000000 1.802299 0.571297
 256.000000 1.815719 0.481640
 257.000000 1.747832 0.568129
 258.000000 1.735306 0.565585
 259.000000 1.783389 0.595635
 260.000000 1.737922 0.539300
 261.000000 1.818595 0.567718
 262.000000 1.698428 0.566846
 263.000000 1.757411 0.469159
 264.000000 1.848939 0.558781
 265.000000 1.727442 0.596937
 266.000000 1.782726 0.421035
 267.000000 1.697093 0.600919
 268.000000 1.752448 0.461502
 269.000000 1.810760 0.536690
 270.000000 1.772500 0.474632
 271.000000 1.770029 0.538534
 272.000000 1.777371 0.485275
 273.000000 1.712860 0.454251
 274.000000 1.778306 0.578679
 275.000000 1.743410 0.491566
 276.000000 1.667212 0.496077
 277.000000 1.760446 0.458789
 278.000000 1.731735 0.452527
 279.000000 1.839299 0.482130
 280.000000 1.931079 0.491658
 281.000000 1.914044 0.488922
 282.000000 1.808889 0.577852
 283.000000 1.804319 0.449204
 284.000000 1.752210 0.491570
 285.000000 1.891641 0.469997
 286.000000 1.732179 0.545593
 287.000000 1.840662 0.535006
 288.000000 1.822558 0.645647
 289.000000 1.785294 0.576595
 290.000000 1.850726 0.487543
 291.000000 1.836095 0.541231
 292.000000 1.790036 0.542579
 293.000000 1.745281 0.459050
 294.000000 1.851083 0.543920
 295.000000 1.782619 0.573199
 296.000000 1.772222 0.598473
 297.000000 1.712911 0.643769
 298.000000 1.770868 0.537661
 299.000000 1.676510 0.525169
 300.000000 1.842931 0.619510
 301.000000 1.706626 0.556379
 302.000000 1.749147 0.564303
 303.000000 1.873173 0.475967
 304.000000 1.767708 0.558932
 305.000000 1.826815 0.584725
 306.000000 1.835431 0.627229
 307.000000 1.708164 0.465876
 308.000000 1.685760 0.583678
 309.000000 1.846694 0.573965
 310.000000 1.760759 0.581276
 311.000000 1.882757 0.632974
 312.000000 1.897924 0.540416
 313.000000 1.853995 0.553264
 314.000000 1.832265 0.547410
 315.000000 1.734952 0.487021
 316.000000 1.762160 0.548825
 317.000000 1.800785 0.536543
 318.000000 1.743333 0.620073
 319.000000 1.790978 0.576337
 320.000000 1.838586 0.540321
 321.000000 1.829722 0.559660
 322.000000 1.754093 0.577380
 323.000000 1.738192 0.575731
 324.000000 1.803434 0.594442
 325.000000 1.688720 0.586292
 326.000000 1.703166 0.536393
 327.000000 1.707399 0.568265
 328.000000 1.815716 0.505380
 329.000000 1.846291 0.529366
 330.000000 1.757506 0.573396
 331.000000 1.827157 0.567797
 332.000000 1.772035 0.596820
 333.000000 1.781043 0.604632
 334.000000 1.902815 0.640616
 335.000000 1.755896 0.600295
 336.000000 1.911167 0.584670
 337.000000 1.826628 0.477942
 338.000000 1.742028 0.609000
 339.000000 1.769165 0.607645
 340.000000 1.750226 0.544341
 341.000000 1.767375 0.585683
 342.000000 1.803096 0.575842
 343.000000 1.806338 0.593187
 344.000000 1.804798 0.583323
 345.000000 1.708561 0.549728
 346.000000 1.774494 0.543654
 347.000000 1.821608 0.595702
 348.000000 1.821903 0.522773
 349.000000 1.775755 0.585773
 350.000000 1.774219 0.520417
 351.000000 1.795111 0.497670
 352.000000 1.787030 0.530768
 353.000000 1.807135 0.474524
 354.000000 1.774660 0.470990
 355.000000 1.843680 0.593907
 356.000000 1.842375 0.519378
 357.000000 1.895123 0.516239
 358.000000 1.857689 0.589346
 359.000000 1.806273 0.521389
 360.000000 1.830766 0.499470
 361.000000 1.794527 0.551799
 362.000000 1.887089 0.558975
 363.000000 1.923911 0.511569
 364.000000 1.811178 0.604552
 365.000000 1.744602 0.471231
 366.000000 1.816300 0.483698
 367.000000 1.824883 0.531338
 368.000000 1.765910 0.521336
 369.000000 1.710887 0.549394
 370.000000 1.775706 0.480374
 371.000000 1.772325 0.559653
 372.000000 1.852826 0.602392
 373.000000 1.821087 0.548909
 374.000000 1.809140 0.509967
 375.000000 1.837091 0.449004
 376.000000 1.810429 0.507915
 377.000000 1.735176 0.521975
 378.000000 1.773056 0.462044
 379.000000 1.789836 0.503129
 380.000000 1.746340 0.461536
 381.000000 1.760623 0.568294
 382.000000 1.742316 0.439234
 383.000000 1.789201 0.551615
 384.000000 1.737882 0.448264
 385.000000 1.835510 0.558979
 386.000000 1.827296 0.562741
 387.000000 1.908935 0.587435
 388.000000 1.768997 0.477036
 389.000000 1.814413 0.457001
 390.000000 1.677903 0.451728
 391.000000 1.867814 0.523827
 392.000000 1.755002 0.481159
 393.000000 1.834274 0.472424
 394.000000 1.861196 0.515261
 395.000000 1.806710 0.465290
 396.000000 1.855449 0.510843
 397.000000 1.877081 0.514238
 398.000000 1.809764 0.499695
 399.000000 1.869587 0.545346
 400.000000 1.769787 0.493273
 401.000000 1.845687 0.532370
 402.000000 1.830225 0.503355
 403.000000 1.902605 0.454677
 404.000000 1.705130 0.520305
 405.000000 1.730039 0.551370
 406.000000 1.768568 0.506307
 407.000000 1.708628 0.503360
 408.000000 1.756054 0.450628
 409.000000 1.890065 0.536457
 410.000000 1.781463 0.529523
 411.000000 1.802833 0.520433
 412.000000 1.849106 0.476032
 413.000000 1.849738 0.558746
 414.000000 1.851082 0.516008
 415.000000 1.800106 0.548980
 416.000000 1.895448 0.512594
 417.000000 1.878075 0.506544
 418.000000 1.866235 0.521229
 419.000000 1.700309 0.458601
 420.000000 1.811266 0.512713
 421.000000 1.818842 0.542908
 422.000000 1.822067 0.555291
 423.000000 1.673009 0.489914
 424.000000 1.806679 0.538507
 425.000000 1.694620 0.492195
 426.000000 1.786926 0.591976
 427.000000 1.776274 0.531739
 428.000000 1.909305 0.465059
 429.000000 1.736991 0.581006
 430.000000 1.871666 0.480673
 431.000000 1.881072 0.474804
 432.000000 1.906260 0.433548
 433.000000 1.791718 0.518220
 434.000000 1.819427 0.555766
 435.000000 1.820159 0.525755
 436.000000 1.823316 0.511694
 437.000000 1.878817 0.545117
 438.000000 1.835932 0.520543
 439.000000 1.751572 0.562137
 440.000000 1.849078 0.493364
 441.000000 1.776658 0.578583
 442.000000 1.729840 0.560696
 443.000000 1.834686 0.473372
 444.000000 1.749635 0.496128
 445.000000 1.797029 0.450935
 446.000000 1.780016 0.457206
 447.000000 1.780099 0.444219
 448.000000 1.763825 0.531448
 449.000000 1.782101 0.535753
 450.000000 1.857525 0.592469
 451.000000 1.755752 0.420918
 452.000000 1.742030 0.495761
 453.000000 1.800085 0.592944
 454.000000 1.833457 0.551455
 455.000000 1.816384 0.554535
 456.000000 1.831452 0.579244
 457.000000 1.819287 0.485633
 458.000000 1.808675 0.639438
 459.000000 1.804331 0.538894
 460.000000 1.748142 0.539971
 461.000000 1.886286 0.500188
 462.000000 1.722626 0.571382
 463.000000 1.736834 0.482837
 464.000000 1.856679 0.453091
 465.000000 1.781835 0.499063
 466.000000 1.863553 0.569112
 467.000000 1.867674 0.506053
 468.000000 1.802493 0.470841
 469.000000 1.814360 0.561386
 470.000000 1.828393 0.544032
 471.000000 1.746052 0.570101
 472.000000 1.838789 0.581575
 473.000000 1.845469 0.572802
 474.000000 1.916186 0.564262
 475.000000 1.786373 0.501112
 476.000000 1.916243 0.510292
 477.000000 1.831804 0.498755
 478.000000 1.844407 0.564425
 479.000000 1.827577 0.488808
 480.000000 1.816038 0.453777
 481.000000 1.779652 0.530656
 482.000000 1.878349 0.507134
 483.000000 1.804812 0.507729
 484.000000 1.841280 0.591995
 485.000000 1.749941 0.542984
 486.000000 1.798372 0.679835
 487.000000 1.808371 0.551045
 488.000000 1.776625 0.491469
 489.000000 1.741125 0.558143
 490.000000 1.791996 0.470948
 491.000000 1.724418 0.487407
 492.000000 1.659274 0.532172
 493.000000 1.870506 0.530865
 494.000000 1.691152 0.503691
 495.000000 1.800811 0.494564
 496.000000 1.800010 0.593661
 497.000000 1.833216 0.553945
 498.000000 1.862042 0.475569
 499.000000 1.816151 0.567653
 500.000000 1.822210 0.636417
 501.000000 1.871779 0.608322
 502.000000 1.694711 0.615158
 503.000000 1.759680 0.531372
 504.000000 1.777975 0.555538
 505.000000 1.762008 0.440377
 506.000000 1.791598 0.523924
 507.000000 1.751170 0.613358
 508.000000 1.781571 0.565607
 509.000000 1.826090 0.526622
 510.000000 1.710890 0.592343
 511.000000 1.841501 0.591449
 512.000000 1.744720 0.567961
 513.000000 1.693890 0.574267
 514.000000 1.764976 0.585084
 515.000000 1.879778 0.611025
 516.000000 1.741587 0.503495
 517.000000 1.784186 0.518696
 518.000000 1.751524 0.467354
 519.000000 1.908527 0.473806
 520.000000 1.828375 0.494871
 521.000000 1.783951 0.509156
 522.000000 1.865308 0.488297
 523.000000 1.842846 0.498158
 524.000000 1.799136 0.584771
 525.000000 1.799446 0.553680
 526.000000 1.783444 0.534691
 527.000000 1.754490 0.482242
 528.000000 1.920085 0.503397
 529.000000 1.722026 0.498683
 530.000000 1.799544 0.500820
 531.000000 1.798574 0.435163
 532.000000 1.822618 0.573704
 533.000000 1.934758 0.469665
 534.000000 1.806567 0.532544
 535.000000 1.783460 0.525695
 536.000000 1.810399 0.574118
 537.000000 1.821011 0.536373
 538.000000 1.755952 0.558456
 539.000000 1.786369 0.543023
 540.000000 1.688618 0.481874
 541.000000 1.785102 0.517815
 542.000000 1.736974 0.496382
 543.000000 1.805869 0.502873
 544.000000 1.807668 0.552433
 545.000000 1.712718 0.494268
 546.000000 1.778473 0.467720
 547.000000 1.749397 0.479977
 548.000000 1.753823 0.454905
 549.000000 1.755094 0.458732
 550.000000 1.726476 0.422817
 551.000000 1.827822 0.540872
 552.000000 1.643593 0.470006
 553.000000 1.900006 0.558591
 554.000000 1.803784 0.491986
 555.000000 1.728556 0.564039
 556.000000 1.803118 0.556393
 557.000000 1.774698 0.491574
 558.000000 1.839768 0.469028
 559.000000 1.849415 0.468200
 560.000000 1.800309 0.509401
 561.000000 1.834283 0.489485
 562.000000 1.713220 0.562637
 563.000000 1.834718 0.531671
 564.000000 1.847362 0.495129
 565.000000 1.788613 0.491562
 566.000000 1.927993 0.643054
 567.000000 1.889233 0.555501
 568.000000 1.847899 0.594461
 569.000000 1.724355 0.558123
 570.000000 1.745655 0.593988
 571.000000 1.847936 0.469703
 572.000000 1.811767 0.529985
 573.000000 1.810145 0.465355
 574.000000 1.748030 0.564622
 575.000000 1.793179 0.520077
 576.000000 1.824469 0.623324
 577.000000 1.795958 0.547891
 578.000000 1.885841 0.526640
 579.000000 1.794168 0.588605
 580.000000 1.858263 0.445408
 581.000000 1.775811 0.521525
 582.000000 1.749534 0.505185
 583.000000 1.762433 0.477082
 584.000000 1.843643 0.552546
 585.000000 1.939929 0.605254
 586.000000 1.642175 0.626006
 587.000000 1.780703 0.577490
 588.000000 1.690004 0.508538
 589.000000 1.736966 0.516193
 590.000000 1.765676 0.506497
 591.000000 1.734652 0.486451
 592.000000 1.779578 0.566757
 593.000000 1.795713 0.566966
 594.000000 1.853806 0.560816
 595.000000 1.697670 0.481944
 596.000000 1.703557 0.525061
 597.000000 1.743753 0.517077
 598.000000 1.747942 0.495694
 599.000000 1.757867 0.493587
 600.000000 1.741678 0.458802
 601.000000 1.833744 0.607786
 602.000000 1.744410 0.545858
 603.000000 1.840345 0.504108
 604.000000 1.834096 0.603460
 605.000000 1.825965 0.508337
 606.000000 1.848375 0.565538
 607.000000 1.802889 0.612433
 608.000000 1.883718 0.538112
 609.000000 1.802453 0.603938
 610.000000 1.826672 0.589908
 611.000000 1.748057 0.527775
 612.000000 1.838398 0.543596
 613.000000 1.643748 0.554616
 614.000000 1.773142 0.624368
 615.000000 1.823987 0.506052
 616.000000 1.879827 0.558639
 617.000000 1.806929 0.591307
 618.000000 1.882041 0.586021
 619.000000 1.791702 0.602753
 620.000000 1.708130 0.501063
 621.000000 1.867659 0.558027
 622.000000 1.802446 0.585034
 623.000000 1.811661 0.594146
 624.000000 1.743646 0.598641
 625.000000 1.758977 0.482286
 626.000000 1.706213 0.622980
 627.000000 1.785760 0.558466
 628.000000 1.888672 0.669253
 629.000000 1.676752 0.570220
 630.000000 1.735085 0.560081
 631.000000 1.784688 0.589007
 632.000000 1.853659 0.522270
 633.000000 1.849169 0.542077
 634.000000 1.709202 0.450710
 635.000000 1.757381 0.411260
 636.000000 1.701196 0.553299
 637.000000 1.809203 0.394189
 638.000000 1.772121 0.485047
 639.000000 1.913933 0.428550
 640.000000 1.721935 0.378637
 641.000000 1.890575 0.452006
 642.000000 1.800133 0.435252
 643.000000 1.895805 0.441606
 644.000000 1.758946 0.520535
 645.000000 1.791034 0.547709
 646.000000 1.794554 0.549326
 647.000000 1.898935 0.499702
 648.000000 1.824026 0.520305
 649.000000 1.843996 0.563807
 650.000000 1.771208 0.530878
 651.000000 1.798694 0.484255
 652.000000 1.782339 0.435742
 653.000000 1.843677 0.530767
 654.000000 1.775182 0.437937
 655.000000 1.846193 0.498775
 656.000000 1.775547 0.528127
 657.000000 1.848306 0.493824
 658.000000 1.838462 0.557492
 659.000000 1.915772 0.536906
 660.000000 1.800457 0.495305
 661.000000 1.773599 0.600203
 662.000000 1.786030 0.472450
 663.000000 1.912284 0.543505
 664.000000 1.793031 0.599964
 665.000000 1.732216 0.563646
 666.000000 1.758612 0.560475
 667.000000 1.731788 0.577737
 668.000000 1.825211 0.512908
 669.000000 1.759829 0.578559
 670.000000 1.841092 0.519095
 671.000000 1.847382 0.457674
 672.000000 1.793915 0.526572
 673.000000 1.786707 0.498679
 674.000000 1.887881 0.475112
 675.000000 1.728832 0.545911
 676.000000 1.742519 0.583589
 677.000000 1.931453 0.491156
 678.000000 1.763574 0.565380
 679.000000 1.760721 0.504723
 680.000000 1.841039 0.555385
 681.000000 1.836993 0.517922
 682.000000 1.881863 0.517119
 683.000000 1.826065 0.497169
 684.000000 1.722126 0.483852
 685.000000 1.689812 0.437819
 686.000000 1.809734 0.523171
 687.000000 1.698056 0.514215
 688.000000 1.710441 0.506929
 689.000000 1.736721 0.517324
 690.000000 1.748693 0.580124
 691.000000 1.871503 0.533498
 692.000000 1.873959 0.534575
 693.000000 1.856638 0.523554
 694.000000 1.797147 0.508245
 695.000000 1.793322 0.571556
 696.000000 1.714399 0.575253
 697.000000 1.738551 0.560622
 698.000000 1.875326 0.549177
 699.000000 1.671784 0.550803
 700.000000 1.734649 0.530986
 701.000000 1.751143 0.583773
 702.000000 1.757996 0.559094
 703.000000 1.849057 0.525167
 704.000000 1.754726 0.576587
 705.000000 1.851812 0.552825
 706.000000 1.785896 0.575415
 707.000000 1.795046 0.591549
 708.000000 1.802006 0.430610
 709.000000 1.798366 0.477004
 710.000000 1.766682 0.556095
 711.000000 1.868764 0.538774
 712.000000 1.755704 0.559083
 713.000000 1.730886 0.591560
 714.000000 1.741577 0.508489
 715.000000 1.851559 0.508007
 716.000000 1.803668 0.437186
 717.000000 1.851995 0.497922
 718.000000 1.865735 0.485802
 719.000000 1.822932 0.442806
 720.000000 1.882566 0.487962
 721.000000 1.852030 0.485635
 722.000000 1.839948 0.550366
 723.000000 1.875104 0.479723
 724.000000 1.894373 0.524420
 725.000000 1.707645 0.506079
 726.000000 1.698992 0.533284
 727.000000 1.756532 0.648351
 728.000000 1.823441 0.512836
 729.000000 1.832113 0.520174
 730.000000 1.729903 0.529159
 731.000000 1.786364 0.524858
 732.000000 1.817265 0.616027
 733.000000 1.829868 0.500436
 734.000000 1.688800 0.411356
 735.000000 1.878519 0.532943
 736.000000 1.755668 0.413072
 737.000000 1.928642 0.507616
 738.000000 1.861370 0.529378
 739.000000 1.914894 0.475292
 740.000000 1.848956 0.579252
 741.000000 1.820363 0.581313
 742.000000 1.928667 0.506282
 743.000000 1.982815 0.498389
 744.000000 1.908809 0.603561
 745.000000 1.956169 0.532050
 746.000000 1.776173 0.565574
 747.000000 1.934054 0.530268
 748.000000 1.752186 0.476131
 749.000000 1.957344 0.604959
 750.000000 1.777788 0.469467
 751.000000 1.762188 0.467967
 752.000000 1.821144 0.469598
 753.000000 1.805000 0.442934
 754.000000 1.855499 0.410800
 755.000000 1.849809 0.560373
 756.000000 1.848217 0.452197
 757.000000 1.871993 0.519950
 758.000000 1.838193 0.523282
 759.000000 1.780963 0.493650
 760.000000 1.831884 0.519313
 761.000000 1.858861 0.533477
 762.000000 1.713515 0.564671
 763.000000 1.808777 0.519268
 764.000000 1.773262 0.448008
 765.000000 1.797824 0.507062
 766.000000 1.758808 0.493909
 767.000000 1.736563 0.551034
 768.000000 1.826277 0.436878
 769.000000 1.764025 0.554045
 770.000000 1.676670 0.521053
 771.000000 1.840613 0.440926
 772.000000 1.751281 0.516694
 773.000000 1.833445 0.461302
 774.000000 1.804312 0.520558
 775.000000 1.813580 0.440506
 776.000000 1.767749 0.581352
 777.000000 1.801751 0.490839
 778.000000 1.819106 0.518254
 779.000000 1.753853 0.496785
 780.000000 1.830691 0.571930
 781.000000 1.829982 0.436141
 782.000000 1.714994 0.560623
 783.000000 1.861488 0.527128
 784.000000 1.806326 0.525623
 785.000000 1.816974 0.506336
 786.000000 1.833009 0.502332
 787.000000 1.706311 0.558889
 788.000000 1.733696 0.507484
 789.000000 1.802645 0.607169
 790.000000 1.877728 0.574256
 791.000000 1.790608 0.610339
 792.000000 1.773097 0.588115
 793.000000 1.862889 0.498654
 794.000000 1.815466 0.578550
 795.000000 1.860898 0.672729
 796.000000 1.738245 0.581533
 797.000000 1.808372 0.641565
 798.000000 1.932020 0.575397
 799.000000 1.838514 0.597253
 800.000000 1.796058 0.590040
 801.000000 1.780432 0.575674
 802.000000 1.835080 0.569723
 803.000000 1.833350 0.607237
 804.000000 1.808829 0.493949
 805.000000 1.766939 0.481419
 806.000000 1.709967 0.555929
 807.000000 1.827951 0.525278
 808.000000 1.926691 0.472665
 809.000000 1.704616 0.503923
 810.000000 1.793230 0.484537
 811.000000 1.744925 0.548954
 812.000000 1.847701 0.566097
 813.000000 1.727303 0.552271
 814.000000 1.728484 0.557758
 815.000000 1.773804 0.501037
 816.000000 1.746923 0.527721
 817.000000 1.806377 0.573766
 818.000000 1.715503 0.585762
 819.000000 1.742529 0.474791
 820.000000 1.841806 0.533017
 821.000000 1.792744 0.553347
 822.000000 1.771178 0.491497
 823.000000 1.744221 0.504920
 824.000000 1.692920 0.477395
 825.000000 1.860246 0.463691
 826.000000 1.686463 0.425904
 827.000000 1.781022 0.462052
 828.000000 1.852451 0.492279
 829.000000 1.910561 0.444996
 830.000000 1.850430 0.470876
 831.000000 1.981618 0.495731
 832.000000 1.809722 0.590531
 833.000000 1.786467 0.534723
 834.000000 1.878082 0.514352
 835.000000 1.849323 0.478391
 836.000000 1.866328 0.500315
 837.000000 1.850560 0.521516
 838.000000 1.908661 0.554656
 839.000000 1.758496 0.516880
 840.000000 1.806028 0.427423
 841.000000 1.851020 0.505186
 842.000000 1.755743 0.483734
 843.000000 1.873373 0.507150
 844.000000 1.844722 0.474248
 845.000000 1.893969 0.492374
 846.000000 1.785726 0.515026
 847.000000 1.788069 0.589012
 848.000000 1.723543 0.535528
 849.000000 1.817768 0.504169
 850.000000 1.855312 0.539980
 851.000000 1.885073 0.541963
 852.000000 1.700649 0.576564
 853.000000 1.903861 0.598811
 854.000000 1.868031 0.502357
 855.000000 1.804264 0.563212
 856.000000 1.751043 0.582031
 857.000000 1.731375 0.645177
 858.000000 1.863493 0.536880
 859.000000 1.821365 0.485723
 860.000000 1.810146 0.471256
 861.000000 1.793520 0.510350
 862.000000 1.766347 0.502224
 863.000000 1.874809 0.468757
 864.000000 1.818098 0.495469
 865.000000 1.885008 0.600571
 866.000000 1.718467 0.530028
 867.000000 1.889199 0.590443
 868.000000 1.797698 0.561826
 869.000000 1.801546 0.521116
 870.000000 1.742306 0.554280
 871.000000 1.813187 0.500915
 872.000000 1.832140 0.563739
 873.000000 1.886640 0.521372
 874.000000 1.707033 0.491141
 875.000000 1.847930 0.560258
 876.000000 1.754733 0.506980
 877.000000 1.818241 0.534167
 878.000000 1.922505 0.477758
 879.000000 1.861035 0.533140
 880.000000 1.912886 0.524083
 881.000000 1.921486 0.473860
 882.000000 1.808937 0.527392
 883.000000 1.845773 0.510939
 884.000000 1.892854 0.518549
 885.000000 1.889486 0.518249
 886.000000 1.844259 0.439735
 887.000000 1.888202 0.505956
 888.000000 1.759477 0.519516
 889.000000 1.846693 0.548227
 890.000000 1.819973 0.416549
 891.000000 1.805227 0.457723
 892.000000 1.856367 0.459210
 893.000000 1.806585 0.493333
 894.000000 1.810653 0.421252
 895.000000 1.769235 0.572425
 896.000000 1.796052 0.501556
 897.000000 1.893136 0.501654
 898.000000 1.743109 0.500459
 899.000000 1.764486 0.576042
 900.000000 1.711763 0.607291
 901.000000 1.763948 0.613014
 902.000000 1.732959 0.575714
 903.000000 1.670462 0.649203
 904.000000 1.680910 0.613009
 905.000000 1.704196 0.591107
 906.000000 1.676365 0.580603
 907.000000 1.714547 0.568566
 908.000000 1.876260 0.603068
 909.000000 1.833311 0.607772
 910.000000 1.923314 0.585455
 911.000000 1.971817 0.523648
 912.000000 1.926755 0.519837
 913.000000 1.889585 0.552004
 914.000000 1.878369 0.527467
 915.000000 1.835774 0.640369
 916.000000 1.922356 0.549640
 917.000000 1.777912 0.595325
 918.000000 1.846160 0.554007
 919.000000 1.703170 0.490811
 920.000000 1.822294 0.542773
 921.000000 1.758969 0.569295
 922.000000 1.841782 0.519832
 923.000000 1.847603 0.516844
 924.000000 1.806431 0.475473
 925.000000 1.781201 0.560550
 926.000000 1.760816 0.475742
 927.000000 1.661331 0.494556
 928.000000 1.660004 0.573151
 929.000000 1.642049 0.539542
 930.000000 1.718972 0.542870
 931.000000 1.728510 0.461164
 932.000000 1.829729 0.508673
 933.000000 1.809262 0.534360
 934.000000 1.801567 0.479087
 935.000000 1.850445 0.533694
 936.000000 1.822415 0.456670
 937.000000 1.823458 0.490853
 938.000000 1.795207 0.486878
 939.000000 1.720908 0.582460
 940.000000 1.744840 0.546177
 941.000000 1.843915 0.519650
 942.000000 1.855241 0.542971
 943.000000 1.758132 0.503196
 944.000000 1.904794 0.580486
 945.000000 1.859257 0.545927
 946.000000 1.814127 0.557494
 947.000000 1.869583 0.547610
 948.000000 1.787640 0.567592
 949.000000 1.813951 0.547521
 950.000000 1.906207 0.437930
 951.000000 1.783708 0.547287
 952.000000 1.900722 0.510579
 953.000000 1.852553 0.562891
 954.000000 1.790007 0.551807
 955.000000 1.773302 0.539218
 956.000000 1.670700 0.514939
 957.000000 1.795509 0.565201
 958.000000 1.906861 0.569136
 959.000000 1.889672 0.604838
 960.000000 1.899338 0.625470
 961.000000 1.915332 0.548398
 962.000000 1.938498 0.467283
 963.000000 1.773534 0.573128
 964.000000 1.824654 0.478877
 965.000000 1.664813 0.589654
 966.000000 1.794629 0.492566
 967.000000 1.833289 0.542855
 968.000000 1.699591 0.534289
 969.000000 1.693111 0.581059
 970.000000 1.700007 0.624432
 971.000000 1.735172 0.566839
 972.000000 1.702049 0.581560
 973.000000 1.851800 0.533521
 974.000000 1.689256 0.566409
 975.000000 1.778514 0.551108
 976.000000 1.724367 0.475929
 977.000000 1.755819 0.526601
 978.000000 1.693294 0.508932
 979.000000 1.814404 0.523926
 980.000000 1.775568 0.588988
 981.000000 1.718800 0.545899
 982.000000 1.745015 0.450387
 983.000000 1.727928 0.486095
 984.000000 1.719026 0.477726
 985.000000 1.790703 0.531535
 986.000000 1.739183 0.485326
 987.000000 1.856712 0.569728
 988.000000 1.877419 0.531412
 989.000000 1.782075 0.488822
 990.000000 1.752467 0.493370
 991.000000 1.791709 0.477635
 992.000000 1.915740 0.469102
 993.000000 1.734127 0.632132
 994.000000 1.802613 0.368204
 995.000000 1.804904 0.487731
 996.000000 1.943381 0.400808
 997.000000 1.869222 0.517038
 998.000000 1.812236 0.447410
 999.000000 1.786054 0.445449
 1000.000000 1.752656 0.559605
 1001.000000 1.808955 0.438870
 1002.000000 1.614053 0.495799
 1003.000000 1.777104 0.516111
 1004.000000 1.827971 0.549632
 1005.000000 1.778353 0.575015
 1006.000000 1.774225 0.422216
 1007.000000 1.757000 0.578241
 1008.000000 1.740049 0.524237
 1009.000000 1.731200 0.594035
 1010.000000 1.769973 0.573524
 1011.000000 1.687960 0.568497
 1012.000000 1.768889 0.534825
 1013.000000 1.813656 0.631040
 1014.000000 1.754164 0.553439
 1015.000000 1.768100 0.533693
 1016.000000 1.782256 0.645201
 1017.000000 1.646163 0.564944
 1018.000000 1.710253 0.563402
 1019.000000 1.687530 0.510165
 1020.000000 1.744119 0.522269
 1021.000000 1.767582 0.534983
 1022.000000 1.764794 0.562229
 1023.000000 1.752007 0.692421
 1024.000000 1.878546 0.659313
 1025.000000 1.711481 0.685120
 1026.000000 1.824068 0.546972
 1027.000000 1.827989 0.550414
 1028.000000 1.780558 0.562316
 1029.000000 1.800339 0.605559
 1030.000000 1.830633 0.652872
 1031.000000 1.840210 0.621531
 1032.000000 1.900742 0.548671
 1033.000000 1.764162 0.545253
 1034.000000 1.665286 0.625027
 1035.000000 1.699154 0.628447
 1036.000000 1.811243 0.583253
 1037.000000 1.756031 0.640958
 1038.000000 1.836604 0.520516
 1039.000000 1.749662 0.591594
 1040.000000 1.776905 0.606926
 1041.000000 1.709188 0.629587
 1042.000000 1.887557 0.585866
 1043.000000 1.810925 0.553119
 1044.000000 1.814111 0.521755
 1045.000000 1.866470 0.574905
 1046.000000 1.750243 0.504835
 1047.000000 1.699041 0.467181
 1048.000000 1.844277 0.558461
 1049.000000 1.742236 0.426386
 1050.000000 1.757840 0.499818
 1051.000000 1.776292 0.508139
 1052.000000 1.723283 0.551793
 1053.000000 1.677468 0.556594
 1054.000000 1.820329 0.524375
 1055.000000 1.746628 0.579660
 1056.000000 1.847911 0.512801
 1057.000000 1.890027 0.569989
 1058.000000 1.793503 0.512337
 1059.000000 1.800020 0.538402
 1060.000000 1.733998 0.663680
 1061.000000 1.747101 0.565673
 1062.000000 1.834997 0.568755
 1063.000000 1.843671 0.601081
 1064.000000 1.766721 0.509313
 1065.000000 1.840802 0.456030
 1066.000000 1.704022 0.554616
 1067.000000 1.813377 0.456927
 1068.000000 1.767225 0.525513
 1069.000000 1.802102 0.452855
 1070.000000 1.815367 0.448131
 1071.000000 1.792601 0.509331
 1072.000000 1.806746 0.556809
 1073.000000 1.737859 0.456340
 1074.000000 1.785252 0.493454
 1075.000000 1.854348 0.443514
 1076.000000 1.729056 0.514333
 1077.000000 1.728823 0.559882
 1078.000000 1.809466 0.469498
 1079.000000 1.848650 0.569299
 1080.000000 1.717847 0.543533
 1081.000000 1.854867 0.545799
 1082.000000 1.729158 0.484722
 1083.000000 1.671096 0.526950
 1084.000000 1.778337 0.503532
 1085.000000 1.704299 0.559726
 1086.000000 1.753825 0.550314
 1087.000000 1.750867 0.492645
 1088.000000 1.729753 0.576136
 1089.000000 1.828917 0.555192
 1090.000000 1.843831 0.438986
 1091.000000 1.793336 0.609142
 1092.000000 1.842691 0.490863
 1093.000000 1.795857 0.474425
 1094.000000 1.811472 0.491470
 1095.000000 1.801700 0.447495
 1096.000000 1.762021 0.483811
 1097.000000 1.891766 0.500084
 1098.000000 1.743552 0.472770
 1099.000000 1.876139 0.498870
 1100.000000 1.829114 0.515079
 1101.000000 1.780041 0.450843
 1102.000000 1.906962 0.431638
 1103.000000 1.740488 0.491304
 1104.000000 1.870749 0.398098
 1105.000000 1.815597 0.442904
 1106.000000 1.771761 0.468793
 1107.000000 1.851259 0.447312
 1108.000000 1.786539 0.525763
 1109.000000 1.697013 0.477363
 1110.000000 1.756014 0.556073
 1111.000000 1.907163 0.543431
 1112.000000 1.825334 0.493247
 1113.000000 1.757033 0.591130
 1114.000000 1.778338 0.529245
 1115.000000 1.723616 0.504390
 1116.000000 1.688008 0.538975
 1117.000000 1.756220 0.570359
 1118.000000 1.773557 0.610676
 1119.000000 1.759580 0.561695
 1120.000000 1.729764 0.541860
 1121.000000 1.743803 0.590921
 1122.000000 1.796253 0.480583
 1123.000000 1.760063 0.517338
 1124.000000 1.829221 0.601001
 1125.000000 1.824493 0.519756
 1126.000000 1.789940 0.562314
 1127.000000 1.772605 0.635425
 1128.000000 1.715167 0.507561
 1129.000000 1.742988 0.577436
 1130.000000 1.766186 0.595524
 1131.000000 1.738453 0.558739
 1132.000000 1.778047 0.552310
 1133.000000 1.873363 0.462563
 1134.000000 1.695114 0.522594
 1135.000000 1.797339 0.613200
 1136.000000 1.725172 0.586916
 1137.000000 1.763824 0.549222
 1138.000000 1.778890 0.634190
 1139.000000 1.773993 0.564724
 1140.000000 1.801454 0.463305
 1141.000000 1.744979 0.483478
 1142.000000 1.801556 0.450210
 1143.000000 1.689006 0.442061
 1144.000000 1.828236 0.491320
 1145.000000 1.815111 0.452431
 1146.000000 1.666040 0.446491
 1147.000000 1.647513 0.534828
 1148.000000 1.548339 0.481375
 1149.000000 1.759569 0.519965
 1150.000000 1.813993 0.488998
 1151.000000 1.752364 0.488190
 1152.000000 1.605817 0.417776
 1153.000000 1.683181 0.553734
 1154.000000 1.638736 0.455654
 1155.000000 1.637507 0.504224
 1156.000000 1.753287 0.630244
 1157.000000 1.677568 0.409519
 1158.000000 1.738199 0.430534
 1159.000000 1.665963 0.434289
 1160.000000 1.736533 0.534509
 1161.000000 1.821758 0.474149
 1162.000000 1.742761 0.411668
 1163.000000 1.785533 0.480946
 1164.000000 1.867397 0.513700
 1165.000000 1.644885 0.454574
 1166.000000 1.655378 0.421828
 1167.000000 1.683284 0.534620
 1168.000000 1.705156 0.507435
 1169.000000 1.682835 0.623148
 1170.000000 1.691642 0.476195
 1171.000000 1.809796 0.526730
 1172.000000 1.741350 0.497088
 1173.000000 1.767610 0.506497
 1174.000000 1.728417 0.536731
 1175.000000 1.821379 0.442008
 1176.000000 1.736439 0.503593
 1177.000000 1.759575 0.475358
 1178.000000 1.687557 0.512821
 1179.000000 1.795279 0.506703
 1180.000000 1.765789 0.537318
 1181.000000 1.762742 0.541352
 1182.000000 1.737081 0.480109
 1183.000000 1.818833 0.470296
 1184.000000 1.919795 0.490699
 1185.000000 1.739852 0.504356
 1186.000000 1.775092 0.509914
 1187.000000 1.745002 0.530410
 1188.000000 1.849193 0.494700
 1189.000000 1.748989 0.420398
 1190.000000 1.846611 0.490409
 1191.000000 1.794472 0.557523
 1192.000000 1.745828 0.496208
 1193.000000 1.718982 0.508903
 1194.000000 1.865610 0.553792
 1195.000000 1.737409 0.540836
 1196.000000 1.841984 0.507544
 1197.000000 1.775938 0.510137
 1198.000000 1.810860 0.524414
 1199.000000 1.733345 0.455048
 1200.000000 1.745719 0.456290
 1201.000000 1.815441 0.530121
 1202.000000 1.822641 0.552371
 1203.000000 1.893846 0.510987
 1204.000000 1.823197 0.491428
 1205.000000 1.828658 0.512282
 1206.000000 1.862808 0.554313
 1207.000000 1.813550 0.536194
 1208.000000 1.800473 0.530194
 1209.000000 1.831843 0.469261
 1210.000000 1.792234 0.521984
 1211.000000 1.756503 0.467519
 1212.000000 1.711955 0.510129
 1213.000000 1.822839 0.527884
 1214.000000 1.811875 0.572853
 1215.000000 1.739058 0.534901
 1216.000000 1.809316 0.557669
 1217.000000 1.854717 0.501986
 1218.000000 1.788793 0.577289
 1219.000000 1.854729 0.520744
 1220.000000 1.696438 0.507219
 1221.000000 1.770607 0.517207
 1222.000000 1.684848 0.492068
 1223.000000 1.751010 0.491193
 1224.000000 1.726415 0.553780
 1225.000000 1.775096 0.543852
 1226.000000 1.808260 0.592945
 1227.000000 1.619368 0.514314
 1228.000000 1.713383 0.555876
 1229.000000 1.704931 0.435057
 1230.000000 1.749498 0.480380
 1231.000000 1.705418 0.516940
 1232.000000 1.626711 0.485051
 1233.000000 1.683173 0.506673
 1234.000000 1.792990 0.569035
 1235.000000 1.648815 0.561866
 1236.000000 1.714446 0.541556
 1237.000000 1.740486 0.554015
 1238.000000 1.728814 0.500529
 1239.000000 1.703183 0.497175
 1240.000000 1.816996 0.574557
 1241.000000 1.767614 0.457936
 1242.000000 1.687400 0.503934
 1243.000000 1.721744 0.448371
 1244.000000 1.853610 0.475733
 1245.000000 1.855754 0.468467
 1246.000000 1.777979 0.459307
 1247.000000 1.683886 0.522765
 1248.000000 1.850976 0.421343
 1249.000000 1.831978 0.436426
 1250.000000 1.885750 0.607122
 1251.000000 1.812556 0.580712
 1252.000000 1.762199 0.506480
 1253.000000 1.670191 0.533422
 1254.000000 1.808345 0.528809
 1255.000000 1.820008 0.537306
 1256.000000 1.834693 0.515994
 1257.000000 1.838339 0.544174
 1258.000000 1.761950 0.581606
 1259.000000 1.865542 0.626412
 1260.000000 1.793041 0.572364
 1261.000000 1.829588 0.575945
 1262.000000 1.812654 0.552822
 1263.000000 1.876074 0.558750
 1264.000000 1.799471 0.551128
 1265.000000 1.810530 0.613777
 1266.000000 1.786551 0.546170
 1267.000000 1.845291 0.568520
 1268.000000 1.788577 0.542561
 1269.000000 1.842791 0.610097
 1270.000000 1.808657 0.543305
 1271.000000 1.893789 0.527735
 1272.000000 1.864522 0.620668
 1273.000000 1.788200 0.526384
 1274.000000 1.800082 0.582872
 1275.000000 1.856149 0.476635
 1276.000000 1.770855 0.544973
 1277.000000 1.758052 0.610569
 1278.000000 1.694079 0.570070
 1279.000000 1.773019 0.532701
 1280.000000 1.811489 0.551883
 1281.000000 1.645800 0.557004
 1282.000000 1.773918 0.561958
 1283.000000 1.783284 0.546141
 1284.000000 1.727380 0.607734
 1285.000000 1.741921 0.576534
 1286.000000 1.745705 0.681686
 1287.000000 1.906033 0.588225
 1288.000000 1.768171 0.563546
 1289.000000 1.674334 0.501096
 1290.000000 1.810307 0.519207
 1291.000000 1.827097 0.643761
 1292.000000 1.787491 0.558637
 1293.000000 1.727995 0.577761
 1294.000000 1.645154 0.539227
 1295.000000 1.829813 0.553033
 1296.000000 1.826562 0.559813
 1297.000000 1.879601 0.559223
 1298.000000 1.742255 0.496577
 1299.000000 1.811681 0.549231
 1300.000000 1.693320 0.551155
 1301.000000 1.763595 0.482043
 1302.000000 1.882245 0.520585
 1303.000000 1.704386 0.571425
 1304.000000 1.814189 0.489604
 1305.000000 1.631468 0.512937
 1306.000000 1.960280 0.448948
 1307.000000 1.791372 0.411840
 1308.000000 1.781833 0.473003
 1309.000000 1.856057 0.452374
 1310.000000 1.698184 0.540062
 1311.000000 1.735502 0.501486
 1312.000000 1.711071 0.448121
 1313.000000 1.791652 0.480053
 1314.000000 1.778383 0.484975
 1315.000000 1.750248 0.529716
 1316.000000 1.817983 0.478251
 1317.000000 1.692107 0.574071
 1318.000000 1.805231 0.481126
 1319.000000 1.983008 0.498859
 1320.000000 1.819603 0.485272
 1321.000000 1.799848 0.435696
 1322.000000 1.695885 0.559493
 1323.000000 1.752155 0.470382
 1324.000000 1.804461 0.501303
 1325.000000 1.719026 0.471074
 1326.000000 1.821393 0.510293
 1327.000000 1.781638 0.537941
 1328.000000 1.782281 0.515584
 1329.000000 1.772078 0.517879
 1330.000000 1.710715 0.503990
 1331.000000 1.741107 0.574369
 1332.000000 1.868990 0.487661
 1333.000000 1.824660 0.550135
 1334.000000 1.740817 0.479487
 1335.000000 1.829289 0.532050
 1336.000000 1.680875 0.466481
 1337.000000 1.697553 0.473811
 1338.000000 1.843941 0.511049
 1339.000000 1.745601 0.525496
 1340.000000 1.617696 0.441666
 1341.000000 1.738594 0.486336
 1342.000000 1.722632 0.451561
 1343.000000 1.813602 0.521643
 1344.000000 1.837315 0.507974
 1345.000000 1.723014 0.493482
 1346.000000 1.788381 0.487809
 1347.000000 1.735952 0.578006
 1348.000000 1.784713 0.515320
 1349.000000 1.777170 0.513525
 1350.000000 1.768007 0.571780
 1351.000000 1.745983 0.532622
 1352.000000 1.784660 0.594667
 1353.000000 1.780638 0.494151
 1354.000000 1.862753 0.485872
 1355.000000 1.912573 0.561324
 1356.000000 1.757753 0.481946
 1357.000000 1.739858 0.529162
 1358.000000 1.726431 0.573936
 1359.000000 1.819982 0.523642
 1360.000000 1.950153 0.581083
 1361.000000 1.743830 0.495831
 1362.000000 1.728769 0.508624
 1363.000000 1.752936 0.487729
 1364.000000 1.750852 0.575051
 1365.000000 1.721810 0.553197
 1366.000000 1.805870 0.599656
 1367.000000 1.738015 0.558099
 1368.000000 1.809641 0.502597
 1369.000000 1.656293 0.550398
 1370.000000 1.781855 0.521400
 1371.000000 1.863713 0.583134
 1372.000000 1.687970 0.593308
 1373.000000 1.725854 0.493037
 1374.000000 1.828666 0.566406
 1375.000000 1.752248 0.597428
 1376.000000 1.810278 0.547005
 1377.000000 1.724786 0.595089
 1378.000000 1.691648 0.542767
 1379.000000 1.822682 0.581642
 1380.000000 1.819268 0.515189
 1381.000000 1.718407 0.572442
 1382.000000 1.798968 0.543851
 1383.000000 1.804412 0.539220
 1384.000000 1.821758 0.531154
 1385.000000 1.732852 0.488517
 1386.000000 1.677737 0.497633
 1387.000000 1.715837 0.543515
 1388.000000 1.779827 0.475249
 1389.000000 1.698950 0.530169
 1390.000000 1.744028 0.582429
 1391.000000 1.785530 0.474527
 1392.000000 1.840584 0.456768
 1393.000000 1.824818 0.452385
 1394.000000 1.698410 0.597473
 1395.000000 1.695547 0.478038
 1396.000000 1.773583 0.516729
 1397.000000 1.745294 0.539711
 1398.000000 1.826420 0.514142
 1399.000000 1.857984 0.555247
 1400.000000 1.759783 0.474871
 1401.000000 1.780794 0.522459
 1402.000000 1.818448 0.574629
 1403.000000 1.855546 0.521280
 1404.000000 1.834877 0.509582
 1405.000000 1.754863 0.456019
 1406.000000 1.695941 0.439146
 1407.000000 1.723062 0.543463
 1408.000000 1.836780 0.567469
 1409.000000 1.856137 0.544649
 1410.000000 1.859768 0.558427
 1411.000000 1.751932 0.575082
 1412.000000 1.803687 0.566360
 1413.000000 1.837417 0.511381
 1414.000000 1.732027 0.508804
 1415.000000 1.763089 0.557458
 1416.000000 1.686253 0.548537
 1417.000000 1.710638 0.499772
 1418.000000 1.598605 0.547598
 1419.000000 1.657583 0.550018
 1420.000000 1.797441 0.518479
 1421.000000 1.745497 0.593777
 1422.000000 1.704741 0.430623
 1423.000000 1.788612 0.519120
 1424.000000 1.779898 0.515516
 1425.000000 1.725964 0.430211
 1426.000000 1.831466 0.487345
 1427.000000 1.857464 0.557198
 1428.000000 1.785857 0.354148
 1429.000000 1.698950 0.519602
 1430.000000 1.851070 0.420770
 1431.000000 1.804426 0.413915
 1432.000000 1.801916 0.393840
 1433.000000 1.882444 0.380502
 1434.000000 1.832608 0.532097
 1435.000000 1.713387 0.558539
 1436.000000 1.787060 0.521591
 1437.000000 1.824573 0.451567
 1438.000000 1.755509 0.467079
 1439.000000 1.688515 0.553334
 1440.000000 1.732239 0.488307
 1441.000000 1.745216 0.568073
 1442.000000 1.685548 0.507338
 1443.000000 1.824074 0.521388
 1444.000000 1.760377 0.494988
 1445.000000 1.756931 0.486419
 1446.000000 1.860324 0.548915
 1447.000000 1.739738 0.614409
 1448.000000 1.715333 0.526190
 1449.000000 1.872360 0.501073
 1450.000000 1.717023 0.566469
 1451.000000 1.886341 0.532102
 1452.000000 1.635905 0.485069
 1453.000000 1.746436 0.569047
 1454.000000 1.815140 0.528512
 1455.000000 1.827231 0.593539
 1456.000000 1.721529 0.510030
 1457.000000 1.781116 0.531644
 1458.000000 1.877458 0.535795
 1459.000000 1.778150 0.480883
 1460.000000 1.809056 0.512466
 1461.000000 1.703890 0.452776
 1462.000000 1.790472 0.480710
 1463.000000 1.742044 0.470577
 1464.000000 1.775053 0.488823
 1465.000000 1.795095 0.541430
 1466.000000 1.922020 0.548605
 1467.000000 1.821928 0.489052
 1468.000000 1.782105 0.549720
 1469.000000 1.797911 0.598528
 1470.000000 1.893610 0.530409
 1471.000000 1.739358 0.472027
 1472.000000 1.725474 0.573621
 1473.000000 1.795856 0.482064
 1474.000000 1.794650 0.498548
 1475.000000 1.817057 0.573414
 1476.000000 1.804501 0.579229
 1477.000000 1.740649 0.455492
 1478.000000 1.823691 0.431957
 1479.000000 1.795339 0.536318
 1480.000000 1.848625 0.566459
 1481.000000 1.788223 0.534273
 1482.000000 1.645775 0.516279
 1483.000000 1.685938 0.544651
 1484.000000 1.659891 0.602303
 1485.000000 1.715322 0.466496
 1486.000000 1.849803 0.517968
 1487.000000 1.778114 0.501109
 1488.000000 1.751749 0.559975
 1489.000000 1.812033 0.597727
 1490.000000 1.842668 0.599198
 1491.000000 1.740201 0.525942
 1492.000000 1.768983 0.596072
 1493.000000 1.813843 0.568096
 1494.000000 1.790534 0.545966
 1495.000000 1.959458 0.544871
 1496.000000 1.807313 0.528732
 1497.000000 1.777920 0.520042
 1498.000000 1.851522 0.629974
 1499.000000 1.836224 0.556202
 1500.000000 1.879397 0.589009
 1501.000000 1.744798 0.537372
 1502.000000 1.854338 0.513953
 1503.000000 1.677208 0.608248
 1504.000000 1.789200 0.626856
 1505.000000 1.695628 0.618073
 1506.000000 1.875817 0.551657
 1507.000000 1.737855 0.629482
 1508.000000 1.832649 0.640622
 1509.000000 1.730378 0.602100
 1510.000000 1.672680 0.633585
 1511.000000 1.762063 0.631034
 1512.000000 1.746972 0.607690
 1513.000000 1.768303 0.601211
 1514.000000 1.731600 0.516260
 1515.000000 1.754046 0.580466
 1516.000000 1.873666 0.648199
 1517.000000 1.786553 0.532547
 1518.000000 1.900660 0.503756
 1519.000000 1.706159 0.518760
 1520.000000 1.708207 0.542732
 1521.000000 1.823225 0.540811
 1522.000000 1.821344 0.489333
 1523.000000 1.823496 0.584534
 1524.000000 1.788045 0.527183
 1525.000000 1.818708 0.558870
 1526.000000 1.632780 0.487235
 1527.000000 1.744821 0.496099
 1528.000000 1.740218 0.440363
 1529.000000 1.726173 0.460215
 1530.000000 1.850876 0.499702
 1531.000000 1.787554 0.537578
 1532.000000 1.803475 0.539127
 1533.000000 1.714865 0.494761
 1534.000000 1.766122 0.418117
 1535.000000 1.761193 0.511285
 1536.000000 1.774604 0.501095
 1537.000000 1.867259 0.503445
 1538.000000 1.719128 0.510965
 1539.000000 1.743636 0.490144
 1540.000000 1.779435 0.479010
 1541.000000 1.837671 0.538486
 1542.000000 1.891466 0.500877
 1543.000000 1.825969 0.521164
 1544.000000 1.747348 0.471081
 1545.000000 1.712978 0.502098
 1546.000000 1.676149 0.456185
 1547.000000 1.803203 0.523814
 1548.000000 1.743830 0.511813
 1549.000000 1.817657 0.404116
 1550.000000 1.725303 0.558384
 1551.000000 1.813769 0.517202
 1552.000000 1.815372 0.520907
 1553.000000 1.749728 0.579147
 1554.000000 1.713976 0.437499
 1555.000000 1.696232 0.454950
 1556.000000 1.716303 0.500707
 1557.000000 1.741749 0.491401
 1558.000000 1.806907 0.558106
 1559.000000 1.749848 0.546057
 1560.000000 1.717038 0.589702
 1561.000000 1.864489 0.583434
 1562.000000 1.752693 0.600124
 1563.000000 1.901241 0.636435
 1564.000000 1.858600 0.556341
 1565.000000 1.779186 0.613635
 1566.000000 1.830459 0.557420
 1567.000000 1.696878 0.468877
 1568.000000 1.783999 0.598527
 1569.000000 1.724656 0.450662
 1570.000000 1.760770 0.546045
 1571.000000 1.672550 0.532309
 1572.000000 1.706927 0.550353
 1573.000000 1.740388 0.550735
 1574.000000 1.762941 0.477876
 1575.000000 1.781499 0.502744
 1576.000000 1.754785 0.454384
 1577.000000 1.682469 0.561026
 1578.000000 1.736387 0.556194
 1579.000000 1.917053 0.566628
 1580.000000 1.833420 0.486350
 1581.000000 1.775696 0.442696
 1582.000000 1.629985 0.458134
 1583.000000 1.829107 0.549078
 1584.000000 1.774759 0.500750
 1585.000000 1.769368 0.505212
 1586.000000 1.784424 0.495095
 1587.000000 1.816342 0.419638
 1588.000000 1.801281 0.546227
 1589.000000 1.773139 0.543257
 1590.000000 1.662230 0.507515
 1591.000000 1.728478 0.441365
 1592.000000 1.758318 0.413197
 1593.000000 1.764355 0.475937
 1594.000000 1.777129 0.463702
 1595.000000 2.001516 0.504174
 1596.000000 1.901615 0.441562
 1597.000000 1.820231 0.478271
 1598.000000 1.817211 0.475467
 1599.000000 1.697392 0.413291
 1600.000000 1.936692 0.347933
 1601.000000 1.765843 0.469627
 1602.000000 1.678962 0.447518
 1603.000000 1.738599 0.473152
 1604.000000 1.786715 0.552604
 1605.000000 1.859045 0.462158
 1606.000000 1.783915 0.537048
 1607.000000 1.801112 0.441868
 1608.000000 1.809593 0.470058
 1609.000000 1.789689 0.454343
 1610.000000 1.772266 0.458946
 1611.000000 1.773742 0.542920
 1612.000000 1.782210 0.496224
 1613.000000 1.795336 0.541324
 1614.000000 1.797665 0.525774
 1615.000000 1.766453 0.476880
 1616.000000 1.634721 0.543146
 1617.000000 1.735188 0.487096
 1618.000000 1.712339 0.501646
 1619.000000 1.845557 0.429472
 1620.000000 1.760392 0.417415
 1621.000000 1.781736 0.510585
 1622.000000 1.782811 0.445409
 1623.000000 1.796650 0.442229
 1624.000000 1.767571 0.417011
 1625.000000 1.753415 0.469096
 1626.000000 1.795788 0.539802
 1627.000000 1.769339 0.487611
 1628.000000 1.876224 0.416276
 1629.000000 1.781435 0.493608
 1630.000000 1.909152 0.461980
 1631.000000 1.844019 0.465901
 1632.000000 1.819372 0.468224
 1633.000000 1.775383 0.472605
 1634.000000 1.835050 0.491111
 1635.000000 1.887426 0.499785
 1636.000000 1.843335 0.560720
 1637.000000 1.765783 0.513260
 1638.000000 1.827867 0.391021
 1639.000000 1.820551 0.502656
 1640.000000 1.718735 0.515984
 1641.000000 1.738182 0.573348
 1642.000000 1.713598 0.524900
 1643.000000 1.819807 0.457257
 1644.000000 1.923794 0.522621
 1645.000000 1.853914 0.524598
 1646.000000 1.802419 0.533553
 1647.000000 1.860378 0.573828
 1648.000000 1.924698 0.541926
 1649.000000 1.787354 0.571469
 1650.000000 1.827171 0.528180
 1651.000000 1.819774 0.487139
 1652.000000 1.672768 0.460537
 1653.000000 1.753412 0.449875
 1654.000000 1.795204 0.544642
 1655.000000 1.886093 0.526727
 1656.000000 1.751287 0.533321
 1657.000000 1.856949 0.469588
 1658.000000 1.837700 0.502404
 1659.000000 1.742475 0.546450
 1660.000000 1.763645 0.584792
 1661.000000 1.722692 0.525676
 1662.000000 1.728470 0.437115
 1663.000000 1.704666 0.587509
 1664.000000 1.801109 0.580353
 1665.000000 1.715118 0.538124
 1666.000000 1.833836 0.554536
 1667.000000 1.801889 0.504968
 1668.000000 1.733653 0.515980
 1669.000000 1.728751 0.610981
 1670.000000 1.802098 0.516933
 1671.000000 1.762519 0.462383
 1672.000000 1.796028 0.566235
 1673.000000 1.785983 0.583383
 1674.000000 1.805328 0.457406
 1675.000000 1.822746 0.504223
 1676.000000 1.841710 0.543909
 1677.000000 1.772218 0.465782
 1678.000000 1.873836 0.457400
 1679.000000 1.873989 0.528825
 1680.000000 1.872673 0.475180
 1681.000000 1.886961 0.457598
 1682.000000 1.780323 0.513465
 1683.000000 1.832723 0.680146
 1684.000000 1.904376 0.559099
 1685.000000 1.865840 0.500647
 1686.000000 1.844622 0.540375
 1687.000000 1.858892 0.500966
 1688.000000 1.884537 0.488934
 1689.000000 1.880312 0.547949
 1690.000000 1.927215 0.425113
 1691.000000 1.774783 0.548145
 1692.000000 1.822539 0.548516
 1693.000000 1.880680 0.600337
 1694.000000 1.852375 0.481264
 1695.000000 1.795711 0.593173
 1696.000000 1.850273 0.578056
 1697.000000 1.817579 0.443531
 1698.000000 1.803234 0.493498
 1699.000000 1.842847 0.536491
 1700.000000 1.835538 0.492881
 1701.000000 1.809353 0.527271
 1702.000000 1.721917 0.453769
 1703.000000 1.830458 0.565771
 1704.000000 1.769099 0.627882
 1705.000000 1.746432 0.497907
 1706.000000 1.896395 0.517857
 1707.000000 1.763837 0.506162
 1708.000000 1.748494 0.537154
 1709.000000 1.763129 0.484303
 1710.000000 1.841870 0.526463
 1711.000000 1.778235 0.573157
 1712.000000 1.758108 0.513537
 1713.000000 1.764520 0.488891
 1714.000000 1.816387 0.534622
 1715.000000 1.876697 0.476033
 1716.000000 1.828888 0.427746
 1717.000000 1.876050 0.421097
 1718.000000 1.847553 0.450987
 1719.000000 1.718267 0.517333
 1720.000000 1.775876 0.568634
 1721.000000 1.790998 0.533217
 1722.000000 1.731379 0.612433
 1723.000000 1.876112 0.602219
 1724.000000 1.836812 0.559485
 1725.000000 1.757756 0.479371
 1726.000000 1.748061 0.546217
 1727.000000 1.764649 0.483936
 1728.000000 1.812921 0.472785
 1729.000000 1.857855 0.478512
 1730.000000 1.784785 0.444283
 1731.000000 1.869282 0.523416
 1732.000000 1.800000 0.530574
 1733.000000 1.803811 0.513000
 1734.000000 1.820841 0.572844
 1735.000000 1.880064 0.527652
 1736.000000 1.746576 0.493366
 1737.000000 1.780519 0.482371
 1738.000000 1.814618 0.466395
 1739.000000 1.756636 0.542881
 1740.000000 1.652450 0.467660
 1741.000000 1.682042 0.532729
 1742.000000 1.613724 0.532070
 1743.000000 1.843857 0.530207
 1744.000000 1.769566 0.460721
 1745.000000 1.718106 0.486240
 1746.000000 1.811022 0.447001
 1747.000000 1.720385 0.481754
 1748.000000 1.815061 0.482335
 1749.000000 1.762394 0.402162
 1750.000000 1.810893 0.507098
 1751.000000 1.769630 0.453527
 1752.000000 1.748875 0.507450
 1753.000000 1.784451 0.439878
 1754.000000 1.711140 0.448279
 1755.000000 1.817945 0.472302
 1756.000000 1.761076 0.444016
 1757.000000 1.834456 0.392151
 1758.000000 1.769584 0.524735
 1759.000000 1.812549 0.400818
 1760.000000 1.785749 0.454899
 1761.000000 1.755814 0.408473
 1762.000000 1.711620 0.534943
 1763.000000 1.749104 0.559422
 1764.000000 1.794956 0.486272
 1765.000000 1.829591 0.485580
 1766.000000 1.841829 0.478269
 1767.000000 1.764042 0.536529
 1768.000000 1.702065 0.519208
 1769.000000 1.822146 0.532183
 1770.000000 1.797013 0.484821
 1771.000000 1.807374 0.543281
 1772.000000 1.823625 0.512139
 1773.000000 1.804964 0.569283
 1774.000000 1.829664 0.471518
 1775.000000 1.918008 0.480134
 1776.000000 1.784311 0.591726
 1777.000000 1.799342 0.500794
 1778.000000 1.840096 0.589812
 1779.000000 1.875269 0.633820
 1780.000000 1.723135 0.594875
 1781.000000 1.823131 0.508258
 1782.000000 1.800992 0.509195
 1783.000000 1.755862 0.545262
 1784.000000 1.814163 0.527201
 1785.000000 1.826822 0.522921
 1786.000000 1.758681 0.473493
 1787.000000 1.791788 0.509257
 1788.000000 1.840033 0.520158
 1789.000000 1.687395 0.532376
 1790.000000 1.710451 0.522755
 1791.000000 1.646388 0.516561
 1792.000000 1.726654 0.496645
 1793.000000 1.639075 0.440402
 1794.000000 1.627016 0.492871
 1795.000000 1.795559 0.474393
 1796.000000 1.757374 0.499656
 1797.000000 1.746533 0.626739
 1798.000000 1.815627 0.589353
 1799.000000 1.764412 0.463167
 1800.000000 1.769846 0.520775
 1801.000000 1.740111 0.530597
 1802.000000 1.839266 0.553753
 1803.000000 1.751326 0.513533
 1804.000000 1.832286 0.600568
 1805.000000 1.806077 0.402710
 1806.000000 1.811903 0.522110
 1807.000000 1.826133 0.591129
 1808.000000 1.792451 0.583332
 1809.000000 1.662372 0.515549
 1810.000000 1.836140 0.464215
 1811.000000 1.756386 0.537691
 1812.000000 1.740725 0.632868
 1813.000000 1.819839 0.492822
 1814.000000 1.759950 0.580030
 1815.000000 1.718525 0.465305
 1816.000000 1.797243 0.603976
 1817.000000 1.731907 0.522690
 1818.000000 1.911645 0.495348
 1819.000000 1.793257 0.584456
 1820.000000 1.814054 0.484358
 1821.000000 1.747327 0.488536
 1822.000000 1.758223 0.538523
 1823.000000 1.845840 0.487188
 1824.000000 1.910287 0.474331
 1825.000000 1.891461 0.495302
 1826.000000 1.728137 0.526767
 1827.000000 1.802912 0.469164
 1828.000000 1.840665 0.391811
 1829.000000 1.856238 0.441190
 1830.000000 1.856836 0.444822
 1831.000000 1.735398 0.562789
 1832.000000 1.845496 0.501857
 1833.000000 1.844390 0.470829
 1834.000000 1.837507 0.452717
 1835.000000 1.702271 0.564159
 1836.000000 1.795155 0.597860
 1837.000000 1.677474 0.470749
 1838.000000 1.912151 0.553080
 1839.000000 1.765743 0.636059
 1840.000000 1.801298 0.606662
 1841.000000 1.678156 0.514654
 1842.000000 1.861999 0.504757
 1843.000000 1.735426 0.526753
 1844.000000 1.794571 0.524453
 1845.000000 1.847012 0.557392
 1846.000000 1.742591 0.571125
 1847.000000 1.732570 0.446110
 1848.000000 1.767075 0.566637
 1849.000000 1.816236 0.576432
 1850.000000 1.818801 0.512710
 1851.000000 1.703784 0.556927
 1852.000000 1.890987 0.678147
 1853.000000 1.809881 0.505852
 1854.000000 1.767262 0.479101
 1855.000000 1.724345 0.563383
 1856.000000 1.583974 0.540515
 1857.000000 1.697980 0.533191
 1858.000000 1.845529 0.500090
 1859.000000 1.825447 0.542101
 1860.000000 1.835351 0.490603
 1861.000000 1.773475 0.459370
 1862.000000 1.760693 0.515906
 1863.000000 1.789501 0.527311
 1864.000000 1.682836 0.497312
 1865.000000 1.738124 0.562216
 1866.000000 1.743961 0.569376
 1867.000000 1.723093 0.538882
 1868.000000 1.751729 0.541548
 1869.000000 1.840793 0.682069
 1870.000000 1.792358 0.514379
 1871.000000 1.861144 0.524538
 1872.000000 1.805202 0.553341
 1873.000000 1.890624 0.586964
 1874.000000 1.835634 0.489423
 1875.000000 1.757367 0.493629
 1876.000000 1.739710 0.566995
 1877.000000 1.925328 0.505311
 1878.000000 1.790437 0.496710
 1879.000000 1.766324 0.524339
 1880.000000 1.813866 0.504172
 1881.000000 1.710071 0.411580
 1882.000000 1.766088 0.498799
 1883.000000 1.753207 0.419700
 1884.000000 1.705629 0.526204
 1885.000000 1.858726 0.491258
 1886.000000 1.744660 0.471895
 1887.000000 1.723582 0.481609
 1888.000000 1.771611 0.540089
 1889.000000 1.906587 0.492812
 1890.000000 1.740410 0.454166
 1891.000000 1.821960 0.515775
 1892.000000 1.833036 0.519092
 1893.000000 1.873657 0.561089
 1894.000000 1.911836 0.472056
 1895.000000 1.897863 0.465693
 1896.000000 1.918821 0.620779
 1897.000000 1.717981 0.592438
 1898.000000 1.841971 0.469040
 1899.000000 1.793926 0.512716
 1900.000000 1.697943 0.571719
 1901.000000 1.737877 0.483089
 1902.000000 1.855981 0.485633
 1903.000000 1.798162 0.439795
 1904.000000 1.725003 0.593583
 1905.000000 1.703563 0.513479
 1906.000000 1.755254 0.467538
 1907.000000 1.749096 0.504186
 1908.000000 1.807926 0.545015
 1909.000000 1.890709 0.536275
 1910.000000 1.881115 0.557773
 1911.000000 1.702472 0.526816
 1912.000000 1.773434 0.598259
 1913.000000 1.760993 0.500561
 1914.000000 1.756883 0.583134
 1915.000000 1.768895 0.579000
 1916.000000 1.738710 0.486240
 1917.000000 1.709758 0.475161
 1918.000000 1.809131 0.555016
 1919.000000 1.846930 0.400941
 1920.000000 1.762826 0.485784
 1921.000000 1.843752 0.516536
 1922.000000 1.802490 0.587072
 1923.000000 1.762954 0.588386
 1924.000000 1.719818 0.451066
 1925.000000 1.784443 0.578919
 1926.000000 1.814019 0.528397
 1927.000000 1.899624 0.619360
 1928.000000 1.810314 0.592472
 1929.000000 1.788800 0.615912
 1930.000000 1.598273 0.554501
 1931.000000 1.777951 0.547670
 1932.000000 1.760219 0.518645
 1933.000000 1.834533 0.580508
 1934.000000 1.734574 0.517230
 1935.000000 1.814201 0.504040
 1936.000000 1.773217 0.524783
 1937.000000 1.823459 0.465619
 1938.000000 1.918750 0.603070
 1939.000000 1.784584 0.581192
 1940.000000 1.729995 0.572512
 1941.000000 1.739337 0.621098
 1942.000000 1.808168 0.521250
 1943.000000 1.758486 0.526961
 1944.000000 1.917458 0.559858
 1945.000000 1.897192 0.561630
 1946.000000 1.891818 0.489143
 1947.000000 1.916253 0.515372
 1948.000000 1.838162 0.585237
 1949.000000 1.750830 0.623823
 1950.000000 1.738425 0.567893
 1951.000000 1.834882 0.509829
 1952.000000 1.856437 0.611648
 1953.000000 1.817312 0.585216
 1954.000000 1.880016 0.527735
 1955.000000 1.749838 0.648507
 1956.000000 1.761849 0.561474
 1957.000000 1.703369 0.641131
 1958.000000 1.704744 0.582833
 1959.000000 1.870464 0.468770
 1960.000000 1.787254 0.541288
 1961.000000 1.746963 0.512591
 1962.000000 1.913532 0.528794
 1963.000000 1.767474 0.579664
 1964.000000 1.794325 0.517275
 1965.000000 1.742658 0.537047
 1966.000000 1.805013 0.468198
 1967.000000 1.773627 0.508960
 1968.000000 1.793520 0.566019
 1969.000000 1.678101 0.558313
 1970.000000 1.819889 0.589526
 1971.000000 1.766146 0.691693
 1972.000000 1.786486 0.634997
 1973.000000 1.720746 0.597701
 1974.000000 1.907070 0.483965
 1975.000000 1.854575 0.513431
 1976.000000 1.781978 0.611037
 1977.000000 1.778898 0.514608
 1978.000000 1.812105 0.516532
 1979.000000 1.765204 0.552721
 1980.000000 1.754015 0.485351
 1981.000000 1.867734 0.576310
 1982.000000 1.874468 0.602909
 1983.000000 1.791515 0.536983
 1984.000000 1.772755 0.502642
 1985.000000 1.758798 0.573243
 1986.000000 1.852478 0.534567
 1987.000000 1.807374 0.505879
 1988.000000 1.840861 0.621534
 1989.000000 1.730252 0.558743
 1990.000000 1.660236 0.581133
 1991.000000 1.851392 0.589325
 1992.000000 1.731206 0.586833
 1993.000000 1.806416 0.539227
 1994.000000 1.855538 0.548765
 1995.000000 1.760401 0.546098
 1996.000000 1.762212 0.558783
 1997.000000 1.760546 0.557554
 1998.000000 1.781109 0.557419
 1999.000000 1.741853 0.618300
 2000.000000 1.650967 0.498518
 2001.000000 1.818453 0.506018
 2002.000000 1.722379 0.428417
 2003.000000 1.722073 0.470977
 2004.000000 1.753867 0.547119
 2005.000000 1.738948 0.524097
 2006.000000 1.763382 0.602022
 2007.000000 1.786545 0.627762
 2008.000000 1.637680 0.530475
 2009.000000 1.847417 0.532749
 2010.000000 1.771420 0.516500
 2011.000000 1.807640 0.506471
 2012.000000 1.805802 0.609949
 2013.000000 1.757611 0.586299
 2014.000000 1.703239 0.515555
 2015.000000 1.892648 0.540449
 2016.000000 1.757693 0.562442
 2017.000000 1.716963 0.474954
 2018.000000 1.712678 0.597502
 2019.000000 1.819709 0.470337
 2020.000000 1.671803 0.606041
 2021.000000 1.912288 0.506258
 2022.000000 1.873960 0.554801
 2023.000000 1.811363 0.520113
 2024.000000 1.814997 0.517134
 2025.000000 1.881263 0.557510
 2026.000000 1.741486 0.597854
 2027.000000 1.805590 0.450131
 2028.000000 1.825970 0.496002
 2029.000000 1.735236 0.557356
 2030.000000 1.757955 0.553557
 2031.000000 1.851846 0.645594
 2032.000000 1.684870 0.486033
 2033.000000 1.733029 0.591529
 2034.000000 1.861788 0.622857
 2035.000000 1.772520 0.580791
 2036.000000 1.783197 0.594669
 2037.000000 1.819230 0.593394
 2038.000000 1.846984 0.653596
 2039.000000 1.761289 0.614256
 2040.000000 1.648476 0.562536
 2041.000000 1.771580 0.544782
 2042.000000 1.740478 0.539578
 2043.000000 1.866213 0.525943
 2044.000000 1.798462 0.495057
 2045.000000 1.810616 0.541814
 2046.000000 1.903009 0.490893
 2047.000000 1.775515 0.599630
 2048.000000 1.823866 0.531829
 2049.000000 1.790349 0.659992
 2050.000000 1.884006 0.546253
 2051.000000 1.797009 0.528691
 2052.000000 1.800265 0.488738
 2053.000000 1.753327 0.539614
 2054.000000 1.704170 0.581012
 2055.000000 1.800219 0.576295
 2056.000000 1.760796 0.569196
 2057.000000 1.873808 0.481486
 2058.000000 1.796509 0.445691
 2059.000000 1.815953 0.529064
 2060.000000 1.813461 0.525550
 2061.000000 1.727421 0.482340
 2062.000000 1.749782 0.555436
 2063.000000 1.775842 0.560977
 2064.000000 1.798664 0.396284
 2065.000000 1.643559 0.588915
 2066.000000 1.805513 0.441872
 2067.000000 1.834896 0.464248
 2068.000000 1.833808 0.469215
 2069.000000 1.798939 0.445111
 2070.000000 1.749410 0.435297
 2071.000000 1.768625 0.389529
 2072.000000 1.840778 0.560937
 2073.000000 1.804477 0.517026
 2074.000000 1.824175 0.500335
 2075.000000 1.808996 0.519847
 2076.000000 1.792059 0.545247
 2077.000000 1.820635 0.592827
 2078.000000 1.817584 0.599264
 2079.000000 1.790050 0.542121
 2080.000000 1.793087 0.589722
 2081.000000 1.824118 0.487302
 2082.000000 1.828618 0.525280
 2083.000000 1.740607 0.600936
 2084.000000 1.739042 0.507455
 2085.000000 1.895949 0.612629
 2086.000000 1.694922 0.558022
 2087.000000 1.797403 0.598227
 2088.000000 1.732506 0.608242
 2089.000000 1.763855 0.515418
 2090.000000 1.814960 0.554759
 2091.000000 1.743874 0.564181
 2092.000000 1.828847 0.612381
 2093.000000 1.745829 0.500905
 2094.000000 1.882284 0.534469
 2095.000000 1.845142 0.557228
 2096.000000 1.838743 0.584077
 2097.000000 1.808041 0.502767
 2098.000000 1.825805 0.493717
 2099.000000 1.733765 0.519390
 2100.000000 1.639911 0.535064
 2101.000000 1.757152 0.520811
 2102.000000 1.834866 0.554563
 2103.000000 1.842714 0.523495
 2104.000000 1.769395 0.505760
 2105.000000 1.818180 0.514192
 2106.000000 1.846903 0.484048
 2107.000000 1.867936 0.578882
 2108.000000 1.877668 0.515035
 2109.000000 1.786156 0.648098
 2110.000000 1.872464 0.606879
 2111.000000 1.733112 0.603878
 2112.000000 1.746238 0.710585
 2113.000000 1.718474 0.602146
 2114.000000 1.767251 0.592206
 2115.000000 1.935156 0.620546
 2116.000000 1.716855 0.652334
 2117.000000 1.767146 0.660790
 2118.000000 1.846399 0.582697
 2119.000000 1.838855 0.595832
 2120.000000 1.862086 0.548977
 2121.000000 1.870637 0.623769
 2122.000000 1.794886 0.713429
 2123.000000 1.793517 0.626295
 2124.000000 1.731401 0.606558
 2125.000000 1.749606 0.589389
 2126.000000 1.711077 0.512467
 2127.000000 1.768344 0.607686
 2128.000000 1.822225 0.607259
 2129.000000 1.780053 0.577657
 2130.000000 1.812659 0.616175
 2131.000000 1.876093 0.633081
 2132.000000 1.767586 0.614569
 2133.000000 1.804108 0.604393
 2134.000000 1.873087 0.570078
 2135.000000 1.803461 0.584441
 2136.000000 1.759503 0.703446
 2137.000000 1.756863 0.562356
 2138.000000 1.768858 0.535099
 2139.000000 1.776876 0.450481
 2140.000000 1.851620 0.525417
 2141.000000 1.891036 0.606509
 2142.000000 1.892347 0.520696
 2143.000000 1.748988 0.540138
 2144.000000 1.740998 0.436528
 2145.000000 1.833556 0.520934
 2146.000000 1.792976 0.546842
 2147.000000 1.930086 0.539861
 2148.000000 1.812803 0.603977
 2149.000000 1.776281 0.492113
 2150.000000 1.815225 0.514685
 2151.000000 1.782461 0.596995
 2152.000000 1.842625 0.573877
 2153.000000 1.833332 0.569097
 2154.000000 1.768372 0.600553
 2155.000000 1.748572 0.512872
 2156.000000 1.652664 0.580073
 2157.000000 1.726309 0.574453
 2158.000000 1.732666 0.601602
 2159.000000 1.711488 0.572956
 2160.000000 1.750407 0.543425
 2161.000000 1.778162 0.551275
 2162.000000 1.721266 0.578382
 2163.000000 1.859292 0.564946
 2164.000000 1.846623 0.534174
 2165.000000 1.789450 0.608408
 2166.000000 1.771846 0.569619
 2167.000000 1.876246 0.508926
 2168.000000 1.860879 0.532305
 2169.000000 1.774466 0.589189
 2170.000000 1.802494 0.566293
 2171.000000 1.699407 0.565243
 2172.000000 1.908741 0.549346
 2173.000000 1.816122 0.608187
 2174.000000 1.835752 0.597890
 2175.000000 1.838668 0.590588
 2176.000000 1.930120 0.643885
 2177.000000 1.836670 0.627110
 2178.000000 1.845993 0.617044
 2179.000000 1.811728 0.460888
 2180.000000 1.796738 0.524336
 2181.000000 1.773429 0.524198
 2182.000000 1.719659 0.502488
 2183.000000 1.815933 0.542217
 2184.000000 1.781342 0.590616
 2185.000000 1.838976 0.570979
 2186.000000 1.771292 0.591871
 2187.000000 1.860859 0.453351
 2188.000000 1.808936 0.536648
 2189.000000 1.797207 0.526637
 2190.000000 1.766347 0.653219
 2191.000000 1.857740 0.621834
 2192.000000 1.783726 0.569960
 2193.000000 1.818643 0.451182
 2194.000000 1.753817 0.542805
 2195.000000 1.731454 0.605040
 2196.000000 1.771053 0.494287
 2197.000000 1.796802 0.519517
 2198.000000 1.886750 0.520383
 2199.000000 1.850702 0.660093
 2200.000000 1.780820 0.593752
 2201.000000 1.888985 0.534133
 2202.000000 1.863843 0.500423
 2203.000000 1.853280 0.560969
 2204.000000 1.755889 0.518607
 2205.000000 1.741173 0.567878
 2206.000000 1.862498 0.597636
 2207.000000 1.690288 0.507312
 2208.000000 1.674649 0.570432
 2209.000000 1.837922 0.446622
 2210.000000 1.836328 0.460234
 2211.000000 1.756342 0.393266
 2212.000000 1.739977 0.468198
 2213.000000 1.748149 0.533400
 2214.000000 1.778181 0.475990
 2215.000000 1.728262 0.513532
 2216.000000 1.766449 0.407543
 2217.000000 1.838451 0.603578
 2218.000000 1.847558 0.490138
 2219.000000 1.788176 0.609823
 2220.000000 1.746172 0.459708
 2221.000000 1.708254 0.524694
 2222.000000 1.752438 0.452276
 2223.000000 1.815859 0.500181
 2224.000000 1.876494 0.459917
 2225.000000 1.705820 0.602299
 2226.000000 1.892812 0.540257
 2227.000000 1.829873 0.589446
 2228.000000 1.780502 0.518319
 2229.000000 1.699411 0.506702
 2230.000000 1.787223 0.475384
 2231.000000 1.801389 0.441602
 2232.000000 1.760208 0.471791
 2233.000000 1.685011 0.547275
 2234.000000 1.701024 0.485699
 2235.000000 1.800676 0.509426
 2236.000000 1.792519 0.503897
 2237.000000 1.837629 0.486461
 2238.000000 1.781974 0.449321
 2239.000000 1.805965 0.419768
 2240.000000 1.786875 0.541495
 2241.000000 1.836295 0.485699
 2242.000000 1.818041 0.527345
 2243.000000 1.814557 0.653587
 2244.000000 1.773236 0.482229
 2245.000000 1.895221 0.544962
 2246.000000 1.748692 0.495209
 2247.000000 1.728602 0.488159
 2248.000000 1.775766 0.420698
 2249.000000 1.807912 0.459694
 2250.000000 1.957684 0.491242
 2251.000000 1.793526 0.421879
 2252.000000 1.777639 0.435141
 2253.000000 1.794598 0.432337
 2254.000000 1.727007 0.463609
 2255.000000 1.799721 0.484136
 2256.000000 1.727262 0.404821
 2257.000000 1.777375 0.483345
 2258.000000 1.788245 0.613996
 2259.000000 1.868596 0.521166
 2260.000000 1.781849 0.471938
 2261.000000 1.821274 0.495866
 2262.000000 1.860461 0.537299
 2263.000000 1.873309 0.493935
 2264.000000 1.748144 0.444236
 2265.000000 1.830043 0.525636
 2266.000000 1.893824 0.494771
 2267.000000 1.796874 0.446644
 2268.000000 1.691906 0.627826
 2269.000000 1.797108 0.595198
 2270.000000 1.723263 0.561302
 2271.000000 1.861395 0.611769
 2272.000000 1.754362 0.583536
 2273.000000 1.837602 0.584957
 2274.000000 1.734767 0.535455
 2275.000000 1.815109 0.616369
 2276.000000 1.748197 0.599606
 2277.000000 1.861438 0.528250
 2278.000000 1.723751 0.615109
 2279.000000 1.844915 0.640927
 2280.000000 1.702371 0.544045
 2281.000000 1.851439 0.593093
 2282.000000 1.808965 0.568737
 2283.000000 1.823309 0.605720
 2284.000000 1.822701 0.540698
 2285.000000 1.734311 0.524486
 2286.000000 1.665466 0.574723
 2287.000000 1.790215 0.593393
 2288.000000 1.786400 0.568274
 2289.000000 1.868664 0.523984
 2290.000000 1.736503 0.600843
 2291.000000 1.810680 0.495452
 2292.000000 1.753963 0.527224
 2293.000000 1.781919 0.565272
 2294.000000 1.777214 0.593426
 2295.000000 1.909477 0.601630
 2296.000000 1.683941 0.585671
 2297.000000 1.940894 0.607160
 2298.000000 1.863831 0.579269
 2299.000000 1.851820 0.536480
 2300.000000 1.912686 0.610262
 2301.000000 1.760132 0.594729
 2302.000000 1.718191 0.557300
 2303.000000 1.761574 0.605467
 2304.000000 1.826975 0.534260
 2305.000000 1.834041 0.557211
 2306.000000 1.765986 0.571570
 2307.000000 1.759289 0.566970
 2308.000000 1.799005 0.569890
 2309.000000 1.751257 0.602623
 2310.000000 1.775346 0.600318
 2311.000000 1.744327 0.531080
 2312.000000 1.786221 0.510162
 2313.000000 1.775907 0.627510
 2314.000000 1.698277 0.589491
 2315.000000 1.771497 0.595561
 2316.000000 1.734796 0.570548
 2317.000000 1.831446 0.571029
 2318.000000 1.688666 0.592255
 2319.000000 1.822687 0.546626
 2320.000000 1.725952 0.624804
 2321.000000 1.770488 0.542812
 2322.000000 1.827579 0.671054
 2323.000000 1.797054 0.539576
 2324.000000 1.902311 0.582057
 2325.000000 1.777689 0.539557
 2326.000000 1.843780 0.561005
 2327.000000 1.841820 0.533141
 2328.000000 1.788976 0.563345
 2329.000000 1.826929 0.615912
 2330.000000 1.681506 0.659204
 2331.000000 1.754803 0.538850
 2332.000000 1.843361 0.544030
 2333.000000 1.829103 0.519305
 2334.000000 1.814213 0.566736
 2335.000000 1.750917 0.534185
 2336.000000 1.795138 0.592297
 2337.000000 1.733733 0.566822
 2338.000000 1.682459 0.574996
 2339.000000 1.683954 0.503041
 2340.000000 1.803683 0.635360
 2341.000000 1.850034 0.643856
 2342.000000 1.794520 0.569413
 2343.000000 1.652520 0.510579
 2344.000000 1.828613 0.556046
 2345.000000 1.746949 0.522640
 2346.000000 1.788574 0.466681
 2347.000000 1.809771 0.557047
 2348.000000 1.818261 0.584525
 2349.000000 1.752983 0.552446
 2350.000000 1.729303 0.606134
 2351.000000 1.832618 0.568061
 2352.000000 1.776592 0.516454
 2353.000000 1.884283 0.506535
 2354.000000 1.822841 0.629005
 2355.000000 1.689459 0.519778
 2356.000000 1.782488 0.552865
 2357.000000 1.844835 0.607143
 2358.000000 1.832405 0.573261
 2359.000000 1.758698 0.540893
 2360.000000 1.648133 0.634011
 2361.000000 1.814138 0.535791
 2362.000000 1.776999 0.511061
 2363.000000 1.923753 0.654447
 2364.000000 1.814490 0.522325
 2365.000000 1.896794 0.519047
 2366.000000 1.874235 0.508964
 2367.000000 1.686725 0.605585
 2368.000000 1.855860 0.529482
 2369.000000 1.787357 0.529509
 2370.000000 1.837932 0.545403
 2371.000000 1.762640 0.553758
 2372.000000 1.721007 0.510563
 2373.000000 1.816111 0.528410
 2374.000000 1.728937 0.667658
 2375.000000 1.794353 0.597399
 2376.000000 1.726939 0.569046
 2377.000000 1.717491 0.597792
 2378.000000 1.858151 0.530901
 2379.000000 1.827810 0.631773
 2380.000000 1.771845 0.587809
 2381.000000 1.751535 0.523858
 2382.000000 1.767885 0.571966
 2383.000000 1.744319 0.655906
 2384.000000 1.836417 0.518047
 2385.000000 1.862668 0.478407
 2386.000000 1.835039 0.608457
 2387.000000 1.822091 0.612586
 2388.000000 1.816115 0.556921
 2389.000000 1.824551 0.526472
 2390.000000 1.693021 0.563557
 2391.000000 1.773838 0.528063
 2392.000000 1.718852 0.534667
 2393.000000 1.779426 0.534615
 2394.000000 1.849358 0.480853
 2395.000000 1.765162 0.568159
 2396.000000 1.692859 0.526824
 2397.000000 1.698622 0.509468
 2398.000000 1.816800 0.564974
 2399.000000 1.737773 0.514050
 2400.000000 1.802703 0.543012
 2401.000000 1.753919 0.650281
 2402.000000 1.811756 0.617306
 2403.000000 1.810066 0.605708
 2404.000000 1.718437 0.552415
 2405.000000 1.823353 0.484493
 2406.000000 1.882480 0.609068
 2407.000000 1.835145 0.492295
 2408.000000 1.791113 0.542669
 2409.000000 1.876943 0.565228
 2410.000000 1.866241 0.607014
 2411.000000 1.899742 0.539405
 2412.000000 1.718128 0.465880
 2413.000000 1.882439 0.567753
 2414.000000 1.732895 0.569013
 2415.000000 1.895125 0.560049
 2416.000000 1.757824 0.537150
 2417.000000 1.799380 0.574474
 2418.000000 1.754880 0.521962
 2419.000000 1.715191 0.529862
 2420.000000 1.783570 0.590619
 2421.000000 1.769845 0.527515
 2422.000000 1.720609 0.574738
 2423.000000 1.760109 0.513251
 2424.000000 1.929538 0.509842
 2425.000000 1.694278 0.525142
 2426.000000 1.719584 0.533070
 2427.000000 1.765974 0.531354
 2428.000000 1.782981 0.513269
 2429.000000 1.701735 0.549510
 2430.000000 1.825227 0.547205
 2431.000000 1.807357 0.586092
 2432.000000 1.811904 0.488150
 2433.000000 1.788415 0.526273
 2434.000000 1.654674 0.496136
 2435.000000 1.766070 0.522458
 2436.000000 1.703535 0.565152
 2437.000000 1.846289 0.579197
 2438.000000 1.785127 0.570117
 2439.000000 1.800799 0.479601
 2440.000000 1.842172 0.506315
 2441.000000 1.905742 0.449275
 2442.000000 1.793829 0.566223
 2443.000000 1.702364 0.610307
 2444.000000 1.832720 0.616401
 2445.000000 1.893738 0.474038
 2446.000000 1.772982 0.548259
 2447.000000 1.792449 0.576056
 2448.000000 1.723957 0.587080
 2449.000000 1.801755 0.578527
 2450.000000 1.872004 0.535236
 2451.000000 1.757256 0.587490
 2452.000000 1.799891 0.504835
 2453.000000 1.819759 0.488268
 2454.000000 1.770305 0.568371
 2455.000000 1.880963 0.474278
 2456.000000 1.841755 0.522881
 2457.000000 1.787543 0.538600
 2458.000000 1.849000 0.527617
 2459.000000 1.678058 0.556197
 2460.000000 1.820845 0.578717
 2461.000000 1.800097 0.527517
 2462.000000 1.795443 0.479026
 2463.000000 1.728393 0.461184
 2464.000000 1.790399 0.575134
 2465.000000 1.749343 0.482119
 2466.000000 1.808575 0.479857
 2467.000000 1.790097 0.426927
 2468.000000 1.752772 0.429364
 2469.000000 1.884772 0.596597
 2470.000000 1.766885 0.476358
 2471.000000 1.791392 0.575696
 2472.000000 1.824734 0.581476
 2473.000000 1.826664 0.500812
 2474.000000 1.834237 0.414237
 2475.000000 1.855986 0.514768
 2476.000000 1.752373 0.436140
 2477.000000 1.791896 0.491809
 2478.000000 1.773307 0.481009
 2479.000000 1.779205 0.469581
 2480.000000 1.781199 0.490878
 2481.000000 1.686592 0.475711
 2482.000000 1.809125 0.551158
 2483.000000 1.868685 0.594360
 2484.000000 1.776212 0.577068
 2485.000000 1.790950 0.609404
 2486.000000 1.800290 0.577070
 2487.000000 1.769597 0.607066
 2488.000000 1.841301 0.559466
 2489.000000 1.894064 0.513985
 2490.000000 1.890831 0.498039
 2491.000000 1.715356 0.583140
 2492.000000 1.866179 0.563948
 2493.000000 1.786336 0.534969
 2494.000000 1.833458 0.564244
 2495.000000 1.815667 0.582573
 2496.000000 1.862035 0.572175
 2497.000000 1.893319 0.532747
 2498.000000 1.852425 0.589568
 2499.000000 1.789068 0.536208
 2500.000000 1.833537 0.547067
