#! FIELDS time pd_137_140 diff
 0.000000 1.856251 0.008958
 1.000000 1.660672 -0.032857
 2.000000 1.728687 0.081952
 3.000000 1.600350 -0.116680
 4.000000 1.813962 0.006187
 5.000000 1.795253 -0.060148
 6.000000 1.746619 -0.100739
 7.000000 1.804865 -0.119083
 8.000000 1.762266 -0.132939
 9.000000 1.702086 -0.141643
 10.000000 1.704080 -0.053815
 11.000000 1.717777 -0.117465
 12.000000 1.719556 -0.141107
 13.000000 1.729320 -0.111430
 14.000000 1.707007 0.080477
 15.000000 1.680819 0.018437
 16.000000 1.744237 -0.014137
 17.000000 1.743659 -0.052035
 18.000000 1.702749 -0.093277
 19.000000 1.668861 0.059015
 20.000000 1.709964 0.036624
 21.000000 1.863375 0.048638
 22.000000 1.843637 0.054646
 23.000000 1.839280 0.034697
 24.000000 1.856042 0.059933
 25.000000 1.704188 0.082678
 26.000000 1.763828 -0.091197
 27.000000 1.682091 -0.094797
 28.000000 1.661984 -0.094732
 29.000000 1.675842 0.063030
 30.000000 1.792991 -0.049265
 31.000000 1.779164 -0.032996
 32.000000 1.775466 -0.021951
 33.000000 1.634698 0.004315
 34.000000 1.600654 0.072729
 35.000000 1.757359 0.043557
 36.000000 1.632122 0.079125
 37.000000 1.674838 -0.010862
 38.000000 1.666102 0.065632
 39.000000 1.798427 0.045909
 40.000000 1.657388 0.118334
 41.000000 1.689398 0.053580
 42.000000 1.706656 0.014881
 43.000000 1.682392 -0.039779
 44.000000 1.746884 -0.024063
 45.000000 1.824259 -0.038647
 46.000000 1.713839 0.016941
 47.000000 1.754486 -0.119577
 48.000000 1.750522 -0.021705
 49.000000 1.696498 0.007154
 50.000000 1.665407 -0.035750
 51.000000 1.832646 0.001082
 52.000000 1.684586 0.008021
 53.000000 1.791203 0.022297
 54.000000 1.751602 0.001652
 55.000000 1.734317 0.002386
 56.000000 1.719933 0.050173
 57.000000 1.787496 0.062024
 58.000000 1.785774 -0.066694
 59.000000 1.741255 -0.102890
 60.000000 1.721999 -0.142158
 61.000000 1.697942 0.042090
 62.000000 1.677272 -0.031508
 63.000000 1.732379 -0.083244
 64.000000 1.722285 -0.011212
 65.000000 1.746872 0.055640
 66.000000 1.689108 -0.098539
 67.000000 1.721219 -0.011445
 68.000000 1.720222 0.039958
 69.000000 1.684673 -0.013047
 70.000000 1.777037 0.071371
 71.000000 1.678576 0.010172
 72.000000 1.773712 -0.051610
 73.000000 1.763736 -0.131491
 74.000000 1.787788 0.077605
 75.000000 1.751322 0.034871
 76.000000 1.708335 0.082649
 77.000000 1.704359 0.032896
 78.000000 1.716855 0.029077
 79.000000 1.695245 -0.075598
 80.000000 1.749288 -0.014058
 81.000000 1.726869 -0.106838
 82.000000 1.746858 -0.109105
 83.000000 1.765561 -0.078517
 84.000000 1.790606 -0.013081
 85.000000 1.662028 0.015866
 86.000000 1.825965 -0.116190
 87.000000 1.675880 -0.033876
 88.000000 1.733675 0.091567
 89.000000 1.567685 -0.030774
 90.000000 1.759434 -0.069001
 91.000000 1.747997 -0.055515
 92.000000 1.776117 -0.049788
 93.000000 1.706039 -0.005700
 94.000000 1.774375 0.078771
 95.000000 1.685182 0.009639
 96.000000 1.668659 -0.031242
 97.000000 1.748838 -0.036919
 98.000000 1.635336 -0.074278
 99.000000 1.765298 -0.047525
 100.000000 1.635054 0.088785
 101.000000 1.703951 0.010012
 102.000000 1.721031 0.009521
 103.000000 1.706247 0.010010
 104.000000 1.719086 0.099140
 105.000000 1.737140 0.022026
 106.000000 1.778647 0.050141
 107.000000 1.643919 0.032008
 108.000000 1.623003 0.048840
 109.000000 1.733435 -0.102996
 110.000000 1.713212 -0.096389
 111.000000 1.776800 -0.030647
 112.000000 1.809894 -0.011306
 113.000000 1.780380 -0.008392
 114.000000 1.722897 -0.063809
 115.000000 1.675215 -0.053582
 116.000000 1.636233 0.018161
 117.000000 1.659745 0.002160
 118.000000 1.692503 -0.021120
 119.000000 1.616319 -0.002400
 120.000000 1.709324 0.057701
 121.000000 1.772414 0.025779
 122.000000 1.727690 0.025708
 123.000000 1.685698 -0.003237
 124.000000 1.759210 0.057240
 125.000000 1.722151 0.018674
 126.000000 1.728198 -0.048017
 127.000000 1.785907 -0.091509
 128.000000 1.662833 -0.024822
 129.000000 1.693223 -0.061017
 130.000000 1.731277 -0.012047
 131.000000 1.727056 -0.068397
 132.000000 1.744622 -0.043312
 133.000000 1.740948 -0.069162
 134.000000 1.770886 -0.044157
 135.000000 1.686069 -0.006262
 136.000000 1.750434 -0.042058
 137.000000 1.749850 -0.026060
 138.000000 1.779529 -0.046550
 139.000000 1.724849 -0.012177
 140.000000 1.712577 -0.062281
 141.000000 1.724037 0.008695
 142.000000 1.755952 0.027126
 143.000000 1.717038 -0.113305
 144.000000 1.700830 -0.057948
 145.000000 1.612745 -0.025713
 146.000000 1.759850 -0.012847
 147.000000 1.712364 -0.017433
 148.000000 1.678893 -0.018421
 149.000000 1.663744 0.019764
 150.000000 1.646744 -0.014389
 151.000000 1.808605 -0.106412
 152.000000 1.670677 -0.090548
 153.000000 1.820709 -0.135076
 154.000000 1.640867 0.010350
 155.000000 1.763387 -0.079847
 156.000000 1.663332 -0.012589
 157.000000 1.714746 -0.001801
 158.000000 1.722819 -0.056292
 159.000000 1.645546 -0.117923
 160.000000 1.617689 -0.085051
 161.000000 1.805383 -0.041390
 162.000000 1.690781 -0.050139
 163.000000 1.655292 -0.102956
 164.000000 1.691908 -0.082675
 165.000000 1.712881 -0.062557
 166.000000 1.722994 0.013405
 167.000000 1.754427 -0.058131
 168.000000 1.742466 -0.063002
 169.000000 1.595045 -0.157983
 170.000000 1.746010 -0.103011
 171.000000 1.749135 -0.003621
 172.000000 1.616444 -0.022325
 173.000000 1.646691 0.060385
 174.000000 1.790920 -0.086340
 175.000000 1.713116 -0.004120
 176.000000 1.848920 0.012023
 177.000000 1.679447 0.002168
 178.000000 1.655574 -0.045088
 179.000000 1.698060 -0.088671
 180.000000 1.648646 -0.008918
 181.000000 1.775666 0.007519
 182.000000 1.738831 -0.018750
 183.000000 1.650073 0.002350
 184.000000 1.661884 0.037039
 185.000000 1.785576 -0.017552
 186.000000 1.731693 0.055529
 187.000000 1.716934 0.061649
 188.000000 1.718748 -0.018072
 189.000000 1.722774 -0.075817
 190.000000 1.686129 -0.043676
 191.000000 1.734943 0.016135
 192.000000 1.644353 -0.011419
 193.000000 1.807039 -0.139237
 194.000000 1.683447 -0.069642
 195.000000 1.750195 -0.040462
 196.000000 1.698772 0.023993
 197.000000 1.608821 -0.029111
 198.000000 1.725216 -0.022474
 199.000000 1.644690 -0.040007
 200.000000 1.724934 -0.073270
 201.000000 1.617870 0.041294
 202.000000 1.761665 -0.024486
 203.000000 1.788240 -0.025684
 204.000000 1.815899 0.101335
 205.000000 1.865671 0.053859
 206.000000 1.778466 0.006832
 207.000000 1.784221 -0.007440
 208.000000 1.682743 -0.048132
 209.000000 1.829155 0.039137
 210.000000 1.759708 0.066503
 211.000000 1.855395 -0.008621
 212.000000 1.768782 0.034651
 213.000000 1.777497 0.054735
 214.000000 1.743936 -0.000176
 215.000000 1.809663 0.046688
 216.000000 1.814697 0.051328
 217.000000 1.744347 0.055490
 218.000000 1.816809 -0.000959
 219.000000 1.872175 0.014642
 220.000000 1.842711 0.017217
 221.000000 1.692599 0.023458
 222.000000 1.636602 -0.059043
 223.000000 1.714114 -0.024603
 224.000000 1.869418 -0.115446
 225.000000 1.796789 -0.016573
 226.000000 1.734258 -0.014215
 227.000000 1.717958 -0.104521
 228.000000 1.776059 0.042071
 229.000000 1.695852 0.036572
 230.000000 1.718748 -0.012908
 231.000000 1.724941 -0.043472
 232.000000 1.667467 -0.052287
 233.000000 1.674839 0.032900
 234.000000 1.734671 0.039833
 235.000000 1.779515 0.017526
 236.000000 1.684656 0.069770
 237.000000 1.683674 -0.003516
 238.000000 1.679869 -0.022297
 239.000000 1.739933 -0.073137
 240.000000 1.784085 0.134592
 241.000000 1.728229 -0.036207
 242.000000 1.768965 0.051613
 243.000000 1.658650 0.014936
 244.000000 1.706295 -0.007756
 245.000000 1.646673 0.061494
 246.000000 1.736588 -0.021444
 247.000000 1.644980 -0.001536
 248.000000 1.739136 -0.056869
 249.000000 1.794398 0.047988
 250.000000 1.727236 -0.055615
 251.000000 1.686921 -0.045771
 252.000000 1.717194 -0.079481
 253.000000 1.775458 0.031172
 254.000000 1.838012 0.062083
 255.000000 1.712956 0.014184
 256.000000 1.748338 0.061912
 257.000000 1.799905 0.067771
 258.000000 1.766001 -0.013317
 259.000000 1.709819 -0.028465
 260.000000 1.692043 0.007553
 261.000000 1.787568 -0.018269
 262.000000 1.703648 -0.090681
 263.000000 1.728954 -0.105000
 264.000000 1.654784 -0.040994
 265.000000 1.813562 0.036574
 266.000000 1.821512 -0.025340
 267.000000 1.706530 -0.067901
 268.000000 1.722063 -0.035925
 269.000000 1.713640 -0.090899
 270.000000 1.623461 -0.064524
 271.000000 1.597205 -0.117551
 272.000000 1.709438 0.084671
 273.000000 1.631059 -0.001412
 274.000000 1.746385 -0.153044
 275.000000 1.642110 -0.006777
 276.000000 1.777792 -0.037774
 277.000000 1.748502 -0.015763
 278.000000 1.737113 -0.009305
 279.000000 1.718963 -0.029146
 280.000000 1.764309 -0.049335
 281.000000 1.673178 0.025330
 282.000000 1.693506 -0.022282
 283.000000 1.787937 -0.041226
 284.000000 1.732021 -0.088801
 285.000000 1.735490 -0.041193
 286.000000 1.778753 -0.043937
 287.000000 1.741280 0.119200
 288.000000 1.733719 0.059761
 289.000000 1.606411 0.070347
 290.000000 1.615256 0.049489
 291.000000 1.815315 0.113779
 292.000000 1.679981 0.019681
 293.000000 1.753756 0.066317
 294.000000 1.776670 0.040947
 295.000000 1.706552 -0.070050
 296.000000 1.765989 0.043111
 297.000000 1.686841 -0.095228
 298.000000 1.718539 0.018771
 299.000000 1.717280 0.047428
 300.000000 1.710065 0.030172
 301.000000 1.841381 -0.018868
 302.000000 1.687293 0.075645
 303.000000 1.877885 -0.047659
 304.000000 1.783722 0.018028
 305.000000 1.734305 -0.056965
 306.000000 1.837247 -0.064607
 307.000000 1.758701 -0.019240
 308.000000 1.954634 0.029338
 309.000000 1.891047 0.031389
 310.000000 1.923344 -0.089200
 311.000000 1.724883 -0.066990
 312.000000 1.905425 -0.066411
 313.000000 1.696014 -0.040585
 314.000000 1.847621 0.142517
 315.000000 1.768948 -0.029677
 316.000000 1.667899 -0.037945
 317.000000 1.705142 -0.075374
 318.000000 1.652594 -0.032936
 319.000000 1.619096 0.002257
 320.000000 1.683099 -0.037010
 321.000000 1.713028 -0.124723
 322.000000 1.715912 -0.048270
 323.000000 1.723202 -0.122639
 324.000000 1.697898 -0.073475
 325.000000 1.651134 -0.090819
 326.000000 1.703648 -0.073394
 327.000000 1.830364 -0.094583
 328.000000 1.701112 -0.025507
 329.000000 1.809292 0.006453
 330.000000 1.638307 -0.130904
 331.000000 1.660057 -0.042247
 332.000000 1.690315 -0.071603
 333.000000 1.659576 -0.020820
 334.000000 1.807970 -0.030871
 335.000000 1.623226 -0.042872
 336.000000 1.709049 0.025879
 337.000000 1.663515 -0.103941
 338.000000 1.742668 -0.091227
 339.000000 1.686785 -0.075096
 340.000000 1.802086 0.047537
 341.000000 1.666303 0.002665
 342.000000 1.733951 -0.024535
 343.000000 1.742320 -0.018482
 344.000000 1.698407 -0.034482
 345.000000 1.619466 -0.026964
 346.000000 1.739033 0.038509
 347.000000 1.676681 -0.015507
 348.000000 1.662608 0.063503
 349.000000 1.652652 0.052717
 350.000000 1.686740 0.065718
 351.000000 1.743931 0.054554
 352.000000 1.707227 0.008208
 353.000000 1.809464 -0.006321
 354.000000 1.718133 0.048475
 355.000000 1.661091 -0.090432
 356.000000 1.668162 0.000268
 357.000000 1.679803 -0.026751
 358.000000 1.654816 -0.019723
 359.000000 1.707403 0.017297
 360.000000 1.686673 -0.015364
 361.000000 1.558640 -0.051276
 362.000000 1.694034 0.048170
 363.000000 1.725034 -0.031847
 364.000000 1.660406 0.071189
 365.000000 1.668848 -0.009730
 366.000000 1.636324 -0.039866
 367.000000 1.692477 0.093517
 368.000000 1.707471 -0.058490
 369.000000 1.559284 0.076196
 370.000000 1.538896 -0.060570
 371.000000 1.615455 -0.152677
 372.000000 1.639547 -0.161677
 373.000000 1.672907 -0.072284
 374.000000 1.671803 -0.001076
 375.000000 1.535238 -0.091860
 376.000000 1.647024 -0.010474
 377.000000 1.686624 -0.004400
 378.000000 1.785565 -0.034028
 379.000000 1.684613 -0.053409
 380.000000 1.653154 0.052994
 381.000000 1.637077 -0.092783
 382.000000 1.680229 0.060529
 383.000000 1.627441 -0.054499
 384.000000 1.779467 -0.055460
 385.000000 1.763007 0.032941
 386.000000 1.626136 -0.073684
 387.000000 1.753949 -0.010226
 388.000000 1.856776 0.082957
 389.000000 1.802860 -0.087885
 390.000000 1.751771 -0.098799
 391.000000 1.769314 -0.098753
 392.000000 1.665829 0.120937
 393.000000 1.777348 0.001092
 394.000000 1.889534 0.059184
 395.000000 1.826077 0.130949
 396.000000 1.604813 0.032782
 397.000000 1.799973 0.043425
 398.000000 1.714719 0.088316
 399.000000 1.841789 -0.102833
 400.000000 1.805535 -0.090513
 401.000000 1.747808 -0.032358
 402.000000 1.727027 -0.010917
 403.000000 1.737482 -0.027839
 404.000000 1.633264 -0.022348
 405.000000 1.805062 -0.023532
 406.000000 1.812262 -0.031244
 407.000000 1.664292 -0.018653
 408.000000 1.674632 -0.083373
 409.000000 1.760804 0.002099
 410.000000 1.683849 -0.057048
 411.000000 1.710317 0.015561
 412.000000 1.599145 0.008946
 413.000000 1.723283 -0.008699
 414.000000 1.785417 0.055367
 415.000000 1.711059 0.053913
 416.000000 1.692759 0.064130
 417.000000 1.807285 -0.010186
 418.000000 1.800652 -0.008677
 419.000000 1.653434 -0.098049
 420.000000 1.792850 -0.004078
 421.000000 1.701825 0.015018
 422.000000 1.824268 -0.068259
 423.000000 1.775215 0.032542
 424.000000 1.793131 0.023138
 425.000000 1.797164 -0.043421
 426.000000 1.808876 0.042935
 427.000000 1.700425 -0.086154
 428.000000 1.747197 -0.085786
 429.000000 1.671983 -0.092711
 430.000000 1.808174 -0.064156
 431.000000 1.771246 -0.033378
 432.000000 1.705955 0.094777
 433.000000 1.677748 0.030622
 434.000000 1.698352 0.166874
 435.000000 1.688057 0.060954
 436.000000 1.738993 0.011612
 437.000000 1.784825 0.006398
 438.000000 1.800352 0.049469
 439.000000 1.771351 0.058440
 440.000000 1.766057 -0.001663
 441.000000 1.650533 0.023762
 442.000000 1.744476 0.081254
 443.000000 1.654875 0.032111
 444.000000 1.642166 0.067726
 445.000000 1.761406 0.017915
 446.000000 1.787970 0.010428
 447.000000 1.857994 -0.026118
 448.000000 1.623947 -0.002054
 449.000000 1.743568 0.031794
 450.000000 1.843592 0.079445
 451.000000 1.655774 0.015433
 452.000000 1.675104 -0.065559
 453.000000 1.766938 -0.015497
 454.000000 1.752865 0.068648
 455.000000 1.832848 0.009129
 456.000000 1.916335 -0.024907
 457.000000 1.785154 -0.002471
 458.000000 1.857197 0.074660
 459.000000 1.733698 -0.006465
 460.000000 1.807693 0.030754
 461.000000 1.671352 -0.077252
 462.000000 1.734050 -0.038864
 463.000000 1.663061 -0.040005
 464.000000 1.804359 0.005804
 465.000000 1.765267 -0.070249
 466.000000 1.717921 -0.041275
 467.000000 1.698997 0.009822
 468.000000 1.757585 0.005185
 469.000000 1.800224 -0.012857
 470.000000 1.756962 0.017302
 471.000000 1.778790 0.137033
 472.000000 1.739746 0.055149
 473.000000 1.698366 0.096425
 474.000000 1.782290 0.138331
 475.000000 1.766467 -0.077517
 476.000000 1.821062 -0.000725
 477.000000 1.839640 0.013486
 478.000000 1.742437 -0.027137
 479.000000 1.769949 -0.072592
 480.000000 1.758436 -0.006046
 481.000000 1.738738 0.009012
 482.000000 1.758251 0.043075
 483.000000 1.722681 0.082185
 484.000000 1.681222 0.136721
 485.000000 1.762750 0.023342
 486.000000 1.724136 -0.070033
 487.000000 1.766722 0.017283
 488.000000 1.748846 0.066090
 489.000000 1.760424 -0.071378
 490.000000 1.740290 -0.047685
 491.000000 1.773001 -0.087502
 492.000000 1.749410 -0.077923
 493.000000 1.866010 -0.075467
 494.000000 1.784368 -0.041625
 495.000000 1.757359 -0.080873
 496.000000 1.748320 0.048332
 497.000000 1.778839 0.000886
 498.000000 1.744622 0.022650
 499.000000 1.733922 -0.001991
 500.000000 1.716227 -0.060648
 501.000000 1.760518 -0.000978
 502.000000 1.619995 -0.011568
 503.000000 1.723432 -0.067416
 504.000000 1.743390 -0.164320
 505.000000 1.677790 -0.095931
 506.000000 1.681585 -0.056963
 507.000000 1.663904 -0.074702
 508.000000 1.674610 -0.174028
 509.000000 1.789015 -0.081541
 510.000000 1.630909 -0.003283
 511.000000 1.725594 0.022637
 512.000000 1.718039 -0.001481
 513.000000 1.673554 -0.118800
 514.000000 1.727451 -0.063275
 515.000000 1.759212 -0.087001
 516.000000 1.650835 -0.081443
 517.000000 1.743423 -0.035175
 518.000000 1.597822 -0.067520
 519.000000 1.695029 0.048323
 520.000000 1.697414 -0.008969
 521.000000 1.653318 0.024962
 522.000000 1.805480 0.039580
 523.000000 1.624960 0.088108
 524.000000 1.714947 -0.027533
 525.000000 1.725573 -0.006614
 526.000000 1.714688 0.021587
 527.000000 1.777493 -0.021913
 528.000000 1.719137 -0.009769
 529.000000 1.668774 -0.063774
 530.000000 1.698403 -0.109816
 531.000000 1.797520 -0.062919
 532.000000 1.627726 -0.032277
 533.000000 1.682914 0.059643
 534.000000 1.719899 0.009862
 535.000000 1.749130 -0.063499
 536.000000 1.792692 -0.044860
 537.000000 1.887062 -0.063839
 538.000000 1.740802 -0.099775
 539.000000 1.758712 -0.025174
 540.000000 1.664730 -0.162250
 541.000000 1.745942 -0.037129
 542.000000 1.811095 -0.049668
 543.000000 1.634536 -0.039801
 544.000000 1.729450 -0.042071
 545.000000 1.736942 0.084734
 546.000000 1.613706 0.019862
 547.000000 1.665499 0.021173
 548.000000 1.831765 0.040911
 549.000000 1.776176 0.037195
 550.000000 1.701544 -0.034646
 551.000000 1.764566 0.001057
 552.000000 1.714251 -0.016292
 553.000000 1.749759 -0.063913
 554.000000 1.827933 0.015256
 555.000000 1.665746 -0.055906
 556.000000 1.683578 0.033660
 557.000000 1.745649 -0.007553
 558.000000 1.654932 -0.099364
 559.000000 1.729135 -0.124672
 560.000000 1.705988 -0.061158
 561.000000 1.693708 -0.055786
 562.000000 1.759690 -0.011472
 563.000000 1.802871 0.044501
 564.000000 1.778567 0.012368
 565.000000 1.624819 0.011069
 566.000000 1.733179 0.035161
 567.000000 1.803198 0.023164
 568.000000 1.690696 0.012922
 569.000000 1.705267 -0.023482
 570.000000 1.709589 0.026921
 571.000000 1.613611 -0.074628
 572.000000 1.687926 -0.093904
 573.000000 1.695351 -0.081076
 574.000000 1.755974 -0.116485
 575.000000 1.636015 -0.111915
 576.000000 1.719526 -0.099929
 577.000000 1.588592 -0.124146
 578.000000 1.622996 -0.093693
 579.000000 1.592606 -0.100163
 580.000000 1.761579 -0.142860
 581.000000 1.749297 -0.133715
 582.000000 1.739653 -0.112493
 583.000000 1.682405 -0.067203
 584.000000 1.693517 -0.074714
 585.000000 1.859749 -0.067913
 586.000000 1.769117 -0.074083
 587.000000 1.718800 -0.113642
 588.000000 1.727988 -0.078831
 589.000000 1.786053 -0.079372
 590.000000 1.678158 -0.093429
 591.000000 1.720303 -0.082447
 592.000000 1.758568 -0.073909
 593.000000 1.650557 -0.093434
 594.000000 1.676917 -0.060777
 595.000000 1.664841 -0.066460
 596.000000 1.583249 -0.016419
 597.000000 1.732049 -0.035860
 598.000000 1.624244 0.039745
 599.000000 1.602193 0.064963
 600.000000 1.733039 0.050619
 601.000000 1.546594 0.047278
 602.000000 1.680614 0.071648
 603.000000 1.665458 0.104437
 604.000000 1.704560 0.026715
 605.000000 1.763475 0.064941
 606.000000 1.704400 0.023021
 607.000000 1.717447 0.053708
 608.000000 1.690416 0.056847
 609.000000 1.656448 0.027911
 610.000000 1.730863 0.069675
 611.000000 1.630788 0.027031
 612.000000 1.750398 0.027300
 613.000000 1.594919 0.053627
 614.000000 1.686082 0.036920
 615.000000 1.680490 0.050654
 616.000000 1.697598 0.049616
 617.000000 1.717742 0.140114
 618.000000 1.686179 0.040051
 619.000000 1.700281 -0.071178
 620.000000 1.755569 -0.052613
 621.000000 1.702142 0.023702
 622.000000 1.674038 0.044270
 623.000000 1.674002 0.049909
 624.000000 1.788712 -0.030367
 625.000000 1.610303 -0.029428
 626.000000 1.681644 -0.011555
 627.000000 1.560195 -0.006470
 628.000000 1.707454 0.015596
 629.000000 1.815631 -0.034590
 630.000000 1.690498 -0.009623
 631.000000 1.676439 -0.051571
 632.000000 1.665038 0.003538
 633.000000 1.577506 -0.037721
 634.000000 1.653345 0.031431
 635.000000 1.625138 0.005174
 636.000000 1.650372 0.061829
 637.000000 1.665801 0.042388
 638.000000 1.701311 0.065862
 639.000000 1.798908 -0.075428
 640.000000 1.743188 0.017596
 641.000000 1.737722 -0.006609
 642.000000 1.820742 0.074807
 643.000000 1.816102 0.032969
 644.000000 1.749048 -0.011663
 645.000000 1.723820 -0.099915
 646.000000 1.853235 -0.050578
 647.000000 1.701712 0.026435
 648.000000 1.704459 0.042487
 649.000000 1.696108 0.101367
 650.000000 1.789509 -0.013219
 651.000000 1.752711 -0.002386
 652.000000 1.734247 -0.017877
 653.000000 1.662282 -0.048786
 654.000000 1.818600 -0.022622
 655.000000 1.750008 -0.080501
 656.000000 1.815824 -0.053678
 657.000000 1.728486 -0.038802
 658.000000 1.637433 -0.018683
 659.000000 1.820552 -0.056427
 660.000000 1.771521 -0.039697
 661.000000 1.666086 -0.075180
 662.000000 1.680233 -0.051440
 663.000000 1.679690 -0.046252
 664.000000 1.597371 -0.002688
 665.000000 1.794408 -0.001951
 666.000000 1.786224 0.001257
 667.000000 1.674131 0.046556
 668.000000 1.855563 -0.033754
 669.000000 1.750967 -0.101340
 670.000000 1.885273 -0.030408
 671.000000 1.750029 -0.048254
 672.000000 1.809289 0.010937
 673.000000 1.801753 -0.029316
 674.000000 1.751580 -0.066422
 675.000000 1.857542 -0.023694
 676.000000 1.778425 -0.067281
 677.000000 1.742914 -0.018952
 678.000000 1.654052 -0.125186
 679.000000 1.829700 -0.101863
 680.000000 1.737148 0.024287
 681.000000 1.755897 0.014785
 682.000000 1.722269 0.068165
 683.000000 1.699976 0.038482
 684.000000 1.720325 -0.039502
 685.000000 1.682283 -0.054440
 686.000000 1.730849 -0.078189
 687.000000 1.684030 -0.036087
 688.000000 1.767046 -0.044812
 689.000000 1.695851 -0.048279
 690.000000 1.741280 -0.024535
 691.000000 1.906326 -0.108423
 692.000000 1.773979 -0.112857
 693.000000 1.643187 -0.127877
 694.000000 1.720723 -0.111691
 695.000000 1.708226 -0.085152
 696.000000 1.834151 -0.023140
 697.000000 1.722746 0.013426
 698.000000 1.666073 -0.100296
 699.000000 1.623162 -0.011736
 700.000000 1.686227 -0.088502
 701.000000 1.746808 -0.016836
 702.000000 1.760231 0.006872
 703.000000 1.655190 -0.041830
 704.000000 1.676563 -0.059131
 705.000000 1.737244 0.085601
 706.000000 1.709347 -0.051923
 707.000000 1.655412 0.019134
 708.000000 1.680020 -0.033761
 709.000000 1.753786 -0.070338
 710.000000 1.789149 -0.062966
 711.000000 1.584949 0.004235
 712.000000 1.758587 -0.050145
 713.000000 1.711032 0.007136
 714.000000 1.693836 -0.075217
 715.000000 1.767101 -0.039025
 716.000000 1.749889 -0.085696
 717.000000 1.750819 -0.034595
 718.000000 1.719770 -0.023024
 719.000000 1.794681 -0.004364
 720.000000 1.706664 0.040269
 721.000000 1.612628 0.023239
 722.000000 1.700972 -0.068506
 723.000000 1.687571 -0.006079
 724.000000 1.744333 0.006116
 725.000000 1.740596 -0.080697
 726.000000 1.745403 -0.058933
 727.000000 1.671625 0.009543
 728.000000 1.777271 -0.049777
 729.000000 1.824397 0.005593
 730.000000 1.777334 -0.042006
 731.000000 1.675209 0.008415
 732.000000 1.683478 0.019099
 733.000000 1.697780 0.044690
 734.000000 1.660181 0.011867
 735.000000 1.675688 -0.059977
 736.000000 1.649890 -0.120190
 737.000000 1.706105 -0.079964
 738.000000 1.740824 0.054727
 739.000000 1.795154 0.061347
 740.000000 1.683066 0.005447
 741.000000 1.735290 -0.043104
 742.000000 1.747981 -0.025202
 743.000000 1.773257 0.037845
 744.000000 1.745607 -0.095740
 745.000000 1.881540 -0.008048
 746.000000 1.837230 -0.013614
 747.000000 1.726669 -0.015286
 748.000000 1.714198 -0.004219
 749.000000 1.653820 -0.001901
 750.000000 1.664851 -0.113093
 751.000000 1.761079 -0.109899
 752.000000 1.676645 -0.091410
 753.000000 1.796160 0.038228
 754.000000 1.742410 0.010288
 755.000000 1.648077 -0.105691
 756.000000 1.681405 -0.027161
 757.000000 1.744984 0.027671
 758.000000 1.702470 -0.053983
 759.000000 1.758757 -0.062626
 760.000000 1.765315 -0.004286
 761.000000 1.773307 -0.060228
 762.000000 1.846408 -0.000099
 763.000000 1.785314 -0.063133
 764.000000 1.749003 -0.102829
 765.000000 1.706713 -0.008861
 766.000000 1.566116 -0.037704
 767.000000 1.633389 -0.095660
 768.000000 1.629464 -0.071736
 769.000000 1.805837 -0.137846
 770.000000 1.628763 0.053456
 771.000000 1.682706 -0.035682
 772.000000 1.648844 0.023725
 773.000000 1.699741 0.019687
 774.000000 1.771072 0.006959
 775.000000 1.581397 -0.050905
 776.000000 1.699769 -0.036509
 777.000000 1.674272 -0.030106
 778.000000 1.693608 0.022200
 779.000000 1.749306 -0.016439
 780.000000 1.812916 -0.051293
 781.000000 1.762903 -0.075349
 782.000000 1.755543 -0.088829
 783.000000 1.751961 0.022935
 784.000000 1.789001 0.031962
 785.000000 1.717204 -0.084653
 786.000000 1.709796 -0.076692
 787.000000 1.741368 -0.074347
 788.000000 1.700444 -0.081550
 789.000000 1.766263 -0.090903
 790.000000 1.767944 0.032782
 791.000000 1.813833 0.031600
 792.000000 1.719246 0.042815
 793.000000 1.689783 0.006233
 794.000000 1.716319 0.005669
 795.000000 1.851859 -0.041351
 796.000000 1.766873 -0.034224
 797.000000 1.735074 -0.080269
 798.000000 1.717878 0.007566
 799.000000 1.685708 0.069809
 800.000000 1.736047 0.003098
 801.000000 1.694604 -0.007147
 802.000000 1.747538 -0.090851
 803.000000 1.660564 -0.031510
 804.000000 1.796698 0.010675
 805.000000 1.744290 0.055012
 806.000000 1.709922 -0.099626
 807.000000 1.821144 0.082789
 808.000000 1.736816 -0.018499
 809.000000 1.853640 -0.045219
 810.000000 1.763418 -0.014943
 811.000000 1.752860 -0.111059
 812.000000 1.739274 0.059084
 813.000000 1.743553 -0.014955
 814.000000 1.832742 0.001932
 815.000000 1.622900 0.059815
 816.000000 1.791877 0.008909
 817.000000 1.688765 0.013741
 818.000000 1.641233 -0.107142
 819.000000 1.638358 -0.000037
 820.000000 1.624422 -0.010211
 821.000000 1.748313 -0.017464
 822.000000 1.643094 -0.035551
 823.000000 1.740621 -0.054182
 824.000000 1.787785 0.059064
 825.000000 1.716612 0.021520
 826.000000 1.700660 0.048516
 827.000000 1.826218 0.039108
 828.000000 1.776238 0.060529
 829.000000 1.794078 0.015116
 830.000000 1.789466 -0.036864
 831.000000 1.808613 0.069550
 832.000000 1.705213 0.079494
 833.000000 1.911533 -0.024487
 834.000000 1.768947 0.005147
 835.000000 1.856159 0.020398
 836.000000 1.785742 0.051233
 837.000000 1.742257 0.022340
 838.000000 1.724330 -0.004915
 839.000000 1.808720 0.046177
 840.000000 1.860807 0.019261
 841.000000 1.619194 -0.043628
 842.000000 1.706301 0.008052
 843.000000 1.661738 0.070555
 844.000000 1.695379 -0.042163
 845.000000 1.728185 -0.027552
 846.000000 1.851363 0.018841
 847.000000 1.713501 -0.025426
 848.000000 1.849218 -0.011200
 849.000000 1.778349 -0.022737
 850.000000 1.815096 0.015998
 851.000000 1.727991 0.022114
 852.000000 1.860501 -0.078511
 853.000000 1.749777 0.007277
 854.000000 1.761706 0.008254
 855.000000 1.752057 0.066032
 856.000000 1.731640 -0.006069
 857.000000 1.719284 -0.045048
 858.000000 1.751100 -0.037761
 859.000000 1.705408 -0.004378
 860.000000 1.704176 -0.032553
 861.000000 1.720638 -0.007126
 862.000000 1.712423 -0.007552
 863.000000 1.720528 -0.010267
 864.000000 1.634188 0.016084
 865.000000 1.687320 0.011625
 866.000000 1.614468 0.051954
 867.000000 1.727789 0.096023
 868.000000 1.744425 0.016771
 869.000000 1.805081 0.041711
 870.000000 1.749325 0.127322
 871.000000 1.697258 0.086635
 872.000000 1.856387 0.023075
 873.000000 1.636673 0.085423
 874.000000 1.775098 0.051733
 875.000000 1.675315 -0.010268
 876.000000 1.752017 -0.009495
 877.000000 1.746960 0.007072
 878.000000 1.696850 0.133748
 879.000000 1.790178 -0.014589
 880.000000 1.750034 -0.006754
 881.000000 1.804932 -0.014071
 882.000000 1.678451 0.042255
 883.000000 1.656081 0.082202
 884.000000 1.707943 -0.015678
 885.000000 1.737076 0.012318
 886.000000 1.791450 -0.020057
 887.000000 1.694678 0.001599
 888.000000 1.700913 -0.027440
 889.000000 1.708251 0.049341
 890.000000 1.798580 0.062006
 891.000000 1.767524 -0.039851
 892.000000 1.722510 0.029634
 893.000000 1.726298 -0.047799
 894.000000 1.803041 -0.001643
 895.000000 1.868526 -0.051479
 896.000000 1.820726 0.114551
 897.000000 1.706015 -0.016185
 898.000000 1.761759 -0.015985
 899.000000 1.686468 -0.043178
 900.000000 1.703586 -0.082235
 901.000000 1.730326 -0.030219
 902.000000 1.749378 0.050201
 903.000000 1.707646 -0.001122
 904.000000 1.816051 -0.007909
 905.000000 1.822124 0.083280
 906.000000 1.751317 0.068454
 907.000000 1.758383 0.002180
 908.000000 1.729422 0.005504
 909.000000 1.807711 0.037546
 910.000000 1.837034 0.001058
 911.000000 1.777291 0.021618
 912.000000 1.810183 0.012071
 913.000000 1.768781 0.025294
 914.000000 1.749979 0.035310
 915.000000 1.807108 0.026225
 916.000000 1.659469 0.043086
 917.000000 1.734252 -0.019099
 918.000000 1.703689 0.081001
 919.000000 1.616877 0.020126
 920.000000 1.782355 -0.014645
 921.000000 1.631384 0.015132
 922.000000 1.897930 -0.119930
 923.000000 1.723393 -0.098026
 924.000000 1.686461 -0.000971
 925.000000 1.746553 -0.053588
 926.000000 1.771679 -0.098397
 927.000000 1.755367 -0.111969
 928.000000 1.690037 -0.108400
 929.000000 1.728595 -0.139190
 930.000000 1.779605 -0.055483
 931.000000 1.796740 -0.056577
 932.000000 1.707476 0.013312
 933.000000 1.774764 -0.096271
 934.000000 1.726001 -0.087983
 935.000000 1.807714 -0.022775
 936.000000 1.759285 -0.007557
 937.000000 1.656536 -0.018120
 938.000000 1.782626 -0.046047
 939.000000 1.816045 0.027036
 940.000000 1.717817 0.047294
 941.000000 1.750858 0.072175
 942.000000 1.611633 -0.073929
 943.000000 1.770476 -0.082186
 944.000000 1.622856 -0.030070
 945.000000 1.775636 -0.087006
 946.000000 1.750779 -0.059884
 947.000000 1.748876 -0.032673
 948.000000 1.617876 -0.099994
 949.000000 1.630681 -0.110117
 950.000000 1.688308 -0.091816
 951.000000 1.788648 -0.072539
 952.000000 1.768798 -0.119607
 953.000000 1.796207 -0.113293
 954.000000 1.697415 -0.017751
 955.000000 1.688818 -0.117379
 956.000000 1.683142 -0.098440
 957.000000 1.729737 -0.152863
 958.000000 1.754260 -0.166774
 959.000000 1.691080 0.120845
 960.000000 1.783016 0.005233
 961.000000 1.618797 0.022180
 962.000000 1.541013 -0.018022
 963.000000 1.847782 0.054849
 964.000000 1.693857 -0.025672
 965.000000 1.803081 0.013049
 966.000000 1.789548 0.065398
 967.000000 1.720578 0.033361
 968.000000 1.780546 0.031525
 969.000000 1.845113 0.062467
 970.000000 1.643966 0.049733
 971.000000 1.823341 -0.018690
 972.000000 1.629748 0.023682
 973.000000 1.717093 0.023624
 974.000000 1.797688 -0.041009
 975.000000 1.673629 0.060968
 976.000000 1.794676 0.116623
 977.000000 1.723834 0.083690
 978.000000 1.799121 0.041763
 979.000000 1.806648 0.000899
 980.000000 1.704846 0.140915
 981.000000 1.673303 0.005035
 982.000000 1.781646 0.052253
 983.000000 1.726806 0.077327
 984.000000 1.676724 0.075591
 985.000000 1.690932 0.014895
 986.000000 1.714199 0.054483
 987.000000 1.734699 0.015512
 988.000000 1.694336 -0.005640
 989.000000 1.697430 0.048966
 990.000000 1.702428 -0.004337
 991.000000 1.689455 -0.091980
 992.000000 1.691826 -0.023097
 993.000000 1.604706 -0.003828
 994.000000 1.714954 0.106357
 995.000000 1.663120 0.067856
 996.000000 1.770586 0.076094
 997.000000 1.724453 0.102550
 998.000000 1.712773 0.045449
 999.000000 1.672227 0.068814
 1000.000000 1.602193 -0.094023
 1001.000000 1.652153 -0.050804
 1002.000000 1.702205 -0.055544
 1003.000000 1.807969 -0.012361
 1004.000000 1.798955 -0.055151
 1005.000000 1.763679 -0.035182
 1006.000000 1.754605 -0.094239
 1007.000000 1.656891 -0.058569
 1008.000000 1.874394 -0.055116
 1009.000000 1.657817 -0.028620
 1010.000000 1.630494 -0.122124
 1011.000000 1.644214 -0.104410
 1012.000000 1.707222 -0.067703
 1013.000000 1.773643 -0.110385
 1014.000000 1.813251 -0.028515
 1015.000000 1.742118 -0.076256
 1016.000000 1.726489 -0.061911
 1017.000000 1.694299 0.053780
 1018.000000 1.706136 -0.021877
 1019.000000 1.829289 0.010634
 1020.000000 1.710292 0.004173
 1021.000000 1.697764 -0.033654
 1022.000000 1.635432 0.015617
 1023.000000 1.729096 0.009514
 1024.000000 1.652720 0.026702
 1025.000000 1.669772 0.018154
 1026.000000 1.715879 0.024077
 1027.000000 1.734256 -0.039105
 1028.000000 1.750648 -0.020805
 1029.000000 1.721686 0.007494
 1030.000000 1.778234 -0.014912
 1031.000000 1.815059 -0.073179
 1032.000000 1.677235 -0.020645
 1033.000000 1.750294 -0.005291
 1034.000000 1.684851 0.024522
 1035.000000 1.821133 -0.032308
 1036.000000 1.719403 0.007024
 1037.000000 1.664444 0.000795
 1038.000000 1.644724 0.030101
 1039.000000 1.647812 0.044442
 1040.000000 1.646102 0.022619
 1041.000000 1.765588 -0.020048
 1042.000000 1.667107 0.036308
 1043.000000 1.642538 0.032515
 1044.000000 1.702549 0.007638
 1045.000000 1.678491 0.026705
 1046.000000 1.691420 0.025899
 1047.000000 1.739467 -0.028706
 1048.000000 1.717599 0.047295
 1049.000000 1.645136 0.030626
 1050.000000 1.576158 0.000627
 1051.000000 1.613157 0.020487
 1052.000000 1.720366 0.030332
 1053.000000 1.708699 0.057759
 1054.000000 1.796078 0.016355
 1055.000000 1.718245 0.039030
 1056.000000 1.676105 0.035888
 1057.000000 1.741812 0.008219
 1058.000000 1.746428 0.000795
 1059.000000 1.758893 0.067761
 1060.000000 1.659392 -0.001498
 1061.000000 1.713444 0.018946
 1062.000000 1.840072 0.010792
 1063.000000 1.652652 0.014863
 1064.000000 1.763289 0.057695
 1065.000000 1.709775 0.012085
 1066.000000 1.717075 0.018069
 1067.000000 1.690331 -0.014155
 1068.000000 1.721674 0.051376
 1069.000000 1.797840 0.014552
 1070.000000 1.820184 0.021088
 1071.000000 1.818554 0.012381
 1072.000000 1.812274 0.012296
 1073.000000 1.717937 0.022145
 1074.000000 1.669196 0.015241
 1075.000000 1.745673 -0.002136
 1076.000000 1.734089 -0.027348
 1077.000000 1.724127 0.014679
 1078.000000 1.750608 -0.037828
 1079.000000 1.824525 -0.007895
 1080.000000 1.787757 0.039264
 1081.000000 1.766061 -0.017879
 1082.000000 1.770847 0.026539
 1083.000000 1.727249 0.059203
 1084.000000 1.657440 0.005682
 1085.000000 1.723979 0.063548
 1086.000000 1.793525 0.033323
 1087.000000 1.723478 -0.011711
 1088.000000 1.788532 0.013990
 1089.000000 1.815513 -0.005472
 1090.000000 1.769790 -0.011346
 1091.000000 1.788824 -0.019040
 1092.000000 1.733691 0.036943
 1093.000000 1.729496 0.049831
 1094.000000 1.706508 0.044174
 1095.000000 1.629071 0.022034
 1096.000000 1.778123 -0.042076
 1097.000000 1.653930 0.006124
 1098.000000 1.651059 0.004924
 1099.000000 1.683798 -0.012767
 1100.000000 1.781328 0.041451
 1101.000000 1.666277 0.063076
 1102.000000 1.679327 0.013712
 1103.000000 1.735145 0.061169
 1104.000000 1.730664 0.008459
 1105.000000 1.855992 0.025457
 1106.000000 1.781811 -0.025326
 1107.000000 1.735048 0.063033
 1108.000000 1.671700 0.036153
 1109.000000 1.755642 0.075852
 1110.000000 1.725463 0.050044
 1111.000000 1.680197 0.037525
 1112.000000 1.726688 0.075803
 1113.000000 1.672239 0.029638
 1114.000000 1.680031 0.056816
 1115.000000 1.698367 0.034955
 1116.000000 1.682021 0.040377
 1117.000000 1.793072 0.022652
 1118.000000 1.670101 -0.028186
 1119.000000 1.806346 0.033162
 1120.000000 1.734574 0.061130
 1121.000000 1.846056 0.051157
 1122.000000 1.665409 0.048721
 1123.000000 1.746885 0.067814
 1124.000000 1.734806 0.115517
 1125.000000 1.636146 0.042608
 1126.000000 1.688892 0.076559
 1127.000000 1.648042 0.040141
 1128.000000 1.619612 0.055186
 1129.000000 1.712565 0.050051
 1130.000000 1.820882 0.027313
 1131.000000 1.601372 0.029676
 1132.000000 1.718191 -0.034989
 1133.000000 1.663238 0.027671
 1134.000000 1.721871 -0.010927
 1135.000000 1.750194 0.071465
 1136.000000 1.770038 0.022718
 1137.000000 1.673475 0.058809
 1138.000000 1.633141 0.024535
 1139.000000 1.700328 0.077110
 1140.000000 1.693823 0.031669
 1141.000000 1.765251 0.051782
 1142.000000 1.664639 0.122462
 1143.000000 1.654588 0.040268
 1144.000000 1.679923 0.030632
 1145.000000 1.718861 0.053827
 1146.000000 1.627881 0.071919
 1147.000000 1.780317 0.030862
 1148.000000 1.711990 0.064798
 1149.000000 1.670806 0.067794
 1150.000000 1.644274 0.087873
 1151.000000 1.728021 0.053865
 1152.000000 1.670839 0.040495
 1153.000000 1.675820 0.056098
 1154.000000 1.690389 0.023888
 1155.000000 1.793749 0.029755
 1156.000000 1.666766 -0.116917
 1157.000000 1.775269 -0.110332
 1158.000000 1.618693 -0.149474
 1159.000000 1.674671 -0.142527
 1160.000000 1.764229 0.000572
 1161.000000 1.733100 -0.114661
 1162.000000 1.685293 -0.026624
 1163.000000 1.768555 -0.100806
 1164.000000 1.691585 -0.109775
 1165.000000 1.741491 -0.088772
 1166.000000 1.753627 -0.049032
 1167.000000 1.821945 -0.055184
 1168.000000 1.654258 -0.111822
 1169.000000 1.684544 -0.010531
 1170.000000 1.698777 -0.126983
 1171.000000 1.731998 -0.159618
 1172.000000 1.677035 -0.103153
 1173.000000 1.667798 -0.123406
 1174.000000 1.639965 -0.142753
 1175.000000 1.522856 -0.132112
 1176.000000 1.708482 -0.113883
 1177.000000 1.604797 -0.077168
 1178.000000 1.523660 -0.088503
 1179.000000 1.711663 -0.165205
 1180.000000 1.743902 -0.098228
 1181.000000 1.661488 -0.039485
 1182.000000 1.682593 -0.031636
 1183.000000 1.609902 -0.061397
 1184.000000 1.638869 0.035499
 1185.000000 1.616875 -0.088678
 1186.000000 1.677463 -0.104320
 1187.000000 1.754216 -0.017318
 1188.000000 1.888072 0.027228
 1189.000000 1.696666 -0.040681
 1190.000000 1.641742 -0.077808
 1191.000000 1.673393 -0.080418
 1192.000000 1.748171 -0.039930
 1193.000000 1.713172 -0.057576
 1194.000000 1.710374 -0.076834
 1195.000000 1.671005 -0.053643
 1196.000000 1.688585 -0.093471
 1197.000000 1.686237 -0.041368
 1198.000000 1.688117 0.004927
 1199.000000 1.632231 0.056213
 1200.000000 1.627036 0.031847
 1201.000000 1.637904 0.002037
 1202.000000 1.755121 0.031013
 1203.000000 1.613596 -0.040197
 1204.000000 1.636719 0.006562
 1205.000000 1.728236 0.007652
 1206.000000 1.698889 -0.046239
 1207.000000 1.655630 0.045532
 1208.000000 1.635856 0.060206
 1209.000000 1.627562 0.027045
 1210.000000 1.740360 0.011486
 1211.000000 1.714270 0.019831
 1212.000000 1.661102 0.057593
 1213.000000 1.673480 0.014144
 1214.000000 1.638426 -0.104276
 1215.000000 1.699372 -0.059584
 1216.000000 1.630044 -0.079809
 1217.000000 1.659274 -0.041694
 1218.000000 1.787851 0.003962
 1219.000000 1.697823 0.010957
 1220.000000 1.695312 -0.003102
 1221.000000 1.585341 -0.057162
 1222.000000 1.764347 0.017828
 1223.000000 1.600167 0.007812
 1224.000000 1.644757 -0.033713
 1225.000000 1.693074 -0.022364
 1226.000000 1.679497 -0.068081
 1227.000000 1.629114 -0.063513
 1228.000000 1.676612 -0.019285
 1229.000000 1.749356 -0.027804
 1230.000000 1.636797 0.002715
 1231.000000 1.748578 0.046450
 1232.000000 1.696613 -0.004165
 1233.000000 1.707184 -0.017877
 1234.000000 1.677802 -0.061219
 1235.000000 1.584770 0.025375
 1236.000000 1.665356 -0.109895
 1237.000000 1.756966 0.020271
 1238.000000 1.617112 0.020890
 1239.000000 1.670179 -0.071956
 1240.000000 1.653811 0.029341
 1241.000000 1.627175 -0.025971
 1242.000000 1.718349 0.024957
 1243.000000 1.639526 -0.018619
 1244.000000 1.633992 0.041610
 1245.000000 1.744874 -0.046456
 1246.000000 1.714945 -0.015909
 1247.000000 1.647221 -0.049334
 1248.000000 1.697298 -0.027631
 1249.000000 1.644179 0.045131
 1250.000000 1.588515 -0.031567
 1251.000000 1.693915 -0.048667
 1252.000000 1.748957 0.014410
 1253.000000 1.760053 0.026073
 1254.000000 1.787980 0.017095
 1255.000000 1.559261 0.010043
 1256.000000 1.659036 -0.028219
 1257.000000 1.664323 -0.013680
 1258.000000 1.604743 0.046263
 1259.000000 1.680376 0.049428
 1260.000000 1.641926 0.023270
 1261.000000 1.684785 -0.047086
 1262.000000 1.739712 -0.005277
 1263.000000 1.708989 0.019941
 1264.000000 1.628515 0.074567
 1265.000000 1.609024 -0.049657
 1266.000000 1.683474 -0.059322
 1267.000000 1.825597 0.033598
 1268.000000 1.710944 0.003691
 1269.000000 1.715427 -0.087539
 1270.000000 1.631940 -0.011878
 1271.000000 1.745867 -0.019360
 1272.000000 1.655889 -0.033554
 1273.000000 1.689207 -0.081561
 1274.000000 1.815046 -0.032669
 1275.000000 1.740036 -0.147078
 1276.000000 1.733784 -0.027200
 1277.000000 1.718643 -0.093070
 1278.000000 1.670811 -0.070696
 1279.000000 1.707646 -0.091900
 1280.000000 1.783073 -0.046762
 1281.000000 1.747543 -0.063854
 1282.000000 1.686053 -0.022016
 1283.000000 1.750346 0.047399
 1284.000000 1.587825 -0.071907
 1285.000000 1.688931 -0.012401
 1286.000000 1.717852 0.017123
 1287.000000 1.675223 -0.043274
 1288.000000 1.711762 -0.044465
 1289.000000 1.723721 0.010110
 1290.000000 1.624172 0.023315
 1291.000000 1.672376 -0.006193
 1292.000000 1.725405 -0.100373
 1293.000000 1.633464 0.020067
 1294.000000 1.689629 0.038074
 1295.000000 1.763823 -0.060754
 1296.000000 1.632010 -0.025955
 1297.000000 1.633559 -0.086888
 1298.000000 1.721998 -0.144492
 1299.000000 1.734275 -0.082499
 1300.000000 1.695644 -0.005388
 1301.000000 1.716935 -0.013897
 1302.000000 1.659011 0.023289
 1303.000000 1.642028 0.072371
 1304.000000 1.713872 0.008341
 1305.000000 1.742280 0.031797
 1306.000000 1.735246 -0.000022
 1307.000000 1.699306 -0.041955
 1308.000000 1.696667 -0.007791
 1309.000000 1.729717 -0.045292
 1310.000000 1.646832 -0.017945
 1311.000000 1.587038 -0.099973
 1312.000000 1.613438 -0.104045
 1313.000000 1.826911 -0.012119
 1314.000000 1.725135 -0.062454
 1315.000000 1.743528 -0.091102
 1316.000000 1.643849 0.061003
 1317.000000 1.741137 -0.018075
 1318.000000 1.709827 0.023465
 1319.000000 1.733646 -0.112961
 1320.000000 1.610585 0.010279
 1321.000000 1.694411 0.044466
 1322.000000 1.717021 -0.066509
 1323.000000 1.719282 -0.105607
 1324.000000 1.638614 -0.087667
 1325.000000 1.756344 -0.103516
 1326.000000 1.745535 -0.021844
 1327.000000 1.847843 0.002729
 1328.000000 1.729366 -0.006519
 1329.000000 1.720620 0.026305
 1330.000000 1.716153 0.003003
 1331.000000 1.704028 -0.003472
 1332.000000 1.770916 -0.083184
 1333.000000 1.720283 -0.149518
 1334.000000 1.768577 -0.068091
 1335.000000 1.754387 -0.022031
 1336.000000 1.713874 -0.116007
 1337.000000 1.666118 -0.114380
 1338.000000 1.773977 0.000775
 1339.000000 1.606841 -0.037717
 1340.000000 1.753814 -0.104852
 1341.000000 1.714202 -0.037408
 1342.000000 1.743271 -0.010419
 1343.000000 1.791914 -0.032472
 1344.000000 1.685758 -0.176964
 1345.000000 1.772840 0.034378
 1346.000000 1.809984 -0.031335
 1347.000000 1.798206 -0.078211
 1348.000000 1.733651 -0.003123
 1349.000000 1.706399 0.077322
 1350.000000 1.702935 -0.020090
 1351.000000 1.636879 0.025708
 1352.000000 1.598872 0.046482
 1353.000000 1.758691 0.027947
 1354.000000 1.769749 0.019652
 1355.000000 1.749986 -0.060077
 1356.000000 1.750091 -0.046721
 1357.000000 1.710318 0.076165
 1358.000000 1.686893 -0.001513
 1359.000000 1.745886 0.047683
 1360.000000 1.739233 -0.036512
 1361.000000 1.638870 0.055284
 1362.000000 1.665781 -0.032294
 1363.000000 1.614023 -0.053526
 1364.000000 1.605335 0.047175
 1365.000000 1.677636 -0.023340
 1366.000000 1.724461 0.024385
 1367.000000 1.773899 -0.076504
 1368.000000 1.649890 0.003459
 1369.000000 1.721539 -0.036404
 1370.000000 1.748230 -0.043637
 1371.000000 1.784822 0.020491
 1372.000000 1.643197 -0.046089
 1373.000000 1.778096 0.014746
 1374.000000 1.703468 0.004723
 1375.000000 1.688514 -0.093933
 1376.000000 1.784453 -0.080616
 1377.000000 1.740277 0.017519
 1378.000000 1.693391 0.018836
 1379.000000 1.752411 -0.032064
 1380.000000 1.667246 -0.083315
 1381.000000 1.819711 -0.134585
 1382.000000 1.804335 -0.136046
 1383.000000 1.846869 -0.175450
 1384.000000 1.707796 -0.108920
 1385.000000 1.781516 -0.055437
 1386.000000 1.775999 0.077411
 1387.000000 1.782819 -0.029240
 1388.000000 1.807433 -0.022846
 1389.000000 1.758190 0.026288
 1390.000000 1.722047 0.033481
 1391.000000 1.715392 -0.001062
 1392.000000 1.682362 0.041352
 1393.000000 1.838699 -0.086667
 1394.000000 1.744383 -0.097512
 1395.000000 1.690569 -0.061392
 1396.000000 1.779682 -0.069115
 1397.000000 1.700367 -0.025634
 1398.000000 1.709931 0.070630
 1399.000000 1.680157 0.064238
 1400.000000 1.645300 0.075169
 1401.000000 1.705217 0.063474
 1402.000000 1.736280 0.085894
 1403.000000 1.834457 0.042970
 1404.000000 1.758923 0.025240
 1405.000000 1.862175 0.037965
 1406.000000 1.787594 0.031298
 1407.000000 1.764026 -0.012798
 1408.000000 1.812864 -0.055260
 1409.000000 1.681001 -0.047793
 1410.000000 1.716368 -0.021159
 1411.000000 1.744641 0.008729
 1412.000000 1.748934 -0.030292
 1413.000000 1.671085 -0.017687
 1414.000000 1.785804 0.020248
 1415.000000 1.712191 -0.005869
 1416.000000 1.615503 -0.057055
 1417.000000 1.670854 0.044027
 1418.000000 1.732800 -0.013508
 1419.000000 1.727847 0.029007
 1420.000000 1.735340 0.035242
 1421.000000 1.773109 0.005273
 1422.000000 1.677321 -0.036755
 1423.000000 1.690091 -0.057444
 1424.000000 1.616200 0.044912
 1425.000000 1.774509 0.012393
 1426.000000 1.708874 0.013472
 1427.000000 1.789344 -0.056724
 1428.000000 1.724175 0.003285
 1429.000000 1.806429 -0.049313
 1430.000000 1.729835 0.020049
 1431.000000 1.772974 -0.044354
 1432.000000 1.750872 -0.002944
 1433.000000 1.897597 -0.027175
 1434.000000 1.692883 -0.048098
 1435.000000 1.849057 0.037134
 1436.000000 1.751815 0.020354
 1437.000000 1.865471 0.042430
 1438.000000 1.746995 -0.090695
 1439.000000 1.753752 -0.070716
 1440.000000 1.845111 0.014252
 1441.000000 1.764897 -0.026223
 1442.000000 1.858111 -0.056221
 1443.000000 1.846510 -0.006944
 1444.000000 1.750218 0.071429
 1445.000000 1.789445 0.001264
 1446.000000 1.798145 0.024623
 1447.000000 1.729464 -0.024736
 1448.000000 1.796273 -0.026744
 1449.000000 1.712664 0.008271
 1450.000000 1.673099 0.004176
 1451.000000 1.689430 -0.022974
 1452.000000 1.839915 -0.033846
 1453.000000 1.661160 -0.020009
 1454.000000 1.680233 -0.050109
 1455.000000 1.732830 0.017182
 1456.000000 1.766545 0.050044
 1457.000000 1.684187 -0.053100
 1458.000000 1.729193 0.055386
 1459.000000 1.676052 -0.035065
 1460.000000 1.676661 -0.021984
 1461.000000 1.752358 0.026360
 1462.000000 1.666156 -0.056070
 1463.000000 1.729530 -0.040188
 1464.000000 1.698146 -0.033886
 1465.000000 1.722245 0.000593
 1466.000000 1.859424 -0.070921
 1467.000000 1.656314 -0.038992
 1468.000000 1.745619 0.036618
 1469.000000 1.660958 -0.014963
 1470.000000 1.862752 -0.004031
 1471.000000 1.711774 -0.062264
 1472.000000 1.750328 -0.011614
 1473.000000 1.717508 -0.085586
 1474.000000 1.736803 0.022756
 1475.000000 1.670731 -0.006740
 1476.000000 1.793398 0.014058
 1477.000000 1.636882 0.004291
 1478.000000 1.690371 -0.011711
 1479.000000 1.717006 -0.105731
 1480.000000 1.709458 -0.035185
 1481.000000 1.666464 -0.013488
 1482.000000 1.749434 0.025860
 1483.000000 1.715920 -0.109686
 1484.000000 1.615662 -0.023390
 1485.000000 1.686871 -0.091152
 1486.000000 1.829141 -0.037218
 1487.000000 1.719574 -0.030171
 1488.000000 1.741013 -0.052327
 1489.000000 1.762587 0.088310
 1490.000000 1.757968 -0.145252
 1491.000000 1.834741 -0.058603
 1492.000000 1.779298 -0.001309
 1493.000000 1.806411 0.019923
 1494.000000 1.772093 -0.078106
 1495.000000 1.743540 -0.081607
 1496.000000 1.868544 -0.010900
 1497.000000 1.761333 0.009426
 1498.000000 1.698653 0.005202
 1499.000000 1.746145 -0.071056
 1500.000000 1.597336 -0.050423
 1501.000000 1.672200 -0.029177
 1502.000000 1.668532 -0.007727
 1503.000000 1.668644 -0.022270
 1504.000000 1.731411 -0.074699
 1505.000000 1.745302 -0.005352
 1506.000000 1.779064 0.010816
 1507.000000 1.800920 -0.015441
 1508.000000 1.708521 -0.032715
 1509.000000 1.658546 -0.001448
 1510.000000 1.708538 -0.001176
 1511.000000 1.686951 0.009994
 1512.000000 1.767689 0.057253
 1513.000000 1.609265 0.031515
 1514.000000 1.709977 0.030344
 1515.000000 1.798869 -0.020459
 1516.000000 1.676059 0.014000
 1517.000000 1.736968 0.084879
 1518.000000 1.659205 -0.001665
 1519.000000 1.827985 0.029038
 1520.000000 1.802503 0.035439
 1521.000000 1.756317 0.065151
 1522.000000 1.804949 -0.060132
 1523.000000 1.636870 0.049285
 1524.000000 1.751861 -0.004167
 1525.000000 1.677386 0.025754
 1526.000000 1.714726 -0.001436
 1527.000000 1.628259 -0.004043
 1528.000000 1.649357 -0.001033
 1529.000000 1.800914 -0.038532
 1530.000000 1.688317 0.001761
 1531.000000 1.769277 0.018389
 1532.000000 1.716072 -0.019083
 1533.000000 1.846656 -0.066777
 1534.000000 1.650327 -0.060521
 1535.000000 1.718570 0.016961
 1536.000000 1.777560 0.004256
 1537.000000 1.776001 0.044324
 1538.000000 1.691978 -0.008943
 1539.000000 1.791610 0.002695
 1540.000000 1.778901 0.005237
 1541.000000 1.751937 -0.089484
 1542.000000 1.728128 -0.011473
 1543.000000 1.648474 -0.036498
 1544.000000 1.696254 0.020636
 1545.000000 1.828972 0.001252
 1546.000000 1.670931 -0.022982
 1547.000000 1.743352 0.031716
 1548.000000 1.711617 0.030085
 1549.000000 1.710788 0.018667
 1550.000000 1.658278 -0.025688
 1551.000000 1.674896 -0.065933
 1552.000000 1.644547 -0.023591
 1553.000000 1.760704 -0.047034
 1554.000000 1.694498 -0.013809
 1555.000000 1.652456 0.034775
 1556.000000 1.740506 0.027286
 1557.000000 1.730804 0.042448
 1558.000000 1.869804 0.026263
 1559.000000 1.776719 -0.068701
 1560.000000 1.763938 -0.057472
 1561.000000 1.637465 0.030268
 1562.000000 1.664059 -0.046741
 1563.000000 1.753185 -0.014911
 1564.000000 1.807126 -0.022410
 1565.000000 1.748839 -0.040697
 1566.000000 1.774389 0.004110
 1567.000000 1.657679 0.005418
 1568.000000 1.734326 -0.018059
 1569.000000 1.656818 -0.044012
 1570.000000 1.749100 -0.020867
 1571.000000 1.825820 -0.029515
 1572.000000 1.719645 -0.001200
 1573.000000 1.703666 0.005011
 1574.000000 1.743556 -0.009533
 1575.000000 1.686984 -0.053365
 1576.000000 1.773274 -0.102913
 1577.000000 1.730398 -0.040621
 1578.000000 1.770914 -0.023648
 1579.000000 1.682434 -0.097129
 1580.000000 1.723026 0.004428
 1581.000000 1.708138 -0.038835
 1582.000000 1.700095 -0.050023
 1583.000000 1.819899 0.008623
 1584.000000 1.688042 -0.081112
 1585.000000 1.649199 -0.101089
 1586.000000 1.784044 -0.175026
 1587.000000 1.765758 -0.079688
 1588.000000 1.781497 -0.059828
 1589.000000 1.767339 -0.036082
 1590.000000 1.797349 -0.117398
 1591.000000 1.757497 -0.093858
 1592.000000 1.749042 -0.072263
 1593.000000 1.802962 -0.066450
 1594.000000 1.721228 -0.032400
 1595.000000 1.749162 0.047076
 1596.000000 1.776272 0.010453
 1597.000000 1.689342 -0.047479
 1598.000000 1.726808 -0.031045
 1599.000000 1.764759 -0.072325
 1600.000000 1.688499 -0.040347
 1601.000000 1.770153 -0.044232
 1602.000000 1.593152 -0.104724
 1603.000000 1.724236 0.017109
 1604.000000 1.797707 -0.002049
 1605.000000 1.704522 0.024216
 1606.000000 1.658703 0.013129
 1607.000000 1.831988 -0.012869
 1608.000000 1.699448 -0.048433
 1609.000000 1.880161 -0.030207
 1610.000000 1.756693 0.031270
 1611.000000 1.697361 0.026025
 1612.000000 1.728194 -0.000469
 1613.000000 1.737681 -0.108834
 1614.000000 1.696161 -0.052992
 1615.000000 1.687489 -0.024748
 1616.000000 1.730749 -0.073427
 1617.000000 1.612706 -0.091875
 1618.000000 1.741914 -0.070368
 1619.000000 1.769528 -0.031360
 1620.000000 1.798259 -0.028933
 1621.000000 1.689229 -0.166869
 1622.000000 1.857476 -0.074547
 1623.000000 1.826230 -0.101539
 1624.000000 1.755307 -0.001621
 1625.000000 1.766602 -0.095354
 1626.000000 1.786438 -0.099461
 1627.000000 1.769456 -0.065235
 1628.000000 1.753392 -0.115970
 1629.000000 1.813245 -0.106518
 1630.000000 1.739133 -0.206951
 1631.000000 1.792267 -0.067344
 1632.000000 1.835633 -0.097790
 1633.000000 1.816376 -0.145858
 1634.000000 1.846709 -0.071941
 1635.000000 1.692542 -0.088982
 1636.000000 1.846409 -0.074249
 1637.000000 1.725580 -0.095993
 1638.000000 1.603511 0.009811
 1639.000000 1.742991 -0.012397
 1640.000000 1.700535 -0.082748
 1641.000000 1.780109 -0.089223
 1642.000000 1.618601 -0.073489
 1643.000000 1.729030 -0.107786
 1644.000000 1.776443 -0.037002
 1645.000000 1.720929 -0.018885
 1646.000000 1.710688 -0.070634
 1647.000000 1.790077 -0.134845
 1648.000000 1.824808 -0.121983
 1649.000000 1.756291 -0.119498
 1650.000000 1.845008 -0.070863
 1651.000000 1.816507 -0.123017
 1652.000000 1.772235 -0.164387
 1653.000000 1.766514 -0.110528
 1654.000000 1.712810 -0.115403
 1655.000000 1.868909 -0.085803
 1656.000000 1.622825 -0.096855
 1657.000000 1.886807 -0.068670
 1658.000000 1.744712 -0.005454
 1659.000000 1.736944 -0.040389
 1660.000000 1.729996 -0.093587
 1661.000000 1.724103 -0.081910
 1662.000000 1.665532 -0.033307
 1663.000000 1.698262 -0.088609
 1664.000000 1.679496 -0.080285
 1665.000000 1.736881 -0.077023
 1666.000000 1.746606 -0.113278
 1667.000000 1.711603 -0.052971
 1668.000000 1.677546 -0.118673
 1669.000000 1.714419 -0.140420
 1670.000000 1.765586 -0.129596
 1671.000000 1.722798 -0.113168
 1672.000000 1.700617 -0.104882
 1673.000000 1.636805 -0.168871
 1674.000000 1.815660 -0.019772
 1675.000000 1.731142 0.006131
 1676.000000 1.790894 0.052295
 1677.000000 1.754048 0.077727
 1678.000000 1.762934 0.047819
 1679.000000 1.742354 0.048620
 1680.000000 1.702730 0.017000
 1681.000000 1.774049 0.086224
 1682.000000 1.773322 -0.038599
 1683.000000 1.761779 -0.013764
 1684.000000 1.944142 0.024539
 1685.000000 1.785964 -0.033361
 1686.000000 1.905188 -0.066629
 1687.000000 1.613111 0.010470
 1688.000000 1.644629 -0.017384
 1689.000000 1.773596 0.009079
 1690.000000 1.615614 -0.018288
 1691.000000 1.667156 -0.010573
 1692.000000 1.829534 0.010229
 1693.000000 1.677319 -0.030874
 1694.000000 1.656183 -0.061393
 1695.000000 1.708034 -0.111876
 1696.000000 1.712829 -0.019580
 1697.000000 1.671728 -0.023748
 1698.000000 1.702525 -0.015789
 1699.000000 1.814403 0.057759
 1700.000000 1.697578 -0.051802
 1701.000000 1.706681 -0.078844
 1702.000000 1.745044 -0.006102
 1703.000000 1.568713 -0.165891
 1704.000000 1.775248 -0.153164
 1705.000000 1.717996 -0.120269
 1706.000000 1.789838 -0.092472
 1707.000000 1.803611 -0.103557
 1708.000000 1.725419 -0.077501
 1709.000000 1.751584 -0.095138
 1710.000000 1.865514 -0.112418
 1711.000000 1.787335 -0.106582
 1712.000000 1.699020 -0.056138
 1713.000000 1.853801 -0.111830
 1714.000000 1.690566 -0.198477
 1715.000000 1.792597 -0.158925
 1716.000000 1.714282 -0.056893
 1717.000000 1.649697 -0.119749
 1718.000000 1.762991 -0.104517
 1719.000000 1.564092 -0.111430
 1720.000000 1.658731 -0.080635
 1721.000000 1.761846 -0.104442
 1722.000000 1.794023 -0.108506
 1723.000000 1.769330 -0.133820
 1724.000000 1.855801 -0.181506
 1725.000000 1.840732 -0.057954
 1726.000000 1.784998 -0.060108
 1727.000000 1.719555 -0.063444
 1728.000000 1.643463 -0.132600
 1729.000000 1.769295 -0.046486
 1730.000000 1.680483 -0.119592
 1731.000000 1.738137 -0.189934
 1732.000000 1.694665 -0.134303
 1733.000000 1.669258 -0.122324
 1734.000000 1.828878 -0.002656
 1735.000000 1.747522 -0.052794
 1736.000000 1.704810 0.015674
 1737.000000 1.818443 -0.067099
 1738.000000 1.675762 0.041293
 1739.000000 1.664564 0.096486
 1740.000000 1.736383 0.004551
 1741.000000 1.697234 0.089962
 1742.000000 1.720039 0.013875
 1743.000000 1.643362 0.054305
 1744.000000 1.816498 0.035272
 1745.000000 1.678304 0.013476
 1746.000000 1.707498 0.070565
 1747.000000 1.769636 0.101320
 1748.000000 1.780979 -0.007642
 1749.000000 1.684290 -0.016748
 1750.000000 1.741823 0.098433
 1751.000000 1.681973 0.069295
 1752.000000 1.757319 0.069552
 1753.000000 1.695677 -0.016498
 1754.000000 1.619134 0.000875
 1755.000000 1.653129 0.082772
 1756.000000 1.712283 0.036074
 1757.000000 1.700759 0.068381
 1758.000000 1.585117 0.019497
 1759.000000 1.833944 -0.002161
 1760.000000 1.735237 0.002272
 1761.000000 1.679814 0.032475
 1762.000000 1.651201 0.002423
 1763.000000 1.709374 0.024485
 1764.000000 1.768215 0.088521
 1765.000000 1.583089 0.059547
 1766.000000 1.598210 -0.000741
 1767.000000 1.609847 0.030028
 1768.000000 1.661458 -0.037203
 1769.000000 1.686418 0.039461
 1770.000000 1.742571 0.042564
 1771.000000 1.747928 0.013984
 1772.000000 1.688870 0.060734
 1773.000000 1.736843 -0.023537
 1774.000000 1.822571 0.083963
 1775.000000 1.739649 0.073303
 1776.000000 1.742478 0.036254
 1777.000000 1.681231 -0.000207
 1778.000000 1.781202 0.040726
 1779.000000 1.757022 0.020704
 1780.000000 1.760857 0.044727
 1781.000000 1.745725 0.038093
 1782.000000 1.811097 0.048643
 1783.000000 1.734853 0.015825
 1784.000000 1.727917 -0.013237
 1785.000000 1.701784 -0.003625
 1786.000000 1.675332 -0.024545
 1787.000000 1.640717 -0.070734
 1788.000000 1.651848 -0.057470
 1789.000000 1.688908 0.025446
 1790.000000 1.693972 0.065983
 1791.000000 1.778856 0.007144
 1792.000000 1.875653 0.027439
 1793.000000 1.742025 0.014433
 1794.000000 1.854863 0.050115
 1795.000000 1.804952 -0.020994
 1796.000000 1.696444 -0.030388
 1797.000000 1.711731 -0.085629
 1798.000000 1.791934 -0.004347
 1799.000000 1.650835 -0.002071
 1800.000000 1.761951 0.011978
 1801.000000 1.829215 -0.020326
 1802.000000 1.798909 -0.001828
 1803.000000 1.713162 -0.066129
 1804.000000 1.757742 -0.020368
 1805.000000 1.778679 -0.019864
 1806.000000 1.848485 0.074946
 1807.000000 1.729020 -0.040592
 1808.000000 1.721565 0.045390
 1809.000000 1.729427 0.006290
 1810.000000 1.871170 0.038571
 1811.000000 1.637461 0.111026
 1812.000000 1.728201 0.019423
 1813.000000 1.748216 0.068081
 1814.000000 1.722539 -0.020013
 1815.000000 1.733987 0.126667
 1816.000000 1.708722 0.050002
 1817.000000 1.918273 0.129789
 1818.000000 1.783815 0.028474
 1819.000000 1.868668 0.019014
 1820.000000 1.713685 -0.024280
 1821.000000 1.734218 0.023707
 1822.000000 1.746929 -0.006301
 1823.000000 1.601297 0.072828
 1824.000000 1.681512 -0.010193
 1825.000000 1.692346 0.002852
 1826.000000 1.743208 -0.051075
 1827.000000 1.735126 0.027551
 1828.000000 1.726526 -0.018901
 1829.000000 1.726818 -0.058326
 1830.000000 1.616226 0.032036
 1831.000000 1.736885 -0.030974
 1832.000000 1.591550 0.088900
 1833.000000 1.675004 -0.010992
 1834.000000 1.733897 -0.007096
 1835.000000 1.675483 -0.030286
 1836.000000 1.658833 0.010581
 1837.000000 1.654726 0.046355
 1838.000000 1.678977 -0.041485
 1839.000000 1.682633 0.010651
 1840.000000 1.681901 -0.047828
 1841.000000 1.807269 -0.105128
 1842.000000 1.760461 0.037234
 1843.000000 1.784303 0.043613
 1844.000000 1.800117 0.043781
 1845.000000 1.820591 0.017713
 1846.000000 1.787959 -0.011567
 1847.000000 1.806795 -0.039198
 1848.000000 1.769845 0.048356
 1849.000000 1.795862 0.106629
 1850.000000 1.793141 -0.032011
 1851.000000 1.800631 -0.011849
 1852.000000 1.726857 0.004723
 1853.000000 1.678923 0.004096
 1854.000000 1.733078 -0.038044
 1855.000000 1.783592 0.042048
 1856.000000 1.740009 -0.051823
 1857.000000 1.651598 -0.066400
 1858.000000 1.782901 -0.066737
 1859.000000 1.636351 -0.070160
 1860.000000 1.658284 0.036049
 1861.000000 1.729000 0.021802
 1862.000000 1.722497 -0.017530
 1863.000000 1.796438 0.027997
 1864.000000 1.749088 0.064357
 1865.000000 1.831539 -0.081878
 1866.000000 1.722928 -0.109812
 1867.000000 1.817007 -0.034567
 1868.000000 1.698171 -0.002553
 1869.000000 1.738252 -0.010916
 1870.000000 1.757884 0.114351
 1871.000000 1.729298 0.125903
 1872.000000 1.749020 0.111893
 1873.000000 1.739468 0.074096
 1874.000000 1.710498 -0.053489
 1875.000000 1.688761 0.087639
 1876.000000 1.754187 -0.065506
 1877.000000 1.745900 0.060285
 1878.000000 1.684023 0.035545
 1879.000000 1.765413 -0.024890
 1880.000000 1.672910 -0.045377
 1881.000000 1.618174 0.039275
 1882.000000 1.668462 0.055688
 1883.000000 1.736958 0.022400
 1884.000000 1.763405 0.023522
 1885.000000 1.591350 0.030119
 1886.000000 1.774662 -0.014433
 1887.000000 1.742304 -0.057018
 1888.000000 1.751727 0.070654
 1889.000000 1.723803 0.018974
 1890.000000 1.756323 -0.033184
 1891.000000 1.716898 0.061323
 1892.000000 1.741545 0.007749
 1893.000000 1.746029 0.103445
 1894.000000 1.713577 0.029998
 1895.000000 1.708922 -0.031309
 1896.000000 1.677958 -0.041570
 1897.000000 1.773289 -0.019786
 1898.000000 1.767507 -0.058702
 1899.000000 1.737316 -0.049834
 1900.000000 1.754097 -0.097959
 1901.000000 1.699799 -0.049020
 1902.000000 1.713701 0.001632
 1903.000000 1.725104 -0.128485
 1904.000000 1.675373 -0.073171
 1905.000000 1.738195 -0.140607
 1906.000000 1.754996 0.010783
 1907.000000 1.863483 0.145423
 1908.000000 1.699406 -0.007427
 1909.000000 1.908935 -0.041563
 1910.000000 1.882934 0.066790
 1911.000000 1.723040 0.062487
 1912.000000 1.773519 0.117283
 1913.000000 1.615471 0.009920
 1914.000000 1.770193 0.169144
 1915.000000 1.828985 -0.010219
 1916.000000 1.747739 0.016831
 1917.000000 1.736393 0.064445
 1918.000000 1.780720 0.091041
 1919.000000 1.759609 0.073835
 1920.000000 1.707741 -0.056813
 1921.000000 1.749079 0.006540
 1922.000000 1.725283 -0.023985
 1923.000000 1.672759 -0.012912
 1924.000000 1.829986 0.032936
 1925.000000 1.804871 -0.044743
 1926.000000 1.722266 0.005522
 1927.000000 1.595182 -0.087748
 1928.000000 1.754546 0.021816
 1929.000000 1.734669 0.020138
 1930.000000 1.766402 0.045905
 1931.000000 1.824764 -0.053598
 1932.000000 1.759629 0.020810
 1933.000000 1.850175 0.066377
 1934.000000 1.775122 0.040204
 1935.000000 1.824674 -0.009626
 1936.000000 1.657851 0.024739
 1937.000000 1.685570 -0.002128
 1938.000000 1.798466 0.007537
 1939.000000 1.806118 -0.001537
 1940.000000 1.830680 -0.042196
 1941.000000 1.725817 -0.028507
 1942.000000 1.644595 -0.000701
 1943.000000 1.843300 0.056780
 1944.000000 1.763929 -0.013717
 1945.000000 1.858199 0.027006
 1946.000000 1.689611 0.006543
 1947.000000 1.846341 -0.084447
 1948.000000 1.907913 0.053549
 1949.000000 1.902375 -0.025389
 1950.000000 1.722090 -0.036738
 1951.000000 1.683422 -0.120213
 1952.000000 1.733053 -0.057944
 1953.000000 1.626455 0.001119
 1954.000000 1.771239 -0.122503
 1955.000000 1.768006 -0.126512
 1956.000000 1.705690 -0.030421
 1957.000000 1.842622 -0.029803
 1958.000000 1.790749 -0.002051
 1959.000000 1.754098 -0.121024
 1960.000000 1.703629 -0.027377
 1961.000000 1.914080 0.095448
 1962.000000 1.836510 -0.029365
 1963.000000 1.739020 -0.108196
 1964.000000 1.830303 -0.031659
 1965.000000 1.729863 -0.028374
 1966.000000 1.819952 -0.013608
 1967.000000 1.832518 -0.031929
 1968.000000 1.774663 0.013010
 1969.000000 1.823117 0.002343
 1970.000000 1.760627 -0.089124
 1971.000000 1.802670 0.013518
 1972.000000 1.805514 -0.029099
 1973.000000 1.667600 0.005784
 1974.000000 1.741732 -0.032839
 1975.000000 1.641046 -0.039473
 1976.000000 1.837970 -0.061143
 1977.000000 1.762851 -0.098788
 1978.000000 1.876924 -0.132840
 1979.000000 1.771084 0.030079
 1980.000000 1.787912 -0.109376
 1981.000000 1.627525 -0.023765
 1982.000000 1.913664 -0.062082
 1983.000000 1.813289 0.035787
 1984.000000 1.794688 0.008874
 1985.000000 1.788510 -0.140767
 1986.000000 1.818809 -0.096923
 1987.000000 1.848351 -0.046825
 1988.000000 1.861152 -0.025937
 1989.000000 1.666875 -0.038471
 1990.000000 1.754228 0.009547
 1991.000000 1.713655 0.035258
 1992.000000 1.777238 0.006294
 1993.000000 1.780168 -0.016481
 1994.000000 1.775082 -0.001891
 1995.000000 1.757018 -0.007806
 1996.000000 1.758629 0.013233
 1997.000000 1.772135 -0.042956
 1998.000000 1.723458 0.030083
 1999.000000 1.783512 0.054789
 2000.000000 1.819326 0.033794
 2001.000000 1.766378 0.023500
 2002.000000 1.595414 0.051084
 2003.000000 1.748289 -0.120150
 2004.000000 1.745495 0.004076
 2005.000000 1.732545 -0.007992
 2006.000000 1.733817 0.028787
 2007.000000 1.696975 -0.091930
 2008.000000 1.703441 -0.036744
 2009.000000 1.704462 -0.061855
 2010.000000 1.898892 -0.070093
 2011.000000 1.685595 -0.018472
 2012.000000 1.865226 0.051401
 2013.000000 1.752775 0.048362
 2014.000000 1.724512 -0.033758
 2015.000000 1.742792 -0.079396
 2016.000000 1.698236 0.040564
 2017.000000 1.774083 0.021446
 2018.000000 1.677845 0.040546
 2019.000000 1.787636 -0.121794
 2020.000000 1.660094 -0.105891
 2021.000000 1.754156 -0.054862
 2022.000000 1.727675 0.067438
 2023.000000 1.763996 0.037583
 2024.000000 1.799501 0.022456
 2025.000000 1.756182 -0.010412
 2026.000000 1.657585 -0.092511
 2027.000000 1.899900 -0.037166
 2028.000000 1.797629 -0.052028
 2029.000000 1.823466 -0.049475
 2030.000000 1.792657 -0.089912
 2031.000000 1.865889 -0.064629
 2032.000000 1.823860 0.002256
 2033.000000 1.778609 -0.085307
 2034.000000 1.784949 -0.053605
 2035.000000 1.856697 -0.108103
 2036.000000 1.774984 -0.028355
 2037.000000 1.699217 0.011566
 2038.000000 1.650617 0.034198
 2039.000000 1.648076 0.008478
 2040.000000 1.565386 0.045020
 2041.000000 1.749258 -0.048971
 2042.000000 1.691304 -0.081434
 2043.000000 1.786132 0.010366
 2044.000000 1.819852 -0.022618
 2045.000000 1.755671 -0.079940
 2046.000000 1.824152 -0.065331
 2047.000000 1.737825 -0.039691
 2048.000000 1.797569 -0.016237
 2049.000000 1.837310 -0.035233
 2050.000000 1.768672 -0.046976
 2051.000000 1.878355 -0.015499
 2052.000000 1.774147 -0.002267
 2053.000000 1.723664 -0.019819
 2054.000000 1.698770 0.000427
 2055.000000 1.743721 -0.016892
 2056.000000 1.805660 -0.001779
 2057.000000 1.744932 -0.010406
 2058.000000 1.833281 0.023305
 2059.000000 1.736358 0.048243
 2060.000000 1.798218 0.072327
 2061.000000 1.813710 0.021085
 2062.000000 1.631690 0.126344
 2063.000000 1.816879 -0.010559
 2064.000000 1.899685 0.048880
 2065.000000 1.760498 -0.012427
 2066.000000 1.777538 0.047809
 2067.000000 1.663278 -0.088462
 2068.000000 1.717490 -0.027185
 2069.000000 1.719028 -0.071295
 2070.000000 1.709812 -0.096602
 2071.000000 1.792507 -0.006631
 2072.000000 1.695147 -0.016765
 2073.000000 1.775685 -0.067810
 2074.000000 1.775006 -0.039682
 2075.000000 1.750822 -0.034834
 2076.000000 1.748231 -0.036201
 2077.000000 1.822839 -0.102689
 2078.000000 1.694242 -0.035932
 2079.000000 1.712239 -0.051269
 2080.000000 1.661942 -0.088551
 2081.000000 1.703049 -0.077344
 2082.000000 1.752039 -0.101422
 2083.000000 1.780995 -0.035999
 2084.000000 1.825374 -0.018884
 2085.000000 1.768781 -0.172372
 2086.000000 1.672406 -0.019174
 2087.000000 1.765743 -0.016926
 2088.000000 1.835558 -0.068785
 2089.000000 1.706478 -0.051447
 2090.000000 1.705228 0.005417
 2091.000000 1.727046 -0.111143
 2092.000000 1.679597 0.004597
 2093.000000 1.736529 -0.055792
 2094.000000 1.766983 -0.021909
 2095.000000 1.826016 -0.105389
 2096.000000 1.754593 -0.024317
 2097.000000 1.740617 -0.121172
 2098.000000 1.850300 -0.039810
 2099.000000 1.814368 -0.027534
 2100.000000 1.835855 -0.121296
 2101.000000 1.694133 -0.029033
 2102.000000 1.724468 -0.106028
 2103.000000 1.772060 -0.004587
 2104.000000 1.827273 -0.061487
 2105.000000 1.767546 -0.010130
 2106.000000 1.861436 -0.095474
 2107.000000 1.779677 -0.062169
 2108.000000 1.816870 -0.135490
 2109.000000 1.770983 -0.019421
 2110.000000 1.736021 -0.025761
 2111.000000 1.756908 -0.059380
 2112.000000 1.778743 -0.069071
 2113.000000 1.794527 -0.027960
 2114.000000 1.734008 0.006539
 2115.000000 1.850123 -0.016915
 2116.000000 1.742282 -0.075857
 2117.000000 1.933638 -0.043820
 2118.000000 1.886783 -0.042385
 2119.000000 1.698743 -0.008320
 2120.000000 1.867598 0.078795
 2121.000000 1.764334 0.072650
 2122.000000 1.828265 -0.013272
 2123.000000 1.780689 0.060143
 2124.000000 1.872227 0.022514
 2125.000000 1.883140 0.028634
 2126.000000 1.734537 -0.048271
 2127.000000 1.880050 -0.010131
 2128.000000 1.921983 -0.016460
 2129.000000 1.764046 -0.061502
 2130.000000 1.709209 -0.033887
 2131.000000 1.772936 0.018362
 2132.000000 1.744754 -0.059337
 2133.000000 1.735392 -0.000318
 2134.000000 1.831878 -0.071755
 2135.000000 1.798664 0.077910
 2136.000000 1.766471 0.053855
 2137.000000 1.783095 -0.053893
 2138.000000 1.883743 -0.019803
 2139.000000 1.736630 -0.018407
 2140.000000 1.808189 0.091242
 2141.000000 1.728026 0.002065
 2142.000000 1.723228 0.011588
 2143.000000 1.629766 -0.021230
 2144.000000 1.768604 -0.047996
 2145.000000 1.724278 0.036468
 2146.000000 1.796120 -0.023942
 2147.000000 1.796545 0.079042
 2148.000000 1.768112 0.029253
 2149.000000 1.736156 0.037638
 2150.000000 1.808115 -0.005148
 2151.000000 1.770238 0.022886
 2152.000000 1.681248 0.006782
 2153.000000 1.755772 0.006781
 2154.000000 1.814487 0.006653
 2155.000000 1.747891 0.006544
 2156.000000 1.807416 -0.025836
 2157.000000 1.814900 -0.060753
 2158.000000 1.753280 -0.140345
 2159.000000 1.757687 0.000073
 2160.000000 1.706898 -0.017569
 2161.000000 1.726609 0.059659
 2162.000000 1.773834 0.005592
 2163.000000 1.696678 -0.031486
 2164.000000 1.651995 -0.046279
 2165.000000 1.747486 -0.070929
 2166.000000 1.687281 -0.012555
 2167.000000 1.734372 -0.003136
 2168.000000 1.869654 0.003614
 2169.000000 1.771216 -0.025954
 2170.000000 1.737897 0.037472
 2171.000000 1.864437 -0.034752
 2172.000000 1.632285 -0.034976
 2173.000000 1.710584 0.022451
 2174.000000 1.739054 -0.027343
 2175.000000 1.682800 -0.020951
 2176.000000 1.788076 -0.032453
 2177.000000 1.658010 -0.045279
 2178.000000 1.770768 -0.013073
 2179.000000 1.781221 -0.094313
 2180.000000 1.839121 -0.085133
 2181.000000 1.728639 -0.073340
 2182.000000 1.794433 -0.133835
 2183.000000 1.769989 -0.069754
 2184.000000 1.846723 -0.102290
 2185.000000 1.832510 0.002219
 2186.000000 1.758823 0.056246
 2187.000000 1.645168 -0.016695
 2188.000000 1.844173 0.032792
 2189.000000 1.745453 0.003420
 2190.000000 1.788447 0.082601
 2191.000000 1.739951 0.027613
 2192.000000 1.760215 -0.007207
 2193.000000 1.746820 -0.014825
 2194.000000 1.745494 0.061222
 2195.000000 1.775254 -0.019126
 2196.000000 1.735361 -0.071357
 2197.000000 1.659670 -0.033039
 2198.000000 1.704945 -0.044281
 2199.000000 1.831859 -0.023092
 2200.000000 1.770664 -0.000583
 2201.000000 1.759328 0.034599
 2202.000000 1.687106 0.002652
 2203.000000 1.812811 0.055994
 2204.000000 1.733884 -0.008989
 2205.000000 1.651554 0.035119
 2206.000000 1.749610 0.070866
 2207.000000 1.796304 0.082690
 2208.000000 1.763176 0.050594
 2209.000000 1.838268 0.022561
 2210.000000 1.818026 0.029945
 2211.000000 1.807825 0.034395
 2212.000000 1.712512 0.060366
 2213.000000 1.730165 0.042867
 2214.000000 1.690392 0.010105
 2215.000000 1.702614 0.080064
 2216.000000 1.643212 0.003209
 2217.000000 1.716713 0.067506
 2218.000000 1.792231 0.038966
 2219.000000 1.695878 0.003236
 2220.000000 1.783860 0.076245
 2221.000000 1.781182 0.139050
 2222.000000 1.787229 0.046342
 2223.000000 1.859683 -0.005195
 2224.000000 1.800421 0.026596
 2225.000000 1.760150 0.070605
 2226.000000 1.733053 0.049710
 2227.000000 1.700654 0.060484
 2228.000000 1.760367 0.105231
 2229.000000 1.825711 -0.026325
 2230.000000 1.765230 -0.012145
 2231.000000 1.761761 0.001137
 2232.000000 1.834365 0.044540
 2233.000000 1.755850 0.001882
 2234.000000 1.776174 -0.025783
 2235.000000 1.823653 -0.001520
 2236.000000 1.768293 -0.105269
 2237.000000 1.908687 -0.085000
 2238.000000 1.786964 -0.074201
 2239.000000 1.782456 -0.114070
 2240.000000 1.809134 -0.042526
 2241.000000 1.780018 -0.137611
 2242.000000 1.859002 0.003581
 2243.000000 1.822511 -0.091929
 2244.000000 1.882448 -0.159649
 2245.000000 1.820709 0.001069
 2246.000000 1.782325 -0.035761
 2247.000000 1.795038 -0.100324
 2248.000000 1.774402 -0.065295
 2249.000000 1.800163 -0.002514
 2250.000000 1.804578 0.048022
 2251.000000 1.861354 -0.074467
 2252.000000 1.722262 -0.017438
 2253.000000 1.782910 -0.061792
 2254.000000 1.727911 -0.060838
 2255.000000 1.723057 -0.038038
 2256.000000 1.750791 -0.022749
 2257.000000 1.824248 0.000461
 2258.000000 1.713228 0.003106
 2259.000000 1.900524 -0.011655
 2260.000000 1.706366 0.011987
 2261.000000 1.778573 -0.037134
 2262.000000 1.800348 -0.079620
 2263.000000 1.785313 -0.078747
 2264.000000 1.863290 -0.039629
 2265.000000 1.849828 0.012856
 2266.000000 1.741491 -0.036160
 2267.000000 1.732385 0.017404
 2268.000000 1.747637 0.061778
 2269.000000 1.824698 -0.047661
 2270.000000 1.748881 -0.035557
 2271.000000 1.768701 0.024904
 2272.000000 1.810762 0.058304
 2273.000000 1.786782 0.010036
 2274.000000 1.677525 -0.019004
 2275.000000 1.808376 0.009321
 2276.000000 1.713447 -0.082802
 2277.000000 1.725877 0.050778
 2278.000000 1.804793 0.010226
 2279.000000 1.816264 -0.015406
 2280.000000 1.745081 0.017233
 2281.000000 1.754248 -0.020184
 2282.000000 1.807886 0.067089
 2283.000000 1.738599 0.082684
 2284.000000 1.660006 -0.046864
 2285.000000 1.690242 0.000629
 2286.000000 1.741797 -0.040655
 2287.000000 1.833884 0.003970
 2288.000000 1.750924 0.007398
 2289.000000 1.762445 0.042923
 2290.000000 1.655899 0.028801
 2291.000000 1.746572 -0.059124
 2292.000000 1.774006 -0.048419
 2293.000000 1.868659 0.007190
 2294.000000 1.687303 0.108851
 2295.000000 1.776225 0.052029
 2296.000000 1.801113 0.065923
 2297.000000 1.811340 0.002457
 2298.000000 1.672728 -0.084589
 2299.000000 1.689160 -0.017534
 2300.000000 1.753589 -0.066795
 2301.000000 1.823370 -0.004168
 2302.000000 1.730997 -0.116397
 2303.000000 1.684354 0.039381
 2304.000000 1.790663 -0.056293
 2305.000000 1.800898 -0.029843
 2306.000000 1.762990 0.086197
 2307.000000 1.753280 -0.067991
 2308.000000 1.753262 0.004135
 2309.000000 1.803371 -0.002892
 2310.000000 1.751765 -0.062868
 2311.000000 1.685638 -0.000072
 2312.000000 1.772465 -0.021749
 2313.000000 1.762508 -0.055169
 2314.000000 1.781189 -0.049834
 2315.000000 1.831536 -0.011797
 2316.000000 1.779548 -0.089635
 2317.000000 1.787852 -0.001672
 2318.000000 1.830360 -0.080008
 2319.000000 1.826988 -0.147258
 2320.000000 1.808896 0.043022
 2321.000000 1.706888 -0.029134
 2322.000000 1.733316 -0.101127
 2323.000000 1.676678 -0.101464
 2324.000000 1.784081 -0.040583
 2325.000000 1.737169 0.044785
 2326.000000 1.845254 0.017993
 2327.000000 1.683256 0.029987
 2328.000000 1.679545 0.048938
 2329.000000 1.752640 -0.053320
 2330.000000 1.761347 -0.032788
 2331.000000 1.722221 -0.053941
 2332.000000 1.734816 -0.036500
 2333.000000 1.803197 -0.047145
 2334.000000 1.756751 -0.032578
 2335.000000 1.842809 -0.083094
 2336.000000 1.796306 -0.034140
 2337.000000 1.829014 -0.025136
 2338.000000 1.774227 -0.063209
 2339.000000 1.818077 -0.068312
 2340.000000 1.888889 -0.036509
 2341.000000 1.789712 -0.128741
 2342.000000 1.623466 0.016331
 2343.000000 1.773390 -0.106044
 2344.000000 1.878609 -0.125905
 2345.000000 1.807809 -0.023613
 2346.000000 1.733508 0.011291
 2347.000000 1.673124 -0.035422
 2348.000000 1.844920 0.061325
 2349.000000 1.791267 0.021088
 2350.000000 1.770390 0.004295
 2351.000000 1.778312 0.027378
 2352.000000 1.696908 0.029264
 2353.000000 1.733272 0.025883
 2354.000000 1.735980 -0.024691
 2355.000000 1.753264 -0.093343
 2356.000000 1.864033 0.015939
 2357.000000 1.713423 -0.017297
 2358.000000 1.777067 -0.001464
 2359.000000 1.684909 -0.068212
 2360.000000 1.737993 -0.059954
 2361.000000 1.683876 0.091177
 2362.000000 1.873085 -0.050344
 2363.000000 1.830513 -0.052134
 2364.000000 1.749299 -0.031886
 2365.000000 1.650393 -0.104240
 2366.000000 1.744833 0.017796
 2367.000000 1.779045 0.020692
 2368.000000 1.744864 0.020681
 2369.000000 1.793009 0.006638
 2370.000000 1.701612 0.000411
 2371.000000 1.764138 -0.050194
 2372.000000 1.808909 -0.044249
 2373.000000 1.758160 0.030635
 2374.000000 1.773146 0.003361
 2375.000000 1.795357 0.020107
 2376.000000 1.759097 -0.025089
 2377.000000 1.685462 0.011787
 2378.000000 1.790254 0.006168
 2379.000000 1.789193 0.057151
 2380.000000 1.793697 -0.045985
 2381.000000 1.772795 -0.019710
 2382.000000 1.823122 -0.005608
 2383.000000 1.727499 0.006292
 2384.000000 1.892771 -0.081898
 2385.000000 1.762260 -0.017914
 2386.000000 1.850934 -0.136659
 2387.000000 1.805333 0.016988
 2388.000000 1.721213 -0.044318
 2389.000000 1.775397 -0.032433
 2390.000000 1.721624 -0.009673
 2391.000000 1.743118 0.101719
 2392.000000 1.769067 -0.067348
 2393.000000 1.783478 0.048395
 2394.000000 1.777690 -0.026688
 2395.000000 1.681051 0.003478
 2396.000000 1.672831 -0.024357
 2397.000000 1.718780 -0.014226
 2398.000000 1.681177 0.024680
 2399.000000 1.735732 -0.024114
 2400.000000 1.748665 0.027960
 2401.000000 1.743750 0.004371
 2402.000000 1.763893 -0.051397
 2403.000000 1.701826 0.010124
 2404.000000 1.688735 0.011848
 2405.000000 1.581589 -0.021218
 2406.000000 1.742926 -0.011577
 2407.000000 1.774889 -0.056278
 2408.000000 1.623568 0.079304
 2409.000000 1.747147 0.006248
 2410.000000 1.801975 -0.057962
 2411.000000 1.791892 -0.139216
 2412.000000 1.604326 -0.014886
 2413.000000 1.721755 -0.059153
 2414.000000 1.855810 0.040240
 2415.000000 1.803861 -0.051057
 2416.000000 1.651683 -0.009999
 2417.000000 1.760566 -0.036518
 2418.000000 1.768880 -0.002319
 2419.000000 1.812552 -0.048070
 2420.000000 1.778911 -0.099357
 2421.000000 1.602207 -0.076176
 2422.000000 1.785789 -0.033886
 2423.000000 1.782198 0.027811
 2424.000000 1.738940 -0.030927
 2425.000000 1.798250 -0.080745
 2426.000000 1.901164 -0.025044
 2427.000000 1.830082 -0.034804
 2428.000000 1.753868 -0.028676
 2429.000000 1.790170 -0.028353
 2430.000000 1.768101 0.032134
 2431.000000 1.816407 0.031063
 2432.000000 1.849602 0.044720
 2433.000000 1.863089 0.033509
 2434.000000 1.794751 -0.050964
 2435.000000 1.788299 0.076440
 2436.000000 1.792341 0.020529
 2437.000000 1.783458 0.112609
 2438.000000 1.762038 -0.019810
 2439.000000 1.662601 0.046138
 2440.000000 1.770154 -0.074627
 2441.000000 1.769178 -0.106479
 2442.000000 1.744648 -0.037459
 2443.000000 1.694954 0.012778
 2444.000000 1.729927 -0.003711
 2445.000000 1.707153 -0.043643
 2446.000000 1.726862 0.036124
 2447.000000 1.762145 -0.046166
 2448.000000 1.733343 -0.056599
 2449.000000 1.856639 -0.034712
 2450.000000 1.749919 -0.012417
 2451.000000 1.717108 0.028807
 2452.000000 1.751988 -0.027351
 2453.000000 1.776138 0.055412
 2454.000000 1.794542 -0.026399
 2455.000000 1.677404 0.004227
 2456.000000 1.731656 -0.006314
 2457.000000 1.760100 0.053938
 2458.000000 1.698548 -0.012924
 2459.000000 1.782406 -0.119910
 2460.000000 1.767352 -0.031207
 2461.000000 1.752096 -0.065730
 2462.000000 1.725475 -0.016403
 2463.000000 1.726136 0.012502
 2464.000000 1.799353 -0.012919
 2465.000000 1.668977 -0.072250
 2466.000000 1.744900 -0.003927
 2467.000000 1.732985 0.056167
 2468.000000 1.782738 0.046139
 2469.000000 1.788920 -0.062757
 2470.000000 1.683848 0.014196
 2471.000000 1.755461 -0.004498
 2472.000000 1.791029 -0.069182
 2473.000000 1.787712 0.004624
 2474.000000 1.774479 -0.012326
 2475.000000 1.779741 -0.050092
 2476.000000 1.777810 -0.071785
 2477.000000 1.702068 -0.096265
 2478.000000 1.802807 -0.114820
 2479.000000 1.706014 -0.100952
 2480.000000 1.744210 -0.000668
 2481.000000 1.883231 -0.206799
 2482.000000 1.626251 -0.054384
 2483.000000 1.567381 -0.042424
 2484.000000 1.686050 -0.077041
 2485.000000 1.679612 -0.062706
 2486.000000 1.621270 -0.095649
 2487.000000 1.723294 -0.066842
 2488.000000 1.721159 -0.034040
 2489.000000 1.695806 -0.087909
 2490.000000 1.794559 -0.054280
 2491.000000 1.741822 -0.148394
 2492.000000 1.824468 0.000251
 2493.000000 1.731265 -0.056828
 2494.000000 1.854747 0.019971
 2495.000000 1.709283 -0.056540
 2496.000000 1.587759 -0.078819
 2497.000000 1.790897 -0.116527
 2498.000000 1.714163 -0.049283
 2499.000000 1.644722 -0.073125
 2500.000000 1.637309 -0.026836
