#! FIELDS time pd_137_140 diff
 0.000000 1.451720 1.181036
 1.000000 1.474689 1.068460
 2.000000 1.419670 1.105055
 3.000000 1.365228 1.101802
 4.000000 1.486207 1.179391
 5.000000 1.380509 1.193021
 6.000000 1.479928 0.978787
 7.000000 1.343652 1.085915
 8.000000 1.469398 1.166257
 9.000000 1.289192 1.209728
 10.000000 1.499411 1.067756
 11.000000 1.547705 1.132211
 12.000000 1.521173 1.102398
 13.000000 1.432580 1.124357
 14.000000 1.419937 0.978612
 15.000000 1.464097 1.040905
 16.000000 1.546812 1.091672
 17.000000 1.525167 1.061548
 18.000000 1.574264 1.099082
 19.000000 1.550155 1.064226
 20.000000 1.437461 1.078147
 21.000000 1.481594 1.127431
 22.000000 1.494012 1.123506
 23.000000 1.389929 1.115423
 24.000000 1.453099 1.028207
 25.000000 1.497013 1.083582
 26.000000 1.570294 1.133642
 27.000000 1.575555 1.135493
 28.000000 1.343377 1.118448
 29.000000 1.402379 1.101735
 30.000000 1.436232 1.125385
 31.000000 1.497487 0.995379
 32.000000 1.345002 1.103290
 33.000000 1.469924 1.035600
 34.000000 1.407319 1.038662
 35.000000 1.349634 1.124602
 36.000000 1.539322 1.130828
 37.000000 1.429863 1.072207
 38.000000 1.460019 1.036555
 39.000000 1.477511 1.101783
 40.000000 1.478906 1.108125
 41.000000 1.290319 1.059676
 42.000000 1.347707 1.101581
 43.000000 1.341162 1.031322
 44.000000 1.459672 1.082510
 45.000000 1.512031 1.077473
 46.000000 1.447873 1.093188
 47.000000 1.384870 1.133920
 48.000000 1.392699 1.057666
 49.000000 1.411858 1.163295
 50.000000 1.303508 1.196432
 51.000000 1.505089 1.162782
 52.000000 1.574850 1.095785
 53.000000 1.525262 0.983436
 54.000000 1.387635 1.154742
 55.000000 1.452962 1.133968
 56.000000 1.355534 1.163584
 57.000000 1.378035 1.093365
 58.000000 1.462665 1.122125
 59.000000 1.452213 1.180453
 60.000000 1.368136 1.158010
 61.000000 1.434286 1.081256
 62.000000 1.429795 1.183933
 63.000000 1.546659 1.156877
 64.000000 1.401278 1.158815
 65.000000 1.423191 1.171171
 66.000000 1.425281 1.090450
 67.000000 1.423709 1.173585
 68.000000 1.396377 1.178712
 69.000000 1.272540 1.105834
 70.000000 1.369323 1.257232
 71.000000 1.443779 1.141749
 72.000000 1.395458 1.158162
 73.000000 1.395542 1.106640
 74.000000 1.328596 1.171026
 75.000000 1.316576 1.224803
 76.000000 1.371382 1.204317
 77.000000 1.426944 1.176412
 78.000000 1.439765 1.055740
 79.000000 1.445678 1.131349
 80.000000 1.400993 1.141994
 81.000000 1.279548 1.224238
 82.000000 1.416888 1.247316
 83.000000 1.356098 1.159657
 84.000000 1.290758 1.070545
 85.000000 1.462783 1.074221
 86.000000 1.417829 1.187580
 87.000000 1.410837 1.165960
 88.000000 1.333594 1.273741
 89.000000 1.283070 1.244349
 90.000000 1.298131 1.147266
 91.000000 1.355317 1.131357
 92.000000 1.360155 1.054065
 93.000000 1.391177 1.155979
 94.000000 1.525395 1.216667
 95.000000 1.340234 1.254459
 96.000000 1.321091 1.221212
 97.000000 1.428259 0.998127
 98.000000 1.400500 1.155572
 99.000000 1.257819 1.092161
 100.000000 1.442838 1.136273
 101.000000 1.473132 1.217715
 102.000000 1.418126 1.172582
 103.000000 1.451044 1.102706
 104.000000 1.544260 1.118967
 105.000000 1.548239 1.230530
 106.000000 1.485701 1.029775
 107.000000 1.513865 1.110589
 108.000000 1.568842 1.118904
 109.000000 1.418256 1.031396
 110.000000 1.511876 1.059920
 111.000000 1.478851 1.081488
 112.000000 1.475001 1.110365
 113.000000 1.572028 1.176175
 114.000000 1.600817 1.122474
 115.000000 1.404959 1.108736
 116.000000 1.382252 1.060754
 117.000000 1.427500 1.167739
 118.000000 1.409078 1.059848
 119.000000 1.389305 1.110852
 120.000000 1.419036 1.209135
 121.000000 1.457291 1.164578
 122.000000 1.357209 1.083572
 123.000000 1.381038 1.134774
 124.000000 1.434463 1.077118
 125.000000 1.418708 1.096612
 126.000000 1.301330 1.086046
 127.000000 1.388853 1.121717
 128.000000 1.357443 1.064501
 129.000000 1.378592 1.140390
 130.000000 1.426944 1.174206
 131.000000 1.432277 1.178065
 132.000000 1.479175 1.080487
 133.000000 1.365622 1.062409
 134.000000 1.438843 1.117713
 135.000000 1.349527 1.074560
 136.000000 1.391984 1.052924
 137.000000 1.505735 1.125311
 138.000000 1.519265 1.160388
 139.000000 1.352139 1.057324
 140.000000 1.326550 1.029475
 141.000000 1.454444 1.101303
 142.000000 1.380467 1.048216
 143.000000 1.326475 1.048563
 144.000000 1.499244 1.134799
 145.000000 1.351141 1.084652
 146.000000 1.453326 1.083291
 147.000000 1.431763 1.063144
 148.000000 1.373796 1.177505
 149.000000 1.443925 1.049350
 150.000000 1.563170 1.037675
 151.000000 1.563233 1.095152
 152.000000 1.395660 1.059233
 153.000000 1.535192 1.175963
 154.000000 1.435657 1.041926
 155.000000 1.424534 1.093985
 156.000000 1.521089 1.069241
 157.000000 1.503642 1.092928
 158.000000 1.438049 1.021911
 159.000000 1.463356 1.026202
 160.000000 1.405728 1.091980
 161.000000 1.391696 1.000005
 162.000000 1.478288 1.036326
 163.000000 1.431083 1.008701
 164.000000 1.418632 1.105499
 165.000000 1.422952 1.081714
 166.000000 1.425187 1.053556
 167.000000 1.370835 1.157887
 168.000000 1.451412 1.173291
 169.000000 1.450044 1.020467
 170.000000 1.440947 1.070470
 171.000000 1.428899 1.058225
 172.000000 1.461285 1.122992
 173.000000 1.369003 1.000819
 174.000000 1.355465 1.019023
 175.000000 1.309957 1.083173
 176.000000 1.422889 1.091674
 177.000000 1.424199 1.007962
 178.000000 1.461066 1.096963
 179.000000 1.478217 1.109169
 180.000000 1.361858 1.085807
 181.000000 1.361171 1.125659
 182.000000 1.418968 1.015117
 183.000000 1.440694 1.017136
 184.000000 1.489760 1.121399
 185.000000 1.412286 1.069140
 186.000000 1.474237 1.063373
 187.000000 1.461755 1.035345
 188.000000 1.435890 1.093276
 189.000000 1.440897 1.028422
 190.000000 1.334929 1.084061
 191.000000 1.347637 1.070906
 192.000000 1.454073 1.129444
 193.000000 1.451433 1.085068
 194.000000 1.338287 1.062735
 195.000000 1.461167 1.007338
 196.000000 1.526758 1.148658
 197.000000 1.463585 1.079688
 198.000000 1.431574 0.998914
 199.000000 1.497777 1.055780
 200.000000 1.414894 1.126002
 201.000000 1.434944 1.046673
 202.000000 1.539834 1.155431
 203.000000 1.380132 1.074374
 204.000000 1.445862 1.000842
 205.000000 1.460556 1.060188
 206.000000 1.370144 1.042041
 207.000000 1.357392 1.093722
 208.000000 1.314142 1.155510
 209.000000 1.439439 1.137163
 210.000000 1.506256 1.095396
 211.000000 1.418735 1.119729
 212.000000 1.446478 1.076562
 213.000000 1.375451 1.093073
 214.000000 1.418070 1.081406
 215.000000 1.442235 1.104173
 216.000000 1.401731 1.114603
 217.000000 1.536453 1.129817
 218.000000 1.458550 1.076976
 219.000000 1.295807 1.159837
 220.000000 1.364741 1.126997
 221.000000 1.368421 0.998426
 222.000000 1.262512 1.073634
 223.000000 1.379182 1.125268
 224.000000 1.495537 1.164165
 225.000000 1.460263 1.088778
 226.000000 1.360885 1.109904
 227.000000 1.366136 1.011651
 228.000000 1.267555 1.106459
 229.000000 1.331506 1.164750
 230.000000 1.424785 1.145991
 231.000000 1.350738 1.165079
 232.000000 1.397592 1.097408
 233.000000 1.283675 1.027727
 234.000000 1.399126 1.034764
 235.000000 1.365207 0.995261
 236.000000 1.398266 1.096341
 237.000000 1.270954 1.098800
 238.000000 1.394130 1.052177
 239.000000 1.459386 1.133256
 240.000000 1.554027 1.083113
 241.000000 1.403673 1.099462
 242.000000 1.434749 1.109824
 243.000000 1.416529 1.067042
 244.000000 1.600681 1.055311
 245.000000 1.383730 1.121555
 246.000000 1.347240 1.095539
 247.000000 1.338446 1.045772
 248.000000 1.387686 1.120265
 249.000000 1.427590 1.137294
 250.000000 1.415116 1.210199
 251.000000 1.461892 1.145085
 252.000000 1.341015 1.064273
 253.000000 1.515430 1.041868
 254.000000 1.469661 1.166128
 255.000000 1.369543 1.130129
 256.000000 1.460330 1.101162
 257.000000 1.292349 1.069986
 258.000000 1.429230 1.077959
 259.000000 1.402405 1.097596
 260.000000 1.350126 1.276013
 261.000000 1.377854 0.973471
 262.000000 1.472290 1.116076
 263.000000 1.377397 1.109011
 264.000000 1.372094 1.149277
 265.000000 1.468792 1.201639
 266.000000 1.393170 1.080855
 267.000000 1.431759 1.098304
 268.000000 1.506575 1.180084
 269.000000 1.344972 1.207379
 270.000000 1.432371 1.114822
 271.000000 1.398484 1.146813
 272.000000 1.387892 1.106958
 273.000000 1.378124 1.166274
 274.000000 1.539289 1.185973
 275.000000 1.460738 1.138262
 276.000000 1.374314 1.082096
 277.000000 1.374185 1.109864
 278.000000 1.450440 1.155588
 279.000000 1.432827 1.148171
 280.000000 1.377598 1.158402
 281.000000 1.479239 1.149082
 282.000000 1.379620 1.142920
 283.000000 1.373866 1.211211
 284.000000 1.431593 1.101482
 285.000000 1.453353 1.094389
 286.000000 1.480465 1.069526
 287.000000 1.466499 1.168296
 288.000000 1.428240 1.096158
 289.000000 1.470321 1.171245
 290.000000 1.424878 1.084966
 291.000000 1.497988 1.052053
 292.000000 1.362736 0.981682
 293.000000 1.415549 1.068926
 294.000000 1.489477 1.088398
 295.000000 1.365010 1.082846
 296.000000 1.510249 1.117659
 297.000000 1.371680 1.060989
 298.000000 1.367640 1.013039
 299.000000 1.550898 1.060450
 300.000000 1.523123 1.166665
 301.000000 1.472336 1.032573
 302.000000 1.341127 1.133593
 303.000000 1.406273 1.108589
 304.000000 1.388344 1.106916
 305.000000 1.478368 1.129608
 306.000000 1.391474 1.070501
 307.000000 1.452608 1.156612
 308.000000 1.405072 1.162933
 309.000000 1.422842 1.118001
 310.000000 1.379469 1.116723
 311.000000 1.401180 1.137600
 312.000000 1.407465 1.171516
 313.000000 1.464663 1.100066
 314.000000 1.389113 1.148366
 315.000000 1.399106 1.134378
 316.000000 1.411318 1.027960
 317.000000 1.347026 1.153561
 318.000000 1.334902 1.166271
 319.000000 1.418280 1.092219
 320.000000 1.440064 1.156954
 321.000000 1.451093 1.132414
 322.000000 1.416416 1.070040
 323.000000 1.533684 1.054407
 324.000000 1.484742 1.053233
 325.000000 1.426401 1.101206
 326.000000 1.382715 1.058843
 327.000000 1.456479 1.111063
 328.000000 1.489445 1.077858
 329.000000 1.458103 1.061394
 330.000000 1.448636 1.138408
 331.000000 1.500771 1.163684
 332.000000 1.558294 1.123825
 333.000000 1.511465 1.045417
 334.000000 1.461801 1.152157
 335.000000 1.435986 1.156581
 336.000000 1.444103 1.116319
 337.000000 1.432791 1.053372
 338.000000 1.439695 1.156191
 339.000000 1.518611 1.207115
 340.000000 1.499048 1.047484
 341.000000 1.423902 1.005492
 342.000000 1.449324 1.081504
 343.000000 1.430347 1.091821
 344.000000 1.483713 1.164621
 345.000000 1.330136 1.122450
 346.000000 1.503943 1.061261
 347.000000 1.328392 1.205929
 348.000000 1.479093 1.109198
 349.000000 1.400679 1.107229
 350.000000 1.445626 1.066903
 351.000000 1.326329 1.106915
 352.000000 1.486032 1.122130
 353.000000 1.365536 1.018637
 354.000000 1.508098 1.141899
 355.000000 1.221090 1.079664
 356.000000 1.309366 1.046769
 357.000000 1.520646 1.058291
 358.000000 1.441297 0.997713
 359.000000 1.493421 1.006777
 360.000000 1.548369 1.072727
 361.000000 1.477291 1.068448
 362.000000 1.479508 1.032202
 363.000000 1.395619 0.991035
 364.000000 1.523971 1.073776
 365.000000 1.529485 1.053845
 366.000000 1.509837 1.062413
 367.000000 1.470656 1.062798
 368.000000 1.451844 1.017683
 369.000000 1.371593 1.087971
 370.000000 1.548787 1.124236
 371.000000 1.389026 1.102302
 372.000000 1.483971 1.111109
 373.000000 1.514834 1.019302
 374.000000 1.477486 1.223691
 375.000000 1.432690 1.174605
 376.000000 1.436781 1.148076
 377.000000 1.537967 1.280517
 378.000000 1.399980 1.172334
 379.000000 1.461665 1.090091
 380.000000 1.568020 1.149217
 381.000000 1.509544 1.218835
 382.000000 1.469645 1.122316
 383.000000 1.477701 1.072038
 384.000000 1.602886 1.099624
 385.000000 1.559638 1.071491
 386.000000 1.498168 1.103669
 387.000000 1.536573 1.053065
 388.000000 1.437571 1.049006
 389.000000 1.469166 1.037873
 390.000000 1.468177 1.144646
 391.000000 1.550746 1.101021
 392.000000 1.536299 1.123205
 393.000000 1.477710 1.132029
 394.000000 1.466566 1.115832
 395.000000 1.531591 1.100393
 396.000000 1.483835 1.033054
 397.000000 1.411211 0.979168
 398.000000 1.422531 1.112250
 399.000000 1.473913 0.969463
 400.000000 1.541996 1.033162
 401.000000 1.487163 1.037922
 402.000000 1.522370 1.036276
 403.000000 1.501848 1.087210
 404.000000 1.449798 1.086034
 405.000000 1.349041 1.122194
 406.000000 1.328711 1.134305
 407.000000 1.411033 1.097838
 408.000000 1.434301 0.971750
 409.000000 1.393255 1.091252
 410.000000 1.439840 1.074662
 411.000000 1.430988 1.090169
 412.000000 1.340767 1.125997
 413.000000 1.510137 1.086947
 414.000000 1.374730 1.107232
 415.000000 1.431203 1.130086
 416.000000 1.446689 1.162960
 417.000000 1.392798 1.119401
 418.000000 1.382055 1.150555
 419.000000 1.403534 1.051578
 420.000000 1.420137 0.995192
 421.000000 1.518960 1.090723
 422.000000 1.366375 1.230080
 423.000000 1.422250 1.019307
 424.000000 1.587903 1.117982
 425.000000 1.457311 1.084045
 426.000000 1.539387 0.990592
 427.000000 1.398286 1.063218
 428.000000 1.405633 1.186445
 429.000000 1.406790 1.132779
 430.000000 1.598491 1.096153
 431.000000 1.449062 1.256881
 432.000000 1.498738 1.137234
 433.000000 1.466964 1.107185
 434.000000 1.543466 0.995520
 435.000000 1.468232 1.121606
 436.000000 1.332619 1.067823
 437.000000 1.388612 1.202169
 438.000000 1.309664 1.119982
 439.000000 1.405368 1.098250
 440.000000 1.399690 1.076943
 441.000000 1.541518 0.964266
 442.000000 1.454598 1.098015
 443.000000 1.432977 1.045665
 444.000000 1.425713 1.134279
 445.000000 1.394413 1.089708
 446.000000 1.479176 1.035838
 447.000000 1.493390 1.121720
 448.000000 1.472884 1.076316
 449.000000 1.464562 1.042690
 450.000000 1.434942 1.047004
 451.000000 1.466433 1.036536
 452.000000 1.491008 1.142020
 453.000000 1.470396 1.076272
 454.000000 1.415823 1.171343
 455.000000 1.524502 1.085318
 456.000000 1.527514 1.104460
 457.000000 1.488648 1.061073
 458.000000 1.440855 1.125727
 459.000000 1.478945 1.152736
 460.000000 1.524358 1.080723
 461.000000 1.495827 1.058528
 462.000000 1.484194 1.065034
 463.000000 1.553335 1.024722
 464.000000 1.494784 0.996081
 465.000000 1.461465 1.078088
 466.000000 1.348584 1.179022
 467.000000 1.417861 1.090907
 468.000000 1.447901 1.035319
 469.000000 1.524433 1.135726
 470.000000 1.457140 1.216196
 471.000000 1.488122 1.111404
 472.000000 1.482472 1.044084
 473.000000 1.331096 1.102354
 474.000000 1.366003 1.102786
 475.000000 1.370078 1.160496
 476.000000 1.353919 1.196928
 477.000000 1.330488 1.149963
 478.000000 1.287028 1.037229
 479.000000 1.339198 1.056115
 480.000000 1.493260 1.138942
 481.000000 1.417971 1.122526
 482.000000 1.530714 1.044098
 483.000000 1.404182 1.097152
 484.000000 1.353724 1.067492
 485.000000 1.424979 1.107248
 486.000000 1.428962 1.123941
 487.000000 1.430311 1.088661
 488.000000 1.479600 1.084603
 489.000000 1.453525 1.034002
 490.000000 1.375249 1.003167
 491.000000 1.398576 1.058784
 492.000000 1.380602 1.058304
 493.000000 1.425771 1.130496
 494.000000 1.401512 1.145726
 495.000000 1.402206 1.051961
 496.000000 1.362566 1.109148
 497.000000 1.401600 1.052508
 498.000000 1.511907 0.985707
 499.000000 1.448903 1.223116
 500.000000 1.426311 1.109733
 501.000000 1.472249 1.170794
 502.000000 1.426723 1.249404
 503.000000 1.520843 1.103457
 504.000000 1.425175 1.088438
 505.000000 1.555424 1.190426
 506.000000 1.465241 1.185401
 507.000000 1.524697 1.122068
 508.000000 1.433711 1.125795
 509.000000 1.584721 1.082235
 510.000000 1.515584 1.074681
 511.000000 1.504452 1.124454
 512.000000 1.548506 1.183051
 513.000000 1.493749 1.109612
 514.000000 1.493099 1.056877
 515.000000 1.549599 1.036590
 516.000000 1.407758 1.068469
 517.000000 1.454835 1.151573
 518.000000 1.430261 1.030174
 519.000000 1.362284 1.030327
 520.000000 1.521652 1.003132
 521.000000 1.386266 1.141404
 522.000000 1.532454 1.148680
 523.000000 1.523621 1.064717
 524.000000 1.426032 1.089376
 525.000000 1.507218 1.044675
 526.000000 1.437822 1.063648
 527.000000 1.465714 1.133736
 528.000000 1.463971 1.110412
 529.000000 1.484758 1.079039
 530.000000 1.469751 1.004046
 531.000000 1.546585 1.244934
 532.000000 1.617939 1.185770
 533.000000 1.478372 1.183059
 534.000000 1.572900 1.144872
 535.000000 1.385918 1.068459
 536.000000 1.529648 1.175230
 537.000000 1.563131 1.163472
 538.000000 1.434720 1.205252
 539.000000 1.488099 1.174354
 540.000000 1.415914 1.110062
 541.000000 1.326305 1.179581
 542.000000 1.445150 1.068898
 543.000000 1.400912 1.149275
 544.000000 1.569577 1.011673
 545.000000 1.467049 1.190147
 546.000000 1.604480 1.046217
 547.000000 1.521071 1.123793
 548.000000 1.543878 1.027937
 549.000000 1.515858 1.226976
 550.000000 1.420135 1.102703
 551.000000 1.458433 1.143061
 552.000000 1.340845 1.149524
 553.000000 1.484625 1.177354
 554.000000 1.495892 1.118144
 555.000000 1.446271 1.160118
 556.000000 1.433768 1.144681
 557.000000 1.578419 1.153609
 558.000000 1.533212 1.031568
 559.000000 1.466214 1.157258
 560.000000 1.475942 1.133954
 561.000000 1.480338 1.024962
 562.000000 1.531798 1.132189
 563.000000 1.353510 1.067824
 564.000000 1.605871 1.161424
 565.000000 1.494158 1.192780
 566.000000 1.468165 1.216484
 567.000000 1.631937 1.132551
 568.000000 1.418567 1.125972
 569.000000 1.606823 1.086461
 570.000000 1.476491 1.171403
 571.000000 1.488914 1.101898
 572.000000 1.627060 1.256626
 573.000000 1.580010 1.158166
 574.000000 1.452265 1.084008
 575.000000 1.578300 1.086787
 576.000000 1.512396 1.100043
 577.000000 1.530753 1.095588
 578.000000 1.478438 1.023580
 579.000000 1.543792 1.172167
 580.000000 1.563172 1.041334
 581.000000 1.555442 1.119578
 582.000000 1.535467 1.036186
 583.000000 1.497459 1.193091
 584.000000 1.486466 1.088910
 585.000000 1.551747 1.076979
 586.000000 1.580895 1.042554
 587.000000 1.569072 1.068207
 588.000000 1.548973 1.137850
 589.000000 1.503705 1.089020
 590.000000 1.542061 1.114661
 591.000000 1.454057 1.042088
 592.000000 1.470767 1.095452
 593.000000 1.449526 1.076324
 594.000000 1.440218 1.056478
 595.000000 1.552104 1.020184
 596.000000 1.563295 1.081285
 597.000000 1.543137 1.054874
 598.000000 1.571082 1.135126
 599.000000 1.503013 1.109802
 600.000000 1.448095 1.085466
 601.000000 1.499717 1.112585
 602.000000 1.578113 1.049546
 603.000000 1.555601 1.070959
 604.000000 1.592030 1.019632
 605.000000 1.422541 1.101865
 606.000000 1.479020 1.044482
 607.000000 1.531340 1.037952
 608.000000 1.445913 1.162627
 609.000000 1.425834 1.143092
 610.000000 1.522209 1.251126
 611.000000 1.445890 1.110170
 612.000000 1.448931 1.089495
 613.000000 1.602098 1.168042
 614.000000 1.562331 1.143519
 615.000000 1.432608 1.124495
 616.000000 1.510991 0.981403
 617.000000 1.557074 1.103224
 618.000000 1.448681 1.071365
 619.000000 1.578429 1.082402
 620.000000 1.583224 1.190138
 621.000000 1.514835 1.195389
 622.000000 1.566669 1.129112
 623.000000 1.589813 1.174561
 624.000000 1.549873 1.150921
 625.000000 1.494303 1.049221
 626.000000 1.545210 1.007974
 627.000000 1.596275 1.040291
 628.000000 1.581479 1.145448
 629.000000 1.534093 1.125613
 630.000000 1.471805 1.001476
 631.000000 1.529068 1.112230
 632.000000 1.496973 1.092304
 633.000000 1.576424 1.125216
 634.000000 1.624920 1.039219
 635.000000 1.506073 1.116963
 636.000000 1.474921 1.076699
 637.000000 1.414216 1.081095
 638.000000 1.324012 1.125249
 639.000000 1.427805 1.076564
 640.000000 1.573537 1.091768
 641.000000 1.536011 1.056148
 642.000000 1.476460 1.139897
 643.000000 1.583983 1.044251
 644.000000 1.507919 1.091459
 645.000000 1.478815 1.090342
 646.000000 1.563055 1.020285
 647.000000 1.477069 1.036306
 648.000000 1.525558 1.133003
 649.000000 1.599150 1.055919
 650.000000 1.604442 1.144197
 651.000000 1.524650 1.067689
 652.000000 1.641247 1.108349
 653.000000 1.558412 1.109327
 654.000000 1.587117 1.128772
 655.000000 1.478403 1.231742
 656.000000 1.413844 1.090286
 657.000000 1.533325 1.027639
 658.000000 1.522214 1.029429
 659.000000 1.578330 1.094682
 660.000000 1.476122 1.114644
 661.000000 1.518101 1.066584
 662.000000 1.602429 1.157033
 663.000000 1.468681 1.121251
 664.000000 1.457892 1.056455
 665.000000 1.385982 1.157141
 666.000000 1.600905 1.144518
 667.000000 1.505603 1.122708
 668.000000 1.495947 1.082736
 669.000000 1.459995 1.067547
 670.000000 1.546385 1.108349
 671.000000 1.503798 1.116194
 672.000000 1.525637 1.140284
 673.000000 1.501443 1.159205
 674.000000 1.508164 1.212747
 675.000000 1.497063 1.158409
 676.000000 1.521529 1.098213
 677.000000 1.630610 1.074709
 678.000000 1.421589 1.094737
 679.000000 1.436633 1.117954
 680.000000 1.506116 1.070604
 681.000000 1.508777 1.049011
 682.000000 1.466399 1.023187
 683.000000 1.480793 1.054351
 684.000000 1.562277 1.086862
 685.000000 1.470540 1.205051
 686.000000 1.491963 1.113010
 687.000000 1.523570 1.170238
 688.000000 1.582749 1.080240
 689.000000 1.519838 1.118568
 690.000000 1.508056 1.075164
 691.000000 1.433645 1.203944
 692.000000 1.514237 1.156500
 693.000000 1.574146 1.148908
 694.000000 1.485461 1.099781
 695.000000 1.405359 1.100991
 696.000000 1.500692 1.083197
 697.000000 1.522843 1.168906
 698.000000 1.652486 1.136908
 699.000000 1.463119 1.137179
 700.000000 1.482843 1.003148
 701.000000 1.464973 1.066544
 702.000000 1.475525 1.080777
 703.000000 1.370799 1.114915
 704.000000 1.462233 1.032872
 705.000000 1.546269 0.991527
 706.000000 1.400616 1.118972
 707.000000 1.451736 1.154712
 708.000000 1.460954 1.147794
 709.000000 1.449716 1.036589
 710.000000 1.421636 1.088601
 711.000000 1.412126 1.114525
 712.000000 1.469980 1.083664
 713.000000 1.667857 0.992387
 714.000000 1.418779 1.075996
 715.000000 1.529756 1.039686
 716.000000 1.544215 1.103586
 717.000000 1.534484 1.037984
 718.000000 1.503542 1.112976
 719.000000 1.441476 0.961328
 720.000000 1.490717 1.032446
 721.000000 1.506815 1.016960
 722.000000 1.394099 1.083965
 723.000000 1.388753 1.250714
 724.000000 1.538766 1.127838
 725.000000 1.498771 1.125362
 726.000000 1.543582 1.036931
 727.000000 1.346943 1.096269
 728.000000 1.467933 1.040072
 729.000000 1.454280 0.929439
 730.000000 1.484252 1.044993
 731.000000 1.478411 1.164559
 732.000000 1.476816 1.076776
 733.000000 1.582895 1.086474
 734.000000 1.514800 0.990019
 735.000000 1.453927 1.053184
 736.000000 1.675078 1.067857
 737.000000 1.513206 1.133225
 738.000000 1.488587 1.151737
 739.000000 1.519697 1.136392
 740.000000 1.457826 1.045747
 741.000000 1.526186 1.031624
 742.000000 1.491187 1.140436
 743.000000 1.461287 1.180897
 744.000000 1.540711 1.153599
 745.000000 1.362136 0.981677
 746.000000 1.557144 1.074568
 747.000000 1.472208 1.078247
 748.000000 1.559234 1.172598
 749.000000 1.585768 1.103740
 750.000000 1.592362 1.069693
 751.000000 1.551712 1.087208
 752.000000 1.496139 1.205364
 753.000000 1.446426 1.125214
 754.000000 1.517486 1.046961
 755.000000 1.599909 1.136928
 756.000000 1.491345 1.067900
 757.000000 1.417557 1.081673
 758.000000 1.533583 1.107521
 759.000000 1.430591 1.160631
 760.000000 1.357807 1.109363
 761.000000 1.440012 1.152913
 762.000000 1.476199 1.185773
 763.000000 1.493860 1.117543
 764.000000 1.456040 1.063313
 765.000000 1.364425 1.158366
 766.000000 1.538783 1.194344
 767.000000 1.515663 1.137156
 768.000000 1.315630 0.990957
 769.000000 1.342264 1.127459
 770.000000 1.462910 1.075378
 771.000000 1.361708 1.138780
 772.000000 1.419575 1.137401
 773.000000 1.527786 1.149847
 774.000000 1.307642 1.106719
 775.000000 1.417004 1.125608
 776.000000 1.579709 1.211258
 777.000000 1.409676 1.032816
 778.000000 1.384991 1.171902
 779.000000 1.513062 1.136196
 780.000000 1.426369 1.104174
 781.000000 1.423075 1.054390
 782.000000 1.365913 1.117821
 783.000000 1.372546 1.089826
 784.000000 1.359251 1.120396
 785.000000 1.417291 1.082538
 786.000000 1.335816 1.023144
 787.000000 1.371954 1.088535
 788.000000 1.438374 1.113358
 789.000000 1.516979 1.108663
 790.000000 1.464542 1.180783
 791.000000 1.421177 1.033652
 792.000000 1.530917 1.082438
 793.000000 1.467351 1.152515
 794.000000 1.414531 1.145744
 795.000000 1.423087 1.062709
 796.000000 1.354796 1.120400
 797.000000 1.567968 1.077539
 798.000000 1.279392 1.055531
 799.000000 1.313563 1.111997
 800.000000 1.424682 1.143330
 801.000000 1.289112 1.129800
 802.000000 1.467594 1.170947
 803.000000 1.423772 1.126551
 804.000000 1.427191 1.212005
 805.000000 1.592803 1.079239
 806.000000 1.422944 1.011372
 807.000000 1.464067 1.132864
 808.000000 1.508173 1.096375
 809.000000 1.595360 1.041210
 810.000000 1.474269 1.100285
 811.000000 1.443378 1.006642
 812.000000 1.541616 1.035208
 813.000000 1.465052 1.099081
 814.000000 1.453902 1.142375
 815.000000 1.471847 1.104337
 816.000000 1.396294 1.154247
 817.000000 1.507262 1.207191
 818.000000 1.554544 1.145822
 819.000000 1.405778 1.131305
 820.000000 1.455449 1.136229
 821.000000 1.415468 1.222815
 822.000000 1.510170 1.140693
 823.000000 1.373634 1.110328
 824.000000 1.361350 1.123628
 825.000000 1.550442 1.150472
 826.000000 1.431655 1.082430
 827.000000 1.493238 1.070080
 828.000000 1.409138 1.011957
 829.000000 1.481337 1.141866
 830.000000 1.535533 1.153613
 831.000000 1.463785 1.100275
 832.000000 1.580803 1.150294
 833.000000 1.458027 1.009244
 834.000000 1.362796 0.977827
 835.000000 1.404858 1.002345
 836.000000 1.416828 1.148282
 837.000000 1.512920 1.158144
 838.000000 1.455035 1.137412
 839.000000 1.314780 1.121057
 840.000000 1.277843 1.143157
 841.000000 1.448586 1.175699
 842.000000 1.412997 1.073992
 843.000000 1.420803 1.106862
 844.000000 1.435436 1.045958
 845.000000 1.477541 1.190343
 846.000000 1.476480 1.152533
 847.000000 1.488740 1.160395
 848.000000 1.401479 1.141000
 849.000000 1.519082 1.085293
 850.000000 1.539130 1.095152
 851.000000 1.348475 1.034269
 852.000000 1.454305 1.108722
 853.000000 1.419024 1.102057
 854.000000 1.553789 1.119108
 855.000000 1.401003 1.128265
 856.000000 1.530079 1.060147
 857.000000 1.435750 1.060391
 858.000000 1.463674 1.094493
 859.000000 1.518691 1.089352
 860.000000 1.475082 1.080500
 861.000000 1.491714 1.088480
 862.000000 1.475240 1.046988
 863.000000 1.409067 1.147996
 864.000000 1.446857 0.976514
 865.000000 1.436633 1.048831
 866.000000 1.528127 1.070430
 867.000000 1.482531 1.051016
 868.000000 1.540956 1.088378
 869.000000 1.490275 1.023382
 870.000000 1.569235 1.122648
 871.000000 1.499932 1.116272
 872.000000 1.445144 1.034820
 873.000000 1.440066 1.046373
 874.000000 1.482233 1.100170
 875.000000 1.475925 1.107899
 876.000000 1.430324 1.043302
 877.000000 1.471481 1.085910
 878.000000 1.453919 1.123229
 879.000000 1.461793 1.147792
 880.000000 1.408958 1.066465
 881.000000 1.317800 1.036677
 882.000000 1.494931 1.050651
 883.000000 1.416713 0.989804
 884.000000 1.463511 1.019425
 885.000000 1.402921 1.115397
 886.000000 1.358282 1.136655
 887.000000 1.319374 1.011587
 888.000000 1.445651 1.106446
 889.000000 1.438177 1.127092
 890.000000 1.317971 1.049205
 891.000000 1.446229 1.116644
 892.000000 1.444088 1.108176
 893.000000 1.443307 1.031476
 894.000000 1.536936 1.115601
 895.000000 1.556483 1.033517
 896.000000 1.553514 1.028305
 897.000000 1.446007 1.035001
 898.000000 1.421214 1.036837
 899.000000 1.502238 1.005233
 900.000000 1.409962 1.067502
 901.000000 1.408360 1.101074
 902.000000 1.419232 1.103588
 903.000000 1.450461 1.130693
 904.000000 1.459015 1.020615
 905.000000 1.406401 1.067280
 906.000000 1.386622 1.074223
 907.000000 1.415721 1.109054
 908.000000 1.440211 1.067958
 909.000000 1.470985 1.153889
 910.000000 1.348415 1.157924
 911.000000 1.479021 1.062526
 912.000000 1.391875 1.148515
 913.000000 1.347630 1.093732
 914.000000 1.443284 1.072923
 915.000000 1.386679 1.208481
 916.000000 1.532591 1.103353
 917.000000 1.563828 1.100405
 918.000000 1.443855 1.143718
 919.000000 1.430814 1.035032
 920.000000 1.484361 1.073838
 921.000000 1.458605 1.050802
 922.000000 1.382405 1.023763
 923.000000 1.487032 1.024565
 924.000000 1.483815 1.158782
 925.000000 1.351473 1.137400
 926.000000 1.454534 1.079500
 927.000000 1.446832 1.106384
 928.000000 1.490806 1.037995
 929.000000 1.472723 1.090240
 930.000000 1.331634 1.107572
 931.000000 1.402578 1.166064
 932.000000 1.450572 1.087288
 933.000000 1.513121 1.155842
 934.000000 1.513581 1.074125
 935.000000 1.554729 1.033303
 936.000000 1.406769 1.141540
 937.000000 1.402755 1.103178
 938.000000 1.351434 1.071130
 939.000000 1.479283 1.057167
 940.000000 1.513435 1.041331
 941.000000 1.504540 0.998635
 942.000000 1.528980 1.170876
 943.000000 1.387369 1.070903
 944.000000 1.323351 1.108652
 945.000000 1.400064 1.087871
 946.000000 1.400001 1.158519
 947.000000 1.447904 1.021611
 948.000000 1.449413 1.088403
 949.000000 1.557808 1.039506
 950.000000 1.530263 0.966388
 951.000000 1.432916 0.979386
 952.000000 1.365012 1.144391
 953.000000 1.422781 1.132402
 954.000000 1.411735 1.031343
 955.000000 1.416069 0.988478
 956.000000 1.412723 0.959907
 957.000000 1.430598 1.078975
 958.000000 1.481201 1.092061
 959.000000 1.455963 0.984658
 960.000000 1.454984 1.029010
 961.000000 1.517178 1.097483
 962.000000 1.603940 1.031026
 963.000000 1.403270 1.140018
 964.000000 1.323874 1.074277
 965.000000 1.536062 1.069786
 966.000000 1.478980 1.071266
 967.000000 1.442796 1.125950
 968.000000 1.511901 1.064736
 969.000000 1.469207 1.051709
 970.000000 1.366113 1.090806
 971.000000 1.320404 0.994500
 972.000000 1.472908 1.094400
 973.000000 1.398484 1.111934
 974.000000 1.338596 1.074499
 975.000000 1.422473 1.152505
 976.000000 1.415099 1.150457
 977.000000 1.383040 1.066451
 978.000000 1.419069 1.186035
 979.000000 1.437598 1.024629
 980.000000 1.428726 1.082462
 981.000000 1.361415 1.162980
 982.000000 1.366229 1.201510
 983.000000 1.440185 1.075258
 984.000000 1.320212 1.119295
 985.000000 1.317533 1.021025
 986.000000 1.336224 1.098024
 987.000000 1.418604 1.087635
 988.000000 1.390471 1.209132
 989.000000 1.398644 1.109785
 990.000000 1.360537 1.197701
 991.000000 1.433990 1.095458
 992.000000 1.361032 1.014784
 993.000000 1.360505 1.045368
 994.000000 1.325047 1.085738
 995.000000 1.385940 1.080604
 996.000000 1.332418 1.149728
 997.000000 1.254598 1.055335
 998.000000 1.216044 1.029556
 999.000000 1.280445 1.152027
 1000.000000 1.307098 1.123542
 1001.000000 1.224998 1.181584
 1002.000000 1.220479 1.114132
 1003.000000 1.262460 1.090891
 1004.000000 1.437431 1.019286
 1005.000000 1.412761 1.163353
 1006.000000 1.471889 1.153121
 1007.000000 1.230404 1.081298
 1008.000000 1.317742 1.089778
 1009.000000 1.390522 1.080071
 1010.000000 1.360678 1.125403
 1011.000000 1.200106 1.185733
 1012.000000 1.379155 1.075951
 1013.000000 1.389445 1.172217
 1014.000000 1.326038 1.194376
 1015.000000 1.472707 1.079289
 1016.000000 1.311857 1.054330
 1017.000000 1.408839 1.053863
 1018.000000 1.393711 1.067426
 1019.000000 1.423347 1.148344
 1020.000000 1.364018 1.173608
 1021.000000 1.379904 1.103299
 1022.000000 1.494404 1.071815
 1023.000000 1.358076 1.153564
 1024.000000 1.427684 1.125410
 1025.000000 1.314599 1.138191
 1026.000000 1.418800 0.987148
 1027.000000 1.428263 1.188574
 1028.000000 1.375622 1.142120
 1029.000000 1.381464 1.147092
 1030.000000 1.289645 1.123474
 1031.000000 1.432016 1.032435
 1032.000000 1.387798 1.041289
 1033.000000 1.255329 1.062335
 1034.000000 1.248377 1.041575
 1035.000000 1.314817 1.160521
 1036.000000 1.235623 1.053348
 1037.000000 1.287314 1.081913
 1038.000000 1.335434 1.166174
 1039.000000 1.464611 1.108705
 1040.000000 1.442469 1.085003
 1041.000000 1.269878 1.066753
 1042.000000 1.296549 1.061045
 1043.000000 1.420177 1.103457
 1044.000000 1.441054 1.006410
 1045.000000 1.435587 1.125500
 1046.000000 1.411025 1.036757
 1047.000000 1.422525 1.065828
 1048.000000 1.283382 1.150053
 1049.000000 1.489551 1.158711
 1050.000000 1.328475 1.033154
 1051.000000 1.481165 1.101563
 1052.000000 1.332702 1.094095
 1053.000000 1.317344 1.166549
 1054.000000 1.292626 1.101697
 1055.000000 1.441316 1.122385
 1056.000000 1.329227 1.131057
 1057.000000 1.382772 1.097612
 1058.000000 1.461336 1.082580
 1059.000000 1.360527 1.061107
 1060.000000 1.395748 1.188913
 1061.000000 1.376607 1.113701
 1062.000000 1.422382 1.102578
 1063.000000 1.374991 1.110096
 1064.000000 1.433655 1.144079
 1065.000000 1.361878 1.075268
 1066.000000 1.441081 1.100400
 1067.000000 1.395182 1.036261
 1068.000000 1.395430 1.021505
 1069.000000 1.468464 0.993230
 1070.000000 1.388886 1.023407
 1071.000000 1.368919 1.112080
 1072.000000 1.423892 1.126553
 1073.000000 1.470460 1.030339
 1074.000000 1.489939 1.063128
 1075.000000 1.403192 1.060786
 1076.000000 1.452915 1.177757
 1077.000000 1.375394 1.176499
 1078.000000 1.471013 1.117943
 1079.000000 1.494754 1.081886
 1080.000000 1.448971 1.076050
 1081.000000 1.349250 1.061352
 1082.000000 1.386857 1.060783
 1083.000000 1.430093 1.094039
 1084.000000 1.345119 0.996512
 1085.000000 1.345903 0.999139
 1086.000000 1.343576 0.992267
 1087.000000 1.425594 1.140062
 1088.000000 1.366509 0.895032
 1089.000000 1.350340 1.106900
 1090.000000 1.370349 1.126676
 1091.000000 1.425109 1.095102
 1092.000000 1.265291 1.166037
 1093.000000 1.423334 1.106559
 1094.000000 1.435469 1.077220
 1095.000000 1.384494 1.059302
 1096.000000 1.346012 0.987202
 1097.000000 1.440273 1.030904
 1098.000000 1.522051 1.053438
 1099.000000 1.359122 1.062347
 1100.000000 1.445991 1.085868
 1101.000000 1.373521 1.148932
 1102.000000 1.454958 1.141798
 1103.000000 1.414590 1.122789
 1104.000000 1.381458 1.147531
 1105.000000 1.423544 1.110724
 1106.000000 1.413685 1.059430
 1107.000000 1.366966 1.030368
 1108.000000 1.335160 1.146662
 1109.000000 1.357807 1.096752
 1110.000000 1.458317 1.056575
 1111.000000 1.380954 1.000505
 1112.000000 1.338852 1.033504
 1113.000000 1.469647 1.076961
 1114.000000 1.261540 1.076697
 1115.000000 1.303169 0.956061
 1116.000000 1.390805 1.084169
 1117.000000 1.410752 1.047300
 1118.000000 1.351528 1.036884
 1119.000000 1.347669 1.029924
 1120.000000 1.376443 1.085759
 1121.000000 1.402570 1.047481
 1122.000000 1.296801 1.191711
 1123.000000 1.349511 1.074900
 1124.000000 1.371782 1.118976
 1125.000000 1.373622 1.223428
 1126.000000 1.313080 1.064533
 1127.000000 1.438779 1.029142
 1128.000000 1.354973 0.991731
 1129.000000 1.355256 1.085133
 1130.000000 1.388934 1.127573
 1131.000000 1.261756 1.075487
 1132.000000 1.386032 1.074436
 1133.000000 1.294029 1.060087
 1134.000000 1.440097 1.143565
 1135.000000 1.436540 1.162859
 1136.000000 1.386002 1.049463
 1137.000000 1.299820 1.094987
 1138.000000 1.358752 1.009125
 1139.000000 1.352124 1.157186
 1140.000000 1.352643 1.053377
 1141.000000 1.490597 1.132826
 1142.000000 1.311145 1.187291
 1143.000000 1.293488 1.115435
 1144.000000 1.415212 1.079933
 1145.000000 1.207688 1.106179
 1146.000000 1.313922 1.055526
 1147.000000 1.280147 1.000407
 1148.000000 1.403308 1.099811
 1149.000000 1.451504 1.132950
 1150.000000 1.377405 1.062775
 1151.000000 1.399353 0.985701
 1152.000000 1.470855 0.940889
 1153.000000 1.481702 1.156309
 1154.000000 1.293384 1.120480
 1155.000000 1.459928 1.077379
 1156.000000 1.532927 1.156532
 1157.000000 1.419991 1.096970
 1158.000000 1.282299 1.130498
 1159.000000 1.426957 1.066518
 1160.000000 1.345398 1.092171
 1161.000000 1.373936 1.097745
 1162.000000 1.370561 1.082523
 1163.000000 1.420739 1.101835
 1164.000000 1.290471 1.161076
 1165.000000 1.448948 1.123374
 1166.000000 1.374921 1.074410
 1167.000000 1.323073 1.170338
 1168.000000 1.294461 1.093440
 1169.000000 1.341685 1.108780
 1170.000000 1.328772 1.144908
 1171.000000 1.391040 1.070903
 1172.000000 1.342232 1.045628
 1173.000000 1.381597 1.118313
 1174.000000 1.361648 1.007896
 1175.000000 1.513606 1.043331
 1176.000000 1.364127 1.019698
 1177.000000 1.352876 1.019672
 1178.000000 1.426905 1.132110
 1179.000000 1.445622 1.102859
 1180.000000 1.495974 1.151919
 1181.000000 1.413594 1.172397
 1182.000000 1.586016 1.064893
 1183.000000 1.451312 1.109398
 1184.000000 1.568637 1.147091
 1185.000000 1.467708 1.139432
 1186.000000 1.505418 1.068762
 1187.000000 1.510189 1.088930
 1188.000000 1.380661 1.076022
 1189.000000 1.423285 1.168310
 1190.000000 1.480039 1.137781
 1191.000000 1.497613 1.142279
 1192.000000 1.449411 1.107485
 1193.000000 1.390531 1.133964
 1194.000000 1.493678 1.066347
 1195.000000 1.443078 1.092396
 1196.000000 1.297774 1.163776
 1197.000000 1.284239 1.131410
 1198.000000 1.381703 1.165231
 1199.000000 1.306226 1.167773
 1200.000000 1.402585 1.146705
 1201.000000 1.288708 1.114934
 1202.000000 1.322562 1.095706
 1203.000000 1.319399 1.109467
 1204.000000 1.187285 1.123981
 1205.000000 1.294925 1.062941
 1206.000000 1.335849 1.112422
 1207.000000 1.278533 1.022367
 1208.000000 1.242540 0.986291
 1209.000000 1.359156 0.968778
 1210.000000 1.365755 1.156779
 1211.000000 1.340701 1.087815
 1212.000000 1.513760 1.043557
 1213.000000 1.418909 1.081317
 1214.000000 1.574781 1.062539
 1215.000000 1.462188 1.067438
 1216.000000 1.349524 1.134238
 1217.000000 1.360063 1.099835
 1218.000000 1.335499 1.117499
 1219.000000 1.354878 1.061267
 1220.000000 1.377629 1.173832
 1221.000000 1.475669 1.085694
 1222.000000 1.379438 1.059921
 1223.000000 1.400202 1.134611
 1224.000000 1.291320 1.162152
 1225.000000 1.279756 1.134207
 1226.000000 1.426550 1.096534
 1227.000000 1.349272 1.150687
 1228.000000 1.337530 1.166098
 1229.000000 1.354797 1.102937
 1230.000000 1.411551 1.105856
 1231.000000 1.299481 1.124667
 1232.000000 1.403101 1.153631
 1233.000000 1.311909 1.090344
 1234.000000 1.266240 1.099157
 1235.000000 1.338901 1.172234
 1236.000000 1.369473 1.129744
 1237.000000 1.373533 1.056857
 1238.000000 1.405689 1.130782
 1239.000000 1.387923 1.137353
 1240.000000 1.341747 1.144973
 1241.000000 1.340303 1.159256
 1242.000000 1.440857 1.107487
 1243.000000 1.338071 1.091054
 1244.000000 1.432841 1.096916
 1245.000000 1.389965 1.112130
 1246.000000 1.289865 1.134005
 1247.000000 1.360425 1.051755
 1248.000000 1.415500 1.085130
 1249.000000 1.402447 1.263882
 1250.000000 1.311258 1.155649
 1251.000000 1.396272 1.091986
 1252.000000 1.506565 1.105028
 1253.000000 1.435674 1.133661
 1254.000000 1.335513 1.094994
 1255.000000 1.361138 1.094186
 1256.000000 1.364378 1.130113
 1257.000000 1.500917 1.152753
 1258.000000 1.415609 1.083972
 1259.000000 1.372709 1.088971
 1260.000000 1.314907 1.093706
 1261.000000 1.430409 1.170487
 1262.000000 1.372534 1.165148
 1263.000000 1.426418 1.018052
 1264.000000 1.377618 1.162685
 1265.000000 1.484537 1.086447
 1266.000000 1.419775 1.103845
 1267.000000 1.437148 1.047827
 1268.000000 1.360008 1.072514
 1269.000000 1.488043 1.095436
 1270.000000 1.389734 1.084955
 1271.000000 1.436090 1.210288
 1272.000000 1.453657 1.132096
 1273.000000 1.517884 1.081102
 1274.000000 1.444894 1.151293
 1275.000000 1.377496 1.047255
 1276.000000 1.375308 1.037948
 1277.000000 1.501933 1.126946
 1278.000000 1.406273 1.062127
 1279.000000 1.498408 1.110527
 1280.000000 1.460731 1.033327
 1281.000000 1.449478 1.067564
 1282.000000 1.423737 1.125486
 1283.000000 1.393320 1.067545
 1284.000000 1.446186 1.082828
 1285.000000 1.530319 1.152623
 1286.000000 1.502865 1.146643
 1287.000000 1.439248 1.122025
 1288.000000 1.523345 1.215947
 1289.000000 1.418246 1.120677
 1290.000000 1.500989 1.092432
 1291.000000 1.563474 1.109822
 1292.000000 1.437342 1.150809
 1293.000000 1.480878 1.149517
 1294.000000 1.375673 1.036199
 1295.000000 1.429699 1.050737
 1296.000000 1.330501 1.132274
 1297.000000 1.427694 1.164899
 1298.000000 1.348265 1.164311
 1299.000000 1.367478 1.100883
 1300.000000 1.357842 1.171230
 1301.000000 1.432257 1.101216
 1302.000000 1.303422 1.169295
 1303.000000 1.325216 1.093735
 1304.000000 1.402387 1.068229
 1305.000000 1.281337 1.069870
 1306.000000 1.336224 1.132176
 1307.000000 1.433346 1.203964
 1308.000000 1.440443 1.186765
 1309.000000 1.427416 1.212467
 1310.000000 1.360591 1.178907
 1311.000000 1.433071 1.163498
 1312.000000 1.463666 1.188589
 1313.000000 1.488143 1.177055
 1314.000000 1.413256 1.084122
 1315.000000 1.479032 1.086357
 1316.000000 1.386288 1.170741
 1317.000000 1.362078 1.186091
 1318.000000 1.403842 1.022672
 1319.000000 1.403430 1.031690
 1320.000000 1.459535 1.119387
 1321.000000 1.516496 1.063328
 1322.000000 1.526397 1.061094
 1323.000000 1.368465 1.125003
 1324.000000 1.348941 1.074080
 1325.000000 1.471977 1.101346
 1326.000000 1.490986 1.130938
 1327.000000 1.395486 1.168006
 1328.000000 1.366580 1.217149
 1329.000000 1.426207 1.108107
 1330.000000 1.456428 1.102289
 1331.000000 1.352847 1.146925
 1332.000000 1.436813 1.179525
 1333.000000 1.544374 1.106794
 1334.000000 1.516185 1.097502
 1335.000000 1.357796 1.089757
 1336.000000 1.369738 1.063025
 1337.000000 1.371410 1.202398
 1338.000000 1.417180 1.083641
 1339.000000 1.388901 1.076965
 1340.000000 1.413873 1.073568
 1341.000000 1.370027 1.092599
 1342.000000 1.403606 1.166974
 1343.000000 1.447813 1.188807
 1344.000000 1.339259 1.157313
 1345.000000 1.296857 1.110997
 1346.000000 1.381366 1.133102
 1347.000000 1.340934 1.202122
 1348.000000 1.373851 1.170042
 1349.000000 1.351759 1.014240
 1350.000000 1.399585 1.121642
 1351.000000 1.362001 1.189291
 1352.000000 1.301385 1.105027
 1353.000000 1.425571 1.085669
 1354.000000 1.528036 1.160017
 1355.000000 1.495923 1.123862
 1356.000000 1.292155 1.091256
 1357.000000 1.416095 1.173449
 1358.000000 1.432819 1.052207
 1359.000000 1.468795 1.033219
 1360.000000 1.437238 1.142130
 1361.000000 1.362288 1.143727
 1362.000000 1.391403 1.023850
 1363.000000 1.285405 1.091861
 1364.000000 1.410053 1.076056
 1365.000000 1.270672 1.216468
 1366.000000 1.389416 1.121492
 1367.000000 1.327719 1.198967
 1368.000000 1.401435 1.161954
 1369.000000 1.363851 1.150965
 1370.000000 1.381278 1.041156
 1371.000000 1.318393 1.141781
 1372.000000 1.368814 1.118485
 1373.000000 1.362310 1.103445
 1374.000000 1.441670 1.038330
 1375.000000 1.381873 1.107708
 1376.000000 1.454460 1.046383
 1377.000000 1.439235 1.203643
 1378.000000 1.453731 1.109870
 1379.000000 1.428352 1.091344
 1380.000000 1.572996 1.117297
 1381.000000 1.500229 1.116029
 1382.000000 1.439220 1.089260
 1383.000000 1.398978 1.172165
 1384.000000 1.511823 1.113239
 1385.000000 1.579263 1.105835
 1386.000000 1.502133 1.109102
 1387.000000 1.502223 1.122773
 1388.000000 1.563602 1.089812
 1389.000000 1.514967 1.018552
 1390.000000 1.425353 1.161144
 1391.000000 1.516907 1.087607
 1392.000000 1.520123 1.077879
 1393.000000 1.479155 1.105615
 1394.000000 1.484186 1.129469
 1395.000000 1.399486 1.177613
 1396.000000 1.439108 1.159246
 1397.000000 1.476503 1.180415
 1398.000000 1.496621 1.187500
 1399.000000 1.411585 1.073106
 1400.000000 1.534500 1.031079
 1401.000000 1.411297 1.112291
 1402.000000 1.422254 1.134096
 1403.000000 1.384533 1.078769
 1404.000000 1.317300 1.152501
 1405.000000 1.447404 1.152238
 1406.000000 1.433072 1.142130
 1407.000000 1.401781 1.179450
 1408.000000 1.302593 1.188530
 1409.000000 1.334620 1.137001
 1410.000000 1.557986 1.118321
 1411.000000 1.554870 1.132800
 1412.000000 1.462739 1.092551
 1413.000000 1.562740 1.086792
 1414.000000 1.465561 1.052953
 1415.000000 1.505463 1.173974
 1416.000000 1.633412 1.157382
 1417.000000 1.385302 1.128079
 1418.000000 1.529751 1.049919
 1419.000000 1.460887 1.053847
 1420.000000 1.586137 1.105932
 1421.000000 1.473376 1.133411
 1422.000000 1.498967 1.120990
 1423.000000 1.449066 1.136643
 1424.000000 1.524821 1.094179
 1425.000000 1.532812 1.146253
 1426.000000 1.555546 1.046213
 1427.000000 1.615506 1.138907
 1428.000000 1.420820 1.105783
 1429.000000 1.496134 1.143548
 1430.000000 1.542942 1.130558
 1431.000000 1.607815 1.116265
 1432.000000 1.510091 1.109044
 1433.000000 1.455308 1.094079
 1434.000000 1.511212 1.119915
 1435.000000 1.509525 1.105882
 1436.000000 1.403597 1.144726
 1437.000000 1.578232 1.133878
 1438.000000 1.397583 1.063897
 1439.000000 1.405503 1.051818
 1440.000000 1.396677 1.207953
 1441.000000 1.530178 1.142297
 1442.000000 1.351606 1.218790
 1443.000000 1.361993 1.195978
 1444.000000 1.467304 1.133172
 1445.000000 1.384693 0.979794
 1446.000000 1.431036 1.096452
 1447.000000 1.526588 1.177726
 1448.000000 1.508986 1.132301
 1449.000000 1.386290 1.145422
 1450.000000 1.378959 1.037697
 1451.000000 1.438670 1.092547
 1452.000000 1.385137 1.120097
 1453.000000 1.415850 1.066205
 1454.000000 1.499687 1.098852
 1455.000000 1.451742 1.121983
 1456.000000 1.649956 1.135377
 1457.000000 1.465117 1.097896
 1458.000000 1.408847 1.100334
 1459.000000 1.448709 1.140399
 1460.000000 1.335418 1.123202
 1461.000000 1.417808 1.186695
 1462.000000 1.440065 1.121652
 1463.000000 1.563133 1.226419
 1464.000000 1.389004 1.102786
 1465.000000 1.366121 1.164339
 1466.000000 1.509001 1.127429
 1467.000000 1.491291 1.101581
 1468.000000 1.537588 1.072927
 1469.000000 1.422492 1.155669
 1470.000000 1.536280 1.041756
 1471.000000 1.352571 1.122760
 1472.000000 1.423310 1.073383
 1473.000000 1.399159 1.095568
 1474.000000 1.392329 1.032241
 1475.000000 1.334601 1.032840
 1476.000000 1.458696 1.096079
 1477.000000 1.486364 1.132360
 1478.000000 1.438606 0.993055
 1479.000000 1.366239 1.033879
 1480.000000 1.237090 1.078292
 1481.000000 1.384835 1.147166
 1482.000000 1.461294 1.108259
 1483.000000 1.431082 1.090791
 1484.000000 1.461673 1.134638
 1485.000000 1.436325 1.140351
 1486.000000 1.426250 1.061272
 1487.000000 1.429534 1.109242
 1488.000000 1.466657 1.081000
 1489.000000 1.352522 1.085645
 1490.000000 1.476441 1.034674
 1491.000000 1.425615 1.049300
 1492.000000 1.411005 1.066522
 1493.000000 1.498563 1.149116
 1494.000000 1.552029 1.088084
 1495.000000 1.484216 1.062224
 1496.000000 1.419205 1.092155
 1497.000000 1.444632 1.106218
 1498.000000 1.448583 1.111242
 1499.000000 1.388777 1.194332
 1500.000000 1.399568 1.110744
 1501.000000 1.425127 1.210871
 1502.000000 1.477999 1.136942
 1503.000000 1.413569 1.155478
 1504.000000 1.254165 1.167204
 1505.000000 1.426582 1.199754
 1506.000000 1.303473 1.169117
 1507.000000 1.372726 1.168369
 1508.000000 1.481274 1.153083
 1509.000000 1.508978 1.055084
 1510.000000 1.361215 1.141038
 1511.000000 1.488239 1.163802
 1512.000000 1.404945 1.160314
 1513.000000 1.403456 1.135647
 1514.000000 1.449368 1.112353
 1515.000000 1.372647 1.116976
 1516.000000 1.357219 1.082764
 1517.000000 1.430560 1.185294
 1518.000000 1.331487 1.110098
 1519.000000 1.416188 1.199211
 1520.000000 1.440261 1.053986
 1521.000000 1.481587 1.092424
 1522.000000 1.350001 1.050109
 1523.000000 1.362929 1.064083
 1524.000000 1.402864 1.140273
 1525.000000 1.479378 1.141529
 1526.000000 1.421418 1.208927
 1527.000000 1.427113 1.107904
 1528.000000 1.369881 1.088209
 1529.000000 1.394946 1.167897
 1530.000000 1.490910 1.085928
 1531.000000 1.372319 1.059985
 1532.000000 1.214538 0.992263
 1533.000000 1.281190 1.086378
 1534.000000 1.335548 1.020941
 1535.000000 1.469627 1.036076
 1536.000000 1.447254 1.099397
 1537.000000 1.493712 1.047883
 1538.000000 1.369366 1.083178
 1539.000000 1.454944 1.019135
 1540.000000 1.437217 0.990284
 1541.000000 1.412445 1.121263
 1542.000000 1.463785 1.052959
 1543.000000 1.445982 1.127055
 1544.000000 1.520021 1.128303
 1545.000000 1.484464 1.092649
 1546.000000 1.411487 1.138704
 1547.000000 1.465349 1.063814
 1548.000000 1.424941 1.093454
 1549.000000 1.495754 1.054392
 1550.000000 1.486294 1.055954
 1551.000000 1.375229 0.968413
 1552.000000 1.450323 0.997264
 1553.000000 1.482755 1.124829
 1554.000000 1.377736 1.139030
 1555.000000 1.481108 1.167046
 1556.000000 1.420022 1.058014
 1557.000000 1.351696 1.298013
 1558.000000 1.490305 1.098894
 1559.000000 1.509569 1.208061
 1560.000000 1.378045 1.207614
 1561.000000 1.472538 1.085626
 1562.000000 1.369198 1.129450
 1563.000000 1.379349 1.082616
 1564.000000 1.466568 1.183698
 1565.000000 1.537600 1.204969
 1566.000000 1.469791 1.125449
 1567.000000 1.353448 1.193071
 1568.000000 1.482692 1.196733
 1569.000000 1.398545 1.067814
 1570.000000 1.465391 1.068216
 1571.000000 1.474218 1.150143
 1572.000000 1.526307 1.122248
 1573.000000 1.480155 1.121664
 1574.000000 1.448417 1.272380
 1575.000000 1.455232 1.090717
 1576.000000 1.511429 1.222875
 1577.000000 1.380453 1.049096
 1578.000000 1.355341 1.151859
 1579.000000 1.505354 1.150047
 1580.000000 1.475075 1.144779
 1581.000000 1.425989 1.061859
 1582.000000 1.378827 1.115759
 1583.000000 1.384957 0.985238
 1584.000000 1.381991 1.020742
 1585.000000 1.319207 1.100290
 1586.000000 1.461657 1.062438
 1587.000000 1.519088 1.109746
 1588.000000 1.436823 1.150638
 1589.000000 1.391213 1.104477
 1590.000000 1.417313 1.044400
 1591.000000 1.287198 1.111584
 1592.000000 1.450420 1.054293
 1593.000000 1.513340 1.045612
 1594.000000 1.370541 1.117859
 1595.000000 1.421004 1.111166
 1596.000000 1.455275 1.204271
 1597.000000 1.491076 1.133486
 1598.000000 1.371713 1.170446
 1599.000000 1.272809 1.108240
 1600.000000 1.365354 1.146268
 1601.000000 1.398702 1.063360
 1602.000000 1.331328 1.176218
 1603.000000 1.453728 1.124497
 1604.000000 1.332460 1.179501
 1605.000000 1.408854 1.077627
 1606.000000 1.550361 1.111593
 1607.000000 1.441566 1.079501
 1608.000000 1.445103 1.101946
 1609.000000 1.417783 1.074012
 1610.000000 1.384852 1.061405
 1611.000000 1.429561 1.158247
 1612.000000 1.468500 1.003292
 1613.000000 1.362370 1.156794
 1614.000000 1.412728 1.108308
 1615.000000 1.448738 1.093945
 1616.000000 1.279318 1.137911
 1617.000000 1.299306 1.157318
 1618.000000 1.376220 0.964394
 1619.000000 1.409302 1.188323
 1620.000000 1.402415 1.191042
 1621.000000 1.367313 1.109487
 1622.000000 1.381325 1.038659
 1623.000000 1.364996 1.085843
 1624.000000 1.376083 1.090073
 1625.000000 1.292391 1.086058
 1626.000000 1.425023 1.161203
 1627.000000 1.428268 1.100894
 1628.000000 1.481889 1.110143
 1629.000000 1.437286 1.019655
 1630.000000 1.407767 1.133724
 1631.000000 1.342421 1.038326
 1632.000000 1.336976 0.984266
 1633.000000 1.530308 1.078095
 1634.000000 1.415579 1.086777
 1635.000000 1.460529 1.073298
 1636.000000 1.466728 1.122505
 1637.000000 1.527778 1.047988
 1638.000000 1.549351 1.145296
 1639.000000 1.530193 1.137817
 1640.000000 1.506819 1.117435
 1641.000000 1.376465 1.124338
 1642.000000 1.428760 1.154294
 1643.000000 1.433692 1.092051
 1644.000000 1.360564 1.216996
 1645.000000 1.370275 1.187465
 1646.000000 1.466246 1.148156
 1647.000000 1.265832 1.155878
 1648.000000 1.402204 1.160138
 1649.000000 1.404661 1.154321
 1650.000000 1.316772 1.175645
 1651.000000 1.419001 1.016297
 1652.000000 1.439292 1.157056
 1653.000000 1.369384 1.158039
 1654.000000 1.413780 1.168126
 1655.000000 1.293658 1.131908
 1656.000000 1.407980 1.153254
 1657.000000 1.260569 1.143543
 1658.000000 1.516083 1.102687
 1659.000000 1.332625 1.065264
 1660.000000 1.378780 1.113613
 1661.000000 1.441828 1.087611
 1662.000000 1.404019 1.090347
 1663.000000 1.348535 1.042690
 1664.000000 1.242539 1.018640
 1665.000000 1.369282 1.143084
 1666.000000 1.276986 1.162477
 1667.000000 1.452651 1.115336
 1668.000000 1.481073 1.048459
 1669.000000 1.383251 1.120721
 1670.000000 1.554366 1.189761
 1671.000000 1.326174 1.030741
 1672.000000 1.409368 1.087313
 1673.000000 1.404461 1.184969
 1674.000000 1.395525 1.156792
 1675.000000 1.375463 1.208878
 1676.000000 1.425725 1.170963
 1677.000000 1.325284 1.128293
 1678.000000 1.444431 1.161333
 1679.000000 1.497350 1.125461
 1680.000000 1.446873 1.149790
 1681.000000 1.400726 1.124502
 1682.000000 1.493048 1.119763
 1683.000000 1.322451 1.108682
 1684.000000 1.359489 1.059448
 1685.000000 1.325349 0.997855
 1686.000000 1.424447 1.154397
 1687.000000 1.262286 1.208139
 1688.000000 1.401046 1.085213
 1689.000000 1.351784 1.143334
 1690.000000 1.316895 1.138805
 1691.000000 1.322395 1.162076
 1692.000000 1.361928 1.179346
 1693.000000 1.426381 1.120117
 1694.000000 1.378911 1.187088
 1695.000000 1.373821 1.116478
 1696.000000 1.367654 1.102027
 1697.000000 1.409411 1.132052
 1698.000000 1.402798 1.084567
 1699.000000 1.423625 1.058977
 1700.000000 1.401986 1.150003
 1701.000000 1.374499 1.181057
 1702.000000 1.404383 1.114813
 1703.000000 1.485630 1.197693
 1704.000000 1.429020 1.245496
 1705.000000 1.452110 1.177317
 1706.000000 1.247870 1.112903
 1707.000000 1.333156 1.079936
 1708.000000 1.395636 1.120225
 1709.000000 1.353708 1.057884
 1710.000000 1.331605 1.192527
 1711.000000 1.321447 1.075276
 1712.000000 1.293018 1.082053
 1713.000000 1.359507 1.141106
 1714.000000 1.276163 1.174274
 1715.000000 1.403878 1.199553
 1716.000000 1.422287 1.158597
 1717.000000 1.364529 1.162489
 1718.000000 1.338746 1.115886
 1719.000000 1.416960 1.175618
 1720.000000 1.361436 1.230800
 1721.000000 1.461295 1.147214
 1722.000000 1.381311 1.240164
 1723.000000 1.413038 1.118307
 1724.000000 1.456533 1.200144
 1725.000000 1.418766 1.096165
 1726.000000 1.382223 1.122906
 1727.000000 1.381167 1.112042
 1728.000000 1.235974 1.118800
 1729.000000 1.435234 1.132650
 1730.000000 1.378223 1.124254
 1731.000000 1.377667 1.252853
 1732.000000 1.395994 1.173098
 1733.000000 1.398622 1.075705
 1734.000000 1.382549 1.093535
 1735.000000 1.409833 1.187689
 1736.000000 1.333041 1.132652
 1737.000000 1.307227 1.113900
 1738.000000 1.342020 1.141605
 1739.000000 1.356683 1.213246
 1740.000000 1.394852 1.153977
 1741.000000 1.453402 1.308163
 1742.000000 1.325812 1.212485
 1743.000000 1.424678 1.127695
 1744.000000 1.432998 1.176970
 1745.000000 1.305014 1.119515
 1746.000000 1.426172 1.123773
 1747.000000 1.408395 1.070972
 1748.000000 1.420362 1.147562
 1749.000000 1.423957 1.181710
 1750.000000 1.302355 1.199952
 1751.000000 1.357565 1.116926
 1752.000000 1.451277 1.194179
 1753.000000 1.438289 1.244728
 1754.000000 1.316043 1.203802
 1755.000000 1.305551 1.123954
 1756.000000 1.381846 1.154759
 1757.000000 1.374014 1.147932
 1758.000000 1.435219 1.136676
 1759.000000 1.379402 1.132113
 1760.000000 1.529927 1.159002
 1761.000000 1.361341 1.134535
 1762.000000 1.302533 1.164989
 1763.000000 1.311259 1.052203
 1764.000000 1.362502 1.091546
 1765.000000 1.367888 1.157215
 1766.000000 1.396117 1.124561
 1767.000000 1.391821 1.176134
 1768.000000 1.324289 1.145325
 1769.000000 1.323681 1.130585
 1770.000000 1.385211 1.146844
 1771.000000 1.346157 1.158701
 1772.000000 1.317128 1.227087
 1773.000000 1.333081 1.171417
 1774.000000 1.351248 1.185151
 1775.000000 1.347377 1.118754
 1776.000000 1.264165 1.119040
 1777.000000 1.391267 1.209105
 1778.000000 1.475414 1.237410
 1779.000000 1.383257 1.046583
 1780.000000 1.384776 1.187049
 1781.000000 1.487794 1.129705
 1782.000000 1.306767 1.157982
 1783.000000 1.567251 1.171984
 1784.000000 1.404314 1.103892
 1785.000000 1.380572 1.098198
 1786.000000 1.420608 1.158769
 1787.000000 1.374056 1.194514
 1788.000000 1.292913 1.253265
 1789.000000 1.337511 1.218127
 1790.000000 1.398705 1.225540
 1791.000000 1.389824 1.165338
 1792.000000 1.230951 1.192956
 1793.000000 1.450613 1.176505
 1794.000000 1.298198 1.212901
 1795.000000 1.329708 1.089941
 1796.000000 1.206721 1.173899
 1797.000000 1.342851 1.144407
 1798.000000 1.344874 1.237188
 1799.000000 1.419422 1.219719
 1800.000000 1.350985 1.195189
 1801.000000 1.384775 1.165767
 1802.000000 1.389694 1.139177
 1803.000000 1.280123 1.171047
 1804.000000 1.149163 1.095505
 1805.000000 1.375528 1.104102
 1806.000000 1.313766 1.074298
 1807.000000 1.463711 1.241376
 1808.000000 1.376350 1.150915
 1809.000000 1.346078 1.149502
 1810.000000 1.301205 1.191519
 1811.000000 1.385464 1.185250
 1812.000000 1.461639 1.208981
 1813.000000 1.367355 1.166543
 1814.000000 1.483059 1.255067
 1815.000000 1.337478 1.236315
 1816.000000 1.333322 1.177818
 1817.000000 1.313172 1.243938
 1818.000000 1.413833 1.278941
 1819.000000 1.329429 1.163520
 1820.000000 1.362347 1.159536
 1821.000000 1.415120 1.113139
 1822.000000 1.377017 1.205969
 1823.000000 1.334185 1.196450
 1824.000000 1.453036 1.185967
 1825.000000 1.373561 1.091054
 1826.000000 1.437800 1.135176
 1827.000000 1.314023 1.113076
 1828.000000 1.319575 1.160900
 1829.000000 1.355508 1.162934
 1830.000000 1.379923 1.134061
 1831.000000 1.412413 1.223755
 1832.000000 1.396019 1.104791
 1833.000000 1.372208 1.119997
 1834.000000 1.396341 1.016294
 1835.000000 1.351169 1.123107
 1836.000000 1.356286 1.149335
 1837.000000 1.326458 1.113636
 1838.000000 1.447032 1.245990
 1839.000000 1.375558 1.192315
 1840.000000 1.265438 1.114921
 1841.000000 1.323984 1.164643
 1842.000000 1.357153 1.097123
 1843.000000 1.458416 1.168174
 1844.000000 1.302534 1.146204
 1845.000000 1.368796 1.083224
 1846.000000 1.388133 1.148975
 1847.000000 1.442446 1.146987
 1848.000000 1.381338 1.087290
 1849.000000 1.443926 1.137664
 1850.000000 1.496086 1.031100
 1851.000000 1.345020 1.126635
 1852.000000 1.361452 1.139702
 1853.000000 1.416793 1.197202
 1854.000000 1.400611 1.138244
 1855.000000 1.362807 1.162212
 1856.000000 1.464025 1.146980
 1857.000000 1.490799 1.250468
 1858.000000 1.309355 1.196743
 1859.000000 1.400146 1.087849
 1860.000000 1.348499 1.137128
 1861.000000 1.441082 1.173462
 1862.000000 1.414841 1.152931
 1863.000000 1.463576 1.076040
 1864.000000 1.222249 1.093560
 1865.000000 1.367358 1.220520
 1866.000000 1.290979 1.208836
 1867.000000 1.409872 1.136894
 1868.000000 1.384075 1.075127
 1869.000000 1.480302 1.133663
 1870.000000 1.563734 1.013347
 1871.000000 1.330225 1.131729
 1872.000000 1.240347 1.125054
 1873.000000 1.339340 1.122644
 1874.000000 1.272671 1.172100
 1875.000000 1.261250 1.164379
 1876.000000 1.442941 1.215704
 1877.000000 1.379988 1.149920
 1878.000000 1.423902 1.142811
 1879.000000 1.376271 1.080794
 1880.000000 1.299753 1.102860
 1881.000000 1.395876 1.208600
 1882.000000 1.385918 1.111858
 1883.000000 1.390047 1.104522
 1884.000000 1.276577 1.063672
 1885.000000 1.435133 1.206760
 1886.000000 1.400373 1.073629
 1887.000000 1.415136 1.071673
 1888.000000 1.321976 1.124957
 1889.000000 1.204135 1.132917
 1890.000000 1.366798 1.040739
 1891.000000 1.338560 1.089371
 1892.000000 1.491467 1.180744
 1893.000000 1.363350 1.130127
 1894.000000 1.432969 1.060256
 1895.000000 1.294083 1.106003
 1896.000000 1.333312 1.090825
 1897.000000 1.327891 1.145911
 1898.000000 1.369158 0.963485
 1899.000000 1.396179 0.983973
 1900.000000 1.269301 1.017767
 1901.000000 1.287404 1.051204
 1902.000000 1.405073 1.116097
 1903.000000 1.362800 1.048869
 1904.000000 1.400242 1.073635
 1905.000000 1.373604 1.161246
 1906.000000 1.316607 1.092831
 1907.000000 1.360740 1.089821
 1908.000000 1.369153 1.051319
 1909.000000 1.355207 1.090453
 1910.000000 1.427870 1.094084
 1911.000000 1.338929 1.254998
 1912.000000 1.375459 1.196571
 1913.000000 1.344348 1.206572
 1914.000000 1.342816 1.143554
 1915.000000 1.445080 1.219311
 1916.000000 1.449298 1.176992
 1917.000000 1.340429 1.102641
 1918.000000 1.388746 1.070455
 1919.000000 1.402153 1.166862
 1920.000000 1.368723 1.137658
 1921.000000 1.291132 1.097384
 1922.000000 1.426411 1.159220
 1923.000000 1.323235 1.197945
 1924.000000 1.361795 1.141325
 1925.000000 1.427228 1.119517
 1926.000000 1.394750 1.190677
 1927.000000 1.398505 1.259956
 1928.000000 1.390170 1.171888
 1929.000000 1.399670 1.121721
 1930.000000 1.325031 1.151707
 1931.000000 1.329885 1.202997
 1932.000000 1.507897 1.116424
 1933.000000 1.428586 1.048380
 1934.000000 1.396875 1.115064
 1935.000000 1.339043 1.134915
 1936.000000 1.389963 1.140748
 1937.000000 1.378859 1.095738
 1938.000000 1.520463 1.151486
 1939.000000 1.487538 1.121258
 1940.000000 1.381009 1.116061
 1941.000000 1.445987 1.256848
 1942.000000 1.371260 1.071308
 1943.000000 1.437792 1.215020
 1944.000000 1.454053 1.147963
 1945.000000 1.330388 1.171272
 1946.000000 1.402617 1.063203
 1947.000000 1.496869 1.087784
 1948.000000 1.428625 0.997069
 1949.000000 1.413983 1.132234
 1950.000000 1.358124 1.066619
 1951.000000 1.388228 1.019102
 1952.000000 1.493247 1.046691
 1953.000000 1.436106 1.100275
 1954.000000 1.494478 1.092785
 1955.000000 1.408604 1.115375
 1956.000000 1.416638 1.116883
 1957.000000 1.527138 1.076168
 1958.000000 1.409298 1.066785
 1959.000000 1.473460 1.142406
 1960.000000 1.494769 1.174909
 1961.000000 1.467295 1.130623
 1962.000000 1.405547 1.104134
 1963.000000 1.436967 1.230137
 1964.000000 1.509549 1.062863
 1965.000000 1.452543 1.118478
 1966.000000 1.436707 1.087793
 1967.000000 1.452992 1.123700
 1968.000000 1.527120 1.113647
 1969.000000 1.438452 1.175098
 1970.000000 1.313090 1.114826
 1971.000000 1.427849 1.051858
 1972.000000 1.534022 1.093842
 1973.000000 1.431334 1.116921
 1974.000000 1.367464 1.127888
 1975.000000 1.428891 1.068422
 1976.000000 1.553912 1.173377
 1977.000000 1.364253 1.134407
 1978.000000 1.272279 1.083135
 1979.000000 1.376118 1.158286
 1980.000000 1.436452 1.150377
 1981.000000 1.491817 1.050696
 1982.000000 1.365750 1.098919
 1983.000000 1.365094 1.192213
 1984.000000 1.371827 1.109470
 1985.000000 1.390626 1.083831
 1986.000000 1.376053 1.127612
 1987.000000 1.414028 1.130794
 1988.000000 1.459698 1.156187
 1989.000000 1.467399 1.119207
 1990.000000 1.418644 1.213961
 1991.000000 1.469011 1.147098
 1992.000000 1.392337 1.127888
 1993.000000 1.366799 1.136324
 1994.000000 1.347793 1.246538
 1995.000000 1.283188 1.205095
 1996.000000 1.323153 1.157922
 1997.000000 1.275305 1.148294
 1998.000000 1.329475 1.191003
 1999.000000 1.514323 1.069140
 2000.000000 1.506374 1.121574
 2001.000000 1.359248 1.091388
 2002.000000 1.336740 1.093623
 2003.000000 1.308669 1.089447
 2004.000000 1.225091 1.051912
 2005.000000 1.331066 1.065397
 2006.000000 1.320546 1.010851
 2007.000000 1.392790 1.099425
 2008.000000 1.549066 1.111362
 2009.000000 1.335811 1.127616
 2010.000000 1.387249 1.049655
 2011.000000 1.242210 1.066427
 2012.000000 1.392171 1.073776
 2013.000000 1.496890 1.093318
 2014.000000 1.329888 1.069958
 2015.000000 1.346501 1.026774
 2016.000000 1.405833 1.100731
 2017.000000 1.522872 1.026736
 2018.000000 1.316835 1.140247
 2019.000000 1.229826 1.092788
 2020.000000 1.370097 1.129763
 2021.000000 1.413965 1.083609
 2022.000000 1.373085 1.078218
 2023.000000 1.386491 1.079497
 2024.000000 1.310574 1.099928
 2025.000000 1.383735 1.095703
 2026.000000 1.501591 1.114312
 2027.000000 1.343726 1.112757
 2028.000000 1.312333 1.070751
 2029.000000 1.327750 1.093096
 2030.000000 1.397448 1.121022
 2031.000000 1.329479 1.200588
 2032.000000 1.262199 1.144224
 2033.000000 1.442196 1.123549
 2034.000000 1.360933 1.128531
 2035.000000 1.228555 1.106001
 2036.000000 1.304512 1.065048
 2037.000000 1.348538 1.187222
 2038.000000 1.341664 1.090219
 2039.000000 1.334276 1.056971
 2040.000000 1.453663 1.053485
 2041.000000 1.322935 1.131455
 2042.000000 1.328094 1.099850
 2043.000000 1.328582 1.143816
 2044.000000 1.304591 1.205612
 2045.000000 1.358408 1.082085
 2046.000000 1.363123 1.078845
 2047.000000 1.404111 1.162797
 2048.000000 1.404468 1.162218
 2049.000000 1.259646 1.169584
 2050.000000 1.415825 1.044836
 2051.000000 1.372161 1.101070
 2052.000000 1.346984 1.089021
 2053.000000 1.375649 1.105947
 2054.000000 1.434711 1.079569
 2055.000000 1.489427 1.041553
 2056.000000 1.416699 1.049256
 2057.000000 1.513094 1.085847
 2058.000000 1.530138 1.135210
 2059.000000 1.354754 1.105782
 2060.000000 1.395362 1.174704
 2061.000000 1.465714 1.092499
 2062.000000 1.354821 1.131160
 2063.000000 1.380682 1.022604
 2064.000000 1.431955 1.054530
 2065.000000 1.459037 1.078512
 2066.000000 1.358353 1.056374
 2067.000000 1.385351 1.085403
 2068.000000 1.356324 1.115983
 2069.000000 1.392134 1.087150
 2070.000000 1.452807 1.164201
 2071.000000 1.459790 1.164653
 2072.000000 1.409449 1.020390
 2073.000000 1.445931 0.997880
 2074.000000 1.378449 1.042502
 2075.000000 1.328929 1.110011
 2076.000000 1.376513 1.162824
 2077.000000 1.348759 1.252656
 2078.000000 1.472262 1.117863
 2079.000000 1.468008 1.155707
 2080.000000 1.423054 1.137535
 2081.000000 1.350862 1.088226
 2082.000000 1.304725 1.063306
 2083.000000 1.325296 1.117366
 2084.000000 1.370672 1.061842
 2085.000000 1.413672 1.182445
 2086.000000 1.417178 1.220852
 2087.000000 1.410682 1.171989
 2088.000000 1.430592 1.126697
 2089.000000 1.413271 1.086219
 2090.000000 1.312934 1.132704
 2091.000000 1.413006 1.192468
 2092.000000 1.383428 1.209864
 2093.000000 1.493843 1.204386
 2094.000000 1.283494 1.113454
 2095.000000 1.452666 1.228371
 2096.000000 1.421968 1.227368
 2097.000000 1.412468 1.150951
 2098.000000 1.313147 1.076447
 2099.000000 1.435520 1.082183
 2100.000000 1.401230 1.161322
 2101.000000 1.287882 1.014096
 2102.000000 1.389554 1.117440
 2103.000000 1.484514 1.216680
 2104.000000 1.447317 1.170608
 2105.000000 1.225531 1.073557
 2106.000000 1.354582 1.155867
 2107.000000 1.320190 1.098081
 2108.000000 1.246848 1.150237
 2109.000000 1.348163 1.127400
 2110.000000 1.259920 1.145207
 2111.000000 1.390885 1.207306
 2112.000000 1.418652 1.179877
 2113.000000 1.387043 1.168449
 2114.000000 1.317062 1.174620
 2115.000000 1.422619 1.150549
 2116.000000 1.367732 1.084378
 2117.000000 1.366610 1.222730
 2118.000000 1.182840 1.233132
 2119.000000 1.258995 1.062975
 2120.000000 1.271463 1.225553
 2121.000000 1.252632 1.186274
 2122.000000 1.356719 1.125412
 2123.000000 1.346552 1.088442
 2124.000000 1.312320 1.114128
 2125.000000 1.361361 1.118447
 2126.000000 1.212464 1.113463
 2127.000000 1.320156 1.088711
 2128.000000 1.342324 1.083388
 2129.000000 1.284597 1.140109
 2130.000000 1.412462 1.154051
 2131.000000 1.293934 1.106409
 2132.000000 1.387814 1.189206
 2133.000000 1.306744 1.165068
 2134.000000 1.383874 1.199249
 2135.000000 1.421851 1.181576
 2136.000000 1.385263 1.107890
 2137.000000 1.333901 1.117783
 2138.000000 1.399985 1.097400
 2139.000000 1.280350 1.134695
 2140.000000 1.222928 1.133865
 2141.000000 1.259877 1.094063
 2142.000000 1.430925 1.137404
 2143.000000 1.350732 1.144698
 2144.000000 1.387510 1.103403
 2145.000000 1.390809 1.078295
 2146.000000 1.414657 1.160519
 2147.000000 1.265143 1.138533
 2148.000000 1.431728 1.131752
 2149.000000 1.314489 1.048843
 2150.000000 1.405564 1.057177
 2151.000000 1.467244 1.120893
 2152.000000 1.410632 1.220172
 2153.000000 1.380750 1.120087
 2154.000000 1.430589 1.119463
 2155.000000 1.373859 1.185894
 2156.000000 1.362600 1.102542
 2157.000000 1.400869 1.090612
 2158.000000 1.425359 1.180393
 2159.000000 1.422102 1.155189
 2160.000000 1.479635 1.159486
 2161.000000 1.459688 1.145841
 2162.000000 1.358101 1.167797
 2163.000000 1.371825 1.150444
 2164.000000 1.259216 1.122748
 2165.000000 1.389764 1.071483
 2166.000000 1.408753 1.038617
 2167.000000 1.457534 1.109361
 2168.000000 1.352149 1.092443
 2169.000000 1.446007 1.054964
 2170.000000 1.374191 1.098490
 2171.000000 1.229525 1.095763
 2172.000000 1.341544 1.132682
 2173.000000 1.387496 1.055376
 2174.000000 1.298321 1.221592
 2175.000000 1.250115 1.067527
 2176.000000 1.222589 1.068623
 2177.000000 1.448027 1.173815
 2178.000000 1.364338 1.032683
 2179.000000 1.321913 1.149541
 2180.000000 1.281554 1.090413
 2181.000000 1.336759 1.027972
 2182.000000 1.315657 1.090414
 2183.000000 1.414850 1.151809
 2184.000000 1.456850 1.230983
 2185.000000 1.393294 1.173458
 2186.000000 1.319345 1.219442
 2187.000000 1.427955 1.115122
 2188.000000 1.467375 1.196913
 2189.000000 1.315218 1.222265
 2190.000000 1.390062 1.110575
 2191.000000 1.429358 1.166976
 2192.000000 1.441721 1.135832
 2193.000000 1.423158 1.223623
 2194.000000 1.359744 1.118075
 2195.000000 1.361845 1.156865
 2196.000000 1.486473 1.127605
 2197.000000 1.345801 1.072597
 2198.000000 1.345712 1.121849
 2199.000000 1.457678 1.152226
 2200.000000 1.400143 1.137885
 2201.000000 1.286585 1.139430
 2202.000000 1.275484 1.097951
 2203.000000 1.290914 1.034563
 2204.000000 1.403356 1.171880
 2205.000000 1.388874 1.095036
 2206.000000 1.320289 1.112746
 2207.000000 1.377913 1.150426
 2208.000000 1.227859 1.126979
 2209.000000 1.439639 1.132759
 2210.000000 1.426181 1.100639
 2211.000000 1.373774 1.129926
 2212.000000 1.332824 1.086530
 2213.000000 1.420671 1.085102
 2214.000000 1.412284 1.071684
 2215.000000 1.269548 1.059340
 2216.000000 1.202990 1.073346
 2217.000000 1.385797 1.071526
 2218.000000 1.474468 1.132586
 2219.000000 1.393616 1.112703
 2220.000000 1.323200 1.064691
 2221.000000 1.468940 1.174576
 2222.000000 1.490065 1.115935
 2223.000000 1.417806 1.103127
 2224.000000 1.436111 1.219777
 2225.000000 1.432434 1.078474
 2226.000000 1.402579 1.067728
 2227.000000 1.301541 1.058329
 2228.000000 1.411749 1.119128
 2229.000000 1.519311 1.130524
 2230.000000 1.379302 1.046021
 2231.000000 1.407531 1.076262
 2232.000000 1.420121 0.998831
 2233.000000 1.387548 1.117631
 2234.000000 1.310044 1.121884
 2235.000000 1.322738 1.170235
 2236.000000 1.267800 1.135775
 2237.000000 1.572569 1.087402
 2238.000000 1.364601 1.160047
 2239.000000 1.353681 1.080013
 2240.000000 1.426720 1.151918
 2241.000000 1.442088 1.071274
 2242.000000 1.449048 1.030486
 2243.000000 1.404995 0.966111
 2244.000000 1.396367 1.151323
 2245.000000 1.444530 1.180456
 2246.000000 1.384900 1.018505
 2247.000000 1.444483 1.171111
 2248.000000 1.422249 1.107554
 2249.000000 1.381106 1.064453
 2250.000000 1.474882 1.146918
 2251.000000 1.412481 1.091196
 2252.000000 1.379804 1.130667
 2253.000000 1.384390 1.114642
 2254.000000 1.423602 1.080183
 2255.000000 1.342975 1.122789
 2256.000000 1.319554 1.117444
 2257.000000 1.431172 1.056134
 2258.000000 1.362122 1.144420
 2259.000000 1.461267 1.209869
 2260.000000 1.445672 1.115541
 2261.000000 1.466233 1.079235
 2262.000000 1.516373 1.115731
 2263.000000 1.446968 1.052562
 2264.000000 1.451963 1.125165
 2265.000000 1.530754 1.083984
 2266.000000 1.495539 1.087544
 2267.000000 1.477775 1.044153
 2268.000000 1.485710 1.057560
 2269.000000 1.506710 1.132121
 2270.000000 1.409063 1.131223
 2271.000000 1.268088 1.101337
 2272.000000 1.366622 1.116100
 2273.000000 1.484938 1.072707
 2274.000000 1.488087 1.008550
 2275.000000 1.438873 1.096936
 2276.000000 1.432196 1.158186
 2277.000000 1.429422 1.088053
 2278.000000 1.492290 1.148240
 2279.000000 1.439947 0.977126
 2280.000000 1.583668 1.160567
 2281.000000 1.484985 1.176391
 2282.000000 1.431942 1.137272
 2283.000000 1.442217 1.027362
 2284.000000 1.498190 1.108059
 2285.000000 1.460591 1.110803
 2286.000000 1.554207 1.159881
 2287.000000 1.505475 1.131296
 2288.000000 1.387395 1.136387
 2289.000000 1.528667 1.074261
 2290.000000 1.537454 1.146607
 2291.000000 1.429911 1.146025
 2292.000000 1.497154 1.066664
 2293.000000 1.470478 1.040900
 2294.000000 1.373603 1.106918
 2295.000000 1.554529 1.129844
 2296.000000 1.424022 1.176298
 2297.000000 1.538077 1.159360
 2298.000000 1.449198 1.075670
 2299.000000 1.392729 1.117861
 2300.000000 1.526097 1.174601
 2301.000000 1.351380 1.083660
 2302.000000 1.381134 1.176492
 2303.000000 1.455875 1.134803
 2304.000000 1.367327 1.032646
 2305.000000 1.452110 1.160896
 2306.000000 1.430305 1.085703
 2307.000000 1.481618 1.123949
 2308.000000 1.372632 1.064810
 2309.000000 1.341683 1.084189
 2310.000000 1.466508 1.089632
 2311.000000 1.484273 1.091757
 2312.000000 1.501537 0.981814
 2313.000000 1.384600 1.071517
 2314.000000 1.492148 1.046253
 2315.000000 1.363785 1.067475
 2316.000000 1.300791 1.101977
 2317.000000 1.381408 1.171848
 2318.000000 1.402852 1.215105
 2319.000000 1.388193 1.177973
 2320.000000 1.367687 1.133114
 2321.000000 1.319140 1.164345
 2322.000000 1.252129 1.070642
 2323.000000 1.339928 1.084566
 2324.000000 1.407248 1.217041
 2325.000000 1.315155 1.116010
 2326.000000 1.353367 1.120027
 2327.000000 1.366878 1.095033
 2328.000000 1.524393 1.052295
 2329.000000 1.441631 1.151649
 2330.000000 1.368483 1.132438
 2331.000000 1.431610 1.075933
 2332.000000 1.460620 1.139142
 2333.000000 1.468944 1.039871
 2334.000000 1.439783 1.238586
 2335.000000 1.443522 1.162387
 2336.000000 1.399007 1.108823
 2337.000000 1.466568 1.055545
 2338.000000 1.540139 1.116662
 2339.000000 1.420012 1.146866
 2340.000000 1.464173 1.113466
 2341.000000 1.485521 1.055222
 2342.000000 1.444350 1.041394
 2343.000000 1.457431 1.081576
 2344.000000 1.406002 1.185741
 2345.000000 1.521558 1.118544
 2346.000000 1.463442 1.138058
 2347.000000 1.394207 1.164710
 2348.000000 1.383908 1.130887
 2349.000000 1.438163 1.218121
 2350.000000 1.315821 1.204140
 2351.000000 1.467101 1.174914
 2352.000000 1.404906 1.116778
 2353.000000 1.249940 1.024443
 2354.000000 1.409003 1.134921
 2355.000000 1.289768 1.003723
 2356.000000 1.353784 1.167948
 2357.000000 1.480749 1.216932
 2358.000000 1.266940 1.104825
 2359.000000 1.366945 1.080255
 2360.000000 1.283450 1.053740
 2361.000000 1.394859 1.109829
 2362.000000 1.457086 1.033636
 2363.000000 1.401999 1.141847
 2364.000000 1.387146 1.168604
 2365.000000 1.429285 1.084971
 2366.000000 1.434079 1.155351
 2367.000000 1.410091 1.111624
 2368.000000 1.413766 1.170162
 2369.000000 1.378664 1.110747
 2370.000000 1.360431 1.067527
 2371.000000 1.296976 1.026639
 2372.000000 1.302464 1.034160
 2373.000000 1.417769 1.152628
 2374.000000 1.347929 1.068054
 2375.000000 1.427053 1.075954
 2376.000000 1.383323 1.090393
 2377.000000 1.515108 1.075080
 2378.000000 1.424000 1.000927
 2379.000000 1.344594 1.050265
 2380.000000 1.320255 1.093759
 2381.000000 1.294478 1.258723
 2382.000000 1.356805 1.155037
 2383.000000 1.325023 1.098527
 2384.000000 1.419475 1.048396
 2385.000000 1.432740 1.219442
 2386.000000 1.434074 1.019827
 2387.000000 1.402238 0.994142
 2388.000000 1.486169 1.099515
 2389.000000 1.364546 1.089272
 2390.000000 1.256081 1.134276
 2391.000000 1.312396 1.126720
 2392.000000 1.410236 1.069819
 2393.000000 1.422144 1.190410
 2394.000000 1.551719 1.031498
 2395.000000 1.450640 1.143778
 2396.000000 1.409993 1.022292
 2397.000000 1.372527 1.044032
 2398.000000 1.416380 1.055103
 2399.000000 1.532468 1.101330
 2400.000000 1.490073 1.103692
 2401.000000 1.388146 1.125177
 2402.000000 1.431025 1.124994
 2403.000000 1.425551 1.018141
 2404.000000 1.434552 1.060010
 2405.000000 1.461529 1.107242
 2406.000000 1.584788 1.051519
 2407.000000 1.437373 1.064510
 2408.000000 1.441550 1.096250
 2409.000000 1.398346 1.126628
 2410.000000 1.470497 1.052114
 2411.000000 1.475915 0.997790
 2412.000000 1.379690 1.099151
 2413.000000 1.374695 1.026470
 2414.000000 1.340224 1.015616
 2415.000000 1.495238 1.051657
 2416.000000 1.400167 1.096569
 2417.000000 1.439005 1.039028
 2418.000000 1.447514 1.143693
 2419.000000 1.354234 1.108934
 2420.000000 1.434564 1.085878
 2421.000000 1.540649 1.205178
 2422.000000 1.440062 1.062012
 2423.000000 1.497679 1.102810
 2424.000000 1.489437 1.130184
 2425.000000 1.454518 1.141798
 2426.000000 1.447079 1.143890
 2427.000000 1.424520 1.108921
 2428.000000 1.432803 1.097746
 2429.000000 1.516573 1.149472
 2430.000000 1.358656 1.117690
 2431.000000 1.408206 1.044629
 2432.000000 1.451327 1.103421
 2433.000000 1.495918 1.085362
 2434.000000 1.375586 1.107459
 2435.000000 1.489242 1.184358
 2436.000000 1.429680 1.147335
 2437.000000 1.387667 1.091293
 2438.000000 1.515686 1.120131
 2439.000000 1.387180 1.124439
 2440.000000 1.354296 1.062053
 2441.000000 1.374282 1.095983
 2442.000000 1.380031 1.106623
 2443.000000 1.408690 1.048714
 2444.000000 1.399381 1.133408
 2445.000000 1.532296 1.045445
 2446.000000 1.436759 1.051520
 2447.000000 1.414918 1.058575
 2448.000000 1.551929 1.158233
 2449.000000 1.477510 1.136342
 2450.000000 1.491246 1.101556
 2451.000000 1.493425 1.151366
 2452.000000 1.440312 1.095800
 2453.000000 1.520435 1.063409
 2454.000000 1.345848 1.103090
 2455.000000 1.583967 1.189025
 2456.000000 1.351116 1.062307
 2457.000000 1.477589 1.027816
 2458.000000 1.467866 1.061242
 2459.000000 1.534594 1.067428
 2460.000000 1.377523 1.074305
 2461.000000 1.509996 1.143804
 2462.000000 1.376103 1.106522
 2463.000000 1.484931 1.203004
 2464.000000 1.435653 1.107724
 2465.000000 1.489400 1.098274
 2466.000000 1.433429 1.089410
 2467.000000 1.394715 1.065300
 2468.000000 1.441244 1.059711
 2469.000000 1.449105 1.045895
 2470.000000 1.438015 1.105125
 2471.000000 1.425330 0.991550
 2472.000000 1.463112 1.106199
 2473.000000 1.428696 1.019101
 2474.000000 1.420557 1.003941
 2475.000000 1.335769 1.010568
 2476.000000 1.517434 1.021941
 2477.000000 1.345205 1.058792
 2478.000000 1.534781 1.006490
 2479.000000 1.457713 1.121710
 2480.000000 1.469130 1.111413
 2481.000000 1.561959 1.088793
 2482.000000 1.421719 1.062056
 2483.000000 1.570770 1.085109
 2484.000000 1.530291 1.100948
 2485.000000 1.481113 1.114693
 2486.000000 1.547055 1.087931
 2487.000000 1.595408 1.101053
 2488.000000 1.444498 1.050553
 2489.000000 1.465951 1.048159
 2490.000000 1.377453 1.067183
 2491.000000 1.444042 1.136620
 2492.000000 1.406117 1.144008
 2493.000000 1.524598 1.066360
 2494.000000 1.518685 1.020566
 2495.000000 1.430573 1.118511
 2496.000000 1.460295 1.037533
 2497.000000 1.456923 1.135576
 2498.000000 1.389645 1.110679
 2499.000000 1.440143 1.093844
 2500.000000 1.364396 1.124196
