#! FIELDS time pd_137_140 diff
 0.000000 1.174737 1.192359
 1.000000 1.152049 1.172917
 2.000000 1.201996 1.153356
 3.000000 1.196186 1.241615
 4.000000 1.128971 1.238504
 5.000000 1.114195 1.332540
 6.000000 1.167160 1.252562
 7.000000 1.214177 1.277196
 8.000000 1.252328 1.196303
 9.000000 1.222192 1.250639
 10.000000 1.176033 1.271327
 11.000000 1.191193 1.176939
 12.000000 1.179057 1.293703
 13.000000 1.270151 1.339916
 14.000000 1.148342 1.225509
 15.000000 1.092852 1.205062
 16.000000 1.128115 1.189794
 17.000000 1.139618 1.192392
 18.000000 1.144553 1.097085
 19.000000 1.153342 1.263173
 20.000000 1.158727 1.175700
 21.000000 1.020744 1.255726
 22.000000 1.007979 1.267331
 23.000000 1.099262 1.311213
 24.000000 1.139251 1.194740
 25.000000 1.152711 1.225635
 26.000000 1.098325 1.213813
 27.000000 1.166919 1.220042
 28.000000 1.322867 1.176006
 29.000000 1.154959 1.215272
 30.000000 1.148870 1.247739
 31.000000 1.165921 1.210988
 32.000000 1.206699 1.259734
 33.000000 1.307421 1.302139
 34.000000 1.161530 1.175902
 35.000000 1.141510 1.366004
 36.000000 1.276979 1.327019
 37.000000 1.250356 1.336657
 38.000000 1.260665 1.263095
 39.000000 1.259736 1.252536
 40.000000 1.155083 1.190901
 41.000000 1.188156 1.258830
 42.000000 1.171334 1.220749
 43.000000 1.233337 1.255184
 44.000000 1.144170 1.268579
 45.000000 1.186178 1.271298
 46.000000 1.177472 1.343978
 47.000000 1.192311 1.297867
 48.000000 1.166096 1.259943
 49.000000 1.217897 1.231501
 50.000000 1.096137 1.136969
 51.000000 1.106253 1.204654
 52.000000 1.081047 1.201976
 53.000000 1.195440 1.269896
 54.000000 1.152408 1.235744
 55.000000 1.249716 1.268067
 56.000000 1.252873 1.200758
 57.000000 1.231830 1.262220
 58.000000 1.238615 1.241302
 59.000000 1.152529 1.221987
 60.000000 1.198195 1.255710
 61.000000 1.152541 1.189157
 62.000000 1.165797 1.216393
 63.000000 1.132194 1.191777
 64.000000 1.208545 1.229387
 65.000000 1.151436 1.224455
 66.000000 1.156847 1.201372
 67.000000 1.189443 1.202882
 68.000000 1.183975 1.217326
 69.000000 1.257926 1.336249
 70.000000 1.123086 1.285257
 71.000000 1.105949 1.227968
 72.000000 1.134358 1.347281
 73.000000 1.156724 1.231425
 74.000000 1.090211 1.128623
 75.000000 1.059685 1.328018
 76.000000 1.111330 1.347542
 77.000000 1.111591 1.349126
 78.000000 1.181007 1.228265
 79.000000 1.040335 1.259719
 80.000000 1.081736 1.259419
 81.000000 1.129792 1.306926
 82.000000 1.117674 1.168831
 83.000000 1.185434 1.236070
 84.000000 1.178130 1.288417
 85.000000 1.203284 1.123047
 86.000000 1.213283 1.214764
 87.000000 1.184238 1.190038
 88.000000 1.226046 1.256137
 89.000000 1.279334 1.280409
 90.000000 1.226123 1.192576
 91.000000 1.229221 1.286896
 92.000000 1.277291 1.172702
 93.000000 1.306618 1.149239
 94.000000 1.139299 1.237231
 95.000000 1.156783 1.355435
 96.000000 1.148243 1.356767
 97.000000 1.096668 1.276771
 98.000000 1.197022 1.273466
 99.000000 1.192571 1.226140
 100.000000 1.024744 1.359617
 101.000000 1.260123 1.379408
 102.000000 1.126059 1.356537
 103.000000 1.231715 1.374557
 104.000000 1.189590 1.274216
 105.000000 1.190122 1.229298
 106.000000 1.062105 1.217412
 107.000000 1.153764 1.291837
 108.000000 1.303785 1.219790
 109.000000 1.140909 1.285404
 110.000000 1.149775 1.285936
 111.000000 1.123975 1.293831
 112.000000 1.175234 1.249811
 113.000000 1.142477 1.206082
 114.000000 1.082906 1.276887
 115.000000 1.262567 1.207168
 116.000000 1.222815 1.257778
 117.000000 1.246517 1.170636
 118.000000 1.219199 1.271270
 119.000000 1.209558 1.265005
 120.000000 1.128289 1.203658
 121.000000 1.166022 1.179252
 122.000000 1.122923 1.281665
 123.000000 1.094622 1.301577
 124.000000 1.088733 1.241929
 125.000000 1.263759 1.238164
 126.000000 1.152284 1.255072
 127.000000 1.119268 1.321175
 128.000000 1.100269 1.354252
 129.000000 1.040460 1.207941
 130.000000 1.234515 1.208520
 131.000000 1.166049 1.252939
 132.000000 1.115736 1.204673
 133.000000 1.153480 1.275125
 134.000000 1.177590 1.173088
 135.000000 1.239949 1.165632
 136.000000 1.073127 1.231788
 137.000000 1.190033 1.321109
 138.000000 1.172429 1.240503
 139.000000 1.255208 1.213855
 140.000000 0.922003 1.202701
 141.000000 1.093567 1.249051
 142.000000 1.170868 1.310099
 143.000000 1.148954 1.273336
 144.000000 1.138344 1.188615
 145.000000 1.220313 1.214731
 146.000000 1.101083 1.247171
 147.000000 1.061917 1.310599
 148.000000 1.166543 1.266386
 149.000000 1.203830 1.272799
 150.000000 1.100304 1.369625
 151.000000 1.088286 1.168140
 152.000000 1.018803 1.257508
 153.000000 1.068577 1.308108
 154.000000 1.071831 1.245485
 155.000000 1.073988 1.202311
 156.000000 1.115962 1.255452
 157.000000 1.141678 1.215557
 158.000000 1.171916 1.203277
 159.000000 1.128632 1.295285
 160.000000 1.260810 1.367811
 161.000000 1.175886 1.279657
 162.000000 1.118194 1.245874
 163.000000 1.192405 1.341983
 164.000000 1.188957 1.261858
 165.000000 1.198983 1.298931
 166.000000 1.283089 1.122763
 167.000000 1.113148 1.316781
 168.000000 0.973720 1.343518
 169.000000 1.130242 1.355828
 170.000000 1.173481 1.225397
 171.000000 1.126965 1.243691
 172.000000 1.302774 1.284511
 173.000000 1.224217 1.249868
 174.000000 1.194457 1.139851
 175.000000 1.176201 1.261872
 176.000000 1.217965 1.236583
 177.000000 1.139380 1.164788
 178.000000 1.073654 1.154047
 179.000000 1.249551 1.191905
 180.000000 1.199238 1.214811
 181.000000 1.223859 1.219053
 182.000000 1.091896 1.300692
 183.000000 1.176880 1.260674
 184.000000 1.156084 1.182937
 185.000000 1.191665 1.237113
 186.000000 1.134182 1.174144
 187.000000 1.145979 1.162073
 188.000000 1.149230 1.218263
 189.000000 1.146817 1.193752
 190.000000 1.140475 1.323202
 191.000000 1.215969 1.123240
 192.000000 1.223202 1.235834
 193.000000 1.120036 1.266671
 194.000000 1.109041 1.190579
 195.000000 1.120389 1.238610
 196.000000 1.125529 1.140899
 197.000000 1.205621 1.208910
 198.000000 1.135101 1.200849
 199.000000 1.061662 1.210395
 200.000000 1.159811 1.131188
 201.000000 1.160772 1.223014
 202.000000 1.213698 1.301488
 203.000000 1.114361 1.262201
 204.000000 1.090266 1.262992
 205.000000 1.177464 1.233850
 206.000000 1.209079 1.238400
 207.000000 1.120445 1.257211
 208.000000 1.232466 1.164694
 209.000000 1.081624 1.312083
 210.000000 1.197957 1.213967
 211.000000 1.233181 1.197829
 212.000000 1.164611 1.240838
 213.000000 1.151144 1.170133
 214.000000 1.214720 1.323008
 215.000000 1.219904 1.229893
 216.000000 0.960013 1.259918
 217.000000 1.239569 1.223366
 218.000000 1.183525 1.241657
 219.000000 1.108858 1.221424
 220.000000 1.268662 1.259821
 221.000000 1.108822 1.185998
 222.000000 1.207700 1.320210
 223.000000 1.176591 1.243346
 224.000000 1.124216 1.127846
 225.000000 1.080170 1.257625
 226.000000 1.156844 1.278267
 227.000000 1.271181 1.299076
 228.000000 1.158956 1.173567
 229.000000 1.223263 1.196933
 230.000000 1.177808 1.157292
 231.000000 1.241661 1.128431
 232.000000 1.173719 1.204477
 233.000000 1.188974 1.196239
 234.000000 1.130466 1.243134
 235.000000 1.192228 1.244547
 236.000000 1.125472 1.173201
 237.000000 1.243522 1.181841
 238.000000 1.212326 1.274770
 239.000000 1.208961 1.189694
 240.000000 1.181391 1.294898
 241.000000 1.130686 1.237194
 242.000000 1.105820 1.270321
 243.000000 1.117697 1.306580
 244.000000 1.175751 1.291111
 245.000000 1.070738 1.315428
 246.000000 1.182002 1.210471
 247.000000 1.142568 1.233559
 248.000000 1.294861 1.273005
 249.000000 1.240913 1.275402
 250.000000 1.138401 1.336599
 251.000000 1.216844 1.367809
 252.000000 1.180814 1.238909
 253.000000 1.191266 1.321946
 254.000000 1.138806 1.281523
 255.000000 1.170350 1.337869
 256.000000 1.320772 1.242298
 257.000000 1.282995 1.261536
 258.000000 1.155670 1.250271
 259.000000 1.123132 1.224415
 260.000000 1.019247 1.223428
 261.000000 1.137970 1.336150
 262.000000 1.168651 1.373236
 263.000000 1.208137 1.350120
 264.000000 1.243849 1.335746
 265.000000 1.249020 1.367192
 266.000000 1.057025 1.330223
 267.000000 1.191433 1.317516
 268.000000 1.190043 1.352854
 269.000000 1.195427 1.327128
 270.000000 1.162385 1.311941
 271.000000 1.066936 1.325752
 272.000000 1.241642 1.321865
 273.000000 1.290944 1.278305
 274.000000 1.145313 1.376557
 275.000000 1.138621 1.167899
 276.000000 1.214212 1.248764
 277.000000 1.197509 1.255771
 278.000000 1.166721 1.194436
 279.000000 1.228578 1.293830
 280.000000 1.149249 1.339939
 281.000000 1.182974 1.359212
 282.000000 1.198637 1.326914
 283.000000 1.295393 1.310261
 284.000000 1.286585 1.292239
 285.000000 1.135960 1.316681
 286.000000 1.269745 1.281850
 287.000000 1.185717 1.327694
 288.000000 1.100686 1.322602
 289.000000 1.144757 1.351485
 290.000000 1.136768 1.259461
 291.000000 1.139882 1.266742
 292.000000 1.207360 1.301133
 293.000000 1.258970 1.300666
 294.000000 1.101254 1.176504
 295.000000 1.235426 1.322799
 296.000000 1.251248 1.132165
 297.000000 1.121024 1.209730
 298.000000 1.234319 1.236017
 299.000000 1.255067 1.249337
 300.000000 1.103294 1.298617
 301.000000 1.282434 1.345993
 302.000000 1.142786 1.397848
 303.000000 1.155234 1.250542
 304.000000 1.073848 1.323858
 305.000000 1.158173 1.185467
 306.000000 1.104603 1.224024
 307.000000 1.152591 1.227863
 308.000000 1.172193 1.288728
 309.000000 1.273514 1.212236
 310.000000 1.158480 1.321068
 311.000000 1.131481 1.295536
 312.000000 1.156348 1.187519
 313.000000 1.241669 1.160452
 314.000000 1.114469 1.238880
 315.000000 1.123125 1.246761
 316.000000 1.124060 1.189518
 317.000000 1.131509 1.170440
 318.000000 1.152988 1.211038
 319.000000 1.161913 1.145863
 320.000000 1.117570 1.190663
 321.000000 1.307285 1.194342
 322.000000 1.159419 1.215576
 323.000000 1.223658 1.210393
 324.000000 1.097215 1.301669
 325.000000 1.273323 1.288705
 326.000000 1.148017 1.286098
 327.000000 1.174980 1.324403
 328.000000 1.126017 1.228377
 329.000000 1.226276 1.347493
 330.000000 1.173886 1.304690
 331.000000 1.183130 1.382160
 332.000000 1.128897 1.298854
 333.000000 1.258209 1.335071
 334.000000 1.238731 1.322921
 335.000000 1.123395 1.360664
 336.000000 1.084892 1.332130
 337.000000 1.089448 1.294430
 338.000000 1.151561 1.311383
 339.000000 1.175168 1.214076
 340.000000 1.257960 1.305417
 341.000000 1.239476 1.249696
 342.000000 1.298214 1.237438
 343.000000 1.145568 1.147821
 344.000000 1.257792 1.141998
 345.000000 1.229678 1.254426
 346.000000 1.244526 1.158920
 347.000000 1.317284 1.340566
 348.000000 1.193916 1.226239
 349.000000 1.231977 1.304438
 350.000000 1.185968 1.277851
 351.000000 1.253212 1.376951
 352.000000 1.385306 1.307084
 353.000000 1.246351 1.241480
 354.000000 1.171477 1.292649
 355.000000 1.197639 1.217802
 356.000000 1.246386 1.286068
 357.000000 1.273389 1.304458
 358.000000 1.140930 1.353682
 359.000000 1.169927 1.232754
 360.000000 1.208198 1.281128
 361.000000 1.194157 1.282518
 362.000000 1.165159 1.216816
 363.000000 1.105189 1.377975
 364.000000 1.204644 1.343426
 365.000000 1.241718 1.297245
 366.000000 1.141016 1.331138
 367.000000 1.221231 1.367156
 368.000000 1.177329 1.270701
 369.000000 1.110077 1.266609
 370.000000 1.102148 1.272775
 371.000000 1.162577 1.268071
 372.000000 1.245154 1.196308
 373.000000 1.136662 1.299020
 374.000000 1.212257 1.203923
 375.000000 1.190281 1.245753
 376.000000 1.175364 1.358184
 377.000000 1.202165 1.251975
 378.000000 1.089742 1.262568
 379.000000 1.160496 1.247752
 380.000000 1.136780 1.209615
 381.000000 1.166972 1.229187
 382.000000 1.234110 1.283646
 383.000000 1.152598 1.239036
 384.000000 1.118576 1.244248
 385.000000 1.119758 1.175652
 386.000000 1.071965 1.279686
 387.000000 1.153802 1.258131
 388.000000 1.216221 1.216590
 389.000000 1.241695 1.154723
 390.000000 1.183489 1.254901
 391.000000 1.212568 1.188515
 392.000000 1.220083 1.278906
 393.000000 1.154950 1.325263
 394.000000 1.237260 1.281029
 395.000000 1.252633 1.200710
 396.000000 1.220674 1.319479
 397.000000 1.076019 1.312474
 398.000000 1.244071 1.217174
 399.000000 1.146319 1.179392
 400.000000 1.164889 1.175841
 401.000000 1.213759 1.245590
 402.000000 1.136061 1.219336
 403.000000 1.222186 1.256699
 404.000000 1.140248 1.264778
 405.000000 1.150188 1.296827
 406.000000 1.132020 1.164228
 407.000000 1.125611 1.195435
 408.000000 1.076171 1.200658
 409.000000 1.103662 1.361260
 410.000000 1.197766 1.242159
 411.000000 1.159799 1.263098
 412.000000 1.060518 1.256267
 413.000000 1.227116 1.291117
 414.000000 1.146135 1.277550
 415.000000 1.175043 1.270675
 416.000000 1.238535 1.151739
 417.000000 1.140054 1.268555
 418.000000 1.124010 1.310979
 419.000000 1.214065 1.175852
 420.000000 1.170992 1.162649
 421.000000 1.260816 1.271757
 422.000000 1.184722 1.252152
 423.000000 1.189484 1.262343
 424.000000 1.262151 1.317011
 425.000000 1.278275 1.220144
 426.000000 1.107508 1.260988
 427.000000 1.234944 1.205969
 428.000000 1.193177 1.265294
 429.000000 1.208504 1.281088
 430.000000 1.205365 1.252209
 431.000000 1.180222 1.372348
 432.000000 1.146721 1.304231
 433.000000 1.207926 1.183553
 434.000000 1.222346 1.232415
 435.000000 1.216854 1.291557
 436.000000 1.164742 1.250223
 437.000000 1.173261 1.279435
 438.000000 1.159055 1.262678
 439.000000 1.216814 1.167554
 440.000000 1.122323 1.120989
 441.000000 1.164000 1.192950
 442.000000 1.245245 1.277438
 443.000000 1.221309 1.299508
 444.000000 1.142088 1.258045
 445.000000 1.201606 1.245236
 446.000000 1.164494 1.244285
 447.000000 1.180732 1.264518
 448.000000 1.248967 1.358818
 449.000000 1.195261 1.266936
 450.000000 1.167132 1.284342
 451.000000 1.079750 1.208032
 452.000000 1.124411 1.179648
 453.000000 1.029181 1.209305
 454.000000 1.031226 1.316886
 455.000000 1.078543 1.188608
 456.000000 1.162966 1.234751
 457.000000 1.190494 1.313885
 458.000000 1.213188 1.212589
 459.000000 1.195142 1.220328
 460.000000 1.258114 1.138961
 461.000000 1.167689 1.239632
 462.000000 1.172722 1.122605
 463.000000 1.150986 1.222931
 464.000000 1.148194 1.305550
 465.000000 1.152096 1.246661
 466.000000 1.122432 1.149766
 467.000000 1.080503 1.238612
 468.000000 1.148544 1.246443
 469.000000 1.146877 1.310059
 470.000000 1.194282 1.255187
 471.000000 1.218166 1.216548
 472.000000 1.244784 1.307863
 473.000000 1.222039 1.362887
 474.000000 1.227774 1.299962
 475.000000 1.127534 1.363362
 476.000000 1.149690 1.309707
 477.000000 1.237015 1.306708
 478.000000 1.214358 1.387065
 479.000000 1.283561 1.339926
 480.000000 1.225052 1.275679
 481.000000 1.161369 1.254275
 482.000000 1.155583 1.259755
 483.000000 1.295409 1.239626
 484.000000 1.210777 1.229914
 485.000000 1.201335 1.245145
 486.000000 1.046363 1.236621
 487.000000 1.082666 1.318657
 488.000000 1.181504 1.305862
 489.000000 1.155926 1.383588
 490.000000 1.171853 1.258164
 491.000000 1.295808 1.305262
 492.000000 1.310533 1.267015
 493.000000 1.209881 1.302218
 494.000000 1.126216 1.361399
 495.000000 1.281433 1.252334
 496.000000 1.267999 1.386890
 497.000000 1.233840 1.302783
 498.000000 1.205942 1.329772
 499.000000 1.257656 1.344299
 500.000000 1.079152 1.399677
 501.000000 1.036503 1.374000
 502.000000 1.031075 1.252029
 503.000000 1.147486 1.324300
 504.000000 1.207244 1.381909
 505.000000 1.198293 1.298420
 506.000000 1.143315 1.254248
 507.000000 1.199937 1.276698
 508.000000 1.105246 1.278472
 509.000000 1.181930 1.351563
 510.000000 1.225611 1.217658
 511.000000 1.191438 1.253813
 512.000000 1.102308 1.296629
 513.000000 1.129884 1.279799
 514.000000 1.199893 1.272468
 515.000000 1.184798 1.370105
 516.000000 1.326715 1.322311
 517.000000 1.078516 1.241748
 518.000000 1.201691 1.179953
 519.000000 1.192629 1.269349
 520.000000 1.141193 1.198896
 521.000000 1.199826 1.205551
 522.000000 1.218032 1.241551
 523.000000 1.182772 1.326079
 524.000000 1.114101 1.318516
 525.000000 1.216732 1.190775
 526.000000 1.098756 1.284472
 527.000000 1.153842 1.213987
 528.000000 1.222142 1.179895
 529.000000 1.254629 1.212195
 530.000000 1.112151 1.317844
 531.000000 1.068086 1.332134
 532.000000 1.141633 1.335849
 533.000000 1.166878 1.348410
 534.000000 1.095195 1.280736
 535.000000 1.156210 1.313468
 536.000000 1.169494 1.296996
 537.000000 1.153816 1.321943
 538.000000 1.154276 1.321664
 539.000000 1.164867 1.308324
 540.000000 1.134104 1.237303
 541.000000 1.146600 1.326270
 542.000000 1.397859 1.338825
 543.000000 1.140059 1.313821
 544.000000 1.132900 1.292177
 545.000000 1.199087 1.321786
 546.000000 1.250380 1.349476
 547.000000 1.241940 1.383775
 548.000000 1.271725 1.318236
 549.000000 1.124460 1.178393
 550.000000 1.174395 1.261172
 551.000000 1.258185 1.339415
 552.000000 1.283139 1.240521
 553.000000 1.124859 1.214060
 554.000000 1.262240 1.220790
 555.000000 1.251808 1.301013
 556.000000 1.239541 1.318516
 557.000000 1.161602 1.258881
 558.000000 1.199628 1.323919
 559.000000 1.217364 1.272250
 560.000000 1.280774 1.297131
 561.000000 1.184124 1.177019
 562.000000 1.046438 1.371728
 563.000000 1.200318 1.287021
 564.000000 1.224457 1.233784
 565.000000 1.284936 1.296273
 566.000000 1.344593 1.291527
 567.000000 1.223130 1.248650
 568.000000 1.215545 1.237248
 569.000000 1.256929 1.314106
 570.000000 1.203909 1.195509
 571.000000 1.116710 1.284651
 572.000000 1.215798 1.259795
 573.000000 1.149059 1.260175
 574.000000 1.219627 1.278097
 575.000000 1.150627 1.311889
 576.000000 1.259660 1.230533
 577.000000 1.189938 1.310314
 578.000000 1.237910 1.291440
 579.000000 1.212909 1.320640
 580.000000 1.204722 1.284317
 581.000000 1.185063 1.234883
 582.000000 1.261465 1.300609
 583.000000 1.191542 1.371947
 584.000000 1.153467 1.294665
 585.000000 1.275031 1.314689
 586.000000 1.241745 1.349274
 587.000000 1.250908 1.353252
 588.000000 1.179164 1.205308
 589.000000 1.253425 1.206668
 590.000000 1.180444 1.225669
 591.000000 1.110614 1.217604
 592.000000 1.125487 1.200173
 593.000000 1.218803 1.318003
 594.000000 1.141275 1.245182
 595.000000 1.151395 1.230540
 596.000000 1.166158 1.260717
 597.000000 1.154296 1.298912
 598.000000 1.196993 1.283215
 599.000000 1.195915 1.143968
 600.000000 1.116452 1.306388
 601.000000 1.128055 1.312475
 602.000000 1.184288 1.253300
 603.000000 1.237078 1.301287
 604.000000 1.238942 1.294475
 605.000000 1.278939 1.278914
 606.000000 1.200100 1.268082
 607.000000 1.220812 1.264697
 608.000000 1.202856 1.176596
 609.000000 1.200449 1.312735
 610.000000 1.347317 1.303084
 611.000000 1.213152 1.162671
 612.000000 1.204841 1.308742
 613.000000 1.278240 1.252768
 614.000000 1.286936 1.293059
 615.000000 1.192196 1.243906
 616.000000 1.253529 1.284037
 617.000000 1.219763 1.264721
 618.000000 1.207865 1.324778
 619.000000 1.160636 1.275801
 620.000000 1.157637 1.245780
 621.000000 1.252587 1.309366
 622.000000 1.244864 1.319159
 623.000000 1.157981 1.248285
 624.000000 1.145833 1.284476
 625.000000 1.225420 1.279740
 626.000000 1.202704 1.322145
 627.000000 1.142868 1.346764
 628.000000 1.251589 1.312517
 629.000000 1.205363 1.363208
 630.000000 1.240118 1.278484
 631.000000 1.137249 1.306011
 632.000000 1.230460 1.238201
 633.000000 1.219684 1.362795
 634.000000 1.091766 1.406794
 635.000000 1.211962 1.231433
 636.000000 1.226573 1.295058
 637.000000 1.108140 1.346408
 638.000000 1.207257 1.281983
 639.000000 1.247514 1.269075
 640.000000 1.168101 1.193866
 641.000000 1.247626 1.305890
 642.000000 1.190202 1.320624
 643.000000 1.094997 1.348254
 644.000000 1.136023 1.352232
 645.000000 1.152305 1.323238
 646.000000 1.194364 1.358335
 647.000000 1.229860 1.367450
 648.000000 1.172509 1.305514
 649.000000 1.143029 1.322723
 650.000000 1.177980 1.307772
 651.000000 1.098989 1.218931
 652.000000 1.094330 1.366896
 653.000000 1.131125 1.264631
 654.000000 1.150575 1.345425
 655.000000 1.209616 1.337912
 656.000000 1.129424 1.305492
 657.000000 1.174915 1.289191
 658.000000 1.183130 1.266814
 659.000000 1.238371 1.349761
 660.000000 1.147933 1.275406
 661.000000 1.182415 1.239682
 662.000000 1.189805 1.299455
 663.000000 1.057204 1.289319
 664.000000 1.274259 1.249525
 665.000000 1.241167 1.314919
 666.000000 1.220432 1.241296
 667.000000 1.112348 1.251833
 668.000000 1.129451 1.331365
 669.000000 1.208288 1.223036
 670.000000 1.266338 1.173107
 671.000000 1.236773 1.322279
 672.000000 1.241477 1.137121
 673.000000 1.240201 1.224449
 674.000000 1.218494 1.295756
 675.000000 1.187361 1.223020
 676.000000 1.262978 1.206503
 677.000000 1.153704 1.228394
 678.000000 1.173150 1.139425
 679.000000 1.224628 1.239546
 680.000000 1.245806 1.237997
 681.000000 1.160259 1.230162
 682.000000 1.100708 1.253830
 683.000000 1.192299 1.286330
 684.000000 1.151163 1.204872
 685.000000 1.270066 1.277271
 686.000000 1.169576 1.245636
 687.000000 1.262305 1.163049
 688.000000 1.214600 1.255868
 689.000000 1.156588 1.266044
 690.000000 1.180774 1.257981
 691.000000 1.132141 1.259862
 692.000000 1.157154 1.288663
 693.000000 1.185322 1.211681
 694.000000 1.148371 1.306131
 695.000000 1.218709 1.205146
 696.000000 1.259894 1.243678
 697.000000 1.168553 1.222998
 698.000000 1.181745 1.215865
 699.000000 1.207325 1.303582
 700.000000 1.240591 1.316244
 701.000000 1.175391 1.277349
 702.000000 1.128338 1.273764
 703.000000 1.149126 1.298275
 704.000000 1.098024 1.311089
 705.000000 1.180094 1.279861
 706.000000 1.193502 1.311515
 707.000000 1.332200 1.305757
 708.000000 1.317033 1.327484
 709.000000 1.157336 1.239416
 710.000000 1.079483 1.285121
 711.000000 1.154255 1.219775
 712.000000 1.210262 1.191026
 713.000000 1.178505 1.245246
 714.000000 1.204538 1.275244
 715.000000 1.122492 1.321797
 716.000000 1.138362 1.213160
 717.000000 1.164396 1.256718
 718.000000 1.170228 1.234778
 719.000000 1.181645 1.268724
 720.000000 1.195399 1.306201
 721.000000 1.162841 1.250958
 722.000000 1.144992 1.289440
 723.000000 1.316339 1.267897
 724.000000 1.225321 1.323064
 725.000000 1.204902 1.242950
 726.000000 1.158332 1.264357
 727.000000 1.102313 1.222374
 728.000000 1.196148 1.309384
 729.000000 1.160306 1.296897
 730.000000 1.202048 1.265302
 731.000000 1.188381 1.276775
 732.000000 1.073858 1.195827
 733.000000 1.150490 1.386136
 734.000000 1.199596 1.263539
 735.000000 1.156447 1.333918
 736.000000 1.183406 1.347331
 737.000000 1.244111 1.275390
 738.000000 1.200932 1.296619
 739.000000 1.249769 1.244308
 740.000000 1.241131 1.367298
 741.000000 1.232790 1.236553
 742.000000 1.270739 1.213625
 743.000000 1.161761 1.207658
 744.000000 1.256860 1.273318
 745.000000 1.196226 1.152466
 746.000000 1.164282 1.254684
 747.000000 1.133262 1.233413
 748.000000 1.244849 1.200019
 749.000000 1.157740 1.150732
 750.000000 1.052153 1.250375
 751.000000 1.188314 1.147534
 752.000000 1.192879 1.215328
 753.000000 1.237402 1.205289
 754.000000 1.195071 1.211234
 755.000000 1.171138 1.256860
 756.000000 1.164549 1.216949
 757.000000 1.119366 1.208454
 758.000000 1.166226 1.173840
 759.000000 1.165678 1.243828
 760.000000 1.268422 1.109677
 761.000000 1.211845 1.298450
 762.000000 1.244857 1.322720
 763.000000 1.099929 1.233156
 764.000000 1.301880 1.210896
 765.000000 1.157238 1.252827
 766.000000 1.208186 1.250753
 767.000000 1.096267 1.140031
 768.000000 1.175504 1.172550
 769.000000 1.102008 1.247328
 770.000000 1.102332 1.169844
 771.000000 1.189693 1.177502
 772.000000 1.112757 1.228438
 773.000000 1.219309 1.279196
 774.000000 1.275754 1.253920
 775.000000 1.226876 1.292265
 776.000000 1.160247 1.193715
 777.000000 1.114122 1.276186
 778.000000 1.326464 1.205038
 779.000000 1.150091 1.297091
 780.000000 1.164403 1.170581
 781.000000 1.134837 1.232559
 782.000000 1.185064 1.227816
 783.000000 1.187165 1.277643
 784.000000 1.201807 1.348928
 785.000000 1.118514 1.319265
 786.000000 1.139698 1.285969
 787.000000 1.194229 1.284364
 788.000000 1.122658 1.243314
 789.000000 1.083541 1.167576
 790.000000 1.074682 1.353026
 791.000000 1.082105 1.268965
 792.000000 1.194902 1.201336
 793.000000 1.274965 1.204813
 794.000000 1.178835 1.237918
 795.000000 1.240298 1.250994
 796.000000 1.077903 1.310226
 797.000000 1.094495 1.147470
 798.000000 1.165078 1.222780
 799.000000 1.171791 1.151159
 800.000000 1.207769 1.273077
 801.000000 1.173983 1.288232
 802.000000 1.005608 1.235622
 803.000000 1.107130 1.228896
 804.000000 1.060944 1.179729
 805.000000 1.089601 1.236529
 806.000000 0.966929 1.277297
 807.000000 1.130051 1.306325
 808.000000 1.094426 1.210259
 809.000000 1.153112 1.190149
 810.000000 1.001684 1.311169
 811.000000 1.116610 1.238604
 812.000000 1.058014 1.211481
 813.000000 1.059666 1.139367
 814.000000 1.086954 1.211229
 815.000000 1.052624 1.219108
 816.000000 1.141786 1.205843
 817.000000 1.066500 1.259176
 818.000000 1.008852 1.232307
 819.000000 1.061669 1.154302
 820.000000 1.126779 1.298964
 821.000000 1.148160 1.240705
 822.000000 1.058135 1.217006
 823.000000 1.164456 1.284561
 824.000000 1.045165 1.275034
 825.000000 0.945167 1.236529
 826.000000 1.082833 1.301350
 827.000000 1.073489 1.167449
 828.000000 1.038433 1.182662
 829.000000 1.157569 1.240178
 830.000000 1.127779 1.292130
 831.000000 1.072882 1.242535
 832.000000 1.087904 1.281481
 833.000000 1.007609 1.368846
 834.000000 1.130859 1.214337
 835.000000 1.126969 1.220373
 836.000000 1.058939 1.166563
 837.000000 1.142628 1.223237
 838.000000 1.161353 1.148667
 839.000000 1.119430 1.231506
 840.000000 1.070930 1.323399
 841.000000 1.016240 1.283416
 842.000000 1.001838 1.229859
 843.000000 1.138961 1.194467
 844.000000 1.085437 1.259865
 845.000000 0.941308 1.218138
 846.000000 1.010272 1.202360
 847.000000 1.060008 1.236599
 848.000000 1.091226 1.255551
 849.000000 1.057229 1.204433
 850.000000 1.002049 1.125397
 851.000000 1.125281 1.136536
 852.000000 1.179165 1.174274
 853.000000 1.127537 1.279411
 854.000000 1.008727 1.303482
 855.000000 0.998235 1.189396
 856.000000 0.960109 1.247963
 857.000000 1.094831 1.172591
 858.000000 1.108624 1.258505
 859.000000 1.114756 1.212020
 860.000000 1.077886 1.319792
 861.000000 1.114720 1.304419
 862.000000 1.110367 1.221656
 863.000000 1.026175 1.174912
 864.000000 1.075694 1.160569
 865.000000 1.042202 1.145940
 866.000000 1.095383 1.197527
 867.000000 1.131823 1.270040
 868.000000 1.099124 1.274365
 869.000000 1.147564 1.208052
 870.000000 1.045327 1.161074
 871.000000 1.038949 1.251087
 872.000000 1.110879 1.146130
 873.000000 1.059586 1.225196
 874.000000 0.996095 1.274513
 875.000000 1.103207 1.227072
 876.000000 1.155753 1.225137
 877.000000 1.089818 1.290603
 878.000000 1.124599 1.222984
 879.000000 1.058452 1.273859
 880.000000 0.938606 1.239785
 881.000000 1.005175 1.247464
 882.000000 0.996609 1.272646
 883.000000 1.062090 1.195461
 884.000000 1.062913 1.233019
 885.000000 1.128403 1.256391
 886.000000 0.972636 1.208212
 887.000000 1.033686 1.228231
 888.000000 1.133121 1.284658
 889.000000 1.105328 1.249296
 890.000000 1.238698 1.230348
 891.000000 1.107821 1.156481
 892.000000 1.083186 1.155585
 893.000000 1.070490 1.192085
 894.000000 1.236992 1.253130
 895.000000 1.138975 1.204701
 896.000000 1.120816 1.245105
 897.000000 1.166938 1.157355
 898.000000 1.136445 1.234439
 899.000000 1.181021 1.209900
 900.000000 1.182387 1.207560
 901.000000 1.153271 1.231347
 902.000000 1.117152 1.178378
 903.000000 1.134443 1.221639
 904.000000 1.135075 1.212671
 905.000000 1.066344 1.174544
 906.000000 1.139660 1.206102
 907.000000 1.158923 1.183069
 908.000000 1.216050 1.128521
 909.000000 1.136322 1.182266
 910.000000 1.089315 1.137603
 911.000000 1.069952 1.329125
 912.000000 1.076905 1.250537
 913.000000 1.194292 1.186737
 914.000000 1.173752 1.201225
 915.000000 1.071023 1.211437
 916.000000 1.146001 1.199884
 917.000000 1.080674 1.122193
 918.000000 1.122854 1.310401
 919.000000 1.062580 1.135868
 920.000000 1.153932 1.259739
 921.000000 1.068358 1.273956
 922.000000 1.190027 1.212614
 923.000000 1.157681 1.193081
 924.000000 1.162929 1.286646
 925.000000 1.190671 1.275587
 926.000000 1.144187 1.179175
 927.000000 1.231387 1.255992
 928.000000 1.201686 1.307313
 929.000000 1.220662 1.260418
 930.000000 1.126859 1.256022
 931.000000 1.118753 1.314754
 932.000000 1.106561 1.257038
 933.000000 1.219003 1.207534
 934.000000 1.159722 1.324794
 935.000000 1.164103 1.287456
 936.000000 1.063606 1.301824
 937.000000 1.065035 1.244034
 938.000000 1.249772 1.242766
 939.000000 1.121625 1.186788
 940.000000 1.299136 1.215564
 941.000000 1.109166 1.229704
 942.000000 1.157100 1.219211
 943.000000 1.049164 1.201753
 944.000000 1.169417 1.179644
 945.000000 1.070446 1.145329
 946.000000 1.122231 1.244674
 947.000000 1.144658 1.240048
 948.000000 1.048947 1.280103
 949.000000 1.070609 1.284837
 950.000000 1.171533 1.273675
 951.000000 1.118292 1.213481
 952.000000 1.344772 1.337616
 953.000000 1.138867 1.202868
 954.000000 1.208049 1.121363
 955.000000 1.178988 1.237970
 956.000000 1.115175 1.277849
 957.000000 1.213343 1.269585
 958.000000 1.188916 1.150800
 959.000000 1.195053 1.236448
 960.000000 1.213053 1.279776
 961.000000 1.199516 1.257671
 962.000000 1.225738 1.300213
 963.000000 1.080900 1.218511
 964.000000 1.127887 1.313542
 965.000000 1.086282 1.210766
 966.000000 1.082235 1.198332
 967.000000 1.206826 1.183372
 968.000000 1.144092 1.336140
 969.000000 1.166751 1.233963
 970.000000 1.024138 1.272654
 971.000000 1.159054 1.300243
 972.000000 1.109778 1.356388
 973.000000 1.097743 1.206408
 974.000000 1.187465 1.230214
 975.000000 1.084712 1.317466
 976.000000 1.085299 1.213113
 977.000000 1.216848 1.369288
 978.000000 1.099208 1.270005
 979.000000 1.059625 1.295696
 980.000000 1.242979 1.328071
 981.000000 1.132952 1.250547
 982.000000 1.242847 1.250308
 983.000000 1.157446 1.237030
 984.000000 1.179056 1.242937
 985.000000 1.317749 1.266853
 986.000000 1.214759 1.224317
 987.000000 1.252194 1.297032
 988.000000 1.109497 1.184060
 989.000000 0.949837 1.231025
 990.000000 1.089967 1.278198
 991.000000 1.002216 1.246571
 992.000000 1.034947 1.261215
 993.000000 1.019708 1.275908
 994.000000 1.070882 1.295234
 995.000000 1.024992 1.353664
 996.000000 1.150245 1.150840
 997.000000 1.176279 1.176319
 998.000000 1.004968 1.157182
 999.000000 1.097662 1.200533
 1000.000000 1.092053 1.155801
 1001.000000 1.154081 1.193406
 1002.000000 1.216436 1.090557
 1003.000000 1.070138 1.211426
 1004.000000 1.105693 1.178733
 1005.000000 1.086241 1.214583
 1006.000000 1.038368 1.270499
 1007.000000 1.058177 1.055257
 1008.000000 1.017832 1.141206
 1009.000000 0.961165 1.186719
 1010.000000 1.069631 1.243454
 1011.000000 1.097635 1.296536
 1012.000000 1.062233 1.267032
 1013.000000 0.984686 1.149015
 1014.000000 0.948512 1.243012
 1015.000000 1.009137 1.240070
 1016.000000 1.129279 1.249731
 1017.000000 1.012755 1.249734
 1018.000000 0.990995 1.244348
 1019.000000 1.068542 1.214816
 1020.000000 1.081315 1.247340
 1021.000000 1.037087 1.194449
 1022.000000 1.027612 1.175306
 1023.000000 1.081243 1.214906
 1024.000000 1.130172 1.182351
 1025.000000 1.139189 1.237724
 1026.000000 1.205029 1.283733
 1027.000000 1.019322 1.261243
 1028.000000 1.089853 1.192954
 1029.000000 1.144285 1.123773
 1030.000000 1.068637 1.212618
 1031.000000 1.002130 1.134272
 1032.000000 1.043792 1.280860
 1033.000000 1.229584 1.195218
 1034.000000 1.192183 1.222420
 1035.000000 1.111310 1.280864
 1036.000000 1.096616 1.253472
 1037.000000 0.960662 1.287491
 1038.000000 1.025323 1.203894
 1039.000000 1.017426 1.305990
 1040.000000 0.956398 1.175440
 1041.000000 1.071091 1.305776
 1042.000000 1.028096 1.361566
 1043.000000 1.066908 1.325880
 1044.000000 1.092196 1.268109
 1045.000000 0.972105 1.328788
 1046.000000 1.089781 1.241505
 1047.000000 1.046384 1.245889
 1048.000000 1.041264 1.254558
 1049.000000 1.094440 1.293505
 1050.000000 0.985068 1.234474
 1051.000000 0.973760 1.218753
 1052.000000 0.979248 1.318083
 1053.000000 1.002359 1.223949
 1054.000000 1.033492 1.258278
 1055.000000 1.274386 1.316802
 1056.000000 1.085999 1.307355
 1057.000000 1.082758 1.322210
 1058.000000 1.136642 1.262445
 1059.000000 1.097385 1.244824
 1060.000000 1.045398 1.324619
 1061.000000 1.209114 1.330764
 1062.000000 1.110631 1.255956
 1063.000000 1.087767 1.328846
 1064.000000 1.191712 1.341746
 1065.000000 1.081889 1.266488
 1066.000000 1.093571 1.273774
 1067.000000 1.056389 1.314098
 1068.000000 0.976757 1.284039
 1069.000000 1.039366 1.232117
 1070.000000 1.087348 1.236389
 1071.000000 1.254030 1.282695
 1072.000000 1.076116 1.248323
 1073.000000 1.151277 1.325492
 1074.000000 1.146168 1.274277
 1075.000000 1.070891 1.275052
 1076.000000 1.060429 1.264430
 1077.000000 1.123906 1.289686
 1078.000000 1.201359 1.268605
 1079.000000 1.113743 1.233211
 1080.000000 1.121990 1.284856
 1081.000000 1.161977 1.271784
 1082.000000 1.130081 1.246756
 1083.000000 0.955044 1.314407
 1084.000000 1.075609 1.290789
 1085.000000 1.145830 1.263190
 1086.000000 1.101244 1.245331
 1087.000000 1.062169 1.329210
 1088.000000 1.184105 1.303052
 1089.000000 1.105437 1.289378
 1090.000000 1.054480 1.273931
 1091.000000 1.156229 1.229206
 1092.000000 1.119493 1.309896
 1093.000000 1.039057 1.282130
 1094.000000 1.145201 1.259567
 1095.000000 1.117971 1.341668
 1096.000000 1.029653 1.247000
 1097.000000 1.142545 1.376200
 1098.000000 1.074957 1.225887
 1099.000000 1.164399 1.282639
 1100.000000 1.095731 1.251094
 1101.000000 1.073352 1.279766
 1102.000000 1.115241 1.302792
 1103.000000 1.062402 1.328876
 1104.000000 1.081860 1.238285
 1105.000000 1.056409 1.288970
 1106.000000 1.106520 1.300471
 1107.000000 1.148692 1.213378
 1108.000000 1.105382 1.298493
 1109.000000 1.132500 1.273571
 1110.000000 1.162426 1.313340
 1111.000000 1.114104 1.240763
 1112.000000 1.193873 1.251018
 1113.000000 1.111995 1.238476
 1114.000000 1.268473 1.253306
 1115.000000 1.182878 1.303918
 1116.000000 1.140206 1.278335
 1117.000000 1.154711 1.326381
 1118.000000 1.001188 1.209437
 1119.000000 1.194397 1.261090
 1120.000000 1.111961 1.208668
 1121.000000 1.159510 1.183291
 1122.000000 1.082282 1.237385
 1123.000000 1.161422 1.210494
 1124.000000 1.193717 1.223494
 1125.000000 1.083035 1.254639
 1126.000000 1.145396 1.259785
 1127.000000 1.043511 1.278551
 1128.000000 1.239373 1.181415
 1129.000000 1.130145 1.218943
 1130.000000 1.167633 1.208728
 1131.000000 1.188585 1.234771
 1132.000000 1.207241 1.295701
 1133.000000 1.200408 1.223890
 1134.000000 1.275205 1.156274
 1135.000000 1.179300 1.236902
 1136.000000 1.192062 1.291216
 1137.000000 1.266370 1.188174
 1138.000000 1.261909 1.188861
 1139.000000 1.200964 1.227027
 1140.000000 1.270564 1.201874
 1141.000000 1.217365 1.179268
 1142.000000 1.046017 1.211580
 1143.000000 1.223768 1.171367
 1144.000000 1.117427 1.196797
 1145.000000 1.042915 1.266514
 1146.000000 1.168295 1.257652
 1147.000000 1.101295 1.235036
 1148.000000 1.143122 1.260499
 1149.000000 1.150262 1.279573
 1150.000000 1.168902 1.195683
 1151.000000 1.145627 1.280179
 1152.000000 1.119660 1.201886
 1153.000000 1.234587 1.170286
 1154.000000 1.137359 1.176813
 1155.000000 1.174447 1.238045
 1156.000000 1.082384 1.193673
 1157.000000 1.193481 1.274970
 1158.000000 1.177148 1.286784
 1159.000000 1.287575 1.245342
 1160.000000 1.181008 1.278455
 1161.000000 1.251392 1.262348
 1162.000000 1.226274 1.333694
 1163.000000 1.202849 1.256724
 1164.000000 1.122595 1.209567
 1165.000000 1.095744 1.313374
 1166.000000 1.130253 1.206311
 1167.000000 1.183306 1.306585
 1168.000000 1.173507 1.252183
 1169.000000 1.006654 1.231583
 1170.000000 1.114541 1.226263
 1171.000000 1.169829 1.286246
 1172.000000 1.156016 1.208565
 1173.000000 1.211864 1.317572
 1174.000000 1.030301 1.299802
 1175.000000 1.138854 1.206447
 1176.000000 1.163897 1.255110
 1177.000000 1.132869 1.340680
 1178.000000 1.165068 1.262334
 1179.000000 1.106815 1.235544
 1180.000000 1.077807 1.244842
 1181.000000 1.177220 1.275968
 1182.000000 1.201096 1.201716
 1183.000000 1.112582 1.206882
 1184.000000 1.183361 1.256345
 1185.000000 1.221185 1.231341
 1186.000000 1.224265 1.265284
 1187.000000 1.161202 1.317984
 1188.000000 1.172383 1.266896
 1189.000000 1.246547 1.321776
 1190.000000 1.138335 1.243985
 1191.000000 1.111053 1.273872
 1192.000000 1.214726 1.303857
 1193.000000 1.160648 1.329014
 1194.000000 1.051075 1.269047
 1195.000000 1.078722 1.256638
 1196.000000 1.124380 1.256193
 1197.000000 1.181049 1.305391
 1198.000000 1.226284 1.231961
 1199.000000 1.176715 1.299097
 1200.000000 1.161909 1.240957
 1201.000000 1.198834 1.265044
 1202.000000 1.193356 1.240501
 1203.000000 1.065744 1.215164
 1204.000000 1.131524 1.275322
 1205.000000 1.201892 1.292771
 1206.000000 1.192781 1.262464
 1207.000000 1.104398 1.235790
 1208.000000 1.198601 1.173206
 1209.000000 1.112893 1.191767
 1210.000000 1.125594 1.214936
 1211.000000 1.167217 1.225344
 1212.000000 1.155301 1.310686
 1213.000000 1.161692 1.205737
 1214.000000 1.105896 1.208267
 1215.000000 1.025465 1.189819
 1216.000000 1.066950 1.163197
 1217.000000 1.119029 1.179077
 1218.000000 1.198449 1.257816
 1219.000000 1.083768 1.229736
 1220.000000 1.083644 1.293046
 1221.000000 1.117167 1.330107
 1222.000000 1.121706 1.306181
 1223.000000 1.263703 1.320755
 1224.000000 1.103372 1.245065
 1225.000000 1.208489 1.229404
 1226.000000 1.173235 1.283862
 1227.000000 1.034699 1.261523
 1228.000000 1.097745 1.274629
 1229.000000 1.109962 1.299780
 1230.000000 1.163449 1.162095
 1231.000000 1.182241 1.265563
 1232.000000 1.141521 1.225503
 1233.000000 1.073527 1.268526
 1234.000000 1.091396 1.260958
 1235.000000 1.079866 1.230415
 1236.000000 1.201074 1.145275
 1237.000000 1.102655 1.297230
 1238.000000 1.063764 1.298819
 1239.000000 1.189548 1.283876
 1240.000000 1.070870 1.301064
 1241.000000 1.046411 1.251758
 1242.000000 1.131150 1.189988
 1243.000000 1.138638 1.187085
 1244.000000 1.146414 1.296266
 1245.000000 1.102722 1.344663
 1246.000000 1.083937 1.326172
 1247.000000 1.096893 1.373733
 1248.000000 1.141009 1.258169
 1249.000000 1.047916 1.406861
 1250.000000 1.142158 1.308048
 1251.000000 1.115554 1.276354
 1252.000000 1.114542 1.313390
 1253.000000 1.091456 1.340599
 1254.000000 1.186668 1.275058
 1255.000000 1.230972 1.286662
 1256.000000 1.142913 1.237017
 1257.000000 1.113948 1.210576
 1258.000000 1.118711 1.245145
 1259.000000 1.146626 1.246156
 1260.000000 1.166525 1.337825
 1261.000000 1.073176 1.356329
 1262.000000 1.153011 1.298314
 1263.000000 1.146454 1.262962
 1264.000000 1.161272 1.315091
 1265.000000 1.059476 1.255059
 1266.000000 1.131904 1.294998
 1267.000000 1.035900 1.303183
 1268.000000 1.089205 1.355836
 1269.000000 1.044264 1.325877
 1270.000000 1.193906 1.341793
 1271.000000 1.022097 1.254328
 1272.000000 1.164638 1.218810
 1273.000000 1.202434 1.271510
 1274.000000 1.183863 1.313214
 1275.000000 1.159819 1.326474
 1276.000000 1.042194 1.278229
 1277.000000 1.128043 1.255633
 1278.000000 1.126113 1.275556
 1279.000000 1.041909 1.273340
 1280.000000 1.005522 1.195307
 1281.000000 1.084368 1.211085
 1282.000000 1.072000 1.230833
 1283.000000 1.143652 1.255914
 1284.000000 1.110587 1.345931
 1285.000000 1.219891 1.391624
 1286.000000 1.136031 1.289786
 1287.000000 0.977459 1.276537
 1288.000000 0.939906 1.313980
 1289.000000 1.139329 1.250738
 1290.000000 1.025205 1.257546
 1291.000000 1.113656 1.297581
 1292.000000 1.014985 1.337431
 1293.000000 1.110589 1.318952
 1294.000000 1.119826 1.239652
 1295.000000 1.097484 1.320013
 1296.000000 1.034169 1.362473
 1297.000000 1.176309 1.317066
 1298.000000 1.201270 1.293066
 1299.000000 1.067504 1.213575
 1300.000000 1.101279 1.233952
 1301.000000 1.164723 1.284972
 1302.000000 1.089049 1.303364
 1303.000000 1.115092 1.308933
 1304.000000 1.075303 1.231795
 1305.000000 1.035833 1.242813
 1306.000000 1.097458 1.144258
 1307.000000 1.121597 1.260008
 1308.000000 1.120616 1.320035
 1309.000000 1.072974 1.307562
 1310.000000 1.133546 1.310858
 1311.000000 1.230647 1.193490
 1312.000000 1.082876 1.335753
 1313.000000 1.170991 1.266411
 1314.000000 1.020276 1.348378
 1315.000000 1.071231 1.264840
 1316.000000 1.165510 1.366672
 1317.000000 1.107467 1.343429
 1318.000000 1.122050 1.311251
 1319.000000 1.067157 1.251054
 1320.000000 1.178532 1.121086
 1321.000000 1.127657 1.217342
 1322.000000 1.166422 1.214053
 1323.000000 1.066319 1.147109
 1324.000000 1.108048 1.330007
 1325.000000 1.240937 1.308120
 1326.000000 1.151483 1.262923
 1327.000000 1.134112 1.362219
 1328.000000 1.152573 1.309550
 1329.000000 1.025180 1.215900
 1330.000000 1.076882 1.207734
 1331.000000 0.931312 1.259281
 1332.000000 1.139461 1.213841
 1333.000000 1.141612 1.248220
 1334.000000 1.112210 1.260372
 1335.000000 1.040360 1.281805
 1336.000000 1.005000 1.344631
 1337.000000 1.054459 1.318253
 1338.000000 1.141445 1.267689
 1339.000000 1.158360 1.240801
 1340.000000 1.094068 1.263530
 1341.000000 1.132487 1.266878
 1342.000000 1.038858 1.318605
 1343.000000 1.021083 1.225699
 1344.000000 1.036778 1.196334
 1345.000000 1.002352 1.252500
 1346.000000 1.184993 1.238468
 1347.000000 1.015509 1.239880
 1348.000000 1.085417 1.220254
 1349.000000 1.102295 1.237848
 1350.000000 1.036548 1.221969
 1351.000000 1.022425 1.232787
 1352.000000 1.149246 1.220453
 1353.000000 1.007687 1.197886
 1354.000000 1.011380 1.148931
 1355.000000 1.012101 1.091541
 1356.000000 1.058599 1.227735
 1357.000000 0.976970 1.198828
 1358.000000 1.047016 1.267249
 1359.000000 0.912240 1.195935
 1360.000000 1.066816 1.154656
 1361.000000 0.911278 1.239061
 1362.000000 1.059980 1.217206
 1363.000000 1.018047 1.253202
 1364.000000 0.915712 1.217892
 1365.000000 1.055412 1.213967
 1366.000000 1.051943 1.082681
 1367.000000 1.005475 1.198194
 1368.000000 0.994979 1.188226
 1369.000000 1.041356 1.236441
 1370.000000 1.014196 1.278274
 1371.000000 1.076933 1.224243
 1372.000000 1.092069 1.251396
 1373.000000 1.117796 1.310776
 1374.000000 1.074272 1.266742
 1375.000000 1.046955 1.245543
 1376.000000 1.025327 1.235192
 1377.000000 1.177128 1.205619
 1378.000000 1.085600 1.250801
 1379.000000 1.135577 1.250406
 1380.000000 1.029566 1.277656
 1381.000000 1.069483 1.255551
 1382.000000 1.071468 1.241102
 1383.000000 0.974526 1.219400
 1384.000000 1.058266 1.198732
 1385.000000 1.132203 1.246063
 1386.000000 0.953289 1.219021
 1387.000000 1.086756 1.262149
 1388.000000 1.021877 1.360020
 1389.000000 1.014669 1.211826
 1390.000000 1.047857 1.273360
 1391.000000 1.067817 1.263105
 1392.000000 1.106086 1.312934
 1393.000000 0.994647 1.293284
 1394.000000 1.144284 1.231660
 1395.000000 1.063047 1.184943
 1396.000000 1.016272 1.262247
 1397.000000 0.976395 1.297432
 1398.000000 1.111918 1.205175
 1399.000000 1.144336 1.294833
 1400.000000 1.091972 1.325615
 1401.000000 1.144188 1.360416
 1402.000000 1.164853 1.242145
 1403.000000 1.062663 1.265172
 1404.000000 1.064097 1.312576
 1405.000000 0.971679 1.235550
 1406.000000 1.074787 1.227535
 1407.000000 1.117000 1.216464
 1408.000000 1.087981 1.259769
 1409.000000 1.026236 1.200112
 1410.000000 1.048636 1.215136
 1411.000000 1.153816 1.214449
 1412.000000 1.074035 1.173023
 1413.000000 0.933941 1.184197
 1414.000000 1.024189 1.235922
 1415.000000 1.058359 1.302670
 1416.000000 1.113016 1.229233
 1417.000000 1.180960 1.217328
 1418.000000 1.020477 1.257512
 1419.000000 1.033926 1.232481
 1420.000000 1.056507 1.277218
 1421.000000 1.163104 1.283762
 1422.000000 1.040894 1.319191
 1423.000000 0.984188 1.276954
 1424.000000 1.032227 1.257448
 1425.000000 1.069350 1.293083
 1426.000000 1.064378 1.288571
 1427.000000 1.044671 1.317916
 1428.000000 1.107807 1.384837
 1429.000000 1.072925 1.284134
 1430.000000 0.987531 1.395817
 1431.000000 0.964468 1.340888
 1432.000000 1.052186 1.379193
 1433.000000 0.959542 1.317734
 1434.000000 0.988163 1.305284
 1435.000000 1.041388 1.289058
 1436.000000 1.040046 1.192154
 1437.000000 1.032503 1.230191
 1438.000000 1.098648 1.203884
 1439.000000 1.115220 1.193339
 1440.000000 0.995880 1.243214
 1441.000000 1.021476 1.263213
 1442.000000 1.022402 1.253679
 1443.000000 1.021149 1.197397
 1444.000000 1.097521 1.257465
 1445.000000 1.165174 1.313493
 1446.000000 1.149921 1.315523
 1447.000000 1.015601 1.238584
 1448.000000 1.064782 1.308475
 1449.000000 1.106394 1.291697
 1450.000000 1.162454 1.280602
 1451.000000 1.060200 1.319582
 1452.000000 1.037683 1.229994
 1453.000000 1.206779 1.270262
 1454.000000 1.032676 1.313313
 1455.000000 1.104837 1.298511
 1456.000000 1.155692 1.302872
 1457.000000 1.095738 1.243902
 1458.000000 1.021450 1.243289
 1459.000000 1.052571 1.210841
 1460.000000 1.024884 1.215388
 1461.000000 1.120521 1.281624
 1462.000000 1.110850 1.254477
 1463.000000 1.100697 1.285669
 1464.000000 1.198365 1.294969
 1465.000000 1.008347 1.254765
 1466.000000 1.132780 1.226965
 1467.000000 1.130263 1.301415
 1468.000000 1.116465 1.244317
 1469.000000 1.103363 1.345573
 1470.000000 1.178993 1.257122
 1471.000000 1.204785 1.320641
 1472.000000 1.168270 1.282182
 1473.000000 1.105011 1.243120
 1474.000000 1.075555 1.297788
 1475.000000 1.063442 1.284016
 1476.000000 1.109174 1.260538
 1477.000000 1.074968 1.288669
 1478.000000 1.085550 1.217079
 1479.000000 1.181225 1.251243
 1480.000000 1.134342 1.234463
 1481.000000 1.187575 1.293960
 1482.000000 1.003617 1.315439
 1483.000000 1.140421 1.238664
 1484.000000 1.124643 1.245538
 1485.000000 1.154460 1.215256
 1486.000000 1.090941 1.236858
 1487.000000 1.079577 1.257688
 1488.000000 1.111856 1.253632
 1489.000000 1.080463 1.324913
 1490.000000 1.174489 1.264873
 1491.000000 1.086005 1.229942
 1492.000000 1.109494 1.283092
 1493.000000 1.027406 1.248640
 1494.000000 1.135431 1.246711
 1495.000000 1.057376 1.264186
 1496.000000 1.050237 1.262435
 1497.000000 1.095882 1.225469
 1498.000000 1.150901 1.259523
 1499.000000 1.088285 1.290253
 1500.000000 1.137067 1.205529
 1501.000000 1.120393 1.277025
 1502.000000 1.114270 1.210799
 1503.000000 1.086124 1.222815
 1504.000000 1.106027 1.239426
 1505.000000 1.069894 1.253833
 1506.000000 1.101083 1.273295
 1507.000000 1.094348 1.261516
 1508.000000 1.090778 1.260765
 1509.000000 1.049458 1.239203
 1510.000000 1.070424 1.310824
 1511.000000 1.141802 1.248909
 1512.000000 1.199637 1.258747
 1513.000000 1.052512 1.235250
 1514.000000 1.091405 1.343273
 1515.000000 1.081820 1.238435
 1516.000000 1.054996 1.331190
 1517.000000 1.077148 1.199708
 1518.000000 1.149450 1.273439
 1519.000000 1.137113 1.309926
 1520.000000 1.308102 1.295060
 1521.000000 1.089755 1.229135
 1522.000000 1.130792 1.198041
 1523.000000 1.249829 1.270642
 1524.000000 1.096145 1.289841
 1525.000000 1.051839 1.284607
 1526.000000 1.155582 1.304712
 1527.000000 1.083482 1.201020
 1528.000000 1.120941 1.272569
 1529.000000 1.092879 1.241086
 1530.000000 1.065933 1.323076
 1531.000000 1.040154 1.258221
 1532.000000 1.058420 1.321569
 1533.000000 1.024438 1.263082
 1534.000000 1.151349 1.322484
 1535.000000 1.018537 1.402187
 1536.000000 1.005624 1.319634
 1537.000000 0.993879 1.386938
 1538.000000 1.051317 1.250408
 1539.000000 1.120598 1.226864
 1540.000000 1.072485 1.256875
 1541.000000 1.130456 1.295485
 1542.000000 1.114571 1.335517
 1543.000000 0.947690 1.322984
 1544.000000 1.089989 1.360920
 1545.000000 1.066568 1.285975
 1546.000000 1.100320 1.343403
 1547.000000 1.096173 1.246895
 1548.000000 1.029567 1.288068
 1549.000000 1.058221 1.328398
 1550.000000 1.064848 1.284856
 1551.000000 1.075873 1.281648
 1552.000000 1.023439 1.284945
 1553.000000 1.107684 1.314151
 1554.000000 1.122502 1.309862
 1555.000000 1.025346 1.258776
 1556.000000 1.195721 1.346643
 1557.000000 0.982951 1.252676
 1558.000000 0.976967 1.270278
 1559.000000 1.072471 1.220988
 1560.000000 1.040832 1.250835
 1561.000000 1.084293 1.241266
 1562.000000 1.062511 1.259267
 1563.000000 0.998189 1.271957
 1564.000000 1.053853 1.241252
 1565.000000 1.061215 1.264659
 1566.000000 1.103584 1.218055
 1567.000000 1.098711 1.247376
 1568.000000 1.067815 1.222880
 1569.000000 1.079829 1.226632
 1570.000000 1.152586 1.359177
 1571.000000 1.061269 1.290796
 1572.000000 1.093447 1.317107
 1573.000000 1.066402 1.211396
 1574.000000 0.949005 1.276459
 1575.000000 1.018894 1.275322
 1576.000000 1.073575 1.255643
 1577.000000 0.941506 1.207105
 1578.000000 1.133073 1.276320
 1579.000000 1.080631 1.221737
 1580.000000 1.044496 1.350627
 1581.000000 1.134278 1.251584
 1582.000000 1.190334 1.242907
 1583.000000 1.097778 1.254022
 1584.000000 1.091329 1.201240
 1585.000000 1.199524 1.340111
 1586.000000 1.035295 1.347061
 1587.000000 1.038173 1.351923
 1588.000000 1.095711 1.300892
 1589.000000 1.060637 1.279359
 1590.000000 1.135742 1.309627
 1591.000000 1.073932 1.257002
 1592.000000 1.195549 1.231617
 1593.000000 0.981395 1.295369
 1594.000000 1.044069 1.206759
 1595.000000 1.046981 1.198473
 1596.000000 1.086970 1.232092
 1597.000000 1.016616 1.269070
 1598.000000 1.211963 1.297798
 1599.000000 1.122392 1.221277
 1600.000000 1.066885 1.191462
 1601.000000 1.082230 1.287162
 1602.000000 1.082277 1.207610
 1603.000000 1.121708 1.337503
 1604.000000 1.181811 1.313347
 1605.000000 1.083590 1.258099
 1606.000000 1.151306 1.286911
 1607.000000 0.992957 1.282169
 1608.000000 1.032129 1.313312
 1609.000000 0.989281 1.254048
 1610.000000 0.983266 1.330384
 1611.000000 1.161156 1.247049
 1612.000000 1.009538 1.352911
 1613.000000 1.093137 1.248621
 1614.000000 1.047941 1.304616
 1615.000000 0.938889 1.250447
 1616.000000 1.014847 1.331913
 1617.000000 1.008285 1.317640
 1618.000000 1.058780 1.298854
 1619.000000 1.145589 1.272998
 1620.000000 1.049569 1.274276
 1621.000000 1.156820 1.274046
 1622.000000 1.122516 1.255135
 1623.000000 1.016457 1.202226
 1624.000000 1.110830 1.247093
 1625.000000 1.094957 1.288184
 1626.000000 1.088579 1.176317
 1627.000000 1.072964 1.232005
 1628.000000 1.114337 1.245812
 1629.000000 1.029322 1.246941
 1630.000000 1.151060 1.210042
 1631.000000 0.945103 1.217313
 1632.000000 1.136711 1.241704
 1633.000000 1.195451 1.338017
 1634.000000 1.149533 1.347359
 1635.000000 1.123278 1.386498
 1636.000000 1.105710 1.361497
 1637.000000 1.095743 1.128859
 1638.000000 1.122071 1.196262
 1639.000000 0.983390 1.209503
 1640.000000 1.157331 1.292048
 1641.000000 1.067863 1.265357
 1642.000000 1.119949 1.307783
 1643.000000 1.096169 1.274463
 1644.000000 1.237389 1.248812
 1645.000000 1.252825 1.219248
 1646.000000 1.175667 1.239274
 1647.000000 1.155727 1.300543
 1648.000000 1.178187 1.258845
 1649.000000 1.135358 1.107958
 1650.000000 1.144546 1.184047
 1651.000000 1.157597 1.277086
 1652.000000 1.145310 1.272003
 1653.000000 1.068409 1.067513
 1654.000000 0.976887 1.202801
 1655.000000 0.988561 1.279503
 1656.000000 1.188651 1.341417
 1657.000000 1.115241 1.241453
 1658.000000 1.088458 1.269015
 1659.000000 1.087327 1.343895
 1660.000000 1.097118 1.233741
 1661.000000 1.091289 1.210154
 1662.000000 1.202849 1.270692
 1663.000000 1.036104 1.264618
 1664.000000 1.037676 1.309955
 1665.000000 1.101961 1.310276
 1666.000000 0.990924 1.256479
 1667.000000 1.123310 1.259861
 1668.000000 1.095916 1.145791
 1669.000000 1.070980 1.198201
 1670.000000 1.107875 1.197137
 1671.000000 1.074018 1.292441
 1672.000000 1.034477 1.193106
 1673.000000 1.160524 1.233534
 1674.000000 1.080073 1.216375
 1675.000000 1.122407 1.251063
 1676.000000 1.125511 1.187316
 1677.000000 1.011707 1.244182
 1678.000000 1.113607 1.187201
 1679.000000 1.107616 1.267108
 1680.000000 1.215227 1.238135
 1681.000000 1.137116 1.306314
 1682.000000 1.094530 1.276311
 1683.000000 1.035648 1.288402
 1684.000000 1.140452 1.300333
 1685.000000 1.095208 1.214944
 1686.000000 1.164808 1.240182
 1687.000000 1.136680 1.228338
 1688.000000 1.030715 1.166303
 1689.000000 1.070590 1.170959
 1690.000000 1.043843 1.226004
 1691.000000 1.102540 1.257461
 1692.000000 1.158257 1.184556
 1693.000000 1.121399 1.248888
 1694.000000 1.169959 1.187021
 1695.000000 1.071288 1.224376
 1696.000000 1.098284 1.262991
 1697.000000 1.039884 1.261477
 1698.000000 1.085563 1.310244
 1699.000000 1.097200 1.270781
 1700.000000 1.120069 1.293258
 1701.000000 1.077955 1.237649
 1702.000000 1.228001 1.213691
 1703.000000 1.125454 1.265172
 1704.000000 1.113236 1.186309
 1705.000000 1.251400 1.223864
 1706.000000 1.163413 1.268889
 1707.000000 1.165094 1.263931
 1708.000000 1.113896 1.284832
 1709.000000 1.100944 1.225359
 1710.000000 1.218501 1.251284
 1711.000000 1.099719 1.167111
 1712.000000 1.163596 1.257906
 1713.000000 1.243819 1.216506
 1714.000000 1.056360 1.255218
 1715.000000 1.126601 1.281254
 1716.000000 1.116166 1.238447
 1717.000000 1.084719 1.267366
 1718.000000 1.053523 1.154202
 1719.000000 1.097787 1.247434
 1720.000000 1.109950 1.230154
 1721.000000 1.020161 1.202852
 1722.000000 1.074091 1.272848
 1723.000000 1.070195 1.187568
 1724.000000 0.997069 1.173147
 1725.000000 1.122873 1.249355
 1726.000000 0.963058 1.231102
 1727.000000 1.160206 1.290373
 1728.000000 1.102446 1.233950
 1729.000000 1.062438 1.249612
 1730.000000 1.073701 1.267866
 1731.000000 1.189475 1.218807
 1732.000000 1.150389 1.175670
 1733.000000 1.176949 1.206575
 1734.000000 1.100220 1.203620
 1735.000000 1.195512 1.272687
 1736.000000 1.093145 1.336981
 1737.000000 1.143494 1.247057
 1738.000000 1.131039 1.366972
 1739.000000 1.108924 1.359873
 1740.000000 1.163665 1.285451
 1741.000000 1.150558 1.312415
 1742.000000 1.074551 1.294958
 1743.000000 1.138117 1.301809
 1744.000000 1.109427 1.283176
 1745.000000 1.049926 1.170286
 1746.000000 1.022281 1.310720
 1747.000000 1.089191 1.311649
 1748.000000 1.115914 1.254590
 1749.000000 1.037897 1.213695
 1750.000000 1.020491 1.295376
 1751.000000 1.106496 1.303087
 1752.000000 1.045278 1.315928
 1753.000000 1.008765 1.299158
 1754.000000 1.066440 1.407512
 1755.000000 1.146715 1.333135
 1756.000000 1.078978 1.401290
 1757.000000 1.047889 1.287504
 1758.000000 0.979192 1.330344
 1759.000000 1.129411 1.259132
 1760.000000 1.143360 1.310414
 1761.000000 1.106946 1.307574
 1762.000000 1.154723 1.285180
 1763.000000 1.213825 1.334498
 1764.000000 1.203857 1.219834
 1765.000000 1.123159 1.304555
 1766.000000 1.143144 1.322990
 1767.000000 1.152630 1.320633
 1768.000000 1.095110 1.300141
 1769.000000 1.094366 1.262323
 1770.000000 1.069175 1.246904
 1771.000000 1.061649 1.290050
 1772.000000 1.140513 1.267829
 1773.000000 1.163583 1.280929
 1774.000000 1.192120 1.305610
 1775.000000 1.190515 1.284016
 1776.000000 1.139492 1.315860
 1777.000000 1.046249 1.283032
 1778.000000 1.132151 1.259944
 1779.000000 1.093012 1.299537
 1780.000000 1.027668 1.283673
 1781.000000 1.010215 1.300264
 1782.000000 1.083229 1.247779
 1783.000000 1.087763 1.307860
 1784.000000 1.032790 1.349642
 1785.000000 1.005604 1.219615
 1786.000000 1.082011 1.254722
 1787.000000 1.147627 1.293873
 1788.000000 1.013927 1.215777
 1789.000000 1.011399 1.317583
 1790.000000 1.091896 1.333763
 1791.000000 0.956167 1.338212
 1792.000000 0.991838 1.336938
 1793.000000 0.980440 1.300704
 1794.000000 0.996803 1.340113
 1795.000000 1.014812 1.325005
 1796.000000 1.030956 1.305535
 1797.000000 1.026192 1.366885
 1798.000000 1.007860 1.289174
 1799.000000 0.984265 1.239621
 1800.000000 0.984596 1.275290
 1801.000000 1.013041 1.252112
 1802.000000 1.016593 1.260533
 1803.000000 1.115813 1.376943
 1804.000000 0.969190 1.320596
 1805.000000 0.980556 1.354233
 1806.000000 1.080649 1.218922
 1807.000000 0.922962 1.299225
 1808.000000 0.997984 1.228277
 1809.000000 0.978363 1.213708
 1810.000000 0.988053 1.204654
 1811.000000 1.063549 1.342278
 1812.000000 1.061265 1.282087
 1813.000000 1.103687 1.333393
 1814.000000 1.021276 1.276976
 1815.000000 1.038590 1.294151
 1816.000000 1.019462 1.379580
 1817.000000 1.084141 1.232992
 1818.000000 1.168382 1.132804
 1819.000000 1.061075 1.151608
 1820.000000 1.163004 1.225972
 1821.000000 1.111245 1.267004
 1822.000000 1.056636 1.229643
 1823.000000 1.074609 1.230326
 1824.000000 1.146276 1.227702
 1825.000000 1.186445 1.270494
 1826.000000 1.194591 1.310103
 1827.000000 1.027442 1.233498
 1828.000000 1.119833 1.325833
 1829.000000 1.074423 1.260563
 1830.000000 1.072035 1.256750
 1831.000000 1.012215 1.261181
 1832.000000 1.026802 1.287289
 1833.000000 1.102345 1.231775
 1834.000000 1.151458 1.281117
 1835.000000 0.995605 1.282772
 1836.000000 1.007694 1.273692
 1837.000000 1.105525 1.342281
 1838.000000 0.978540 1.322457
 1839.000000 1.056311 1.248328
 1840.000000 1.016122 1.318655
 1841.000000 1.059958 1.286796
 1842.000000 1.109722 1.300478
 1843.000000 1.134380 1.227742
 1844.000000 1.181502 1.240121
 1845.000000 1.155829 1.229314
 1846.000000 1.147748 1.278429
 1847.000000 1.205946 1.276368
 1848.000000 1.130961 1.236141
 1849.000000 1.162883 1.259427
 1850.000000 1.013120 1.233604
 1851.000000 1.148440 1.206445
 1852.000000 1.100575 1.234634
 1853.000000 1.033396 1.188469
 1854.000000 1.058614 1.178769
 1855.000000 1.045720 1.242588
 1856.000000 1.065437 1.260658
 1857.000000 1.091718 1.243072
 1858.000000 1.159285 1.200234
 1859.000000 1.021801 1.287491
 1860.000000 1.017821 1.316953
 1861.000000 1.016939 1.283867
 1862.000000 1.002089 1.233040
 1863.000000 1.078516 1.304085
 1864.000000 1.071965 1.231205
 1865.000000 1.039613 1.221503
 1866.000000 1.132290 1.225122
 1867.000000 1.079418 1.345641
 1868.000000 1.104207 1.281937
 1869.000000 1.152595 1.284750
 1870.000000 1.138175 1.236869
 1871.000000 1.070870 1.302515
 1872.000000 1.085988 1.270582
 1873.000000 1.156742 1.300703
 1874.000000 1.017458 1.224156
 1875.000000 1.131298 1.264557
 1876.000000 1.103961 1.310460
 1877.000000 1.094130 1.309321
 1878.000000 1.065925 1.315846
 1879.000000 1.074716 1.316041
 1880.000000 1.197695 1.223917
 1881.000000 1.093655 1.237263
 1882.000000 1.210507 1.216955
 1883.000000 1.096071 1.273885
 1884.000000 1.149219 1.263867
 1885.000000 1.070081 1.265211
 1886.000000 1.137757 1.223831
 1887.000000 1.121887 1.277582
 1888.000000 1.071152 1.251041
 1889.000000 1.072709 1.303991
 1890.000000 1.001962 1.214975
 1891.000000 0.998882 1.275899
 1892.000000 1.095327 1.260323
 1893.000000 1.054292 1.188566
 1894.000000 0.970389 1.275908
 1895.000000 1.041405 1.280733
 1896.000000 1.101190 1.255246
 1897.000000 1.095212 1.258968
 1898.000000 1.049642 1.272417
 1899.000000 1.107818 1.304036
 1900.000000 1.068287 1.267689
 1901.000000 1.099731 1.236281
 1902.000000 1.078386 1.234597
 1903.000000 1.116108 1.306743
 1904.000000 1.168442 1.237894
 1905.000000 1.183740 1.256061
 1906.000000 1.145746 1.268167
 1907.000000 1.134507 1.263722
 1908.000000 1.109637 1.280175
 1909.000000 1.129413 1.293887
 1910.000000 1.197189 1.279368
 1911.000000 1.217277 1.246998
 1912.000000 1.195412 1.254031
 1913.000000 1.123551 1.245094
 1914.000000 1.171347 1.184540
 1915.000000 1.180744 1.272895
 1916.000000 1.156417 1.307552
 1917.000000 1.276969 1.248095
 1918.000000 1.251435 1.172814
 1919.000000 1.146965 1.314335
 1920.000000 1.283130 1.236733
 1921.000000 1.157500 1.220002
 1922.000000 1.160520 1.220481
 1923.000000 1.233136 1.304389
 1924.000000 1.187333 1.198592
 1925.000000 1.236733 1.217800
 1926.000000 1.172197 1.212114
 1927.000000 1.194294 1.112781
 1928.000000 1.247571 1.175651
 1929.000000 1.276811 1.144212
 1930.000000 1.221469 1.203644
 1931.000000 1.158351 1.187016
 1932.000000 1.143306 1.181680
 1933.000000 1.162903 1.225404
 1934.000000 1.142041 1.194258
 1935.000000 1.147828 1.302349
 1936.000000 1.076653 1.217366
 1937.000000 1.167755 1.183352
 1938.000000 1.132829 1.125109
 1939.000000 1.207952 1.216997
 1940.000000 1.171712 1.084298
 1941.000000 1.152409 1.212829
 1942.000000 1.236051 1.282262
 1943.000000 1.219540 1.132926
 1944.000000 1.112472 1.204414
 1945.000000 1.239494 1.208570
 1946.000000 1.146725 1.294588
 1947.000000 1.230745 1.210685
 1948.000000 1.128635 1.147234
 1949.000000 1.207098 1.188786
 1950.000000 1.237612 1.186472
 1951.000000 1.232072 1.242763
 1952.000000 1.254932 1.172914
 1953.000000 1.213115 1.184553
 1954.000000 1.181007 1.176801
 1955.000000 1.112970 1.208045
 1956.000000 1.169244 1.165370
 1957.000000 1.106159 1.196866
 1958.000000 1.235853 1.195926
 1959.000000 1.168494 1.157348
 1960.000000 1.175586 1.196254
 1961.000000 1.151860 1.206045
 1962.000000 1.150527 1.156651
 1963.000000 1.137433 1.250366
 1964.000000 1.193662 1.270971
 1965.000000 1.173722 1.194991
 1966.000000 1.178037 1.282847
 1967.000000 1.154187 1.232926
 1968.000000 1.137342 1.233264
 1969.000000 1.208978 1.262319
 1970.000000 1.137876 1.150407
 1971.000000 1.182399 1.140633
 1972.000000 1.173174 1.218222
 1973.000000 1.191240 1.273606
 1974.000000 1.157413 1.253768
 1975.000000 1.229848 1.259636
 1976.000000 1.222684 1.250554
 1977.000000 1.182421 1.176329
 1978.000000 1.200836 1.250215
 1979.000000 1.241455 1.312842
 1980.000000 1.198532 1.273104
 1981.000000 1.207548 1.296335
 1982.000000 1.193130 1.251040
 1983.000000 1.106651 1.272770
 1984.000000 1.053225 1.261652
 1985.000000 1.088455 1.284974
 1986.000000 1.085843 1.257272
 1987.000000 1.146507 1.391990
 1988.000000 1.178638 1.326263
 1989.000000 1.148563 1.343204
 1990.000000 1.133105 1.322973
 1991.000000 1.027952 1.309023
 1992.000000 1.076971 1.374461
 1993.000000 1.145514 1.274570
 1994.000000 1.074337 1.274150
 1995.000000 1.185664 1.213971
 1996.000000 1.141002 1.307665
 1997.000000 1.100262 1.288245
 1998.000000 1.151782 1.260513
 1999.000000 1.084539 1.226231
 2000.000000 1.078404 1.197316
 2001.000000 1.213026 1.320608
 2002.000000 1.230339 1.284456
 2003.000000 1.123231 1.305688
 2004.000000 1.078540 1.267470
 2005.000000 1.129633 1.331465
 2006.000000 1.051842 1.304924
 2007.000000 1.145162 1.254364
 2008.000000 1.081482 1.289763
 2009.000000 1.104260 1.243835
 2010.000000 1.236668 1.307947
 2011.000000 1.158502 1.203969
 2012.000000 1.161533 1.252583
 2013.000000 1.190017 1.146920
 2014.000000 1.165349 1.276640
 2015.000000 1.105091 1.285975
 2016.000000 1.115328 1.161494
 2017.000000 1.175339 1.260627
 2018.000000 1.113268 1.245690
 2019.000000 1.193167 1.248987
 2020.000000 1.146291 1.203827
 2021.000000 1.196361 1.284292
 2022.000000 1.187314 1.237433
 2023.000000 1.199439 1.279720
 2024.000000 1.151364 1.164953
 2025.000000 1.126211 1.176451
 2026.000000 1.216162 1.234492
 2027.000000 1.063876 1.206641
 2028.000000 1.163751 1.203280
 2029.000000 1.201824 1.233353
 2030.000000 1.212489 1.247837
 2031.000000 1.150585 1.228323
 2032.000000 1.213839 1.223130
 2033.000000 1.248577 1.228079
 2034.000000 1.070966 1.146871
 2035.000000 1.095227 1.280153
 2036.000000 1.145826 1.240671
 2037.000000 1.110841 1.246766
 2038.000000 1.092534 1.237130
 2039.000000 1.034527 1.197698
 2040.000000 1.047254 1.199799
 2041.000000 1.057633 1.211182
 2042.000000 1.118251 1.263955
 2043.000000 1.174117 1.203928
 2044.000000 1.132797 1.270328
 2045.000000 1.150299 1.238720
 2046.000000 1.081639 1.335691
 2047.000000 1.064258 1.345894
 2048.000000 1.031680 1.276087
 2049.000000 1.122640 1.211256
 2050.000000 1.064513 1.294803
 2051.000000 1.026375 1.353372
 2052.000000 0.993831 1.317242
 2053.000000 1.043938 1.317016
 2054.000000 1.018816 1.307193
 2055.000000 1.010631 1.246891
 2056.000000 1.059140 1.279561
 2057.000000 1.064156 1.189846
 2058.000000 0.992396 1.297486
 2059.000000 1.024425 1.313411
 2060.000000 1.032479 1.385576
 2061.000000 1.165268 1.406691
 2062.000000 1.056299 1.348690
 2063.000000 1.029996 1.305208
 2064.000000 1.100587 1.340527
 2065.000000 0.982480 1.294230
 2066.000000 1.060687 1.280862
 2067.000000 1.013754 1.332339
 2068.000000 0.938395 1.273994
 2069.000000 1.011861 1.340011
 2070.000000 1.073200 1.290754
 2071.000000 1.056555 1.077075
 2072.000000 1.076680 1.128912
 2073.000000 1.054340 1.299126
 2074.000000 1.162046 1.248755
 2075.000000 1.119096 1.338633
 2076.000000 1.028800 1.418311
 2077.000000 1.052565 1.297540
 2078.000000 1.077908 1.296507
 2079.000000 1.085722 1.293395
 2080.000000 1.076734 1.286719
 2081.000000 1.096273 1.309504
 2082.000000 1.037930 1.315765
 2083.000000 0.996398 1.295772
 2084.000000 1.025165 1.351625
 2085.000000 1.181803 1.311732
 2086.000000 1.184225 1.401278
 2087.000000 1.046908 1.179216
 2088.000000 1.089471 1.186774
 2089.000000 1.164715 1.297493
 2090.000000 1.130651 1.326767
 2091.000000 1.089234 1.316463
 2092.000000 1.196377 1.331495
 2093.000000 1.068792 1.278919
 2094.000000 1.167496 1.188174
 2095.000000 1.200837 1.262791
 2096.000000 1.242357 1.326969
 2097.000000 1.141246 1.317293
 2098.000000 1.184992 1.212819
 2099.000000 1.036753 1.269134
 2100.000000 1.097505 1.264167
 2101.000000 1.043227 1.299960
 2102.000000 1.119736 1.260040
 2103.000000 1.034734 1.286570
 2104.000000 1.117224 1.317543
 2105.000000 1.017192 1.240742
 2106.000000 1.056863 1.346567
 2107.000000 1.150295 1.247942
 2108.000000 1.172336 1.296196
 2109.000000 1.143291 1.203234
 2110.000000 1.112524 1.269524
 2111.000000 1.118054 1.209018
 2112.000000 1.066060 1.208817
 2113.000000 1.117479 1.247694
 2114.000000 1.109126 1.244927
 2115.000000 1.213487 1.290052
 2116.000000 1.069240 1.173160
 2117.000000 1.108940 1.199968
 2118.000000 1.192369 1.226835
 2119.000000 1.087304 1.188937
 2120.000000 1.131371 1.250024
 2121.000000 1.092866 1.183672
 2122.000000 1.074113 1.260991
 2123.000000 1.001843 1.257195
 2124.000000 1.120107 1.215179
 2125.000000 1.076135 1.283701
 2126.000000 1.166148 1.231605
 2127.000000 1.056622 1.172954
 2128.000000 1.132642 1.149604
 2129.000000 1.072859 1.365039
 2130.000000 1.161577 1.362594
 2131.000000 1.176872 1.323762
 2132.000000 1.252175 1.253038
 2133.000000 1.061099 1.245176
 2134.000000 1.116841 1.260815
 2135.000000 0.976775 1.294581
 2136.000000 1.108640 1.303134
 2137.000000 1.052642 1.287025
 2138.000000 1.130970 1.317462
 2139.000000 1.137341 1.263496
 2140.000000 1.108884 1.213256
 2141.000000 1.160164 1.242720
 2142.000000 1.117318 1.139731
 2143.000000 1.052680 1.206087
 2144.000000 0.993776 1.236705
 2145.000000 1.055974 1.294429
 2146.000000 0.949856 1.329993
 2147.000000 0.995479 1.278940
 2148.000000 1.049555 1.381195
 2149.000000 1.110193 1.256680
 2150.000000 1.017649 1.161515
 2151.000000 1.002364 1.261892
 2152.000000 1.128438 1.249104
 2153.000000 1.022147 1.230413
 2154.000000 1.067718 1.308370
 2155.000000 1.007322 1.226684
 2156.000000 1.070431 1.264715
 2157.000000 0.976461 1.226526
 2158.000000 1.012444 1.268632
 2159.000000 0.930622 1.332534
 2160.000000 1.042932 1.219236
 2161.000000 0.989506 1.287185
 2162.000000 1.094881 1.231464
 2163.000000 0.963337 1.287875
 2164.000000 1.055526 1.279188
 2165.000000 0.989980 1.214652
 2166.000000 1.091204 1.248467
 2167.000000 1.095744 1.246222
 2168.000000 0.955685 1.316534
 2169.000000 1.071597 1.311136
 2170.000000 1.019807 1.156798
 2171.000000 1.013203 1.235448
 2172.000000 1.013176 1.239773
 2173.000000 1.197700 1.342296
 2174.000000 0.992284 1.322344
 2175.000000 0.966783 1.241249
 2176.000000 1.025094 1.275820
 2177.000000 1.050498 1.313171
 2178.000000 1.081916 1.295909
 2179.000000 1.099098 1.252288
 2180.000000 1.091174 1.335441
 2181.000000 1.033802 1.237981
 2182.000000 1.061747 1.315161
 2183.000000 1.004948 1.373383
 2184.000000 0.974933 1.360909
 2185.000000 1.004156 1.351690
 2186.000000 1.014605 1.357567
 2187.000000 0.973479 1.365754
 2188.000000 1.092537 1.399368
 2189.000000 1.088864 1.295063
 2190.000000 1.063175 1.407625
 2191.000000 1.060935 1.393262
 2192.000000 1.053906 1.391310
 2193.000000 1.046004 1.323410
 2194.000000 1.132307 1.297971
 2195.000000 0.915317 1.366428
 2196.000000 1.097829 1.241230
 2197.000000 1.045710 1.279119
 2198.000000 0.973518 1.288781
 2199.000000 1.010353 1.376806
 2200.000000 1.044170 1.311259
 2201.000000 0.890292 1.387881
 2202.000000 1.060240 1.336033
 2203.000000 1.059628 1.296501
 2204.000000 0.973900 1.242356
 2205.000000 1.029062 1.274091
 2206.000000 0.980424 1.240090
 2207.000000 1.016055 1.285432
 2208.000000 1.068699 1.275155
 2209.000000 1.009261 1.259167
 2210.000000 0.935322 1.248913
 2211.000000 0.988485 1.289774
 2212.000000 1.076892 1.337528
 2213.000000 1.102022 1.299613
 2214.000000 1.041257 1.207375
 2215.000000 1.068886 1.314357
 2216.000000 1.076362 1.266419
 2217.000000 1.080865 1.337380
 2218.000000 1.134648 1.292000
 2219.000000 1.051352 1.223866
 2220.000000 1.140524 1.227936
 2221.000000 1.026957 1.123239
 2222.000000 1.048401 1.226126
 2223.000000 1.086524 1.134530
 2224.000000 1.038340 1.172471
 2225.000000 1.108902 1.164934
 2226.000000 1.062330 1.270631
 2227.000000 1.162680 1.249330
 2228.000000 1.167358 1.214611
 2229.000000 1.137063 1.166915
 2230.000000 1.108952 1.230391
 2231.000000 1.104580 1.288326
 2232.000000 1.089573 1.322924
 2233.000000 1.090034 1.261754
 2234.000000 1.100838 1.302010
 2235.000000 1.068814 1.274349
 2236.000000 1.046241 1.287723
 2237.000000 1.024522 1.290714
 2238.000000 1.018043 1.194844
 2239.000000 0.951597 1.245603
 2240.000000 1.110705 1.206281
 2241.000000 1.074866 1.310629
 2242.000000 1.004618 1.333407
 2243.000000 0.977378 1.205038
 2244.000000 1.072595 1.081204
 2245.000000 1.061352 1.278215
 2246.000000 1.155407 1.225421
 2247.000000 1.161348 1.208825
 2248.000000 1.136967 1.291439
 2249.000000 1.229509 1.215476
 2250.000000 1.170728 1.189943
 2251.000000 1.201411 1.218102
 2252.000000 1.106625 1.168061
 2253.000000 1.145991 1.252755
 2254.000000 1.126129 1.249673
 2255.000000 1.194275 1.273081
 2256.000000 1.179240 1.224998
 2257.000000 1.207502 1.181791
 2258.000000 1.172356 1.170517
 2259.000000 1.163730 1.190115
 2260.000000 1.118732 1.259678
 2261.000000 1.157402 1.350108
 2262.000000 1.206188 1.312073
 2263.000000 1.063144 1.326387
 2264.000000 1.085040 1.234742
 2265.000000 1.115069 1.201754
 2266.000000 1.091688 1.223015
 2267.000000 1.040716 1.138059
 2268.000000 0.996553 1.117640
 2269.000000 1.192256 1.244736
 2270.000000 1.140225 1.226949
 2271.000000 1.187048 1.182744
 2272.000000 1.162712 1.268640
 2273.000000 1.067732 1.283775
 2274.000000 1.097517 1.202763
 2275.000000 1.025524 1.173544
 2276.000000 1.050406 1.225768
 2277.000000 1.229639 1.250606
 2278.000000 1.088764 1.371805
 2279.000000 1.120179 1.232925
 2280.000000 1.106949 1.291898
 2281.000000 1.027081 1.311752
 2282.000000 1.006930 1.278470
 2283.000000 1.010651 1.288905
 2284.000000 0.961150 1.267785
 2285.000000 1.042901 1.256343
 2286.000000 1.099385 1.313328
 2287.000000 1.079102 1.309570
 2288.000000 1.154381 1.240575
 2289.000000 1.050561 1.339568
 2290.000000 1.146484 1.266955
 2291.000000 1.091544 1.211789
 2292.000000 1.040936 1.208171
 2293.000000 1.092711 1.257975
 2294.000000 1.068318 1.162633
 2295.000000 1.081061 1.238225
 2296.000000 1.158563 1.188780
 2297.000000 1.007181 1.224353
 2298.000000 1.154551 1.227625
 2299.000000 1.066310 1.293275
 2300.000000 1.161486 1.242447
 2301.000000 1.009185 1.225236
 2302.000000 1.137034 1.195473
 2303.000000 1.131179 1.275029
 2304.000000 1.122682 1.315121
 2305.000000 1.143828 1.266733
 2306.000000 1.164875 1.269460
 2307.000000 1.052756 1.329602
 2308.000000 0.968240 1.218660
 2309.000000 1.085767 1.219850
 2310.000000 1.003893 1.205340
 2311.000000 0.957577 1.163791
 2312.000000 1.021235 1.178846
 2313.000000 1.071079 1.215823
 2314.000000 1.160743 1.163854
 2315.000000 1.051989 1.249051
 2316.000000 1.049981 1.314159
 2317.000000 0.995253 1.271469
 2318.000000 1.046682 1.227845
 2319.000000 1.128654 1.250700
 2320.000000 1.105407 1.199217
 2321.000000 1.135296 1.217221
 2322.000000 1.080619 1.221928
 2323.000000 1.081868 1.230797
 2324.000000 1.088252 1.222128
 2325.000000 1.016202 1.251812
 2326.000000 1.022500 1.226243
 2327.000000 1.084674 1.295552
 2328.000000 1.138074 1.296711
 2329.000000 1.146007 1.317145
 2330.000000 1.117531 1.266720
 2331.000000 1.101884 1.256512
 2332.000000 1.122016 1.268946
 2333.000000 1.159086 1.213312
 2334.000000 1.110530 1.319869
 2335.000000 1.121919 1.219855
 2336.000000 1.215523 1.269552
 2337.000000 1.079363 1.258265
 2338.000000 1.132601 1.237447
 2339.000000 1.120586 1.285000
 2340.000000 1.100085 1.209634
 2341.000000 1.031616 1.307703
 2342.000000 1.156976 1.206564
 2343.000000 1.109231 1.206086
 2344.000000 1.077728 1.285178
 2345.000000 1.061790 1.310442
 2346.000000 1.119872 1.288590
 2347.000000 1.029625 1.161780
 2348.000000 1.043378 1.317576
 2349.000000 1.061009 1.288745
 2350.000000 1.049023 1.313656
 2351.000000 1.077042 1.247618
 2352.000000 1.092522 1.259489
 2353.000000 1.069784 1.224857
 2354.000000 1.077805 1.327305
 2355.000000 1.142573 1.258698
 2356.000000 1.091914 1.320666
 2357.000000 1.161919 1.183261
 2358.000000 1.244552 1.222442
 2359.000000 1.070677 1.240083
 2360.000000 1.247009 1.234513
 2361.000000 1.100190 1.237448
 2362.000000 1.095506 1.229243
 2363.000000 1.134767 1.134064
 2364.000000 1.148942 1.281111
 2365.000000 1.042056 1.233082
 2366.000000 1.000501 1.273629
 2367.000000 1.081723 1.247828
 2368.000000 1.119801 1.223620
 2369.000000 1.082999 1.327786
 2370.000000 1.106206 1.242757
 2371.000000 0.943588 1.261526
 2372.000000 1.156079 1.228105
 2373.000000 0.961769 1.276434
 2374.000000 1.139212 1.253765
 2375.000000 1.187311 1.242403
 2376.000000 1.112525 1.227842
 2377.000000 1.091784 1.256880
 2378.000000 1.110374 1.256336
 2379.000000 1.082387 1.210731
 2380.000000 1.073429 1.197976
 2381.000000 0.960596 1.273040
 2382.000000 1.011848 1.284885
 2383.000000 1.027524 1.245557
 2384.000000 0.962527 1.216739
 2385.000000 1.037476 1.126405
 2386.000000 1.088014 1.260475
 2387.000000 1.019168 1.328182
 2388.000000 1.063997 1.219499
 2389.000000 1.029654 1.150992
 2390.000000 0.971538 1.275679
 2391.000000 0.998370 1.163956
 2392.000000 0.992009 1.264557
 2393.000000 0.983863 1.214144
 2394.000000 1.057741 1.219003
 2395.000000 1.141870 1.206709
 2396.000000 0.996197 1.217129
 2397.000000 0.966457 1.204368
 2398.000000 0.997502 1.290625
 2399.000000 1.061995 1.208089
 2400.000000 1.070217 1.281723
 2401.000000 1.065984 1.193000
 2402.000000 0.999066 1.209077
 2403.000000 1.097801 1.292638
 2404.000000 1.117077 1.166253
 2405.000000 1.056820 1.245199
 2406.000000 1.021860 1.247188
 2407.000000 1.092970 1.242381
 2408.000000 1.220491 1.232219
 2409.000000 0.973937 1.215071
 2410.000000 1.152516 1.335633
 2411.000000 1.100563 1.305212
 2412.000000 1.111589 1.173674
 2413.000000 1.150991 1.176988
 2414.000000 1.128785 1.258079
 2415.000000 0.940806 1.239453
 2416.000000 1.013971 1.240393
 2417.000000 0.958182 1.288223
 2418.000000 0.977976 1.232898
 2419.000000 1.077431 1.297474
 2420.000000 0.950611 1.357308
 2421.000000 1.044865 1.292170
 2422.000000 1.085630 1.214403
 2423.000000 0.994467 1.195690
 2424.000000 1.093874 1.137860
 2425.000000 1.130668 1.147755
 2426.000000 1.008570 1.170209
 2427.000000 1.209431 1.138598
 2428.000000 1.101596 1.184816
 2429.000000 1.216550 1.205441
 2430.000000 1.048789 1.201967
 2431.000000 1.117847 1.232373
 2432.000000 1.015381 1.280446
 2433.000000 1.007448 1.267031
 2434.000000 1.047761 1.191472
 2435.000000 1.011516 1.180422
 2436.000000 1.082343 1.241355
 2437.000000 1.135476 1.262687
 2438.000000 1.033182 1.204461
 2439.000000 1.057280 1.321170
 2440.000000 1.159753 1.282986
 2441.000000 1.112369 1.172004
 2442.000000 0.930613 1.350727
 2443.000000 0.969552 1.329996
 2444.000000 0.913003 1.319526
 2445.000000 1.102157 1.214835
 2446.000000 1.013461 1.304967
 2447.000000 0.885196 1.292415
 2448.000000 1.091423 1.312494
 2449.000000 0.978090 1.261048
 2450.000000 1.029375 1.390700
 2451.000000 1.119305 1.189832
 2452.000000 1.165555 1.232862
 2453.000000 1.164697 1.250722
 2454.000000 1.035801 1.163062
 2455.000000 1.029315 1.261064
 2456.000000 1.234718 1.233091
 2457.000000 1.217013 1.179693
 2458.000000 0.965726 1.245566
 2459.000000 1.086216 1.277746
 2460.000000 1.125111 1.193689
 2461.000000 1.073081 1.244061
 2462.000000 1.044378 1.250606
 2463.000000 1.019869 1.234777
 2464.000000 1.091057 1.322726
 2465.000000 1.097845 1.197153
 2466.000000 1.153560 1.243270
 2467.000000 1.186648 1.362318
 2468.000000 0.962983 1.380874
 2469.000000 1.101751 1.317994
 2470.000000 1.003854 1.344052
 2471.000000 0.970662 1.242213
 2472.000000 1.119032 1.350118
 2473.000000 1.039441 1.224244
 2474.000000 0.867813 1.204226
 2475.000000 1.092306 1.325461
 2476.000000 0.931980 1.232959
 2477.000000 1.084720 1.242984
 2478.000000 0.955401 1.180332
 2479.000000 1.046409 1.233769
 2480.000000 1.150727 1.260784
 2481.000000 1.087040 1.290119
 2482.000000 1.052636 1.287720
 2483.000000 1.106121 1.264778
 2484.000000 1.132071 1.270491
 2485.000000 1.045958 1.339612
 2486.000000 1.065727 1.272502
 2487.000000 1.049101 1.180455
 2488.000000 1.084729 1.234415
 2489.000000 1.056695 1.213671
 2490.000000 1.033702 1.197457
 2491.000000 1.030646 1.221622
 2492.000000 0.990787 1.285208
 2493.000000 1.146516 1.233264
 2494.000000 1.175690 1.271448
 2495.000000 1.125567 1.330267
 2496.000000 1.135904 1.275422
 2497.000000 1.090365 1.302234
 2498.000000 1.011122 1.319498
 2499.000000 1.112272 1.269305
 2500.000000 1.011044 1.220900
