#! FIELDS time pd_137_140 diff
 0.000000 0.756819 -0.711716
 1.000000 0.767882 -0.678926
 2.000000 0.753362 -0.690162
 3.000000 0.740019 -0.683500
 4.000000 0.689543 -0.647884
 5.000000 0.712641 -0.657810
 6.000000 0.697638 -0.715579
 7.000000 0.719568 -0.602161
 8.000000 0.748445 -0.616245
 9.000000 0.710497 -0.675539
 10.000000 0.847601 -0.715335
 11.000000 0.667867 -0.681365
 12.000000 0.768004 -0.666794
 13.000000 0.749559 -0.718191
 14.000000 0.774158 -0.605544
 15.000000 0.688832 -0.682312
 16.000000 0.710015 -0.652930
 17.000000 0.729517 -0.772725
 18.000000 0.726589 -0.718187
 19.000000 0.619127 -0.661066
 20.000000 0.772838 -0.727818
 21.000000 0.679190 -0.695518
 22.000000 0.690949 -0.675395
 23.000000 0.737506 -0.746267
 24.000000 0.714252 -0.649050
 25.000000 0.726993 -0.712915
 26.000000 0.866863 -0.707132
 27.000000 0.796276 -0.669898
 28.000000 0.746067 -0.706024
 29.000000 0.706933 -0.788950
 30.000000 0.764557 -0.756414
 31.000000 0.796869 -0.673751
 32.000000 0.707393 -0.702305
 33.000000 0.741514 -0.650099
 34.000000 0.759992 -0.793742
 35.000000 0.622110 -0.630174
 36.000000 0.724454 -0.743360
 37.000000 0.739169 -0.670705
 38.000000 0.708014 -0.690079
 39.000000 0.727076 -0.759594
 40.000000 0.683739 -0.736783
 41.000000 0.797622 -0.687953
 42.000000 0.704892 -0.688361
 43.000000 0.779452 -0.651654
 44.000000 0.748560 -0.736069
 45.000000 0.735954 -0.693742
 46.000000 0.761875 -0.694847
 47.000000 0.699313 -0.731778
 48.000000 0.745104 -0.714903
 49.000000 0.643780 -0.764169
 50.000000 0.689170 -0.645425
 51.000000 0.716746 -0.700407
 52.000000 0.615719 -0.656013
 53.000000 0.669332 -0.695087
 54.000000 0.689643 -0.666390
 55.000000 0.668322 -0.700934
 56.000000 0.724928 -0.739391
 57.000000 0.636644 -0.747933
 58.000000 0.699752 -0.753199
 59.000000 0.701376 -0.705350
 60.000000 0.740210 -0.757977
 61.000000 0.687655 -0.762210
 62.000000 0.778447 -0.660872
 63.000000 0.691389 -0.738132
 64.000000 0.640225 -0.753043
 65.000000 0.670052 -0.665532
 66.000000 0.702812 -0.689774
 67.000000 0.686690 -0.772974
 68.000000 0.624531 -0.739261
 69.000000 0.574619 -0.674924
 70.000000 0.741469 -0.619900
 71.000000 0.721712 -0.741123
 72.000000 0.643706 -0.667682
 73.000000 0.738894 -0.778913
 74.000000 0.747495 -0.590412
 75.000000 0.726243 -0.636529
 76.000000 0.717350 -0.564378
 77.000000 0.676663 -0.709425
 78.000000 0.669142 -0.737069
 79.000000 0.703440 -0.670318
 80.000000 0.639317 -0.687744
 81.000000 0.694956 -0.723183
 82.000000 0.660856 -0.669607
 83.000000 0.688141 -0.678859
 84.000000 0.692496 -0.658276
 85.000000 0.678032 -0.706390
 86.000000 0.726193 -0.697292
 87.000000 0.675102 -0.749050
 88.000000 0.747381 -0.755110
 89.000000 0.808116 -0.725104
 90.000000 0.788986 -0.723730
 91.000000 0.771015 -0.700662
 92.000000 0.689697 -0.761733
 93.000000 0.712180 -0.739997
 94.000000 0.625621 -0.655047
 95.000000 0.764437 -0.683008
 96.000000 0.678990 -0.695608
 97.000000 0.659667 -0.734637
 98.000000 0.708966 -0.743310
 99.000000 0.664242 -0.686676
 100.000000 0.669695 -0.768602
 101.000000 0.710656 -0.713718
 102.000000 0.653883 -0.776975
 103.000000 0.644196 -0.700946
 104.000000 0.644010 -0.709742
 105.000000 0.679149 -0.662985
 106.000000 0.601328 -0.670629
 107.000000 0.658040 -0.694838
 108.000000 0.813822 -0.726253
 109.000000 0.745358 -0.741958
 110.000000 0.760706 -0.771151
 111.000000 0.719236 -0.755195
 112.000000 0.665316 -0.771507
 113.000000 0.751634 -0.685197
 114.000000 0.714158 -0.715438
 115.000000 0.665053 -0.790560
 116.000000 0.578191 -0.680272
 117.000000 0.698199 -0.731457
 118.000000 0.793401 -0.704757
 119.000000 0.624796 -0.730289
 120.000000 0.712126 -0.697162
 121.000000 0.683101 -0.756761
 122.000000 0.735883 -0.634780
 123.000000 0.808982 -0.673180
 124.000000 0.747750 -0.673643
 125.000000 0.725238 -0.729229
 126.000000 0.855135 -0.711494
 127.000000 0.811839 -0.694594
 128.000000 0.822800 -0.732535
 129.000000 0.718769 -0.692380
 130.000000 0.761675 -0.729451
 131.000000 0.773711 -0.742003
 132.000000 0.826942 -0.735684
 133.000000 0.750139 -0.695455
 134.000000 0.742349 -0.717730
 135.000000 0.884013 -0.742740
 136.000000 0.799328 -0.738518
 137.000000 0.730222 -0.783100
 138.000000 0.769854 -0.708065
 139.000000 0.739567 -0.797660
 140.000000 0.775311 -0.683125
 141.000000 0.801858 -0.688210
 142.000000 0.762732 -0.664597
 143.000000 0.767157 -0.677824
 144.000000 0.809139 -0.650555
 145.000000 0.699428 -0.589080
 146.000000 0.762567 -0.572917
 147.000000 0.796658 -0.630474
 148.000000 0.796203 -0.683612
 149.000000 0.835060 -0.663153
 150.000000 0.846233 -0.684802
 151.000000 0.783870 -0.649159
 152.000000 0.783782 -0.653377
 153.000000 0.821104 -0.660721
 154.000000 0.743004 -0.620828
 155.000000 0.841131 -0.602696
 156.000000 0.807908 -0.736024
 157.000000 0.794990 -0.662523
 158.000000 0.848492 -0.685788
 159.000000 0.856760 -0.603336
 160.000000 0.711231 -0.650637
 161.000000 0.800933 -0.600235
 162.000000 0.732246 -0.654507
 163.000000 0.636008 -0.593674
 164.000000 0.755526 -0.616084
 165.000000 0.821620 -0.594219
 166.000000 0.806999 -0.627673
 167.000000 0.731410 -0.704102
 168.000000 0.702753 -0.713063
 169.000000 0.680470 -0.718394
 170.000000 0.668282 -0.588716
 171.000000 0.692110 -0.594484
 172.000000 0.807381 -0.608046
 173.000000 0.658357 -0.618256
 174.000000 0.685236 -0.589597
 175.000000 0.732612 -0.581594
 176.000000 0.739650 -0.594948
 177.000000 0.665592 -0.653823
 178.000000 0.716779 -0.641931
 179.000000 0.738261 -0.630166
 180.000000 0.832970 -0.663282
 181.000000 0.838377 -0.666985
 182.000000 0.673472 -0.656507
 183.000000 0.658427 -0.623988
 184.000000 0.747712 -0.649857
 185.000000 0.674141 -0.606209
 186.000000 0.688733 -0.660576
 187.000000 0.705797 -0.650494
 188.000000 0.815241 -0.624924
 189.000000 0.751198 -0.615886
 190.000000 0.672455 -0.600324
 191.000000 0.750082 -0.653701
 192.000000 0.695418 -0.653791
 193.000000 0.720094 -0.650983
 194.000000 0.750946 -0.667552
 195.000000 0.759246 -0.604290
 196.000000 0.673934 -0.542955
 197.000000 0.658205 -0.626096
 198.000000 0.744899 -0.627378
 199.000000 0.746905 -0.612464
 200.000000 0.754547 -0.619586
 201.000000 0.728682 -0.597565
 202.000000 0.727526 -0.658686
 203.000000 0.647238 -0.625415
 204.000000 0.770667 -0.588806
 205.000000 0.725459 -0.626982
 206.000000 0.766389 -0.663573
 207.000000 0.707857 -0.637001
 208.000000 0.670439 -0.677343
 209.000000 0.712676 -0.659022
 210.000000 0.662957 -0.555327
 211.000000 0.667046 -0.682330
 212.000000 0.642926 -0.684324
 213.000000 0.656999 -0.655099
 214.000000 0.696153 -0.685176
 215.000000 0.648978 -0.623668
 216.000000 0.640460 -0.722265
 217.000000 0.679764 -0.704392
 218.000000 0.746647 -0.709540
 219.000000 0.636726 -0.690191
 220.000000 0.670805 -0.641648
 221.000000 0.747692 -0.670442
 222.000000 0.647593 -0.684111
 223.000000 0.652374 -0.690380
 224.000000 0.659756 -0.694571
 225.000000 0.658706 -0.661068
 226.000000 0.696398 -0.623803
 227.000000 0.751374 -0.721385
 228.000000 0.703177 -0.801600
 229.000000 0.781166 -0.684335
 230.000000 0.689340 -0.728220
 231.000000 0.829298 -0.658311
 232.000000 0.666730 -0.644945
 233.000000 0.642153 -0.616692
 234.000000 0.813256 -0.693309
 235.000000 0.795129 -0.624558
 236.000000 0.815142 -0.651790
 237.000000 0.760617 -0.654567
 238.000000 0.756061 -0.647343
 239.000000 0.648639 -0.681886
 240.000000 0.650225 -0.753965
 241.000000 0.750388 -0.717401
 242.000000 0.772853 -0.753930
 243.000000 0.667520 -0.714483
 244.000000 0.791403 -0.735925
 245.000000 0.708709 -0.707032
 246.000000 0.685564 -0.770129
 247.000000 0.759714 -0.714151
 248.000000 0.761596 -0.817086
 249.000000 0.782241 -0.809770
 250.000000 0.814261 -0.707128
 251.000000 0.740957 -0.680400
 252.000000 0.768555 -0.612538
 253.000000 0.716544 -0.688944
 254.000000 0.685613 -0.688505
 255.000000 0.703726 -0.687451
 256.000000 0.704346 -0.713527
 257.000000 0.735114 -0.660287
 258.000000 0.636786 -0.667284
 259.000000 0.651271 -0.669624
 260.000000 0.806149 -0.683467
 261.000000 0.669241 -0.682534
 262.000000 0.648331 -0.660679
 263.000000 0.755954 -0.688273
 264.000000 0.676986 -0.728933
 265.000000 0.702064 -0.736727
 266.000000 0.739102 -0.747514
 267.000000 0.688549 -0.758073
 268.000000 0.671560 -0.731651
 269.000000 0.686303 -0.707820
 270.000000 0.689127 -0.741154
 271.000000 0.733533 -0.818303
 272.000000 0.675917 -0.786093
 273.000000 0.725394 -0.723946
 274.000000 0.734147 -0.685686
 275.000000 0.715510 -0.737884
 276.000000 0.720873 -0.726298
 277.000000 0.718609 -0.734053
 278.000000 0.729852 -0.761386
 279.000000 0.756284 -0.743988
 280.000000 0.746602 -0.719903
 281.000000 0.858756 -0.749695
 282.000000 0.664145 -0.721777
 283.000000 0.743055 -0.729393
 284.000000 0.696090 -0.745373
 285.000000 0.719517 -0.617391
 286.000000 0.765590 -0.663901
 287.000000 0.804016 -0.609247
 288.000000 0.671070 -0.664978
 289.000000 0.747566 -0.683092
 290.000000 0.586946 -0.748495
 291.000000 0.791927 -0.741518
 292.000000 0.718651 -0.707490
 293.000000 0.703318 -0.656577
 294.000000 0.712170 -0.761950
 295.000000 0.594725 -0.728034
 296.000000 0.714714 -0.661803
 297.000000 0.698586 -0.622879
 298.000000 0.698613 -0.632392
 299.000000 0.667454 -0.638794
 300.000000 0.738904 -0.675510
 301.000000 0.666771 -0.590070
 302.000000 0.744984 -0.665018
 303.000000 0.730796 -0.615336
 304.000000 0.781104 -0.631838
 305.000000 0.718643 -0.692754
 306.000000 0.773537 -0.598578
 307.000000 0.768867 -0.620955
 308.000000 0.669984 -0.572456
 309.000000 0.804803 -0.591218
 310.000000 0.667583 -0.595451
 311.000000 0.738715 -0.705878
 312.000000 0.741369 -0.736786
 313.000000 0.737010 -0.722736
 314.000000 0.785076 -0.759292
 315.000000 0.719838 -0.766661
 316.000000 0.737035 -0.672828
 317.000000 0.634255 -0.666996
 318.000000 0.720885 -0.729241
 319.000000 0.691663 -0.640655
 320.000000 0.737888 -0.700899
 321.000000 0.713608 -0.639305
 322.000000 0.681446 -0.694072
 323.000000 0.749019 -0.648327
 324.000000 0.773709 -0.634382
 325.000000 0.714797 -0.779450
 326.000000 0.683834 -0.728878
 327.000000 0.762878 -0.709477
 328.000000 0.745321 -0.693349
 329.000000 0.731957 -0.722602
 330.000000 0.730842 -0.637642
 331.000000 0.758605 -0.663893
 332.000000 0.684402 -0.610005
 333.000000 0.726257 -0.606869
 334.000000 0.717343 -0.613421
 335.000000 0.680651 -0.678184
 336.000000 0.755907 -0.647100
 337.000000 0.685997 -0.640643
 338.000000 0.709097 -0.612011
 339.000000 0.782997 -0.657987
 340.000000 0.663561 -0.629602
 341.000000 0.677351 -0.657238
 342.000000 0.728025 -0.649006
 343.000000 0.635861 -0.589082
 344.000000 0.710744 -0.568778
 345.000000 0.636804 -0.642852
 346.000000 0.786339 -0.626508
 347.000000 0.705532 -0.600929
 348.000000 0.647136 -0.678815
 349.000000 0.701924 -0.635674
 350.000000 0.642995 -0.693990
 351.000000 0.652479 -0.658087
 352.000000 0.676769 -0.655820
 353.000000 0.664114 -0.678327
 354.000000 0.634757 -0.726578
 355.000000 0.678851 -0.677605
 356.000000 0.779543 -0.605272
 357.000000 0.738765 -0.603138
 358.000000 0.689305 -0.615928
 359.000000 0.737672 -0.607903
 360.000000 0.674330 -0.649022
 361.000000 0.689351 -0.556822
 362.000000 0.628977 -0.694197
 363.000000 0.710188 -0.608366
 364.000000 0.754850 -0.592572
 365.000000 0.681910 -0.682040
 366.000000 0.648395 -0.718730
 367.000000 0.629633 -0.659554
 368.000000 0.627785 -0.653999
 369.000000 0.688951 -0.652602
 370.000000 0.699369 -0.588610
 371.000000 0.745289 -0.662168
 372.000000 0.770378 -0.657719
 373.000000 0.698353 -0.661857
 374.000000 0.736326 -0.571521
 375.000000 0.730734 -0.655903
 376.000000 0.733269 -0.611898
 377.000000 0.696109 -0.628458
 378.000000 0.797475 -0.669742
 379.000000 0.650789 -0.673768
 380.000000 0.770626 -0.655730
 381.000000 0.723344 -0.581771
 382.000000 0.728968 -0.653718
 383.000000 0.818356 -0.694273
 384.000000 0.726110 -0.660858
 385.000000 0.836458 -0.631392
 386.000000 0.646355 -0.647753
 387.000000 0.717154 -0.689674
 388.000000 0.712816 -0.647853
 389.000000 0.765783 -0.661778
 390.000000 0.738646 -0.662921
 391.000000 0.610812 -0.663734
 392.000000 0.748115 -0.672584
 393.000000 0.663489 -0.657190
 394.000000 0.767401 -0.613686
 395.000000 0.711083 -0.621627
 396.000000 0.664965 -0.676119
 397.000000 0.619087 -0.647149
 398.000000 0.751509 -0.656693
 399.000000 0.715908 -0.627390
 400.000000 0.808999 -0.675945
 401.000000 0.746981 -0.643860
 402.000000 0.683978 -0.649370
 403.000000 0.677024 -0.693375
 404.000000 0.664620 -0.672158
 405.000000 0.753540 -0.683602
 406.000000 0.713094 -0.628383
 407.000000 0.659150 -0.660889
 408.000000 0.643654 -0.626662
 409.000000 0.715590 -0.678457
 410.000000 0.728834 -0.686291
 411.000000 0.642841 -0.671138
 412.000000 0.713909 -0.661210
 413.000000 0.758147 -0.680718
 414.000000 0.774792 -0.653068
 415.000000 0.593362 -0.674838
 416.000000 0.630969 -0.738194
 417.000000 0.702972 -0.655529
 418.000000 0.765893 -0.685181
 419.000000 0.704562 -0.636461
 420.000000 0.659934 -0.688208
 421.000000 0.666916 -0.682747
 422.000000 0.716781 -0.669788
 423.000000 0.776338 -0.572464
 424.000000 0.759708 -0.694448
 425.000000 0.713847 -0.645411
 426.000000 0.704005 -0.616243
 427.000000 0.723631 -0.697837
 428.000000 0.777979 -0.674525
 429.000000 0.630933 -0.659353
 430.000000 0.709839 -0.658420
 431.000000 0.672590 -0.700570
 432.000000 0.740725 -0.641048
 433.000000 0.670479 -0.650003
 434.000000 0.793850 -0.611652
 435.000000 0.750904 -0.691417
 436.000000 0.746148 -0.688610
 437.000000 0.731229 -0.696307
 438.000000 0.677758 -0.656232
 439.000000 0.730430 -0.618866
 440.000000 0.728802 -0.618596
 441.000000 0.725886 -0.664957
 442.000000 0.678901 -0.698919
 443.000000 0.739142 -0.689984
 444.000000 0.667370 -0.696874
 445.000000 0.587368 -0.623059
 446.000000 0.649454 -0.655496
 447.000000 0.616511 -0.665897
 448.000000 0.732920 -0.669229
 449.000000 0.748527 -0.687933
 450.000000 0.686505 -0.623639
 451.000000 0.635197 -0.669597
 452.000000 0.739377 -0.660441
 453.000000 0.706355 -0.661764
 454.000000 0.669735 -0.649970
 455.000000 0.737875 -0.651992
 456.000000 0.751585 -0.674927
 457.000000 0.766070 -0.682489
 458.000000 0.759181 -0.605471
 459.000000 0.787828 -0.697161
 460.000000 0.776680 -0.608749
 461.000000 0.742419 -0.608642
 462.000000 0.652022 -0.655622
 463.000000 0.798945 -0.631366
 464.000000 0.714765 -0.617078
 465.000000 0.705815 -0.623502
 466.000000 0.662985 -0.579524
 467.000000 0.758989 -0.650907
 468.000000 0.762097 -0.701297
 469.000000 0.835415 -0.593691
 470.000000 0.775546 -0.586668
 471.000000 0.688140 -0.615831
 472.000000 0.777069 -0.632645
 473.000000 0.755907 -0.605725
 474.000000 0.644592 -0.646971
 475.000000 0.639794 -0.644810
 476.000000 0.729278 -0.650157
 477.000000 0.733558 -0.646833
 478.000000 0.719574 -0.649351
 479.000000 0.718372 -0.613181
 480.000000 0.728200 -0.638381
 481.000000 0.743819 -0.673938
 482.000000 0.760417 -0.610584
 483.000000 0.733999 -0.649644
 484.000000 0.687829 -0.614251
 485.000000 0.759290 -0.618432
 486.000000 0.677786 -0.632849
 487.000000 0.754954 -0.702652
 488.000000 0.700857 -0.641147
 489.000000 0.754228 -0.627549
 490.000000 0.751697 -0.706913
 491.000000 0.723479 -0.678371
 492.000000 0.688763 -0.694024
 493.000000 0.683695 -0.697891
 494.000000 0.735539 -0.676800
 495.000000 0.773255 -0.609005
 496.000000 0.720322 -0.679542
 497.000000 0.825192 -0.639765
 498.000000 0.790780 -0.624305
 499.000000 0.721871 -0.655850
 500.000000 0.757569 -0.639292
 501.000000 0.789664 -0.623044
 502.000000 0.695091 -0.661891
 503.000000 0.746066 -0.599279
 504.000000 0.686566 -0.598024
 505.000000 0.650101 -0.622726
 506.000000 0.677194 -0.667990
 507.000000 0.761133 -0.605539
 508.000000 0.715426 -0.649285
 509.000000 0.733728 -0.611794
 510.000000 0.716024 -0.638285
 511.000000 0.634089 -0.635707
 512.000000 0.818168 -0.670421
 513.000000 0.765975 -0.580146
 514.000000 0.626144 -0.602334
 515.000000 0.738512 -0.680019
 516.000000 0.719226 -0.706244
 517.000000 0.769205 -0.591799
 518.000000 0.758630 -0.657384
 519.000000 0.683249 -0.706175
 520.000000 0.755175 -0.731011
 521.000000 0.688766 -0.677359
 522.000000 0.650877 -0.654721
 523.000000 0.704529 -0.630365
 524.000000 0.709530 -0.677806
 525.000000 0.734829 -0.655764
 526.000000 0.791248 -0.630903
 527.000000 0.704769 -0.680352
 528.000000 0.695698 -0.700084
 529.000000 0.739244 -0.637828
 530.000000 0.764554 -0.644347
 531.000000 0.740332 -0.665352
 532.000000 0.731823 -0.626185
 533.000000 0.695323 -0.666392
 534.000000 0.759021 -0.747256
 535.000000 0.794603 -0.653987
 536.000000 0.734149 -0.673364
 537.000000 0.791218 -0.648050
 538.000000 0.726470 -0.660865
 539.000000 0.747616 -0.689379
 540.000000 0.810475 -0.661716
 541.000000 0.674312 -0.654910
 542.000000 0.802482 -0.707130
 543.000000 0.731159 -0.621190
 544.000000 0.708674 -0.648912
 545.000000 0.810769 -0.658555
 546.000000 0.732784 -0.622100
 547.000000 0.683239 -0.651016
 548.000000 0.790075 -0.624779
 549.000000 0.729733 -0.666754
 550.000000 0.748228 -0.666550
 551.000000 0.705935 -0.616583
 552.000000 0.774137 -0.610787
 553.000000 0.734184 -0.644210
 554.000000 0.724878 -0.656977
 555.000000 0.719651 -0.666501
 556.000000 0.678301 -0.651115
 557.000000 0.737329 -0.692510
 558.000000 0.768959 -0.643039
 559.000000 0.706730 -0.602787
 560.000000 0.696489 -0.663816
 561.000000 0.796128 -0.666782
 562.000000 0.720319 -0.594603
 563.000000 0.805551 -0.622803
 564.000000 0.719495 -0.620598
 565.000000 0.736659 -0.680911
 566.000000 0.713180 -0.574511
 567.000000 0.690271 -0.638910
 568.000000 0.783316 -0.610377
 569.000000 0.679388 -0.615600
 570.000000 0.786237 -0.696773
 571.000000 0.716236 -0.639131
 572.000000 0.681468 -0.688787
 573.000000 0.707256 -0.681652
 574.000000 0.742677 -0.636486
 575.000000 0.671866 -0.632141
 576.000000 0.664981 -0.602211
 577.000000 0.731679 -0.649302
 578.000000 0.720867 -0.639528
 579.000000 0.761939 -0.655335
 580.000000 0.774135 -0.584786
 581.000000 0.649094 -0.587342
 582.000000 0.749177 -0.596887
 583.000000 0.732360 -0.632160
 584.000000 0.662479 -0.625023
 585.000000 0.702152 -0.659103
 586.000000 0.715184 -0.659171
 587.000000 0.686609 -0.668141
 588.000000 0.697845 -0.674377
 589.000000 0.647250 -0.563461
 590.000000 0.759744 -0.621895
 591.000000 0.764194 -0.653782
 592.000000 0.741509 -0.556831
 593.000000 0.718012 -0.636403
 594.000000 0.719690 -0.619081
 595.000000 0.763500 -0.690776
 596.000000 0.705755 -0.707466
 597.000000 0.610638 -0.688501
 598.000000 0.733146 -0.692708
 599.000000 0.789229 -0.642610
 600.000000 0.676417 -0.656046
 601.000000 0.759439 -0.634222
 602.000000 0.667387 -0.607430
 603.000000 0.710010 -0.653608
 604.000000 0.676301 -0.649673
 605.000000 0.705145 -0.642858
 606.000000 0.760349 -0.657509
 607.000000 0.718815 -0.649937
 608.000000 0.665406 -0.643642
 609.000000 0.725818 -0.667186
 610.000000 0.748124 -0.693292
 611.000000 0.701609 -0.647319
 612.000000 0.827703 -0.610051
 613.000000 0.686856 -0.656836
 614.000000 0.733288 -0.731873
 615.000000 0.784606 -0.604496
 616.000000 0.701650 -0.666579
 617.000000 0.795538 -0.645102
 618.000000 0.691676 -0.613424
 619.000000 0.774710 -0.691322
 620.000000 0.782116 -0.656393
 621.000000 0.803730 -0.680402
 622.000000 0.721772 -0.706075
 623.000000 0.836652 -0.750468
 624.000000 0.714354 -0.665071
 625.000000 0.690601 -0.661648
 626.000000 0.856296 -0.667586
 627.000000 0.738438 -0.645567
 628.000000 0.740157 -0.701537
 629.000000 0.746321 -0.679106
 630.000000 0.763985 -0.649067
 631.000000 0.817797 -0.711376
 632.000000 0.791807 -0.707089
 633.000000 0.735828 -0.644799
 634.000000 0.721583 -0.668881
 635.000000 0.685764 -0.680756
 636.000000 0.719612 -0.712339
 637.000000 0.842050 -0.676671
 638.000000 0.806639 -0.639589
 639.000000 0.758329 -0.663224
 640.000000 0.747355 -0.636325
 641.000000 0.665260 -0.699349
 642.000000 0.733677 -0.623625
 643.000000 0.646472 -0.701051
 644.000000 0.698653 -0.607089
 645.000000 0.708448 -0.674653
 646.000000 0.746025 -0.656226
 647.000000 0.710288 -0.658567
 648.000000 0.752804 -0.681750
 649.000000 0.780422 -0.738857
 650.000000 0.761258 -0.712454
 651.000000 0.703976 -0.740411
 652.000000 0.662977 -0.772243
 653.000000 0.749361 -0.757652
 654.000000 0.766478 -0.775163
 655.000000 0.755132 -0.723642
 656.000000 0.716558 -0.712887
 657.000000 0.694109 -0.690448
 658.000000 0.771102 -0.702295
 659.000000 0.662625 -0.642669
 660.000000 0.720410 -0.729253
 661.000000 0.715469 -0.713171
 662.000000 0.722968 -0.732451
 663.000000 0.766930 -0.654042
 664.000000 0.706894 -0.661187
 665.000000 0.696918 -0.674754
 666.000000 0.745807 -0.636780
 667.000000 0.748885 -0.650568
 668.000000 0.692370 -0.682934
 669.000000 0.682536 -0.681912
 670.000000 0.740365 -0.666548
 671.000000 0.650955 -0.682778
 672.000000 0.682893 -0.700617
 673.000000 0.721150 -0.663141
 674.000000 0.651840 -0.659562
 675.000000 0.636263 -0.686950
 676.000000 0.720939 -0.625313
 677.000000 0.690534 -0.645099
 678.000000 0.684213 -0.682090
 679.000000 0.710786 -0.713219
 680.000000 0.610234 -0.605654
 681.000000 0.660190 -0.651031
 682.000000 0.632869 -0.684070
 683.000000 0.721762 -0.672884
 684.000000 0.770915 -0.661592
 685.000000 0.687569 -0.682830
 686.000000 0.720165 -0.685042
 687.000000 0.747407 -0.651199
 688.000000 0.752612 -0.610831
 689.000000 0.740247 -0.699027
 690.000000 0.753186 -0.678366
 691.000000 0.657535 -0.627744
 692.000000 0.730522 -0.665089
 693.000000 0.746711 -0.695711
 694.000000 0.766616 -0.592711
 695.000000 0.703940 -0.719845
 696.000000 0.754116 -0.666670
 697.000000 0.760176 -0.642249
 698.000000 0.696727 -0.638583
 699.000000 0.676027 -0.657554
 700.000000 0.796668 -0.623010
 701.000000 0.815784 -0.695765
 702.000000 0.745155 -0.647373
 703.000000 0.701547 -0.618617
 704.000000 0.744468 -0.597279
 705.000000 0.726888 -0.694059
 706.000000 0.698555 -0.692192
 707.000000 0.776733 -0.640850
 708.000000 0.754187 -0.630284
 709.000000 0.780852 -0.701212
 710.000000 0.748205 -0.668831
 711.000000 0.751506 -0.645798
 712.000000 0.853550 -0.590504
 713.000000 0.752340 -0.601369
 714.000000 0.748891 -0.637042
 715.000000 0.765886 -0.682346
 716.000000 0.726393 -0.618893
 717.000000 0.764142 -0.658874
 718.000000 0.761876 -0.629352
 719.000000 0.667725 -0.660757
 720.000000 0.732459 -0.645783
 721.000000 0.697644 -0.678854
 722.000000 0.656681 -0.682282
 723.000000 0.757609 -0.699236
 724.000000 0.711387 -0.749739
 725.000000 0.734867 -0.708312
 726.000000 0.721829 -0.771597
 727.000000 0.687546 -0.686430
 728.000000 0.709565 -0.659507
 729.000000 0.743982 -0.701296
 730.000000 0.767005 -0.697147
 731.000000 0.731545 -0.637523
 732.000000 0.692937 -0.650941
 733.000000 0.763365 -0.715251
 734.000000 0.706764 -0.648463
 735.000000 0.665134 -0.715655
 736.000000 0.716963 -0.632814
 737.000000 0.733441 -0.701823
 738.000000 0.685270 -0.659245
 739.000000 0.752124 -0.684033
 740.000000 0.759946 -0.629343
 741.000000 0.693887 -0.626763
 742.000000 0.728692 -0.686063
 743.000000 0.786758 -0.653007
 744.000000 0.775129 -0.647529
 745.000000 0.750699 -0.641818
 746.000000 0.658280 -0.664566
 747.000000 0.780099 -0.666635
 748.000000 0.741985 -0.626169
 749.000000 0.710819 -0.673947
 750.000000 0.718478 -0.677898
 751.000000 0.762209 -0.702220
 752.000000 0.762667 -0.727992
 753.000000 0.653904 -0.685439
 754.000000 0.678023 -0.734718
 755.000000 0.710736 -0.751872
 756.000000 0.711586 -0.710111
 757.000000 0.648004 -0.666887
 758.000000 0.722886 -0.684300
 759.000000 0.774954 -0.740379
 760.000000 0.761453 -0.750516
 761.000000 0.606778 -0.697882
 762.000000 0.692078 -0.712426
 763.000000 0.692169 -0.787953
 764.000000 0.707942 -0.769586
 765.000000 0.682516 -0.740455
 766.000000 0.799630 -0.802860
 767.000000 0.683387 -0.711570
 768.000000 0.735165 -0.701219
 769.000000 0.667540 -0.728285
 770.000000 0.694040 -0.634626
 771.000000 0.643989 -0.649526
 772.000000 0.664765 -0.691052
 773.000000 0.606348 -0.676174
 774.000000 0.570151 -0.648094
 775.000000 0.665325 -0.693844
 776.000000 0.745030 -0.661186
 777.000000 0.682399 -0.693122
 778.000000 0.607296 -0.803994
 779.000000 0.632327 -0.668750
 780.000000 0.757527 -0.720825
 781.000000 0.738781 -0.695812
 782.000000 0.628691 -0.709752
 783.000000 0.637697 -0.642303
 784.000000 0.616669 -0.703514
 785.000000 0.723448 -0.679666
 786.000000 0.676473 -0.670267
 787.000000 0.685679 -0.698818
 788.000000 0.713813 -0.715276
 789.000000 0.705657 -0.663161
 790.000000 0.567972 -0.678930
 791.000000 0.699825 -0.731612
 792.000000 0.537813 -0.746723
 793.000000 0.652799 -0.648431
 794.000000 0.714807 -0.603468
 795.000000 0.718689 -0.669508
 796.000000 0.663503 -0.691889
 797.000000 0.785735 -0.721337
 798.000000 0.761079 -0.670866
 799.000000 0.642169 -0.663960
 800.000000 0.694670 -0.591511
 801.000000 0.759699 -0.660404
 802.000000 0.792470 -0.663774
 803.000000 0.690044 -0.709635
 804.000000 0.682085 -0.661629
 805.000000 0.764276 -0.635401
 806.000000 0.666321 -0.657214
 807.000000 0.696145 -0.656826
 808.000000 0.670088 -0.694780
 809.000000 0.706076 -0.665885
 810.000000 0.606588 -0.683932
 811.000000 0.640123 -0.615724
 812.000000 0.658082 -0.642832
 813.000000 0.646337 -0.744089
 814.000000 0.674267 -0.714349
 815.000000 0.779365 -0.743867
 816.000000 0.709672 -0.663733
 817.000000 0.736210 -0.704061
 818.000000 0.605264 -0.707429
 819.000000 0.714116 -0.663386
 820.000000 0.736379 -0.636927
 821.000000 0.798063 -0.682180
 822.000000 0.680180 -0.648517
 823.000000 0.713943 -0.666834
 824.000000 0.750118 -0.661429
 825.000000 0.689587 -0.651433
 826.000000 0.736175 -0.637555
 827.000000 0.737084 -0.726425
 828.000000 0.706727 -0.658515
 829.000000 0.720156 -0.667029
 830.000000 0.711428 -0.637661
 831.000000 0.736037 -0.659678
 832.000000 0.658348 -0.695129
 833.000000 0.722644 -0.612411
 834.000000 0.662489 -0.649825
 835.000000 0.742092 -0.658970
 836.000000 0.770752 -0.646642
 837.000000 0.687342 -0.641396
 838.000000 0.724414 -0.659052
 839.000000 0.643604 -0.639037
 840.000000 0.730500 -0.664858
 841.000000 0.747353 -0.685292
 842.000000 0.732756 -0.689552
 843.000000 0.683718 -0.677318
 844.000000 0.707262 -0.673623
 845.000000 0.709017 -0.727507
 846.000000 0.626117 -0.783478
 847.000000 0.712871 -0.738912
 848.000000 0.755199 -0.687857
 849.000000 0.726913 -0.699395
 850.000000 0.686148 -0.630681
 851.000000 0.758287 -0.668183
 852.000000 0.676834 -0.616541
 853.000000 0.708535 -0.692672
 854.000000 0.652865 -0.697926
 855.000000 0.740779 -0.657251
 856.000000 0.815315 -0.650732
 857.000000 0.715958 -0.611006
 858.000000 0.760715 -0.653011
 859.000000 0.767668 -0.662529
 860.000000 0.738094 -0.699639
 861.000000 0.710848 -0.667149
 862.000000 0.679772 -0.675857
 863.000000 0.738908 -0.735791
 864.000000 0.681878 -0.684146
 865.000000 0.647244 -0.688075
 866.000000 0.663152 -0.678889
 867.000000 0.798920 -0.694672
 868.000000 0.692502 -0.689327
 869.000000 0.690951 -0.722184
 870.000000 0.730095 -0.651897
 871.000000 0.679468 -0.700290
 872.000000 0.719145 -0.715108
 873.000000 0.656390 -0.640733
 874.000000 0.725573 -0.617840
 875.000000 0.701998 -0.649567
 876.000000 0.677958 -0.710494
 877.000000 0.774596 -0.705701
 878.000000 0.805543 -0.662780
 879.000000 0.731458 -0.674238
 880.000000 0.714713 -0.672717
 881.000000 0.713306 -0.700227
 882.000000 0.696064 -0.698954
 883.000000 0.806022 -0.794742
 884.000000 0.803337 -0.702285
 885.000000 0.756477 -0.644870
 886.000000 0.749618 -0.638329
 887.000000 0.767751 -0.712524
 888.000000 0.697373 -0.725418
 889.000000 0.755686 -0.665443
 890.000000 0.790321 -0.797830
 891.000000 0.699862 -0.750063
 892.000000 0.762264 -0.750189
 893.000000 0.722883 -0.770961
 894.000000 0.699943 -0.689712
 895.000000 0.765208 -0.709144
 896.000000 0.777163 -0.683404
 897.000000 0.663456 -0.695636
 898.000000 0.642518 -0.667002
 899.000000 0.695538 -0.713007
 900.000000 0.693288 -0.680795
 901.000000 0.750984 -0.674886
 902.000000 0.700033 -0.680035
 903.000000 0.718746 -0.651456
 904.000000 0.733211 -0.678005
 905.000000 0.794439 -0.642288
 906.000000 0.708620 -0.585050
 907.000000 0.757276 -0.646437
 908.000000 0.699624 -0.651349
 909.000000 0.752711 -0.671236
 910.000000 0.777718 -0.667352
 911.000000 0.701106 -0.658908
 912.000000 0.715361 -0.661953
 913.000000 0.828305 -0.678362
 914.000000 0.760165 -0.614239
 915.000000 0.716714 -0.684243
 916.000000 0.636355 -0.659596
 917.000000 0.670277 -0.646392
 918.000000 0.735148 -0.749568
 919.000000 0.661958 -0.652113
 920.000000 0.653010 -0.726168
 921.000000 0.658921 -0.689964
 922.000000 0.757473 -0.713583
 923.000000 0.699633 -0.635474
 924.000000 0.696999 -0.602489
 925.000000 0.682102 -0.705579
 926.000000 0.701632 -0.728892
 927.000000 0.679975 -0.678142
 928.000000 0.685572 -0.701479
 929.000000 0.709944 -0.697147
 930.000000 0.619521 -0.716888
 931.000000 0.667514 -0.697290
 932.000000 0.656079 -0.675243
 933.000000 0.640665 -0.704981
 934.000000 0.638892 -0.647914
 935.000000 0.647088 -0.681466
 936.000000 0.831891 -0.666587
 937.000000 0.694925 -0.643882
 938.000000 0.705549 -0.655961
 939.000000 0.716994 -0.684421
 940.000000 0.704577 -0.705475
 941.000000 0.749880 -0.690078
 942.000000 0.687643 -0.637485
 943.000000 0.724706 -0.706323
 944.000000 0.739502 -0.621932
 945.000000 0.775238 -0.587317
 946.000000 0.703075 -0.708291
 947.000000 0.647472 -0.683069
 948.000000 0.648915 -0.626514
 949.000000 0.628948 -0.697083
 950.000000 0.686737 -0.730237
 951.000000 0.719390 -0.713574
 952.000000 0.645828 -0.721190
 953.000000 0.626029 -0.715199
 954.000000 0.725126 -0.690015
 955.000000 0.728607 -0.655439
 956.000000 0.726834 -0.657708
 957.000000 0.732723 -0.762114
 958.000000 0.739295 -0.775497
 959.000000 0.666514 -0.764792
 960.000000 0.711721 -0.676070
 961.000000 0.719488 -0.714131
 962.000000 0.702606 -0.763085
 963.000000 0.739262 -0.743687
 964.000000 0.687972 -0.732455
 965.000000 0.761169 -0.711133
 966.000000 0.676825 -0.716363
 967.000000 0.638663 -0.730110
 968.000000 0.676016 -0.712784
 969.000000 0.691597 -0.715722
 970.000000 0.689618 -0.671413
 971.000000 0.779374 -0.740749
 972.000000 0.741558 -0.653686
 973.000000 0.704092 -0.720392
 974.000000 0.733176 -0.739639
 975.000000 0.727531 -0.705944
 976.000000 0.660289 -0.642093
 977.000000 0.730512 -0.632603
 978.000000 0.748271 -0.684378
 979.000000 0.680757 -0.696662
 980.000000 0.693133 -0.671644
 981.000000 0.723937 -0.659607
 982.000000 0.720678 -0.711451
 983.000000 0.728553 -0.719117
 984.000000 0.708583 -0.712422
 985.000000 0.705504 -0.656866
 986.000000 0.673321 -0.691404
 987.000000 0.682213 -0.788141
 988.000000 0.688135 -0.754892
 989.000000 0.731391 -0.693308
 990.000000 0.680477 -0.696728
 991.000000 0.770244 -0.697950
 992.000000 0.728136 -0.674052
 993.000000 0.730834 -0.712760
 994.000000 0.742900 -0.726130
 995.000000 0.696633 -0.755632
 996.000000 0.674614 -0.674329
 997.000000 0.705475 -0.710891
 998.000000 0.710759 -0.685021
 999.000000 0.668433 -0.679422
 1000.000000 0.732392 -0.723933
 1001.000000 0.751037 -0.759849
 1002.000000 0.702587 -0.713037
 1003.000000 0.675306 -0.768257
 1004.000000 0.768261 -0.680608
 1005.000000 0.745701 -0.721031
 1006.000000 0.738316 -0.739737
 1007.000000 0.732973 -0.736499
 1008.000000 0.670406 -0.747824
 1009.000000 0.689682 -0.745844
 1010.000000 0.646491 -0.752353
 1011.000000 0.715119 -0.715741
 1012.000000 0.638820 -0.660988
 1013.000000 0.747683 -0.698712
 1014.000000 0.784559 -0.657642
 1015.000000 0.750962 -0.658034
 1016.000000 0.767274 -0.692119
 1017.000000 0.707070 -0.663606
 1018.000000 0.670840 -0.668848
 1019.000000 0.766772 -0.663346
 1020.000000 0.615037 -0.610225
 1021.000000 0.683593 -0.653980
 1022.000000 0.775953 -0.638461
 1023.000000 0.704875 -0.606879
 1024.000000 0.709567 -0.628764
 1025.000000 0.745358 -0.666657
 1026.000000 0.763336 -0.671575
 1027.000000 0.723689 -0.668807
 1028.000000 0.674786 -0.636436
 1029.000000 0.686703 -0.694497
 1030.000000 0.778296 -0.626531
 1031.000000 0.757516 -0.649908
 1032.000000 0.714779 -0.623011
 1033.000000 0.708693 -0.702684
 1034.000000 0.697022 -0.733807
 1035.000000 0.677656 -0.642872
 1036.000000 0.685438 -0.707500
 1037.000000 0.777534 -0.643670
 1038.000000 0.657974 -0.694227
 1039.000000 0.758919 -0.663876
 1040.000000 0.666407 -0.602414
 1041.000000 0.691871 -0.686774
 1042.000000 0.693531 -0.656467
 1043.000000 0.796180 -0.623482
 1044.000000 0.737156 -0.763507
 1045.000000 0.662337 -0.630252
 1046.000000 0.645186 -0.595285
 1047.000000 0.685565 -0.695131
 1048.000000 0.675923 -0.632688
 1049.000000 0.684649 -0.646931
 1050.000000 0.783766 -0.706534
 1051.000000 0.605474 -0.627084
 1052.000000 0.694752 -0.590081
 1053.000000 0.656287 -0.568480
 1054.000000 0.658387 -0.618007
 1055.000000 0.682647 -0.616645
 1056.000000 0.630491 -0.627833
 1057.000000 0.747072 -0.717382
 1058.000000 0.619181 -0.652756
 1059.000000 0.573686 -0.625094
 1060.000000 0.587013 -0.576708
 1061.000000 0.638499 -0.646890
 1062.000000 0.667111 -0.644482
 1063.000000 0.761450 -0.695731
 1064.000000 0.762444 -0.646561
 1065.000000 0.689449 -0.640415
 1066.000000 0.717574 -0.620105
 1067.000000 0.753065 -0.635013
 1068.000000 0.633351 -0.624159
 1069.000000 0.671908 -0.792433
 1070.000000 0.737424 -0.746536
 1071.000000 0.745089 -0.712537
 1072.000000 0.698912 -0.786888
 1073.000000 0.705294 -0.640099
 1074.000000 0.637679 -0.667018
 1075.000000 0.676264 -0.658418
 1076.000000 0.734354 -0.651279
 1077.000000 0.784474 -0.715649
 1078.000000 0.724483 -0.694281
 1079.000000 0.708974 -0.616269
 1080.000000 0.677441 -0.741254
 1081.000000 0.678004 -0.724940
 1082.000000 0.687735 -0.741503
 1083.000000 0.683221 -0.728880
 1084.000000 0.683777 -0.735601
 1085.000000 0.743398 -0.698406
 1086.000000 0.710412 -0.662592
 1087.000000 0.721851 -0.708507
 1088.000000 0.639243 -0.648798
 1089.000000 0.788216 -0.582577
 1090.000000 0.697668 -0.604965
 1091.000000 0.753474 -0.673749
 1092.000000 0.665095 -0.641492
 1093.000000 0.669671 -0.635842
 1094.000000 0.711644 -0.653290
 1095.000000 0.682478 -0.692264
 1096.000000 0.706701 -0.660517
 1097.000000 0.650382 -0.683598
 1098.000000 0.722001 -0.657514
 1099.000000 0.740090 -0.654134
 1100.000000 0.672756 -0.648672
 1101.000000 0.673720 -0.699682
 1102.000000 0.705271 -0.634937
 1103.000000 0.738077 -0.669886
 1104.000000 0.712250 -0.628193
 1105.000000 0.679964 -0.714775
 1106.000000 0.684292 -0.642119
 1107.000000 0.710486 -0.653304
 1108.000000 0.666956 -0.679133
 1109.000000 0.746838 -0.650539
 1110.000000 0.711778 -0.638893
 1111.000000 0.777370 -0.670977
 1112.000000 0.756893 -0.685944
 1113.000000 0.703215 -0.637627
 1114.000000 0.673266 -0.744050
 1115.000000 0.674657 -0.677787
 1116.000000 0.808571 -0.712539
 1117.000000 0.716671 -0.669763
 1118.000000 0.793532 -0.587175
 1119.000000 0.711758 -0.686176
 1120.000000 0.689513 -0.655651
 1121.000000 0.767464 -0.656060
 1122.000000 0.688491 -0.698547
 1123.000000 0.742287 -0.714487
 1124.000000 0.684861 -0.633885
 1125.000000 0.776381 -0.693847
 1126.000000 0.707668 -0.693418
 1127.000000 0.691909 -0.765741
 1128.000000 0.696074 -0.680435
 1129.000000 0.679065 -0.632323
 1130.000000 0.658787 -0.678233
 1131.000000 0.786702 -0.634258
 1132.000000 0.694170 -0.696079
 1133.000000 0.730439 -0.697384
 1134.000000 0.714568 -0.691455
 1135.000000 0.703343 -0.680156
 1136.000000 0.739022 -0.682520
 1137.000000 0.657986 -0.635426
 1138.000000 0.736820 -0.631068
 1139.000000 0.723564 -0.707509
 1140.000000 0.727415 -0.680688
 1141.000000 0.784542 -0.665321
 1142.000000 0.760751 -0.664186
 1143.000000 0.764415 -0.621549
 1144.000000 0.692337 -0.693645
 1145.000000 0.657293 -0.638261
 1146.000000 0.703120 -0.625325
 1147.000000 0.667948 -0.683924
 1148.000000 0.732745 -0.704657
 1149.000000 0.686953 -0.664945
 1150.000000 0.701493 -0.736767
 1151.000000 0.700551 -0.648576
 1152.000000 0.632768 -0.646565
 1153.000000 0.765481 -0.624970
 1154.000000 0.643610 -0.740674
 1155.000000 0.684269 -0.668742
 1156.000000 0.715593 -0.753310
 1157.000000 0.794387 -0.652537
 1158.000000 0.703571 -0.771710
 1159.000000 0.656872 -0.621188
 1160.000000 0.620444 -0.693563
 1161.000000 0.660005 -0.747043
 1162.000000 0.682068 -0.676528
 1163.000000 0.757735 -0.682340
 1164.000000 0.773140 -0.628656
 1165.000000 0.708368 -0.620591
 1166.000000 0.745255 -0.690608
 1167.000000 0.742700 -0.653924
 1168.000000 0.717755 -0.674749
 1169.000000 0.608441 -0.601045
 1170.000000 0.725293 -0.671468
 1171.000000 0.741452 -0.694343
 1172.000000 0.747499 -0.711280
 1173.000000 0.744426 -0.695906
 1174.000000 0.755284 -0.769563
 1175.000000 0.691745 -0.742575
 1176.000000 0.756016 -0.657233
 1177.000000 0.694045 -0.706791
 1178.000000 0.873238 -0.691425
 1179.000000 0.700173 -0.692576
 1180.000000 0.693677 -0.711192
 1181.000000 0.664423 -0.722459
 1182.000000 0.639471 -0.715249
 1183.000000 0.649101 -0.722765
 1184.000000 0.692255 -0.684501
 1185.000000 0.725787 -0.666883
 1186.000000 0.686609 -0.714346
 1187.000000 0.747938 -0.654055
 1188.000000 0.746933 -0.702616
 1189.000000 0.755003 -0.753942
 1190.000000 0.745989 -0.669161
 1191.000000 0.720928 -0.721976
 1192.000000 0.819999 -0.665186
 1193.000000 0.738829 -0.680370
 1194.000000 0.742019 -0.682591
 1195.000000 0.747718 -0.709212
 1196.000000 0.809454 -0.697916
 1197.000000 0.798262 -0.744291
 1198.000000 0.802199 -0.681301
 1199.000000 0.636437 -0.733052
 1200.000000 0.622783 -0.705534
 1201.000000 0.794048 -0.711581
 1202.000000 0.739297 -0.721310
 1203.000000 0.726107 -0.694960
 1204.000000 0.734192 -0.756570
 1205.000000 0.717099 -0.708718
 1206.000000 0.744995 -0.736247
 1207.000000 0.700103 -0.818273
 1208.000000 0.702188 -0.705386
 1209.000000 0.727526 -0.695426
 1210.000000 0.773580 -0.737064
 1211.000000 0.764375 -0.649487
 1212.000000 0.706730 -0.731769
 1213.000000 0.678186 -0.677133
 1214.000000 0.731355 -0.763218
 1215.000000 0.796258 -0.681292
 1216.000000 0.737309 -0.639961
 1217.000000 0.695891 -0.652177
 1218.000000 0.747633 -0.624962
 1219.000000 0.724016 -0.651400
 1220.000000 0.658814 -0.631709
 1221.000000 0.699906 -0.637747
 1222.000000 0.629965 -0.645505
 1223.000000 0.706915 -0.634325
 1224.000000 0.679968 -0.586616
 1225.000000 0.692616 -0.650192
 1226.000000 0.741879 -0.647691
 1227.000000 0.645799 -0.616264
 1228.000000 0.692437 -0.612409
 1229.000000 0.620036 -0.644356
 1230.000000 0.639274 -0.672712
 1231.000000 0.700806 -0.677060
 1232.000000 0.703597 -0.730897
 1233.000000 0.757365 -0.643636
 1234.000000 0.707411 -0.656018
 1235.000000 0.707186 -0.715489
 1236.000000 0.672797 -0.691549
 1237.000000 0.718309 -0.724782
 1238.000000 0.719625 -0.679078
 1239.000000 0.725529 -0.643918
 1240.000000 0.688972 -0.674144
 1241.000000 0.753455 -0.650640
 1242.000000 0.667858 -0.672614
 1243.000000 0.730889 -0.720229
 1244.000000 0.712561 -0.698936
 1245.000000 0.746198 -0.753444
 1246.000000 0.720847 -0.770932
 1247.000000 0.616852 -0.680089
 1248.000000 0.692694 -0.703764
 1249.000000 0.653285 -0.623444
 1250.000000 0.673105 -0.677891
 1251.000000 0.681746 -0.669366
 1252.000000 0.683061 -0.636045
 1253.000000 0.701933 -0.702379
 1254.000000 0.725629 -0.673507
 1255.000000 0.720794 -0.684966
 1256.000000 0.756462 -0.664285
 1257.000000 0.731501 -0.656654
 1258.000000 0.670099 -0.665730
 1259.000000 0.712410 -0.638562
 1260.000000 0.672945 -0.652412
 1261.000000 0.661275 -0.704994
 1262.000000 0.734462 -0.662162
 1263.000000 0.786145 -0.561794
 1264.000000 0.705140 -0.618312
 1265.000000 0.710999 -0.695920
 1266.000000 0.756600 -0.644935
 1267.000000 0.691398 -0.628291
 1268.000000 0.697977 -0.641354
 1269.000000 0.717453 -0.664260
 1270.000000 0.626839 -0.642684
 1271.000000 0.639142 -0.659413
 1272.000000 0.717684 -0.631061
 1273.000000 0.755599 -0.654354
 1274.000000 0.787457 -0.642757
 1275.000000 0.641166 -0.682065
 1276.000000 0.705485 -0.622213
 1277.000000 0.705880 -0.645903
 1278.000000 0.671028 -0.584980
 1279.000000 0.730413 -0.647316
 1280.000000 0.699183 -0.618519
 1281.000000 0.726731 -0.598537
 1282.000000 0.671297 -0.615454
 1283.000000 0.796663 -0.673346
 1284.000000 0.622089 -0.692674
 1285.000000 0.668964 -0.690533
 1286.000000 0.732469 -0.694618
 1287.000000 0.664301 -0.690406
 1288.000000 0.627890 -0.660285
 1289.000000 0.625078 -0.771384
 1290.000000 0.680431 -0.726698
 1291.000000 0.703819 -0.661409
 1292.000000 0.695460 -0.680948
 1293.000000 0.646122 -0.735838
 1294.000000 0.652191 -0.753609
 1295.000000 0.719058 -0.753732
 1296.000000 0.743901 -0.743034
 1297.000000 0.716596 -0.739904
 1298.000000 0.613493 -0.693838
 1299.000000 0.673131 -0.634063
 1300.000000 0.657562 -0.646404
 1301.000000 0.645955 -0.613969
 1302.000000 0.733130 -0.655674
 1303.000000 0.698043 -0.689682
 1304.000000 0.737670 -0.664896
 1305.000000 0.754196 -0.634526
 1306.000000 0.655523 -0.760107
 1307.000000 0.712901 -0.743823
 1308.000000 0.720715 -0.763248
 1309.000000 0.699647 -0.637479
 1310.000000 0.741146 -0.618706
 1311.000000 0.780202 -0.653538
 1312.000000 0.795456 -0.753619
 1313.000000 0.726035 -0.690633
 1314.000000 0.613582 -0.726373
 1315.000000 0.692978 -0.674198
 1316.000000 0.716768 -0.665569
 1317.000000 0.740998 -0.774387
 1318.000000 0.805763 -0.705313
 1319.000000 0.671045 -0.726635
 1320.000000 0.740086 -0.762433
 1321.000000 0.769370 -0.727081
 1322.000000 0.809625 -0.748481
 1323.000000 0.713973 -0.756546
 1324.000000 0.778612 -0.802323
 1325.000000 0.758613 -0.710341
 1326.000000 0.620104 -0.777400
 1327.000000 0.716237 -0.696831
 1328.000000 0.798143 -0.663303
 1329.000000 0.719109 -0.732309
 1330.000000 0.739988 -0.683512
 1331.000000 0.676807 -0.646774
 1332.000000 0.734587 -0.709407
 1333.000000 0.770830 -0.654287
 1334.000000 0.658567 -0.611359
 1335.000000 0.810261 -0.642752
 1336.000000 0.739868 -0.694391
 1337.000000 0.736294 -0.692396
 1338.000000 0.702222 -0.708904
 1339.000000 0.758210 -0.607756
 1340.000000 0.705816 -0.663005
 1341.000000 0.732054 -0.691997
 1342.000000 0.647322 -0.653213
 1343.000000 0.673455 -0.725669
 1344.000000 0.664524 -0.670189
 1345.000000 0.653779 -0.670724
 1346.000000 0.650265 -0.739520
 1347.000000 0.733684 -0.703816
 1348.000000 0.699155 -0.749963
 1349.000000 0.701506 -0.680452
 1350.000000 0.771275 -0.717920
 1351.000000 0.654936 -0.677752
 1352.000000 0.666897 -0.698143
 1353.000000 0.786156 -0.776911
 1354.000000 0.759761 -0.737444
 1355.000000 0.724313 -0.706762
 1356.000000 0.727940 -0.807832
 1357.000000 0.730572 -0.668563
 1358.000000 0.680206 -0.703991
 1359.000000 0.695120 -0.684420
 1360.000000 0.732031 -0.667155
 1361.000000 0.704507 -0.652012
 1362.000000 0.785243 -0.708718
 1363.000000 0.759836 -0.683366
 1364.000000 0.704463 -0.775260
 1365.000000 0.749505 -0.807975
 1366.000000 0.652778 -0.731676
 1367.000000 0.714338 -0.734445
 1368.000000 0.707998 -0.680639
 1369.000000 0.674226 -0.726551
 1370.000000 0.701085 -0.733084
 1371.000000 0.643269 -0.660447
 1372.000000 0.642178 -0.687569
 1373.000000 0.680434 -0.741572
 1374.000000 0.577661 -0.672814
 1375.000000 0.722844 -0.663376
 1376.000000 0.700568 -0.675410
 1377.000000 0.741028 -0.731427
 1378.000000 0.712623 -0.721062
 1379.000000 0.691477 -0.718559
 1380.000000 0.665038 -0.716530
 1381.000000 0.685346 -0.729565
 1382.000000 0.625615 -0.675039
 1383.000000 0.588359 -0.653945
 1384.000000 0.656661 -0.636124
 1385.000000 0.693984 -0.741685
 1386.000000 0.641230 -0.787433
 1387.000000 0.672403 -0.698157
 1388.000000 0.639250 -0.629954
 1389.000000 0.670011 -0.632735
 1390.000000 0.751678 -0.695942
 1391.000000 0.731937 -0.645501
 1392.000000 0.712838 -0.719205
 1393.000000 0.695756 -0.731886
 1394.000000 0.777822 -0.726307
 1395.000000 0.713253 -0.788178
 1396.000000 0.879097 -0.609002
 1397.000000 0.694434 -0.694706
 1398.000000 0.680788 -0.662851
 1399.000000 0.764466 -0.636311
 1400.000000 0.728048 -0.726273
 1401.000000 0.687425 -0.677964
 1402.000000 0.736694 -0.702577
 1403.000000 0.688055 -0.750238
 1404.000000 0.679357 -0.767308
 1405.000000 0.736442 -0.764122
 1406.000000 0.708000 -0.739261
 1407.000000 0.680646 -0.630236
 1408.000000 0.690935 -0.709897
 1409.000000 0.776085 -0.708584
 1410.000000 0.698034 -0.679056
 1411.000000 0.682606 -0.604617
 1412.000000 0.788058 -0.644979
 1413.000000 0.645481 -0.695407
 1414.000000 0.645964 -0.821293
 1415.000000 0.682598 -0.713882
 1416.000000 0.679266 -0.743196
 1417.000000 0.622867 -0.671561
 1418.000000 0.775531 -0.726707
 1419.000000 0.702503 -0.661575
 1420.000000 0.632937 -0.695145
 1421.000000 0.642539 -0.737710
 1422.000000 0.662347 -0.707224
 1423.000000 0.648346 -0.705556
 1424.000000 0.601080 -0.739795
 1425.000000 0.706089 -0.642561
 1426.000000 0.746164 -0.783260
 1427.000000 0.788087 -0.724224
 1428.000000 0.730024 -0.746404
 1429.000000 0.710900 -0.806457
 1430.000000 0.670482 -0.659109
 1431.000000 0.612786 -0.721219
 1432.000000 0.696609 -0.806321
 1433.000000 0.721482 -0.682861
 1434.000000 0.772511 -0.757934
 1435.000000 0.724942 -0.749756
 1436.000000 0.710547 -0.669091
 1437.000000 0.697551 -0.725358
 1438.000000 0.670151 -0.730408
 1439.000000 0.717233 -0.738700
 1440.000000 0.544886 -0.734240
 1441.000000 0.792703 -0.759231
 1442.000000 0.642191 -0.726369
 1443.000000 0.634261 -0.756672
 1444.000000 0.659664 -0.717476
 1445.000000 0.627023 -0.746127
 1446.000000 0.621348 -0.768947
 1447.000000 0.581535 -0.740265
 1448.000000 0.718373 -0.668758
 1449.000000 0.720468 -0.635134
 1450.000000 0.660384 -0.729482
 1451.000000 0.732243 -0.673757
 1452.000000 0.710496 -0.648837
 1453.000000 0.717261 -0.633536
 1454.000000 0.673536 -0.656333
 1455.000000 0.727526 -0.604794
 1456.000000 0.740013 -0.598233
 1457.000000 0.676909 -0.668952
 1458.000000 0.764545 -0.736918
 1459.000000 0.716550 -0.822849
 1460.000000 0.668775 -0.721168
 1461.000000 0.639544 -0.722879
 1462.000000 0.728099 -0.729340
 1463.000000 0.651367 -0.691553
 1464.000000 0.665652 -0.705626
 1465.000000 0.683208 -0.725409
 1466.000000 0.666586 -0.733874
 1467.000000 0.695362 -0.656952
 1468.000000 0.595655 -0.704612
 1469.000000 0.699472 -0.713366
 1470.000000 0.719914 -0.677994
 1471.000000 0.803901 -0.722073
 1472.000000 0.745646 -0.655116
 1473.000000 0.734528 -0.707557
 1474.000000 0.735060 -0.736034
 1475.000000 0.729071 -0.732174
 1476.000000 0.704697 -0.699218
 1477.000000 0.706172 -0.749236
 1478.000000 0.714244 -0.732296
 1479.000000 0.656447 -0.662857
 1480.000000 0.696552 -0.651082
 1481.000000 0.740008 -0.617196
 1482.000000 0.668382 -0.673706
 1483.000000 0.670689 -0.658539
 1484.000000 0.624396 -0.653045
 1485.000000 0.720984 -0.687860
 1486.000000 0.726083 -0.691109
 1487.000000 0.705688 -0.726300
 1488.000000 0.677922 -0.710518
 1489.000000 0.636115 -0.696444
 1490.000000 0.710018 -0.735643
 1491.000000 0.733247 -0.722782
 1492.000000 0.722449 -0.769117
 1493.000000 0.731116 -0.725593
 1494.000000 0.722035 -0.781813
 1495.000000 0.655870 -0.766933
 1496.000000 0.691459 -0.774142
 1497.000000 0.657872 -0.773352
 1498.000000 0.754627 -0.744431
 1499.000000 0.709609 -0.827600
 1500.000000 0.694542 -0.679140
 1501.000000 0.644189 -0.656905
 1502.000000 0.760180 -0.700251
 1503.000000 0.665918 -0.743119
 1504.000000 0.695980 -0.667199
 1505.000000 0.675292 -0.682936
 1506.000000 0.611568 -0.751902
 1507.000000 0.688882 -0.713618
 1508.000000 0.740692 -0.746289
 1509.000000 0.629641 -0.726110
 1510.000000 0.645571 -0.736997
 1511.000000 0.646527 -0.713832
 1512.000000 0.690773 -0.708435
 1513.000000 0.746073 -0.723315
 1514.000000 0.729233 -0.736841
 1515.000000 0.685148 -0.747881
 1516.000000 0.763738 -0.762280
 1517.000000 0.732942 -0.804833
 1518.000000 0.746951 -0.695643
 1519.000000 0.794835 -0.791719
 1520.000000 0.688846 -0.745852
 1521.000000 0.743989 -0.727919
 1522.000000 0.724957 -0.692803
 1523.000000 0.645764 -0.715247
 1524.000000 0.774254 -0.737019
 1525.000000 0.763235 -0.683474
 1526.000000 0.709836 -0.652014
 1527.000000 0.751377 -0.708417
 1528.000000 0.716956 -0.637803
 1529.000000 0.735596 -0.713865
 1530.000000 0.667809 -0.758054
 1531.000000 0.728534 -0.761841
 1532.000000 0.754803 -0.636623
 1533.000000 0.760259 -0.695674
 1534.000000 0.680689 -0.636502
 1535.000000 0.751292 -0.627906
 1536.000000 0.763274 -0.686753
 1537.000000 0.733386 -0.668835
 1538.000000 0.732766 -0.721135
 1539.000000 0.707035 -0.643169
 1540.000000 0.747209 -0.695428
 1541.000000 0.720228 -0.753107
 1542.000000 0.713258 -0.719528
 1543.000000 0.749722 -0.730388
 1544.000000 0.759935 -0.657112
 1545.000000 0.755252 -0.669177
 1546.000000 0.705095 -0.717068
 1547.000000 0.717682 -0.663617
 1548.000000 0.727730 -0.666706
 1549.000000 0.753411 -0.726873
 1550.000000 0.720194 -0.720141
 1551.000000 0.713160 -0.643147
 1552.000000 0.717189 -0.635339
 1553.000000 0.721486 -0.683237
 1554.000000 0.750411 -0.626586
 1555.000000 0.692391 -0.716490
 1556.000000 0.650422 -0.711367
 1557.000000 0.724768 -0.643756
 1558.000000 0.677181 -0.632851
 1559.000000 0.708767 -0.729474
 1560.000000 0.682180 -0.701200
 1561.000000 0.676553 -0.705508
 1562.000000 0.746087 -0.717729
 1563.000000 0.713363 -0.725680
 1564.000000 0.729093 -0.721470
 1565.000000 0.664618 -0.681157
 1566.000000 0.720659 -0.766458
 1567.000000 0.777136 -0.808028
 1568.000000 0.746410 -0.667575
 1569.000000 0.769139 -0.767427
 1570.000000 0.705772 -0.751404
 1571.000000 0.772501 -0.711775
 1572.000000 0.633669 -0.727536
 1573.000000 0.751063 -0.704752
 1574.000000 0.827566 -0.692148
 1575.000000 0.734958 -0.706840
 1576.000000 0.724462 -0.672671
 1577.000000 0.697769 -0.637438
 1578.000000 0.701091 -0.600247
 1579.000000 0.755470 -0.696159
 1580.000000 0.720373 -0.640719
 1581.000000 0.750507 -0.628980
 1582.000000 0.703313 -0.726506
 1583.000000 0.709338 -0.638501
 1584.000000 0.743609 -0.702313
 1585.000000 0.688913 -0.676674
 1586.000000 0.675288 -0.723919
 1587.000000 0.731050 -0.692883
 1588.000000 0.658482 -0.743433
 1589.000000 0.594366 -0.659941
 1590.000000 0.724536 -0.659422
 1591.000000 0.709110 -0.724610
 1592.000000 0.756267 -0.754996
 1593.000000 0.626838 -0.804456
 1594.000000 0.664243 -0.737801
 1595.000000 0.797419 -0.686856
 1596.000000 0.679604 -0.690582
 1597.000000 0.676897 -0.701603
 1598.000000 0.688987 -0.706987
 1599.000000 0.742116 -0.683361
 1600.000000 0.645606 -0.689995
 1601.000000 0.762357 -0.661963
 1602.000000 0.716620 -0.738623
 1603.000000 0.645386 -0.694418
 1604.000000 0.720856 -0.651483
 1605.000000 0.730227 -0.751741
 1606.000000 0.765519 -0.688786
 1607.000000 0.735427 -0.685755
 1608.000000 0.755192 -0.706648
 1609.000000 0.791707 -0.707092
 1610.000000 0.694601 -0.684959
 1611.000000 0.653831 -0.661970
 1612.000000 0.715540 -0.665549
 1613.000000 0.629092 -0.648166
 1614.000000 0.620857 -0.665058
 1615.000000 0.673650 -0.654108
 1616.000000 0.579478 -0.685013
 1617.000000 0.674491 -0.692078
 1618.000000 0.716850 -0.674225
 1619.000000 0.799348 -0.714099
 1620.000000 0.731982 -0.740163
 1621.000000 0.666579 -0.616399
 1622.000000 0.610482 -0.603533
 1623.000000 0.661799 -0.650989
 1624.000000 0.754454 -0.679068
 1625.000000 0.753478 -0.699298
 1626.000000 0.633455 -0.589652
 1627.000000 0.728787 -0.728988
 1628.000000 0.714514 -0.773363
 1629.000000 0.669336 -0.753412
 1630.000000 0.697336 -0.777628
 1631.000000 0.655823 -0.752211
 1632.000000 0.604800 -0.683400
 1633.000000 0.722848 -0.688293
 1634.000000 0.659794 -0.686664
 1635.000000 0.680116 -0.623169
 1636.000000 0.641509 -0.604648
 1637.000000 0.692565 -0.747086
 1638.000000 0.708924 -0.695877
 1639.000000 0.634969 -0.613546
 1640.000000 0.799497 -0.672251
 1641.000000 0.624543 -0.660888
 1642.000000 0.701180 -0.642650
 1643.000000 0.664609 -0.705784
 1644.000000 0.734634 -0.673882
 1645.000000 0.682156 -0.704964
 1646.000000 0.751536 -0.680990
 1647.000000 0.741667 -0.681625
 1648.000000 0.679878 -0.672864
 1649.000000 0.757087 -0.706356
 1650.000000 0.762870 -0.747625
 1651.000000 0.690314 -0.699757
 1652.000000 0.658414 -0.639035
 1653.000000 0.748788 -0.714833
 1654.000000 0.635208 -0.665561
 1655.000000 0.721747 -0.678558
 1656.000000 0.812850 -0.684318
 1657.000000 0.748382 -0.738810
 1658.000000 0.704852 -0.712723
 1659.000000 0.726149 -0.709716
 1660.000000 0.781468 -0.738612
 1661.000000 0.767008 -0.725550
 1662.000000 0.696877 -0.764073
 1663.000000 0.721327 -0.691158
 1664.000000 0.739932 -0.720889
 1665.000000 0.755669 -0.735187
 1666.000000 0.708016 -0.757803
 1667.000000 0.822022 -0.798787
 1668.000000 0.840023 -0.664997
 1669.000000 0.676645 -0.710798
 1670.000000 0.687054 -0.795531
 1671.000000 0.721918 -0.704390
 1672.000000 0.684284 -0.651620
 1673.000000 0.746017 -0.730458
 1674.000000 0.729161 -0.731293
 1675.000000 0.703267 -0.692828
 1676.000000 0.813843 -0.672801
 1677.000000 0.708270 -0.666143
 1678.000000 0.787661 -0.642442
 1679.000000 0.798665 -0.665084
 1680.000000 0.766005 -0.655008
 1681.000000 0.696160 -0.659133
 1682.000000 0.709027 -0.635475
 1683.000000 0.733128 -0.639377
 1684.000000 0.733437 -0.678857
 1685.000000 0.660417 -0.636823
 1686.000000 0.675245 -0.701218
 1687.000000 0.669811 -0.738462
 1688.000000 0.619697 -0.677285
 1689.000000 0.712198 -0.708315
 1690.000000 0.667784 -0.698699
 1691.000000 0.707883 -0.739744
 1692.000000 0.682734 -0.694920
 1693.000000 0.640738 -0.654386
 1694.000000 0.820591 -0.643595
 1695.000000 0.717099 -0.731025
 1696.000000 0.691087 -0.669920
 1697.000000 0.710251 -0.682615
 1698.000000 0.736379 -0.734198
 1699.000000 0.614199 -0.719766
 1700.000000 0.658453 -0.725916
 1701.000000 0.806786 -0.746640
 1702.000000 0.678714 -0.746654
 1703.000000 0.698926 -0.635525
 1704.000000 0.711139 -0.712816
 1705.000000 0.658230 -0.668062
 1706.000000 0.685176 -0.663358
 1707.000000 0.677279 -0.693158
 1708.000000 0.666933 -0.705556
 1709.000000 0.685416 -0.657704
 1710.000000 0.776041 -0.718772
 1711.000000 0.719682 -0.709714
 1712.000000 0.735861 -0.720175
 1713.000000 0.758459 -0.696204
 1714.000000 0.802317 -0.744596
 1715.000000 0.662346 -0.680319
 1716.000000 0.695879 -0.726396
 1717.000000 0.750612 -0.650007
 1718.000000 0.714384 -0.693834
 1719.000000 0.650928 -0.714591
 1720.000000 0.712999 -0.667292
 1721.000000 0.688979 -0.638979
 1722.000000 0.714886 -0.790071
 1723.000000 0.714898 -0.736405
 1724.000000 0.709530 -0.662511
 1725.000000 0.735666 -0.592383
 1726.000000 0.812287 -0.674039
 1727.000000 0.704099 -0.620473
 1728.000000 0.777993 -0.623638
 1729.000000 0.713089 -0.660070
 1730.000000 0.738736 -0.647598
 1731.000000 0.723740 -0.615967
 1732.000000 0.731736 -0.663826
 1733.000000 0.731092 -0.707292
 1734.000000 0.778929 -0.692047
 1735.000000 0.737444 -0.686954
 1736.000000 0.687292 -0.674762
 1737.000000 0.637282 -0.696369
 1738.000000 0.610877 -0.675636
 1739.000000 0.725430 -0.722500
 1740.000000 0.639561 -0.685850
 1741.000000 0.700508 -0.684454
 1742.000000 0.636835 -0.729254
 1743.000000 0.652845 -0.715457
 1744.000000 0.725421 -0.710410
 1745.000000 0.618734 -0.661413
 1746.000000 0.680242 -0.675994
 1747.000000 0.631421 -0.628274
 1748.000000 0.691819 -0.657549
 1749.000000 0.620964 -0.702404
 1750.000000 0.701203 -0.692362
 1751.000000 0.714914 -0.684618
 1752.000000 0.613084 -0.796363
 1753.000000 0.661534 -0.610361
 1754.000000 0.645392 -0.756724
 1755.000000 0.715418 -0.734486
 1756.000000 0.608180 -0.649499
 1757.000000 0.676089 -0.699015
 1758.000000 0.672796 -0.700700
 1759.000000 0.701805 -0.682820
 1760.000000 0.625302 -0.614724
 1761.000000 0.593467 -0.740939
 1762.000000 0.701722 -0.739828
 1763.000000 0.730347 -0.664099
 1764.000000 0.758137 -0.742441
 1765.000000 0.650429 -0.660879
 1766.000000 0.779211 -0.740514
 1767.000000 0.643000 -0.701604
 1768.000000 0.701909 -0.721914
 1769.000000 0.637914 -0.639054
 1770.000000 0.638808 -0.666046
 1771.000000 0.640916 -0.654955
 1772.000000 0.755194 -0.658125
 1773.000000 0.759825 -0.667001
 1774.000000 0.667284 -0.576125
 1775.000000 0.753808 -0.657387
 1776.000000 0.781184 -0.676466
 1777.000000 0.779958 -0.705046
 1778.000000 0.726340 -0.656541
 1779.000000 0.719791 -0.628939
 1780.000000 0.707950 -0.675298
 1781.000000 0.760341 -0.666776
 1782.000000 0.798891 -0.692483
 1783.000000 0.732034 -0.711839
 1784.000000 0.754624 -0.656616
 1785.000000 0.713495 -0.628873
 1786.000000 0.657133 -0.671409
 1787.000000 0.770725 -0.634492
 1788.000000 0.706606 -0.609452
 1789.000000 0.713870 -0.642355
 1790.000000 0.715993 -0.634647
 1791.000000 0.705989 -0.657930
 1792.000000 0.738539 -0.720960
 1793.000000 0.766148 -0.660059
 1794.000000 0.673065 -0.642776
 1795.000000 0.743379 -0.580411
 1796.000000 0.748247 -0.647936
 1797.000000 0.801363 -0.625487
 1798.000000 0.701908 -0.672789
 1799.000000 0.702531 -0.588862
 1800.000000 0.647848 -0.631196
 1801.000000 0.664318 -0.596794
 1802.000000 0.730152 -0.681644
 1803.000000 0.713673 -0.634002
 1804.000000 0.706346 -0.731202
 1805.000000 0.715002 -0.642667
 1806.000000 0.752866 -0.627157
 1807.000000 0.721405 -0.650323
 1808.000000 0.761243 -0.678823
 1809.000000 0.711764 -0.680670
 1810.000000 0.667217 -0.661142
 1811.000000 0.701999 -0.653993
 1812.000000 0.708524 -0.660476
 1813.000000 0.719053 -0.673387
 1814.000000 0.799847 -0.712220
 1815.000000 0.684286 -0.686080
 1816.000000 0.684916 -0.638454
 1817.000000 0.750027 -0.697577
 1818.000000 0.694469 -0.702057
 1819.000000 0.718520 -0.647295
 1820.000000 0.686082 -0.673420
 1821.000000 0.751191 -0.633410
 1822.000000 0.788261 -0.745044
 1823.000000 0.731770 -0.596013
 1824.000000 0.721184 -0.659218
 1825.000000 0.743288 -0.641265
 1826.000000 0.622287 -0.674823
 1827.000000 0.708393 -0.690442
 1828.000000 0.784952 -0.660076
 1829.000000 0.760999 -0.655541
 1830.000000 0.668597 -0.650491
 1831.000000 0.727699 -0.619265
 1832.000000 0.731882 -0.624033
 1833.000000 0.719489 -0.681259
 1834.000000 0.744346 -0.624450
 1835.000000 0.684663 -0.634071
 1836.000000 0.758016 -0.663199
 1837.000000 0.700604 -0.637944
 1838.000000 0.720959 -0.646349
 1839.000000 0.733736 -0.625543
 1840.000000 0.688596 -0.600459
 1841.000000 0.729284 -0.669142
 1842.000000 0.691466 -0.615251
 1843.000000 0.706259 -0.608744
 1844.000000 0.742752 -0.612100
 1845.000000 0.644514 -0.645041
 1846.000000 0.692517 -0.699133
 1847.000000 0.795816 -0.667807
 1848.000000 0.696422 -0.649912
 1849.000000 0.640384 -0.686147
 1850.000000 0.740806 -0.681420
 1851.000000 0.726102 -0.707881
 1852.000000 0.810346 -0.643869
 1853.000000 0.642115 -0.641535
 1854.000000 0.677524 -0.603725
 1855.000000 0.705412 -0.695545
 1856.000000 0.638266 -0.673650
 1857.000000 0.755708 -0.638803
 1858.000000 0.816868 -0.633216
 1859.000000 0.724946 -0.666775
 1860.000000 0.736008 -0.594104
 1861.000000 0.714023 -0.571965
 1862.000000 0.747238 -0.656621
 1863.000000 0.751067 -0.630865
 1864.000000 0.790612 -0.605029
 1865.000000 0.700756 -0.598954
 1866.000000 0.683065 -0.700332
 1867.000000 0.731399 -0.664240
 1868.000000 0.648480 -0.569392
 1869.000000 0.712247 -0.596684
 1870.000000 0.735470 -0.658185
 1871.000000 0.700555 -0.639642
 1872.000000 0.708944 -0.673234
 1873.000000 0.797466 -0.618026
 1874.000000 0.653760 -0.679312
 1875.000000 0.726254 -0.643471
 1876.000000 0.774467 -0.597010
 1877.000000 0.685592 -0.668659
 1878.000000 0.744667 -0.576858
 1879.000000 0.736657 -0.634651
 1880.000000 0.748371 -0.600410
 1881.000000 0.673865 -0.628257
 1882.000000 0.766128 -0.638607
 1883.000000 0.695952 -0.615498
 1884.000000 0.700879 -0.637597
 1885.000000 0.705329 -0.646149
 1886.000000 0.745520 -0.687454
 1887.000000 0.750366 -0.665532
 1888.000000 0.696230 -0.682439
 1889.000000 0.662091 -0.681237
 1890.000000 0.696956 -0.672706
 1891.000000 0.619730 -0.646925
 1892.000000 0.716461 -0.726647
 1893.000000 0.803512 -0.627009
 1894.000000 0.650873 -0.592836
 1895.000000 0.698399 -0.620065
 1896.000000 0.681997 -0.685440
 1897.000000 0.658868 -0.644879
 1898.000000 0.650077 -0.668952
 1899.000000 0.718290 -0.645026
 1900.000000 0.622813 -0.623903
 1901.000000 0.581981 -0.723437
 1902.000000 0.678117 -0.708656
 1903.000000 0.810734 -0.696270
 1904.000000 0.696672 -0.609730
 1905.000000 0.699424 -0.648336
 1906.000000 0.612520 -0.697906
 1907.000000 0.662864 -0.604228
 1908.000000 0.656469 -0.738305
 1909.000000 0.678730 -0.751767
 1910.000000 0.714994 -0.719045
 1911.000000 0.668768 -0.757720
 1912.000000 0.736079 -0.717865
 1913.000000 0.734943 -0.631902
 1914.000000 0.585721 -0.716053
 1915.000000 0.624239 -0.689859
 1916.000000 0.728902 -0.651504
 1917.000000 0.719092 -0.641515
 1918.000000 0.648339 -0.690207
 1919.000000 0.669984 -0.685710
 1920.000000 0.676455 -0.619430
 1921.000000 0.614982 -0.680646
 1922.000000 0.588504 -0.636017
 1923.000000 0.602580 -0.602772
 1924.000000 0.654471 -0.646235
 1925.000000 0.603007 -0.696707
 1926.000000 0.666481 -0.684966
 1927.000000 0.711830 -0.677808
 1928.000000 0.657320 -0.734198
 1929.000000 0.651577 -0.728658
 1930.000000 0.659088 -0.702028
 1931.000000 0.632151 -0.681228
 1932.000000 0.558612 -0.731142
 1933.000000 0.626400 -0.760065
 1934.000000 0.577507 -0.754508
 1935.000000 0.561310 -0.664494
 1936.000000 0.616703 -0.721134
 1937.000000 0.629364 -0.636629
 1938.000000 0.618081 -0.735061
 1939.000000 0.572819 -0.674449
 1940.000000 0.668304 -0.668640
 1941.000000 0.708062 -0.699971
 1942.000000 0.655379 -0.685710
 1943.000000 0.609774 -0.642581
 1944.000000 0.612078 -0.718188
 1945.000000 0.687319 -0.652403
 1946.000000 0.619439 -0.669354
 1947.000000 0.676610 -0.708976
 1948.000000 0.623591 -0.663946
 1949.000000 0.655576 -0.715120
 1950.000000 0.598558 -0.671082
 1951.000000 0.619848 -0.709227
 1952.000000 0.706877 -0.707637
 1953.000000 0.592353 -0.665439
 1954.000000 0.701786 -0.764163
 1955.000000 0.678826 -0.653013
 1956.000000 0.631933 -0.586994
 1957.000000 0.629811 -0.603202
 1958.000000 0.726354 -0.650882
 1959.000000 0.572734 -0.695359
 1960.000000 0.625265 -0.602913
 1961.000000 0.516234 -0.645361
 1962.000000 0.491592 -0.678526
 1963.000000 0.785959 -0.625264
 1964.000000 0.571633 -0.654557
 1965.000000 0.682149 -0.727029
 1966.000000 0.622118 -0.677136
 1967.000000 0.643724 -0.656852
 1968.000000 0.581787 -0.628198
 1969.000000 0.628808 -0.660463
 1970.000000 0.547388 -0.705969
 1971.000000 0.684819 -0.722162
 1972.000000 0.557752 -0.741946
 1973.000000 0.722511 -0.675953
 1974.000000 0.692292 -0.643667
 1975.000000 0.561963 -0.630584
 1976.000000 0.529694 -0.707258
 1977.000000 0.612646 -0.635770
 1978.000000 0.607124 -0.586235
 1979.000000 0.699344 -0.650572
 1980.000000 0.611252 -0.656639
 1981.000000 0.677171 -0.583461
 1982.000000 0.670028 -0.710858
 1983.000000 0.692313 -0.664389
 1984.000000 0.686018 -0.704154
 1985.000000 0.690720 -0.684096
 1986.000000 0.707811 -0.733901
 1987.000000 0.648073 -0.748934
 1988.000000 0.755833 -0.742076
 1989.000000 0.651783 -0.686585
 1990.000000 0.638817 -0.743487
 1991.000000 0.684079 -0.658676
 1992.000000 0.681919 -0.670273
 1993.000000 0.683961 -0.670014
 1994.000000 0.693418 -0.705027
 1995.000000 0.652949 -0.770912
 1996.000000 0.725695 -0.791983
 1997.000000 0.641334 -0.657667
 1998.000000 0.680414 -0.661332
 1999.000000 0.727260 -0.733258
 2000.000000 0.737667 -0.672739
 2001.000000 0.628381 -0.614291
 2002.000000 0.707178 -0.607103
 2003.000000 0.668511 -0.636882
 2004.000000 0.757819 -0.542008
 2005.000000 0.717836 -0.615414
 2006.000000 0.725614 -0.572323
 2007.000000 0.647092 -0.585807
 2008.000000 0.652681 -0.579074
 2009.000000 0.630300 -0.599031
 2010.000000 0.660003 -0.584308
 2011.000000 0.738044 -0.620618
 2012.000000 0.613952 -0.591737
 2013.000000 0.634275 -0.551466
 2014.000000 0.756603 -0.596196
 2015.000000 0.679100 -0.619558
 2016.000000 0.757503 -0.577699
 2017.000000 0.658538 -0.603490
 2018.000000 0.632032 -0.590651
 2019.000000 0.587661 -0.611722
 2020.000000 0.612453 -0.587883
 2021.000000 0.709589 -0.582678
 2022.000000 0.616826 -0.618124
 2023.000000 0.754868 -0.643379
 2024.000000 0.597854 -0.592310
 2025.000000 0.742705 -0.682174
 2026.000000 0.735363 -0.595083
 2027.000000 0.660964 -0.554456
 2028.000000 0.720400 -0.595391
 2029.000000 0.681035 -0.609083
 2030.000000 0.767843 -0.635635
 2031.000000 0.705471 -0.565513
 2032.000000 0.703478 -0.619338
 2033.000000 0.755243 -0.643708
 2034.000000 0.799877 -0.597984
 2035.000000 0.640436 -0.652645
 2036.000000 0.790970 -0.628607
 2037.000000 0.770086 -0.632253
 2038.000000 0.660883 -0.652028
 2039.000000 0.696865 -0.708785
 2040.000000 0.738245 -0.729394
 2041.000000 0.782138 -0.592094
 2042.000000 0.717251 -0.702551
 2043.000000 0.720681 -0.636452
 2044.000000 0.748704 -0.602306
 2045.000000 0.834409 -0.662923
 2046.000000 0.754765 -0.621787
 2047.000000 0.748179 -0.679326
 2048.000000 0.718139 -0.654266
 2049.000000 0.773937 -0.620921
 2050.000000 0.746634 -0.608842
 2051.000000 0.792350 -0.593838
 2052.000000 0.778689 -0.660119
 2053.000000 0.810448 -0.618598
 2054.000000 0.800926 -0.713327
 2055.000000 0.768640 -0.586022
 2056.000000 0.720355 -0.555846
 2057.000000 0.725749 -0.568994
 2058.000000 0.827529 -0.652476
 2059.000000 0.674325 -0.659911
 2060.000000 0.782643 -0.663162
 2061.000000 0.692066 -0.658565
 2062.000000 0.715423 -0.590184
 2063.000000 0.693845 -0.654660
 2064.000000 0.705560 -0.614095
 2065.000000 0.679879 -0.684649
 2066.000000 0.692563 -0.618675
 2067.000000 0.732425 -0.574499
 2068.000000 0.730138 -0.696541
 2069.000000 0.720911 -0.669330
 2070.000000 0.749274 -0.684811
 2071.000000 0.768247 -0.672509
 2072.000000 0.751175 -0.636012
 2073.000000 0.615981 -0.618005
 2074.000000 0.635231 -0.739954
 2075.000000 0.824496 -0.626983
 2076.000000 0.734662 -0.649062
 2077.000000 0.747791 -0.647721
 2078.000000 0.695593 -0.702698
 2079.000000 0.718056 -0.688172
 2080.000000 0.694398 -0.654268
 2081.000000 0.746568 -0.669016
 2082.000000 0.721986 -0.647373
 2083.000000 0.620420 -0.600227
 2084.000000 0.717623 -0.615563
 2085.000000 0.710533 -0.632323
 2086.000000 0.728778 -0.662080
 2087.000000 0.702538 -0.641991
 2088.000000 0.768718 -0.680784
 2089.000000 0.770425 -0.585801
 2090.000000 0.693535 -0.671981
 2091.000000 0.805117 -0.567321
 2092.000000 0.720608 -0.599226
 2093.000000 0.757213 -0.615672
 2094.000000 0.767796 -0.590564
 2095.000000 0.681065 -0.661484
 2096.000000 0.709863 -0.653111
 2097.000000 0.687124 -0.636758
 2098.000000 0.714627 -0.639703
 2099.000000 0.680050 -0.625969
 2100.000000 0.714261 -0.643808
 2101.000000 0.653518 -0.615953
 2102.000000 0.695207 -0.614850
 2103.000000 0.654456 -0.649216
 2104.000000 0.704989 -0.606782
 2105.000000 0.614292 -0.614659
 2106.000000 0.654983 -0.578009
 2107.000000 0.648509 -0.656801
 2108.000000 0.633100 -0.678378
 2109.000000 0.731311 -0.635615
 2110.000000 0.663292 -0.658282
 2111.000000 0.613648 -0.604772
 2112.000000 0.677985 -0.680749
 2113.000000 0.621353 -0.586410
 2114.000000 0.635811 -0.640731
 2115.000000 0.614446 -0.548161
 2116.000000 0.643914 -0.584350
 2117.000000 0.656467 -0.682113
 2118.000000 0.651059 -0.588841
 2119.000000 0.671098 -0.667151
 2120.000000 0.659334 -0.637005
 2121.000000 0.629549 -0.621560
 2122.000000 0.699728 -0.629876
 2123.000000 0.746505 -0.656117
 2124.000000 0.661051 -0.633805
 2125.000000 0.728348 -0.592291
 2126.000000 0.750177 -0.613420
 2127.000000 0.788628 -0.615295
 2128.000000 0.691501 -0.608873
 2129.000000 0.701676 -0.592530
 2130.000000 0.636754 -0.671834
 2131.000000 0.742688 -0.567106
 2132.000000 0.714820 -0.651652
 2133.000000 0.644455 -0.649568
 2134.000000 0.734182 -0.658245
 2135.000000 0.684998 -0.639673
 2136.000000 0.808183 -0.642197
 2137.000000 0.819527 -0.605036
 2138.000000 0.756032 -0.676477
 2139.000000 0.746987 -0.607439
 2140.000000 0.786747 -0.662622
 2141.000000 0.733433 -0.602290
 2142.000000 0.762421 -0.611441
 2143.000000 0.743845 -0.573849
 2144.000000 0.702311 -0.549944
 2145.000000 0.754591 -0.625464
 2146.000000 0.775529 -0.656049
 2147.000000 0.806338 -0.604055
 2148.000000 0.761320 -0.635876
 2149.000000 0.613193 -0.618998
 2150.000000 0.704450 -0.597983
 2151.000000 0.731819 -0.565519
 2152.000000 0.701589 -0.582633
 2153.000000 0.599531 -0.588861
 2154.000000 0.701298 -0.612932
 2155.000000 0.619739 -0.604098
 2156.000000 0.772678 -0.659828
 2157.000000 0.678363 -0.622514
 2158.000000 0.716507 -0.628145
 2159.000000 0.655611 -0.628329
 2160.000000 0.742977 -0.604439
 2161.000000 0.680927 -0.633520
 2162.000000 0.686268 -0.675728
 2163.000000 0.754093 -0.655855
 2164.000000 0.789427 -0.649154
 2165.000000 0.720798 -0.637065
 2166.000000 0.754805 -0.591087
 2167.000000 0.709263 -0.553762
 2168.000000 0.654660 -0.583836
 2169.000000 0.683810 -0.633354
 2170.000000 0.695396 -0.592901
 2171.000000 0.721483 -0.636964
 2172.000000 0.666513 -0.626625
 2173.000000 0.745186 -0.637751
 2174.000000 0.731442 -0.696266
 2175.000000 0.772045 -0.664035
 2176.000000 0.724921 -0.630501
 2177.000000 0.730474 -0.591294
 2178.000000 0.692429 -0.593565
 2179.000000 0.746188 -0.655667
 2180.000000 0.762923 -0.567638
 2181.000000 0.774931 -0.667204
 2182.000000 0.763874 -0.685040
 2183.000000 0.722075 -0.616508
 2184.000000 0.769302 -0.649052
 2185.000000 0.779145 -0.674572
 2186.000000 0.739398 -0.630131
 2187.000000 0.737744 -0.677994
 2188.000000 0.757979 -0.641911
 2189.000000 0.755279 -0.736011
 2190.000000 0.705252 -0.651510
 2191.000000 0.689116 -0.632281
 2192.000000 0.713699 -0.620454
 2193.000000 0.673794 -0.574528
 2194.000000 0.700573 -0.576778
 2195.000000 0.707939 -0.634516
 2196.000000 0.731865 -0.633486
 2197.000000 0.669462 -0.607920
 2198.000000 0.686184 -0.606002
 2199.000000 0.727817 -0.646447
 2200.000000 0.668578 -0.557483
 2201.000000 0.649967 -0.652559
 2202.000000 0.619201 -0.596398
 2203.000000 0.683364 -0.576356
 2204.000000 0.626504 -0.662017
 2205.000000 0.704873 -0.599647
 2206.000000 0.708801 -0.633595
 2207.000000 0.710798 -0.604203
 2208.000000 0.701941 -0.609330
 2209.000000 0.587087 -0.637041
 2210.000000 0.676599 -0.651502
 2211.000000 0.631977 -0.617708
 2212.000000 0.690838 -0.596894
 2213.000000 0.657355 -0.665926
 2214.000000 0.675193 -0.623205
 2215.000000 0.706360 -0.651587
 2216.000000 0.710940 -0.668672
 2217.000000 0.658501 -0.623124
 2218.000000 0.762210 -0.681270
 2219.000000 0.763360 -0.654333
 2220.000000 0.615319 -0.625376
 2221.000000 0.760502 -0.619768
 2222.000000 0.701726 -0.602554
 2223.000000 0.636389 -0.644077
 2224.000000 0.725352 -0.686850
 2225.000000 0.629417 -0.659145
 2226.000000 0.730418 -0.594171
 2227.000000 0.704967 -0.581126
 2228.000000 0.617964 -0.600491
 2229.000000 0.641449 -0.644919
 2230.000000 0.656353 -0.623387
 2231.000000 0.772599 -0.627998
 2232.000000 0.766573 -0.645073
 2233.000000 0.741540 -0.646503
 2234.000000 0.708851 -0.706613
 2235.000000 0.628914 -0.662074
 2236.000000 0.690991 -0.668851
 2237.000000 0.735866 -0.531974
 2238.000000 0.655543 -0.616933
 2239.000000 0.724404 -0.654128
 2240.000000 0.670391 -0.693746
 2241.000000 0.721807 -0.656708
 2242.000000 0.696401 -0.633772
 2243.000000 0.651906 -0.613216
 2244.000000 0.714249 -0.670713
 2245.000000 0.608569 -0.719725
 2246.000000 0.662009 -0.677446
 2247.000000 0.615131 -0.661962
 2248.000000 0.640560 -0.712640
 2249.000000 0.663932 -0.685869
 2250.000000 0.632912 -0.631515
 2251.000000 0.670784 -0.655733
 2252.000000 0.629416 -0.616378
 2253.000000 0.686464 -0.610921
 2254.000000 0.720242 -0.665459
 2255.000000 0.691148 -0.683699
 2256.000000 0.692272 -0.717635
 2257.000000 0.664319 -0.641479
 2258.000000 0.742768 -0.696426
 2259.000000 0.574487 -0.767697
 2260.000000 0.652741 -0.741053
 2261.000000 0.681154 -0.768729
 2262.000000 0.672670 -0.660671
 2263.000000 0.686767 -0.686895
 2264.000000 0.602275 -0.664224
 2265.000000 0.652113 -0.729739
 2266.000000 0.673339 -0.645477
 2267.000000 0.669586 -0.612028
 2268.000000 0.566015 -0.669041
 2269.000000 0.613424 -0.626316
 2270.000000 0.569152 -0.572505
 2271.000000 0.685160 -0.594534
 2272.000000 0.649791 -0.637696
 2273.000000 0.710315 -0.588299
 2274.000000 0.678643 -0.628464
 2275.000000 0.666869 -0.589793
 2276.000000 0.684877 -0.639093
 2277.000000 0.699393 -0.608161
 2278.000000 0.557537 -0.630943
 2279.000000 0.662184 -0.663547
 2280.000000 0.734330 -0.638126
 2281.000000 0.709283 -0.723141
 2282.000000 0.698613 -0.739200
 2283.000000 0.638924 -0.614527
 2284.000000 0.649509 -0.683358
 2285.000000 0.680427 -0.631230
 2286.000000 0.734508 -0.610481
 2287.000000 0.728344 -0.665674
 2288.000000 0.696463 -0.692810
 2289.000000 0.767419 -0.705078
 2290.000000 0.716744 -0.674725
 2291.000000 0.696398 -0.634520
 2292.000000 0.699350 -0.639260
 2293.000000 0.722813 -0.671331
 2294.000000 0.720201 -0.660701
 2295.000000 0.594919 -0.618089
 2296.000000 0.651226 -0.662909
 2297.000000 0.719928 -0.682404
 2298.000000 0.679720 -0.639015
 2299.000000 0.703741 -0.709725
 2300.000000 0.679707 -0.756162
 2301.000000 0.737376 -0.722996
 2302.000000 0.757248 -0.759050
 2303.000000 0.727284 -0.726050
 2304.000000 0.760182 -0.656408
 2305.000000 0.710299 -0.661276
 2306.000000 0.667070 -0.709903
 2307.000000 0.713198 -0.805514
 2308.000000 0.655304 -0.681414
 2309.000000 0.678134 -0.749411
 2310.000000 0.605240 -0.660539
 2311.000000 0.703546 -0.617866
 2312.000000 0.747977 -0.688294
 2313.000000 0.716936 -0.747092
 2314.000000 0.703094 -0.681461
 2315.000000 0.639018 -0.665068
 2316.000000 0.700694 -0.718264
 2317.000000 0.649486 -0.677738
 2318.000000 0.695494 -0.753941
 2319.000000 0.634183 -0.749603
 2320.000000 0.727288 -0.745699
 2321.000000 0.673313 -0.712293
 2322.000000 0.716035 -0.651884
 2323.000000 0.673378 -0.697912
 2324.000000 0.740437 -0.702374
 2325.000000 0.797578 -0.759782
 2326.000000 0.753135 -0.738642
 2327.000000 0.682909 -0.750350
 2328.000000 0.736332 -0.790187
 2329.000000 0.716753 -0.744966
 2330.000000 0.682217 -0.777219
 2331.000000 0.726392 -0.698071
 2332.000000 0.743793 -0.688595
 2333.000000 0.739570 -0.674478
 2334.000000 0.708806 -0.759836
 2335.000000 0.628115 -0.608197
 2336.000000 0.700938 -0.723758
 2337.000000 0.675662 -0.617024
 2338.000000 0.691972 -0.672613
 2339.000000 0.692435 -0.707581
 2340.000000 0.816727 -0.617365
 2341.000000 0.770339 -0.593415
 2342.000000 0.846120 -0.653727
 2343.000000 0.697593 -0.623094
 2344.000000 0.757014 -0.674014
 2345.000000 0.738481 -0.631563
 2346.000000 0.801356 -0.622151
 2347.000000 0.683902 -0.607302
 2348.000000 0.728913 -0.562160
 2349.000000 0.758675 -0.588794
 2350.000000 0.683559 -0.665909
 2351.000000 0.748705 -0.600674
 2352.000000 0.735878 -0.607761
 2353.000000 0.793274 -0.570714
 2354.000000 0.804008 -0.623985
 2355.000000 0.634345 -0.616322
 2356.000000 0.775718 -0.610631
 2357.000000 0.709437 -0.580682
 2358.000000 0.739046 -0.598282
 2359.000000 0.690406 -0.608845
 2360.000000 0.671134 -0.596804
 2361.000000 0.800109 -0.649360
 2362.000000 0.719312 -0.566191
 2363.000000 0.686223 -0.646635
 2364.000000 0.728177 -0.581254
 2365.000000 0.723536 -0.590892
 2366.000000 0.827729 -0.567461
 2367.000000 0.724149 -0.526104
 2368.000000 0.629169 -0.592220
 2369.000000 0.654031 -0.558830
 2370.000000 0.722126 -0.567727
 2371.000000 0.796305 -0.504431
 2372.000000 0.736804 -0.609165
 2373.000000 0.746395 -0.622881
 2374.000000 0.721940 -0.598499
 2375.000000 0.696104 -0.619811
 2376.000000 0.639531 -0.638648
 2377.000000 0.662848 -0.542906
 2378.000000 0.670526 -0.517748
 2379.000000 0.683239 -0.644739
 2380.000000 0.691229 -0.625777
 2381.000000 0.733170 -0.640027
 2382.000000 0.637370 -0.513362
 2383.000000 0.671414 -0.577725
 2384.000000 0.669611 -0.662498
 2385.000000 0.669744 -0.714230
 2386.000000 0.701905 -0.648787
 2387.000000 0.667453 -0.664631
 2388.000000 0.679489 -0.606824
 2389.000000 0.672112 -0.691144
 2390.000000 0.673607 -0.659383
 2391.000000 0.737048 -0.626631
 2392.000000 0.732517 -0.642604
 2393.000000 0.734408 -0.676073
 2394.000000 0.777012 -0.664348
 2395.000000 0.730531 -0.587995
 2396.000000 0.766745 -0.541394
 2397.000000 0.716721 -0.619277
 2398.000000 0.701357 -0.551148
 2399.000000 0.844329 -0.588442
 2400.000000 0.777325 -0.601281
 2401.000000 0.688171 -0.596075
 2402.000000 0.703217 -0.597587
 2403.000000 0.754379 -0.586295
 2404.000000 0.704230 -0.620024
 2405.000000 0.738905 -0.528813
 2406.000000 0.795161 -0.567904
 2407.000000 0.693607 -0.586211
 2408.000000 0.703100 -0.558851
 2409.000000 0.725050 -0.594920
 2410.000000 0.750372 -0.488817
 2411.000000 0.695770 -0.605532
 2412.000000 0.726904 -0.659361
 2413.000000 0.738547 -0.612447
 2414.000000 0.709571 -0.648464
 2415.000000 0.720562 -0.643640
 2416.000000 0.825192 -0.637084
 2417.000000 0.846682 -0.600250
 2418.000000 0.759447 -0.588740
 2419.000000 0.761705 -0.618978
 2420.000000 0.676179 -0.631910
 2421.000000 0.735095 -0.598503
 2422.000000 0.652672 -0.599397
 2423.000000 0.703149 -0.625347
 2424.000000 0.702481 -0.563551
 2425.000000 0.718988 -0.630568
 2426.000000 0.618358 -0.631042
 2427.000000 0.760431 -0.609895
 2428.000000 0.669024 -0.580774
 2429.000000 0.696891 -0.529035
 2430.000000 0.696783 -0.634458
 2431.000000 0.712953 -0.505306
 2432.000000 0.818166 -0.583472
 2433.000000 0.657369 -0.557257
 2434.000000 0.794143 -0.644377
 2435.000000 0.704448 -0.586245
 2436.000000 0.718141 -0.538429
 2437.000000 0.757925 -0.589928
 2438.000000 0.746974 -0.642457
 2439.000000 0.817932 -0.584611
 2440.000000 0.696327 -0.599463
 2441.000000 0.679968 -0.515057
 2442.000000 0.773952 -0.596312
 2443.000000 0.710194 -0.600676
 2444.000000 0.740117 -0.484017
 2445.000000 0.762364 -0.524387
 2446.000000 0.675859 -0.591389
 2447.000000 0.746226 -0.538750
 2448.000000 0.740768 -0.591827
 2449.000000 0.743959 -0.552620
 2450.000000 0.659886 -0.569642
 2451.000000 0.725202 -0.638704
 2452.000000 0.751541 -0.583511
 2453.000000 0.655208 -0.659283
 2454.000000 0.655431 -0.660104
 2455.000000 0.777340 -0.587226
 2456.000000 0.696506 -0.648539
 2457.000000 0.667620 -0.573861
 2458.000000 0.751395 -0.617507
 2459.000000 0.731807 -0.573746
 2460.000000 0.626115 -0.615891
 2461.000000 0.639496 -0.753656
 2462.000000 0.678725 -0.685454
 2463.000000 0.765209 -0.652029
 2464.000000 0.684761 -0.729545
 2465.000000 0.718945 -0.681090
 2466.000000 0.657757 -0.655170
 2467.000000 0.719395 -0.679177
 2468.000000 0.694575 -0.643048
 2469.000000 0.772338 -0.674684
 2470.000000 0.729149 -0.544282
 2471.000000 0.636058 -0.604599
 2472.000000 0.728573 -0.669733
 2473.000000 0.648645 -0.594978
 2474.000000 0.618009 -0.650349
 2475.000000 0.735953 -0.661433
 2476.000000 0.788840 -0.666539
 2477.000000 0.767781 -0.618256
 2478.000000 0.782142 -0.669218
 2479.000000 0.646772 -0.680344
 2480.000000 0.671173 -0.662023
 2481.000000 0.813060 -0.724755
 2482.000000 0.768072 -0.613795
 2483.000000 0.756842 -0.755680
 2484.000000 0.811117 -0.670196
 2485.000000 0.788737 -0.628763
 2486.000000 0.655716 -0.586044
 2487.000000 0.793586 -0.670926
 2488.000000 0.668701 -0.605171
 2489.000000 0.740364 -0.721214
 2490.000000 0.744027 -0.696166
 2491.000000 0.763921 -0.623805
 2492.000000 0.686051 -0.624281
 2493.000000 0.689123 -0.626742
 2494.000000 0.717189 -0.631221
 2495.000000 0.742368 -0.635371
 2496.000000 0.685693 -0.653690
 2497.000000 0.666746 -0.661047
 2498.000000 0.744107 -0.607592
 2499.000000 0.722804 -0.633755
 2500.000000 0.707393 -0.593072
