#! FIELDS time pd_137_140 diff
 0.000000 1.314124 1.270570
 1.000000 1.278281 1.265884
 2.000000 1.266257 1.296608
 3.000000 1.391593 1.337567
 4.000000 1.404610 1.330181
 5.000000 1.420942 1.286133
 6.000000 1.445744 1.409825
 7.000000 1.360524 1.293440
 8.000000 1.299687 1.314387
 9.000000 1.311941 1.268733
 10.000000 1.500832 1.326627
 11.000000 1.457830 1.318359
 12.000000 1.343522 1.288219
 13.000000 1.509398 1.376476
 14.000000 1.412442 1.311324
 15.000000 1.345807 1.323662
 16.000000 1.474825 1.314321
 17.000000 1.316086 1.353943
 18.000000 1.310641 1.343395
 19.000000 1.506543 1.379575
 20.000000 1.327953 1.365712
 21.000000 1.369951 1.274536
 22.000000 1.449294 1.205501
 23.000000 1.402771 1.226177
 24.000000 1.426638 1.276519
 25.000000 1.405031 1.382011
 26.000000 1.451780 1.256870
 27.000000 1.370543 1.348218
 28.000000 1.311934 1.316074
 29.000000 1.397274 1.367570
 30.000000 1.366029 1.358115
 31.000000 1.389003 1.384233
 32.000000 1.437051 1.346262
 33.000000 1.355988 1.403531
 34.000000 1.335599 1.422162
 35.000000 1.248112 1.279538
 36.000000 1.384140 1.254957
 37.000000 1.378700 1.380407
 38.000000 1.435840 1.236050
 39.000000 1.320420 1.290153
 40.000000 1.291605 1.261690
 41.000000 1.380397 1.314130
 42.000000 1.427045 1.345000
 43.000000 1.302531 1.343578
 44.000000 1.314641 1.342137
 45.000000 1.330612 1.318255
 46.000000 1.387314 1.263796
 47.000000 1.397642 1.349620
 48.000000 1.470674 1.387959
 49.000000 1.294402 1.358397
 50.000000 1.384948 1.376620
 51.000000 1.333700 1.357812
 52.000000 1.386009 1.363709
 53.000000 1.364530 1.269870
 54.000000 1.294136 1.261744
 55.000000 1.343561 1.332603
 56.000000 1.337343 1.300671
 57.000000 1.353291 1.294384
 58.000000 1.362111 1.288346
 59.000000 1.211119 1.455050
 60.000000 1.447373 1.232700
 61.000000 1.331750 1.331964
 62.000000 1.408102 1.354893
 63.000000 1.440979 1.274544
 64.000000 1.445255 1.188700
 65.000000 1.384652 1.310958
 66.000000 1.457423 1.276638
 67.000000 1.445578 1.322114
 68.000000 1.483663 1.290675
 69.000000 1.306901 1.287640
 70.000000 1.451845 1.226112
 71.000000 1.357498 1.367300
 72.000000 1.484936 1.375027
 73.000000 1.455415 1.259700
 74.000000 1.313932 1.289082
 75.000000 1.370972 1.395915
 76.000000 1.305573 1.344993
 77.000000 1.362736 1.312952
 78.000000 1.369808 1.303124
 79.000000 1.379729 1.276102
 80.000000 1.494048 1.355354
 81.000000 1.464769 1.270897
 82.000000 1.484876 1.363614
 83.000000 1.324835 1.242204
 84.000000 1.229343 1.243254
 85.000000 1.370953 1.356923
 86.000000 1.289989 1.381359
 87.000000 1.370973 1.374323
 88.000000 1.257112 1.342175
 89.000000 1.360859 1.396868
 90.000000 1.360956 1.299571
 91.000000 1.368297 1.323518
 92.000000 1.379594 1.315149
 93.000000 1.396103 1.331469
 94.000000 1.345469 1.361525
 95.000000 1.426492 1.326352
 96.000000 1.427080 1.262549
 97.000000 1.407005 1.239156
 98.000000 1.346907 1.283506
 99.000000 1.346226 1.239420
 100.000000 1.338633 1.257831
 101.000000 1.318825 1.361370
 102.000000 1.325035 1.330721
 103.000000 1.404130 1.306347
 104.000000 1.420011 1.259425
 105.000000 1.356390 1.346169
 106.000000 1.271589 1.347762
 107.000000 1.429371 1.314843
 108.000000 1.446967 1.292427
 109.000000 1.389292 1.234731
 110.000000 1.439125 1.383658
 111.000000 1.361970 1.311019
 112.000000 1.527024 1.342527
 113.000000 1.465173 1.338428
 114.000000 1.380151 1.293564
 115.000000 1.383674 1.275459
 116.000000 1.421142 1.289129
 117.000000 1.398871 1.380403
 118.000000 1.392783 1.410732
 119.000000 1.373699 1.468891
 120.000000 1.371086 1.196948
 121.000000 1.343793 1.285678
 122.000000 1.478262 1.393340
 123.000000 1.351592 1.300167
 124.000000 1.341488 1.374853
 125.000000 1.345190 1.379840
 126.000000 1.325367 1.332555
 127.000000 1.300820 1.308343
 128.000000 1.331654 1.398839
 129.000000 1.369688 1.323379
 130.000000 1.362562 1.353147
 131.000000 1.368747 1.356742
 132.000000 1.457828 1.388184
 133.000000 1.321835 1.377947
 134.000000 1.337971 1.363613
 135.000000 1.372367 1.331710
 136.000000 1.517784 1.324233
 137.000000 1.422648 1.242303
 138.000000 1.296195 1.338955
 139.000000 1.337952 1.278946
 140.000000 1.279645 1.219158
 141.000000 1.282477 1.349883
 142.000000 1.287441 1.273789
 143.000000 1.295692 1.350262
 144.000000 1.264235 1.255604
 145.000000 1.432485 1.384443
 146.000000 1.316333 1.428020
 147.000000 1.367329 1.475203
 148.000000 1.292942 1.357352
 149.000000 1.341807 1.441785
 150.000000 1.392244 1.281135
 151.000000 1.251053 1.267194
 152.000000 1.364370 1.333070
 153.000000 1.389393 1.344046
 154.000000 1.438722 1.401109
 155.000000 1.344756 1.268371
 156.000000 1.438881 1.377612
 157.000000 1.327457 1.374455
 158.000000 1.384815 1.376937
 159.000000 1.420953 1.369428
 160.000000 1.344091 1.327494
 161.000000 1.272472 1.355194
 162.000000 1.309205 1.367991
 163.000000 1.443107 1.351083
 164.000000 1.317617 1.332818
 165.000000 1.222467 1.305362
 166.000000 1.382799 1.324374
 167.000000 1.335189 1.304387
 168.000000 1.400985 1.253633
 169.000000 1.431212 1.380043
 170.000000 1.386589 1.316622
 171.000000 1.370736 1.292672
 172.000000 1.388124 1.355260
 173.000000 1.455512 1.354066
 174.000000 1.299914 1.332886
 175.000000 1.194056 1.358602
 176.000000 1.410498 1.342818
 177.000000 1.394882 1.292662
 178.000000 1.408534 1.342088
 179.000000 1.352681 1.292534
 180.000000 1.478225 1.278006
 181.000000 1.504940 1.338089
 182.000000 1.366540 1.346915
 183.000000 1.405654 1.375447
 184.000000 1.343180 1.293689
 185.000000 1.361754 1.399160
 186.000000 1.343522 1.328663
 187.000000 1.370608 1.401894
 188.000000 1.375184 1.413895
 189.000000 1.411863 1.393251
 190.000000 1.311113 1.352952
 191.000000 1.321254 1.295043
 192.000000 1.339081 1.405154
 193.000000 1.332902 1.311195
 194.000000 1.406168 1.370752
 195.000000 1.469392 1.302441
 196.000000 1.315992 1.334501
 197.000000 1.291940 1.326695
 198.000000 1.347524 1.403266
 199.000000 1.378947 1.425912
 200.000000 1.363390 1.356462
 201.000000 1.361228 1.339296
 202.000000 1.430619 1.337619
 203.000000 1.375800 1.373404
 204.000000 1.317206 1.339333
 205.000000 1.321581 1.427428
 206.000000 1.371747 1.362223
 207.000000 1.539540 1.407706
 208.000000 1.302821 1.252362
 209.000000 1.397863 1.353772
 210.000000 1.456956 1.310017
 211.000000 1.489014 1.409463
 212.000000 1.295837 1.295537
 213.000000 1.311716 1.366007
 214.000000 1.352901 1.312278
 215.000000 1.385525 1.388942
 216.000000 1.348429 1.342380
 217.000000 1.448535 1.330514
 218.000000 1.404070 1.311834
 219.000000 1.408279 1.381781
 220.000000 1.307899 1.252716
 221.000000 1.300553 1.286111
 222.000000 1.425613 1.331459
 223.000000 1.431445 1.409142
 224.000000 1.415917 1.396438
 225.000000 1.333950 1.338353
 226.000000 1.456540 1.226795
 227.000000 1.389926 1.314594
 228.000000 1.446074 1.331155
 229.000000 1.346154 1.308379
 230.000000 1.424642 1.290369
 231.000000 1.397907 1.333205
 232.000000 1.428769 1.359480
 233.000000 1.369089 1.296336
 234.000000 1.456315 1.324704
 235.000000 1.383574 1.321583
 236.000000 1.470161 1.317814
 237.000000 1.238754 1.281436
 238.000000 1.344600 1.331339
 239.000000 1.428608 1.292413
 240.000000 1.428479 1.295571
 241.000000 1.484386 1.280370
 242.000000 1.504940 1.422937
 243.000000 1.502757 1.373467
 244.000000 1.342993 1.370417
 245.000000 1.514298 1.345926
 246.000000 1.418723 1.389885
 247.000000 1.482276 1.417002
 248.000000 1.501407 1.401129
 249.000000 1.516677 1.367676
 250.000000 1.461223 1.394065
 251.000000 1.476673 1.369737
 252.000000 1.410433 1.327342
 253.000000 1.437323 1.359298
 254.000000 1.434117 1.320828
 255.000000 1.381645 1.397018
 256.000000 1.337033 1.343868
 257.000000 1.430334 1.381185
 258.000000 1.347382 1.377420
 259.000000 1.392906 1.375226
 260.000000 1.426723 1.429441
 261.000000 1.508793 1.324146
 262.000000 1.430391 1.350300
 263.000000 1.452495 1.339643
 264.000000 1.497252 1.260933
 265.000000 1.459015 1.309580
 266.000000 1.382922 1.400646
 267.000000 1.477039 1.362735
 268.000000 1.433154 1.417084
 269.000000 1.497008 1.306263
 270.000000 1.379839 1.344005
 271.000000 1.452198 1.280045
 272.000000 1.423401 1.301653
 273.000000 1.341033 1.346710
 274.000000 1.408298 1.332025
 275.000000 1.405092 1.358302
 276.000000 1.401748 1.360459
 277.000000 1.305027 1.368059
 278.000000 1.453383 1.311043
 279.000000 1.448506 1.329090
 280.000000 1.460129 1.450123
 281.000000 1.468486 1.375120
 282.000000 1.382401 1.345997
 283.000000 1.431680 1.290604
 284.000000 1.454300 1.302515
 285.000000 1.455078 1.331761
 286.000000 1.367178 1.393196
 287.000000 1.428922 1.298174
 288.000000 1.372921 1.333690
 289.000000 1.362997 1.347830
 290.000000 1.357325 1.321943
 291.000000 1.424968 1.236899
 292.000000 1.466395 1.263464
 293.000000 1.317683 1.240461
 294.000000 1.259147 1.282477
 295.000000 1.452671 1.357358
 296.000000 1.268055 1.300526
 297.000000 1.382983 1.286970
 298.000000 1.455269 1.371950
 299.000000 1.349109 1.359154
 300.000000 1.447366 1.330468
 301.000000 1.497263 1.470984
 302.000000 1.463116 1.374646
 303.000000 1.387641 1.374312
 304.000000 1.411286 1.373450
 305.000000 1.396730 1.344363
 306.000000 1.345699 1.321093
 307.000000 1.368853 1.355970
 308.000000 1.385929 1.323709
 309.000000 1.333872 1.381830
 310.000000 1.366840 1.385994
 311.000000 1.436942 1.349354
 312.000000 1.347255 1.407812
 313.000000 1.476312 1.409387
 314.000000 1.363884 1.337459
 315.000000 1.332032 1.328771
 316.000000 1.339567 1.312020
 317.000000 1.330539 1.373851
 318.000000 1.332378 1.289828
 319.000000 1.380459 1.300658
 320.000000 1.343512 1.321639
 321.000000 1.336418 1.354181
 322.000000 1.335630 1.360113
 323.000000 1.263327 1.464028
 324.000000 1.381127 1.313773
 325.000000 1.430159 1.301643
 326.000000 1.425801 1.304132
 327.000000 1.493887 1.354157
 328.000000 1.405619 1.244309
 329.000000 1.525091 1.417202
 330.000000 1.401857 1.350871
 331.000000 1.498847 1.296984
 332.000000 1.527812 1.229604
 333.000000 1.521705 1.379802
 334.000000 1.279806 1.274596
 335.000000 1.397026 1.389907
 336.000000 1.233478 1.381527
 337.000000 1.460212 1.319446
 338.000000 1.379267 1.346005
 339.000000 1.299588 1.319569
 340.000000 1.385380 1.382910
 341.000000 1.421595 1.383382
 342.000000 1.382543 1.386954
 343.000000 1.495408 1.396359
 344.000000 1.453555 1.357930
 345.000000 1.534275 1.371920
 346.000000 1.512880 1.406566
 347.000000 1.408003 1.375543
 348.000000 1.492313 1.398354
 349.000000 1.435354 1.271016
 350.000000 1.374358 1.328617
 351.000000 1.443734 1.300868
 352.000000 1.439323 1.366959
 353.000000 1.385675 1.408931
 354.000000 1.481322 1.355431
 355.000000 1.422209 1.415447
 356.000000 1.329482 1.354375
 357.000000 1.417793 1.308946
 358.000000 1.418454 1.296694
 359.000000 1.361095 1.350490
 360.000000 1.303672 1.337336
 361.000000 1.360804 1.363588
 362.000000 1.350879 1.395468
 363.000000 1.470347 1.330784
 364.000000 1.401689 1.287744
 365.000000 1.417565 1.448445
 366.000000 1.374192 1.364396
 367.000000 1.373412 1.309095
 368.000000 1.350419 1.296119
 369.000000 1.330312 1.400490
 370.000000 1.524980 1.362967
 371.000000 1.384291 1.359138
 372.000000 1.401175 1.320807
 373.000000 1.490079 1.309897
 374.000000 1.476842 1.376384
 375.000000 1.414465 1.262408
 376.000000 1.388775 1.230079
 377.000000 1.432996 1.351280
 378.000000 1.377512 1.311683
 379.000000 1.341575 1.307284
 380.000000 1.405386 1.301960
 381.000000 1.240129 1.364829
 382.000000 1.330682 1.284026
 383.000000 1.421136 1.324997
 384.000000 1.388256 1.374815
 385.000000 1.324275 1.354314
 386.000000 1.336755 1.277020
 387.000000 1.359562 1.438668
 388.000000 1.396159 1.320279
 389.000000 1.424376 1.391364
 390.000000 1.439050 1.331676
 391.000000 1.459508 1.383596
 392.000000 1.374229 1.404972
 393.000000 1.389229 1.337944
 394.000000 1.426712 1.380520
 395.000000 1.388704 1.308829
 396.000000 1.371918 1.300592
 397.000000 1.513132 1.437555
 398.000000 1.461357 1.337199
 399.000000 1.425764 1.339963
 400.000000 1.606698 1.303455
 401.000000 1.367167 1.274537
 402.000000 1.529480 1.328692
 403.000000 1.382868 1.324931
 404.000000 1.448353 1.239761
 405.000000 1.513697 1.300711
 406.000000 1.531968 1.244197
 407.000000 1.309269 1.251133
 408.000000 1.545919 1.243827
 409.000000 1.436368 1.358294
 410.000000 1.514445 1.292036
 411.000000 1.397460 1.283745
 412.000000 1.472688 1.269050
 413.000000 1.417346 1.304472
 414.000000 1.456089 1.351745
 415.000000 1.433084 1.283195
 416.000000 1.449247 1.314034
 417.000000 1.427508 1.315274
 418.000000 1.310291 1.323884
 419.000000 1.443428 1.247418
 420.000000 1.429148 1.276772
 421.000000 1.349940 1.275063
 422.000000 1.381578 1.245294
 423.000000 1.478166 1.230108
 424.000000 1.411199 1.262587
 425.000000 1.354037 1.283264
 426.000000 1.409069 1.387304
 427.000000 1.385367 1.372009
 428.000000 1.490805 1.268058
 429.000000 1.475769 1.358774
 430.000000 1.521957 1.379052
 431.000000 1.438466 1.363406
 432.000000 1.555557 1.329610
 433.000000 1.588167 1.398833
 434.000000 1.477011 1.431996
 435.000000 1.401832 1.316339
 436.000000 1.460335 1.395949
 437.000000 1.488090 1.320818
 438.000000 1.400617 1.361550
 439.000000 1.479636 1.489859
 440.000000 1.519173 1.307414
 441.000000 1.466228 1.368656
 442.000000 1.520560 1.278521
 443.000000 1.471970 1.317218
 444.000000 1.463191 1.290653
 445.000000 1.411454 1.366765
 446.000000 1.448306 1.334573
 447.000000 1.557613 1.327480
 448.000000 1.590538 1.279204
 449.000000 1.551628 1.338195
 450.000000 1.452203 1.324540
 451.000000 1.547349 1.374437
 452.000000 1.452501 1.399376
 453.000000 1.461661 1.384807
 454.000000 1.516482 1.373977
 455.000000 1.476898 1.365102
 456.000000 1.498391 1.306918
 457.000000 1.547001 1.403360
 458.000000 1.353143 1.421501
 459.000000 1.442239 1.315672
 460.000000 1.397968 1.268930
 461.000000 1.482428 1.431121
 462.000000 1.414400 1.403328
 463.000000 1.618561 1.414321
 464.000000 1.420659 1.423943
 465.000000 1.486295 1.260425
 466.000000 1.425184 1.322473
 467.000000 1.462287 1.309415
 468.000000 1.363401 1.305638
 469.000000 1.463488 1.418922
 470.000000 1.485067 1.217655
 471.000000 1.481515 1.346044
 472.000000 1.489711 1.414193
 473.000000 1.452262 1.377540
 474.000000 1.389594 1.301517
 475.000000 1.479306 1.313352
 476.000000 1.453975 1.405748
 477.000000 1.592484 1.326818
 478.000000 1.481241 1.353504
 479.000000 1.491847 1.343750
 480.000000 1.472749 1.327733
 481.000000 1.499458 1.332301
 482.000000 1.584412 1.418820
 483.000000 1.469899 1.403904
 484.000000 1.372396 1.359279
 485.000000 1.440853 1.365561
 486.000000 1.464424 1.371967
 487.000000 1.424239 1.385872
 488.000000 1.420010 1.475446
 489.000000 1.358118 1.438008
 490.000000 1.467939 1.458609
 491.000000 1.277469 1.350823
 492.000000 1.351779 1.381685
 493.000000 1.359237 1.413033
 494.000000 1.410516 1.372578
 495.000000 1.424933 1.384644
 496.000000 1.348911 1.366525
 497.000000 1.387329 1.454548
 498.000000 1.324499 1.335722
 499.000000 1.360560 1.306997
 500.000000 1.310359 1.270605
 501.000000 1.417652 1.335852
 502.000000 1.573100 1.349896
 503.000000 1.456655 1.353320
 504.000000 1.476884 1.349149
 505.000000 1.522867 1.364919
 506.000000 1.445332 1.274365
 507.000000 1.447030 1.225133
 508.000000 1.554027 1.306110
 509.000000 1.458261 1.342490
 510.000000 1.341516 1.242317
 511.000000 1.442853 1.346344
 512.000000 1.434423 1.346814
 513.000000 1.475502 1.301925
 514.000000 1.470617 1.293083
 515.000000 1.418211 1.424776
 516.000000 1.455646 1.379510
 517.000000 1.468401 1.286041
 518.000000 1.413744 1.383892
 519.000000 1.459565 1.330070
 520.000000 1.409015 1.419673
 521.000000 1.580893 1.379475
 522.000000 1.500055 1.389524
 523.000000 1.474308 1.516301
 524.000000 1.477312 1.453131
 525.000000 1.457239 1.388334
 526.000000 1.477892 1.313248
 527.000000 1.495206 1.280298
 528.000000 1.432106 1.352139
 529.000000 1.423246 1.419690
 530.000000 1.413234 1.362876
 531.000000 1.442222 1.360501
 532.000000 1.408784 1.401747
 533.000000 1.450728 1.400110
 534.000000 1.469614 1.313841
 535.000000 1.556136 1.302777
 536.000000 1.499646 1.433589
 537.000000 1.462398 1.457735
 538.000000 1.477705 1.414294
 539.000000 1.425680 1.327561
 540.000000 1.475728 1.232354
 541.000000 1.572795 1.316191
 542.000000 1.491181 1.354279
 543.000000 1.466924 1.346895
 544.000000 1.417331 1.367685
 545.000000 1.443516 1.340319
 546.000000 1.407910 1.386256
 547.000000 1.424009 1.527246
 548.000000 1.397126 1.378904
 549.000000 1.442938 1.376892
 550.000000 1.418341 1.377635
 551.000000 1.403495 1.304953
 552.000000 1.428830 1.361131
 553.000000 1.403345 1.301815
 554.000000 1.375526 1.319035
 555.000000 1.393452 1.351846
 556.000000 1.486181 1.319081
 557.000000 1.311497 1.349967
 558.000000 1.390608 1.332894
 559.000000 1.512521 1.367564
 560.000000 1.585648 1.337182
 561.000000 1.467716 1.387278
 562.000000 1.457610 1.317656
 563.000000 1.478276 1.317547
 564.000000 1.507695 1.385306
 565.000000 1.391425 1.306017
 566.000000 1.445094 1.383898
 567.000000 1.426828 1.360230
 568.000000 1.469420 1.335994
 569.000000 1.415183 1.271500
 570.000000 1.424694 1.319630
 571.000000 1.423491 1.360557
 572.000000 1.410291 1.396856
 573.000000 1.456790 1.366542
 574.000000 1.367067 1.309604
 575.000000 1.279162 1.147215
 576.000000 1.411741 1.211648
 577.000000 1.481839 1.285361
 578.000000 1.507460 1.272478
 579.000000 1.304080 1.331269
 580.000000 1.356795 1.339303
 581.000000 1.455098 1.285404
 582.000000 1.443361 1.261300
 583.000000 1.572673 1.379256
 584.000000 1.444521 1.392819
 585.000000 1.574710 1.361030
 586.000000 1.424823 1.300112
 587.000000 1.501704 1.337963
 588.000000 1.521141 1.369948
 589.000000 1.501221 1.288794
 590.000000 1.370744 1.387929
 591.000000 1.510810 1.304276
 592.000000 1.405117 1.388181
 593.000000 1.344227 1.479716
 594.000000 1.373383 1.406571
 595.000000 1.329032 1.413246
 596.000000 1.502405 1.342268
 597.000000 1.406822 1.334303
 598.000000 1.432018 1.365401
 599.000000 1.454662 1.480148
 600.000000 1.398277 1.391596
 601.000000 1.400415 1.328501
 602.000000 1.592968 1.350270
 603.000000 1.589082 1.391976
 604.000000 1.551011 1.385098
 605.000000 1.481681 1.324774
 606.000000 1.497124 1.298637
 607.000000 1.453600 1.322721
 608.000000 1.351998 1.435576
 609.000000 1.401128 1.346814
 610.000000 1.358558 1.319624
 611.000000 1.395643 1.337386
 612.000000 1.518204 1.417662
 613.000000 1.257893 1.395137
 614.000000 1.447748 1.355350
 615.000000 1.369071 1.297985
 616.000000 1.306263 1.234569
 617.000000 1.376293 1.314468
 618.000000 1.557761 1.401222
 619.000000 1.383427 1.319632
 620.000000 1.371848 1.362414
 621.000000 1.456404 1.341309
 622.000000 1.368781 1.436232
 623.000000 1.443921 1.312052
 624.000000 1.355498 1.369547
 625.000000 1.436932 1.328432
 626.000000 1.386996 1.331243
 627.000000 1.443237 1.335357
 628.000000 1.416234 1.305463
 629.000000 1.448225 1.393784
 630.000000 1.446609 1.322151
 631.000000 1.378246 1.388298
 632.000000 1.527833 1.342528
 633.000000 1.519639 1.361926
 634.000000 1.436788 1.328701
 635.000000 1.428592 1.373893
 636.000000 1.417541 1.399366
 637.000000 1.457096 1.390502
 638.000000 1.478382 1.262812
 639.000000 1.383019 1.376309
 640.000000 1.458845 1.328471
 641.000000 1.410841 1.260936
 642.000000 1.426801 1.262224
 643.000000 1.471003 1.418233
 644.000000 1.508253 1.321343
 645.000000 1.395805 1.387658
 646.000000 1.450155 1.391207
 647.000000 1.360392 1.374885
 648.000000 1.391869 1.350297
 649.000000 1.323048 1.402507
 650.000000 1.347396 1.261628
 651.000000 1.400666 1.414243
 652.000000 1.482241 1.267403
 653.000000 1.352689 1.231297
 654.000000 1.321940 1.343103
 655.000000 1.439446 1.410328
 656.000000 1.403916 1.385153
 657.000000 1.347560 1.363102
 658.000000 1.532049 1.387857
 659.000000 1.447452 1.265175
 660.000000 1.481794 1.419823
 661.000000 1.482839 1.319572
 662.000000 1.443004 1.423635
 663.000000 1.498976 1.312565
 664.000000 1.422927 1.324150
 665.000000 1.421540 1.297223
 666.000000 1.421514 1.410444
 667.000000 1.475366 1.314877
 668.000000 1.393146 1.351786
 669.000000 1.337403 1.394005
 670.000000 1.496998 1.332471
 671.000000 1.421126 1.475250
 672.000000 1.346608 1.371308
 673.000000 1.442953 1.364912
 674.000000 1.411205 1.360214
 675.000000 1.433542 1.354266
 676.000000 1.364387 1.364063
 677.000000 1.399459 1.370599
 678.000000 1.400595 1.328710
 679.000000 1.398933 1.281204
 680.000000 1.350704 1.336215
 681.000000 1.372719 1.376497
 682.000000 1.452573 1.412211
 683.000000 1.418686 1.365048
 684.000000 1.338157 1.359997
 685.000000 1.540320 1.266275
 686.000000 1.373876 1.334429
 687.000000 1.370688 1.348594
 688.000000 1.307917 1.350953
 689.000000 1.334985 1.264765
 690.000000 1.435693 1.247154
 691.000000 1.525551 1.182630
 692.000000 1.467678 1.309032
 693.000000 1.535180 1.348132
 694.000000 1.317146 1.271281
 695.000000 1.409903 1.206847
 696.000000 1.419592 1.223394
 697.000000 1.353370 1.223257
 698.000000 1.471614 1.269871
 699.000000 1.428468 1.285197
 700.000000 1.429946 1.296388
 701.000000 1.437583 1.254085
 702.000000 1.450740 1.294280
 703.000000 1.440046 1.245049
 704.000000 1.402068 1.297607
 705.000000 1.459227 1.338394
 706.000000 1.375669 1.360027
 707.000000 1.432754 1.284485
 708.000000 1.326168 1.294193
 709.000000 1.409741 1.289463
 710.000000 1.449228 1.365127
 711.000000 1.321119 1.268626
 712.000000 1.352036 1.319899
 713.000000 1.552918 1.361964
 714.000000 1.450321 1.309077
 715.000000 1.420547 1.350180
 716.000000 1.300196 1.406888
 717.000000 1.349344 1.382305
 718.000000 1.434140 1.390527
 719.000000 1.404183 1.323553
 720.000000 1.438194 1.372345
 721.000000 1.518297 1.358851
 722.000000 1.469826 1.295694
 723.000000 1.413325 1.406588
 724.000000 1.388494 1.365424
 725.000000 1.477706 1.294097
 726.000000 1.509757 1.329199
 727.000000 1.464471 1.308412
 728.000000 1.484406 1.284903
 729.000000 1.429278 1.242952
 730.000000 1.452051 1.301805
 731.000000 1.369944 1.417529
 732.000000 1.467876 1.351991
 733.000000 1.505670 1.295260
 734.000000 1.553760 1.283520
 735.000000 1.401254 1.367830
 736.000000 1.534384 1.349425
 737.000000 1.454919 1.330638
 738.000000 1.508355 1.312422
 739.000000 1.462336 1.267652
 740.000000 1.519279 1.386779
 741.000000 1.430746 1.318764
 742.000000 1.379975 1.277224
 743.000000 1.395104 1.248806
 744.000000 1.428807 1.161747
 745.000000 1.414244 1.310909
 746.000000 1.471314 1.329106
 747.000000 1.441444 1.340172
 748.000000 1.498098 1.353357
 749.000000 1.404528 1.313600
 750.000000 1.393363 1.255456
 751.000000 1.471672 1.339688
 752.000000 1.456547 1.373860
 753.000000 1.398939 1.340731
 754.000000 1.394396 1.300479
 755.000000 1.338881 1.341387
 756.000000 1.521056 1.309704
 757.000000 1.356366 1.348583
 758.000000 1.400236 1.380666
 759.000000 1.443060 1.338882
 760.000000 1.549454 1.376788
 761.000000 1.446427 1.345750
 762.000000 1.439813 1.390571
 763.000000 1.443567 1.486111
 764.000000 1.388259 1.346541
 765.000000 1.399760 1.280906
 766.000000 1.477180 1.473839
 767.000000 1.425658 1.339403
 768.000000 1.340895 1.324653
 769.000000 1.470998 1.275826
 770.000000 1.439602 1.306251
 771.000000 1.425777 1.309375
 772.000000 1.462612 1.352236
 773.000000 1.506747 1.388495
 774.000000 1.553902 1.468916
 775.000000 1.431517 1.256565
 776.000000 1.423928 1.259131
 777.000000 1.369572 1.304362
 778.000000 1.439011 1.394043
 779.000000 1.409513 1.402108
 780.000000 1.440071 1.316171
 781.000000 1.403659 1.360344
 782.000000 1.440688 1.266880
 783.000000 1.406726 1.382105
 784.000000 1.425034 1.348252
 785.000000 1.502609 1.249457
 786.000000 1.404696 1.283403
 787.000000 1.534800 1.350066
 788.000000 1.424834 1.264886
 789.000000 1.422022 1.385980
 790.000000 1.445639 1.296230
 791.000000 1.418004 1.373454
 792.000000 1.399858 1.349952
 793.000000 1.401347 1.398103
 794.000000 1.337553 1.368788
 795.000000 1.505441 1.289781
 796.000000 1.452040 1.303581
 797.000000 1.570665 1.376944
 798.000000 1.496975 1.295774
 799.000000 1.495249 1.338878
 800.000000 1.480778 1.357945
 801.000000 1.454603 1.256256
 802.000000 1.398750 1.279574
 803.000000 1.504479 1.315693
 804.000000 1.400872 1.332006
 805.000000 1.367737 1.371842
 806.000000 1.448018 1.327285
 807.000000 1.362760 1.316326
 808.000000 1.382279 1.369145
 809.000000 1.347413 1.412425
 810.000000 1.276486 1.319501
 811.000000 1.358941 1.329845
 812.000000 1.332452 1.347511
 813.000000 1.518805 1.289940
 814.000000 1.449467 1.326855
 815.000000 1.423789 1.379217
 816.000000 1.398857 1.326999
 817.000000 1.402294 1.315676
 818.000000 1.296844 1.346727
 819.000000 1.362438 1.413626
 820.000000 1.453639 1.299081
 821.000000 1.463094 1.383124
 822.000000 1.377642 1.409358
 823.000000 1.418919 1.426536
 824.000000 1.358294 1.302485
 825.000000 1.385490 1.367646
 826.000000 1.405225 1.380087
 827.000000 1.336423 1.364165
 828.000000 1.451408 1.381338
 829.000000 1.354257 1.373007
 830.000000 1.382652 1.247424
 831.000000 1.358071 1.272592
 832.000000 1.318662 1.431548
 833.000000 1.284374 1.363098
 834.000000 1.435318 1.297611
 835.000000 1.415888 1.376491
 836.000000 1.390434 1.386613
 837.000000 1.376389 1.306745
 838.000000 1.277971 1.281017
 839.000000 1.345426 1.284791
 840.000000 1.317893 1.376843
 841.000000 1.406520 1.277527
 842.000000 1.406967 1.377231
 843.000000 1.472439 1.348166
 844.000000 1.409550 1.389419
 845.000000 1.414316 1.273905
 846.000000 1.353382 1.372757
 847.000000 1.354281 1.311828
 848.000000 1.428220 1.357477
 849.000000 1.393445 1.321542
 850.000000 1.435833 1.316477
 851.000000 1.337137 1.321985
 852.000000 1.499744 1.362125
 853.000000 1.419441 1.345987
 854.000000 1.455959 1.282156
 855.000000 1.306698 1.346333
 856.000000 1.384708 1.266804
 857.000000 1.574373 1.228718
 858.000000 1.300554 1.322463
 859.000000 1.420296 1.353220
 860.000000 1.441244 1.321651
 861.000000 1.398660 1.287025
 862.000000 1.427852 1.331524
 863.000000 1.428414 1.340546
 864.000000 1.478813 1.337380
 865.000000 1.432733 1.387784
 866.000000 1.494391 1.257824
 867.000000 1.360701 1.337790
 868.000000 1.338057 1.160481
 869.000000 1.420518 1.324240
 870.000000 1.384823 1.290783
 871.000000 1.384890 1.379304
 872.000000 1.463447 1.181953
 873.000000 1.441990 1.188618
 874.000000 1.554290 1.317542
 875.000000 1.353602 1.306470
 876.000000 1.484516 1.318579
 877.000000 1.474244 1.320190
 878.000000 1.427543 1.346396
 879.000000 1.403541 1.352777
 880.000000 1.449682 1.275488
 881.000000 1.391736 1.258404
 882.000000 1.489221 1.235759
 883.000000 1.450286 1.235169
 884.000000 1.494492 1.292814
 885.000000 1.508774 1.425046
 886.000000 1.484642 1.289609
 887.000000 1.396987 1.243716
 888.000000 1.509263 1.282533
 889.000000 1.435241 1.321977
 890.000000 1.460677 1.291367
 891.000000 1.396771 1.407127
 892.000000 1.432754 1.301538
 893.000000 1.414550 1.212159
 894.000000 1.480173 1.231463
 895.000000 1.435199 1.220398
 896.000000 1.410067 1.288941
 897.000000 1.288945 1.363931
 898.000000 1.387590 1.216462
 899.000000 1.553004 1.327608
 900.000000 1.494354 1.326969
 901.000000 1.485294 1.249756
 902.000000 1.353936 1.364900
 903.000000 1.342307 1.281399
 904.000000 1.491119 1.265902
 905.000000 1.431517 1.292967
 906.000000 1.471463 1.309834
 907.000000 1.416724 1.267619
 908.000000 1.423545 1.280969
 909.000000 1.464586 1.254163
 910.000000 1.453021 1.242092
 911.000000 1.411977 1.296009
 912.000000 1.487390 1.259294
 913.000000 1.452359 1.250685
 914.000000 1.414716 1.178217
 915.000000 1.408479 1.208931
 916.000000 1.403135 1.299663
 917.000000 1.402408 1.331295
 918.000000 1.326283 1.305910
 919.000000 1.372086 1.295529
 920.000000 1.435949 1.315103
 921.000000 1.410273 1.268589
 922.000000 1.393595 1.292245
 923.000000 1.380488 1.371151
 924.000000 1.555227 1.363321
 925.000000 1.462540 1.309600
 926.000000 1.492285 1.341752
 927.000000 1.408177 1.297679
 928.000000 1.509179 1.388958
 929.000000 1.513013 1.294413
 930.000000 1.423733 1.277721
 931.000000 1.431149 1.327647
 932.000000 1.412096 1.317274
 933.000000 1.411708 1.311108
 934.000000 1.418526 1.344518
 935.000000 1.349988 1.314614
 936.000000 1.375686 1.294760
 937.000000 1.433794 1.299468
 938.000000 1.397792 1.328844
 939.000000 1.411737 1.331009
 940.000000 1.368204 1.264419
 941.000000 1.458562 1.301565
 942.000000 1.427015 1.366504
 943.000000 1.492433 1.386578
 944.000000 1.501857 1.313985
 945.000000 1.439647 1.304821
 946.000000 1.487136 1.307071
 947.000000 1.374983 1.259681
 948.000000 1.483796 1.334552
 949.000000 1.394390 1.311921
 950.000000 1.322817 1.231551
 951.000000 1.413165 1.203409
 952.000000 1.432545 1.316629
 953.000000 1.426761 1.370551
 954.000000 1.355611 1.300681
 955.000000 1.453310 1.319264
 956.000000 1.379350 1.215627
 957.000000 1.414340 1.307082
 958.000000 1.520117 1.294911
 959.000000 1.443198 1.345543
 960.000000 1.395137 1.272773
 961.000000 1.510497 1.327228
 962.000000 1.471536 1.253903
 963.000000 1.490439 1.413855
 964.000000 1.430718 1.301012
 965.000000 1.345681 1.355021
 966.000000 1.330375 1.297650
 967.000000 1.410433 1.292605
 968.000000 1.557053 1.322893
 969.000000 1.381319 1.270405
 970.000000 1.373558 1.188068
 971.000000 1.460698 1.217269
 972.000000 1.420161 1.313620
 973.000000 1.529415 1.330217
 974.000000 1.472529 1.304113
 975.000000 1.428180 1.251044
 976.000000 1.405818 1.422758
 977.000000 1.432768 1.260746
 978.000000 1.467812 1.329323
 979.000000 1.450685 1.297050
 980.000000 1.408705 1.259665
 981.000000 1.435716 1.323990
 982.000000 1.408826 1.332468
 983.000000 1.507395 1.301464
 984.000000 1.494904 1.287941
 985.000000 1.605566 1.293734
 986.000000 1.466271 1.328965
 987.000000 1.452268 1.299111
 988.000000 1.394122 1.299363
 989.000000 1.443874 1.274522
 990.000000 1.511587 1.320355
 991.000000 1.557629 1.341264
 992.000000 1.379938 1.325689
 993.000000 1.386877 1.235027
 994.000000 1.413138 1.308210
 995.000000 1.480521 1.252465
 996.000000 1.364647 1.303845
 997.000000 1.469581 1.255521
 998.000000 1.517916 1.292783
 999.000000 1.513416 1.328988
 1000.000000 1.466350 1.368437
 1001.000000 1.358961 1.299211
 1002.000000 1.452935 1.290364
 1003.000000 1.458173 1.334850
 1004.000000 1.461486 1.286356
 1005.000000 1.406563 1.273210
 1006.000000 1.509748 1.398415
 1007.000000 1.419386 1.318409
 1008.000000 1.454069 1.308972
 1009.000000 1.400470 1.284119
 1010.000000 1.429101 1.326698
 1011.000000 1.463516 1.363577
 1012.000000 1.465967 1.319051
 1013.000000 1.460618 1.282298
 1014.000000 1.430574 1.288358
 1015.000000 1.462645 1.279125
 1016.000000 1.576442 1.353542
 1017.000000 1.534721 1.348438
 1018.000000 1.432688 1.266701
 1019.000000 1.348682 1.365087
 1020.000000 1.490470 1.362404
 1021.000000 1.406576 1.304522
 1022.000000 1.530433 1.240487
 1023.000000 1.389139 1.254488
 1024.000000 1.350017 1.251916
 1025.000000 1.436124 1.285851
 1026.000000 1.453830 1.337118
 1027.000000 1.472912 1.308460
 1028.000000 1.359080 1.291400
 1029.000000 1.436971 1.272506
 1030.000000 1.487081 1.343820
 1031.000000 1.436463 1.379398
 1032.000000 1.352074 1.244747
 1033.000000 1.416703 1.324785
 1034.000000 1.471296 1.286134
 1035.000000 1.402883 1.403544
 1036.000000 1.415696 1.317534
 1037.000000 1.537884 1.305918
 1038.000000 1.380693 1.341945
 1039.000000 1.483225 1.289662
 1040.000000 1.396105 1.355925
 1041.000000 1.484109 1.402982
 1042.000000 1.360809 1.350949
 1043.000000 1.505947 1.272457
 1044.000000 1.482058 1.253513
 1045.000000 1.437915 1.320290
 1046.000000 1.411926 1.270841
 1047.000000 1.391038 1.248328
 1048.000000 1.388125 1.357650
 1049.000000 1.439770 1.275249
 1050.000000 1.429350 1.290889
 1051.000000 1.327019 1.229539
 1052.000000 1.406265 1.302633
 1053.000000 1.375482 1.334556
 1054.000000 1.441496 1.242415
 1055.000000 1.401491 1.310877
 1056.000000 1.420078 1.317166
 1057.000000 1.488237 1.351790
 1058.000000 1.543946 1.244591
 1059.000000 1.459348 1.327726
 1060.000000 1.506115 1.365757
 1061.000000 1.621500 1.254710
 1062.000000 1.437825 1.270976
 1063.000000 1.377570 1.273721
 1064.000000 1.329214 1.189345
 1065.000000 1.468368 1.247841
 1066.000000 1.326522 1.222647
 1067.000000 1.405961 1.291183
 1068.000000 1.412672 1.334937
 1069.000000 1.404261 1.346648
 1070.000000 1.411990 1.347382
 1071.000000 1.344398 1.242034
 1072.000000 1.334434 1.397112
 1073.000000 1.434073 1.291197
 1074.000000 1.404117 1.337094
 1075.000000 1.411517 1.289154
 1076.000000 1.357554 1.329846
 1077.000000 1.382399 1.339547
 1078.000000 1.516266 1.347630
 1079.000000 1.536685 1.343955
 1080.000000 1.467473 1.278802
 1081.000000 1.464585 1.335636
 1082.000000 1.440959 1.294681
 1083.000000 1.487377 1.325459
 1084.000000 1.412771 1.244268
 1085.000000 1.431161 1.286704
 1086.000000 1.502616 1.279551
 1087.000000 1.445134 1.215363
 1088.000000 1.391816 1.306939
 1089.000000 1.509616 1.317440
 1090.000000 1.500284 1.289135
 1091.000000 1.413657 1.255007
 1092.000000 1.544861 1.273018
 1093.000000 1.419024 1.268535
 1094.000000 1.471427 1.266267
 1095.000000 1.384625 1.346181
 1096.000000 1.457484 1.379590
 1097.000000 1.458113 1.291388
 1098.000000 1.322974 1.366120
 1099.000000 1.489877 1.323195
 1100.000000 1.344667 1.343630
 1101.000000 1.344838 1.407408
 1102.000000 1.439916 1.381306
 1103.000000 1.502253 1.342668
 1104.000000 1.375948 1.306142
 1105.000000 1.460221 1.414592
 1106.000000 1.487684 1.320011
 1107.000000 1.396309 1.360973
 1108.000000 1.428459 1.225204
 1109.000000 1.508016 1.290184
 1110.000000 1.342097 1.294230
 1111.000000 1.524375 1.438248
 1112.000000 1.351350 1.373048
 1113.000000 1.467287 1.329573
 1114.000000 1.390944 1.340659
 1115.000000 1.412466 1.409790
 1116.000000 1.424734 1.233105
 1117.000000 1.443223 1.349578
 1118.000000 1.480432 1.337037
 1119.000000 1.377343 1.265814
 1120.000000 1.517743 1.414408
 1121.000000 1.447865 1.352437
 1122.000000 1.441315 1.335330
 1123.000000 1.411865 1.223519
 1124.000000 1.407490 1.298738
 1125.000000 1.481952 1.342924
 1126.000000 1.440478 1.360999
 1127.000000 1.435986 1.357432
 1128.000000 1.406697 1.272512
 1129.000000 1.477503 1.315140
 1130.000000 1.473645 1.394427
 1131.000000 1.511814 1.291006
 1132.000000 1.448656 1.327251
 1133.000000 1.403957 1.275755
 1134.000000 1.342063 1.254396
 1135.000000 1.517572 1.319624
 1136.000000 1.380721 1.335486
 1137.000000 1.412633 1.418863
 1138.000000 1.393822 1.290941
 1139.000000 1.389269 1.352979
 1140.000000 1.382115 1.361577
 1141.000000 1.375621 1.371183
 1142.000000 1.474470 1.425769
 1143.000000 1.369983 1.379201
 1144.000000 1.432197 1.390502
 1145.000000 1.381763 1.405444
 1146.000000 1.438474 1.419499
 1147.000000 1.447322 1.227921
 1148.000000 1.503993 1.232065
 1149.000000 1.404643 1.325327
 1150.000000 1.384399 1.333622
 1151.000000 1.286232 1.318473
 1152.000000 1.358672 1.388786
 1153.000000 1.375116 1.294679
 1154.000000 1.389839 1.323676
 1155.000000 1.407045 1.350937
 1156.000000 1.472856 1.298641
 1157.000000 1.369637 1.309239
 1158.000000 1.289005 1.210849
 1159.000000 1.228098 1.349137
 1160.000000 1.327972 1.328414
 1161.000000 1.338605 1.227746
 1162.000000 1.364602 1.284951
 1163.000000 1.461480 1.352802
 1164.000000 1.456686 1.300902
 1165.000000 1.412800 1.275372
 1166.000000 1.451782 1.230889
 1167.000000 1.470207 1.234643
 1168.000000 1.609003 1.268073
 1169.000000 1.509896 1.282656
 1170.000000 1.396365 1.229197
 1171.000000 1.403632 1.265184
 1172.000000 1.364089 1.343007
 1173.000000 1.427914 1.309751
 1174.000000 1.451512 1.335426
 1175.000000 1.498226 1.259243
 1176.000000 1.476055 1.257956
 1177.000000 1.497286 1.162884
 1178.000000 1.473939 1.212507
 1179.000000 1.469073 1.285128
 1180.000000 1.341311 1.282319
 1181.000000 1.505789 1.256122
 1182.000000 1.482482 1.328782
 1183.000000 1.446489 1.299425
 1184.000000 1.366802 1.156038
 1185.000000 1.416991 1.262374
 1186.000000 1.388398 1.276301
 1187.000000 1.336917 1.272200
 1188.000000 1.384202 1.284931
 1189.000000 1.481430 1.262591
 1190.000000 1.533377 1.314177
 1191.000000 1.342089 1.352623
 1192.000000 1.374176 1.338298
 1193.000000 1.308389 1.268598
 1194.000000 1.449412 1.232204
 1195.000000 1.391426 1.266248
 1196.000000 1.274022 1.162007
 1197.000000 1.294476 1.249969
 1198.000000 1.287844 1.333731
 1199.000000 1.382497 1.344630
 1200.000000 1.318149 1.343852
 1201.000000 1.428156 1.320096
 1202.000000 1.426581 1.384149
 1203.000000 1.424305 1.329205
 1204.000000 1.451291 1.375878
 1205.000000 1.477759 1.338733
 1206.000000 1.413957 1.261801
 1207.000000 1.398407 1.318584
 1208.000000 1.397049 1.210841
 1209.000000 1.512872 1.381692
 1210.000000 1.527334 1.346548
 1211.000000 1.431261 1.357305
 1212.000000 1.501157 1.351577
 1213.000000 1.481874 1.422165
 1214.000000 1.482636 1.357855
 1215.000000 1.508849 1.285394
 1216.000000 1.435819 1.378233
 1217.000000 1.390540 1.207773
 1218.000000 1.390452 1.355179
 1219.000000 1.374767 1.275613
 1220.000000 1.548878 1.335613
 1221.000000 1.461948 1.286953
 1222.000000 1.480558 1.344632
 1223.000000 1.494266 1.343010
 1224.000000 1.433802 1.281137
 1225.000000 1.419270 1.342254
 1226.000000 1.371698 1.345476
 1227.000000 1.436134 1.350335
 1228.000000 1.315234 1.298018
 1229.000000 1.386224 1.275812
 1230.000000 1.421232 1.290123
 1231.000000 1.328321 1.290384
 1232.000000 1.476191 1.222885
 1233.000000 1.377338 1.299631
 1234.000000 1.411233 1.271574
 1235.000000 1.496025 1.301959
 1236.000000 1.527161 1.334869
 1237.000000 1.377580 1.384929
 1238.000000 1.246118 1.214326
 1239.000000 1.399380 1.371516
 1240.000000 1.496159 1.338872
 1241.000000 1.316020 1.289667
 1242.000000 1.397309 1.346691
 1243.000000 1.419189 1.322191
 1244.000000 1.463068 1.294648
 1245.000000 1.432687 1.191539
 1246.000000 1.415443 1.327370
 1247.000000 1.416440 1.269599
 1248.000000 1.391651 1.348431
 1249.000000 1.455942 1.328300
 1250.000000 1.376923 1.243536
 1251.000000 1.394625 1.341888
 1252.000000 1.420462 1.290811
 1253.000000 1.379975 1.274937
 1254.000000 1.359724 1.310221
 1255.000000 1.368327 1.311358
 1256.000000 1.457159 1.337457
 1257.000000 1.441917 1.241057
 1258.000000 1.522798 1.262073
 1259.000000 1.482379 1.319349
 1260.000000 1.430387 1.184857
 1261.000000 1.446788 1.303096
 1262.000000 1.378847 1.291630
 1263.000000 1.408216 1.346198
 1264.000000 1.469129 1.221678
 1265.000000 1.401096 1.324466
 1266.000000 1.361400 1.329822
 1267.000000 1.326504 1.263372
 1268.000000 1.438796 1.342538
 1269.000000 1.460381 1.348945
 1270.000000 1.286272 1.264131
 1271.000000 1.300569 1.289266
 1272.000000 1.303639 1.266248
 1273.000000 1.318740 1.292440
 1274.000000 1.459249 1.254047
 1275.000000 1.335603 1.363067
 1276.000000 1.498046 1.230348
 1277.000000 1.399395 1.271990
 1278.000000 1.473920 1.235739
 1279.000000 1.437052 1.387772
 1280.000000 1.441668 1.238475
 1281.000000 1.442383 1.230426
 1282.000000 1.537333 1.250085
 1283.000000 1.472009 1.391314
 1284.000000 1.482015 1.277782
 1285.000000 1.433468 1.347983
 1286.000000 1.495379 1.353607
 1287.000000 1.511291 1.348492
 1288.000000 1.348910 1.339797
 1289.000000 1.563012 1.254293
 1290.000000 1.450071 1.210372
 1291.000000 1.374367 1.280777
 1292.000000 1.501713 1.259232
 1293.000000 1.541028 1.319118
 1294.000000 1.410846 1.306743
 1295.000000 1.473320 1.420282
 1296.000000 1.442625 1.270382
 1297.000000 1.505859 1.254284
 1298.000000 1.472648 1.333918
 1299.000000 1.498267 1.296162
 1300.000000 1.473580 1.303366
 1301.000000 1.497990 1.278746
 1302.000000 1.419163 1.343578
 1303.000000 1.366543 1.250798
 1304.000000 1.453070 1.273479
 1305.000000 1.491696 1.291275
 1306.000000 1.339305 1.290568
 1307.000000 1.496852 1.238346
 1308.000000 1.397071 1.189668
 1309.000000 1.411546 1.239950
 1310.000000 1.413776 1.316727
 1311.000000 1.473168 1.324683
 1312.000000 1.467589 1.291952
 1313.000000 1.423725 1.292345
 1314.000000 1.444644 1.291875
 1315.000000 1.404035 1.337332
 1316.000000 1.463382 1.247215
 1317.000000 1.499698 1.237072
 1318.000000 1.429779 1.209346
 1319.000000 1.423058 1.308914
 1320.000000 1.442228 1.271850
 1321.000000 1.400777 1.342770
 1322.000000 1.479452 1.229732
 1323.000000 1.464117 1.252096
 1324.000000 1.357210 1.267336
 1325.000000 1.438856 1.278498
 1326.000000 1.329227 1.299906
 1327.000000 1.468919 1.286376
 1328.000000 1.385746 1.329877
 1329.000000 1.461690 1.244718
 1330.000000 1.569795 1.275185
 1331.000000 1.478270 1.284232
 1332.000000 1.458161 1.220078
 1333.000000 1.500185 1.331893
 1334.000000 1.520600 1.339709
 1335.000000 1.467972 1.333536
 1336.000000 1.327153 1.357495
 1337.000000 1.444908 1.338798
 1338.000000 1.476023 1.311155
 1339.000000 1.429694 1.424897
 1340.000000 1.474225 1.378009
 1341.000000 1.455118 1.359319
 1342.000000 1.525108 1.398192
 1343.000000 1.500198 1.336809
 1344.000000 1.460113 1.266855
 1345.000000 1.441544 1.433914
 1346.000000 1.457274 1.366775
 1347.000000 1.491719 1.370438
 1348.000000 1.489403 1.361939
 1349.000000 1.484368 1.295545
 1350.000000 1.538117 1.483965
 1351.000000 1.483983 1.360652
 1352.000000 1.465501 1.363899
 1353.000000 1.367025 1.352773
 1354.000000 1.259412 1.352296
 1355.000000 1.462315 1.437009
 1356.000000 1.434545 1.292026
 1357.000000 1.405619 1.313453
 1358.000000 1.479651 1.332043
 1359.000000 1.373428 1.286501
 1360.000000 1.546418 1.312223
 1361.000000 1.373937 1.340175
 1362.000000 1.405833 1.295648
 1363.000000 1.395934 1.240883
 1364.000000 1.414638 1.179038
 1365.000000 1.514698 1.263306
 1366.000000 1.426369 1.342526
 1367.000000 1.451334 1.296471
 1368.000000 1.475624 1.273438
 1369.000000 1.420114 1.326804
 1370.000000 1.508368 1.304617
 1371.000000 1.400275 1.274976
 1372.000000 1.408463 1.270568
 1373.000000 1.432623 1.322189
 1374.000000 1.460722 1.316745
 1375.000000 1.493436 1.285900
 1376.000000 1.476934 1.297709
 1377.000000 1.463645 1.284111
 1378.000000 1.469063 1.309237
 1379.000000 1.460540 1.267988
 1380.000000 1.560927 1.278996
 1381.000000 1.495957 1.330833
 1382.000000 1.456664 1.255586
 1383.000000 1.339938 1.269457
 1384.000000 1.461962 1.353986
 1385.000000 1.555227 1.329793
 1386.000000 1.450609 1.237965
 1387.000000 1.363879 1.307732
 1388.000000 1.501794 1.354544
 1389.000000 1.425938 1.400844
 1390.000000 1.524547 1.242319
 1391.000000 1.389056 1.279409
 1392.000000 1.560271 1.268207
 1393.000000 1.416429 1.412689
 1394.000000 1.388798 1.259532
 1395.000000 1.498894 1.252911
 1396.000000 1.392486 1.322272
 1397.000000 1.590251 1.319279
 1398.000000 1.512313 1.346562
 1399.000000 1.546261 1.256096
 1400.000000 1.441234 1.335581
 1401.000000 1.453492 1.247724
 1402.000000 1.336295 1.368980
 1403.000000 1.503957 1.375233
 1404.000000 1.498928 1.357614
 1405.000000 1.440652 1.284742
 1406.000000 1.406294 1.332008
 1407.000000 1.411117 1.349404
 1408.000000 1.405831 1.325812
 1409.000000 1.492503 1.335099
 1410.000000 1.423639 1.213382
 1411.000000 1.458370 1.318488
 1412.000000 1.463770 1.305012
 1413.000000 1.464150 1.296403
 1414.000000 1.415286 1.283137
 1415.000000 1.475140 1.322407
 1416.000000 1.432930 1.308702
 1417.000000 1.387504 1.374728
 1418.000000 1.325083 1.269076
 1419.000000 1.467988 1.277658
 1420.000000 1.479885 1.305981
 1421.000000 1.422606 1.347886
 1422.000000 1.403560 1.265176
 1423.000000 1.372327 1.318140
 1424.000000 1.338007 1.382229
 1425.000000 1.390925 1.207348
 1426.000000 1.568751 1.239564
 1427.000000 1.466270 1.272622
 1428.000000 1.435173 1.337050
 1429.000000 1.349812 1.301397
 1430.000000 1.362071 1.287082
 1431.000000 1.425123 1.333908
 1432.000000 1.540170 1.343381
 1433.000000 1.351675 1.350135
 1434.000000 1.487478 1.332777
 1435.000000 1.382627 1.366466
 1436.000000 1.465998 1.308470
 1437.000000 1.444947 1.463496
 1438.000000 1.317413 1.375653
 1439.000000 1.452789 1.337150
 1440.000000 1.456930 1.247355
 1441.000000 1.444563 1.464803
 1442.000000 1.399323 1.347311
 1443.000000 1.461790 1.356981
 1444.000000 1.540661 1.314293
 1445.000000 1.529184 1.325671
 1446.000000 1.445577 1.358569
 1447.000000 1.516543 1.312433
 1448.000000 1.479426 1.299437
 1449.000000 1.405016 1.321696
 1450.000000 1.384062 1.359567
 1451.000000 1.310658 1.356224
 1452.000000 1.407792 1.266949
 1453.000000 1.373600 1.336524
 1454.000000 1.323465 1.246397
 1455.000000 1.418782 1.299624
 1456.000000 1.472053 1.332526
 1457.000000 1.443009 1.341255
 1458.000000 1.321426 1.295114
 1459.000000 1.372843 1.318403
 1460.000000 1.372118 1.286240
 1461.000000 1.257551 1.252560
 1462.000000 1.425612 1.396523
 1463.000000 1.391853 1.348950
 1464.000000 1.408035 1.342206
 1465.000000 1.259497 1.360079
 1466.000000 1.342249 1.235992
 1467.000000 1.386771 1.400773
 1468.000000 1.406841 1.351854
 1469.000000 1.482639 1.292546
 1470.000000 1.478356 1.305235
 1471.000000 1.429454 1.314479
 1472.000000 1.415837 1.405075
 1473.000000 1.481030 1.282485
 1474.000000 1.305265 1.296612
 1475.000000 1.500729 1.304246
 1476.000000 1.461039 1.347250
 1477.000000 1.418470 1.332347
 1478.000000 1.423323 1.313507
 1479.000000 1.436034 1.263602
 1480.000000 1.510084 1.272308
 1481.000000 1.382112 1.297042
 1482.000000 1.340474 1.360309
 1483.000000 1.478270 1.358442
 1484.000000 1.408818 1.335319
 1485.000000 1.518716 1.307687
 1486.000000 1.528564 1.450053
 1487.000000 1.494564 1.390084
 1488.000000 1.472979 1.214177
 1489.000000 1.438281 1.281411
 1490.000000 1.461312 1.329268
 1491.000000 1.462250 1.324241
 1492.000000 1.491242 1.256941
 1493.000000 1.396110 1.244332
 1494.000000 1.465383 1.300788
 1495.000000 1.461986 1.166925
 1496.000000 1.462760 1.326380
 1497.000000 1.483974 1.276907
 1498.000000 1.359426 1.379094
 1499.000000 1.361959 1.332643
 1500.000000 1.423618 1.328875
 1501.000000 1.437155 1.319434
 1502.000000 1.503401 1.333114
 1503.000000 1.540206 1.385111
 1504.000000 1.537174 1.373959
 1505.000000 1.449951 1.306923
 1506.000000 1.601133 1.258531
 1507.000000 1.518339 1.250727
 1508.000000 1.461700 1.264644
 1509.000000 1.532365 1.323862
 1510.000000 1.413059 1.410787
 1511.000000 1.469538 1.335638
 1512.000000 1.465302 1.273512
 1513.000000 1.395073 1.381520
 1514.000000 1.491957 1.321860
 1515.000000 1.517907 1.286212
 1516.000000 1.485655 1.359078
 1517.000000 1.421911 1.367184
 1518.000000 1.539734 1.288353
 1519.000000 1.497273 1.426489
 1520.000000 1.478671 1.335868
 1521.000000 1.641082 1.351991
 1522.000000 1.415814 1.409056
 1523.000000 1.545462 1.367137
 1524.000000 1.510800 1.200600
 1525.000000 1.565018 1.326349
 1526.000000 1.475597 1.383939
 1527.000000 1.489823 1.291454
 1528.000000 1.594935 1.291863
 1529.000000 1.464665 1.372607
 1530.000000 1.482250 1.301265
 1531.000000 1.513838 1.386169
 1532.000000 1.439936 1.333347
 1533.000000 1.464297 1.345897
 1534.000000 1.491492 1.330349
 1535.000000 1.586432 1.284806
 1536.000000 1.660955 1.300986
 1537.000000 1.580950 1.329819
 1538.000000 1.470819 1.292498
 1539.000000 1.495177 1.238273
 1540.000000 1.468871 1.276572
 1541.000000 1.526564 1.225695
 1542.000000 1.509553 1.450837
 1543.000000 1.461220 1.377720
 1544.000000 1.499771 1.380436
 1545.000000 1.520949 1.307748
 1546.000000 1.539783 1.352039
 1547.000000 1.361765 1.374478
 1548.000000 1.559053 1.356362
 1549.000000 1.431715 1.335923
 1550.000000 1.432340 1.348969
 1551.000000 1.454988 1.274640
 1552.000000 1.473462 1.300146
 1553.000000 1.431349 1.262501
 1554.000000 1.560896 1.290070
 1555.000000 1.454257 1.377251
 1556.000000 1.614445 1.274551
 1557.000000 1.426177 1.391306
 1558.000000 1.426858 1.335615
 1559.000000 1.541155 1.295899
 1560.000000 1.511502 1.382713
 1561.000000 1.561767 1.305449
 1562.000000 1.368053 1.232981
 1563.000000 1.483744 1.321968
 1564.000000 1.402765 1.281527
 1565.000000 1.485312 1.289516
 1566.000000 1.453137 1.311553
 1567.000000 1.455290 1.354675
 1568.000000 1.423445 1.340028
 1569.000000 1.501992 1.322755
 1570.000000 1.395095 1.284534
 1571.000000 1.464316 1.366433
 1572.000000 1.435743 1.351689
 1573.000000 1.459510 1.327602
 1574.000000 1.430074 1.282977
 1575.000000 1.438130 1.293008
 1576.000000 1.490606 1.342110
 1577.000000 1.411293 1.362305
 1578.000000 1.387831 1.375362
 1579.000000 1.408681 1.321008
 1580.000000 1.366513 1.356809
 1581.000000 1.418496 1.338256
 1582.000000 1.403222 1.363458
 1583.000000 1.420068 1.348425
 1584.000000 1.369498 1.327464
 1585.000000 1.355470 1.334016
 1586.000000 1.332533 1.310744
 1587.000000 1.403270 1.328245
 1588.000000 1.482072 1.284184
 1589.000000 1.363672 1.308309
 1590.000000 1.451430 1.289182
 1591.000000 1.358791 1.365294
 1592.000000 1.419404 1.295401
 1593.000000 1.473296 1.286012
 1594.000000 1.374412 1.299698
 1595.000000 1.464754 1.292562
 1596.000000 1.420862 1.454277
 1597.000000 1.395959 1.351758
 1598.000000 1.527803 1.339955
 1599.000000 1.485525 1.298854
 1600.000000 1.452057 1.222866
 1601.000000 1.449325 1.235116
 1602.000000 1.470402 1.258961
 1603.000000 1.371043 1.148958
 1604.000000 1.403050 1.340833
 1605.000000 1.404483 1.343381
 1606.000000 1.416520 1.341577
 1607.000000 1.285013 1.361638
 1608.000000 1.345416 1.375525
 1609.000000 1.275571 1.332201
 1610.000000 1.400506 1.337808
 1611.000000 1.412110 1.372366
 1612.000000 1.345046 1.341604
 1613.000000 1.243027 1.280517
 1614.000000 1.312447 1.292869
 1615.000000 1.416429 1.400772
 1616.000000 1.447955 1.309121
 1617.000000 1.420981 1.346630
 1618.000000 1.457284 1.310305
 1619.000000 1.382696 1.314707
 1620.000000 1.455739 1.346673
 1621.000000 1.411367 1.357369
 1622.000000 1.453907 1.337302
 1623.000000 1.294878 1.329717
 1624.000000 1.463669 1.386624
 1625.000000 1.430365 1.376296
 1626.000000 1.547636 1.341878
 1627.000000 1.456123 1.349910
 1628.000000 1.411681 1.346346
 1629.000000 1.415566 1.336962
 1630.000000 1.486155 1.309478
 1631.000000 1.489175 1.333615
 1632.000000 1.344248 1.311368
 1633.000000 1.429137 1.277695
 1634.000000 1.430345 1.311089
 1635.000000 1.399862 1.244749
 1636.000000 1.354886 1.321465
 1637.000000 1.426755 1.312704
 1638.000000 1.465535 1.292122
 1639.000000 1.323165 1.231526
 1640.000000 1.358054 1.225571
 1641.000000 1.353207 1.275246
 1642.000000 1.407602 1.228427
 1643.000000 1.373023 1.193715
 1644.000000 1.405106 1.306887
 1645.000000 1.397133 1.321794
 1646.000000 1.457043 1.314826
 1647.000000 1.497876 1.265996
 1648.000000 1.463486 1.268314
 1649.000000 1.472466 1.246220
 1650.000000 1.464953 1.230608
 1651.000000 1.415076 1.341955
 1652.000000 1.471447 1.331347
 1653.000000 1.553291 1.320921
 1654.000000 1.534608 1.272206
 1655.000000 1.548075 1.225735
 1656.000000 1.426342 1.365525
 1657.000000 1.410128 1.349689
 1658.000000 1.414532 1.331103
 1659.000000 1.317633 1.355023
 1660.000000 1.523522 1.346621
 1661.000000 1.454665 1.403239
 1662.000000 1.475734 1.216937
 1663.000000 1.486503 1.364432
 1664.000000 1.504202 1.291642
 1665.000000 1.373320 1.261192
 1666.000000 1.491967 1.352892
 1667.000000 1.466949 1.328489
 1668.000000 1.447330 1.372598
 1669.000000 1.388870 1.291872
 1670.000000 1.448708 1.380597
 1671.000000 1.429479 1.301646
 1672.000000 1.508436 1.282138
 1673.000000 1.434665 1.278585
 1674.000000 1.456704 1.349490
 1675.000000 1.500061 1.282016
 1676.000000 1.467112 1.335723
 1677.000000 1.504128 1.307815
 1678.000000 1.530247 1.358135
 1679.000000 1.531618 1.349088
 1680.000000 1.344567 1.371306
 1681.000000 1.523527 1.354840
 1682.000000 1.493143 1.369142
 1683.000000 1.390041 1.307819
 1684.000000 1.515237 1.399747
 1685.000000 1.525166 1.335588
 1686.000000 1.521582 1.314744
 1687.000000 1.522054 1.259927
 1688.000000 1.396533 1.386112
 1689.000000 1.462122 1.329551
 1690.000000 1.520962 1.323157
 1691.000000 1.433320 1.300140
 1692.000000 1.408090 1.304263
 1693.000000 1.503462 1.376655
 1694.000000 1.379016 1.289404
 1695.000000 1.422031 1.342983
 1696.000000 1.526761 1.333649
 1697.000000 1.494006 1.402819
 1698.000000 1.412372 1.327966
 1699.000000 1.391129 1.413225
 1700.000000 1.398916 1.357128
 1701.000000 1.384707 1.368086
 1702.000000 1.452033 1.453116
 1703.000000 1.535086 1.263484
 1704.000000 1.329495 1.324431
 1705.000000 1.328774 1.322869
 1706.000000 1.453912 1.326794
 1707.000000 1.429274 1.384033
 1708.000000 1.456713 1.342268
 1709.000000 1.364359 1.332149
 1710.000000 1.357354 1.285578
 1711.000000 1.450199 1.383997
 1712.000000 1.506433 1.405554
 1713.000000 1.487880 1.419893
 1714.000000 1.480761 1.388743
 1715.000000 1.525620 1.352330
 1716.000000 1.352476 1.327525
 1717.000000 1.308524 1.369500
 1718.000000 1.449740 1.238572
 1719.000000 1.380610 1.321715
 1720.000000 1.424189 1.349143
 1721.000000 1.348181 1.279427
 1722.000000 1.355313 1.347312
 1723.000000 1.439478 1.476981
 1724.000000 1.467729 1.254241
 1725.000000 1.485065 1.339866
 1726.000000 1.387771 1.288354
 1727.000000 1.436605 1.256628
 1728.000000 1.367316 1.322383
 1729.000000 1.576361 1.365149
 1730.000000 1.392780 1.318084
 1731.000000 1.532956 1.333111
 1732.000000 1.479258 1.302046
 1733.000000 1.451523 1.367841
 1734.000000 1.454702 1.434103
 1735.000000 1.583295 1.288103
 1736.000000 1.464154 1.313369
 1737.000000 1.460553 1.266589
 1738.000000 1.357539 1.415586
 1739.000000 1.495117 1.241743
 1740.000000 1.523134 1.258465
 1741.000000 1.533884 1.341288
 1742.000000 1.517440 1.350160
 1743.000000 1.527416 1.271108
 1744.000000 1.439885 1.339083
 1745.000000 1.450940 1.342567
 1746.000000 1.540819 1.317282
 1747.000000 1.573360 1.321965
 1748.000000 1.478611 1.302358
 1749.000000 1.641785 1.338557
 1750.000000 1.455679 1.314216
 1751.000000 1.539228 1.349191
 1752.000000 1.408756 1.368902
 1753.000000 1.543077 1.315864
 1754.000000 1.571149 1.330247
 1755.000000 1.558181 1.367796
 1756.000000 1.429218 1.299097
 1757.000000 1.549172 1.300181
 1758.000000 1.314501 1.308996
 1759.000000 1.512405 1.316567
 1760.000000 1.359833 1.337665
 1761.000000 1.314463 1.298122
 1762.000000 1.374770 1.197224
 1763.000000 1.525589 1.287610
 1764.000000 1.432128 1.353705
 1765.000000 1.540625 1.276296
 1766.000000 1.479421 1.270160
 1767.000000 1.346445 1.262959
 1768.000000 1.475771 1.328882
 1769.000000 1.590254 1.328735
 1770.000000 1.534526 1.364567
 1771.000000 1.473658 1.223750
 1772.000000 1.426518 1.274843
 1773.000000 1.451256 1.347064
 1774.000000 1.487964 1.259382
 1775.000000 1.429367 1.258694
 1776.000000 1.544009 1.206452
 1777.000000 1.509673 1.244246
 1778.000000 1.501279 1.263575
 1779.000000 1.392856 1.297922
 1780.000000 1.515496 1.340385
 1781.000000 1.462682 1.246796
 1782.000000 1.475664 1.325793
 1783.000000 1.556072 1.294439
 1784.000000 1.471052 1.318234
 1785.000000 1.486294 1.339562
 1786.000000 1.458459 1.313855
 1787.000000 1.531114 1.253907
 1788.000000 1.434225 1.365359
 1789.000000 1.474185 1.370583
 1790.000000 1.397792 1.393592
 1791.000000 1.479623 1.295809
 1792.000000 1.395785 1.338299
 1793.000000 1.500252 1.256978
 1794.000000 1.473223 1.259502
 1795.000000 1.494999 1.266886
 1796.000000 1.525981 1.264957
 1797.000000 1.480377 1.405661
 1798.000000 1.449776 1.360647
 1799.000000 1.458857 1.327519
 1800.000000 1.511582 1.360584
 1801.000000 1.379177 1.376482
 1802.000000 1.526329 1.377592
 1803.000000 1.522923 1.396959
 1804.000000 1.482486 1.302243
 1805.000000 1.502995 1.373814
 1806.000000 1.535536 1.360861
 1807.000000 1.464678 1.218461
 1808.000000 1.523528 1.325182
 1809.000000 1.477932 1.302899
 1810.000000 1.444766 1.402939
 1811.000000 1.494465 1.304313
 1812.000000 1.574319 1.251571
 1813.000000 1.482661 1.264949
 1814.000000 1.317996 1.373117
 1815.000000 1.454055 1.398086
 1816.000000 1.404766 1.378971
 1817.000000 1.376521 1.262616
 1818.000000 1.427771 1.330287
 1819.000000 1.466894 1.340509
 1820.000000 1.375288 1.286108
 1821.000000 1.501116 1.454078
 1822.000000 1.461746 1.319694
 1823.000000 1.445876 1.295926
 1824.000000 1.512214 1.281096
 1825.000000 1.508011 1.429517
 1826.000000 1.459471 1.349073
 1827.000000 1.503901 1.372457
 1828.000000 1.470035 1.363554
 1829.000000 1.434603 1.372228
 1830.000000 1.388235 1.310000
 1831.000000 1.539221 1.347236
 1832.000000 1.376486 1.265938
 1833.000000 1.506973 1.300130
 1834.000000 1.388915 1.332253
 1835.000000 1.387022 1.303337
 1836.000000 1.568195 1.266767
 1837.000000 1.438112 1.383272
 1838.000000 1.456484 1.333899
 1839.000000 1.549698 1.250528
 1840.000000 1.546936 1.251042
 1841.000000 1.473954 1.332008
 1842.000000 1.461075 1.273910
 1843.000000 1.500052 1.278356
 1844.000000 1.503344 1.338804
 1845.000000 1.557477 1.338512
 1846.000000 1.433743 1.297257
 1847.000000 1.424775 1.231521
 1848.000000 1.534239 1.296906
 1849.000000 1.439077 1.255690
 1850.000000 1.390404 1.216328
 1851.000000 1.483151 1.342602
 1852.000000 1.421232 1.270671
 1853.000000 1.440507 1.338863
 1854.000000 1.400555 1.251018
 1855.000000 1.436452 1.275185
 1856.000000 1.528637 1.355961
 1857.000000 1.496917 1.354446
 1858.000000 1.389255 1.287761
 1859.000000 1.459364 1.258589
 1860.000000 1.520756 1.353558
 1861.000000 1.560603 1.204959
 1862.000000 1.564339 1.282971
 1863.000000 1.410384 1.240218
 1864.000000 1.627221 1.275023
 1865.000000 1.538048 1.325780
 1866.000000 1.530963 1.253570
 1867.000000 1.458054 1.264192
 1868.000000 1.464575 1.231476
 1869.000000 1.426261 1.395524
 1870.000000 1.419478 1.315203
 1871.000000 1.403853 1.270434
 1872.000000 1.515406 1.357838
 1873.000000 1.501441 1.302192
 1874.000000 1.440185 1.342451
 1875.000000 1.497263 1.253936
 1876.000000 1.490831 1.310606
 1877.000000 1.515580 1.368926
 1878.000000 1.378632 1.288786
 1879.000000 1.489638 1.258666
 1880.000000 1.441110 1.269219
 1881.000000 1.481300 1.210764
 1882.000000 1.424750 1.316494
 1883.000000 1.402605 1.334060
 1884.000000 1.470596 1.233795
 1885.000000 1.487558 1.296742
 1886.000000 1.522800 1.240346
 1887.000000 1.396547 1.307739
 1888.000000 1.528177 1.254200
 1889.000000 1.487179 1.232913
 1890.000000 1.413236 1.321079
 1891.000000 1.371589 1.241797
 1892.000000 1.453359 1.379220
 1893.000000 1.498395 1.304746
 1894.000000 1.433910 1.322170
 1895.000000 1.467545 1.272197
 1896.000000 1.464125 1.317575
 1897.000000 1.466285 1.325548
 1898.000000 1.489410 1.289066
 1899.000000 1.527337 1.195421
 1900.000000 1.457443 1.250719
 1901.000000 1.464240 1.207969
 1902.000000 1.550091 1.292556
 1903.000000 1.444754 1.321374
 1904.000000 1.486122 1.274173
 1905.000000 1.422594 1.433714
 1906.000000 1.512637 1.209875
 1907.000000 1.438642 1.226948
 1908.000000 1.542243 1.244021
 1909.000000 1.436207 1.277433
 1910.000000 1.490529 1.234801
 1911.000000 1.452173 1.234320
 1912.000000 1.431890 1.357108
 1913.000000 1.486765 1.317395
 1914.000000 1.490054 1.350117
 1915.000000 1.399448 1.294106
 1916.000000 1.456910 1.410810
 1917.000000 1.463875 1.305634
 1918.000000 1.412890 1.274677
 1919.000000 1.468447 1.415340
 1920.000000 1.548130 1.319985
 1921.000000 1.401506 1.241122
 1922.000000 1.452405 1.218748
 1923.000000 1.410427 1.271453
 1924.000000 1.463356 1.174326
 1925.000000 1.470731 1.346796
 1926.000000 1.385824 1.227487
 1927.000000 1.453999 1.396084
 1928.000000 1.465827 1.338946
 1929.000000 1.540433 1.265394
 1930.000000 1.540954 1.349143
 1931.000000 1.380999 1.359754
 1932.000000 1.486039 1.312404
 1933.000000 1.492135 1.282973
 1934.000000 1.511858 1.369015
 1935.000000 1.426670 1.287986
 1936.000000 1.432518 1.375343
 1937.000000 1.345928 1.297677
 1938.000000 1.498924 1.292738
 1939.000000 1.401051 1.282108
 1940.000000 1.454226 1.231075
 1941.000000 1.501381 1.344219
 1942.000000 1.442477 1.356659
 1943.000000 1.476634 1.380303
 1944.000000 1.437648 1.351979
 1945.000000 1.428990 1.298482
 1946.000000 1.422272 1.265471
 1947.000000 1.449696 1.299393
 1948.000000 1.425951 1.289680
 1949.000000 1.487584 1.280343
 1950.000000 1.284551 1.196172
 1951.000000 1.382469 1.263188
 1952.000000 1.555444 1.280723
 1953.000000 1.465117 1.248614
 1954.000000 1.465191 1.216127
 1955.000000 1.488257 1.301190
 1956.000000 1.448366 1.307465
 1957.000000 1.439533 1.393668
 1958.000000 1.417291 1.305232
 1959.000000 1.523336 1.372891
 1960.000000 1.380729 1.238579
 1961.000000 1.411868 1.293491
 1962.000000 1.536085 1.223021
 1963.000000 1.583012 1.246727
 1964.000000 1.470540 1.327312
 1965.000000 1.544544 1.316368
 1966.000000 1.600404 1.389076
 1967.000000 1.533587 1.395716
 1968.000000 1.582432 1.392681
 1969.000000 1.535547 1.312123
 1970.000000 1.490441 1.280992
 1971.000000 1.461877 1.367057
 1972.000000 1.487876 1.296203
 1973.000000 1.560816 1.297526
 1974.000000 1.498482 1.347399
 1975.000000 1.465350 1.279728
 1976.000000 1.526381 1.289132
 1977.000000 1.502140 1.323352
 1978.000000 1.530375 1.282287
 1979.000000 1.521483 1.276636
 1980.000000 1.447176 1.326265
 1981.000000 1.519937 1.367641
 1982.000000 1.553162 1.410247
 1983.000000 1.465227 1.333165
 1984.000000 1.492586 1.275334
 1985.000000 1.478614 1.331075
 1986.000000 1.479616 1.381100
 1987.000000 1.383639 1.344702
 1988.000000 1.447376 1.340150
 1989.000000 1.423821 1.333204
 1990.000000 1.507429 1.339839
 1991.000000 1.454555 1.403888
 1992.000000 1.384004 1.238140
 1993.000000 1.543594 1.326575
 1994.000000 1.513725 1.405435
 1995.000000 1.468520 1.376179
 1996.000000 1.482549 1.374434
 1997.000000 1.447706 1.272383
 1998.000000 1.485684 1.337994
 1999.000000 1.423377 1.186966
 2000.000000 1.457858 1.240129
 2001.000000 1.439765 1.370572
 2002.000000 1.412070 1.427929
 2003.000000 1.423677 1.294905
 2004.000000 1.491904 1.309544
 2005.000000 1.589079 1.333088
 2006.000000 1.576757 1.305061
 2007.000000 1.508992 1.383569
 2008.000000 1.474253 1.360949
 2009.000000 1.420221 1.303161
 2010.000000 1.566386 1.375504
 2011.000000 1.501466 1.336604
 2012.000000 1.482191 1.323272
 2013.000000 1.463500 1.333134
 2014.000000 1.515496 1.177340
 2015.000000 1.441167 1.231121
 2016.000000 1.427351 1.310534
 2017.000000 1.472222 1.312576
 2018.000000 1.349528 1.285688
 2019.000000 1.486818 1.291215
 2020.000000 1.429348 1.178579
 2021.000000 1.463863 1.340963
 2022.000000 1.599488 1.231211
 2023.000000 1.460649 1.245932
 2024.000000 1.481585 1.279327
 2025.000000 1.406246 1.320651
 2026.000000 1.386394 1.319537
 2027.000000 1.404317 1.354797
 2028.000000 1.456374 1.287505
 2029.000000 1.369344 1.296079
 2030.000000 1.445576 1.213934
 2031.000000 1.477913 1.287408
 2032.000000 1.388347 1.324517
 2033.000000 1.484538 1.344480
 2034.000000 1.467312 1.260036
 2035.000000 1.372061 1.290946
 2036.000000 1.360716 1.232020
 2037.000000 1.474710 1.248942
 2038.000000 1.512762 1.379778
 2039.000000 1.469706 1.310226
 2040.000000 1.448775 1.345070
 2041.000000 1.445576 1.370406
 2042.000000 1.547285 1.272955
 2043.000000 1.512651 1.268314
 2044.000000 1.589440 1.260816
 2045.000000 1.490164 1.290905
 2046.000000 1.430690 1.425103
 2047.000000 1.465383 1.304729
 2048.000000 1.424925 1.404569
 2049.000000 1.424288 1.356279
 2050.000000 1.481236 1.304661
 2051.000000 1.498386 1.341698
 2052.000000 1.562074 1.287582
 2053.000000 1.509787 1.243698
 2054.000000 1.438100 1.321646
 2055.000000 1.415511 1.274959
 2056.000000 1.441749 1.317600
 2057.000000 1.372753 1.331678
 2058.000000 1.482556 1.350912
 2059.000000 1.474606 1.278617
 2060.000000 1.425310 1.308356
 2061.000000 1.388915 1.315169
 2062.000000 1.344217 1.299031
 2063.000000 1.643489 1.320492
 2064.000000 1.440996 1.414402
 2065.000000 1.433449 1.360781
 2066.000000 1.461185 1.459086
 2067.000000 1.549512 1.335201
 2068.000000 1.380962 1.283456
 2069.000000 1.530502 1.242572
 2070.000000 1.566041 1.332406
 2071.000000 1.529669 1.266637
 2072.000000 1.539044 1.297363
 2073.000000 1.461633 1.265106
 2074.000000 1.498664 1.249294
 2075.000000 1.529117 1.292604
 2076.000000 1.527497 1.294968
 2077.000000 1.456406 1.271292
 2078.000000 1.578008 1.232233
 2079.000000 1.529764 1.242684
 2080.000000 1.490034 1.262390
 2081.000000 1.463072 1.307786
 2082.000000 1.523328 1.382165
 2083.000000 1.506964 1.257858
 2084.000000 1.517040 1.311177
 2085.000000 1.454927 1.396408
 2086.000000 1.397279 1.328270
 2087.000000 1.419525 1.272103
 2088.000000 1.485387 1.283498
 2089.000000 1.486459 1.245149
 2090.000000 1.447262 1.391497
 2091.000000 1.468135 1.245834
 2092.000000 1.395057 1.226778
 2093.000000 1.482675 1.206022
 2094.000000 1.390420 1.120503
 2095.000000 1.383489 1.176521
 2096.000000 1.411230 1.233745
 2097.000000 1.483774 1.227839
 2098.000000 1.461571 1.383134
 2099.000000 1.425783 1.339006
 2100.000000 1.355773 1.305695
 2101.000000 1.435854 1.289407
 2102.000000 1.509779 1.228598
 2103.000000 1.464538 1.278265
 2104.000000 1.455609 1.352256
 2105.000000 1.455972 1.314201
 2106.000000 1.518317 1.324392
 2107.000000 1.605791 1.398279
 2108.000000 1.522467 1.233361
 2109.000000 1.498351 1.292746
 2110.000000 1.405126 1.296897
 2111.000000 1.457954 1.286676
 2112.000000 1.513132 1.328233
 2113.000000 1.475927 1.308872
 2114.000000 1.420228 1.258927
 2115.000000 1.414095 1.314777
 2116.000000 1.412699 1.320210
 2117.000000 1.492383 1.245959
 2118.000000 1.466563 1.227363
 2119.000000 1.312501 1.317408
 2120.000000 1.342643 1.250124
 2121.000000 1.267620 1.318965
 2122.000000 1.405009 1.361809
 2123.000000 1.392417 1.307518
 2124.000000 1.395983 1.362384
 2125.000000 1.419198 1.338700
 2126.000000 1.370546 1.319449
 2127.000000 1.471560 1.292073
 2128.000000 1.441635 1.358815
 2129.000000 1.445285 1.317864
 2130.000000 1.407549 1.323598
 2131.000000 1.452050 1.315726
 2132.000000 1.374206 1.272537
 2133.000000 1.413896 1.262117
 2134.000000 1.320674 1.291230
 2135.000000 1.566353 1.286282
 2136.000000 1.448552 1.355721
 2137.000000 1.393138 1.322712
 2138.000000 1.462311 1.397975
 2139.000000 1.524080 1.348879
 2140.000000 1.459080 1.273026
 2141.000000 1.394275 1.341157
 2142.000000 1.433943 1.382868
 2143.000000 1.524656 1.401447
 2144.000000 1.506194 1.296616
 2145.000000 1.346001 1.210241
 2146.000000 1.499419 1.189472
 2147.000000 1.443534 1.239670
 2148.000000 1.513940 1.256370
 2149.000000 1.512301 1.157547
 2150.000000 1.369166 1.301768
 2151.000000 1.420918 1.303996
 2152.000000 1.441150 1.293114
 2153.000000 1.339418 1.372709
 2154.000000 1.455112 1.236520
 2155.000000 1.358063 1.245964
 2156.000000 1.451237 1.285692
 2157.000000 1.377806 1.272738
 2158.000000 1.403697 1.270471
 2159.000000 1.382348 1.355926
 2160.000000 1.420445 1.290578
 2161.000000 1.416075 1.224017
 2162.000000 1.487801 1.316444
 2163.000000 1.227857 1.320415
 2164.000000 1.436768 1.267902
 2165.000000 1.408983 1.359242
 2166.000000 1.385760 1.275119
 2167.000000 1.432995 1.306658
 2168.000000 1.412475 1.417363
 2169.000000 1.424061 1.348210
 2170.000000 1.488183 1.230382
 2171.000000 1.405868 1.317394
 2172.000000 1.454886 1.325487
 2173.000000 1.415959 1.318310
 2174.000000 1.427235 1.300066
 2175.000000 1.440541 1.300594
 2176.000000 1.397540 1.278818
 2177.000000 1.379689 1.210294
 2178.000000 1.387387 1.317930
 2179.000000 1.434165 1.355391
 2180.000000 1.361063 1.368635
 2181.000000 1.452402 1.396186
 2182.000000 1.363445 1.327435
 2183.000000 1.477940 1.300491
 2184.000000 1.461257 1.371747
 2185.000000 1.473087 1.266582
 2186.000000 1.491958 1.356542
 2187.000000 1.465392 1.279159
 2188.000000 1.438432 1.227822
 2189.000000 1.352293 1.323442
 2190.000000 1.410139 1.358274
 2191.000000 1.385558 1.332631
 2192.000000 1.536823 1.323512
 2193.000000 1.473491 1.291803
 2194.000000 1.483118 1.184105
 2195.000000 1.551856 1.259635
 2196.000000 1.595561 1.297533
 2197.000000 1.572169 1.289989
 2198.000000 1.505057 1.305321
 2199.000000 1.413117 1.269049
 2200.000000 1.535403 1.193791
 2201.000000 1.412710 1.357913
 2202.000000 1.469556 1.302668
 2203.000000 1.488677 1.308015
 2204.000000 1.459895 1.401006
 2205.000000 1.483448 1.380605
 2206.000000 1.471313 1.293967
 2207.000000 1.559535 1.283256
 2208.000000 1.399598 1.253411
 2209.000000 1.472886 1.228516
 2210.000000 1.546988 1.366733
 2211.000000 1.418959 1.335467
 2212.000000 1.418429 1.293385
 2213.000000 1.459224 1.212954
 2214.000000 1.431618 1.353817
 2215.000000 1.528148 1.373428
 2216.000000 1.512962 1.357712
 2217.000000 1.611808 1.302782
 2218.000000 1.449653 1.335554
 2219.000000 1.429636 1.295913
 2220.000000 1.599413 1.239392
 2221.000000 1.508504 1.378740
 2222.000000 1.452553 1.295669
 2223.000000 1.530874 1.362283
 2224.000000 1.470404 1.370330
 2225.000000 1.499146 1.284083
 2226.000000 1.403240 1.388826
 2227.000000 1.505911 1.264169
 2228.000000 1.507914 1.236356
 2229.000000 1.510438 1.400155
 2230.000000 1.506900 1.371346
 2231.000000 1.441906 1.233650
 2232.000000 1.474727 1.288757
 2233.000000 1.386462 1.338126
 2234.000000 1.443936 1.304248
 2235.000000 1.498727 1.260612
 2236.000000 1.387591 1.308230
 2237.000000 1.456198 1.279541
 2238.000000 1.465211 1.319211
 2239.000000 1.474247 1.376768
 2240.000000 1.479161 1.355622
 2241.000000 1.404709 1.396198
 2242.000000 1.521779 1.330778
 2243.000000 1.360210 1.338395
 2244.000000 1.400861 1.304195
 2245.000000 1.458000 1.369710
 2246.000000 1.427509 1.322282
 2247.000000 1.507518 1.336057
 2248.000000 1.443669 1.289325
 2249.000000 1.389854 1.286398
 2250.000000 1.429411 1.454558
 2251.000000 1.450421 1.323168
 2252.000000 1.562328 1.305752
 2253.000000 1.429024 1.320000
 2254.000000 1.460857 1.370761
 2255.000000 1.443770 1.275879
 2256.000000 1.483864 1.323331
 2257.000000 1.426947 1.306532
 2258.000000 1.495517 1.341196
 2259.000000 1.479247 1.357013
 2260.000000 1.471574 1.375775
 2261.000000 1.598714 1.242773
 2262.000000 1.483078 1.317780
 2263.000000 1.396392 1.428127
 2264.000000 1.471099 1.338465
 2265.000000 1.495457 1.290103
 2266.000000 1.297065 1.306855
 2267.000000 1.376005 1.368447
 2268.000000 1.464190 1.352011
 2269.000000 1.458537 1.308739
 2270.000000 1.410451 1.250282
 2271.000000 1.380911 1.436899
 2272.000000 1.446040 1.355044
 2273.000000 1.429892 1.407938
 2274.000000 1.577192 1.384787
 2275.000000 1.464679 1.425289
 2276.000000 1.477279 1.485415
 2277.000000 1.492170 1.362488
 2278.000000 1.354088 1.273357
 2279.000000 1.454575 1.215840
 2280.000000 1.454752 1.387006
 2281.000000 1.442123 1.329414
 2282.000000 1.487358 1.269164
 2283.000000 1.477772 1.332613
 2284.000000 1.511919 1.336091
 2285.000000 1.429481 1.423917
 2286.000000 1.478267 1.292089
 2287.000000 1.497960 1.417467
 2288.000000 1.492159 1.386589
 2289.000000 1.484946 1.234907
 2290.000000 1.426158 1.320316
 2291.000000 1.444218 1.305185
 2292.000000 1.401409 1.428632
 2293.000000 1.422212 1.371339
 2294.000000 1.490000 1.343846
 2295.000000 1.423037 1.359428
 2296.000000 1.453429 1.430059
 2297.000000 1.434233 1.390026
 2298.000000 1.489604 1.369773
 2299.000000 1.351454 1.314698
 2300.000000 1.514591 1.242268
 2301.000000 1.442538 1.337744
 2302.000000 1.508475 1.315965
 2303.000000 1.446124 1.283774
 2304.000000 1.393164 1.308643
 2305.000000 1.552446 1.326652
 2306.000000 1.480904 1.287607
 2307.000000 1.462356 1.341684
 2308.000000 1.451753 1.323211
 2309.000000 1.385792 1.261942
 2310.000000 1.499362 1.283509
 2311.000000 1.430938 1.409641
 2312.000000 1.471822 1.239198
 2313.000000 1.501286 1.274633
 2314.000000 1.354765 1.234414
 2315.000000 1.465297 1.264761
 2316.000000 1.391936 1.289378
 2317.000000 1.466905 1.305672
 2318.000000 1.357482 1.212724
 2319.000000 1.403578 1.394405
 2320.000000 1.456115 1.257407
 2321.000000 1.456410 1.283764
 2322.000000 1.497717 1.329643
 2323.000000 1.452635 1.378127
 2324.000000 1.436971 1.350008
 2325.000000 1.434251 1.229778
 2326.000000 1.357001 1.186378
 2327.000000 1.436870 1.270085
 2328.000000 1.361077 1.402210
 2329.000000 1.404613 1.304597
 2330.000000 1.402470 1.336195
 2331.000000 1.451729 1.297306
 2332.000000 1.417877 1.344358
 2333.000000 1.382260 1.300788
 2334.000000 1.302772 1.270012
 2335.000000 1.316998 1.219650
 2336.000000 1.448382 1.348713
 2337.000000 1.360121 1.323415
 2338.000000 1.534303 1.269586
 2339.000000 1.323703 1.385983
 2340.000000 1.339324 1.224982
 2341.000000 1.345673 1.197957
 2342.000000 1.452163 1.218824
 2343.000000 1.455366 1.185007
 2344.000000 1.499508 1.266076
 2345.000000 1.386077 1.201853
 2346.000000 1.407273 1.113102
 2347.000000 1.473069 1.215932
 2348.000000 1.470949 1.178252
 2349.000000 1.419884 1.185522
 2350.000000 1.467916 1.205947
 2351.000000 1.490658 1.299714
 2352.000000 1.473536 1.252929
 2353.000000 1.467034 1.200062
 2354.000000 1.329971 1.175626
 2355.000000 1.546937 1.166332
 2356.000000 1.540409 1.254357
 2357.000000 1.467041 1.232705
 2358.000000 1.382329 1.269655
 2359.000000 1.496366 1.248618
 2360.000000 1.437631 1.258578
 2361.000000 1.520137 1.268939
 2362.000000 1.547222 1.335555
 2363.000000 1.517873 1.303720
 2364.000000 1.485285 1.369002
 2365.000000 1.533484 1.230424
 2366.000000 1.491414 1.279007
 2367.000000 1.402553 1.276956
 2368.000000 1.468006 1.202681
 2369.000000 1.546346 1.282510
 2370.000000 1.496851 1.220533
 2371.000000 1.531858 1.317540
 2372.000000 1.412152 1.264443
 2373.000000 1.459902 1.308025
 2374.000000 1.550661 1.282638
 2375.000000 1.524087 1.400515
 2376.000000 1.485158 1.295516
 2377.000000 1.540706 1.330363
 2378.000000 1.458654 1.312019
 2379.000000 1.435544 1.355598
 2380.000000 1.324220 1.385150
 2381.000000 1.521476 1.252213
 2382.000000 1.505289 1.284139
 2383.000000 1.475047 1.342097
 2384.000000 1.549901 1.307890
 2385.000000 1.452750 1.371251
 2386.000000 1.433768 1.361347
 2387.000000 1.400752 1.297085
 2388.000000 1.549409 1.406717
 2389.000000 1.407848 1.376890
 2390.000000 1.383139 1.371434
 2391.000000 1.465577 1.391064
 2392.000000 1.424867 1.418518
 2393.000000 1.394727 1.413691
 2394.000000 1.535014 1.446674
 2395.000000 1.482521 1.288239
 2396.000000 1.432093 1.383247
 2397.000000 1.568680 1.304988
 2398.000000 1.557588 1.260414
 2399.000000 1.519483 1.304223
 2400.000000 1.594155 1.239595
 2401.000000 1.591423 1.256453
 2402.000000 1.564294 1.427451
 2403.000000 1.567789 1.314900
 2404.000000 1.607848 1.269567
 2405.000000 1.597808 1.369512
 2406.000000 1.534143 1.292389
 2407.000000 1.481771 1.283939
 2408.000000 1.568413 1.333152
 2409.000000 1.513873 1.367256
 2410.000000 1.351803 1.373389
 2411.000000 1.405290 1.326778
 2412.000000 1.449249 1.325822
 2413.000000 1.453774 1.320388
 2414.000000 1.495863 1.349702
 2415.000000 1.464119 1.335306
 2416.000000 1.425605 1.327878
 2417.000000 1.422722 1.311804
 2418.000000 1.428367 1.366786
 2419.000000 1.360476 1.387044
 2420.000000 1.419981 1.406437
 2421.000000 1.486072 1.328894
 2422.000000 1.462308 1.314682
 2423.000000 1.541782 1.297623
 2424.000000 1.555806 1.247681
 2425.000000 1.393057 1.275581
 2426.000000 1.414756 1.438375
 2427.000000 1.406864 1.258615
 2428.000000 1.501010 1.251337
 2429.000000 1.382819 1.324786
 2430.000000 1.509679 1.219725
 2431.000000 1.441693 1.419208
 2432.000000 1.418100 1.254551
 2433.000000 1.406984 1.333793
 2434.000000 1.467389 1.358016
 2435.000000 1.548263 1.358077
 2436.000000 1.463953 1.349321
 2437.000000 1.489781 1.327633
 2438.000000 1.523808 1.311470
 2439.000000 1.501839 1.376916
 2440.000000 1.441047 1.361527
 2441.000000 1.404323 1.381652
 2442.000000 1.484447 1.377626
 2443.000000 1.534922 1.329311
 2444.000000 1.428890 1.403548
 2445.000000 1.486489 1.364552
 2446.000000 1.460351 1.284944
 2447.000000 1.444767 1.333110
 2448.000000 1.484090 1.375427
 2449.000000 1.528684 1.233553
 2450.000000 1.394515 1.299032
 2451.000000 1.517498 1.300955
 2452.000000 1.477653 1.322229
 2453.000000 1.487195 1.258961
 2454.000000 1.487161 1.221770
 2455.000000 1.480345 1.346432
 2456.000000 1.550795 1.374887
 2457.000000 1.568642 1.366067
 2458.000000 1.504489 1.436697
 2459.000000 1.455840 1.408713
 2460.000000 1.585191 1.374539
 2461.000000 1.491350 1.455035
 2462.000000 1.437947 1.357996
 2463.000000 1.356874 1.388581
 2464.000000 1.359112 1.190007
 2465.000000 1.451818 1.351354
 2466.000000 1.482875 1.436580
 2467.000000 1.483145 1.292449
 2468.000000 1.487362 1.327702
 2469.000000 1.500824 1.344000
 2470.000000 1.495373 1.293892
 2471.000000 1.435111 1.396257
 2472.000000 1.375156 1.340320
 2473.000000 1.423352 1.372368
 2474.000000 1.448490 1.359099
 2475.000000 1.537891 1.305783
 2476.000000 1.550886 1.381054
 2477.000000 1.444363 1.371363
 2478.000000 1.423513 1.282790
 2479.000000 1.582961 1.249924
 2480.000000 1.569554 1.327700
 2481.000000 1.476273 1.340861
 2482.000000 1.541921 1.351444
 2483.000000 1.458575 1.377361
 2484.000000 1.454539 1.403983
 2485.000000 1.525428 1.370195
 2486.000000 1.465962 1.456905
 2487.000000 1.482089 1.341432
 2488.000000 1.399675 1.345242
 2489.000000 1.414555 1.358940
 2490.000000 1.398683 1.342300
 2491.000000 1.406259 1.361772
 2492.000000 1.511319 1.365235
 2493.000000 1.466846 1.271453
 2494.000000 1.422668 1.286746
 2495.000000 1.366751 1.351131
 2496.000000 1.405978 1.273062
 2497.000000 1.457296 1.388667
 2498.000000 1.416969 1.408875
 2499.000000 1.449342 1.308902
 2500.000000 1.524408 1.360816
