#! FIELDS time pd_137_140 diff
 0.000000 0.998750 -0.291199
 1.000000 1.023395 -0.342783
 2.000000 1.075860 -0.383762
 3.000000 1.052096 -0.271641
 4.000000 0.984719 -0.366401
 5.000000 1.013090 -0.416587
 6.000000 1.020856 -0.384874
 7.000000 0.990729 -0.339770
 8.000000 1.020082 -0.387876
 9.000000 1.053077 -0.407048
 10.000000 1.062129 -0.214240
 11.000000 1.060681 -0.359026
 12.000000 1.101237 -0.276646
 13.000000 1.149091 -0.374363
 14.000000 1.079647 -0.305890
 15.000000 1.057841 -0.332382
 16.000000 1.121536 -0.319140
 17.000000 1.078061 -0.293298
 18.000000 1.103495 -0.272423
 19.000000 0.954753 -0.301191
 20.000000 1.169950 -0.287947
 21.000000 1.056518 -0.349490
 22.000000 1.074052 -0.379698
 23.000000 1.050277 -0.335572
 24.000000 1.126019 -0.263239
 25.000000 1.092393 -0.325596
 26.000000 0.966113 -0.347362
 27.000000 1.133896 -0.318235
 28.000000 1.096839 -0.328575
 29.000000 1.091625 -0.358371
 30.000000 1.063708 -0.306257
 31.000000 0.924894 -0.415686
 32.000000 1.105789 -0.227134
 33.000000 1.004008 -0.335746
 34.000000 1.058803 -0.297479
 35.000000 1.171104 -0.361987
 36.000000 1.136803 -0.326248
 37.000000 1.208442 -0.337866
 38.000000 1.030191 -0.321710
 39.000000 1.058554 -0.333735
 40.000000 1.066779 -0.325974
 41.000000 1.110486 -0.360787
 42.000000 1.094173 -0.368830
 43.000000 0.967959 -0.271657
 44.000000 1.043872 -0.393346
 45.000000 0.992340 -0.255065
 46.000000 1.019918 -0.376412
 47.000000 1.115103 -0.392174
 48.000000 1.165937 -0.418734
 49.000000 1.051811 -0.389675
 50.000000 0.939918 -0.392483
 51.000000 1.029642 -0.332405
 52.000000 1.116569 -0.396458
 53.000000 1.072886 -0.384807
 54.000000 1.057177 -0.347869
 55.000000 1.062021 -0.372095
 56.000000 1.090791 -0.394989
 57.000000 1.009055 -0.235562
 58.000000 1.006283 -0.337720
 59.000000 0.860411 -0.308380
 60.000000 0.979138 -0.280232
 61.000000 0.943829 -0.324955
 62.000000 1.034439 -0.482762
 63.000000 1.060094 -0.367814
 64.000000 1.072102 -0.438616
 65.000000 1.078336 -0.299735
 66.000000 1.133281 -0.278006
 67.000000 1.105977 -0.343511
 68.000000 1.050312 -0.349100
 69.000000 1.079956 -0.315122
 70.000000 1.078452 -0.240288
 71.000000 1.139591 -0.266650
 72.000000 1.094377 -0.296096
 73.000000 1.135868 -0.304853
 74.000000 1.197648 -0.282157
 75.000000 1.185234 -0.227806
 76.000000 1.110987 -0.298351
 77.000000 1.130495 -0.385673
 78.000000 1.094772 -0.383953
 79.000000 1.225794 -0.402970
 80.000000 1.131006 -0.330974
 81.000000 1.110455 -0.409621
 82.000000 1.078254 -0.455361
 83.000000 1.017828 -0.318219
 84.000000 1.071394 -0.346036
 85.000000 1.075963 -0.379947
 86.000000 1.119176 -0.303633
 87.000000 1.095141 -0.373567
 88.000000 1.122421 -0.290251
 89.000000 1.143987 -0.320673
 90.000000 1.105970 -0.323310
 91.000000 1.057878 -0.390605
 92.000000 1.018271 -0.462004
 93.000000 1.085583 -0.316239
 94.000000 1.070310 -0.343630
 95.000000 1.051941 -0.338951
 96.000000 1.157391 -0.358960
 97.000000 1.111706 -0.359407
 98.000000 1.148840 -0.312378
 99.000000 1.019021 -0.334957
 100.000000 1.084032 -0.241295
 101.000000 1.108447 -0.292465
 102.000000 1.167572 -0.364296
 103.000000 1.092982 -0.339373
 104.000000 1.138692 -0.392360
 105.000000 1.119190 -0.319342
 106.000000 1.106941 -0.324232
 107.000000 1.027706 -0.287863
 108.000000 1.074636 -0.308593
 109.000000 1.049491 -0.291933
 110.000000 1.053994 -0.299300
 111.000000 1.177837 -0.368753
 112.000000 1.106802 -0.340193
 113.000000 1.044584 -0.289833
 114.000000 1.193618 -0.304991
 115.000000 1.159626 -0.311299
 116.000000 1.190237 -0.322123
 117.000000 1.167053 -0.322444
 118.000000 1.141434 -0.309425
 119.000000 1.166894 -0.333816
 120.000000 1.157513 -0.373490
 121.000000 1.125181 -0.251297
 122.000000 1.144684 -0.345959
 123.000000 1.107517 -0.406431
 124.000000 1.086843 -0.331484
 125.000000 1.118155 -0.399786
 126.000000 1.081301 -0.430437
 127.000000 1.017118 -0.447941
 128.000000 1.119213 -0.439578
 129.000000 1.025038 -0.347635
 130.000000 1.187170 -0.312003
 131.000000 1.041468 -0.308404
 132.000000 1.057529 -0.371611
 133.000000 1.055931 -0.299119
 134.000000 1.075192 -0.357412
 135.000000 1.130354 -0.268076
 136.000000 1.062360 -0.281969
 137.000000 1.052003 -0.305688
 138.000000 1.041334 -0.389439
 139.000000 1.088723 -0.325517
 140.000000 1.050945 -0.361150
 141.000000 1.123203 -0.348725
 142.000000 1.215849 -0.393864
 143.000000 1.106659 -0.409524
 144.000000 0.973073 -0.356424
 145.000000 1.075829 -0.276084
 146.000000 1.028155 -0.276934
 147.000000 1.182274 -0.316988
 148.000000 1.038850 -0.459554
 149.000000 1.110444 -0.261477
 150.000000 1.064545 -0.348791
 151.000000 0.978364 -0.342068
 152.000000 1.068039 -0.405641
 153.000000 1.002301 -0.357576
 154.000000 1.092014 -0.340261
 155.000000 1.075567 -0.420130
 156.000000 1.095585 -0.382761
 157.000000 1.073199 -0.309329
 158.000000 1.100279 -0.326365
 159.000000 1.145917 -0.291772
 160.000000 0.938081 -0.281859
 161.000000 1.097267 -0.289163
 162.000000 1.045128 -0.377410
 163.000000 1.156987 -0.356246
 164.000000 1.005830 -0.298923
 165.000000 1.030775 -0.380278
 166.000000 1.089878 -0.331264
 167.000000 1.040956 -0.265931
 168.000000 0.934201 -0.410296
 169.000000 1.000483 -0.307992
 170.000000 1.048127 -0.365387
 171.000000 0.980833 -0.317955
 172.000000 1.059181 -0.238509
 173.000000 1.124471 -0.243374
 174.000000 1.061674 -0.343533
 175.000000 1.065418 -0.402009
 176.000000 1.051207 -0.385757
 177.000000 1.065849 -0.415254
 178.000000 0.976674 -0.401123
 179.000000 1.014568 -0.303549
 180.000000 1.136819 -0.304733
 181.000000 1.115103 -0.343504
 182.000000 1.033090 -0.279155
 183.000000 1.139876 -0.315467
 184.000000 1.031765 -0.339515
 185.000000 1.074549 -0.317936
 186.000000 1.032497 -0.361003
 187.000000 1.024954 -0.312492
 188.000000 1.041337 -0.452040
 189.000000 1.062867 -0.373011
 190.000000 1.074470 -0.283824
 191.000000 1.052207 -0.320126
 192.000000 1.169776 -0.367194
 193.000000 1.101986 -0.312517
 194.000000 1.006788 -0.296850
 195.000000 1.106112 -0.343699
 196.000000 1.092912 -0.383350
 197.000000 1.121626 -0.367938
 198.000000 1.135190 -0.307700
 199.000000 1.156458 -0.263889
 200.000000 1.073765 -0.391059
 201.000000 1.122797 -0.454888
 202.000000 1.029376 -0.308906
 203.000000 1.175719 -0.281826
 204.000000 1.142654 -0.408314
 205.000000 1.165623 -0.304936
 206.000000 1.047857 -0.388385
 207.000000 1.141682 -0.332374
 208.000000 1.085760 -0.389484
 209.000000 1.147139 -0.354175
 210.000000 1.234974 -0.362257
 211.000000 1.068515 -0.330795
 212.000000 1.025625 -0.370254
 213.000000 1.038013 -0.323889
 214.000000 0.963608 -0.430163
 215.000000 1.143289 -0.343065
 216.000000 1.088533 -0.398106
 217.000000 1.105950 -0.402759
 218.000000 1.144686 -0.420307
 219.000000 1.085203 -0.418688
 220.000000 1.017595 -0.360650
 221.000000 1.176671 -0.400604
 222.000000 1.091076 -0.250610
 223.000000 1.094480 -0.348503
 224.000000 1.073178 -0.434179
 225.000000 1.038666 -0.276953
 226.000000 1.084245 -0.378434
 227.000000 1.114419 -0.346225
 228.000000 1.273728 -0.341851
 229.000000 1.149773 -0.373908
 230.000000 1.126471 -0.358047
 231.000000 1.087178 -0.401760
 232.000000 1.079335 -0.434450
 233.000000 1.198084 -0.374756
 234.000000 1.178312 -0.310011
 235.000000 1.151083 -0.310558
 236.000000 1.278385 -0.342724
 237.000000 1.067283 -0.341546
 238.000000 1.087780 -0.293532
 239.000000 1.142955 -0.290982
 240.000000 1.072219 -0.279540
 241.000000 1.161415 -0.311089
 242.000000 1.161980 -0.294679
 243.000000 1.131830 -0.361850
 244.000000 1.086434 -0.369548
 245.000000 1.005733 -0.229883
 246.000000 1.138486 -0.346295
 247.000000 1.137295 -0.319699
 248.000000 1.067818 -0.348551
 249.000000 1.146342 -0.418966
 250.000000 1.115079 -0.324506
 251.000000 1.038499 -0.335532
 252.000000 1.022284 -0.399775
 253.000000 1.005989 -0.309678
 254.000000 1.115483 -0.293974
 255.000000 1.028486 -0.336457
 256.000000 1.066080 -0.288573
 257.000000 1.110945 -0.389192
 258.000000 1.001995 -0.337003
 259.000000 1.105092 -0.323769
 260.000000 1.016535 -0.313485
 261.000000 1.091386 -0.262951
 262.000000 1.070658 -0.369332
 263.000000 1.126462 -0.385382
 264.000000 1.111742 -0.260004
 265.000000 1.001337 -0.359296
 266.000000 1.099175 -0.300462
 267.000000 1.041351 -0.426863
 268.000000 1.077592 -0.341037
 269.000000 1.115332 -0.423880
 270.000000 1.089464 -0.399070
 271.000000 1.104847 -0.385753
 272.000000 1.125981 -0.323871
 273.000000 1.128330 -0.238777
 274.000000 1.097282 -0.380364
 275.000000 1.188168 -0.406556
 276.000000 0.988916 -0.327218
 277.000000 1.061083 -0.306976
 278.000000 1.067247 -0.302685
 279.000000 1.021849 -0.274235
 280.000000 1.028795 -0.393594
 281.000000 1.049120 -0.323751
 282.000000 1.003293 -0.346697
 283.000000 1.079022 -0.307550
 284.000000 1.077626 -0.299960
 285.000000 1.100399 -0.263702
 286.000000 1.003375 -0.334932
 287.000000 1.189853 -0.362581
 288.000000 0.989428 -0.315254
 289.000000 1.109713 -0.363209
 290.000000 1.087500 -0.337780
 291.000000 1.144110 -0.372654
 292.000000 1.030128 -0.330556
 293.000000 1.126205 -0.324848
 294.000000 1.016608 -0.370413
 295.000000 1.097214 -0.298899
 296.000000 1.067237 -0.370216
 297.000000 1.059528 -0.253010
 298.000000 1.198460 -0.354534
 299.000000 1.141362 -0.359054
 300.000000 1.086431 -0.349797
 301.000000 1.108808 -0.413335
 302.000000 1.230891 -0.369406
 303.000000 1.152354 -0.294381
 304.000000 1.141869 -0.344516
 305.000000 1.109089 -0.327522
 306.000000 0.975406 -0.429146
 307.000000 1.190864 -0.397533
 308.000000 1.129560 -0.378598
 309.000000 1.088503 -0.295495
 310.000000 1.013176 -0.325565
 311.000000 1.027491 -0.349805
 312.000000 1.099276 -0.268806
 313.000000 1.111461 -0.361212
 314.000000 1.129992 -0.257518
 315.000000 1.291748 -0.324271
 316.000000 1.067388 -0.272985
 317.000000 1.068120 -0.343835
 318.000000 1.056113 -0.330044
 319.000000 1.119834 -0.303231
 320.000000 1.245614 -0.360408
 321.000000 1.048624 -0.368539
 322.000000 1.111717 -0.317434
 323.000000 1.038419 -0.316474
 324.000000 1.095875 -0.256806
 325.000000 1.133397 -0.287352
 326.000000 1.180225 -0.221890
 327.000000 1.035707 -0.368401
 328.000000 1.061384 -0.387132
 329.000000 1.112938 -0.247203
 330.000000 1.064568 -0.258596
 331.000000 1.046688 -0.286283
 332.000000 1.118697 -0.443904
 333.000000 1.185798 -0.314692
 334.000000 1.078644 -0.316653
 335.000000 1.022930 -0.300039
 336.000000 1.106181 -0.381013
 337.000000 1.138351 -0.354725
 338.000000 1.106229 -0.366743
 339.000000 1.216291 -0.294161
 340.000000 1.162956 -0.390875
 341.000000 1.135274 -0.370761
 342.000000 1.025379 -0.349210
 343.000000 1.070302 -0.359967
 344.000000 1.213775 -0.358652
 345.000000 1.087016 -0.292377
 346.000000 1.133854 -0.361943
 347.000000 1.036373 -0.272929
 348.000000 1.073380 -0.259835
 349.000000 1.185170 -0.302881
 350.000000 1.165897 -0.327841
 351.000000 1.121986 -0.358976
 352.000000 1.048079 -0.357498
 353.000000 1.039349 -0.293883
 354.000000 1.081951 -0.416992
 355.000000 1.084296 -0.307050
 356.000000 1.106326 -0.457306
 357.000000 1.148449 -0.288920
 358.000000 1.124158 -0.285875
 359.000000 1.014275 -0.346767
 360.000000 1.142061 -0.303247
 361.000000 1.141465 -0.297736
 362.000000 1.109491 -0.252248
 363.000000 1.128293 -0.345241
 364.000000 1.057912 -0.308757
 365.000000 1.000641 -0.175121
 366.000000 1.094201 -0.408621
 367.000000 1.009376 -0.265516
 368.000000 1.168245 -0.356585
 369.000000 1.102123 -0.315078
 370.000000 1.097031 -0.325397
 371.000000 1.121867 -0.437473
 372.000000 0.980192 -0.285929
 373.000000 1.073722 -0.338743
 374.000000 1.149618 -0.390521
 375.000000 1.133046 -0.427405
 376.000000 1.058839 -0.359350
 377.000000 1.197559 -0.346018
 378.000000 1.093284 -0.290926
 379.000000 1.014322 -0.370046
 380.000000 1.065101 -0.390550
 381.000000 1.119534 -0.336247
 382.000000 1.011345 -0.385630
 383.000000 1.077299 -0.295468
 384.000000 1.078877 -0.295798
 385.000000 1.149597 -0.376018
 386.000000 1.070131 -0.274262
 387.000000 1.064108 -0.320748
 388.000000 1.042067 -0.352646
 389.000000 0.980239 -0.357639
 390.000000 1.059391 -0.305531
 391.000000 1.066869 -0.309285
 392.000000 1.074559 -0.346336
 393.000000 1.077664 -0.359107
 394.000000 1.131826 -0.291243
 395.000000 1.166102 -0.300859
 396.000000 1.183828 -0.353496
 397.000000 1.100482 -0.364820
 398.000000 1.124816 -0.368593
 399.000000 1.183279 -0.290532
 400.000000 1.087203 -0.329268
 401.000000 1.059867 -0.336976
 402.000000 1.198531 -0.263523
 403.000000 1.186773 -0.244846
 404.000000 1.150321 -0.269820
 405.000000 1.084846 -0.270016
 406.000000 1.141114 -0.331198
 407.000000 1.146687 -0.343937
 408.000000 1.140352 -0.434759
 409.000000 1.014636 -0.334875
 410.000000 1.112208 -0.245602
 411.000000 1.024067 -0.310559
 412.000000 1.070145 -0.283936
 413.000000 1.053134 -0.236270
 414.000000 1.133979 -0.346995
 415.000000 1.106911 -0.256752
 416.000000 1.064708 -0.233922
 417.000000 1.134871 -0.360331
 418.000000 1.057382 -0.237591
 419.000000 1.092642 -0.265958
 420.000000 1.071916 -0.337380
 421.000000 1.004021 -0.293514
 422.000000 1.098033 -0.194629
 423.000000 0.967193 -0.202012
 424.000000 1.140097 -0.238485
 425.000000 1.153400 -0.417200
 426.000000 1.183702 -0.447034
 427.000000 1.086517 -0.379154
 428.000000 1.027790 -0.424153
 429.000000 1.131274 -0.366177
 430.000000 1.080743 -0.278898
 431.000000 1.064557 -0.397047
 432.000000 1.105691 -0.332400
 433.000000 1.094987 -0.433312
 434.000000 1.100098 -0.327049
 435.000000 1.079012 -0.329294
 436.000000 1.165097 -0.375426
 437.000000 1.220597 -0.309762
 438.000000 1.086054 -0.300770
 439.000000 1.138957 -0.308937
 440.000000 1.223045 -0.306459
 441.000000 1.182616 -0.333489
 442.000000 1.177279 -0.237865
 443.000000 1.075304 -0.329425
 444.000000 1.177631 -0.336330
 445.000000 1.155114 -0.348991
 446.000000 1.168019 -0.303332
 447.000000 1.092409 -0.320273
 448.000000 1.126135 -0.380063
 449.000000 1.107788 -0.351984
 450.000000 1.106404 -0.278720
 451.000000 1.220602 -0.389343
 452.000000 1.234808 -0.344060
 453.000000 1.122056 -0.383377
 454.000000 1.248620 -0.345088
 455.000000 1.261455 -0.410023
 456.000000 1.233418 -0.433117
 457.000000 1.222272 -0.405027
 458.000000 1.159900 -0.441557
 459.000000 1.141675 -0.431036
 460.000000 1.196866 -0.409966
 461.000000 1.171307 -0.372229
 462.000000 1.092018 -0.402863
 463.000000 1.150143 -0.385531
 464.000000 1.116640 -0.422067
 465.000000 1.148230 -0.455784
 466.000000 1.073034 -0.409610
 467.000000 1.214169 -0.381733
 468.000000 1.151361 -0.438275
 469.000000 1.141153 -0.467765
 470.000000 1.090179 -0.346940
 471.000000 1.065552 -0.434961
 472.000000 1.121142 -0.435338
 473.000000 1.137658 -0.417008
 474.000000 1.115346 -0.352311
 475.000000 1.134101 -0.356514
 476.000000 1.118343 -0.373028
 477.000000 1.029107 -0.320977
 478.000000 1.074501 -0.309849
 479.000000 1.088135 -0.296810
 480.000000 1.148953 -0.302781
 481.000000 1.121469 -0.265613
 482.000000 1.189798 -0.369676
 483.000000 1.069874 -0.350506
 484.000000 1.040624 -0.388501
 485.000000 1.173153 -0.422790
 486.000000 1.065306 -0.410080
 487.000000 1.077303 -0.294844
 488.000000 1.096102 -0.288486
 489.000000 1.113512 -0.287233
 490.000000 1.170223 -0.346541
 491.000000 1.017328 -0.379110
 492.000000 1.142063 -0.409172
 493.000000 1.103851 -0.317669
 494.000000 1.116206 -0.360879
 495.000000 1.112230 -0.313224
 496.000000 1.112347 -0.334398
 497.000000 1.075359 -0.312320
 498.000000 1.029177 -0.379287
 499.000000 1.084037 -0.337901
 500.000000 1.142767 -0.296861
 501.000000 1.131582 -0.400668
 502.000000 1.119825 -0.341725
 503.000000 1.057688 -0.356033
 504.000000 1.056580 -0.254185
 505.000000 1.004326 -0.310836
 506.000000 1.125782 -0.291550
 507.000000 1.063202 -0.317494
 508.000000 1.073531 -0.361732
 509.000000 1.034321 -0.315074
 510.000000 0.954429 -0.367075
 511.000000 0.937270 -0.273117
 512.000000 1.123002 -0.306382
 513.000000 1.061546 -0.358932
 514.000000 1.154281 -0.249672
 515.000000 1.165878 -0.352925
 516.000000 1.055077 -0.353194
 517.000000 1.100677 -0.364004
 518.000000 1.065803 -0.314118
 519.000000 1.086418 -0.308522
 520.000000 0.966314 -0.303279
 521.000000 1.050156 -0.346759
 522.000000 1.117484 -0.403493
 523.000000 1.096961 -0.414476
 524.000000 1.013828 -0.329823
 525.000000 1.103624 -0.332252
 526.000000 1.062771 -0.347852
 527.000000 1.092816 -0.314706
 528.000000 1.018795 -0.257986
 529.000000 1.124273 -0.349638
 530.000000 1.090095 -0.263142
 531.000000 1.097332 -0.318065
 532.000000 1.066393 -0.366993
 533.000000 1.017097 -0.320140
 534.000000 1.175750 -0.364096
 535.000000 1.060230 -0.299990
 536.000000 1.135458 -0.313168
 537.000000 1.113948 -0.329256
 538.000000 1.127220 -0.296438
 539.000000 1.125493 -0.405643
 540.000000 1.170366 -0.385988
 541.000000 1.138177 -0.350198
 542.000000 1.102291 -0.352149
 543.000000 1.045468 -0.330392
 544.000000 0.976398 -0.341907
 545.000000 1.040125 -0.285235
 546.000000 1.108148 -0.284347
 547.000000 1.080121 -0.400063
 548.000000 1.077438 -0.438623
 549.000000 1.048725 -0.265127
 550.000000 1.067649 -0.280376
 551.000000 1.033834 -0.248023
 552.000000 1.083746 -0.364894
 553.000000 1.058817 -0.326520
 554.000000 0.988859 -0.365853
 555.000000 1.030695 -0.195860
 556.000000 0.974915 -0.324357
 557.000000 1.011614 -0.409145
 558.000000 1.089456 -0.313321
 559.000000 1.206305 -0.374033
 560.000000 1.136732 -0.352578
 561.000000 1.107270 -0.341057
 562.000000 1.110143 -0.398477
 563.000000 1.023667 -0.392406
 564.000000 1.049884 -0.389709
 565.000000 1.194544 -0.382611
 566.000000 1.143598 -0.450605
 567.000000 1.224395 -0.347526
 568.000000 1.173943 -0.360251
 569.000000 1.171267 -0.456133
 570.000000 1.159650 -0.409598
 571.000000 1.119941 -0.315139
 572.000000 1.235024 -0.292249
 573.000000 1.046352 -0.395107
 574.000000 1.083859 -0.342866
 575.000000 1.042725 -0.316870
 576.000000 1.165363 -0.322567
 577.000000 1.209851 -0.331253
 578.000000 1.117479 -0.263903
 579.000000 1.200644 -0.255690
 580.000000 1.200318 -0.322057
 581.000000 1.145502 -0.341826
 582.000000 1.140761 -0.369469
 583.000000 1.240838 -0.322964
 584.000000 1.175902 -0.282750
 585.000000 1.051836 -0.234374
 586.000000 1.134334 -0.262532
 587.000000 1.207099 -0.221084
 588.000000 1.166599 -0.180996
 589.000000 1.157720 -0.291478
 590.000000 1.090794 -0.270279
 591.000000 1.172614 -0.428736
 592.000000 1.133808 -0.375181
 593.000000 1.178503 -0.287710
 594.000000 1.206706 -0.312622
 595.000000 1.077468 -0.369755
 596.000000 1.150037 -0.312102
 597.000000 1.079325 -0.228443
 598.000000 1.091719 -0.262182
 599.000000 1.102506 -0.270819
 600.000000 1.149048 -0.274510
 601.000000 1.282318 -0.340208
 602.000000 1.276229 -0.234447
 603.000000 1.223130 -0.304346
 604.000000 1.125914 -0.357120
 605.000000 1.095942 -0.270847
 606.000000 1.120132 -0.285291
 607.000000 1.129964 -0.282970
 608.000000 1.193746 -0.370967
 609.000000 1.172542 -0.408696
 610.000000 1.229015 -0.314588
 611.000000 1.266431 -0.382293
 612.000000 1.098632 -0.290896
 613.000000 1.224278 -0.280590
 614.000000 1.141294 -0.351649
 615.000000 1.135948 -0.300349
 616.000000 1.311917 -0.328890
 617.000000 1.132188 -0.352071
 618.000000 1.104780 -0.331412
 619.000000 1.177721 -0.348375
 620.000000 1.219869 -0.333116
 621.000000 1.215346 -0.319999
 622.000000 1.140236 -0.374694
 623.000000 1.255612 -0.382145
 624.000000 1.126560 -0.310796
 625.000000 1.113695 -0.320788
 626.000000 1.144281 -0.291125
 627.000000 1.009368 -0.381968
 628.000000 1.157741 -0.261802
 629.000000 1.092242 -0.268246
 630.000000 1.175628 -0.311320
 631.000000 1.215676 -0.264291
 632.000000 1.142967 -0.320210
 633.000000 1.184361 -0.364942
 634.000000 1.039838 -0.227351
 635.000000 1.091093 -0.280197
 636.000000 1.146604 -0.228178
 637.000000 1.128786 -0.329303
 638.000000 1.111128 -0.219184
 639.000000 1.157964 -0.255867
 640.000000 1.219473 -0.216080
 641.000000 1.276324 -0.361654
 642.000000 1.185566 -0.286505
 643.000000 1.125952 -0.284641
 644.000000 1.319630 -0.291198
 645.000000 1.279226 -0.350557
 646.000000 1.223720 -0.328683
 647.000000 1.204605 -0.282266
 648.000000 1.181558 -0.378575
 649.000000 1.116684 -0.332338
 650.000000 1.092168 -0.362880
 651.000000 1.033780 -0.253338
 652.000000 1.144615 -0.301359
 653.000000 1.175615 -0.285666
 654.000000 1.148827 -0.365626
 655.000000 1.123306 -0.496300
 656.000000 1.127896 -0.359953
 657.000000 1.135402 -0.351514
 658.000000 1.147539 -0.387968
 659.000000 1.063689 -0.337458
 660.000000 1.139466 -0.308164
 661.000000 1.222204 -0.269279
 662.000000 1.126881 -0.263108
 663.000000 1.161477 -0.211757
 664.000000 1.193032 -0.293429
 665.000000 1.102864 -0.279386
 666.000000 1.142257 -0.301829
 667.000000 1.178261 -0.300825
 668.000000 1.113059 -0.278204
 669.000000 1.202946 -0.259391
 670.000000 1.127258 -0.231863
 671.000000 1.265471 -0.259222
 672.000000 1.229788 -0.278391
 673.000000 1.192350 -0.348449
 674.000000 1.218392 -0.256087
 675.000000 1.243164 -0.268596
 676.000000 1.154803 -0.222527
 677.000000 1.151346 -0.254858
 678.000000 1.175490 -0.278998
 679.000000 1.096509 -0.244824
 680.000000 1.255370 -0.324981
 681.000000 1.185496 -0.298735
 682.000000 1.184433 -0.220584
 683.000000 1.249914 -0.319816
 684.000000 1.160660 -0.327991
 685.000000 1.197194 -0.306104
 686.000000 1.171731 -0.386919
 687.000000 1.156785 -0.320309
 688.000000 1.116876 -0.286811
 689.000000 1.166880 -0.287561
 690.000000 1.221507 -0.263249
 691.000000 1.027163 -0.257093
 692.000000 1.096102 -0.320326
 693.000000 1.105633 -0.303907
 694.000000 1.144656 -0.341667
 695.000000 1.171697 -0.212047
 696.000000 1.239154 -0.341433
 697.000000 1.195668 -0.351662
 698.000000 1.233785 -0.239774
 699.000000 1.213800 -0.361335
 700.000000 1.303702 -0.321879
 701.000000 1.165679 -0.375348
 702.000000 1.176802 -0.266799
 703.000000 1.207206 -0.389100
 704.000000 1.195837 -0.314323
 705.000000 1.216936 -0.333358
 706.000000 1.163637 -0.311355
 707.000000 1.218399 -0.347355
 708.000000 1.232406 -0.391948
 709.000000 1.165534 -0.417962
 710.000000 1.116848 -0.477373
 711.000000 1.199948 -0.368150
 712.000000 1.129616 -0.388315
 713.000000 1.269613 -0.302734
 714.000000 1.217578 -0.425985
 715.000000 1.133895 -0.435348
 716.000000 1.206994 -0.452911
 717.000000 1.157395 -0.376583
 718.000000 1.131025 -0.336394
 719.000000 1.174133 -0.305212
 720.000000 1.186129 -0.321881
 721.000000 1.132496 -0.360613
 722.000000 1.187961 -0.378070
 723.000000 1.104782 -0.306554
 724.000000 1.144037 -0.399786
 725.000000 1.128477 -0.253741
 726.000000 1.225059 -0.360456
 727.000000 1.165127 -0.379298
 728.000000 1.138210 -0.299102
 729.000000 1.103833 -0.448755
 730.000000 1.274279 -0.363493
 731.000000 1.214619 -0.415137
 732.000000 1.211220 -0.370520
 733.000000 1.163737 -0.385202
 734.000000 1.118296 -0.374885
 735.000000 1.071650 -0.353002
 736.000000 1.234256 -0.276296
 737.000000 1.258960 -0.387090
 738.000000 1.119200 -0.341970
 739.000000 1.131568 -0.361174
 740.000000 1.127071 -0.396622
 741.000000 1.099800 -0.258736
 742.000000 1.140063 -0.389027
 743.000000 1.236437 -0.312177
 744.000000 1.162875 -0.339312
 745.000000 1.066515 -0.374010
 746.000000 1.112456 -0.404304
 747.000000 1.145193 -0.316164
 748.000000 1.057495 -0.257809
 749.000000 1.186207 -0.228100
 750.000000 1.070732 -0.214104
 751.000000 1.248153 -0.262733
 752.000000 1.099721 -0.294816
 753.000000 1.221741 -0.289077
 754.000000 1.097567 -0.321910
 755.000000 1.197552 -0.338174
 756.000000 1.169140 -0.347199
 757.000000 1.092609 -0.285986
 758.000000 1.088763 -0.314406
 759.000000 1.132465 -0.330095
 760.000000 1.199917 -0.432745
 761.000000 1.076713 -0.315146
 762.000000 1.118914 -0.296584
 763.000000 1.147650 -0.223576
 764.000000 1.279648 -0.314823
 765.000000 1.100546 -0.392347
 766.000000 1.157832 -0.303353
 767.000000 1.250195 -0.304379
 768.000000 1.254688 -0.313752
 769.000000 1.156603 -0.329907
 770.000000 1.185059 -0.340272
 771.000000 1.121452 -0.275906
 772.000000 1.177777 -0.362315
 773.000000 1.006997 -0.289904
 774.000000 1.146768 -0.355967
 775.000000 1.140457 -0.272546
 776.000000 1.152427 -0.223190
 777.000000 1.195456 -0.284212
 778.000000 1.173334 -0.200221
 779.000000 1.187509 -0.250409
 780.000000 1.123702 -0.264634
 781.000000 1.140914 -0.333617
 782.000000 1.120290 -0.252833
 783.000000 1.130125 -0.245638
 784.000000 1.123187 -0.282062
 785.000000 1.188573 -0.334261
 786.000000 1.192953 -0.295719
 787.000000 1.207122 -0.382871
 788.000000 1.176322 -0.276913
 789.000000 1.086231 -0.265731
 790.000000 1.156169 -0.291611
 791.000000 1.201222 -0.322889
 792.000000 1.165487 -0.281175
 793.000000 1.101149 -0.335230
 794.000000 1.222962 -0.281345
 795.000000 1.333917 -0.326247
 796.000000 1.291591 -0.265785
 797.000000 1.235719 -0.287579
 798.000000 1.170067 -0.293051
 799.000000 1.194281 -0.273452
 800.000000 1.088821 -0.259081
 801.000000 1.155716 -0.237062
 802.000000 1.229846 -0.247820
 803.000000 1.117073 -0.213692
 804.000000 1.163789 -0.303971
 805.000000 1.076600 -0.187673
 806.000000 1.109693 -0.270997
 807.000000 1.134015 -0.263775
 808.000000 1.176872 -0.259923
 809.000000 1.205623 -0.216674
 810.000000 1.144444 -0.258328
 811.000000 1.229356 -0.398333
 812.000000 1.151021 -0.343657
 813.000000 1.179678 -0.299409
 814.000000 1.274141 -0.277293
 815.000000 1.159629 -0.311347
 816.000000 1.227824 -0.302177
 817.000000 1.278915 -0.270619
 818.000000 1.191832 -0.267768
 819.000000 1.224113 -0.374042
 820.000000 1.186467 -0.193216
 821.000000 1.163589 -0.215276
 822.000000 1.090356 -0.310450
 823.000000 1.142101 -0.277736
 824.000000 1.040718 -0.225929
 825.000000 1.210552 -0.226272
 826.000000 1.212578 -0.259144
 827.000000 1.161149 -0.233630
 828.000000 1.166850 -0.286090
 829.000000 1.213719 -0.230430
 830.000000 1.251189 -0.263652
 831.000000 1.100648 -0.257190
 832.000000 1.197379 -0.281988
 833.000000 1.205775 -0.299464
 834.000000 1.240545 -0.305980
 835.000000 1.155015 -0.244245
 836.000000 1.003636 -0.234858
 837.000000 1.020833 -0.223108
 838.000000 1.159511 -0.200041
 839.000000 1.048961 -0.179236
 840.000000 1.196066 -0.275518
 841.000000 1.025923 -0.332543
 842.000000 1.135760 -0.379717
 843.000000 1.114463 -0.282284
 844.000000 1.078066 -0.331728
 845.000000 1.129055 -0.266203
 846.000000 1.126358 -0.269576
 847.000000 1.110242 -0.237332
 848.000000 1.083742 -0.259474
 849.000000 1.174220 -0.242007
 850.000000 1.069811 -0.319691
 851.000000 1.089092 -0.267437
 852.000000 1.085594 -0.248942
 853.000000 1.167573 -0.241630
 854.000000 1.006513 -0.254790
 855.000000 1.107037 -0.190962
 856.000000 1.161351 -0.293415
 857.000000 1.082679 -0.317301
 858.000000 1.092658 -0.257311
 859.000000 1.096325 -0.161862
 860.000000 1.123281 -0.170894
 861.000000 1.125982 -0.218639
 862.000000 1.097234 -0.300332
 863.000000 1.172369 -0.267542
 864.000000 1.092352 -0.270405
 865.000000 1.149850 -0.303397
 866.000000 1.115998 -0.280518
 867.000000 1.112706 -0.238882
 868.000000 1.119955 -0.296215
 869.000000 1.203475 -0.287016
 870.000000 1.182863 -0.237736
 871.000000 1.066716 -0.260637
 872.000000 1.115782 -0.334517
 873.000000 1.049322 -0.306833
 874.000000 1.038429 -0.291810
 875.000000 1.123753 -0.324236
 876.000000 1.042343 -0.321607
 877.000000 1.075885 -0.317452
 878.000000 1.050947 -0.295552
 879.000000 1.106125 -0.358904
 880.000000 1.116865 -0.215767
 881.000000 1.135490 -0.246136
 882.000000 1.023014 -0.230732
 883.000000 1.131686 -0.209168
 884.000000 1.161423 -0.363768
 885.000000 1.127260 -0.351801
 886.000000 1.100926 -0.380769
 887.000000 1.252674 -0.271020
 888.000000 1.121892 -0.243213
 889.000000 1.115935 -0.300972
 890.000000 1.178696 -0.342920
 891.000000 1.132344 -0.380378
 892.000000 1.120937 -0.329771
 893.000000 1.167808 -0.369377
 894.000000 1.232612 -0.328803
 895.000000 1.126830 -0.324839
 896.000000 1.131640 -0.346260
 897.000000 1.139322 -0.342184
 898.000000 1.167335 -0.296401
 899.000000 1.154968 -0.336351
 900.000000 1.049627 -0.370221
 901.000000 1.084415 -0.296297
 902.000000 1.114912 -0.309116
 903.000000 1.030322 -0.320394
 904.000000 1.171926 -0.232650
 905.000000 1.109148 -0.362240
 906.000000 1.187168 -0.232635
 907.000000 1.137031 -0.361162
 908.000000 1.106910 -0.398475
 909.000000 1.133827 -0.453731
 910.000000 1.151956 -0.459130
 911.000000 1.175674 -0.329381
 912.000000 1.178103 -0.291770
 913.000000 1.136797 -0.321716
 914.000000 1.088235 -0.390836
 915.000000 1.109787 -0.407904
 916.000000 1.153626 -0.286899
 917.000000 1.083335 -0.451159
 918.000000 1.072168 -0.344015
 919.000000 1.169094 -0.447964
 920.000000 1.125149 -0.403752
 921.000000 1.124287 -0.369494
 922.000000 1.138880 -0.341058
 923.000000 1.007073 -0.356462
 924.000000 1.130145 -0.320503
 925.000000 1.080048 -0.318971
 926.000000 1.114159 -0.221954
 927.000000 1.113171 -0.341698
 928.000000 1.069056 -0.241846
 929.000000 1.106485 -0.267512
 930.000000 1.167686 -0.372832
 931.000000 1.052655 -0.347494
 932.000000 0.957486 -0.417418
 933.000000 1.136317 -0.336589
 934.000000 1.112664 -0.316601
 935.000000 1.208918 -0.343033
 936.000000 1.049263 -0.406072
 937.000000 1.078943 -0.309589
 938.000000 1.007807 -0.377964
 939.000000 1.032411 -0.410705
 940.000000 1.094634 -0.285819
 941.000000 1.025650 -0.286608
 942.000000 1.131406 -0.350537
 943.000000 1.093873 -0.332826
 944.000000 1.007316 -0.364834
 945.000000 1.146837 -0.293316
 946.000000 1.143805 -0.402895
 947.000000 0.990000 -0.334986
 948.000000 1.036851 -0.366523
 949.000000 1.056104 -0.436867
 950.000000 1.024548 -0.332202
 951.000000 1.197242 -0.351265
 952.000000 1.152407 -0.423217
 953.000000 1.147630 -0.412612
 954.000000 1.153475 -0.341181
 955.000000 1.297812 -0.351687
 956.000000 1.084238 -0.283858
 957.000000 1.111763 -0.421110
 958.000000 1.088797 -0.427805
 959.000000 1.100559 -0.376334
 960.000000 1.185403 -0.444928
 961.000000 1.086868 -0.276013
 962.000000 1.057714 -0.269865
 963.000000 1.250216 -0.278200
 964.000000 1.102808 -0.317873
 965.000000 1.067336 -0.173497
 966.000000 1.126875 -0.264122
 967.000000 1.105839 -0.288596
 968.000000 1.240076 -0.377731
 969.000000 1.199030 -0.337025
 970.000000 1.143581 -0.275648
 971.000000 1.123621 -0.386899
 972.000000 1.127690 -0.420043
 973.000000 1.141277 -0.301998
 974.000000 1.088760 -0.307820
 975.000000 1.085498 -0.339519
 976.000000 1.085995 -0.365071
 977.000000 1.038771 -0.279481
 978.000000 1.080870 -0.371383
 979.000000 1.023390 -0.234373
 980.000000 1.153644 -0.280548
 981.000000 1.177294 -0.326686
 982.000000 1.094918 -0.361410
 983.000000 1.047149 -0.310445
 984.000000 1.144459 -0.248143
 985.000000 1.062694 -0.251071
 986.000000 1.146998 -0.300432
 987.000000 1.103155 -0.279078
 988.000000 1.048431 -0.335029
 989.000000 1.163768 -0.329321
 990.000000 1.131911 -0.421197
 991.000000 1.125296 -0.389866
 992.000000 1.050290 -0.327386
 993.000000 1.145059 -0.250903
 994.000000 1.156718 -0.287654
 995.000000 1.157033 -0.331333
 996.000000 1.133235 -0.301458
 997.000000 1.182998 -0.416110
 998.000000 1.162892 -0.406081
 999.000000 1.064489 -0.352762
 1000.000000 1.141009 -0.260129
 1001.000000 1.198308 -0.414485
 1002.000000 1.101311 -0.362251
 1003.000000 1.130455 -0.344930
 1004.000000 1.130915 -0.139803
 1005.000000 0.986012 -0.320521
 1006.000000 1.132839 -0.244769
 1007.000000 1.094687 -0.301702
 1008.000000 1.123693 -0.242546
 1009.000000 1.163443 -0.328505
 1010.000000 1.185170 -0.313634
 1011.000000 1.199001 -0.319100
 1012.000000 1.145213 -0.342083
 1013.000000 1.071147 -0.392470
 1014.000000 1.072723 -0.374054
 1015.000000 1.051665 -0.331238
 1016.000000 1.085540 -0.369668
 1017.000000 1.102241 -0.371861
 1018.000000 1.153428 -0.411883
 1019.000000 1.180700 -0.344949
 1020.000000 1.289272 -0.368753
 1021.000000 1.080671 -0.365536
 1022.000000 1.051986 -0.370275
 1023.000000 1.164609 -0.331847
 1024.000000 1.143547 -0.278499
 1025.000000 1.142466 -0.336314
 1026.000000 1.151735 -0.317567
 1027.000000 1.196909 -0.251605
 1028.000000 1.203370 -0.249443
 1029.000000 1.180977 -0.313373
 1030.000000 1.118237 -0.311683
 1031.000000 1.078182 -0.222279
 1032.000000 1.141583 -0.308140
 1033.000000 1.155194 -0.202301
 1034.000000 1.185412 -0.352246
 1035.000000 1.247075 -0.314785
 1036.000000 1.142350 -0.247636
 1037.000000 1.255276 -0.289291
 1038.000000 1.262412 -0.268146
 1039.000000 1.192572 -0.222892
 1040.000000 1.154976 -0.304591
 1041.000000 1.180388 -0.266519
 1042.000000 1.125195 -0.244430
 1043.000000 1.081544 -0.386910
 1044.000000 1.092310 -0.281362
 1045.000000 1.119736 -0.277565
 1046.000000 1.058023 -0.364506
 1047.000000 1.125484 -0.285594
 1048.000000 1.117943 -0.390830
 1049.000000 1.171467 -0.301289
 1050.000000 1.068743 -0.207725
 1051.000000 1.125178 -0.411960
 1052.000000 1.108192 -0.268560
 1053.000000 1.122787 -0.338706
 1054.000000 1.138357 -0.381835
 1055.000000 1.179937 -0.266203
 1056.000000 1.131548 -0.365086
 1057.000000 1.092896 -0.193833
 1058.000000 1.156043 -0.352975
 1059.000000 1.026494 -0.309111
 1060.000000 1.267897 -0.221037
 1061.000000 1.171159 -0.334097
 1062.000000 1.219466 -0.359120
 1063.000000 1.151498 -0.305808
 1064.000000 1.264228 -0.353537
 1065.000000 1.096673 -0.257256
 1066.000000 1.078412 -0.279552
 1067.000000 1.132442 -0.239395
 1068.000000 1.087132 -0.277579
 1069.000000 1.146696 -0.299289
 1070.000000 1.171077 -0.262399
 1071.000000 1.173211 -0.282144
 1072.000000 1.187439 -0.332393
 1073.000000 1.138728 -0.212417
 1074.000000 1.097852 -0.303146
 1075.000000 1.186865 -0.254963
 1076.000000 1.211055 -0.260415
 1077.000000 1.027943 -0.260262
 1078.000000 1.176283 -0.303548
 1079.000000 1.092688 -0.292610
 1080.000000 1.044004 -0.265871
 1081.000000 1.067489 -0.291745
 1082.000000 1.095080 -0.272904
 1083.000000 1.086447 -0.296841
 1084.000000 1.173609 -0.335086
 1085.000000 1.060601 -0.303671
 1086.000000 1.089604 -0.337051
 1087.000000 1.198822 -0.292495
 1088.000000 1.154600 -0.368033
 1089.000000 1.118648 -0.343549
 1090.000000 1.078662 -0.411653
 1091.000000 1.067629 -0.290981
 1092.000000 1.148771 -0.252134
 1093.000000 1.047202 -0.258359
 1094.000000 1.178592 -0.292733
 1095.000000 1.092056 -0.236207
 1096.000000 1.089407 -0.292937
 1097.000000 1.126091 -0.305890
 1098.000000 1.089241 -0.281340
 1099.000000 1.117672 -0.327317
 1100.000000 1.181906 -0.309999
 1101.000000 1.162748 -0.266939
 1102.000000 1.130986 -0.341011
 1103.000000 1.233232 -0.306254
 1104.000000 1.231737 -0.263235
 1105.000000 1.187745 -0.305460
 1106.000000 1.143269 -0.223286
 1107.000000 1.119109 -0.270053
 1108.000000 1.171332 -0.258351
 1109.000000 1.184851 -0.332081
 1110.000000 1.213353 -0.333504
 1111.000000 1.051098 -0.388965
 1112.000000 1.080023 -0.308497
 1113.000000 1.132511 -0.320209
 1114.000000 1.084452 -0.268942
 1115.000000 1.122777 -0.283464
 1116.000000 1.096477 -0.387222
 1117.000000 1.005515 -0.474564
 1118.000000 1.132602 -0.295726
 1119.000000 1.146059 -0.313621
 1120.000000 1.181712 -0.341134
 1121.000000 1.199322 -0.301163
 1122.000000 1.176705 -0.273803
 1123.000000 1.099074 -0.212403
 1124.000000 1.164725 -0.250778
 1125.000000 1.085959 -0.263761
 1126.000000 1.064520 -0.343015
 1127.000000 1.147383 -0.305907
 1128.000000 1.073315 -0.212144
 1129.000000 1.104854 -0.386719
 1130.000000 0.988589 -0.308408
 1131.000000 1.121272 -0.368709
 1132.000000 1.058849 -0.343977
 1133.000000 1.113004 -0.293708
 1134.000000 1.082685 -0.325784
 1135.000000 1.091634 -0.380939
 1136.000000 1.030131 -0.416980
 1137.000000 1.122820 -0.368426
 1138.000000 1.208593 -0.298742
 1139.000000 1.160876 -0.366330
 1140.000000 1.050458 -0.403416
 1141.000000 1.127080 -0.346247
 1142.000000 1.135447 -0.439833
 1143.000000 1.158091 -0.329677
 1144.000000 1.114292 -0.367343
 1145.000000 1.100084 -0.388529
 1146.000000 1.096208 -0.333111
 1147.000000 1.170904 -0.331031
 1148.000000 1.135985 -0.229412
 1149.000000 1.064988 -0.355565
 1150.000000 1.054534 -0.319562
 1151.000000 1.072733 -0.256235
 1152.000000 1.131836 -0.355096
 1153.000000 1.062514 -0.326398
 1154.000000 1.057261 -0.413373
 1155.000000 1.094381 -0.384430
 1156.000000 1.063198 -0.336331
 1157.000000 1.102641 -0.299425
 1158.000000 1.042630 -0.283526
 1159.000000 1.146151 -0.339288
 1160.000000 1.053202 -0.335117
 1161.000000 1.093938 -0.337026
 1162.000000 1.155991 -0.243223
 1163.000000 1.194513 -0.277235
 1164.000000 1.112702 -0.317138
 1165.000000 1.032803 -0.249544
 1166.000000 1.121804 -0.339259
 1167.000000 1.014680 -0.322353
 1168.000000 1.022415 -0.250603
 1169.000000 1.011311 -0.421499
 1170.000000 1.159273 -0.331379
 1171.000000 1.151263 -0.257736
 1172.000000 1.095195 -0.287147
 1173.000000 1.179948 -0.391112
 1174.000000 1.209845 -0.340224
 1175.000000 0.990788 -0.386652
 1176.000000 1.138744 -0.272264
 1177.000000 1.098108 -0.383695
 1178.000000 1.068773 -0.257952
 1179.000000 1.184924 -0.325516
 1180.000000 1.037849 -0.369302
 1181.000000 1.125742 -0.348395
 1182.000000 1.082138 -0.236949
 1183.000000 1.036371 -0.308286
 1184.000000 1.010221 -0.324461
 1185.000000 1.197216 -0.322549
 1186.000000 1.114887 -0.292692
 1187.000000 1.134951 -0.375965
 1188.000000 1.120260 -0.344972
 1189.000000 1.023855 -0.326419
 1190.000000 1.101132 -0.398016
 1191.000000 1.049533 -0.429284
 1192.000000 1.166109 -0.336133
 1193.000000 1.023826 -0.451941
 1194.000000 1.089408 -0.406484
 1195.000000 1.155316 -0.316010
 1196.000000 1.104224 -0.212076
 1197.000000 1.079477 -0.385496
 1198.000000 1.072755 -0.356222
 1199.000000 1.186551 -0.364991
 1200.000000 1.119986 -0.247965
 1201.000000 1.027958 -0.400217
 1202.000000 1.165079 -0.282238
 1203.000000 1.056729 -0.236088
 1204.000000 1.142850 -0.355681
 1205.000000 1.080965 -0.264216
 1206.000000 1.051616 -0.337510
 1207.000000 1.026193 -0.381630
 1208.000000 1.071024 -0.367685
 1209.000000 1.059929 -0.373862
 1210.000000 1.067872 -0.362966
 1211.000000 1.075530 -0.361309
 1212.000000 1.103521 -0.473656
 1213.000000 1.043287 -0.320450
 1214.000000 1.061886 -0.403907
 1215.000000 1.008912 -0.330589
 1216.000000 1.036925 -0.316489
 1217.000000 1.069837 -0.327260
 1218.000000 1.129635 -0.334206
 1219.000000 1.027526 -0.275961
 1220.000000 1.146790 -0.379755
 1221.000000 1.057641 -0.326206
 1222.000000 1.093074 -0.371529
 1223.000000 1.109666 -0.339163
 1224.000000 1.049771 -0.338214
 1225.000000 1.022511 -0.327586
 1226.000000 1.181132 -0.277448
 1227.000000 1.237836 -0.432707
 1228.000000 1.064551 -0.416306
 1229.000000 0.943098 -0.264014
 1230.000000 1.041995 -0.350911
 1231.000000 1.018658 -0.395015
 1232.000000 1.071637 -0.266272
 1233.000000 1.094913 -0.274473
 1234.000000 1.096204 -0.264508
 1235.000000 1.030428 -0.319316
 1236.000000 1.035083 -0.366423
 1237.000000 1.174844 -0.291333
 1238.000000 1.107679 -0.323881
 1239.000000 1.080749 -0.361170
 1240.000000 1.111036 -0.276575
 1241.000000 1.127182 -0.347853
 1242.000000 1.061203 -0.395063
 1243.000000 1.103330 -0.297453
 1244.000000 1.102888 -0.242851
 1245.000000 1.118314 -0.327019
 1246.000000 1.070835 -0.383773
 1247.000000 0.976176 -0.353759
 1248.000000 1.055427 -0.243472
 1249.000000 0.976617 -0.336873
 1250.000000 1.046143 -0.285619
 1251.000000 1.039112 -0.338809
 1252.000000 1.050492 -0.392168
 1253.000000 1.109300 -0.340076
 1254.000000 1.046423 -0.313307
 1255.000000 1.130727 -0.301584
 1256.000000 1.095206 -0.269771
 1257.000000 1.035625 -0.230511
 1258.000000 1.112864 -0.339730
 1259.000000 1.052344 -0.239588
 1260.000000 1.000386 -0.333991
 1261.000000 1.020720 -0.379121
 1262.000000 1.147493 -0.288221
 1263.000000 1.073604 -0.390831
 1264.000000 1.068084 -0.313452
 1265.000000 1.056021 -0.358838
 1266.000000 1.133102 -0.339740
 1267.000000 1.061364 -0.388023
 1268.000000 0.979344 -0.275221
 1269.000000 1.111039 -0.251066
 1270.000000 1.097988 -0.374875
 1271.000000 1.071930 -0.364516
 1272.000000 1.073925 -0.390554
 1273.000000 1.087373 -0.307145
 1274.000000 1.023019 -0.318683
 1275.000000 1.061587 -0.327347
 1276.000000 1.141984 -0.332051
 1277.000000 1.057442 -0.371056
 1278.000000 1.066095 -0.300040
 1279.000000 1.018790 -0.336639
 1280.000000 0.975608 -0.374496
 1281.000000 1.037441 -0.324275
 1282.000000 1.080989 -0.432295
 1283.000000 1.119716 -0.369955
 1284.000000 0.966999 -0.316877
 1285.000000 1.092421 -0.323240
 1286.000000 1.201598 -0.324589
 1287.000000 1.099122 -0.347767
 1288.000000 1.094242 -0.334980
 1289.000000 1.017451 -0.345726
 1290.000000 1.118981 -0.394345
 1291.000000 1.154633 -0.340911
 1292.000000 1.117921 -0.315303
 1293.000000 1.018213 -0.389196
 1294.000000 1.065954 -0.303337
 1295.000000 1.121578 -0.261707
 1296.000000 1.178557 -0.346544
 1297.000000 1.168004 -0.329762
 1298.000000 1.099225 -0.339388
 1299.000000 1.072235 -0.366288
 1300.000000 1.020035 -0.342155
 1301.000000 1.018847 -0.330789
 1302.000000 1.125446 -0.370470
 1303.000000 1.096543 -0.348428
 1304.000000 1.141654 -0.360361
 1305.000000 1.178830 -0.296248
 1306.000000 1.052394 -0.327661
 1307.000000 1.041881 -0.296811
 1308.000000 1.134446 -0.434461
 1309.000000 1.007517 -0.268149
 1310.000000 1.044511 -0.325650
 1311.000000 1.103524 -0.325627
 1312.000000 1.108808 -0.350925
 1313.000000 1.047948 -0.375406
 1314.000000 1.023356 -0.354707
 1315.000000 1.115435 -0.294547
 1316.000000 1.139359 -0.443932
 1317.000000 1.029495 -0.315619
 1318.000000 1.125304 -0.302648
 1319.000000 1.181190 -0.321167
 1320.000000 1.152173 -0.442269
 1321.000000 1.088480 -0.378995
 1322.000000 1.132180 -0.464104
 1323.000000 1.072664 -0.379511
 1324.000000 1.159130 -0.441007
 1325.000000 1.187121 -0.454231
 1326.000000 1.142959 -0.358038
 1327.000000 1.092880 -0.335341
 1328.000000 1.111037 -0.401707
 1329.000000 1.098064 -0.378994
 1330.000000 1.169070 -0.357682
 1331.000000 1.105449 -0.481046
 1332.000000 1.095535 -0.333228
 1333.000000 1.020983 -0.407986
 1334.000000 1.024020 -0.313565
 1335.000000 1.133909 -0.245386
 1336.000000 1.127462 -0.209452
 1337.000000 1.026081 -0.229135
 1338.000000 1.112993 -0.298919
 1339.000000 1.126770 -0.341948
 1340.000000 1.092644 -0.378730
 1341.000000 1.124841 -0.356039
 1342.000000 1.056252 -0.305545
 1343.000000 1.104495 -0.261791
 1344.000000 1.134764 -0.293440
 1345.000000 1.052233 -0.286813
 1346.000000 1.089602 -0.302909
 1347.000000 1.065571 -0.345204
 1348.000000 1.095435 -0.323022
 1349.000000 1.131722 -0.336959
 1350.000000 1.078582 -0.409205
 1351.000000 0.950292 -0.366168
 1352.000000 1.113790 -0.346419
 1353.000000 1.161606 -0.370176
 1354.000000 1.043868 -0.341558
 1355.000000 1.112411 -0.362638
 1356.000000 1.006564 -0.341782
 1357.000000 1.077541 -0.281801
 1358.000000 1.099465 -0.309021
 1359.000000 1.076054 -0.333025
 1360.000000 1.103984 -0.240790
 1361.000000 1.161181 -0.359554
 1362.000000 1.146080 -0.340395
 1363.000000 1.124567 -0.303068
 1364.000000 1.125935 -0.356513
 1365.000000 1.155399 -0.337322
 1366.000000 1.145819 -0.448764
 1367.000000 1.089180 -0.384953
 1368.000000 1.094903 -0.380252
 1369.000000 1.163384 -0.336823
 1370.000000 1.122734 -0.394946
 1371.000000 1.189081 -0.338276
 1372.000000 1.146487 -0.338310
 1373.000000 1.175952 -0.356782
 1374.000000 1.214256 -0.391456
 1375.000000 1.216745 -0.357443
 1376.000000 1.037266 -0.294822
 1377.000000 1.172814 -0.337162
 1378.000000 1.066620 -0.379679
 1379.000000 1.213674 -0.303744
 1380.000000 1.143608 -0.340538
 1381.000000 1.158180 -0.363621
 1382.000000 1.199174 -0.345621
 1383.000000 1.084209 -0.364199
 1384.000000 1.091779 -0.386540
 1385.000000 1.176956 -0.381799
 1386.000000 1.168948 -0.302173
 1387.000000 1.099281 -0.317153
 1388.000000 1.098953 -0.397682
 1389.000000 1.054838 -0.396381
 1390.000000 1.156509 -0.398307
 1391.000000 1.038286 -0.419182
 1392.000000 1.063912 -0.292131
 1393.000000 1.107720 -0.407619
 1394.000000 1.097736 -0.392565
 1395.000000 1.160349 -0.280372
 1396.000000 1.163593 -0.319409
 1397.000000 1.138651 -0.362787
 1398.000000 1.109443 -0.290796
 1399.000000 1.035692 -0.303815
 1400.000000 1.093365 -0.305237
 1401.000000 1.092906 -0.368867
 1402.000000 1.124228 -0.323007
 1403.000000 1.002533 -0.409198
 1404.000000 1.137129 -0.360231
 1405.000000 1.121580 -0.393008
 1406.000000 1.087741 -0.416297
 1407.000000 1.064686 -0.403257
 1408.000000 1.092765 -0.343378
 1409.000000 1.024672 -0.314867
 1410.000000 1.135199 -0.348217
 1411.000000 1.099307 -0.405839
 1412.000000 1.158965 -0.406461
 1413.000000 1.163338 -0.428415
 1414.000000 1.069925 -0.374062
 1415.000000 1.074840 -0.348855
 1416.000000 1.045752 -0.440748
 1417.000000 1.168428 -0.317128
 1418.000000 1.037670 -0.350860
 1419.000000 1.059237 -0.398852
 1420.000000 1.094853 -0.354146
 1421.000000 1.105417 -0.356979
 1422.000000 0.989229 -0.350977
 1423.000000 1.193207 -0.444857
 1424.000000 1.022539 -0.345399
 1425.000000 1.133255 -0.436016
 1426.000000 1.152241 -0.354488
 1427.000000 1.082350 -0.391929
 1428.000000 1.093664 -0.444666
 1429.000000 1.135610 -0.283348
 1430.000000 1.008455 -0.362916
 1431.000000 1.126786 -0.410539
 1432.000000 1.146608 -0.334810
 1433.000000 1.134005 -0.322052
 1434.000000 1.079485 -0.416937
 1435.000000 1.150027 -0.406922
 1436.000000 1.115387 -0.388539
 1437.000000 1.223186 -0.348472
 1438.000000 1.219342 -0.413008
 1439.000000 1.149657 -0.361759
 1440.000000 1.149057 -0.365534
 1441.000000 1.228916 -0.339628
 1442.000000 1.097314 -0.385111
 1443.000000 1.091929 -0.365206
 1444.000000 1.093535 -0.365817
 1445.000000 1.146335 -0.291732
 1446.000000 1.096585 -0.378728
 1447.000000 1.060734 -0.305254
 1448.000000 1.129504 -0.212927
 1449.000000 1.118214 -0.307210
 1450.000000 1.081287 -0.346923
 1451.000000 1.092170 -0.410825
 1452.000000 1.059014 -0.308415
 1453.000000 1.077856 -0.366848
 1454.000000 1.163265 -0.447439
 1455.000000 1.144387 -0.423224
 1456.000000 1.086250 -0.380993
 1457.000000 0.990642 -0.399848
 1458.000000 1.105297 -0.296733
 1459.000000 1.098336 -0.414085
 1460.000000 1.055319 -0.361294
 1461.000000 1.088083 -0.338730
 1462.000000 1.054284 -0.437347
 1463.000000 0.994936 -0.472504
 1464.000000 1.092275 -0.449133
 1465.000000 0.963468 -0.427439
 1466.000000 1.077329 -0.474589
 1467.000000 1.094709 -0.417799
 1468.000000 1.097797 -0.257878
 1469.000000 1.164476 -0.329803
 1470.000000 1.073453 -0.473662
 1471.000000 1.143526 -0.360179
 1472.000000 1.129044 -0.398166
 1473.000000 1.061739 -0.375632
 1474.000000 1.080142 -0.383237
 1475.000000 1.127215 -0.432891
 1476.000000 1.151515 -0.418392
 1477.000000 1.180250 -0.333720
 1478.000000 1.078607 -0.363835
 1479.000000 1.074594 -0.355699
 1480.000000 1.151669 -0.323906
 1481.000000 1.022963 -0.272702
 1482.000000 1.098379 -0.350277
 1483.000000 1.023061 -0.358885
 1484.000000 1.128680 -0.316796
 1485.000000 1.116419 -0.363913
 1486.000000 1.108386 -0.367614
 1487.000000 1.067594 -0.394731
 1488.000000 1.105927 -0.411417
 1489.000000 1.029929 -0.454128
 1490.000000 1.164612 -0.376081
 1491.000000 1.142220 -0.365818
 1492.000000 1.129018 -0.398111
 1493.000000 1.060219 -0.325707
 1494.000000 1.049275 -0.335860
 1495.000000 1.125869 -0.307292
 1496.000000 1.023980 -0.328997
 1497.000000 1.028858 -0.339276
 1498.000000 1.085818 -0.298320
 1499.000000 1.150287 -0.388776
 1500.000000 1.036680 -0.410993
 1501.000000 1.071943 -0.406799
 1502.000000 1.165619 -0.402097
 1503.000000 1.120160 -0.295610
 1504.000000 1.168726 -0.297034
 1505.000000 1.072963 -0.318217
 1506.000000 1.069757 -0.321958
 1507.000000 0.975988 -0.377198
 1508.000000 1.077473 -0.386270
 1509.000000 1.118734 -0.319004
 1510.000000 1.163555 -0.356772
 1511.000000 1.090051 -0.363657
 1512.000000 1.114013 -0.292138
 1513.000000 1.147885 -0.282865
 1514.000000 1.098340 -0.284414
 1515.000000 1.193928 -0.381215
 1516.000000 1.137584 -0.361857
 1517.000000 1.105273 -0.362376
 1518.000000 1.114474 -0.421957
 1519.000000 1.024531 -0.408882
 1520.000000 1.110468 -0.343089
 1521.000000 1.274205 -0.406183
 1522.000000 1.045856 -0.354697
 1523.000000 1.050817 -0.395923
 1524.000000 1.129523 -0.352412
 1525.000000 1.113496 -0.326422
 1526.000000 0.991411 -0.310999
 1527.000000 1.099220 -0.329359
 1528.000000 1.120846 -0.335123
 1529.000000 1.140286 -0.361459
 1530.000000 1.095218 -0.367938
 1531.000000 1.055934 -0.373045
 1532.000000 1.041144 -0.350580
 1533.000000 1.026842 -0.359882
 1534.000000 1.075282 -0.252873
 1535.000000 1.084031 -0.324646
 1536.000000 1.010657 -0.275389
 1537.000000 1.049316 -0.263245
 1538.000000 1.155380 -0.249830
 1539.000000 1.031852 -0.355596
 1540.000000 1.117109 -0.338360
 1541.000000 1.026454 -0.325782
 1542.000000 1.131524 -0.398000
 1543.000000 1.071374 -0.352226
 1544.000000 1.102205 -0.408046
 1545.000000 1.098156 -0.327391
 1546.000000 1.110149 -0.274731
 1547.000000 1.150016 -0.278318
 1548.000000 1.069579 -0.284992
 1549.000000 1.032391 -0.309142
 1550.000000 1.092274 -0.399396
 1551.000000 1.143871 -0.301424
 1552.000000 1.111786 -0.429890
 1553.000000 1.104385 -0.354591
 1554.000000 1.068340 -0.331276
 1555.000000 1.034924 -0.245263
 1556.000000 0.980534 -0.328869
 1557.000000 1.002811 -0.311317
 1558.000000 1.147026 -0.350498
 1559.000000 1.091717 -0.407705
 1560.000000 1.206849 -0.361823
 1561.000000 1.040837 -0.283969
 1562.000000 1.091875 -0.297787
 1563.000000 1.069985 -0.316834
 1564.000000 1.038921 -0.356455
 1565.000000 1.095560 -0.339871
 1566.000000 1.104441 -0.379628
 1567.000000 1.093014 -0.304019
 1568.000000 1.093020 -0.321539
 1569.000000 1.119560 -0.356040
 1570.000000 1.049627 -0.361255
 1571.000000 1.053474 -0.347146
 1572.000000 1.056346 -0.374212
 1573.000000 1.045778 -0.344578
 1574.000000 1.113305 -0.315278
 1575.000000 1.163275 -0.320520
 1576.000000 1.117886 -0.273127
 1577.000000 1.081561 -0.417160
 1578.000000 1.075674 -0.323925
 1579.000000 1.056847 -0.389156
 1580.000000 1.214543 -0.390243
 1581.000000 1.203578 -0.287606
 1582.000000 1.197212 -0.316605
 1583.000000 1.214487 -0.462829
 1584.000000 1.187186 -0.341376
 1585.000000 1.154114 -0.241281
 1586.000000 0.988821 -0.393088
 1587.000000 1.057649 -0.361094
 1588.000000 1.152323 -0.319875
 1589.000000 1.089288 -0.428214
 1590.000000 1.124137 -0.318029
 1591.000000 1.198768 -0.359913
 1592.000000 1.179863 -0.322777
 1593.000000 1.153874 -0.381765
 1594.000000 1.087786 -0.408880
 1595.000000 1.141936 -0.286784
 1596.000000 1.138173 -0.323874
 1597.000000 1.209739 -0.415820
 1598.000000 1.115281 -0.422278
 1599.000000 1.199228 -0.347218
 1600.000000 1.084599 -0.435832
 1601.000000 1.187233 -0.373206
 1602.000000 1.161231 -0.343890
 1603.000000 1.078315 -0.416466
 1604.000000 1.181001 -0.420988
 1605.000000 1.123046 -0.341337
 1606.000000 1.102333 -0.431793
 1607.000000 1.067311 -0.341660
 1608.000000 1.156098 -0.403364
 1609.000000 1.147417 -0.309167
 1610.000000 1.110188 -0.426367
 1611.000000 1.145460 -0.400330
 1612.000000 1.037542 -0.407771
 1613.000000 1.093533 -0.384489
 1614.000000 1.163007 -0.369324
 1615.000000 1.130082 -0.364535
 1616.000000 1.089503 -0.341843
 1617.000000 1.123854 -0.301227
 1618.000000 1.093403 -0.447725
 1619.000000 1.031552 -0.341448
 1620.000000 1.098538 -0.306327
 1621.000000 1.112156 -0.353976
 1622.000000 1.062567 -0.455471
 1623.000000 1.146898 -0.267714
 1624.000000 1.170096 -0.364064
 1625.000000 1.159547 -0.308440
 1626.000000 1.067190 -0.348667
 1627.000000 1.140280 -0.337350
 1628.000000 1.163207 -0.318058
 1629.000000 1.082079 -0.319529
 1630.000000 1.152035 -0.190859
 1631.000000 1.141480 -0.369463
 1632.000000 1.053474 -0.336306
 1633.000000 1.068433 -0.375569
 1634.000000 1.164678 -0.380645
 1635.000000 1.091168 -0.325193
 1636.000000 1.127662 -0.355620
 1637.000000 1.148120 -0.331074
 1638.000000 1.174725 -0.340038
 1639.000000 1.100253 -0.413293
 1640.000000 0.999620 -0.354929
 1641.000000 1.087967 -0.363705
 1642.000000 1.139900 -0.338206
 1643.000000 1.026177 -0.485376
 1644.000000 1.103500 -0.411310
 1645.000000 1.080875 -0.373998
 1646.000000 1.149835 -0.382569
 1647.000000 1.140295 -0.379149
 1648.000000 1.058304 -0.328295
 1649.000000 1.077119 -0.410274
 1650.000000 1.007497 -0.378397
 1651.000000 1.100671 -0.335947
 1652.000000 1.093630 -0.396482
 1653.000000 1.039685 -0.416159
 1654.000000 1.057153 -0.375902
 1655.000000 1.074004 -0.322686
 1656.000000 1.140960 -0.383940
 1657.000000 1.069100 -0.327656
 1658.000000 1.239126 -0.361564
 1659.000000 1.108462 -0.387651
 1660.000000 1.038948 -0.414237
 1661.000000 1.196115 -0.459891
 1662.000000 1.070676 -0.289770
 1663.000000 1.101645 -0.328720
 1664.000000 1.010767 -0.305753
 1665.000000 1.082460 -0.346304
 1666.000000 1.008993 -0.351387
 1667.000000 1.032835 -0.403117
 1668.000000 1.113202 -0.317940
 1669.000000 1.008866 -0.340676
 1670.000000 1.038547 -0.231287
 1671.000000 1.041482 -0.259045
 1672.000000 1.095145 -0.228552
 1673.000000 1.039328 -0.404555
 1674.000000 1.188729 -0.303661
 1675.000000 1.119156 -0.261548
 1676.000000 1.109343 -0.315693
 1677.000000 1.050553 -0.344521
 1678.000000 1.116045 -0.370354
 1679.000000 1.182610 -0.338092
 1680.000000 1.097205 -0.343938
 1681.000000 1.033040 -0.296227
 1682.000000 1.133094 -0.261960
 1683.000000 1.163284 -0.303705
 1684.000000 1.143300 -0.356541
 1685.000000 1.165965 -0.286556
 1686.000000 1.196473 -0.299897
 1687.000000 1.171717 -0.301402
 1688.000000 1.103561 -0.281342
 1689.000000 1.136333 -0.299504
 1690.000000 1.017984 -0.303085
 1691.000000 1.118178 -0.382651
 1692.000000 1.095168 -0.343660
 1693.000000 1.059369 -0.426212
 1694.000000 1.141604 -0.313077
 1695.000000 1.155069 -0.342823
 1696.000000 1.152570 -0.291663
 1697.000000 1.076709 -0.295438
 1698.000000 1.135175 -0.345180
 1699.000000 1.084573 -0.378630
 1700.000000 1.138712 -0.428582
 1701.000000 1.121731 -0.433233
 1702.000000 1.150428 -0.413768
 1703.000000 1.037908 -0.321479
 1704.000000 1.208704 -0.306252
 1705.000000 1.126305 -0.327317
 1706.000000 1.055073 -0.377259
 1707.000000 1.086359 -0.225123
 1708.000000 1.029063 -0.276109
 1709.000000 1.080612 -0.262221
 1710.000000 1.145444 -0.310184
 1711.000000 1.121810 -0.365237
 1712.000000 1.117489 -0.386108
 1713.000000 1.061203 -0.370750
 1714.000000 1.064632 -0.348367
 1715.000000 1.069278 -0.354624
 1716.000000 1.055254 -0.404656
 1717.000000 1.058264 -0.301598
 1718.000000 1.177401 -0.359421
 1719.000000 1.136735 -0.380870
 1720.000000 1.079479 -0.377889
 1721.000000 1.062173 -0.302440
 1722.000000 1.112313 -0.316922
 1723.000000 1.073783 -0.356957
 1724.000000 1.138854 -0.397735
 1725.000000 1.076033 -0.291929
 1726.000000 1.161642 -0.350866
 1727.000000 1.087200 -0.430905
 1728.000000 1.121395 -0.344778
 1729.000000 1.051853 -0.260671
 1730.000000 1.132688 -0.315586
 1731.000000 1.143914 -0.408681
 1732.000000 1.025261 -0.274565
 1733.000000 0.999256 -0.316268
 1734.000000 1.091733 -0.299416
 1735.000000 1.049891 -0.336768
 1736.000000 1.111680 -0.310419
 1737.000000 1.097308 -0.331823
 1738.000000 1.093126 -0.322979
 1739.000000 1.111827 -0.452913
 1740.000000 1.137444 -0.409607
 1741.000000 1.090727 -0.345416
 1742.000000 1.062694 -0.395189
 1743.000000 1.059876 -0.302356
 1744.000000 1.182305 -0.409518
 1745.000000 1.114456 -0.428797
 1746.000000 1.096052 -0.388283
 1747.000000 1.060123 -0.322026
 1748.000000 1.158631 -0.406411
 1749.000000 1.059902 -0.502227
 1750.000000 1.104382 -0.307883
 1751.000000 1.147762 -0.358167
 1752.000000 1.068287 -0.307938
 1753.000000 1.126354 -0.359738
 1754.000000 1.140505 -0.316008
 1755.000000 1.165545 -0.374643
 1756.000000 1.165166 -0.347747
 1757.000000 1.160283 -0.371819
 1758.000000 1.068310 -0.384041
 1759.000000 1.088581 -0.393287
 1760.000000 1.151610 -0.337884
 1761.000000 1.197228 -0.347923
 1762.000000 1.147258 -0.360292
 1763.000000 1.169780 -0.376429
 1764.000000 1.206724 -0.378438
 1765.000000 1.117601 -0.412465
 1766.000000 1.101032 -0.350337
 1767.000000 1.081503 -0.361874
 1768.000000 1.081735 -0.358979
 1769.000000 1.117577 -0.409342
 1770.000000 1.015847 -0.339758
 1771.000000 1.039856 -0.341796
 1772.000000 1.050798 -0.398012
 1773.000000 1.014142 -0.264459
 1774.000000 1.052374 -0.328403
 1775.000000 1.118010 -0.310551
 1776.000000 1.111803 -0.335995
 1777.000000 1.072180 -0.245008
 1778.000000 1.072736 -0.313787
 1779.000000 1.141973 -0.304209
 1780.000000 1.186017 -0.323275
 1781.000000 1.115453 -0.298647
 1782.000000 1.161751 -0.387538
 1783.000000 1.085060 -0.297886
 1784.000000 1.132342 -0.420229
 1785.000000 1.118104 -0.429439
 1786.000000 1.204543 -0.455260
 1787.000000 1.193521 -0.437452
 1788.000000 1.110030 -0.320246
 1789.000000 1.108310 -0.353877
 1790.000000 1.096960 -0.265083
 1791.000000 1.162531 -0.241978
 1792.000000 1.112399 -0.407312
 1793.000000 1.168330 -0.321641
 1794.000000 1.067370 -0.334281
 1795.000000 1.223070 -0.311931
 1796.000000 1.111610 -0.367595
 1797.000000 1.025036 -0.301735
 1798.000000 1.141287 -0.393004
 1799.000000 1.063678 -0.468823
 1800.000000 1.085166 -0.345411
 1801.000000 1.100003 -0.421623
 1802.000000 1.094463 -0.435778
 1803.000000 1.144062 -0.419256
 1804.000000 1.134832 -0.338441
 1805.000000 1.051645 -0.300202
 1806.000000 1.118869 -0.283983
 1807.000000 1.041938 -0.395142
 1808.000000 1.135667 -0.378822
 1809.000000 1.174242 -0.309633
 1810.000000 1.128089 -0.335918
 1811.000000 1.163809 -0.336843
 1812.000000 1.135569 -0.263663
 1813.000000 1.097424 -0.377082
 1814.000000 1.072818 -0.377848
 1815.000000 1.096888 -0.383511
 1816.000000 1.118944 -0.300849
 1817.000000 1.135951 -0.423602
 1818.000000 1.136735 -0.366264
 1819.000000 1.035389 -0.470685
 1820.000000 1.066098 -0.394039
 1821.000000 1.053627 -0.306803
 1822.000000 1.037377 -0.375796
 1823.000000 1.120035 -0.423249
 1824.000000 1.079371 -0.329443
 1825.000000 1.184464 -0.382296
 1826.000000 1.065922 -0.484497
 1827.000000 1.064055 -0.433796
 1828.000000 1.121665 -0.371505
 1829.000000 1.139023 -0.332882
 1830.000000 1.051240 -0.340796
 1831.000000 1.025613 -0.379347
 1832.000000 1.091223 -0.430422
 1833.000000 1.047611 -0.367630
 1834.000000 1.076632 -0.471193
 1835.000000 1.144789 -0.312799
 1836.000000 1.255489 -0.385336
 1837.000000 1.111066 -0.406010
 1838.000000 1.099205 -0.320358
 1839.000000 1.126468 -0.337015
 1840.000000 1.156690 -0.394834
 1841.000000 1.163804 -0.342350
 1842.000000 1.142123 -0.386586
 1843.000000 1.169038 -0.358801
 1844.000000 1.165797 -0.333266
 1845.000000 1.103264 -0.333295
 1846.000000 1.096174 -0.325810
 1847.000000 1.104660 -0.292565
 1848.000000 1.087230 -0.429268
 1849.000000 1.147717 -0.204798
 1850.000000 1.091091 -0.314799
 1851.000000 1.111269 -0.417294
 1852.000000 1.079568 -0.384521
 1853.000000 1.119915 -0.301401
 1854.000000 1.159914 -0.373178
 1855.000000 1.124025 -0.357417
 1856.000000 1.044602 -0.276952
 1857.000000 1.089141 -0.325900
 1858.000000 1.141104 -0.295270
 1859.000000 1.115465 -0.345683
 1860.000000 1.066796 -0.305664
 1861.000000 1.161250 -0.352229
 1862.000000 1.014248 -0.342924
 1863.000000 1.056463 -0.382705
 1864.000000 0.999603 -0.416022
 1865.000000 1.051821 -0.316597
 1866.000000 1.181004 -0.474703
 1867.000000 1.106571 -0.361179
 1868.000000 1.143545 -0.249169
 1869.000000 1.119687 -0.323340
 1870.000000 1.092564 -0.309868
 1871.000000 1.041330 -0.374978
 1872.000000 1.139747 -0.330422
 1873.000000 1.064066 -0.393271
 1874.000000 1.003445 -0.401690
 1875.000000 1.045103 -0.318596
 1876.000000 1.156509 -0.375645
 1877.000000 1.137579 -0.381141
 1878.000000 1.165860 -0.365992
 1879.000000 1.080311 -0.324740
 1880.000000 1.138338 -0.446971
 1881.000000 1.076987 -0.315129
 1882.000000 1.134706 -0.373636
 1883.000000 1.144302 -0.364160
 1884.000000 1.120993 -0.314158
 1885.000000 1.020072 -0.379561
 1886.000000 1.089388 -0.308225
 1887.000000 1.135852 -0.396909
 1888.000000 1.114785 -0.342895
 1889.000000 1.073582 -0.298063
 1890.000000 1.204996 -0.455749
 1891.000000 1.029731 -0.341886
 1892.000000 1.008438 -0.325012
 1893.000000 1.116737 -0.417811
 1894.000000 1.145606 -0.350749
 1895.000000 1.096157 -0.436375
 1896.000000 1.199308 -0.381113
 1897.000000 1.149820 -0.438115
 1898.000000 1.135734 -0.369238
 1899.000000 1.045063 -0.376219
 1900.000000 0.987661 -0.277311
 1901.000000 1.043172 -0.355360
 1902.000000 1.085999 -0.318736
 1903.000000 1.010861 -0.353447
 1904.000000 0.929263 -0.368476
 1905.000000 1.004339 -0.325785
 1906.000000 0.940965 -0.378253
 1907.000000 1.022999 -0.395121
 1908.000000 1.019042 -0.291222
 1909.000000 1.023150 -0.372573
 1910.000000 1.054336 -0.478801
 1911.000000 0.947621 -0.344532
 1912.000000 0.980876 -0.310352
 1913.000000 1.018511 -0.383818
 1914.000000 0.962547 -0.425887
 1915.000000 1.067082 -0.399374
 1916.000000 1.057021 -0.377397
 1917.000000 0.960900 -0.404290
 1918.000000 1.067717 -0.447368
 1919.000000 1.093011 -0.354652
 1920.000000 1.051619 -0.361863
 1921.000000 1.057868 -0.307757
 1922.000000 1.140252 -0.365021
 1923.000000 1.076590 -0.480834
 1924.000000 1.148027 -0.396182
 1925.000000 0.990688 -0.365446
 1926.000000 0.979505 -0.338110
 1927.000000 1.057304 -0.293140
 1928.000000 1.057285 -0.360845
 1929.000000 1.064815 -0.334940
 1930.000000 1.001527 -0.337926
 1931.000000 1.018463 -0.327143
 1932.000000 0.926373 -0.362199
 1933.000000 0.936183 -0.417971
 1934.000000 1.008492 -0.436202
 1935.000000 0.986206 -0.304539
 1936.000000 1.080216 -0.278320
 1937.000000 1.045689 -0.400955
 1938.000000 1.085057 -0.486427
 1939.000000 1.039816 -0.372014
 1940.000000 1.054132 -0.358732
 1941.000000 0.942214 -0.333237
 1942.000000 0.972935 -0.345574
 1943.000000 0.949575 -0.385021
 1944.000000 1.063604 -0.332061
 1945.000000 1.044091 -0.431858
 1946.000000 1.141150 -0.352787
 1947.000000 1.145382 -0.368099
 1948.000000 1.035238 -0.388669
 1949.000000 1.073322 -0.330115
 1950.000000 1.087366 -0.341864
 1951.000000 1.024334 -0.350433
 1952.000000 1.048927 -0.254829
 1953.000000 1.063850 -0.295922
 1954.000000 1.067582 -0.351926
 1955.000000 0.981559 -0.324915
 1956.000000 1.004467 -0.208045
 1957.000000 1.053987 -0.325069
 1958.000000 1.094360 -0.471276
 1959.000000 1.156364 -0.405619
 1960.000000 1.096411 -0.408069
 1961.000000 1.064974 -0.305640
 1962.000000 1.065272 -0.270919
 1963.000000 1.126314 -0.381257
 1964.000000 1.013518 -0.339183
 1965.000000 1.019101 -0.369383
 1966.000000 1.065212 -0.328891
 1967.000000 1.039801 -0.351024
 1968.000000 1.081500 -0.320736
 1969.000000 1.031842 -0.321925
 1970.000000 1.086285 -0.377075
 1971.000000 1.043983 -0.312428
 1972.000000 0.966170 -0.356403
 1973.000000 0.976926 -0.266310
 1974.000000 1.046904 -0.282459
 1975.000000 1.011965 -0.326372
 1976.000000 1.044227 -0.290441
 1977.000000 1.074765 -0.299247
 1978.000000 0.994879 -0.342586
 1979.000000 1.064064 -0.323829
 1980.000000 1.037168 -0.221243
 1981.000000 1.031823 -0.339956
 1982.000000 1.050892 -0.379632
 1983.000000 1.052157 -0.306825
 1984.000000 1.111313 -0.294259
 1985.000000 1.035523 -0.271239
 1986.000000 1.033086 -0.390781
 1987.000000 1.059940 -0.301581
 1988.000000 1.025747 -0.349504
 1989.000000 1.109176 -0.301488
 1990.000000 1.195127 -0.350845
 1991.000000 1.076882 -0.324735
 1992.000000 1.013916 -0.337107
 1993.000000 1.109754 -0.341277
 1994.000000 1.096120 -0.365510
 1995.000000 1.114532 -0.318333
 1996.000000 1.095431 -0.364257
 1997.000000 1.153088 -0.379365
 1998.000000 1.127521 -0.305450
 1999.000000 1.065088 -0.296936
 2000.000000 1.162388 -0.294399
 2001.000000 1.074218 -0.374756
 2002.000000 1.089426 -0.365161
 2003.000000 1.020576 -0.263975
 2004.000000 1.118713 -0.325840
 2005.000000 1.110714 -0.314514
 2006.000000 1.040622 -0.224302
 2007.000000 1.051785 -0.335957
 2008.000000 1.106071 -0.402314
 2009.000000 1.002811 -0.279313
 2010.000000 1.097224 -0.399726
 2011.000000 1.055896 -0.429005
 2012.000000 1.133012 -0.280305
 2013.000000 1.010693 -0.319229
 2014.000000 1.114004 -0.218420
 2015.000000 0.945985 -0.290678
 2016.000000 0.991453 -0.207924
 2017.000000 1.124024 -0.276960
 2018.000000 1.112158 -0.360626
 2019.000000 1.216239 -0.237663
 2020.000000 1.158627 -0.464647
 2021.000000 0.986543 -0.283082
 2022.000000 1.099118 -0.242012
 2023.000000 1.111865 -0.421247
 2024.000000 1.094078 -0.358356
 2025.000000 0.935385 -0.292992
 2026.000000 1.037050 -0.259120
 2027.000000 1.078861 -0.300604
 2028.000000 1.075897 -0.270825
 2029.000000 1.046379 -0.258971
 2030.000000 0.959011 -0.236173
 2031.000000 1.095096 -0.164248
 2032.000000 1.064829 -0.305670
 2033.000000 1.111529 -0.322040
 2034.000000 1.106766 -0.355956
 2035.000000 0.984142 -0.377742
 2036.000000 1.030149 -0.265653
 2037.000000 1.024065 -0.346480
 2038.000000 1.042719 -0.308896
 2039.000000 0.970957 -0.352894
 2040.000000 1.033940 -0.335511
 2041.000000 1.062306 -0.323414
 2042.000000 0.989403 -0.383963
 2043.000000 1.039016 -0.367766
 2044.000000 0.983537 -0.448390
 2045.000000 1.041513 -0.396258
 2046.000000 1.075770 -0.328844
 2047.000000 0.965793 -0.413343
 2048.000000 1.028881 -0.394406
 2049.000000 1.020082 -0.336079
 2050.000000 1.098223 -0.210698
 2051.000000 1.000221 -0.334814
 2052.000000 1.011049 -0.386463
 2053.000000 1.112319 -0.245913
 2054.000000 0.983687 -0.335050
 2055.000000 1.056191 -0.260468
 2056.000000 1.099765 -0.255459
 2057.000000 1.008705 -0.353092
 2058.000000 0.994672 -0.246761
 2059.000000 0.983555 -0.282663
 2060.000000 1.136029 -0.323395
 2061.000000 1.023044 -0.241620
 2062.000000 1.109014 -0.373389
 2063.000000 1.140385 -0.349370
 2064.000000 0.954771 -0.342393
 2065.000000 1.118325 -0.322683
 2066.000000 1.086235 -0.371492
 2067.000000 1.093354 -0.280400
 2068.000000 1.030222 -0.354307
 2069.000000 1.076049 -0.422283
 2070.000000 1.063077 -0.355036
 2071.000000 1.073359 -0.295135
 2072.000000 1.137943 -0.256399
 2073.000000 1.115914 -0.304160
 2074.000000 0.963420 -0.301490
 2075.000000 1.019844 -0.355606
 2076.000000 1.016701 -0.363665
 2077.000000 1.031227 -0.344551
 2078.000000 1.065604 -0.264322
 2079.000000 1.057940 -0.384764
 2080.000000 1.110712 -0.259608
 2081.000000 1.170520 -0.351719
 2082.000000 1.204932 -0.287563
 2083.000000 1.147106 -0.379682
 2084.000000 1.087561 -0.352603
 2085.000000 1.063709 -0.349111
 2086.000000 0.999430 -0.454712
 2087.000000 1.143334 -0.289883
 2088.000000 1.012958 -0.309886
 2089.000000 1.080873 -0.366426
 2090.000000 1.065485 -0.295755
 2091.000000 1.098641 -0.388419
 2092.000000 1.149172 -0.373205
 2093.000000 1.044259 -0.324140
 2094.000000 1.017913 -0.356956
 2095.000000 1.130217 -0.349325
 2096.000000 1.091523 -0.285924
 2097.000000 1.127263 -0.319443
 2098.000000 1.092872 -0.342369
 2099.000000 1.099625 -0.355090
 2100.000000 1.011322 -0.258603
 2101.000000 1.095242 -0.300661
 2102.000000 1.233075 -0.259843
 2103.000000 1.152624 -0.343264
 2104.000000 1.059561 -0.386969
 2105.000000 1.058669 -0.349725
 2106.000000 1.046042 -0.288479
 2107.000000 1.082734 -0.293714
 2108.000000 1.014262 -0.402656
 2109.000000 1.064193 -0.298589
 2110.000000 0.951170 -0.382188
 2111.000000 1.020543 -0.339788
 2112.000000 1.118918 -0.347597
 2113.000000 1.129726 -0.371729
 2114.000000 1.116275 -0.306053
 2115.000000 1.145934 -0.318640
 2116.000000 1.111098 -0.326450
 2117.000000 1.202257 -0.345732
 2118.000000 1.088452 -0.343426
 2119.000000 1.150124 -0.386270
 2120.000000 1.088400 -0.399633
 2121.000000 1.026146 -0.392743
 2122.000000 1.097011 -0.313869
 2123.000000 1.079431 -0.390747
 2124.000000 1.156151 -0.317211
 2125.000000 1.069715 -0.366961
 2126.000000 1.156940 -0.249087
 2127.000000 1.069517 -0.242288
 2128.000000 1.013596 -0.317658
 2129.000000 1.174264 -0.308242
 2130.000000 1.117258 -0.287472
 2131.000000 1.124714 -0.301079
 2132.000000 0.989465 -0.345433
 2133.000000 1.057135 -0.316572
 2134.000000 0.983838 -0.332438
 2135.000000 1.183309 -0.321146
 2136.000000 1.151069 -0.271953
 2137.000000 1.024243 -0.440001
 2138.000000 1.011011 -0.261520
 2139.000000 1.116334 -0.328976
 2140.000000 1.079291 -0.311797
 2141.000000 1.079997 -0.263351
 2142.000000 1.153516 -0.255046
 2143.000000 1.070374 -0.361619
 2144.000000 1.019318 -0.259692
 2145.000000 0.994057 -0.267935
 2146.000000 1.131338 -0.339440
 2147.000000 1.096271 -0.297205
 2148.000000 1.070946 -0.384190
 2149.000000 1.041273 -0.259589
 2150.000000 1.042420 -0.428946
 2151.000000 1.087994 -0.351731
 2152.000000 1.126447 -0.290108
 2153.000000 1.095328 -0.302092
 2154.000000 1.056780 -0.285463
 2155.000000 1.088088 -0.299411
 2156.000000 1.076390 -0.347370
 2157.000000 1.016225 -0.354228
 2158.000000 1.063614 -0.351655
 2159.000000 1.057222 -0.387673
 2160.000000 1.200061 -0.361034
 2161.000000 1.208382 -0.309540
 2162.000000 1.073977 -0.272261
 2163.000000 1.057123 -0.282108
 2164.000000 0.996790 -0.403923
 2165.000000 1.076357 -0.287691
 2166.000000 1.124398 -0.317217
 2167.000000 1.109168 -0.207073
 2168.000000 1.095970 -0.295739
 2169.000000 1.129790 -0.353084
 2170.000000 1.091310 -0.336643
 2171.000000 1.066291 -0.408133
 2172.000000 1.048279 -0.344251
 2173.000000 1.026106 -0.412733
 2174.000000 1.118830 -0.411647
 2175.000000 1.020955 -0.322662
 2176.000000 1.141690 -0.363902
 2177.000000 1.086522 -0.333800
 2178.000000 1.094498 -0.314920
 2179.000000 1.112944 -0.334560
 2180.000000 1.125295 -0.294014
 2181.000000 1.127223 -0.357856
 2182.000000 1.045120 -0.339510
 2183.000000 0.936309 -0.355833
 2184.000000 1.035141 -0.366815
 2185.000000 0.984165 -0.363795
 2186.000000 1.080305 -0.347915
 2187.000000 1.067210 -0.376518
 2188.000000 1.095885 -0.279553
 2189.000000 1.095870 -0.335854
 2190.000000 1.096267 -0.370064
 2191.000000 0.996740 -0.311408
 2192.000000 1.150854 -0.405968
 2193.000000 0.931120 -0.379945
 2194.000000 0.992387 -0.386709
 2195.000000 1.097367 -0.368978
 2196.000000 0.982611 -0.381823
 2197.000000 1.032179 -0.294678
 2198.000000 1.070889 -0.378826
 2199.000000 1.010226 -0.331856
 2200.000000 1.095208 -0.358227
 2201.000000 0.999473 -0.413823
 2202.000000 1.039118 -0.435154
 2203.000000 1.084146 -0.313354
 2204.000000 1.148326 -0.327522
 2205.000000 1.058399 -0.281700
 2206.000000 1.013258 -0.336940
 2207.000000 1.106430 -0.386989
 2208.000000 1.111007 -0.349935
 2209.000000 1.060505 -0.344005
 2210.000000 1.042238 -0.295561
 2211.000000 0.999803 -0.286908
 2212.000000 1.029275 -0.320712
 2213.000000 1.058849 -0.259070
 2214.000000 1.094285 -0.368020
 2215.000000 1.029280 -0.326173
 2216.000000 1.056741 -0.361657
 2217.000000 1.102608 -0.316117
 2218.000000 1.091435 -0.374432
 2219.000000 1.111714 -0.351526
 2220.000000 1.092032 -0.304592
 2221.000000 1.097021 -0.293207
 2222.000000 1.054373 -0.368046
 2223.000000 1.161436 -0.318407
 2224.000000 1.075303 -0.294981
 2225.000000 1.031196 -0.346310
 2226.000000 1.172074 -0.245241
 2227.000000 1.006984 -0.340081
 2228.000000 1.083718 -0.365797
 2229.000000 1.043477 -0.323860
 2230.000000 1.063077 -0.385714
 2231.000000 1.081129 -0.393193
 2232.000000 1.117478 -0.338023
 2233.000000 1.155961 -0.283673
 2234.000000 1.184452 -0.328789
 2235.000000 1.039549 -0.325058
 2236.000000 1.021212 -0.379295
 2237.000000 1.120933 -0.358541
 2238.000000 1.099548 -0.365596
 2239.000000 0.995876 -0.459401
 2240.000000 0.994900 -0.379340
 2241.000000 1.072470 -0.336633
 2242.000000 1.055007 -0.315587
 2243.000000 1.126358 -0.395653
 2244.000000 1.009450 -0.303943
 2245.000000 1.034663 -0.325265
 2246.000000 1.166237 -0.371067
 2247.000000 1.052785 -0.347984
 2248.000000 1.023388 -0.313255
 2249.000000 1.054808 -0.395073
 2250.000000 0.946898 -0.374981
 2251.000000 1.003699 -0.302091
 2252.000000 1.017434 -0.308201
 2253.000000 1.055748 -0.285543
 2254.000000 1.123958 -0.315478
 2255.000000 1.154454 -0.322440
 2256.000000 1.058163 -0.323278
 2257.000000 1.060005 -0.238524
 2258.000000 1.052785 -0.305468
 2259.000000 1.014487 -0.291487
 2260.000000 1.155438 -0.328999
 2261.000000 0.958342 -0.376675
 2262.000000 0.957389 -0.286829
 2263.000000 1.054817 -0.345471
 2264.000000 1.036377 -0.411413
 2265.000000 0.992720 -0.367715
 2266.000000 1.052601 -0.355361
 2267.000000 0.941711 -0.421986
 2268.000000 1.057993 -0.400104
 2269.000000 0.994071 -0.387117
 2270.000000 1.045979 -0.363941
 2271.000000 1.066380 -0.275922
 2272.000000 1.126742 -0.288858
 2273.000000 1.006277 -0.334084
 2274.000000 1.014565 -0.340992
 2275.000000 1.018503 -0.379529
 2276.000000 1.107859 -0.412908
 2277.000000 1.113083 -0.379771
 2278.000000 1.048825 -0.461971
 2279.000000 0.991664 -0.342161
 2280.000000 1.074639 -0.332679
 2281.000000 1.063723 -0.290392
 2282.000000 0.984153 -0.320257
 2283.000000 1.050709 -0.388180
 2284.000000 1.040523 -0.445266
 2285.000000 1.061919 -0.388909
 2286.000000 1.053809 -0.362382
 2287.000000 1.001039 -0.278136
 2288.000000 1.033933 -0.364159
 2289.000000 0.997853 -0.365510
 2290.000000 1.056940 -0.379104
 2291.000000 1.002474 -0.419662
 2292.000000 1.124011 -0.345880
 2293.000000 1.033777 -0.324645
 2294.000000 1.037955 -0.346716
 2295.000000 0.936511 -0.326330
 2296.000000 1.015721 -0.327342
 2297.000000 0.899730 -0.331915
 2298.000000 1.051650 -0.330478
 2299.000000 1.111016 -0.338719
 2300.000000 1.008385 -0.390859
 2301.000000 1.026788 -0.378691
 2302.000000 1.051638 -0.284165
 2303.000000 1.038664 -0.292100
 2304.000000 1.004782 -0.315765
 2305.000000 1.108944 -0.341597
 2306.000000 1.041629 -0.304949
 2307.000000 1.014122 -0.267139
 2308.000000 1.030905 -0.260321
 2309.000000 0.968163 -0.339116
 2310.000000 1.013212 -0.346623
 2311.000000 1.152558 -0.282473
 2312.000000 1.006223 -0.284827
 2313.000000 1.095152 -0.283504
 2314.000000 1.092272 -0.371583
 2315.000000 1.030691 -0.311247
 2316.000000 1.042632 -0.269705
 2317.000000 1.146875 -0.330782
 2318.000000 1.136101 -0.329943
 2319.000000 1.076917 -0.274207
 2320.000000 1.112404 -0.387879
 2321.000000 0.967592 -0.262690
 2322.000000 1.120236 -0.295776
 2323.000000 1.039000 -0.407472
 2324.000000 1.054161 -0.429732
 2325.000000 1.002191 -0.320207
 2326.000000 1.137816 -0.327057
 2327.000000 1.048630 -0.441126
 2328.000000 1.106865 -0.385768
 2329.000000 1.134013 -0.379923
 2330.000000 1.082863 -0.334248
 2331.000000 1.132899 -0.424422
 2332.000000 1.089481 -0.381418
 2333.000000 1.021554 -0.363762
 2334.000000 1.100048 -0.353730
 2335.000000 1.140449 -0.385815
 2336.000000 1.064130 -0.413470
 2337.000000 1.233101 -0.368200
 2338.000000 1.197807 -0.384818
 2339.000000 1.162239 -0.330096
 2340.000000 1.061965 -0.364835
 2341.000000 1.129059 -0.376206
 2342.000000 0.986156 -0.373592
 2343.000000 1.119060 -0.283645
 2344.000000 1.069626 -0.355430
 2345.000000 1.032835 -0.354290
 2346.000000 1.094212 -0.317347
 2347.000000 1.011147 -0.423874
 2348.000000 1.098065 -0.435154
 2349.000000 1.035811 -0.426055
 2350.000000 1.109511 -0.405566
 2351.000000 0.945443 -0.337452
 2352.000000 1.141531 -0.316633
 2353.000000 1.088500 -0.322605
 2354.000000 1.125573 -0.280502
 2355.000000 1.073304 -0.316843
 2356.000000 1.053249 -0.288627
 2357.000000 1.110062 -0.309087
 2358.000000 1.089077 -0.310055
 2359.000000 1.070212 -0.336962
 2360.000000 1.047270 -0.351963
 2361.000000 1.075690 -0.415509
 2362.000000 1.163282 -0.327868
 2363.000000 0.988087 -0.262489
 2364.000000 0.997740 -0.328365
 2365.000000 1.060514 -0.398168
 2366.000000 1.062313 -0.334109
 2367.000000 1.071916 -0.356641
 2368.000000 1.031425 -0.426496
 2369.000000 0.927970 -0.354684
 2370.000000 1.092565 -0.453317
 2371.000000 1.039009 -0.399256
 2372.000000 1.049085 -0.450454
 2373.000000 1.191984 -0.331780
 2374.000000 1.091635 -0.318141
 2375.000000 1.096305 -0.365883
 2376.000000 1.087640 -0.349304
 2377.000000 1.015928 -0.332444
 2378.000000 1.123385 -0.354415
 2379.000000 1.087484 -0.288178
 2380.000000 1.022483 -0.320763
 2381.000000 1.025449 -0.331166
 2382.000000 1.085558 -0.413897
 2383.000000 1.156298 -0.421207
 2384.000000 1.065493 -0.351171
 2385.000000 1.116647 -0.384662
 2386.000000 1.044620 -0.290832
 2387.000000 0.977350 -0.390560
 2388.000000 1.034896 -0.354778
 2389.000000 1.067935 -0.360464
 2390.000000 1.036022 -0.427180
 2391.000000 1.088085 -0.378992
 2392.000000 1.048077 -0.400408
 2393.000000 1.096792 -0.343374
 2394.000000 1.098628 -0.437253
 2395.000000 1.109391 -0.310950
 2396.000000 1.150447 -0.330750
 2397.000000 1.125459 -0.351946
 2398.000000 1.137635 -0.306539
 2399.000000 1.167498 -0.310185
 2400.000000 1.063363 -0.241300
 2401.000000 1.108785 -0.311146
 2402.000000 1.131479 -0.399783
 2403.000000 1.009507 -0.324028
 2404.000000 1.151357 -0.279654
 2405.000000 1.165811 -0.422733
 2406.000000 1.174794 -0.406449
 2407.000000 1.061857 -0.359407
 2408.000000 1.126109 -0.336164
 2409.000000 1.061550 -0.316265
 2410.000000 1.146491 -0.320006
 2411.000000 1.106940 -0.310239
 2412.000000 1.028421 -0.363905
 2413.000000 1.056711 -0.296663
 2414.000000 1.002685 -0.333195
 2415.000000 1.060486 -0.301212
 2416.000000 1.071603 -0.369822
 2417.000000 1.102791 -0.472709
 2418.000000 1.107086 -0.369985
 2419.000000 1.189643 -0.415194
 2420.000000 1.141819 -0.334072
 2421.000000 1.085162 -0.310486
 2422.000000 1.103475 -0.349027
 2423.000000 1.134211 -0.472562
 2424.000000 1.147519 -0.358309
 2425.000000 1.118794 -0.363308
 2426.000000 1.093993 -0.407748
 2427.000000 1.085802 -0.295295
 2428.000000 1.100084 -0.393399
 2429.000000 1.165859 -0.358491
 2430.000000 1.047635 -0.344560
 2431.000000 1.070501 -0.372368
 2432.000000 1.119194 -0.443779
 2433.000000 1.086852 -0.331555
 2434.000000 1.055388 -0.427705
 2435.000000 1.016455 -0.327697
 2436.000000 1.166271 -0.338383
 2437.000000 1.048942 -0.408604
 2438.000000 1.129151 -0.445276
 2439.000000 1.083951 -0.319121
 2440.000000 1.087899 -0.241859
 2441.000000 1.070315 -0.305596
 2442.000000 1.133284 -0.258194
 2443.000000 1.192866 -0.386076
 2444.000000 1.105384 -0.396269
 2445.000000 1.061139 -0.422652
 2446.000000 1.044906 -0.405183
 2447.000000 1.119343 -0.380764
 2448.000000 1.167695 -0.350591
 2449.000000 1.151806 -0.448061
 2450.000000 1.146329 -0.310551
 2451.000000 1.030875 -0.421228
 2452.000000 1.169775 -0.369533
 2453.000000 1.092164 -0.324126
 2454.000000 1.109313 -0.327718
 2455.000000 1.166261 -0.422741
 2456.000000 1.094938 -0.332652
 2457.000000 1.048702 -0.310400
 2458.000000 1.166301 -0.388518
 2459.000000 0.993187 -0.400965
 2460.000000 1.094555 -0.311047
 2461.000000 1.102800 -0.347424
 2462.000000 1.043777 -0.320433
 2463.000000 1.106123 -0.291010
 2464.000000 1.100062 -0.299849
 2465.000000 1.010610 -0.310197
 2466.000000 1.133870 -0.367995
 2467.000000 1.052977 -0.375878
 2468.000000 1.098597 -0.362001
 2469.000000 1.104986 -0.347232
 2470.000000 1.043696 -0.337413
 2471.000000 1.140599 -0.405680
 2472.000000 1.158438 -0.346930
 2473.000000 1.117412 -0.423752
 2474.000000 1.153273 -0.368767
 2475.000000 1.235598 -0.343603
 2476.000000 1.194301 -0.331503
 2477.000000 1.249978 -0.397300
 2478.000000 1.101386 -0.302493
 2479.000000 1.222659 -0.294811
 2480.000000 1.135839 -0.260634
 2481.000000 1.053248 -0.174088
 2482.000000 1.194813 -0.275131
 2483.000000 1.188810 -0.259781
 2484.000000 1.111018 -0.218900
 2485.000000 1.115979 -0.300647
 2486.000000 1.166063 -0.196959
 2487.000000 0.992440 -0.214506
 2488.000000 1.067815 -0.304620
 2489.000000 1.201499 -0.338122
 2490.000000 1.159300 -0.290620
 2491.000000 1.188928 -0.322172
 2492.000000 1.150797 -0.335488
 2493.000000 1.077780 -0.271694
 2494.000000 1.048115 -0.257114
 2495.000000 1.104877 -0.197160
 2496.000000 1.121606 -0.225197
 2497.000000 1.187155 -0.263229
 2498.000000 1.109192 -0.266114
 2499.000000 1.065609 -0.320800
 2500.000000 1.151579 -0.332739
