#! FIELDS time pd_137_140 diff
 0.000000 2.119533 -1.189245
 1.000000 2.050266 -1.443836
 2.000000 2.067378 -1.509300
 3.000000 2.045808 -1.633961
 4.000000 2.081338 -1.575053
 5.000000 2.157498 -1.672889
 6.000000 2.087479 -1.676930
 7.000000 2.084802 -1.658885
 8.000000 2.055807 -1.649166
 9.000000 2.052373 -1.648650
 10.000000 2.031303 -1.656345
 11.000000 2.046336 -1.670192
 12.000000 2.095845 -1.592676
 13.000000 2.088868 -1.637419
 14.000000 2.033775 -1.660695
 15.000000 1.972751 -1.657077
 16.000000 2.028819 -1.579254
 17.000000 2.035930 -1.579514
 18.000000 2.092931 -1.558357
 19.000000 2.022123 -1.634828
 20.000000 2.039747 -1.614058
 21.000000 2.047629 -1.649015
 22.000000 2.047216 -1.570542
 23.000000 2.047541 -1.583437
 24.000000 2.126463 -1.590085
 25.000000 1.979586 -1.610965
 26.000000 2.062014 -1.670153
 27.000000 2.111612 -1.710217
 28.000000 2.147190 -1.617478
 29.000000 2.070735 -1.680131
 30.000000 2.087421 -1.684505
 31.000000 2.120810 -1.685982
 32.000000 2.077300 -1.671599
 33.000000 1.997365 -1.671637
 34.000000 2.027162 -1.585816
 35.000000 2.071832 -1.651782
 36.000000 2.121689 -1.568748
 37.000000 2.084352 -1.564763
 38.000000 2.104862 -1.550338
 39.000000 2.029188 -1.463022
 40.000000 2.107293 -1.607386
 41.000000 2.074339 -1.703270
 42.000000 2.193708 -1.590842
 43.000000 2.051620 -1.577111
 44.000000 2.109572 -1.546940
 45.000000 2.093342 -1.573066
 46.000000 2.093252 -1.545614
 47.000000 2.126236 -1.652916
 48.000000 2.152683 -1.637472
 49.000000 2.094236 -1.607352
 50.000000 2.173465 -1.610518
 51.000000 2.228261 -1.600228
 52.000000 2.136942 -1.609506
 53.000000 2.028100 -1.681709
 54.000000 2.162260 -1.592729
 55.000000 2.134285 -1.559671
 56.000000 2.138097 -1.603664
 57.000000 2.116659 -1.542112
 58.000000 2.011426 -1.559745
 59.000000 1.997798 -1.589299
 60.000000 2.068838 -1.632189
 61.000000 2.008413 -1.536848
 62.000000 2.033648 -1.653916
 63.000000 1.895316 -1.557234
 64.000000 2.092348 -1.626721
 65.000000 2.078575 -1.608151
 66.000000 2.076620 -1.546728
 67.000000 2.069380 -1.584798
 68.000000 1.974301 -1.557695
 69.000000 2.037500 -1.631771
 70.000000 1.970154 -1.603196
 71.000000 2.132564 -1.533892
 72.000000 1.922680 -1.575676
 73.000000 2.056295 -1.518108
 74.000000 2.108314 -1.570299
 75.000000 2.032037 -1.636554
 76.000000 2.051163 -1.558969
 77.000000 2.087474 -1.583834
 78.000000 2.088718 -1.469211
 79.000000 2.153937 -1.437329
 80.000000 2.110776 -1.603637
 81.000000 2.036020 -1.561428
 82.000000 2.095309 -1.589084
 83.000000 2.006990 -1.604330
 84.000000 2.152212 -1.651129
 85.000000 2.100243 -1.477567
 86.000000 2.140986 -1.602469
 87.000000 2.105558 -1.503291
 88.000000 2.048126 -1.551555
 89.000000 2.016340 -1.502092
 90.000000 2.167682 -1.560624
 91.000000 2.047716 -1.540767
 92.000000 2.037765 -1.541110
 93.000000 2.145574 -1.574955
 94.000000 2.041124 -1.533337
 95.000000 2.076326 -1.555383
 96.000000 2.107413 -1.579716
 97.000000 2.095213 -1.494365
 98.000000 2.142928 -1.523842
 99.000000 2.104226 -1.558088
 100.000000 2.151585 -1.588995
 101.000000 2.096319 -1.508162
 102.000000 2.024178 -1.594385
 103.000000 2.025207 -1.608161
 104.000000 2.136914 -1.513952
 105.000000 2.050619 -1.528814
 106.000000 2.181409 -1.577949
 107.000000 2.138279 -1.561198
 108.000000 1.979865 -1.567371
 109.000000 2.089233 -1.541394
 110.000000 2.009303 -1.522337
 111.000000 2.089233 -1.582884
 112.000000 2.116496 -1.620818
 113.000000 2.065691 -1.658392
 114.000000 2.117954 -1.555032
 115.000000 2.118014 -1.615278
 116.000000 2.147992 -1.573854
 117.000000 2.087117 -1.598689
 118.000000 2.180795 -1.619395
 119.000000 2.154199 -1.618875
 120.000000 2.104338 -1.678591
 121.000000 2.018103 -1.643216
 122.000000 2.068721 -1.606506
 123.000000 2.069662 -1.659758
 124.000000 2.093461 -1.653738
 125.000000 2.185472 -1.573897
 126.000000 2.176245 -1.648162
 127.000000 2.137861 -1.582994
 128.000000 2.082282 -1.568373
 129.000000 2.023650 -1.584025
 130.000000 1.937618 -1.571287
 131.000000 2.103292 -1.597337
 132.000000 2.138934 -1.513291
 133.000000 2.028075 -1.614264
 134.000000 1.967822 -1.515187
 135.000000 2.181938 -1.470942
 136.000000 2.026753 -1.549219
 137.000000 2.098104 -1.532920
 138.000000 2.108975 -1.607798
 139.000000 2.217202 -1.523343
 140.000000 2.073733 -1.522296
 141.000000 2.149971 -1.576977
 142.000000 2.100156 -1.574937
 143.000000 2.120836 -1.499018
 144.000000 2.113774 -1.687360
 145.000000 2.107417 -1.563916
 146.000000 2.116975 -1.561845
 147.000000 2.115132 -1.597987
 148.000000 2.074788 -1.640181
 149.000000 1.984703 -1.628951
 150.000000 2.090939 -1.549384
 151.000000 1.941209 -1.568544
 152.000000 2.146367 -1.590696
 153.000000 2.096101 -1.536338
 154.000000 2.008195 -1.547686
 155.000000 2.106324 -1.520031
 156.000000 2.241015 -1.515925
 157.000000 1.956212 -1.564314
 158.000000 2.102370 -1.529442
 159.000000 2.003426 -1.533943
 160.000000 2.104747 -1.575309
 161.000000 2.096268 -1.612133
 162.000000 2.066142 -1.611045
 163.000000 2.120905 -1.682685
 164.000000 2.098379 -1.611405
 165.000000 2.089121 -1.669635
 166.000000 2.093377 -1.654836
 167.000000 2.119875 -1.642681
 168.000000 2.102174 -1.579850
 169.000000 2.053585 -1.688794
 170.000000 2.162251 -1.643685
 171.000000 2.004484 -1.668247
 172.000000 2.090275 -1.598899
 173.000000 2.146619 -1.576161
 174.000000 2.185586 -1.585729
 175.000000 2.021115 -1.680660
 176.000000 2.129758 -1.577368
 177.000000 2.049043 -1.561197
 178.000000 2.062689 -1.562581
 179.000000 2.103435 -1.578592
 180.000000 2.096043 -1.516785
 181.000000 1.998621 -1.591040
 182.000000 2.086782 -1.577513
 183.000000 1.968818 -1.655287
 184.000000 2.028336 -1.646076
 185.000000 2.142702 -1.577806
 186.000000 2.113426 -1.546625
 187.000000 2.146299 -1.522509
 188.000000 2.091019 -1.596870
 189.000000 1.980398 -1.565422
 190.000000 2.134807 -1.577340
 191.000000 2.141519 -1.624086
 192.000000 2.173420 -1.618348
 193.000000 2.088303 -1.550607
 194.000000 2.045442 -1.610730
 195.000000 2.079759 -1.702641
 196.000000 2.030309 -1.571962
 197.000000 2.033658 -1.588550
 198.000000 2.114264 -1.620535
 199.000000 2.096370 -1.585094
 200.000000 2.060768 -1.626212
 201.000000 2.077542 -1.594041
 202.000000 2.058508 -1.576656
 203.000000 2.082029 -1.530186
 204.000000 2.115600 -1.588079
 205.000000 2.019127 -1.670193
 206.000000 2.092462 -1.573430
 207.000000 2.104100 -1.516959
 208.000000 2.029163 -1.570917
 209.000000 2.007954 -1.642551
 210.000000 1.956778 -1.530070
 211.000000 2.095277 -1.601187
 212.000000 2.154530 -1.587646
 213.000000 2.088352 -1.644650
 214.000000 2.020819 -1.619301
 215.000000 2.047450 -1.514451
 216.000000 2.129487 -1.483227
 217.000000 2.103892 -1.487270
 218.000000 2.036695 -1.456031
 219.000000 2.044862 -1.637583
 220.000000 2.050773 -1.579702
 221.000000 2.124218 -1.552022
 222.000000 2.095509 -1.588108
 223.000000 2.215914 -1.528331
 224.000000 2.135722 -1.688029
 225.000000 2.062285 -1.558896
 226.000000 2.167634 -1.728979
 227.000000 2.123919 -1.677978
 228.000000 2.080190 -1.661294
 229.000000 2.037611 -1.529741
 230.000000 2.060856 -1.619061
 231.000000 2.077407 -1.652817
 232.000000 2.161470 -1.647891
 233.000000 2.137703 -1.656622
 234.000000 2.169644 -1.599679
 235.000000 2.158460 -1.552678
 236.000000 2.116551 -1.621852
 237.000000 2.134930 -1.590196
 238.000000 2.001550 -1.556305
 239.000000 2.018426 -1.519534
 240.000000 2.011098 -1.592854
 241.000000 2.078789 -1.585786
 242.000000 2.114610 -1.488496
 243.000000 2.076504 -1.622509
 244.000000 2.079729 -1.697865
 245.000000 2.039607 -1.689846
 246.000000 2.086777 -1.644245
 247.000000 2.087152 -1.582836
 248.000000 1.988850 -1.615712
 249.000000 2.014107 -1.574273
 250.000000 2.066312 -1.632932
 251.000000 2.151249 -1.572414
 252.000000 2.161904 -1.514712
 253.000000 2.140500 -1.601389
 254.000000 2.048635 -1.526563
 255.000000 2.036340 -1.523663
 256.000000 2.194155 -1.569959
 257.000000 2.018591 -1.575578
 258.000000 2.127568 -1.606697
 259.000000 1.994777 -1.579140
 260.000000 2.052864 -1.568865
 261.000000 2.040462 -1.573910
 262.000000 2.101012 -1.656649
 263.000000 2.119737 -1.677175
 264.000000 2.186538 -1.611048
 265.000000 2.068456 -1.645822
 266.000000 2.024728 -1.592667
 267.000000 1.937630 -1.579013
 268.000000 2.153712 -1.595023
 269.000000 2.103760 -1.589369
 270.000000 2.087781 -1.608571
 271.000000 2.095437 -1.544577
 272.000000 2.133736 -1.588329
 273.000000 2.025866 -1.676242
 274.000000 2.141699 -1.558015
 275.000000 2.161707 -1.591977
 276.000000 2.089355 -1.532941
 277.000000 2.138849 -1.665855
 278.000000 2.027546 -1.641023
 279.000000 2.061171 -1.614487
 280.000000 2.193505 -1.551833
 281.000000 2.140688 -1.539956
 282.000000 2.000659 -1.605148
 283.000000 2.169555 -1.592601
 284.000000 2.199648 -1.602390
 285.000000 2.166874 -1.583076
 286.000000 2.117344 -1.572523
 287.000000 2.132720 -1.536252
 288.000000 2.073116 -1.620121
 289.000000 2.095407 -1.638396
 290.000000 2.023710 -1.599296
 291.000000 2.126818 -1.560502
 292.000000 1.969534 -1.566421
 293.000000 2.076003 -1.501694
 294.000000 2.001893 -1.511068
 295.000000 2.120500 -1.538594
 296.000000 2.097683 -1.558345
 297.000000 2.156064 -1.490950
 298.000000 2.040674 -1.515216
 299.000000 2.102342 -1.588003
 300.000000 2.132147 -1.619766
 301.000000 2.146659 -1.591809
 302.000000 1.986376 -1.590112
 303.000000 2.005528 -1.625483
 304.000000 1.988292 -1.660318
 305.000000 2.057699 -1.605883
 306.000000 2.104526 -1.676045
 307.000000 2.079694 -1.714960
 308.000000 2.155600 -1.686078
 309.000000 1.980006 -1.611371
 310.000000 2.028641 -1.620900
 311.000000 2.037204 -1.554189
 312.000000 2.038460 -1.600833
 313.000000 2.171165 -1.601907
 314.000000 2.015457 -1.649397
 315.000000 2.092936 -1.564535
 316.000000 2.038183 -1.661399
 317.000000 2.076953 -1.591728
 318.000000 2.032134 -1.600205
 319.000000 2.038481 -1.607362
 320.000000 2.078440 -1.521561
 321.000000 2.164766 -1.557455
 322.000000 2.025553 -1.510954
 323.000000 2.079592 -1.612141
 324.000000 2.141435 -1.510106
 325.000000 2.135968 -1.597316
 326.000000 2.215247 -1.535224
 327.000000 2.075229 -1.553579
 328.000000 2.034885 -1.505320
 329.000000 2.072756 -1.490576
 330.000000 2.026444 -1.525947
 331.000000 2.110178 -1.549079
 332.000000 1.999479 -1.557833
 333.000000 2.259409 -1.623481
 334.000000 2.186620 -1.595236
 335.000000 2.100118 -1.530329
 336.000000 2.104076 -1.560076
 337.000000 2.119320 -1.624533
 338.000000 2.153910 -1.630468
 339.000000 2.057461 -1.497462
 340.000000 2.125746 -1.563772
 341.000000 1.967695 -1.545217
 342.000000 2.038741 -1.533505
 343.000000 2.023473 -1.494899
 344.000000 2.085337 -1.520845
 345.000000 2.232631 -1.616059
 346.000000 2.109031 -1.488985
 347.000000 1.997186 -1.496357
 348.000000 2.055431 -1.454684
 349.000000 2.146167 -1.511451
 350.000000 2.121059 -1.538538
 351.000000 1.993437 -1.542247
 352.000000 2.165772 -1.506045
 353.000000 2.105673 -1.530484
 354.000000 2.042689 -1.527108
 355.000000 2.050941 -1.532608
 356.000000 2.115237 -1.586448
 357.000000 2.112636 -1.617088
 358.000000 2.038332 -1.540892
 359.000000 2.074343 -1.569992
 360.000000 2.070801 -1.589287
 361.000000 2.034910 -1.550311
 362.000000 2.009610 -1.584614
 363.000000 2.050101 -1.548888
 364.000000 2.063514 -1.558336
 365.000000 2.151058 -1.612853
 366.000000 2.103139 -1.624615
 367.000000 2.009547 -1.547872
 368.000000 2.095441 -1.521885
 369.000000 2.105809 -1.572677
 370.000000 2.073159 -1.580280
 371.000000 2.104230 -1.565182
 372.000000 2.099218 -1.621429
 373.000000 2.160274 -1.517289
 374.000000 2.070647 -1.575650
 375.000000 2.112217 -1.569705
 376.000000 2.084612 -1.584785
 377.000000 2.018494 -1.560301
 378.000000 2.074878 -1.568234
 379.000000 2.151567 -1.549257
 380.000000 2.023308 -1.548554
 381.000000 2.154523 -1.507573
 382.000000 2.148299 -1.492906
 383.000000 2.133633 -1.525399
 384.000000 2.092322 -1.557450
 385.000000 2.120027 -1.517018
 386.000000 2.053700 -1.509001
 387.000000 2.118446 -1.538722
 388.000000 2.149935 -1.562840
 389.000000 2.137772 -1.536602
 390.000000 2.033303 -1.599383
 391.000000 2.171781 -1.587231
 392.000000 2.087142 -1.480543
 393.000000 2.088771 -1.620653
 394.000000 2.204465 -1.554861
 395.000000 2.126004 -1.593800
 396.000000 2.208147 -1.603894
 397.000000 2.023936 -1.597695
 398.000000 2.140329 -1.498505
 399.000000 2.079463 -1.553332
 400.000000 1.969678 -1.559276
 401.000000 2.007200 -1.564746
 402.000000 2.081667 -1.554166
 403.000000 2.116768 -1.591790
 404.000000 2.010238 -1.541839
 405.000000 2.049231 -1.515409
 406.000000 2.078780 -1.482563
 407.000000 2.131294 -1.563887
 408.000000 2.139436 -1.475315
 409.000000 2.086875 -1.614735
 410.000000 2.054487 -1.590548
 411.000000 2.009009 -1.570406
 412.000000 2.028909 -1.584600
 413.000000 2.043437 -1.544074
 414.000000 2.044935 -1.592935
 415.000000 2.180589 -1.597203
 416.000000 2.144994 -1.588778
 417.000000 2.024620 -1.480218
 418.000000 2.068135 -1.547727
 419.000000 2.142277 -1.569189
 420.000000 2.065396 -1.561369
 421.000000 2.078945 -1.522441
 422.000000 2.057787 -1.459143
 423.000000 1.985304 -1.478802
 424.000000 2.162350 -1.469180
 425.000000 2.054270 -1.462252
 426.000000 2.083830 -1.464466
 427.000000 2.039916 -1.472807
 428.000000 2.035448 -1.470059
 429.000000 2.064363 -1.497685
 430.000000 2.039092 -1.544549
 431.000000 2.116634 -1.540052
 432.000000 2.226694 -1.574459
 433.000000 2.093802 -1.591947
 434.000000 2.136694 -1.544832
 435.000000 2.039394 -1.570593
 436.000000 2.058316 -1.565265
 437.000000 2.137966 -1.569245
 438.000000 2.054658 -1.614470
 439.000000 2.130408 -1.610955
 440.000000 2.067172 -1.578005
 441.000000 2.026499 -1.616039
 442.000000 2.092567 -1.524669
 443.000000 2.078076 -1.518449
 444.000000 2.037076 -1.625219
 445.000000 2.102072 -1.623024
 446.000000 2.107107 -1.610474
 447.000000 2.106450 -1.590549
 448.000000 2.029773 -1.507778
 449.000000 2.112655 -1.588066
 450.000000 2.121775 -1.594993
 451.000000 2.024513 -1.596121
 452.000000 2.119590 -1.520620
 453.000000 2.079010 -1.603449
 454.000000 2.180894 -1.612858
 455.000000 2.068830 -1.645169
 456.000000 2.067194 -1.622109
 457.000000 2.163355 -1.761567
 458.000000 2.060391 -1.566004
 459.000000 2.062804 -1.579287
 460.000000 2.023150 -1.591440
 461.000000 2.069904 -1.585408
 462.000000 1.996682 -1.565148
 463.000000 2.022879 -1.574779
 464.000000 2.088009 -1.529911
 465.000000 2.129838 -1.504309
 466.000000 2.022508 -1.531127
 467.000000 2.016289 -1.566310
 468.000000 1.968032 -1.639576
 469.000000 2.086951 -1.661570
 470.000000 2.004470 -1.626713
 471.000000 1.978459 -1.500942
 472.000000 2.015919 -1.563661
 473.000000 2.009832 -1.557882
 474.000000 2.228339 -1.585105
 475.000000 2.135471 -1.642401
 476.000000 2.116788 -1.535738
 477.000000 2.119933 -1.667356
 478.000000 2.123284 -1.596297
 479.000000 2.114042 -1.632972
 480.000000 2.164347 -1.661947
 481.000000 2.093574 -1.660634
 482.000000 2.054239 -1.631486
 483.000000 2.067288 -1.605154
 484.000000 2.084290 -1.663185
 485.000000 2.023912 -1.656965
 486.000000 2.038560 -1.573149
 487.000000 2.140268 -1.649494
 488.000000 2.007433 -1.612207
 489.000000 2.186873 -1.624506
 490.000000 2.143460 -1.587637
 491.000000 2.144381 -1.620771
 492.000000 2.024108 -1.579308
 493.000000 2.085494 -1.633616
 494.000000 2.069570 -1.699430
 495.000000 2.107821 -1.600807
 496.000000 2.056610 -1.643997
 497.000000 2.147051 -1.645804
 498.000000 2.113088 -1.605546
 499.000000 2.090116 -1.574146
 500.000000 2.097802 -1.564630
 501.000000 2.083998 -1.649315
 502.000000 2.080042 -1.582168
 503.000000 2.176307 -1.514396
 504.000000 1.960941 -1.610739
 505.000000 2.109814 -1.507159
 506.000000 2.175842 -1.594275
 507.000000 2.015953 -1.512023
 508.000000 2.027193 -1.603936
 509.000000 2.170904 -1.515942
 510.000000 2.140496 -1.583569
 511.000000 2.110432 -1.608331
 512.000000 2.205960 -1.591660
 513.000000 2.133739 -1.642107
 514.000000 2.083420 -1.622316
 515.000000 2.062390 -1.580632
 516.000000 2.090861 -1.606623
 517.000000 2.093970 -1.586833
 518.000000 2.160225 -1.576578
 519.000000 2.073454 -1.588985
 520.000000 1.964446 -1.594057
 521.000000 1.997656 -1.561439
 522.000000 1.973146 -1.627576
 523.000000 2.101289 -1.628325
 524.000000 2.027024 -1.600520
 525.000000 2.076005 -1.627836
 526.000000 2.013598 -1.549832
 527.000000 2.016943 -1.670131
 528.000000 2.113841 -1.544812
 529.000000 2.112912 -1.607000
 530.000000 2.178235 -1.570873
 531.000000 2.022449 -1.566860
 532.000000 2.106141 -1.581189
 533.000000 2.103824 -1.469817
 534.000000 2.111166 -1.507979
 535.000000 2.109784 -1.592803
 536.000000 2.063403 -1.600132
 537.000000 1.960245 -1.601171
 538.000000 2.116260 -1.503544
 539.000000 2.182728 -1.539482
 540.000000 2.088194 -1.567483
 541.000000 2.059658 -1.578618
 542.000000 2.012852 -1.603013
 543.000000 2.103143 -1.502853
 544.000000 2.063466 -1.504589
 545.000000 2.151902 -1.545921
 546.000000 2.107758 -1.533957
 547.000000 2.110911 -1.538595
 548.000000 2.021525 -1.517709
 549.000000 2.104317 -1.532386
 550.000000 2.027837 -1.594761
 551.000000 2.025403 -1.526363
 552.000000 2.071329 -1.550129
 553.000000 2.067461 -1.531342
 554.000000 2.119448 -1.560645
 555.000000 2.023095 -1.561580
 556.000000 2.034123 -1.600371
 557.000000 2.116250 -1.547115
 558.000000 2.037242 -1.600108
 559.000000 2.048167 -1.602254
 560.000000 2.024541 -1.518263
 561.000000 2.078847 -1.496230
 562.000000 1.985696 -1.550108
 563.000000 2.064071 -1.533550
 564.000000 2.053945 -1.550569
 565.000000 2.128021 -1.539406
 566.000000 2.035706 -1.547099
 567.000000 2.039341 -1.545328
 568.000000 2.007971 -1.522101
 569.000000 2.073127 -1.581995
 570.000000 2.052191 -1.578099
 571.000000 2.020067 -1.487639
 572.000000 2.082277 -1.519836
 573.000000 2.067805 -1.524306
 574.000000 2.031477 -1.575515
 575.000000 2.040053 -1.522589
 576.000000 2.077828 -1.572121
 577.000000 2.084427 -1.497548
 578.000000 2.092750 -1.521305
 579.000000 2.151558 -1.500485
 580.000000 2.037581 -1.631566
 581.000000 2.042402 -1.626280
 582.000000 2.027618 -1.491612
 583.000000 2.076653 -1.547010
 584.000000 2.126817 -1.574992
 585.000000 2.092482 -1.560498
 586.000000 2.067371 -1.618464
 587.000000 2.076671 -1.594450
 588.000000 2.037726 -1.572044
 589.000000 2.162647 -1.573922
 590.000000 2.042127 -1.529468
 591.000000 2.110113 -1.571446
 592.000000 2.126557 -1.557807
 593.000000 2.093428 -1.687340
 594.000000 2.090444 -1.569265
 595.000000 1.984859 -1.618632
 596.000000 2.037554 -1.559408
 597.000000 2.008386 -1.486780
 598.000000 2.088773 -1.468859
 599.000000 2.003451 -1.569471
 600.000000 2.136621 -1.616545
 601.000000 2.024622 -1.529556
 602.000000 2.066344 -1.597828
 603.000000 2.014239 -1.614967
 604.000000 2.136654 -1.608313
 605.000000 2.140225 -1.578450
 606.000000 2.138626 -1.512909
 607.000000 2.084068 -1.581180
 608.000000 1.994047 -1.505819
 609.000000 2.125447 -1.560871
 610.000000 2.176226 -1.541386
 611.000000 2.084929 -1.556255
 612.000000 1.966278 -1.477923
 613.000000 2.227505 -1.480600
 614.000000 1.986627 -1.528397
 615.000000 2.000491 -1.487071
 616.000000 2.128300 -1.568347
 617.000000 2.040688 -1.588418
 618.000000 2.198693 -1.563291
 619.000000 2.133663 -1.568403
 620.000000 2.048955 -1.650145
 621.000000 2.143804 -1.584604
 622.000000 2.070224 -1.554278
 623.000000 2.085315 -1.513142
 624.000000 1.985173 -1.593708
 625.000000 2.087865 -1.639493
 626.000000 2.087994 -1.592373
 627.000000 2.123081 -1.549569
 628.000000 2.087648 -1.521147
 629.000000 2.102519 -1.537951
 630.000000 2.005630 -1.557303
 631.000000 2.019051 -1.628007
 632.000000 2.069151 -1.604887
 633.000000 2.165836 -1.548005
 634.000000 2.063186 -1.634343
 635.000000 2.095111 -1.650643
 636.000000 1.941790 -1.703599
 637.000000 1.943623 -1.700891
 638.000000 2.005440 -1.627242
 639.000000 2.058075 -1.625954
 640.000000 2.195341 -1.659237
 641.000000 1.938340 -1.608262
 642.000000 2.061608 -1.502914
 643.000000 2.041140 -1.577778
 644.000000 2.052869 -1.621583
 645.000000 2.050383 -1.594310
 646.000000 2.005232 -1.586779
 647.000000 1.910422 -1.638574
 648.000000 1.963453 -1.592026
 649.000000 2.063867 -1.612699
 650.000000 2.009094 -1.645433
 651.000000 1.986443 -1.606801
 652.000000 2.121826 -1.683587
 653.000000 1.930179 -1.618571
 654.000000 2.025994 -1.562413
 655.000000 2.031934 -1.633867
 656.000000 2.173349 -1.517402
 657.000000 1.939826 -1.587170
 658.000000 2.029620 -1.652916
 659.000000 1.948184 -1.626483
 660.000000 2.081859 -1.659280
 661.000000 2.140063 -1.546820
 662.000000 2.138780 -1.547007
 663.000000 2.072113 -1.595907
 664.000000 2.100493 -1.626469
 665.000000 2.053468 -1.646906
 666.000000 2.026541 -1.648662
 667.000000 2.003910 -1.628871
 668.000000 2.119214 -1.603682
 669.000000 2.030601 -1.591068
 670.000000 2.004752 -1.635610
 671.000000 2.039620 -1.608419
 672.000000 2.023281 -1.606421
 673.000000 2.052874 -1.599514
 674.000000 1.992709 -1.648214
 675.000000 2.225003 -1.629097
 676.000000 2.062505 -1.666180
 677.000000 2.109748 -1.623022
 678.000000 2.016013 -1.567123
 679.000000 2.053884 -1.635249
 680.000000 2.060576 -1.591478
 681.000000 2.167808 -1.623682
 682.000000 2.126643 -1.589170
 683.000000 2.080830 -1.606514
 684.000000 2.072497 -1.579624
 685.000000 2.114588 -1.544781
 686.000000 2.100812 -1.610497
 687.000000 2.081417 -1.571531
 688.000000 2.054066 -1.622280
 689.000000 2.106082 -1.610629
 690.000000 1.945399 -1.533082
 691.000000 2.133181 -1.569983
 692.000000 2.160162 -1.650601
 693.000000 2.043939 -1.611568
 694.000000 1.994900 -1.600658
 695.000000 2.007006 -1.613896
 696.000000 1.986968 -1.611572
 697.000000 2.054481 -1.628999
 698.000000 2.045598 -1.678038
 699.000000 1.962711 -1.591728
 700.000000 2.110176 -1.629123
 701.000000 2.165896 -1.585674
 702.000000 1.995056 -1.622320
 703.000000 2.112718 -1.601443
 704.000000 2.078182 -1.656701
 705.000000 1.897005 -1.605920
 706.000000 2.106702 -1.544703
 707.000000 1.958575 -1.580467
 708.000000 2.037002 -1.558347
 709.000000 1.988475 -1.712700
 710.000000 2.113042 -1.603553
 711.000000 1.974250 -1.606155
 712.000000 1.973760 -1.524186
 713.000000 2.071593 -1.619094
 714.000000 2.079610 -1.623384
 715.000000 2.035057 -1.621868
 716.000000 2.026570 -1.617760
 717.000000 2.084853 -1.565956
 718.000000 2.018277 -1.485033
 719.000000 1.980254 -1.600292
 720.000000 1.987786 -1.619586
 721.000000 2.133449 -1.600679
 722.000000 2.061375 -1.594910
 723.000000 2.087010 -1.590726
 724.000000 2.004008 -1.584611
 725.000000 2.095579 -1.579597
 726.000000 2.088693 -1.549918
 727.000000 2.014312 -1.547823
 728.000000 1.988023 -1.673090
 729.000000 2.055435 -1.652056
 730.000000 2.082843 -1.557630
 731.000000 2.056658 -1.500959
 732.000000 2.126187 -1.624723
 733.000000 2.046766 -1.606166
 734.000000 2.124780 -1.461671
 735.000000 2.029090 -1.473619
 736.000000 2.108810 -1.596277
 737.000000 2.156416 -1.530000
 738.000000 2.090887 -1.662316
 739.000000 2.125059 -1.634640
 740.000000 2.098496 -1.692265
 741.000000 2.139950 -1.661169
 742.000000 2.119557 -1.592925
 743.000000 2.140516 -1.518431
 744.000000 2.039497 -1.515094
 745.000000 2.197779 -1.663145
 746.000000 2.124633 -1.597938
 747.000000 2.074723 -1.551720
 748.000000 2.059835 -1.700689
 749.000000 2.223868 -1.618835
 750.000000 2.158864 -1.626921
 751.000000 1.998397 -1.653737
 752.000000 2.063754 -1.638950
 753.000000 2.072722 -1.552887
 754.000000 2.127421 -1.569865
 755.000000 2.010811 -1.543866
 756.000000 2.143351 -1.594807
 757.000000 2.144927 -1.551449
 758.000000 2.048040 -1.619495
 759.000000 2.126076 -1.601487
 760.000000 1.994439 -1.669703
 761.000000 2.148972 -1.559951
 762.000000 2.071828 -1.633353
 763.000000 2.057275 -1.529984
 764.000000 2.106802 -1.552084
 765.000000 2.109750 -1.663230
 766.000000 2.118743 -1.605415
 767.000000 2.021850 -1.514385
 768.000000 2.037313 -1.529014
 769.000000 2.125764 -1.462643
 770.000000 2.166705 -1.527747
 771.000000 1.976248 -1.559738
 772.000000 2.048373 -1.521350
 773.000000 2.031083 -1.547694
 774.000000 2.040769 -1.504858
 775.000000 2.101698 -1.582761
 776.000000 2.141347 -1.601400
 777.000000 1.886128 -1.648067
 778.000000 2.076675 -1.637412
 779.000000 2.076715 -1.628180
 780.000000 2.058455 -1.568986
 781.000000 2.104291 -1.564618
 782.000000 2.055915 -1.526202
 783.000000 1.991142 -1.641666
 784.000000 2.096885 -1.630851
 785.000000 2.068063 -1.627978
 786.000000 2.113909 -1.607558
 787.000000 2.118533 -1.519436
 788.000000 2.219855 -1.557239
 789.000000 2.146231 -1.532268
 790.000000 2.102436 -1.493632
 791.000000 2.087514 -1.513688
 792.000000 2.040362 -1.575422
 793.000000 2.040849 -1.584247
 794.000000 2.065901 -1.589533
 795.000000 2.075524 -1.553816
 796.000000 2.103956 -1.511618
 797.000000 2.140606 -1.537623
 798.000000 2.082746 -1.591442
 799.000000 2.044596 -1.634189
 800.000000 2.138823 -1.566752
 801.000000 2.090194 -1.568566
 802.000000 2.090908 -1.499650
 803.000000 2.075980 -1.616830
 804.000000 2.073987 -1.672926
 805.000000 2.039894 -1.576829
 806.000000 2.076274 -1.681243
 807.000000 2.067335 -1.590486
 808.000000 2.249537 -1.601157
 809.000000 2.108265 -1.614910
 810.000000 2.045663 -1.528930
 811.000000 2.085161 -1.556208
 812.000000 2.018871 -1.563698
 813.000000 2.118063 -1.611031
 814.000000 2.064393 -1.604928
 815.000000 2.076029 -1.598502
 816.000000 2.146220 -1.573351
 817.000000 2.034439 -1.601021
 818.000000 2.140587 -1.619002
 819.000000 2.100402 -1.583795
 820.000000 2.159906 -1.539974
 821.000000 2.078765 -1.596725
 822.000000 2.014019 -1.655241
 823.000000 2.103292 -1.573474
 824.000000 2.163908 -1.516016
 825.000000 2.187916 -1.555048
 826.000000 2.060534 -1.625136
 827.000000 2.082294 -1.582235
 828.000000 2.132268 -1.641859
 829.000000 2.120849 -1.551969
 830.000000 2.097968 -1.627167
 831.000000 2.106010 -1.610053
 832.000000 2.028207 -1.564702
 833.000000 2.068727 -1.665478
 834.000000 2.046804 -1.586872
 835.000000 1.984575 -1.695088
 836.000000 2.069273 -1.588516
 837.000000 2.059761 -1.628513
 838.000000 2.155215 -1.562451
 839.000000 2.206671 -1.594686
 840.000000 2.038728 -1.575430
 841.000000 2.077829 -1.580945
 842.000000 2.058327 -1.597626
 843.000000 2.175939 -1.570775
 844.000000 2.033656 -1.662729
 845.000000 2.074835 -1.597527
 846.000000 2.022923 -1.562702
 847.000000 2.106955 -1.578697
 848.000000 2.137963 -1.585071
 849.000000 2.093210 -1.587704
 850.000000 2.015327 -1.548731
 851.000000 2.088874 -1.595749
 852.000000 2.098456 -1.719851
 853.000000 1.978174 -1.705378
 854.000000 2.181171 -1.646187
 855.000000 2.072851 -1.593818
 856.000000 2.012015 -1.569430
 857.000000 2.093088 -1.654620
 858.000000 2.056715 -1.615848
 859.000000 2.078842 -1.539377
 860.000000 2.132555 -1.692138
 861.000000 2.018491 -1.571979
 862.000000 2.016870 -1.476970
 863.000000 2.009162 -1.523270
 864.000000 2.074151 -1.591799
 865.000000 2.065868 -1.659870
 866.000000 2.105428 -1.616033
 867.000000 2.180982 -1.601392
 868.000000 2.074106 -1.627967
 869.000000 2.163422 -1.573604
 870.000000 2.170753 -1.600992
 871.000000 2.053049 -1.490477
 872.000000 2.038046 -1.632454
 873.000000 2.155335 -1.539249
 874.000000 2.150515 -1.566188
 875.000000 2.086576 -1.629945
 876.000000 2.069587 -1.551550
 877.000000 2.094848 -1.658124
 878.000000 2.046538 -1.666933
 879.000000 2.096191 -1.540638
 880.000000 2.157689 -1.589876
 881.000000 2.139216 -1.585722
 882.000000 2.116608 -1.646582
 883.000000 2.204806 -1.643648
 884.000000 2.164854 -1.585444
 885.000000 2.125976 -1.569761
 886.000000 2.077564 -1.669257
 887.000000 2.098248 -1.684995
 888.000000 2.121916 -1.668899
 889.000000 2.109788 -1.673596
 890.000000 2.080982 -1.622324
 891.000000 2.087917 -1.686417
 892.000000 2.116128 -1.575120
 893.000000 2.228595 -1.514592
 894.000000 2.155927 -1.547219
 895.000000 2.134422 -1.628937
 896.000000 2.160573 -1.528871
 897.000000 2.066981 -1.652403
 898.000000 2.105863 -1.685635
 899.000000 2.253851 -1.592553
 900.000000 2.156016 -1.601834
 901.000000 2.083308 -1.548324
 902.000000 2.106582 -1.619452
 903.000000 2.112108 -1.646821
 904.000000 2.101758 -1.533813
 905.000000 2.132383 -1.570760
 906.000000 2.044386 -1.699427
 907.000000 2.131168 -1.558624
 908.000000 2.149588 -1.602010
 909.000000 2.041733 -1.529852
 910.000000 2.127663 -1.617741
 911.000000 2.083557 -1.640869
 912.000000 2.100892 -1.564453
 913.000000 2.159033 -1.632447
 914.000000 2.140824 -1.590902
 915.000000 2.135919 -1.639872
 916.000000 2.193172 -1.624726
 917.000000 2.219957 -1.606864
 918.000000 2.134690 -1.626012
 919.000000 2.180619 -1.628308
 920.000000 2.076734 -1.539220
 921.000000 2.025054 -1.713632
 922.000000 2.080083 -1.635855
 923.000000 2.040123 -1.592989
 924.000000 1.944677 -1.518069
 925.000000 2.210866 -1.553963
 926.000000 2.059273 -1.548558
 927.000000 2.176592 -1.634532
 928.000000 2.183400 -1.572336
 929.000000 2.086820 -1.553262
 930.000000 2.107226 -1.589157
 931.000000 2.074168 -1.559972
 932.000000 2.042848 -1.600645
 933.000000 2.140708 -1.648014
 934.000000 2.121117 -1.611972
 935.000000 2.081793 -1.730951
 936.000000 2.087432 -1.705961
 937.000000 2.024586 -1.573366
 938.000000 2.144747 -1.717086
 939.000000 2.237500 -1.633199
 940.000000 2.073303 -1.622089
 941.000000 2.037315 -1.592201
 942.000000 2.121356 -1.564711
 943.000000 2.089600 -1.573718
 944.000000 2.205699 -1.629696
 945.000000 2.281988 -1.746046
 946.000000 2.140821 -1.645491
 947.000000 2.095556 -1.616870
 948.000000 2.035938 -1.574615
 949.000000 2.039844 -1.634508
 950.000000 2.235429 -1.613655
 951.000000 2.244447 -1.615798
 952.000000 2.140898 -1.625989
 953.000000 2.048576 -1.558298
 954.000000 2.103803 -1.532116
 955.000000 2.013849 -1.548570
 956.000000 2.163548 -1.661168
 957.000000 2.096770 -1.565858
 958.000000 2.175564 -1.556530
 959.000000 2.154369 -1.564563
 960.000000 2.217986 -1.607561
 961.000000 2.024242 -1.607773
 962.000000 2.089705 -1.630771
 963.000000 2.043422 -1.671672
 964.000000 2.083377 -1.665029
 965.000000 2.025128 -1.640052
 966.000000 2.014510 -1.706178
 967.000000 2.045418 -1.549866
 968.000000 2.009451 -1.616886
 969.000000 2.150113 -1.652343
 970.000000 2.032555 -1.611224
 971.000000 2.121789 -1.537641
 972.000000 2.182483 -1.569234
 973.000000 2.070140 -1.564295
 974.000000 1.987517 -1.634301
 975.000000 2.199447 -1.635365
 976.000000 2.042726 -1.604767
 977.000000 2.058449 -1.651034
 978.000000 2.200796 -1.578364
 979.000000 2.114343 -1.614622
 980.000000 2.189637 -1.607774
 981.000000 2.194773 -1.536497
 982.000000 2.096057 -1.517230
 983.000000 2.117011 -1.599027
 984.000000 2.198408 -1.504088
 985.000000 2.137994 -1.549439
 986.000000 2.130828 -1.695399
 987.000000 2.267486 -1.591366
 988.000000 2.161436 -1.681221
 989.000000 2.143264 -1.606470
 990.000000 1.990818 -1.610438
 991.000000 1.983931 -1.633723
 992.000000 2.064722 -1.673509
 993.000000 2.097706 -1.601225
 994.000000 2.082129 -1.600461
 995.000000 2.190411 -1.554775
 996.000000 2.081672 -1.526935
 997.000000 2.080402 -1.593766
 998.000000 2.084728 -1.535984
 999.000000 1.962447 -1.602175
 1000.000000 2.096833 -1.660808
 1001.000000 2.171454 -1.636034
 1002.000000 2.019706 -1.559392
 1003.000000 2.120005 -1.554609
 1004.000000 2.020121 -1.581471
 1005.000000 2.054082 -1.636671
 1006.000000 2.140787 -1.600370
 1007.000000 2.127312 -1.671798
 1008.000000 2.054001 -1.505968
 1009.000000 2.065083 -1.605672
 1010.000000 2.097625 -1.562736
 1011.000000 1.983278 -1.677581
 1012.000000 1.968634 -1.553302
 1013.000000 2.083016 -1.597162
 1014.000000 2.010018 -1.594398
 1015.000000 2.060041 -1.593098
 1016.000000 2.005238 -1.545502
 1017.000000 2.136936 -1.520274
 1018.000000 2.060147 -1.514822
 1019.000000 2.055238 -1.521083
 1020.000000 1.993335 -1.531560
 1021.000000 2.062587 -1.501819
 1022.000000 1.991291 -1.561633
 1023.000000 1.956006 -1.698507
 1024.000000 2.060611 -1.506701
 1025.000000 2.098832 -1.532658
 1026.000000 2.093639 -1.633208
 1027.000000 2.114917 -1.610265
 1028.000000 2.127448 -1.605970
 1029.000000 1.965063 -1.599829
 1030.000000 2.068530 -1.579570
 1031.000000 2.120238 -1.601019
 1032.000000 2.106436 -1.630104
 1033.000000 2.091869 -1.550841
 1034.000000 2.105240 -1.678368
 1035.000000 2.014415 -1.580070
 1036.000000 2.094937 -1.593039
 1037.000000 2.208153 -1.618049
 1038.000000 2.082763 -1.516285
 1039.000000 2.071017 -1.640256
 1040.000000 2.029331 -1.570458
 1041.000000 2.043232 -1.604487
 1042.000000 1.949333 -1.607837
 1043.000000 1.981831 -1.522163
 1044.000000 2.022428 -1.571192
 1045.000000 2.201637 -1.634679
 1046.000000 2.027702 -1.556448
 1047.000000 2.030228 -1.618868
 1048.000000 2.105844 -1.552837
 1049.000000 2.096164 -1.607970
 1050.000000 2.152980 -1.625252
 1051.000000 2.055471 -1.640112
 1052.000000 2.101315 -1.580404
 1053.000000 2.048810 -1.563649
 1054.000000 2.118470 -1.609064
 1055.000000 2.164156 -1.576812
 1056.000000 2.016874 -1.671021
 1057.000000 2.123943 -1.657766
 1058.000000 2.057203 -1.652792
 1059.000000 2.127645 -1.610876
 1060.000000 2.003957 -1.679146
 1061.000000 2.075266 -1.631725
 1062.000000 2.082040 -1.653696
 1063.000000 2.151214 -1.592292
 1064.000000 2.103967 -1.669332
 1065.000000 2.051535 -1.631352
 1066.000000 2.011621 -1.661393
 1067.000000 2.151296 -1.621294
 1068.000000 2.084547 -1.651720
 1069.000000 2.046937 -1.640411
 1070.000000 2.085119 -1.489948
 1071.000000 2.047051 -1.532090
 1072.000000 2.136674 -1.668039
 1073.000000 2.081109 -1.631187
 1074.000000 2.141434 -1.636865
 1075.000000 2.117766 -1.561594
 1076.000000 2.134793 -1.515053
 1077.000000 2.010283 -1.662397
 1078.000000 2.190646 -1.645750
 1079.000000 2.208905 -1.516569
 1080.000000 2.113318 -1.630908
 1081.000000 2.088829 -1.630194
 1082.000000 2.066405 -1.622114
 1083.000000 2.148507 -1.523877
 1084.000000 2.271923 -1.545698
 1085.000000 2.105504 -1.630807
 1086.000000 2.122965 -1.623665
 1087.000000 2.104296 -1.508526
 1088.000000 2.055264 -1.554082
 1089.000000 2.246145 -1.598786
 1090.000000 2.026016 -1.543111
 1091.000000 2.202140 -1.652026
 1092.000000 2.101592 -1.588470
 1093.000000 2.014550 -1.574084
 1094.000000 2.140391 -1.515796
 1095.000000 2.118504 -1.516916
 1096.000000 2.228015 -1.511281
 1097.000000 2.100886 -1.643545
 1098.000000 2.136536 -1.576891
 1099.000000 2.212581 -1.639048
 1100.000000 2.227516 -1.646939
 1101.000000 2.087822 -1.697845
 1102.000000 2.066109 -1.550628
 1103.000000 2.106000 -1.629137
 1104.000000 2.091468 -1.679183
 1105.000000 2.091499 -1.625560
 1106.000000 2.039894 -1.560322
 1107.000000 2.180645 -1.622701
 1108.000000 2.024256 -1.491491
 1109.000000 2.073103 -1.617748
 1110.000000 2.115098 -1.587419
 1111.000000 2.037317 -1.597072
 1112.000000 2.198018 -1.619941
 1113.000000 1.959737 -1.632872
 1114.000000 2.049532 -1.588844
 1115.000000 2.037456 -1.574155
 1116.000000 2.071301 -1.538703
 1117.000000 2.097115 -1.635962
 1118.000000 1.973205 -1.606777
 1119.000000 2.113565 -1.573568
 1120.000000 2.032751 -1.602441
 1121.000000 1.957922 -1.604380
 1122.000000 2.077699 -1.613826
 1123.000000 2.024221 -1.620365
 1124.000000 2.089052 -1.541846
 1125.000000 1.982463 -1.549128
 1126.000000 2.049981 -1.629844
 1127.000000 2.022849 -1.595153
 1128.000000 2.090898 -1.534341
 1129.000000 1.980082 -1.623320
 1130.000000 2.006374 -1.649512
 1131.000000 2.054203 -1.570111
 1132.000000 2.099579 -1.625999
 1133.000000 2.041153 -1.556050
 1134.000000 2.149699 -1.508606
 1135.000000 2.021258 -1.517325
 1136.000000 2.022386 -1.652245
 1137.000000 2.054746 -1.669169
 1138.000000 2.054612 -1.612750
 1139.000000 2.124940 -1.608033
 1140.000000 2.156240 -1.559284
 1141.000000 2.067454 -1.616132
 1142.000000 2.032954 -1.620868
 1143.000000 2.033266 -1.535453
 1144.000000 2.043462 -1.539341
 1145.000000 1.986833 -1.653908
 1146.000000 2.103389 -1.621807
 1147.000000 2.081888 -1.547863
 1148.000000 2.071281 -1.557281
 1149.000000 2.076407 -1.552532
 1150.000000 2.168646 -1.588888
 1151.000000 2.044075 -1.517238
 1152.000000 2.045851 -1.553770
 1153.000000 2.203737 -1.494229
 1154.000000 2.186971 -1.531960
 1155.000000 2.101033 -1.560268
 1156.000000 2.135444 -1.640554
 1157.000000 2.132145 -1.615255
 1158.000000 2.086984 -1.647056
 1159.000000 2.157455 -1.580979
 1160.000000 2.065816 -1.565188
 1161.000000 2.147318 -1.632260
 1162.000000 1.994090 -1.574264
 1163.000000 2.075313 -1.574845
 1164.000000 2.060393 -1.626767
 1165.000000 2.080749 -1.561613
 1166.000000 2.053568 -1.518358
 1167.000000 2.094699 -1.604720
 1168.000000 2.078528 -1.548110
 1169.000000 2.100105 -1.627658
 1170.000000 2.029723 -1.624488
 1171.000000 2.098209 -1.708903
 1172.000000 2.173057 -1.588278
 1173.000000 2.096628 -1.547142
 1174.000000 2.023464 -1.520256
 1175.000000 2.059754 -1.520524
 1176.000000 2.082455 -1.537199
 1177.000000 2.142812 -1.464774
 1178.000000 2.031623 -1.460627
 1179.000000 2.149079 -1.517448
 1180.000000 1.990993 -1.479806
 1181.000000 2.135312 -1.506782
 1182.000000 2.054427 -1.435381
 1183.000000 2.144740 -1.577942
 1184.000000 2.077570 -1.532366
 1185.000000 2.045529 -1.561557
 1186.000000 2.091359 -1.554238
 1187.000000 2.041667 -1.635165
 1188.000000 2.021961 -1.620834
 1189.000000 2.226009 -1.654710
 1190.000000 2.140877 -1.634103
 1191.000000 2.046461 -1.617094
 1192.000000 2.106906 -1.682212
 1193.000000 1.992438 -1.639179
 1194.000000 2.111207 -1.637590
 1195.000000 2.042133 -1.585880
 1196.000000 2.031195 -1.677882
 1197.000000 1.996626 -1.596534
 1198.000000 1.993554 -1.535405
 1199.000000 2.052547 -1.471479
 1200.000000 2.126599 -1.532017
 1201.000000 2.127257 -1.558227
 1202.000000 2.015241 -1.524159
 1203.000000 2.072820 -1.542449
 1204.000000 2.091359 -1.562152
 1205.000000 1.973811 -1.582814
 1206.000000 2.089670 -1.616744
 1207.000000 2.095899 -1.595505
 1208.000000 2.104572 -1.611388
 1209.000000 2.108997 -1.615556
 1210.000000 2.074642 -1.662999
 1211.000000 1.998259 -1.575325
 1212.000000 2.123189 -1.573863
 1213.000000 2.114953 -1.574462
 1214.000000 2.092775 -1.555181
 1215.000000 2.078113 -1.498551
 1216.000000 2.119877 -1.564518
 1217.000000 2.070503 -1.521669
 1218.000000 2.019237 -1.504175
 1219.000000 2.010693 -1.478043
 1220.000000 2.095027 -1.550657
 1221.000000 2.145183 -1.508215
 1222.000000 2.048381 -1.606745
 1223.000000 2.049316 -1.525706
 1224.000000 2.011118 -1.605088
 1225.000000 2.105242 -1.543916
 1226.000000 2.088147 -1.595175
 1227.000000 2.014079 -1.492318
 1228.000000 2.154931 -1.545268
 1229.000000 2.041184 -1.636787
 1230.000000 2.074835 -1.570654
 1231.000000 2.017060 -1.465401
 1232.000000 2.078818 -1.544582
 1233.000000 2.200992 -1.546373
 1234.000000 2.148603 -1.586522
 1235.000000 2.068229 -1.550845
 1236.000000 2.115682 -1.533223
 1237.000000 2.048338 -1.618265
 1238.000000 2.014035 -1.624789
 1239.000000 2.174284 -1.485770
 1240.000000 2.078883 -1.597486
 1241.000000 2.077624 -1.574837
 1242.000000 1.997535 -1.601363
 1243.000000 2.056575 -1.501676
 1244.000000 2.128232 -1.526488
 1245.000000 2.005899 -1.523825
 1246.000000 2.160379 -1.578597
 1247.000000 2.106651 -1.473798
 1248.000000 2.063633 -1.444098
 1249.000000 2.102111 -1.552168
 1250.000000 2.149517 -1.601445
 1251.000000 2.166597 -1.625627
 1252.000000 2.086156 -1.600589
 1253.000000 2.193997 -1.527973
 1254.000000 2.011040 -1.518823
 1255.000000 2.051979 -1.547022
 1256.000000 2.070149 -1.588812
 1257.000000 2.042235 -1.564565
 1258.000000 2.000372 -1.567734
 1259.000000 2.140556 -1.592825
 1260.000000 2.124901 -1.556125
 1261.000000 2.057714 -1.495681
 1262.000000 2.055871 -1.641658
 1263.000000 2.032721 -1.580524
 1264.000000 2.131166 -1.550849
 1265.000000 2.081874 -1.627721
 1266.000000 2.114128 -1.635128
 1267.000000 2.043977 -1.616342
 1268.000000 2.093106 -1.599529
 1269.000000 2.019576 -1.642943
 1270.000000 2.106922 -1.627313
 1271.000000 2.081581 -1.582525
 1272.000000 2.050104 -1.566120
 1273.000000 2.166128 -1.586387
 1274.000000 2.130490 -1.669390
 1275.000000 2.006974 -1.546261
 1276.000000 1.969535 -1.620450
 1277.000000 2.000906 -1.597322
 1278.000000 2.057354 -1.574080
 1279.000000 1.960124 -1.612198
 1280.000000 2.055567 -1.586076
 1281.000000 2.036197 -1.537694
 1282.000000 2.089297 -1.635002
 1283.000000 2.100764 -1.520525
 1284.000000 1.937945 -1.546887
 1285.000000 2.079692 -1.574607
 1286.000000 1.957634 -1.647560
 1287.000000 2.027159 -1.555688
 1288.000000 2.031983 -1.576015
 1289.000000 2.078991 -1.609596
 1290.000000 2.057342 -1.512749
 1291.000000 2.027572 -1.559683
 1292.000000 2.038902 -1.602256
 1293.000000 2.026718 -1.569484
 1294.000000 2.020742 -1.566945
 1295.000000 2.007219 -1.598594
 1296.000000 2.095419 -1.642343
 1297.000000 2.064450 -1.561667
 1298.000000 2.027933 -1.647215
 1299.000000 2.017023 -1.541958
 1300.000000 2.083414 -1.601687
 1301.000000 1.986195 -1.589301
 1302.000000 2.141870 -1.552590
 1303.000000 2.036429 -1.607482
 1304.000000 2.045610 -1.609584
 1305.000000 2.035718 -1.596497
 1306.000000 2.087848 -1.608446
 1307.000000 2.079546 -1.547700
 1308.000000 1.972574 -1.519156
 1309.000000 1.959515 -1.520407
 1310.000000 1.987228 -1.522930
 1311.000000 2.114093 -1.507267
 1312.000000 1.977022 -1.561728
 1313.000000 1.947987 -1.627146
 1314.000000 2.060078 -1.601311
 1315.000000 2.018798 -1.547657
 1316.000000 2.039291 -1.542095
 1317.000000 1.949174 -1.495374
 1318.000000 2.006762 -1.527188
 1319.000000 2.042128 -1.558787
 1320.000000 2.010285 -1.531431
 1321.000000 2.040087 -1.576661
 1322.000000 2.046721 -1.632966
 1323.000000 1.919857 -1.640374
 1324.000000 2.004509 -1.606809
 1325.000000 2.114470 -1.563821
 1326.000000 2.092440 -1.614797
 1327.000000 2.002836 -1.500910
 1328.000000 1.988774 -1.532366
 1329.000000 2.088163 -1.614738
 1330.000000 2.088869 -1.617196
 1331.000000 2.045042 -1.584857
 1332.000000 2.102095 -1.593524
 1333.000000 1.891363 -1.568224
 1334.000000 1.971532 -1.574529
 1335.000000 2.016632 -1.569913
 1336.000000 2.027761 -1.573608
 1337.000000 1.994909 -1.560059
 1338.000000 2.046234 -1.615647
 1339.000000 2.041335 -1.658424
 1340.000000 2.038995 -1.534078
 1341.000000 2.051638 -1.513444
 1342.000000 1.972915 -1.592961
 1343.000000 2.065394 -1.578826
 1344.000000 2.033062 -1.644116
 1345.000000 2.015723 -1.526855
 1346.000000 2.009295 -1.506479
 1347.000000 2.075112 -1.588677
 1348.000000 2.102374 -1.614876
 1349.000000 2.133433 -1.702632
 1350.000000 2.034891 -1.553043
 1351.000000 2.089403 -1.627379
 1352.000000 2.051495 -1.653151
 1353.000000 1.935400 -1.632394
 1354.000000 2.078533 -1.535386
 1355.000000 2.100160 -1.588330
 1356.000000 2.179237 -1.533651
 1357.000000 2.234932 -1.575324
 1358.000000 2.006554 -1.564741
 1359.000000 2.080132 -1.584412
 1360.000000 1.984211 -1.582253
 1361.000000 2.221179 -1.586602
 1362.000000 2.091402 -1.571719
 1363.000000 2.060360 -1.609677
 1364.000000 2.015991 -1.558955
 1365.000000 2.022185 -1.531868
 1366.000000 2.126080 -1.568739
 1367.000000 2.147482 -1.536835
 1368.000000 2.076899 -1.673800
 1369.000000 2.097772 -1.537743
 1370.000000 2.141177 -1.516136
 1371.000000 2.094344 -1.535675
 1372.000000 2.010800 -1.631780
 1373.000000 2.064622 -1.584584
 1374.000000 1.987972 -1.626960
 1375.000000 2.002987 -1.568402
 1376.000000 1.978120 -1.718988
 1377.000000 2.016848 -1.496905
 1378.000000 2.062432 -1.586326
 1379.000000 2.030401 -1.547621
 1380.000000 2.054493 -1.574389
 1381.000000 2.005924 -1.567144
 1382.000000 2.074113 -1.540948
 1383.000000 2.046341 -1.572339
 1384.000000 2.030260 -1.593096
 1385.000000 1.988187 -1.617542
 1386.000000 2.004543 -1.650922
 1387.000000 2.051837 -1.637063
 1388.000000 2.027658 -1.533512
 1389.000000 2.071686 -1.555634
 1390.000000 2.030618 -1.638351
 1391.000000 2.183681 -1.588481
 1392.000000 2.139340 -1.606031
 1393.000000 2.177382 -1.588745
 1394.000000 2.072661 -1.626315
 1395.000000 2.144084 -1.649435
 1396.000000 2.045803 -1.599996
 1397.000000 2.035424 -1.581558
 1398.000000 1.969593 -1.684873
 1399.000000 2.025856 -1.546534
 1400.000000 2.032694 -1.597586
 1401.000000 2.075751 -1.562129
 1402.000000 2.060279 -1.645902
 1403.000000 2.163297 -1.603316
 1404.000000 2.046270 -1.567390
 1405.000000 2.062900 -1.565929
 1406.000000 1.984552 -1.662537
 1407.000000 2.054777 -1.628400
 1408.000000 2.042450 -1.568026
 1409.000000 2.050421 -1.662533
 1410.000000 2.132270 -1.648987
 1411.000000 2.051788 -1.511853
 1412.000000 2.053094 -1.565386
 1413.000000 2.117459 -1.595258
 1414.000000 2.042988 -1.626920
 1415.000000 2.186856 -1.600630
 1416.000000 2.041675 -1.601010
 1417.000000 2.002681 -1.526308
 1418.000000 2.057303 -1.490134
 1419.000000 2.045537 -1.626237
 1420.000000 2.069736 -1.616850
 1421.000000 1.996612 -1.624682
 1422.000000 2.040040 -1.657954
 1423.000000 2.052751 -1.612657
 1424.000000 2.085357 -1.584631
 1425.000000 2.084734 -1.553817
 1426.000000 2.102808 -1.571636
 1427.000000 1.989910 -1.607910
 1428.000000 2.025348 -1.571547
 1429.000000 2.075600 -1.578045
 1430.000000 2.163240 -1.550960
 1431.000000 2.068889 -1.585058
 1432.000000 2.094386 -1.549781
 1433.000000 2.040411 -1.687650
 1434.000000 2.161682 -1.529062
 1435.000000 2.023606 -1.586073
 1436.000000 1.959756 -1.547899
 1437.000000 1.932390 -1.589027
 1438.000000 2.001984 -1.646543
 1439.000000 2.021738 -1.540214
 1440.000000 2.031504 -1.605596
 1441.000000 2.014083 -1.554069
 1442.000000 2.047700 -1.617414
 1443.000000 2.116655 -1.565821
 1444.000000 2.112194 -1.541774
 1445.000000 2.050296 -1.582962
 1446.000000 1.979680 -1.461830
 1447.000000 2.079548 -1.548015
 1448.000000 2.069471 -1.606787
 1449.000000 2.061700 -1.576996
 1450.000000 2.034679 -1.560265
 1451.000000 2.031053 -1.616223
 1452.000000 1.978982 -1.632083
 1453.000000 2.169752 -1.606565
 1454.000000 2.037326 -1.687815
 1455.000000 1.969064 -1.627256
 1456.000000 2.041366 -1.621757
 1457.000000 2.096413 -1.621812
 1458.000000 2.075546 -1.514659
 1459.000000 2.081933 -1.607885
 1460.000000 2.058641 -1.568026
 1461.000000 2.146952 -1.644633
 1462.000000 2.102624 -1.623901
 1463.000000 2.161597 -1.660186
 1464.000000 1.988598 -1.577354
 1465.000000 2.048036 -1.529251
 1466.000000 2.000953 -1.666684
 1467.000000 2.099219 -1.525773
 1468.000000 2.148207 -1.593956
 1469.000000 2.079741 -1.561653
 1470.000000 2.036555 -1.580826
 1471.000000 2.094027 -1.650107
 1472.000000 2.058774 -1.641696
 1473.000000 2.090192 -1.574464
 1474.000000 2.047293 -1.619207
 1475.000000 2.014795 -1.653588
 1476.000000 2.041219 -1.597834
 1477.000000 2.022571 -1.588559
 1478.000000 2.101936 -1.607413
 1479.000000 2.003205 -1.563737
 1480.000000 2.120134 -1.555333
 1481.000000 1.983735 -1.486277
 1482.000000 2.020154 -1.637441
 1483.000000 1.991047 -1.573352
 1484.000000 1.947837 -1.582830
 1485.000000 2.119238 -1.578017
 1486.000000 2.169226 -1.634632
 1487.000000 2.143738 -1.637783
 1488.000000 2.117640 -1.607067
 1489.000000 2.026050 -1.501351
 1490.000000 2.124381 -1.556079
 1491.000000 2.134076 -1.630152
 1492.000000 2.126004 -1.583367
 1493.000000 2.041624 -1.575851
 1494.000000 2.047863 -1.589664
 1495.000000 2.019450 -1.619913
 1496.000000 2.083238 -1.641145
 1497.000000 2.057650 -1.539683
 1498.000000 2.032117 -1.525213
 1499.000000 1.996852 -1.623663
 1500.000000 2.016112 -1.629277
 1501.000000 1.930536 -1.560402
 1502.000000 2.043779 -1.581109
 1503.000000 2.023607 -1.610369
 1504.000000 2.008376 -1.523992
 1505.000000 2.139761 -1.481288
 1506.000000 1.974024 -1.580970
 1507.000000 2.089708 -1.674118
 1508.000000 2.131447 -1.577987
 1509.000000 1.962331 -1.623022
 1510.000000 2.094030 -1.649247
 1511.000000 2.127992 -1.578775
 1512.000000 2.047045 -1.616772
 1513.000000 2.068660 -1.612731
 1514.000000 2.030073 -1.628872
 1515.000000 2.172883 -1.609594
 1516.000000 2.013370 -1.634928
 1517.000000 2.057928 -1.576763
 1518.000000 2.118215 -1.508926
 1519.000000 1.963524 -1.612668
 1520.000000 1.950339 -1.580977
 1521.000000 2.064135 -1.525909
 1522.000000 2.033235 -1.593636
 1523.000000 2.014342 -1.539232
 1524.000000 2.055457 -1.493789
 1525.000000 2.158877 -1.566867
 1526.000000 2.086706 -1.550833
 1527.000000 2.092228 -1.587773
 1528.000000 2.018052 -1.650909
 1529.000000 2.028462 -1.583973
 1530.000000 2.079036 -1.564011
 1531.000000 2.002392 -1.616474
 1532.000000 2.090474 -1.580992
 1533.000000 2.082825 -1.613742
 1534.000000 2.012213 -1.613198
 1535.000000 2.001880 -1.639012
 1536.000000 2.068972 -1.518762
 1537.000000 2.117584 -1.555622
 1538.000000 2.105262 -1.543139
 1539.000000 2.119789 -1.503034
 1540.000000 2.067741 -1.616258
 1541.000000 2.168199 -1.600877
 1542.000000 1.994781 -1.563899
 1543.000000 2.122236 -1.582109
 1544.000000 2.101217 -1.550833
 1545.000000 1.996612 -1.628356
 1546.000000 2.092679 -1.673854
 1547.000000 2.061403 -1.618132
 1548.000000 2.015117 -1.542781
 1549.000000 2.038555 -1.611075
 1550.000000 2.025680 -1.526561
 1551.000000 2.044140 -1.572816
 1552.000000 2.020541 -1.586287
 1553.000000 2.074488 -1.546299
 1554.000000 2.075097 -1.551900
 1555.000000 2.071936 -1.608337
 1556.000000 1.960753 -1.610367
 1557.000000 1.917767 -1.667312
 1558.000000 2.099971 -1.659559
 1559.000000 1.959539 -1.685739
 1560.000000 1.978430 -1.557804
 1561.000000 1.975951 -1.528167
 1562.000000 1.885155 -1.564735
 1563.000000 2.088429 -1.638184
 1564.000000 1.963088 -1.590536
 1565.000000 2.052046 -1.535091
 1566.000000 2.042472 -1.518539
 1567.000000 1.999956 -1.602569
 1568.000000 1.926473 -1.576089
 1569.000000 2.034140 -1.596087
 1570.000000 2.023094 -1.620091
 1571.000000 1.973525 -1.572302
 1572.000000 2.121459 -1.591079
 1573.000000 1.980462 -1.519599
 1574.000000 2.059553 -1.565132
 1575.000000 2.039297 -1.501110
 1576.000000 2.021934 -1.511481
 1577.000000 2.032106 -1.572848
 1578.000000 2.021164 -1.508047
 1579.000000 1.959333 -1.591212
 1580.000000 2.019798 -1.649219
 1581.000000 2.002860 -1.596651
 1582.000000 1.903640 -1.584608
 1583.000000 2.114110 -1.586293
 1584.000000 2.034060 -1.585183
 1585.000000 2.048341 -1.529345
 1586.000000 2.065455 -1.634070
 1587.000000 2.125379 -1.551966
 1588.000000 2.137769 -1.575164
 1589.000000 2.031117 -1.641579
 1590.000000 2.097063 -1.584251
 1591.000000 2.070394 -1.587312
 1592.000000 2.109994 -1.556260
 1593.000000 2.144127 -1.568454
 1594.000000 2.065722 -1.519608
 1595.000000 2.000413 -1.563321
 1596.000000 1.976146 -1.641257
 1597.000000 2.066195 -1.576655
 1598.000000 2.208202 -1.570933
 1599.000000 1.971497 -1.659287
 1600.000000 1.974864 -1.619097
 1601.000000 2.080095 -1.550732
 1602.000000 2.110935 -1.552582
 1603.000000 2.163894 -1.662494
 1604.000000 2.080432 -1.641343
 1605.000000 2.053865 -1.684057
 1606.000000 1.955011 -1.579428
 1607.000000 1.945621 -1.648443
 1608.000000 1.901161 -1.580408
 1609.000000 1.943307 -1.546236
 1610.000000 2.014793 -1.522720
 1611.000000 2.092796 -1.589957
 1612.000000 2.069633 -1.605694
 1613.000000 2.021995 -1.528730
 1614.000000 2.057483 -1.598150
 1615.000000 1.946644 -1.648665
 1616.000000 2.016620 -1.583235
 1617.000000 2.079024 -1.551103
 1618.000000 2.019894 -1.579019
 1619.000000 2.045971 -1.585029
 1620.000000 2.045104 -1.587807
 1621.000000 2.088013 -1.595493
 1622.000000 1.972347 -1.576230
 1623.000000 2.091005 -1.515123
 1624.000000 2.044029 -1.557373
 1625.000000 2.025000 -1.617827
 1626.000000 1.951461 -1.514721
 1627.000000 2.022507 -1.513607
 1628.000000 2.101893 -1.515962
 1629.000000 2.013810 -1.575450
 1630.000000 2.071388 -1.635547
 1631.000000 2.192369 -1.600306
 1632.000000 1.936149 -1.474115
 1633.000000 2.092860 -1.606774
 1634.000000 2.023801 -1.622297
 1635.000000 2.065499 -1.540757
 1636.000000 2.128580 -1.542675
 1637.000000 2.127357 -1.564424
 1638.000000 2.011215 -1.617532
 1639.000000 2.041018 -1.588960
 1640.000000 1.973568 -1.580998
 1641.000000 2.088756 -1.563956
 1642.000000 2.051591 -1.619267
 1643.000000 1.954395 -1.578490
 1644.000000 1.962544 -1.561353
 1645.000000 1.972488 -1.582324
 1646.000000 2.020956 -1.580643
 1647.000000 2.005888 -1.586895
 1648.000000 1.982068 -1.595298
 1649.000000 2.017675 -1.657231
 1650.000000 1.997281 -1.630262
 1651.000000 2.085817 -1.579299
 1652.000000 2.099225 -1.554665
 1653.000000 2.134380 -1.580635
 1654.000000 1.994275 -1.636292
 1655.000000 1.931500 -1.640890
 1656.000000 2.144900 -1.678270
 1657.000000 2.113909 -1.518483
 1658.000000 2.010920 -1.652083
 1659.000000 2.169407 -1.448541
 1660.000000 1.949209 -1.574163
 1661.000000 2.064752 -1.553490
 1662.000000 2.059897 -1.530374
 1663.000000 2.079392 -1.473742
 1664.000000 1.973952 -1.495450
 1665.000000 1.921211 -1.548269
 1666.000000 2.040299 -1.478520
 1667.000000 2.062754 -1.557046
 1668.000000 1.974451 -1.615839
 1669.000000 2.122495 -1.512207
 1670.000000 2.038542 -1.577257
 1671.000000 2.037220 -1.571799
 1672.000000 2.164429 -1.520611
 1673.000000 1.994471 -1.625533
 1674.000000 1.976490 -1.563830
 1675.000000 2.016019 -1.581310
 1676.000000 1.978395 -1.666513
 1677.000000 2.037283 -1.602531
 1678.000000 2.048848 -1.677833
 1679.000000 2.184832 -1.564920
 1680.000000 1.989159 -1.567200
 1681.000000 1.900919 -1.618202
 1682.000000 2.166891 -1.646582
 1683.000000 2.042072 -1.663115
 1684.000000 2.067317 -1.525614
 1685.000000 1.958795 -1.570506
 1686.000000 2.041518 -1.593803
 1687.000000 2.110679 -1.619420
 1688.000000 2.145352 -1.540426
 1689.000000 2.076220 -1.554519
 1690.000000 2.013674 -1.509005
 1691.000000 2.023208 -1.543639
 1692.000000 2.054867 -1.597099
 1693.000000 2.161669 -1.570087
 1694.000000 2.129924 -1.543739
 1695.000000 2.108412 -1.494628
 1696.000000 1.948080 -1.621565
 1697.000000 2.105016 -1.651146
 1698.000000 2.054813 -1.610399
 1699.000000 2.074326 -1.588374
 1700.000000 1.964585 -1.555116
 1701.000000 2.189656 -1.585442
 1702.000000 1.968860 -1.602508
 1703.000000 2.059050 -1.525513
 1704.000000 2.069562 -1.621742
 1705.000000 2.226585 -1.627703
 1706.000000 2.077971 -1.560923
 1707.000000 2.014254 -1.536799
 1708.000000 2.054985 -1.533564
 1709.000000 2.010638 -1.625264
 1710.000000 2.062629 -1.625027
 1711.000000 2.086698 -1.635927
 1712.000000 2.010628 -1.569607
 1713.000000 2.079032 -1.577509
 1714.000000 2.067376 -1.546818
 1715.000000 2.103547 -1.515680
 1716.000000 1.948107 -1.548342
 1717.000000 2.059277 -1.679821
 1718.000000 2.017832 -1.627941
 1719.000000 2.084805 -1.615938
 1720.000000 1.897668 -1.621932
 1721.000000 2.113519 -1.633536
 1722.000000 2.045693 -1.681730
 1723.000000 2.101142 -1.593610
 1724.000000 2.045199 -1.617778
 1725.000000 1.954862 -1.625609
 1726.000000 2.144667 -1.522525
 1727.000000 2.066087 -1.550902
 1728.000000 2.013726 -1.520020
 1729.000000 2.069773 -1.555828
 1730.000000 1.955926 -1.548741
 1731.000000 2.075617 -1.610994
 1732.000000 2.069499 -1.564322
 1733.000000 2.052198 -1.559742
 1734.000000 2.095030 -1.678207
 1735.000000 2.056009 -1.536654
 1736.000000 2.041850 -1.624009
 1737.000000 2.088200 -1.661174
 1738.000000 2.045623 -1.642482
 1739.000000 2.107873 -1.671690
 1740.000000 2.071576 -1.690611
 1741.000000 1.971308 -1.602889
 1742.000000 2.009317 -1.546290
 1743.000000 2.138126 -1.515989
 1744.000000 1.945307 -1.627068
 1745.000000 1.981649 -1.550810
 1746.000000 2.040179 -1.573922
 1747.000000 2.176995 -1.660203
 1748.000000 1.937071 -1.662804
 1749.000000 2.031053 -1.641587
 1750.000000 2.010817 -1.644933
 1751.000000 2.066398 -1.558298
 1752.000000 1.920278 -1.585900
 1753.000000 1.920958 -1.656749
 1754.000000 1.835758 -1.630520
 1755.000000 1.963239 -1.504786
 1756.000000 2.003684 -1.618371
 1757.000000 2.076276 -1.608330
 1758.000000 1.982570 -1.596352
 1759.000000 2.105866 -1.682908
 1760.000000 2.010048 -1.691652
 1761.000000 2.170286 -1.663646
 1762.000000 2.066211 -1.598608
 1763.000000 2.001951 -1.565179
 1764.000000 2.034904 -1.567263
 1765.000000 2.202113 -1.571939
 1766.000000 2.040774 -1.554399
 1767.000000 1.916070 -1.607885
 1768.000000 2.099396 -1.558268
 1769.000000 1.955125 -1.589535
 1770.000000 2.100670 -1.580057
 1771.000000 1.891194 -1.660578
 1772.000000 1.996708 -1.609720
 1773.000000 2.065416 -1.571237
 1774.000000 2.038173 -1.577139
 1775.000000 2.116741 -1.574755
 1776.000000 2.121777 -1.594379
 1777.000000 2.073275 -1.506937
 1778.000000 2.017698 -1.561511
 1779.000000 1.942158 -1.662531
 1780.000000 1.976187 -1.632778
 1781.000000 2.141083 -1.572459
 1782.000000 1.998106 -1.618041
 1783.000000 2.063466 -1.535464
 1784.000000 2.040266 -1.533934
 1785.000000 2.055264 -1.573187
 1786.000000 2.131365 -1.576709
 1787.000000 2.010185 -1.644511
 1788.000000 2.094130 -1.577712
 1789.000000 2.036188 -1.600791
 1790.000000 2.089870 -1.513289
 1791.000000 1.927233 -1.617763
 1792.000000 1.887727 -1.542237
 1793.000000 2.003598 -1.568545
 1794.000000 1.993706 -1.516113
 1795.000000 1.961388 -1.547718
 1796.000000 2.125234 -1.549049
 1797.000000 2.030644 -1.539395
 1798.000000 2.130365 -1.512076
 1799.000000 2.024623 -1.507524
 1800.000000 1.920998 -1.512826
 1801.000000 1.937767 -1.552834
 1802.000000 2.050356 -1.612811
 1803.000000 2.112627 -1.619095
 1804.000000 1.992506 -1.621738
 1805.000000 1.979216 -1.554671
 1806.000000 2.105093 -1.620104
 1807.000000 2.105807 -1.556034
 1808.000000 2.086728 -1.682389
 1809.000000 1.986584 -1.614174
 1810.000000 2.063026 -1.688685
 1811.000000 2.037522 -1.645837
 1812.000000 1.995992 -1.657871
 1813.000000 2.153961 -1.665897
 1814.000000 2.078796 -1.679182
 1815.000000 2.139476 -1.602587
 1816.000000 2.015755 -1.500846
 1817.000000 2.130449 -1.550714
 1818.000000 1.989895 -1.556475
 1819.000000 2.047243 -1.506136
 1820.000000 1.984161 -1.533054
 1821.000000 1.997425 -1.578227
 1822.000000 1.955305 -1.661367
 1823.000000 2.075014 -1.596030
 1824.000000 2.014408 -1.581101
 1825.000000 2.023376 -1.553983
 1826.000000 2.057352 -1.526132
 1827.000000 2.054727 -1.555162
 1828.000000 2.010444 -1.486232
 1829.000000 1.972613 -1.563774
 1830.000000 2.106966 -1.553321
 1831.000000 2.069597 -1.569269
 1832.000000 2.018634 -1.554690
 1833.000000 2.126614 -1.636625
 1834.000000 2.191852 -1.587186
 1835.000000 2.172728 -1.617004
 1836.000000 2.224801 -1.660834
 1837.000000 2.061618 -1.574482
 1838.000000 2.111828 -1.637700
 1839.000000 2.037044 -1.597243
 1840.000000 2.107880 -1.562306
 1841.000000 2.003760 -1.586968
 1842.000000 2.176403 -1.554569
 1843.000000 2.070807 -1.625091
 1844.000000 2.002727 -1.552640
 1845.000000 2.010820 -1.525082
 1846.000000 2.097586 -1.548315
 1847.000000 1.938504 -1.566527
 1848.000000 1.967294 -1.487539
 1849.000000 2.017357 -1.578556
 1850.000000 2.000270 -1.539624
 1851.000000 1.994645 -1.578527
 1852.000000 2.074100 -1.584752
 1853.000000 2.023201 -1.512266
 1854.000000 2.015214 -1.430919
 1855.000000 2.021756 -1.551144
 1856.000000 2.002934 -1.628266
 1857.000000 2.113278 -1.654223
 1858.000000 2.089316 -1.601331
 1859.000000 2.111256 -1.584197
 1860.000000 2.050336 -1.539244
 1861.000000 2.041749 -1.519248
 1862.000000 2.072136 -1.515772
 1863.000000 2.059694 -1.527370
 1864.000000 2.031966 -1.518869
 1865.000000 2.020162 -1.475310
 1866.000000 2.112541 -1.513536
 1867.000000 2.070350 -1.557828
 1868.000000 1.964895 -1.621372
 1869.000000 1.994979 -1.552433
 1870.000000 2.097516 -1.549659
 1871.000000 2.180680 -1.472038
 1872.000000 1.954477 -1.557968
 1873.000000 1.986582 -1.535357
 1874.000000 2.082914 -1.606575
 1875.000000 2.074424 -1.564592
 1876.000000 2.079683 -1.595092
 1877.000000 2.032594 -1.569247
 1878.000000 2.020315 -1.576481
 1879.000000 2.016753 -1.522534
 1880.000000 2.075759 -1.538858
 1881.000000 2.067391 -1.542268
 1882.000000 2.021856 -1.556777
 1883.000000 2.024496 -1.502752
 1884.000000 2.054350 -1.595980
 1885.000000 2.096610 -1.629050
 1886.000000 2.039853 -1.565834
 1887.000000 2.001050 -1.573351
 1888.000000 2.047916 -1.634198
 1889.000000 2.078403 -1.583399
 1890.000000 1.947916 -1.596273
 1891.000000 1.941812 -1.624551
 1892.000000 1.985313 -1.545497
 1893.000000 2.099384 -1.504752
 1894.000000 2.046193 -1.562830
 1895.000000 2.082652 -1.558515
 1896.000000 2.055942 -1.563593
 1897.000000 2.066321 -1.606672
 1898.000000 1.921198 -1.548374
 1899.000000 2.101479 -1.540622
 1900.000000 2.059320 -1.580329
 1901.000000 1.999617 -1.562287
 1902.000000 2.045920 -1.564758
 1903.000000 2.099428 -1.471953
 1904.000000 2.128882 -1.483498
 1905.000000 2.100830 -1.515913
 1906.000000 1.982025 -1.508875
 1907.000000 2.095008 -1.510032
 1908.000000 2.090358 -1.646803
 1909.000000 2.064779 -1.589273
 1910.000000 2.027858 -1.537825
 1911.000000 2.148016 -1.664885
 1912.000000 2.075783 -1.601323
 1913.000000 1.960532 -1.582119
 1914.000000 1.987054 -1.569157
 1915.000000 1.997531 -1.588861
 1916.000000 2.009061 -1.416722
 1917.000000 2.032451 -1.537536
 1918.000000 1.959745 -1.449012
 1919.000000 2.101416 -1.533820
 1920.000000 1.991085 -1.555737
 1921.000000 2.084052 -1.510194
 1922.000000 2.066877 -1.586522
 1923.000000 2.087910 -1.522186
 1924.000000 2.137471 -1.557673
 1925.000000 2.146566 -1.556779
 1926.000000 1.975658 -1.691817
 1927.000000 2.044418 -1.583833
 1928.000000 2.083298 -1.549840
 1929.000000 1.960970 -1.458288
 1930.000000 2.017783 -1.541738
 1931.000000 2.031617 -1.648944
 1932.000000 2.031966 -1.513940
 1933.000000 2.038936 -1.540708
 1934.000000 1.988808 -1.521650
 1935.000000 1.975511 -1.545623
 1936.000000 2.025217 -1.553390
 1937.000000 2.073099 -1.614213
 1938.000000 2.073679 -1.621890
 1939.000000 1.951930 -1.440152
 1940.000000 2.151072 -1.573063
 1941.000000 2.108371 -1.598437
 1942.000000 1.997815 -1.564598
 1943.000000 1.996392 -1.618803
 1944.000000 1.944277 -1.653705
 1945.000000 1.995434 -1.534237
 1946.000000 2.059858 -1.592967
 1947.000000 2.043777 -1.548647
 1948.000000 2.042218 -1.567599
 1949.000000 2.067261 -1.588509
 1950.000000 1.986084 -1.566297
 1951.000000 1.956745 -1.611696
 1952.000000 2.081942 -1.491482
 1953.000000 2.110817 -1.631093
 1954.000000 2.053446 -1.558479
 1955.000000 2.117530 -1.526574
 1956.000000 2.074177 -1.552991
 1957.000000 1.983580 -1.630302
 1958.000000 1.941085 -1.688359
 1959.000000 2.034276 -1.574401
 1960.000000 2.088716 -1.651482
 1961.000000 1.928225 -1.540760
 1962.000000 2.021210 -1.592799
 1963.000000 2.001405 -1.623180
 1964.000000 2.067255 -1.624046
 1965.000000 2.063444 -1.583587
 1966.000000 1.961958 -1.680485
 1967.000000 2.033140 -1.658870
 1968.000000 1.981929 -1.593137
 1969.000000 1.971747 -1.642832
 1970.000000 1.933080 -1.531717
 1971.000000 2.003795 -1.566063
 1972.000000 1.886270 -1.597256
 1973.000000 2.134034 -1.620681
 1974.000000 2.029285 -1.604717
 1975.000000 2.028109 -1.585744
 1976.000000 1.936904 -1.600662
 1977.000000 1.907277 -1.575028
 1978.000000 2.021743 -1.517942
 1979.000000 2.103741 -1.587188
 1980.000000 2.024155 -1.621937
 1981.000000 2.048629 -1.615165
 1982.000000 2.048461 -1.627348
 1983.000000 1.963513 -1.659388
 1984.000000 1.980630 -1.580228
 1985.000000 1.999953 -1.695768
 1986.000000 2.037026 -1.585020
 1987.000000 2.082720 -1.617389
 1988.000000 2.051517 -1.644657
 1989.000000 2.060790 -1.562454
 1990.000000 1.933616 -1.691345
 1991.000000 2.041718 -1.640991
 1992.000000 2.003348 -1.630350
 1993.000000 1.999312 -1.634399
 1994.000000 2.080358 -1.557304
 1995.000000 2.010414 -1.627756
 1996.000000 2.072679 -1.622883
 1997.000000 2.072158 -1.651674
 1998.000000 2.047066 -1.630682
 1999.000000 2.005215 -1.620400
 2000.000000 2.043481 -1.587866
 2001.000000 2.183819 -1.592478
 2002.000000 2.070575 -1.639595
 2003.000000 1.992545 -1.694671
 2004.000000 2.073430 -1.632704
 2005.000000 1.970815 -1.581459
 2006.000000 2.064104 -1.656727
 2007.000000 2.061808 -1.597970
 2008.000000 2.042278 -1.566743
 2009.000000 2.095986 -1.673834
 2010.000000 2.054290 -1.601959
 2011.000000 1.916320 -1.576023
 2012.000000 1.983964 -1.608359
 2013.000000 2.082170 -1.461594
 2014.000000 2.076869 -1.552648
 2015.000000 2.109493 -1.648025
 2016.000000 2.025348 -1.561698
 2017.000000 2.041914 -1.627771
 2018.000000 2.089392 -1.646637
 2019.000000 2.027298 -1.532892
 2020.000000 1.998842 -1.467458
 2021.000000 2.090003 -1.556968
 2022.000000 2.125237 -1.557381
 2023.000000 2.051426 -1.581865
 2024.000000 2.081691 -1.478152
 2025.000000 2.083184 -1.556976
 2026.000000 2.080154 -1.596370
 2027.000000 2.114762 -1.550463
 2028.000000 2.053923 -1.559582
 2029.000000 2.063125 -1.538939
 2030.000000 2.066603 -1.559205
 2031.000000 2.171624 -1.576920
 2032.000000 2.069383 -1.526856
 2033.000000 2.139813 -1.545085
 2034.000000 1.978821 -1.570019
 2035.000000 2.167101 -1.530647
 2036.000000 2.054291 -1.541013
 2037.000000 2.020924 -1.575531
 2038.000000 2.045498 -1.515054
 2039.000000 2.066765 -1.537926
 2040.000000 2.050690 -1.583630
 2041.000000 2.108801 -1.608888
 2042.000000 2.094465 -1.527190
 2043.000000 2.008913 -1.613168
 2044.000000 2.078213 -1.533018
 2045.000000 1.967657 -1.622079
 2046.000000 2.086336 -1.564355
 2047.000000 1.961090 -1.528576
 2048.000000 2.060477 -1.508236
 2049.000000 2.010326 -1.572518
 2050.000000 2.069945 -1.591590
 2051.000000 2.027015 -1.591598
 2052.000000 2.064479 -1.509974
 2053.000000 2.083212 -1.562785
 2054.000000 2.044569 -1.595689
 2055.000000 2.095396 -1.710671
 2056.000000 2.071804 -1.648545
 2057.000000 2.159503 -1.541284
 2058.000000 2.103809 -1.581586
 2059.000000 2.121043 -1.624992
 2060.000000 2.066739 -1.601021
 2061.000000 2.116048 -1.585205
 2062.000000 1.966551 -1.509857
 2063.000000 2.085188 -1.542181
 2064.000000 1.993037 -1.593396
 2065.000000 2.047508 -1.651488
 2066.000000 2.085893 -1.558531
 2067.000000 2.018465 -1.672913
 2068.000000 2.015867 -1.591413
 2069.000000 2.150713 -1.533100
 2070.000000 2.015924 -1.558433
 2071.000000 2.021710 -1.576309
 2072.000000 2.009500 -1.532699
 2073.000000 2.088044 -1.595138
 2074.000000 2.118072 -1.554648
 2075.000000 1.908617 -1.556282
 2076.000000 2.036654 -1.485423
 2077.000000 2.078638 -1.655722
 2078.000000 2.053268 -1.579162
 2079.000000 2.040036 -1.530341
 2080.000000 2.019406 -1.555308
 2081.000000 2.122044 -1.584137
 2082.000000 2.067181 -1.539489
 2083.000000 2.081921 -1.559615
 2084.000000 2.064006 -1.505425
 2085.000000 1.952745 -1.530390
 2086.000000 2.046987 -1.570672
 2087.000000 1.987580 -1.540089
 2088.000000 1.981671 -1.591329
 2089.000000 2.052584 -1.620929
 2090.000000 2.105352 -1.548308
 2091.000000 2.069099 -1.607787
 2092.000000 2.138604 -1.580859
 2093.000000 2.100411 -1.569884
 2094.000000 2.080601 -1.667477
 2095.000000 2.024407 -1.578074
 2096.000000 2.095858 -1.589266
 2097.000000 2.120654 -1.605109
 2098.000000 2.076728 -1.629723
 2099.000000 2.052392 -1.584751
 2100.000000 2.068707 -1.606235
 2101.000000 2.032370 -1.514233
 2102.000000 2.044422 -1.532312
 2103.000000 2.062059 -1.521270
 2104.000000 1.993127 -1.613448
 2105.000000 2.006618 -1.547969
 2106.000000 2.022949 -1.554186
 2107.000000 1.945002 -1.607374
 2108.000000 2.046577 -1.603440
 2109.000000 2.098787 -1.524483
 2110.000000 1.957239 -1.574384
 2111.000000 2.044246 -1.532342
 2112.000000 2.143185 -1.593065
 2113.000000 2.201573 -1.528139
 2114.000000 2.126289 -1.567186
 2115.000000 2.009888 -1.641051
 2116.000000 2.021159 -1.581444
 2117.000000 2.039129 -1.486210
 2118.000000 2.073969 -1.542010
 2119.000000 2.018353 -1.564159
 2120.000000 2.036077 -1.542087
 2121.000000 2.070311 -1.579217
 2122.000000 2.065688 -1.536503
 2123.000000 1.982981 -1.518585
 2124.000000 2.052972 -1.500673
 2125.000000 2.106499 -1.556338
 2126.000000 2.105926 -1.540856
 2127.000000 2.083671 -1.639763
 2128.000000 2.008593 -1.581363
 2129.000000 2.050168 -1.589180
 2130.000000 2.077947 -1.532368
 2131.000000 2.109970 -1.642535
 2132.000000 2.050509 -1.572044
 2133.000000 2.104376 -1.552454
 2134.000000 2.027576 -1.599875
 2135.000000 2.118679 -1.518819
 2136.000000 2.084753 -1.496214
 2137.000000 2.149485 -1.611666
 2138.000000 2.089529 -1.582768
 2139.000000 2.104561 -1.514533
 2140.000000 2.141463 -1.541763
 2141.000000 2.116759 -1.522524
 2142.000000 2.047711 -1.484544
 2143.000000 1.951021 -1.509756
 2144.000000 2.168344 -1.570938
 2145.000000 2.048599 -1.555095
 2146.000000 2.019897 -1.551821
 2147.000000 2.067840 -1.628932
 2148.000000 2.009204 -1.617158
 2149.000000 2.038264 -1.521952
 2150.000000 2.141603 -1.642456
 2151.000000 1.971189 -1.549373
 2152.000000 2.011234 -1.566166
 2153.000000 2.114784 -1.594146
 2154.000000 2.140506 -1.566708
 2155.000000 2.108108 -1.594240
 2156.000000 2.049511 -1.552099
 2157.000000 2.155010 -1.563941
 2158.000000 2.007669 -1.580998
 2159.000000 2.043535 -1.595324
 2160.000000 2.135255 -1.632340
 2161.000000 2.080075 -1.617963
 2162.000000 2.039618 -1.584022
 2163.000000 1.988845 -1.584792
 2164.000000 2.004636 -1.516372
 2165.000000 1.984434 -1.621075
 2166.000000 2.089272 -1.616072
 2167.000000 2.071303 -1.576668
 2168.000000 2.091232 -1.563572
 2169.000000 2.151614 -1.600206
 2170.000000 2.019430 -1.613392
 2171.000000 2.095248 -1.543217
 2172.000000 2.120121 -1.559084
 2173.000000 2.075529 -1.600291
 2174.000000 2.108610 -1.518844
 2175.000000 2.086569 -1.540616
 2176.000000 2.095814 -1.607676
 2177.000000 2.161826 -1.553892
 2178.000000 2.136713 -1.574233
 2179.000000 2.123416 -1.553662
 2180.000000 1.968176 -1.582641
 2181.000000 2.143977 -1.607995
 2182.000000 2.089756 -1.653059
 2183.000000 2.021270 -1.607222
 2184.000000 1.959293 -1.618525
 2185.000000 1.998460 -1.570283
 2186.000000 2.090702 -1.518549
 2187.000000 2.051891 -1.589349
 2188.000000 2.146545 -1.609443
 2189.000000 2.085849 -1.575697
 2190.000000 2.000844 -1.626280
 2191.000000 2.102107 -1.553123
 2192.000000 2.067895 -1.582858
 2193.000000 2.009555 -1.537438
 2194.000000 2.153766 -1.518942
 2195.000000 2.049956 -1.622054
 2196.000000 2.086065 -1.593583
 2197.000000 2.047362 -1.638196
 2198.000000 1.991238 -1.675137
 2199.000000 2.001982 -1.598074
 2200.000000 2.003117 -1.627151
 2201.000000 2.056648 -1.665664
 2202.000000 2.040818 -1.587135
 2203.000000 2.068600 -1.631058
 2204.000000 2.068900 -1.651970
 2205.000000 1.998034 -1.552319
 2206.000000 2.083826 -1.573890
 2207.000000 2.008345 -1.528902
 2208.000000 2.134324 -1.639257
 2209.000000 2.106397 -1.623222
 2210.000000 2.103628 -1.628503
 2211.000000 2.078191 -1.630277
 2212.000000 1.930794 -1.551320
 2213.000000 2.025531 -1.613640
 2214.000000 1.975292 -1.527941
 2215.000000 1.941685 -1.534229
 2216.000000 2.043726 -1.656606
 2217.000000 2.050797 -1.630455
 2218.000000 2.052127 -1.589622
 2219.000000 2.054389 -1.569488
 2220.000000 1.981697 -1.550657
 2221.000000 2.139565 -1.599477
 2222.000000 2.055343 -1.596419
 2223.000000 2.097123 -1.600943
 2224.000000 2.065043 -1.623446
 2225.000000 2.047706 -1.587256
 2226.000000 2.032960 -1.623178
 2227.000000 2.047683 -1.600916
 2228.000000 2.017138 -1.561511
 2229.000000 2.053560 -1.613919
 2230.000000 2.046106 -1.615553
 2231.000000 2.133427 -1.595619
 2232.000000 1.991533 -1.594425
 2233.000000 1.996646 -1.554063
 2234.000000 2.046158 -1.523870
 2235.000000 2.059843 -1.594601
 2236.000000 2.071708 -1.585360
 2237.000000 1.976824 -1.604689
 2238.000000 1.999124 -1.594387
 2239.000000 2.066942 -1.628469
 2240.000000 2.132449 -1.634150
 2241.000000 2.099621 -1.558536
 2242.000000 2.024050 -1.603642
 2243.000000 1.994641 -1.564457
 2244.000000 2.047262 -1.555735
 2245.000000 2.055619 -1.592559
 2246.000000 2.001410 -1.520313
 2247.000000 1.956531 -1.572257
 2248.000000 2.055429 -1.596654
 2249.000000 2.074893 -1.599655
 2250.000000 2.129838 -1.588952
 2251.000000 2.082397 -1.604885
 2252.000000 2.091545 -1.579638
 2253.000000 2.039638 -1.551592
 2254.000000 1.951745 -1.543894
 2255.000000 2.049778 -1.585078
 2256.000000 2.105429 -1.579425
 2257.000000 2.050663 -1.666646
 2258.000000 2.027526 -1.547501
 2259.000000 2.157156 -1.620483
 2260.000000 2.102353 -1.545721
 2261.000000 2.121249 -1.599557
 2262.000000 2.078193 -1.553298
 2263.000000 2.132031 -1.579279
 2264.000000 2.151693 -1.570431
 2265.000000 2.049911 -1.553963
 2266.000000 2.123705 -1.562641
 2267.000000 2.040196 -1.538176
 2268.000000 2.017050 -1.537871
 2269.000000 2.073311 -1.515221
 2270.000000 1.991745 -1.534999
 2271.000000 2.177177 -1.533645
 2272.000000 2.000089 -1.628042
 2273.000000 2.054588 -1.541371
 2274.000000 2.019034 -1.529685
 2275.000000 2.099041 -1.483572
 2276.000000 2.042742 -1.582578
 2277.000000 2.070701 -1.577603
 2278.000000 2.127330 -1.583261
 2279.000000 2.154440 -1.508847
 2280.000000 2.084478 -1.487232
 2281.000000 2.002022 -1.608471
 2282.000000 1.959149 -1.480082
 2283.000000 2.048299 -1.502202
 2284.000000 2.110060 -1.629879
 2285.000000 2.174405 -1.494060
 2286.000000 2.078133 -1.666797
 2287.000000 1.987339 -1.558574
 2288.000000 2.089135 -1.548697
 2289.000000 2.071300 -1.616802
 2290.000000 2.042599 -1.543997
 2291.000000 2.161116 -1.545294
 2292.000000 2.052480 -1.640048
 2293.000000 2.042233 -1.589957
 2294.000000 2.140791 -1.643153
 2295.000000 2.100489 -1.624255
 2296.000000 2.032951 -1.636966
 2297.000000 2.083180 -1.467403
 2298.000000 2.006066 -1.536781
 2299.000000 2.026632 -1.548857
 2300.000000 1.966471 -1.585516
 2301.000000 2.081728 -1.579762
 2302.000000 2.064417 -1.592370
 2303.000000 2.046989 -1.596464
 2304.000000 2.126849 -1.629006
 2305.000000 2.150411 -1.543845
 2306.000000 2.057425 -1.570209
 2307.000000 1.977621 -1.571421
 2308.000000 1.978841 -1.521084
 2309.000000 1.989902 -1.531037
 2310.000000 2.139413 -1.526343
 2311.000000 2.040713 -1.562905
 2312.000000 1.992274 -1.602859
 2313.000000 1.973757 -1.585798
 2314.000000 2.055417 -1.589344
 2315.000000 2.018114 -1.596374
 2316.000000 2.025711 -1.555314
 2317.000000 2.032230 -1.553517
 2318.000000 1.988241 -1.516779
 2319.000000 2.015146 -1.617951
 2320.000000 2.051815 -1.538524
 2321.000000 2.069772 -1.532661
 2322.000000 1.947127 -1.568376
 2323.000000 2.058008 -1.612232
 2324.000000 2.038241 -1.558188
 2325.000000 1.976539 -1.590953
 2326.000000 1.970666 -1.518433
 2327.000000 2.091005 -1.627252
 2328.000000 1.980900 -1.593184
 2329.000000 2.021741 -1.508195
 2330.000000 2.126491 -1.571233
 2331.000000 2.046699 -1.636919
 2332.000000 2.096344 -1.649617
 2333.000000 2.032345 -1.645421
 2334.000000 1.992917 -1.571405
 2335.000000 2.109680 -1.607618
 2336.000000 2.080677 -1.593626
 2337.000000 2.125184 -1.621447
 2338.000000 1.953636 -1.560454
 2339.000000 2.145520 -1.504955
 2340.000000 2.145374 -1.535235
 2341.000000 2.099320 -1.568963
 2342.000000 1.996023 -1.573804
 2343.000000 2.001782 -1.544934
 2344.000000 2.060356 -1.511797
 2345.000000 2.066127 -1.606288
 2346.000000 2.019920 -1.652798
 2347.000000 2.005919 -1.584139
 2348.000000 2.193425 -1.585843
 2349.000000 2.057743 -1.590106
 2350.000000 2.069973 -1.649234
 2351.000000 1.917891 -1.592168
 2352.000000 2.049189 -1.575457
 2353.000000 2.035258 -1.631305
 2354.000000 1.990766 -1.576273
 2355.000000 2.029487 -1.584520
 2356.000000 2.032141 -1.579657
 2357.000000 2.034251 -1.592058
 2358.000000 1.903032 -1.634202
 2359.000000 1.983840 -1.557694
 2360.000000 2.091680 -1.493850
 2361.000000 2.131917 -1.590900
 2362.000000 2.103986 -1.637517
 2363.000000 1.990816 -1.553367
 2364.000000 1.928498 -1.542595
 2365.000000 2.021982 -1.521317
 2366.000000 2.062238 -1.629272
 2367.000000 1.983172 -1.611987
 2368.000000 2.009033 -1.526726
 2369.000000 2.039837 -1.550817
 2370.000000 2.122486 -1.551928
 2371.000000 2.097456 -1.555049
 2372.000000 1.968490 -1.596929
 2373.000000 2.061189 -1.607744
 2374.000000 2.103531 -1.582273
 2375.000000 1.982094 -1.558507
 2376.000000 2.032482 -1.648279
 2377.000000 1.902175 -1.618737
 2378.000000 2.068971 -1.628046
 2379.000000 1.964783 -1.588508
 2380.000000 1.946774 -1.530688
 2381.000000 2.019672 -1.579042
 2382.000000 1.981253 -1.655710
 2383.000000 1.964705 -1.595399
 2384.000000 2.009040 -1.506795
 2385.000000 2.153697 -1.575567
 2386.000000 2.028438 -1.543191
 2387.000000 2.051849 -1.578811
 2388.000000 2.062989 -1.559969
 2389.000000 1.979594 -1.580211
 2390.000000 2.110101 -1.706147
 2391.000000 1.997171 -1.576892
 2392.000000 1.986764 -1.617628
 2393.000000 1.893047 -1.571985
 2394.000000 2.066993 -1.629800
 2395.000000 1.961119 -1.615505
 2396.000000 2.050542 -1.590928
 2397.000000 2.165925 -1.582688
 2398.000000 1.852741 -1.540302
 2399.000000 1.973473 -1.624365
 2400.000000 2.026084 -1.628911
 2401.000000 2.031770 -1.632099
 2402.000000 2.056384 -1.634555
 2403.000000 2.012788 -1.560989
 2404.000000 2.052627 -1.506493
 2405.000000 2.098681 -1.598249
 2406.000000 1.964374 -1.559821
 2407.000000 2.201461 -1.635163
 2408.000000 2.026154 -1.668087
 2409.000000 2.071425 -1.564314
 2410.000000 1.973944 -1.636956
 2411.000000 1.965725 -1.525597
 2412.000000 2.009942 -1.568879
 2413.000000 2.084098 -1.606246
 2414.000000 2.021429 -1.607489
 2415.000000 1.909701 -1.651902
 2416.000000 2.082687 -1.637511
 2417.000000 2.087562 -1.571379
 2418.000000 2.083633 -1.566808
 2419.000000 2.036144 -1.577007
 2420.000000 2.199956 -1.651490
 2421.000000 2.156701 -1.704154
 2422.000000 1.990505 -1.557666
 2423.000000 2.081164 -1.660704
 2424.000000 1.965839 -1.567036
 2425.000000 2.086551 -1.589520
 2426.000000 2.048192 -1.619107
 2427.000000 1.984586 -1.664369
 2428.000000 2.106655 -1.629732
 2429.000000 2.119530 -1.626891
 2430.000000 1.991956 -1.581323
 2431.000000 1.972394 -1.559351
 2432.000000 1.988942 -1.665317
 2433.000000 2.063599 -1.643332
 2434.000000 2.052930 -1.578658
 2435.000000 1.933063 -1.498138
 2436.000000 2.027076 -1.543567
 2437.000000 2.096184 -1.622505
 2438.000000 1.923398 -1.631096
 2439.000000 2.052335 -1.569771
 2440.000000 2.042439 -1.572036
 2441.000000 2.041376 -1.568433
 2442.000000 2.067970 -1.538142
 2443.000000 2.129888 -1.565968
 2444.000000 2.001333 -1.538121
 2445.000000 2.107733 -1.605875
 2446.000000 2.089795 -1.558549
 2447.000000 1.987447 -1.620922
 2448.000000 2.017318 -1.620390
 2449.000000 2.025034 -1.531731
 2450.000000 2.117479 -1.581949
 2451.000000 2.055343 -1.488502
 2452.000000 2.090240 -1.606102
 2453.000000 2.028327 -1.572985
 2454.000000 2.068453 -1.581781
 2455.000000 2.102413 -1.638565
 2456.000000 1.966561 -1.576199
 2457.000000 2.018875 -1.592465
 2458.000000 2.067873 -1.585531
 2459.000000 2.068605 -1.574324
 2460.000000 1.963566 -1.641416
 2461.000000 1.962956 -1.626068
 2462.000000 1.998158 -1.600467
 2463.000000 2.017954 -1.575087
 2464.000000 1.971060 -1.533989
 2465.000000 2.014401 -1.591246
 2466.000000 2.090462 -1.654954
 2467.000000 2.010955 -1.646004
 2468.000000 2.111733 -1.596920
 2469.000000 1.999448 -1.586033
 2470.000000 1.982969 -1.545622
 2471.000000 2.051073 -1.554197
 2472.000000 2.079035 -1.658801
 2473.000000 2.088228 -1.551871
 2474.000000 2.024970 -1.503194
 2475.000000 2.056753 -1.553843
 2476.000000 2.165537 -1.550842
 2477.000000 2.087979 -1.608634
 2478.000000 2.045030 -1.550750
 2479.000000 2.037865 -1.585521
 2480.000000 2.071615 -1.580387
 2481.000000 2.082084 -1.553266
 2482.000000 2.113462 -1.512431
 2483.000000 2.020703 -1.524655
 2484.000000 2.038546 -1.559524
 2485.000000 2.047285 -1.473174
 2486.000000 2.087029 -1.557165
 2487.000000 2.002890 -1.591325
 2488.000000 1.968559 -1.616460
 2489.000000 2.018472 -1.592020
 2490.000000 2.028887 -1.641251
 2491.000000 1.931355 -1.572496
 2492.000000 1.887712 -1.638281
 2493.000000 1.992625 -1.576020
 2494.000000 2.000741 -1.611626
 2495.000000 1.999478 -1.615642
 2496.000000 1.982648 -1.525817
 2497.000000 2.024546 -1.531008
 2498.000000 2.029543 -1.605761
 2499.000000 2.045768 -1.559896
 2500.000000 2.026186 -1.597412
