#! FIELDS time pd_137_140 diff
 0.000000 1.637872 1.122007
 1.000000 1.714374 1.355580
 2.000000 1.735122 1.427801
 3.000000 1.688370 1.400614
 4.000000 1.608178 1.363451
 5.000000 1.538691 1.387806
 6.000000 1.615263 1.399461
 7.000000 1.610947 1.309282
 8.000000 1.698391 1.355089
 9.000000 1.702278 1.395109
 10.000000 1.571490 1.463426
 11.000000 1.628768 1.354414
 12.000000 1.652087 1.371344
 13.000000 1.554611 1.314563
 14.000000 1.613215 1.369612
 15.000000 1.699572 1.319339
 16.000000 1.598371 1.387497
 17.000000 1.618800 1.400218
 18.000000 1.662755 1.405468
 19.000000 1.618806 1.364413
 20.000000 1.665380 1.362868
 21.000000 1.738608 1.441273
 22.000000 1.758560 1.360175
 23.000000 1.699175 1.390330
 24.000000 1.682136 1.437154
 25.000000 1.574397 1.422807
 26.000000 1.690505 1.384755
 27.000000 1.629208 1.394280
 28.000000 1.603307 1.332374
 29.000000 1.617525 1.336565
 30.000000 1.691031 1.448925
 31.000000 1.672049 1.381598
 32.000000 1.663007 1.418630
 33.000000 1.706300 1.403777
 34.000000 1.670816 1.406179
 35.000000 1.561410 1.386216
 36.000000 1.660535 1.441942
 37.000000 1.622601 1.365549
 38.000000 1.690252 1.415885
 39.000000 1.626182 1.316338
 40.000000 1.617311 1.371138
 41.000000 1.599494 1.373863
 42.000000 1.686837 1.391247
 43.000000 1.571679 1.339569
 44.000000 1.526869 1.327673
 45.000000 1.705546 1.375088
 46.000000 1.552390 1.424252
 47.000000 1.753331 1.327321
 48.000000 1.636277 1.377802
 49.000000 1.565883 1.401977
 50.000000 1.678536 1.350045
 51.000000 1.745356 1.334777
 52.000000 1.788210 1.432482
 53.000000 1.612083 1.306063
 54.000000 1.646988 1.419263
 55.000000 1.714653 1.358190
 56.000000 1.621844 1.360556
 57.000000 1.596815 1.369838
 58.000000 1.593049 1.357122
 59.000000 1.580650 1.413176
 60.000000 1.704945 1.393888
 61.000000 1.559558 1.253017
 62.000000 1.532767 1.276544
 63.000000 1.697254 1.275048
 64.000000 1.600898 1.338793
 65.000000 1.651774 1.388721
 66.000000 1.522905 1.438609
 67.000000 1.568984 1.399781
 68.000000 1.704721 1.494031
 69.000000 1.756400 1.388577
 70.000000 1.589592 1.355180
 71.000000 1.618523 1.404390
 72.000000 1.627074 1.419997
 73.000000 1.737014 1.421750
 74.000000 1.679014 1.363145
 75.000000 1.827312 1.440785
 76.000000 1.663728 1.410134
 77.000000 1.540065 1.363687
 78.000000 1.620923 1.275008
 79.000000 1.573026 1.369776
 80.000000 1.650093 1.391177
 81.000000 1.638602 1.308673
 82.000000 1.622035 1.424459
 83.000000 1.661943 1.433569
 84.000000 1.770938 1.473391
 85.000000 1.649131 1.358769
 86.000000 1.646358 1.387022
 87.000000 1.729568 1.370628
 88.000000 1.521496 1.376867
 89.000000 1.616441 1.371809
 90.000000 1.692881 1.334306
 91.000000 1.751626 1.372711
 92.000000 1.631586 1.400779
 93.000000 1.798861 1.312485
 94.000000 1.549142 1.357842
 95.000000 1.718724 1.379284
 96.000000 1.612612 1.373721
 97.000000 1.670077 1.289121
 98.000000 1.675791 1.433795
 99.000000 1.692654 1.252559
 100.000000 1.722463 1.416559
 101.000000 1.603579 1.358644
 102.000000 1.630532 1.426306
 103.000000 1.744270 1.396992
 104.000000 1.713982 1.457033
 105.000000 1.746944 1.432142
 106.000000 1.587206 1.285362
 107.000000 1.714568 1.352404
 108.000000 1.682319 1.349313
 109.000000 1.643123 1.328391
 110.000000 1.600807 1.304407
 111.000000 1.800679 1.271142
 112.000000 1.738407 1.293419
 113.000000 1.740601 1.434772
 114.000000 1.763560 1.443475
 115.000000 1.748173 1.394368
 116.000000 1.746789 1.318208
 117.000000 1.778181 1.381746
 118.000000 1.784188 1.433138
 119.000000 1.821933 1.412961
 120.000000 1.754164 1.461605
 121.000000 1.630980 1.345887
 122.000000 1.686389 1.365322
 123.000000 1.725322 1.495572
 124.000000 1.679793 1.384321
 125.000000 1.748770 1.421905
 126.000000 1.703763 1.289331
 127.000000 1.748685 1.378210
 128.000000 1.595438 1.505616
 129.000000 1.728504 1.525272
 130.000000 1.711526 1.504060
 131.000000 1.624108 1.494741
 132.000000 1.766090 1.380127
 133.000000 1.665921 1.360056
 134.000000 1.684689 1.423844
 135.000000 1.653969 1.286936
 136.000000 1.757927 1.367587
 137.000000 1.777964 1.391090
 138.000000 1.797658 1.479274
 139.000000 1.673451 1.522907
 140.000000 1.733214 1.453182
 141.000000 1.765267 1.458198
 142.000000 1.818799 1.400598
 143.000000 1.812999 1.482908
 144.000000 1.729731 1.441751
 145.000000 1.740197 1.422743
 146.000000 1.699175 1.425084
 147.000000 1.692829 1.462571
 148.000000 1.736556 1.327014
 149.000000 1.807353 1.377343
 150.000000 1.761244 1.383944
 151.000000 1.700014 1.423634
 152.000000 1.688794 1.306243
 153.000000 1.744176 1.415957
 154.000000 1.803155 1.350913
 155.000000 1.741471 1.417848
 156.000000 1.771808 1.400537
 157.000000 1.780844 1.333258
 158.000000 1.762801 1.386693
 159.000000 1.753075 1.352747
 160.000000 1.738084 1.346931
 161.000000 1.696022 1.411267
 162.000000 1.715998 1.441110
 163.000000 1.716149 1.363612
 164.000000 1.776426 1.445000
 165.000000 1.732319 1.484408
 166.000000 1.742969 1.411028
 167.000000 1.633937 1.353312
 168.000000 1.753408 1.334376
 169.000000 1.730866 1.398340
 170.000000 1.722992 1.351309
 171.000000 1.700395 1.430447
 172.000000 1.720161 1.377172
 173.000000 1.715030 1.399429
 174.000000 1.590389 1.384658
 175.000000 1.641493 1.381273
 176.000000 1.640101 1.344710
 177.000000 1.655709 1.356004
 178.000000 1.739656 1.409786
 179.000000 1.707866 1.400258
 180.000000 1.673778 1.391412
 181.000000 1.709198 1.415362
 182.000000 1.726418 1.335547
 183.000000 1.748954 1.404467
 184.000000 1.741739 1.385696
 185.000000 1.713009 1.583223
 186.000000 1.657210 1.467007
 187.000000 1.570373 1.462826
 188.000000 1.666007 1.395737
 189.000000 1.595210 1.331085
 190.000000 1.715344 1.480836
 191.000000 1.721307 1.351570
 192.000000 1.672765 1.420969
 193.000000 1.617820 1.435240
 194.000000 1.670429 1.264915
 195.000000 1.613399 1.335887
 196.000000 1.715432 1.471100
 197.000000 1.678653 1.385737
 198.000000 1.724903 1.393928
 199.000000 1.620935 1.354886
 200.000000 1.720069 1.442256
 201.000000 1.627549 1.393282
 202.000000 1.611002 1.332062
 203.000000 1.621137 1.415911
 204.000000 1.593385 1.277382
 205.000000 1.592056 1.354664
 206.000000 1.697107 1.363720
 207.000000 1.711770 1.391903
 208.000000 1.645009 1.445207
 209.000000 1.575728 1.389946
 210.000000 1.622253 1.402007
 211.000000 1.705473 1.408291
 212.000000 1.602178 1.342903
 213.000000 1.639258 1.309915
 214.000000 1.648676 1.318853
 215.000000 1.674263 1.458459
 216.000000 1.645527 1.346177
 217.000000 1.691646 1.527565
 218.000000 1.643785 1.509616
 219.000000 1.618419 1.444181
 220.000000 1.656264 1.349417
 221.000000 1.574621 1.444390
 222.000000 1.679205 1.490313
 223.000000 1.726976 1.448045
 224.000000 1.594343 1.406461
 225.000000 1.522799 1.396958
 226.000000 1.616648 1.360555
 227.000000 1.720430 1.361353
 228.000000 1.632148 1.444105
 229.000000 1.753920 1.318175
 230.000000 1.638357 1.389435
 231.000000 1.599149 1.377695
 232.000000 1.724770 1.354341
 233.000000 1.675118 1.303397
 234.000000 1.643959 1.365028
 235.000000 1.677362 1.497018
 236.000000 1.646959 1.462739
 237.000000 1.578178 1.290143
 238.000000 1.580614 1.411199
 239.000000 1.686448 1.317227
 240.000000 1.663246 1.434312
 241.000000 1.590521 1.387396
 242.000000 1.606133 1.396982
 243.000000 1.655711 1.399660
 244.000000 1.534796 1.390881
 245.000000 1.674735 1.477385
 246.000000 1.712781 1.386927
 247.000000 1.666431 1.432142
 248.000000 1.753583 1.398524
 249.000000 1.543872 1.397923
 250.000000 1.699405 1.486922
 251.000000 1.797588 1.406978
 252.000000 1.696098 1.439467
 253.000000 1.623182 1.469148
 254.000000 1.716252 1.469312
 255.000000 1.781174 1.390001
 256.000000 1.656574 1.502861
 257.000000 1.615622 1.439501
 258.000000 1.619601 1.507136
 259.000000 1.567905 1.463422
 260.000000 1.718504 1.518915
 261.000000 1.732476 1.469962
 262.000000 1.672622 1.493922
 263.000000 1.643927 1.302994
 264.000000 1.620557 1.425068
 265.000000 1.643293 1.394010
 266.000000 1.574822 1.427276
 267.000000 1.713035 1.442180
 268.000000 1.704252 1.458592
 269.000000 1.610041 1.358297
 270.000000 1.671308 1.437730
 271.000000 1.602378 1.409392
 272.000000 1.659765 1.507867
 273.000000 1.754667 1.512040
 274.000000 1.732363 1.427056
 275.000000 1.693614 1.380991
 276.000000 1.601674 1.452451
 277.000000 1.659747 1.440149
 278.000000 1.676401 1.485909
 279.000000 1.578073 1.382170
 280.000000 1.695525 1.433697
 281.000000 1.724890 1.389055
 282.000000 1.598819 1.343960
 283.000000 1.649236 1.412491
 284.000000 1.634972 1.377518
 285.000000 1.766725 1.368682
 286.000000 1.670251 1.414898
 287.000000 1.660965 1.441981
 288.000000 1.643426 1.445936
 289.000000 1.494484 1.442743
 290.000000 1.596582 1.373591
 291.000000 1.623364 1.386691
 292.000000 1.633165 1.303360
 293.000000 1.660204 1.388062
 294.000000 1.635441 1.383920
 295.000000 1.751917 1.470132
 296.000000 1.715840 1.409572
 297.000000 1.799284 1.449618
 298.000000 1.621693 1.354793
 299.000000 1.533119 1.326621
 300.000000 1.561630 1.398087
 301.000000 1.572145 1.450400
 302.000000 1.650522 1.494246
 303.000000 1.766671 1.404231
 304.000000 1.682222 1.411296
 305.000000 1.607772 1.348055
 306.000000 1.657487 1.391217
 307.000000 1.689481 1.389124
 308.000000 1.654976 1.365202
 309.000000 1.731793 1.437725
 310.000000 1.572658 1.421925
 311.000000 1.601192 1.443393
 312.000000 1.738501 1.408646
 313.000000 1.754928 1.479349
 314.000000 1.718146 1.462572
 315.000000 1.561569 1.408804
 316.000000 1.573733 1.451966
 317.000000 1.670828 1.510823
 318.000000 1.641744 1.463102
 319.000000 1.747641 1.383596
 320.000000 1.721219 1.441515
 321.000000 1.682303 1.477533
 322.000000 1.739671 1.437273
 323.000000 1.762999 1.419558
 324.000000 1.736934 1.498549
 325.000000 1.598489 1.426169
 326.000000 1.722138 1.449902
 327.000000 1.690072 1.300314
 328.000000 1.743045 1.414461
 329.000000 1.662633 1.395486
 330.000000 1.803673 1.434537
 331.000000 1.657189 1.327222
 332.000000 1.796922 1.380748
 333.000000 1.608508 1.396168
 334.000000 1.610360 1.384808
 335.000000 1.605980 1.383599
 336.000000 1.570017 1.369883
 337.000000 1.674732 1.315170
 338.000000 1.697321 1.336348
 339.000000 1.701208 1.437519
 340.000000 1.728939 1.356605
 341.000000 1.706930 1.483760
 342.000000 1.657470 1.505629
 343.000000 1.733531 1.450101
 344.000000 1.690833 1.393857
 345.000000 1.685587 1.470650
 346.000000 1.747559 1.387583
 347.000000 1.655653 1.392914
 348.000000 1.604670 1.478575
 349.000000 1.741678 1.375655
 350.000000 1.647109 1.497413
 351.000000 1.663772 1.460159
 352.000000 1.614122 1.481744
 353.000000 1.666860 1.424272
 354.000000 1.680454 1.368089
 355.000000 1.617415 1.396589
 356.000000 1.672446 1.313239
 357.000000 1.609837 1.350077
 358.000000 1.661727 1.386433
 359.000000 1.701115 1.403576
 360.000000 1.651335 1.450369
 361.000000 1.677058 1.481178
 362.000000 1.696104 1.318499
 363.000000 1.720085 1.379231
 364.000000 1.738820 1.420458
 365.000000 1.743481 1.485488
 366.000000 1.744996 1.411301
 367.000000 1.760503 1.449433
 368.000000 1.773433 1.405547
 369.000000 1.700993 1.423932
 370.000000 1.742759 1.366349
 371.000000 1.618230 1.409286
 372.000000 1.703524 1.344182
 373.000000 1.827747 1.349538
 374.000000 1.776900 1.381799
 375.000000 1.521581 1.345634
 376.000000 1.663112 1.397422
 377.000000 1.756565 1.312957
 378.000000 1.677560 1.415978
 379.000000 1.730862 1.400208
 380.000000 1.680497 1.379622
 381.000000 1.743778 1.328267
 382.000000 1.757687 1.324246
 383.000000 1.618190 1.460817
 384.000000 1.676630 1.473246
 385.000000 1.685923 1.356798
 386.000000 1.745561 1.433411
 387.000000 1.724949 1.395514
 388.000000 1.766853 1.464209
 389.000000 1.726745 1.366796
 390.000000 1.737356 1.438022
 391.000000 1.759445 1.480326
 392.000000 1.669127 1.423084
 393.000000 1.686276 1.448494
 394.000000 1.678161 1.433452
 395.000000 1.672553 1.415191
 396.000000 1.715369 1.415121
 397.000000 1.708278 1.315237
 398.000000 1.799530 1.360341
 399.000000 1.662518 1.411593
 400.000000 1.713162 1.378790
 401.000000 1.696493 1.404119
 402.000000 1.781345 1.403865
 403.000000 1.721099 1.436216
 404.000000 1.685945 1.329543
 405.000000 1.712450 1.475464
 406.000000 1.718060 1.396344
 407.000000 1.657903 1.448343
 408.000000 1.638919 1.447700
 409.000000 1.647481 1.436415
 410.000000 1.803309 1.500746
 411.000000 1.593126 1.426453
 412.000000 1.696572 1.430522
 413.000000 1.583636 1.437613
 414.000000 1.693609 1.317755
 415.000000 1.686923 1.448371
 416.000000 1.574874 1.402784
 417.000000 1.661522 1.471453
 418.000000 1.521644 1.391856
 419.000000 1.618737 1.475998
 420.000000 1.728951 1.364268
 421.000000 1.671082 1.478975
 422.000000 1.717289 1.357798
 423.000000 1.729526 1.454543
 424.000000 1.575642 1.371733
 425.000000 1.686083 1.416636
 426.000000 1.618114 1.396375
 427.000000 1.691525 1.424437
 428.000000 1.666880 1.406353
 429.000000 1.719258 1.441354
 430.000000 1.692195 1.405140
 431.000000 1.677025 1.489982
 432.000000 1.720204 1.371182
 433.000000 1.658103 1.406151
 434.000000 1.651488 1.473768
 435.000000 1.747342 1.403062
 436.000000 1.620856 1.484615
 437.000000 1.576199 1.421739
 438.000000 1.697576 1.306324
 439.000000 1.861678 1.384843
 440.000000 1.476793 1.452343
 441.000000 1.663263 1.403724
 442.000000 1.709529 1.484202
 443.000000 1.593736 1.484031
 444.000000 1.506521 1.424318
 445.000000 1.750277 1.437054
 446.000000 1.559574 1.393341
 447.000000 1.596756 1.301503
 448.000000 1.650653 1.425124
 449.000000 1.693711 1.460855
 450.000000 1.707468 1.479487
 451.000000 1.763789 1.444293
 452.000000 1.559373 1.458928
 453.000000 1.674590 1.418742
 454.000000 1.665840 1.444744
 455.000000 1.610715 1.425166
 456.000000 1.641188 1.422087
 457.000000 1.679067 1.456361
 458.000000 1.679736 1.337616
 459.000000 1.609303 1.417618
 460.000000 1.639232 1.415486
 461.000000 1.618652 1.469745
 462.000000 1.671600 1.463882
 463.000000 1.583811 1.465287
 464.000000 1.657420 1.403210
 465.000000 1.615464 1.361970
 466.000000 1.509427 1.399791
 467.000000 1.512087 1.407376
 468.000000 1.705304 1.412258
 469.000000 1.638863 1.367319
 470.000000 1.681773 1.406003
 471.000000 1.611219 1.424928
 472.000000 1.660740 1.387923
 473.000000 1.664495 1.377250
 474.000000 1.661634 1.416358
 475.000000 1.677283 1.401606
 476.000000 1.608694 1.315086
 477.000000 1.728152 1.426415
 478.000000 1.682241 1.291185
 479.000000 1.738943 1.400812
 480.000000 1.639068 1.371626
 481.000000 1.557637 1.298183
 482.000000 1.582076 1.293371
 483.000000 1.649330 1.393026
 484.000000 1.618237 1.405331
 485.000000 1.715152 1.543966
 486.000000 1.673339 1.378216
 487.000000 1.553331 1.383205
 488.000000 1.744219 1.346571
 489.000000 1.672266 1.405058
 490.000000 1.627923 1.456094
 491.000000 1.621455 1.443670
 492.000000 1.628326 1.378808
 493.000000 1.607179 1.406290
 494.000000 1.654813 1.309233
 495.000000 1.673124 1.396621
 496.000000 1.765723 1.383551
 497.000000 1.612513 1.385193
 498.000000 1.614961 1.404596
 499.000000 1.727101 1.402803
 500.000000 1.673599 1.337816
 501.000000 1.644637 1.466786
 502.000000 1.677423 1.514671
 503.000000 1.567302 1.418066
 504.000000 1.643011 1.422067
 505.000000 1.582860 1.410117
 506.000000 1.671378 1.413386
 507.000000 1.674683 1.287945
 508.000000 1.761640 1.451535
 509.000000 1.687738 1.325644
 510.000000 1.688653 1.317283
 511.000000 1.576658 1.353204
 512.000000 1.754804 1.441992
 513.000000 1.606412 1.389003
 514.000000 1.643947 1.385306
 515.000000 1.680713 1.486339
 516.000000 1.645988 1.481035
 517.000000 1.714373 1.417110
 518.000000 1.715950 1.439597
 519.000000 1.626066 1.498954
 520.000000 1.716495 1.503605
 521.000000 1.649117 1.440285
 522.000000 1.604689 1.427347
 523.000000 1.624833 1.337893
 524.000000 1.607964 1.366170
 525.000000 1.631142 1.418646
 526.000000 1.761802 1.414142
 527.000000 1.665447 1.395412
 528.000000 1.735333 1.516137
 529.000000 1.718684 1.422715
 530.000000 1.729296 1.432584
 531.000000 1.684619 1.374190
 532.000000 1.716073 1.427454
 533.000000 1.595087 1.468953
 534.000000 1.700955 1.390921
 535.000000 1.627379 1.478524
 536.000000 1.725829 1.418113
 537.000000 1.619077 1.340640
 538.000000 1.709982 1.421305
 539.000000 1.762246 1.390710
 540.000000 1.727633 1.457241
 541.000000 1.723777 1.419791
 542.000000 1.758559 1.430897
 543.000000 1.721912 1.345457
 544.000000 1.696635 1.425802
 545.000000 1.796398 1.427726
 546.000000 1.724652 1.407863
 547.000000 1.594614 1.312789
 548.000000 1.667615 1.422104
 549.000000 1.756587 1.354774
 550.000000 1.681372 1.466019
 551.000000 1.673371 1.334411
 552.000000 1.719165 1.396270
 553.000000 1.712064 1.424255
 554.000000 1.740246 1.407086
 555.000000 1.710696 1.391280
 556.000000 1.674058 1.470141
 557.000000 1.678257 1.411639
 558.000000 1.834658 1.470058
 559.000000 1.632543 1.323934
 560.000000 1.620824 1.387179
 561.000000 1.560982 1.408158
 562.000000 1.693491 1.541988
 563.000000 1.763404 1.429884
 564.000000 1.683914 1.448328
 565.000000 1.663479 1.452907
 566.000000 1.714716 1.358396
 567.000000 1.742614 1.492836
 568.000000 1.637703 1.407322
 569.000000 1.657346 1.369164
 570.000000 1.711751 1.379329
 571.000000 1.691313 1.362561
 572.000000 1.564633 1.358473
 573.000000 1.624496 1.348572
 574.000000 1.728225 1.337721
 575.000000 1.707779 1.336414
 576.000000 1.768896 1.389197
 577.000000 1.743792 1.475858
 578.000000 1.692155 1.336362
 579.000000 1.664632 1.398206
 580.000000 1.763463 1.350712
 581.000000 1.747842 1.394113
 582.000000 1.721693 1.421525
 583.000000 1.713785 1.378196
 584.000000 1.704071 1.456063
 585.000000 1.660735 1.445211
 586.000000 1.661818 1.350620
 587.000000 1.636324 1.292537
 588.000000 1.749136 1.405381
 589.000000 1.660193 1.443216
 590.000000 1.630214 1.353641
 591.000000 1.656838 1.319409
 592.000000 1.625513 1.411171
 593.000000 1.732313 1.342899
 594.000000 1.726512 1.341052
 595.000000 1.691823 1.414352
 596.000000 1.619786 1.428144
 597.000000 1.673655 1.389124
 598.000000 1.673438 1.395959
 599.000000 1.770686 1.455358
 600.000000 1.744900 1.408376
 601.000000 1.666979 1.421180
 602.000000 1.702164 1.311910
 603.000000 1.740824 1.340165
 604.000000 1.696119 1.408868
 605.000000 1.800832 1.385011
 606.000000 1.581119 1.432614
 607.000000 1.777187 1.410665
 608.000000 1.613825 1.429435
 609.000000 1.658780 1.422965
 610.000000 1.777636 1.380220
 611.000000 1.729571 1.513708
 612.000000 1.712647 1.455235
 613.000000 1.714698 1.342464
 614.000000 1.751731 1.506255
 615.000000 1.674116 1.477029
 616.000000 1.701025 1.469805
 617.000000 1.667554 1.461643
 618.000000 1.741732 1.380252
 619.000000 1.753082 1.369230
 620.000000 1.632764 1.364309
 621.000000 1.624163 1.283128
 622.000000 1.705263 1.435004
 623.000000 1.624212 1.466628
 624.000000 1.662075 1.430681
 625.000000 1.676241 1.429224
 626.000000 1.661220 1.450817
 627.000000 1.639311 1.363289
 628.000000 1.666935 1.395303
 629.000000 1.768988 1.493618
 630.000000 1.591309 1.363683
 631.000000 1.600013 1.418507
 632.000000 1.544247 1.415291
 633.000000 1.509778 1.463495
 634.000000 1.648558 1.504546
 635.000000 1.622407 1.478234
 636.000000 1.572368 1.425011
 637.000000 1.655155 1.378149
 638.000000 1.658771 1.473096
 639.000000 1.690005 1.468819
 640.000000 1.717174 1.439589
 641.000000 1.606454 1.336581
 642.000000 1.597712 1.392562
 643.000000 1.659055 1.375807
 644.000000 1.661542 1.422360
 645.000000 1.556779 1.350189
 646.000000 1.656952 1.369952
 647.000000 1.596568 1.421281
 648.000000 1.569354 1.429985
 649.000000 1.669568 1.424450
 650.000000 1.756215 1.463715
 651.000000 1.693659 1.416397
 652.000000 1.712096 1.474979
 653.000000 1.694419 1.341437
 654.000000 1.795958 1.424108
 655.000000 1.718033 1.468305
 656.000000 1.676467 1.292300
 657.000000 1.783459 1.451582
 658.000000 1.676932 1.423679
 659.000000 1.640477 1.533152
 660.000000 1.679912 1.442026
 661.000000 1.651774 1.425335
 662.000000 1.723998 1.333678
 663.000000 1.646900 1.408017
 664.000000 1.662722 1.408628
 665.000000 1.601947 1.441653
 666.000000 1.701492 1.473669
 667.000000 1.696449 1.390405
 668.000000 1.673614 1.424604
 669.000000 1.684220 1.410888
 670.000000 1.656922 1.415112
 671.000000 1.608131 1.359101
 672.000000 1.720878 1.417353
 673.000000 1.685744 1.438590
 674.000000 1.648732 1.374962
 675.000000 1.761845 1.466376
 676.000000 1.704091 1.413386
 677.000000 1.629995 1.314850
 678.000000 1.685564 1.238242
 679.000000 1.575221 1.330386
 680.000000 1.637761 1.454073
 681.000000 1.609870 1.391648
 682.000000 1.671425 1.385281
 683.000000 1.626105 1.420886
 684.000000 1.732852 1.418048
 685.000000 1.660359 1.378392
 686.000000 1.611213 1.382448
 687.000000 1.655971 1.415757
 688.000000 1.592709 1.421214
 689.000000 1.702127 1.398333
 690.000000 1.715040 1.348520
 691.000000 1.713685 1.353834
 692.000000 1.645877 1.405885
 693.000000 1.699773 1.402443
 694.000000 1.786846 1.375283
 695.000000 1.742687 1.372693
 696.000000 1.736368 1.362620
 697.000000 1.755804 1.356935
 698.000000 1.770195 1.471298
 699.000000 1.617122 1.402665
 700.000000 1.698237 1.333568
 701.000000 1.663181 1.370842
 702.000000 1.725468 1.459974
 703.000000 1.680634 1.430298
 704.000000 1.668271 1.410386
 705.000000 1.721467 1.418389
 706.000000 1.673018 1.350685
 707.000000 1.692927 1.466992
 708.000000 1.611510 1.448696
 709.000000 1.657046 1.347778
 710.000000 1.486758 1.438925
 711.000000 1.605819 1.399169
 712.000000 1.553604 1.381280
 713.000000 1.617863 1.435214
 714.000000 1.678561 1.336177
 715.000000 1.624343 1.337929
 716.000000 1.588888 1.409227
 717.000000 1.634958 1.452438
 718.000000 1.555718 1.435520
 719.000000 1.552059 1.398599
 720.000000 1.669262 1.338070
 721.000000 1.708955 1.326110
 722.000000 1.561201 1.348338
 723.000000 1.620959 1.358991
 724.000000 1.690686 1.439776
 725.000000 1.736374 1.229556
 726.000000 1.690273 1.364123
 727.000000 1.721970 1.545131
 728.000000 1.618164 1.398920
 729.000000 1.681180 1.449410
 730.000000 1.687398 1.458509
 731.000000 1.587880 1.318971
 732.000000 1.586010 1.537957
 733.000000 1.670543 1.453226
 734.000000 1.602829 1.418162
 735.000000 1.646353 1.364803
 736.000000 1.692293 1.458891
 737.000000 1.607409 1.469739
 738.000000 1.632288 1.401270
 739.000000 1.752690 1.365480
 740.000000 1.649494 1.321111
 741.000000 1.606785 1.435946
 742.000000 1.627515 1.436341
 743.000000 1.669578 1.426105
 744.000000 1.626862 1.406201
 745.000000 1.656727 1.419881
 746.000000 1.692560 1.345005
 747.000000 1.704826 1.316609
 748.000000 1.637904 1.437319
 749.000000 1.622953 1.317039
 750.000000 1.684943 1.445988
 751.000000 1.674591 1.403131
 752.000000 1.686123 1.369917
 753.000000 1.530799 1.295700
 754.000000 1.708377 1.334895
 755.000000 1.742249 1.360688
 756.000000 1.634328 1.343713
 757.000000 1.681867 1.391970
 758.000000 1.620998 1.274479
 759.000000 1.689596 1.380844
 760.000000 1.735198 1.344021
 761.000000 1.715992 1.325969
 762.000000 1.643282 1.313797
 763.000000 1.663665 1.334161
 764.000000 1.593309 1.398693
 765.000000 1.566892 1.445513
 766.000000 1.666128 1.515405
 767.000000 1.587077 1.417706
 768.000000 1.738941 1.276147
 769.000000 1.722688 1.394006
 770.000000 1.667662 1.392326
 771.000000 1.588582 1.383521
 772.000000 1.572808 1.388104
 773.000000 1.635292 1.338866
 774.000000 1.668149 1.342233
 775.000000 1.695245 1.359149
 776.000000 1.636996 1.392458
 777.000000 1.619072 1.357760
 778.000000 1.701777 1.363289
 779.000000 1.663821 1.288853
 780.000000 1.684110 1.358490
 781.000000 1.679968 1.411951
 782.000000 1.575788 1.348527
 783.000000 1.535805 1.374846
 784.000000 1.683907 1.512507
 785.000000 1.516746 1.411712
 786.000000 1.610247 1.445219
 787.000000 1.648654 1.453325
 788.000000 1.701383 1.329093
 789.000000 1.645123 1.365162
 790.000000 1.623986 1.344112
 791.000000 1.708844 1.419325
 792.000000 1.790968 1.373550
 793.000000 1.566440 1.440215
 794.000000 1.662480 1.386813
 795.000000 1.660315 1.454225
 796.000000 1.632906 1.356246
 797.000000 1.621790 1.302491
 798.000000 1.638189 1.427784
 799.000000 1.506618 1.412431
 800.000000 1.605585 1.488940
 801.000000 1.659275 1.256894
 802.000000 1.621548 1.305556
 803.000000 1.740509 1.436510
 804.000000 1.588365 1.395613
 805.000000 1.744299 1.412374
 806.000000 1.689449 1.388744
 807.000000 1.679036 1.446739
 808.000000 1.749176 1.442331
 809.000000 1.672389 1.444364
 810.000000 1.644714 1.423152
 811.000000 1.631898 1.441936
 812.000000 1.718538 1.430095
 813.000000 1.623906 1.330475
 814.000000 1.746189 1.440104
 815.000000 1.617354 1.382867
 816.000000 1.595831 1.392982
 817.000000 1.601381 1.400628
 818.000000 1.719192 1.435282
 819.000000 1.662694 1.329185
 820.000000 1.540493 1.394659
 821.000000 1.745626 1.462663
 822.000000 1.736202 1.355198
 823.000000 1.719561 1.430139
 824.000000 1.676397 1.342092
 825.000000 1.680478 1.392849
 826.000000 1.627898 1.394797
 827.000000 1.818546 1.416083
 828.000000 1.680187 1.487128
 829.000000 1.622770 1.410738
 830.000000 1.720728 1.353893
 831.000000 1.662295 1.340312
 832.000000 1.588542 1.382557
 833.000000 1.618542 1.427821
 834.000000 1.597052 1.420725
 835.000000 1.589388 1.425613
 836.000000 1.617404 1.470774
 837.000000 1.596897 1.337848
 838.000000 1.687227 1.356894
 839.000000 1.648547 1.438667
 840.000000 1.742935 1.395238
 841.000000 1.727418 1.440032
 842.000000 1.656849 1.353774
 843.000000 1.747153 1.301291
 844.000000 1.767144 1.445318
 845.000000 1.680377 1.479289
 846.000000 1.718875 1.449563
 847.000000 1.819159 1.430655
 848.000000 1.726463 1.471983
 849.000000 1.676136 1.309928
 850.000000 1.645803 1.474429
 851.000000 1.699608 1.440174
 852.000000 1.770056 1.433290
 853.000000 1.669846 1.359816
 854.000000 1.688751 1.463268
 855.000000 1.574525 1.435649
 856.000000 1.749139 1.551729
 857.000000 1.655282 1.491520
 858.000000 1.686254 1.389693
 859.000000 1.730679 1.350288
 860.000000 1.759371 1.332345
 861.000000 1.703892 1.417967
 862.000000 1.783002 1.410869
 863.000000 1.622422 1.420547
 864.000000 1.791125 1.383694
 865.000000 1.696626 1.483725
 866.000000 1.604020 1.437572
 867.000000 1.658768 1.411973
 868.000000 1.781984 1.386888
 869.000000 1.634151 1.382266
 870.000000 1.679782 1.321399
 871.000000 1.721425 1.383990
 872.000000 1.709614 1.370014
 873.000000 1.786600 1.420459
 874.000000 1.625666 1.300676
 875.000000 1.673424 1.475203
 876.000000 1.694545 1.521822
 877.000000 1.631618 1.457601
 878.000000 1.793904 1.392628
 879.000000 1.650126 1.323025
 880.000000 1.648818 1.445935
 881.000000 1.728105 1.364173
 882.000000 1.699171 1.458577
 883.000000 1.585184 1.391174
 884.000000 1.647950 1.395630
 885.000000 1.722803 1.415398
 886.000000 1.743802 1.384745
 887.000000 1.668955 1.459446
 888.000000 1.848528 1.437250
 889.000000 1.626187 1.516642
 890.000000 1.623110 1.417457
 891.000000 1.649040 1.405311
 892.000000 1.668090 1.429441
 893.000000 1.730081 1.409011
 894.000000 1.717268 1.384126
 895.000000 1.713782 1.390277
 896.000000 1.694730 1.324516
 897.000000 1.609041 1.361082
 898.000000 1.689756 1.405191
 899.000000 1.705237 1.334713
 900.000000 1.621018 1.438715
 901.000000 1.586067 1.422374
 902.000000 1.649136 1.368877
 903.000000 1.701061 1.411067
 904.000000 1.717354 1.309843
 905.000000 1.706089 1.452352
 906.000000 1.536900 1.415861
 907.000000 1.687792 1.457315
 908.000000 1.603777 1.404854
 909.000000 1.785977 1.369176
 910.000000 1.601213 1.444033
 911.000000 1.574964 1.428708
 912.000000 1.677541 1.366382
 913.000000 1.683819 1.369545
 914.000000 1.705404 1.463432
 915.000000 1.659943 1.384546
 916.000000 1.675988 1.296795
 917.000000 1.588410 1.398436
 918.000000 1.657393 1.370969
 919.000000 1.679943 1.390599
 920.000000 1.669860 1.400266
 921.000000 1.670515 1.493979
 922.000000 1.787787 1.379305
 923.000000 1.740479 1.431807
 924.000000 1.741345 1.344577
 925.000000 1.729916 1.412466
 926.000000 1.795519 1.372882
 927.000000 1.702695 1.374751
 928.000000 1.738225 1.343619
 929.000000 1.599672 1.405438
 930.000000 1.659929 1.431872
 931.000000 1.716342 1.348181
 932.000000 1.689527 1.411925
 933.000000 1.582359 1.449974
 934.000000 1.677560 1.365984
 935.000000 1.651961 1.357185
 936.000000 1.609841 1.382203
 937.000000 1.708122 1.364716
 938.000000 1.729840 1.391087
 939.000000 1.760648 1.443450
 940.000000 1.765132 1.536264
 941.000000 1.604637 1.326493
 942.000000 1.523564 1.365419
 943.000000 1.571281 1.406566
 944.000000 1.621105 1.424017
 945.000000 1.713590 1.526790
 946.000000 1.540178 1.442479
 947.000000 1.632982 1.402411
 948.000000 1.595928 1.354628
 949.000000 1.624512 1.388385
 950.000000 1.601743 1.292076
 951.000000 1.585676 1.430953
 952.000000 1.616070 1.364598
 953.000000 1.697574 1.416254
 954.000000 1.648954 1.341339
 955.000000 1.632512 1.410385
 956.000000 1.668893 1.307993
 957.000000 1.577719 1.359321
 958.000000 1.611067 1.343473
 959.000000 1.726829 1.410441
 960.000000 1.643347 1.422230
 961.000000 1.695739 1.361514
 962.000000 1.779994 1.402908
 963.000000 1.719590 1.430303
 964.000000 1.764761 1.427378
 965.000000 1.764051 1.441735
 966.000000 1.619775 1.478385
 967.000000 1.626969 1.352440
 968.000000 1.649196 1.427767
 969.000000 1.585339 1.391010
 970.000000 1.699291 1.323724
 971.000000 1.760474 1.346216
 972.000000 1.689573 1.426474
 973.000000 1.644378 1.419026
 974.000000 1.651920 1.415332
 975.000000 1.684316 1.424715
 976.000000 1.621737 1.465811
 977.000000 1.626087 1.442986
 978.000000 1.588590 1.469496
 979.000000 1.681399 1.422367
 980.000000 1.710107 1.511395
 981.000000 1.691913 1.495807
 982.000000 1.563834 1.489883
 983.000000 1.702840 1.509045
 984.000000 1.674884 1.398833
 985.000000 1.700440 1.468044
 986.000000 1.660212 1.441238
 987.000000 1.564251 1.431906
 988.000000 1.745151 1.337826
 989.000000 1.623299 1.404236
 990.000000 1.653884 1.428689
 991.000000 1.623463 1.396660
 992.000000 1.603890 1.297284
 993.000000 1.649008 1.488502
 994.000000 1.561682 1.416676
 995.000000 1.645654 1.441523
 996.000000 1.673366 1.413738
 997.000000 1.677303 1.333630
 998.000000 1.757430 1.396985
 999.000000 1.652751 1.428747
 1000.000000 1.640049 1.384280
 1001.000000 1.605903 1.411217
 1002.000000 1.585661 1.393873
 1003.000000 1.607402 1.376653
 1004.000000 1.611596 1.400842
 1005.000000 1.716462 1.451832
 1006.000000 1.612379 1.421172
 1007.000000 1.623137 1.451247
 1008.000000 1.650038 1.397272
 1009.000000 1.771224 1.391239
 1010.000000 1.623165 1.388512
 1011.000000 1.652968 1.365153
 1012.000000 1.608870 1.328113
 1013.000000 1.726558 1.300030
 1014.000000 1.646485 1.343800
 1015.000000 1.687764 1.386295
 1016.000000 1.656039 1.414964
 1017.000000 1.667235 1.340520
 1018.000000 1.589073 1.427998
 1019.000000 1.572830 1.354555
 1020.000000 1.599653 1.422290
 1021.000000 1.678290 1.388075
 1022.000000 1.594667 1.363108
 1023.000000 1.576010 1.382360
 1024.000000 1.676535 1.398984
 1025.000000 1.655120 1.254045
 1026.000000 1.688883 1.270640
 1027.000000 1.546520 1.373157
 1028.000000 1.702325 1.437070
 1029.000000 1.620402 1.405335
 1030.000000 1.664052 1.294981
 1031.000000 1.713948 1.397248
 1032.000000 1.650885 1.382578
 1033.000000 1.623025 1.394106
 1034.000000 1.774249 1.422500
 1035.000000 1.664831 1.484328
 1036.000000 1.606132 1.401835
 1037.000000 1.687248 1.357807
 1038.000000 1.687578 1.450567
 1039.000000 1.735912 1.342983
 1040.000000 1.794149 1.405063
 1041.000000 1.681614 1.385025
 1042.000000 1.774656 1.370142
 1043.000000 1.698407 1.491320
 1044.000000 1.690442 1.497361
 1045.000000 1.722148 1.361050
 1046.000000 1.835644 1.392905
 1047.000000 1.761527 1.402086
 1048.000000 1.677904 1.448397
 1049.000000 1.778551 1.429337
 1050.000000 1.725399 1.376002
 1051.000000 1.754855 1.360362
 1052.000000 1.792390 1.293249
 1053.000000 1.771001 1.426454
 1054.000000 1.751330 1.402219
 1055.000000 1.687397 1.416725
 1056.000000 1.724984 1.537137
 1057.000000 1.672389 1.484825
 1058.000000 1.736808 1.476606
 1059.000000 1.574944 1.518226
 1060.000000 1.778548 1.496675
 1061.000000 1.669699 1.449036
 1062.000000 1.786405 1.420814
 1063.000000 1.680544 1.443731
 1064.000000 1.670442 1.363413
 1065.000000 1.651181 1.402752
 1066.000000 1.588743 1.437476
 1067.000000 1.812176 1.325795
 1068.000000 1.709795 1.418278
 1069.000000 1.649611 1.467481
 1070.000000 1.751509 1.375885
 1071.000000 1.620481 1.364115
 1072.000000 1.600606 1.453352
 1073.000000 1.801316 1.402580
 1074.000000 1.630542 1.407121
 1075.000000 1.555537 1.452949
 1076.000000 1.667852 1.404262
 1077.000000 1.676426 1.457476
 1078.000000 1.640834 1.388201
 1079.000000 1.614312 1.489229
 1080.000000 1.673626 1.439915
 1081.000000 1.648883 1.443745
 1082.000000 1.596513 1.335546
 1083.000000 1.633038 1.340555
 1084.000000 1.696342 1.376468
 1085.000000 1.597222 1.305115
 1086.000000 1.641134 1.356218
 1087.000000 1.734241 1.380075
 1088.000000 1.639459 1.404520
 1089.000000 1.545896 1.371515
 1090.000000 1.587603 1.342517
 1091.000000 1.700297 1.358846
 1092.000000 1.567339 1.349295
 1093.000000 1.588502 1.472487
 1094.000000 1.662562 1.236124
 1095.000000 1.694550 1.411868
 1096.000000 1.662273 1.417990
 1097.000000 1.652079 1.406760
 1098.000000 1.505010 1.438202
 1099.000000 1.760947 1.321281
 1100.000000 1.734864 1.346949
 1101.000000 1.864692 1.385754
 1102.000000 1.691498 1.393954
 1103.000000 1.677239 1.363173
 1104.000000 1.678709 1.377839
 1105.000000 1.614031 1.381821
 1106.000000 1.744737 1.374363
 1107.000000 1.764176 1.336682
 1108.000000 1.681377 1.359367
 1109.000000 1.591939 1.456223
 1110.000000 1.531111 1.407347
 1111.000000 1.751845 1.457796
 1112.000000 1.717195 1.357321
 1113.000000 1.577229 1.454704
 1114.000000 1.588604 1.429480
 1115.000000 1.683917 1.397404
 1116.000000 1.697165 1.472391
 1117.000000 1.638918 1.487539
 1118.000000 1.676604 1.412741
 1119.000000 1.714292 1.262630
 1120.000000 1.623170 1.423809
 1121.000000 1.576801 1.404513
 1122.000000 1.606486 1.456446
 1123.000000 1.659335 1.370226
 1124.000000 1.716884 1.379557
 1125.000000 1.657654 1.340752
 1126.000000 1.582354 1.406194
 1127.000000 1.704307 1.440577
 1128.000000 1.685024 1.455264
 1129.000000 1.691383 1.373433
 1130.000000 1.722689 1.426820
 1131.000000 1.720996 1.477193
 1132.000000 1.640944 1.453151
 1133.000000 1.625364 1.478119
 1134.000000 1.685675 1.469784
 1135.000000 1.523971 1.323343
 1136.000000 1.616188 1.408595
 1137.000000 1.756019 1.405058
 1138.000000 1.677865 1.339230
 1139.000000 1.675914 1.419293
 1140.000000 1.638098 1.410533
 1141.000000 1.742822 1.350374
 1142.000000 1.542369 1.428478
 1143.000000 1.673013 1.364198
 1144.000000 1.712716 1.341455
 1145.000000 1.690975 1.381722
 1146.000000 1.682998 1.402552
 1147.000000 1.652590 1.315929
 1148.000000 1.632754 1.374890
 1149.000000 1.634129 1.439998
 1150.000000 1.602831 1.381659
 1151.000000 1.528717 1.343362
 1152.000000 1.497168 1.363606
 1153.000000 1.581679 1.485244
 1154.000000 1.687794 1.392313
 1155.000000 1.711170 1.412567
 1156.000000 1.654690 1.433635
 1157.000000 1.459774 1.388762
 1158.000000 1.658647 1.323167
 1159.000000 1.617949 1.346155
 1160.000000 1.708943 1.352297
 1161.000000 1.681243 1.421889
 1162.000000 1.578841 1.399254
 1163.000000 1.559238 1.520951
 1164.000000 1.655502 1.427301
 1165.000000 1.630016 1.376409
 1166.000000 1.621894 1.372313
 1167.000000 1.614572 1.326486
 1168.000000 1.578198 1.404016
 1169.000000 1.710487 1.398090
 1170.000000 1.668976 1.373170
 1171.000000 1.692918 1.354295
 1172.000000 1.691088 1.354407
 1173.000000 1.658098 1.364870
 1174.000000 1.663270 1.390969
 1175.000000 1.709047 1.389534
 1176.000000 1.597623 1.294418
 1177.000000 1.514479 1.318560
 1178.000000 1.614119 1.339131
 1179.000000 1.761266 1.417707
 1180.000000 1.609377 1.373300
 1181.000000 1.729646 1.386861
 1182.000000 1.742724 1.433131
 1183.000000 1.683802 1.515065
 1184.000000 1.584193 1.472064
 1185.000000 1.592475 1.422884
 1186.000000 1.695412 1.417773
 1187.000000 1.703343 1.409420
 1188.000000 1.659358 1.343237
 1189.000000 1.656658 1.365694
 1190.000000 1.614265 1.287237
 1191.000000 1.523124 1.394585
 1192.000000 1.613039 1.412123
 1193.000000 1.609933 1.432853
 1194.000000 1.714724 1.386051
 1195.000000 1.651769 1.423186
 1196.000000 1.635669 1.342112
 1197.000000 1.651900 1.419876
 1198.000000 1.646482 1.395511
 1199.000000 1.575514 1.324801
 1200.000000 1.709390 1.329541
 1201.000000 1.602013 1.435151
 1202.000000 1.580178 1.476831
 1203.000000 1.585911 1.332006
 1204.000000 1.553413 1.355852
 1205.000000 1.569757 1.412047
 1206.000000 1.665773 1.472612
 1207.000000 1.619296 1.353623
 1208.000000 1.638315 1.468435
 1209.000000 1.610570 1.381873
 1210.000000 1.620531 1.380745
 1211.000000 1.555043 1.398307
 1212.000000 1.671780 1.357250
 1213.000000 1.631301 1.364733
 1214.000000 1.574306 1.370343
 1215.000000 1.723898 1.460232
 1216.000000 1.609086 1.400938
 1217.000000 1.541114 1.283325
 1218.000000 1.633194 1.364553
 1219.000000 1.649281 1.337767
 1220.000000 1.580918 1.459870
 1221.000000 1.591083 1.391079
 1222.000000 1.715314 1.473017
 1223.000000 1.644824 1.377391
 1224.000000 1.660243 1.355463
 1225.000000 1.572963 1.355529
 1226.000000 1.618506 1.420466
 1227.000000 1.636571 1.447944
 1228.000000 1.597178 1.399590
 1229.000000 1.521750 1.394217
 1230.000000 1.620861 1.425717
 1231.000000 1.476085 1.436299
 1232.000000 1.547590 1.478578
 1233.000000 1.531260 1.371309
 1234.000000 1.530648 1.500956
 1235.000000 1.506193 1.371412
 1236.000000 1.559912 1.393190
 1237.000000 1.588837 1.408517
 1238.000000 1.610983 1.286435
 1239.000000 1.484050 1.416477
 1240.000000 1.692011 1.405912
 1241.000000 1.602321 1.482758
 1242.000000 1.537441 1.336135
 1243.000000 1.631893 1.321619
 1244.000000 1.680024 1.384071
 1245.000000 1.531039 1.291038
 1246.000000 1.465505 1.456603
 1247.000000 1.626482 1.455155
 1248.000000 1.579083 1.450113
 1249.000000 1.600727 1.383179
 1250.000000 1.758655 1.449579
 1251.000000 1.630021 1.404262
 1252.000000 1.595191 1.442900
 1253.000000 1.619930 1.392374
 1254.000000 1.698039 1.439913
 1255.000000 1.693058 1.366508
 1256.000000 1.591300 1.402429
 1257.000000 1.609207 1.465199
 1258.000000 1.685152 1.381049
 1259.000000 1.623451 1.289600
 1260.000000 1.606277 1.313518
 1261.000000 1.708782 1.321249
 1262.000000 1.628991 1.446208
 1263.000000 1.579943 1.427093
 1264.000000 1.574386 1.424603
 1265.000000 1.760730 1.387276
 1266.000000 1.630212 1.390827
 1267.000000 1.622240 1.447748
 1268.000000 1.658050 1.409552
 1269.000000 1.623497 1.400914
 1270.000000 1.644894 1.507451
 1271.000000 1.688538 1.358725
 1272.000000 1.603414 1.405842
 1273.000000 1.513005 1.451424
 1274.000000 1.664815 1.248047
 1275.000000 1.665454 1.471127
 1276.000000 1.547738 1.341450
 1277.000000 1.474099 1.504515
 1278.000000 1.584718 1.418330
 1279.000000 1.732376 1.466996
 1280.000000 1.665521 1.462514
 1281.000000 1.558927 1.386271
 1282.000000 1.530971 1.399754
 1283.000000 1.610689 1.269473
 1284.000000 1.560322 1.408338
 1285.000000 1.682599 1.342499
 1286.000000 1.647615 1.410568
 1287.000000 1.598044 1.426306
 1288.000000 1.602010 1.328319
 1289.000000 1.696210 1.373481
 1290.000000 1.649693 1.432737
 1291.000000 1.688123 1.397964
 1292.000000 1.612962 1.471134
 1293.000000 1.493279 1.416845
 1294.000000 1.515127 1.399956
 1295.000000 1.605134 1.374746
 1296.000000 1.530429 1.405992
 1297.000000 1.600753 1.455143
 1298.000000 1.661715 1.346392
 1299.000000 1.540034 1.449773
 1300.000000 1.612336 1.457611
 1301.000000 1.590624 1.435395
 1302.000000 1.681792 1.411775
 1303.000000 1.631501 1.458510
 1304.000000 1.653897 1.433418
 1305.000000 1.735475 1.365488
 1306.000000 1.561965 1.408870
 1307.000000 1.660130 1.415745
 1308.000000 1.613470 1.404545
 1309.000000 1.641366 1.474331
 1310.000000 1.648768 1.369362
 1311.000000 1.736450 1.345774
 1312.000000 1.581714 1.430084
 1313.000000 1.619592 1.442197
 1314.000000 1.666924 1.299768
 1315.000000 1.628663 1.402174
 1316.000000 1.633069 1.454968
 1317.000000 1.449562 1.386083
 1318.000000 1.788881 1.377945
 1319.000000 1.596515 1.404607
 1320.000000 1.573813 1.447719
 1321.000000 1.653547 1.441224
 1322.000000 1.620688 1.428642
 1323.000000 1.726132 1.414277
 1324.000000 1.621724 1.450016
 1325.000000 1.738855 1.475534
 1326.000000 1.643728 1.422967
 1327.000000 1.734931 1.468043
 1328.000000 1.604028 1.312171
 1329.000000 1.523539 1.339467
 1330.000000 1.601380 1.422165
 1331.000000 1.710211 1.466333
 1332.000000 1.612188 1.426552
 1333.000000 1.681566 1.381446
 1334.000000 1.735430 1.357288
 1335.000000 1.795039 1.408835
 1336.000000 1.598384 1.460140
 1337.000000 1.735361 1.432388
 1338.000000 1.687314 1.420256
 1339.000000 1.708879 1.322981
 1340.000000 1.760125 1.390120
 1341.000000 1.704326 1.460658
 1342.000000 1.749344 1.417191
 1343.000000 1.675580 1.400148
 1344.000000 1.620876 1.348420
 1345.000000 1.584943 1.453305
 1346.000000 1.685734 1.487374
 1347.000000 1.658859 1.382551
 1348.000000 1.619090 1.360823
 1349.000000 1.708132 1.339846
 1350.000000 1.695718 1.412529
 1351.000000 1.705367 1.337334
 1352.000000 1.706054 1.289967
 1353.000000 1.691193 1.396036
 1354.000000 1.673284 1.433620
 1355.000000 1.597608 1.466799
 1356.000000 1.743139 1.397994
 1357.000000 1.615750 1.373978
 1358.000000 1.508525 1.478461
 1359.000000 1.567216 1.420069
 1360.000000 1.653533 1.373406
 1361.000000 1.592807 1.416649
 1362.000000 1.671039 1.316420
 1363.000000 1.626039 1.417741
 1364.000000 1.639498 1.382188
 1365.000000 1.665813 1.313536
 1366.000000 1.632473 1.384831
 1367.000000 1.646512 1.440028
 1368.000000 1.582490 1.370711
 1369.000000 1.467192 1.346733
 1370.000000 1.592963 1.337609
 1371.000000 1.630056 1.394954
 1372.000000 1.558224 1.348329
 1373.000000 1.604346 1.449662
 1374.000000 1.555423 1.467150
 1375.000000 1.618104 1.378955
 1376.000000 1.597249 1.412269
 1377.000000 1.668902 1.466739
 1378.000000 1.637353 1.397494
 1379.000000 1.520076 1.367978
 1380.000000 1.646129 1.477866
 1381.000000 1.735380 1.449309
 1382.000000 1.638610 1.384682
 1383.000000 1.476362 1.364504
 1384.000000 1.631450 1.428119
 1385.000000 1.583547 1.444709
 1386.000000 1.602877 1.507561
 1387.000000 1.630702 1.362243
 1388.000000 1.649298 1.398986
 1389.000000 1.612171 1.382828
 1390.000000 1.530925 1.439840
 1391.000000 1.628115 1.484574
 1392.000000 1.719774 1.493280
 1393.000000 1.686552 1.499597
 1394.000000 1.701143 1.497624
 1395.000000 1.598899 1.443760
 1396.000000 1.698138 1.395424
 1397.000000 1.681416 1.410115
 1398.000000 1.633660 1.486922
 1399.000000 1.669558 1.489269
 1400.000000 1.766116 1.380877
 1401.000000 1.593206 1.408887
 1402.000000 1.698319 1.463294
 1403.000000 1.818445 1.538058
 1404.000000 1.667118 1.483567
 1405.000000 1.573846 1.424724
 1406.000000 1.582713 1.537822
 1407.000000 1.711954 1.407270
 1408.000000 1.613057 1.359277
 1409.000000 1.561457 1.439700
 1410.000000 1.524314 1.355343
 1411.000000 1.772241 1.428859
 1412.000000 1.776549 1.445887
 1413.000000 1.601849 1.359697
 1414.000000 1.720629 1.426480
 1415.000000 1.691067 1.329485
 1416.000000 1.741788 1.363745
 1417.000000 1.656238 1.486870
 1418.000000 1.588933 1.425789
 1419.000000 1.710109 1.445915
 1420.000000 1.652824 1.406843
 1421.000000 1.618823 1.424776
 1422.000000 1.714920 1.337243
 1423.000000 1.692856 1.361116
 1424.000000 1.722342 1.393996
 1425.000000 1.741907 1.438096
 1426.000000 1.640568 1.325103
 1427.000000 1.560421 1.423246
 1428.000000 1.618337 1.327567
 1429.000000 1.527536 1.424833
 1430.000000 1.637658 1.386299
 1431.000000 1.617908 1.565501
 1432.000000 1.654984 1.351506
 1433.000000 1.652402 1.269280
 1434.000000 1.506882 1.435580
 1435.000000 1.551257 1.386507
 1436.000000 1.560046 1.436995
 1437.000000 1.649510 1.403902
 1438.000000 1.601452 1.328362
 1439.000000 1.663623 1.413011
 1440.000000 1.672734 1.359792
 1441.000000 1.628882 1.364288
 1442.000000 1.771667 1.427188
 1443.000000 1.598491 1.324142
 1444.000000 1.657817 1.388551
 1445.000000 1.668600 1.358269
 1446.000000 1.553552 1.450433
 1447.000000 1.663841 1.301371
 1448.000000 1.632565 1.468277
 1449.000000 1.620601 1.394163
 1450.000000 1.587508 1.442854
 1451.000000 1.661117 1.362926
 1452.000000 1.762849 1.361390
 1453.000000 1.792913 1.325761
 1454.000000 1.680322 1.416153
 1455.000000 1.510310 1.363836
 1456.000000 1.659596 1.366850
 1457.000000 1.635142 1.423817
 1458.000000 1.619437 1.418565
 1459.000000 1.736903 1.423554
 1460.000000 1.603689 1.490522
 1461.000000 1.632780 1.414220
 1462.000000 1.679861 1.337395
 1463.000000 1.684183 1.468974
 1464.000000 1.724553 1.489533
 1465.000000 1.668712 1.439137
 1466.000000 1.596755 1.490674
 1467.000000 1.676345 1.381766
 1468.000000 1.660945 1.380623
 1469.000000 1.550816 1.265130
 1470.000000 1.676821 1.395555
 1471.000000 1.598397 1.358765
 1472.000000 1.720501 1.333593
 1473.000000 1.631531 1.328001
 1474.000000 1.593908 1.398286
 1475.000000 1.636549 1.385843
 1476.000000 1.648916 1.286947
 1477.000000 1.649343 1.379207
 1478.000000 1.622232 1.357490
 1479.000000 1.766843 1.363435
 1480.000000 1.746484 1.421735
 1481.000000 1.663509 1.336881
 1482.000000 1.609967 1.449880
 1483.000000 1.714840 1.310595
 1484.000000 1.565923 1.377609
 1485.000000 1.749673 1.368877
 1486.000000 1.726830 1.398450
 1487.000000 1.736899 1.306024
 1488.000000 1.807916 1.322375
 1489.000000 1.684920 1.450152
 1490.000000 1.655124 1.406323
 1491.000000 1.592279 1.430693
 1492.000000 1.564380 1.295803
 1493.000000 1.693286 1.451292
 1494.000000 1.610262 1.438432
 1495.000000 1.604380 1.454822
 1496.000000 1.579822 1.406767
 1497.000000 1.694555 1.432266
 1498.000000 1.646191 1.393479
 1499.000000 1.610223 1.352244
 1500.000000 1.640372 1.306426
 1501.000000 1.649246 1.381693
 1502.000000 1.636982 1.429960
 1503.000000 1.711724 1.465494
 1504.000000 1.641383 1.417936
 1505.000000 1.558773 1.506808
 1506.000000 1.535901 1.446006
 1507.000000 1.624979 1.452008
 1508.000000 1.570299 1.456230
 1509.000000 1.678930 1.382398
 1510.000000 1.584615 1.443981
 1511.000000 1.580724 1.352554
 1512.000000 1.637382 1.388361
 1513.000000 1.674084 1.434852
 1514.000000 1.587125 1.451118
 1515.000000 1.640887 1.382363
 1516.000000 1.666857 1.324093
 1517.000000 1.638072 1.304875
 1518.000000 1.637599 1.452395
 1519.000000 1.731369 1.391194
 1520.000000 1.755078 1.428641
 1521.000000 1.686279 1.414657
 1522.000000 1.629126 1.420185
 1523.000000 1.673057 1.372629
 1524.000000 1.590541 1.376046
 1525.000000 1.723013 1.433403
 1526.000000 1.631457 1.360501
 1527.000000 1.609107 1.354409
 1528.000000 1.648654 1.378151
 1529.000000 1.593232 1.387292
 1530.000000 1.602539 1.408553
 1531.000000 1.599567 1.419508
 1532.000000 1.633289 1.482046
 1533.000000 1.705758 1.394552
 1534.000000 1.617642 1.369904
 1535.000000 1.616516 1.414794
 1536.000000 1.674262 1.350899
 1537.000000 1.504187 1.496292
 1538.000000 1.744302 1.504695
 1539.000000 1.579858 1.485123
 1540.000000 1.634239 1.395772
 1541.000000 1.676701 1.389112
 1542.000000 1.642729 1.358155
 1543.000000 1.596253 1.413824
 1544.000000 1.625125 1.346704
 1545.000000 1.649685 1.406171
 1546.000000 1.623434 1.360301
 1547.000000 1.601612 1.396522
 1548.000000 1.560374 1.343904
 1549.000000 1.568307 1.457029
 1550.000000 1.660280 1.339823
 1551.000000 1.628367 1.334280
 1552.000000 1.676590 1.342598
 1553.000000 1.436890 1.413084
 1554.000000 1.591567 1.401994
 1555.000000 1.559626 1.388295
 1556.000000 1.537647 1.421984
 1557.000000 1.576931 1.460523
 1558.000000 1.574130 1.374565
 1559.000000 1.594164 1.420365
 1560.000000 1.571158 1.370939
 1561.000000 1.572406 1.390288
 1562.000000 1.531398 1.411943
 1563.000000 1.662784 1.284551
 1564.000000 1.595430 1.325195
 1565.000000 1.579500 1.307228
 1566.000000 1.555589 1.422849
 1567.000000 1.718189 1.460363
 1568.000000 1.683576 1.443016
 1569.000000 1.623283 1.386324
 1570.000000 1.604624 1.447534
 1571.000000 1.595023 1.414137
 1572.000000 1.636462 1.355743
 1573.000000 1.531312 1.403918
 1574.000000 1.473743 1.439751
 1575.000000 1.584526 1.346547
 1576.000000 1.492849 1.460552
 1577.000000 1.567850 1.393311
 1578.000000 1.684907 1.429826
 1579.000000 1.481922 1.389930
 1580.000000 1.516502 1.354711
 1581.000000 1.589201 1.366495
 1582.000000 1.571577 1.393656
 1583.000000 1.618836 1.387626
 1584.000000 1.637748 1.448699
 1585.000000 1.534497 1.456105
 1586.000000 1.623029 1.368348
 1587.000000 1.624682 1.412568
 1588.000000 1.498020 1.425967
 1589.000000 1.563601 1.352678
 1590.000000 1.702667 1.450155
 1591.000000 1.572588 1.297897
 1592.000000 1.565296 1.452568
 1593.000000 1.669540 1.433406
 1594.000000 1.618968 1.359986
 1595.000000 1.652493 1.447711
 1596.000000 1.587390 1.318007
 1597.000000 1.538866 1.365253
 1598.000000 1.493945 1.324549
 1599.000000 1.694343 1.302447
 1600.000000 1.572036 1.302052
 1601.000000 1.485106 1.434168
 1602.000000 1.565143 1.400613
 1603.000000 1.563034 1.372898
 1604.000000 1.606007 1.421772
 1605.000000 1.543664 1.410026
 1606.000000 1.530467 1.396878
 1607.000000 1.557202 1.363746
 1608.000000 1.565591 1.477456
 1609.000000 1.564569 1.309525
 1610.000000 1.540689 1.394082
 1611.000000 1.510141 1.436807
 1612.000000 1.534999 1.373850
 1613.000000 1.690909 1.433224
 1614.000000 1.529162 1.386768
 1615.000000 1.722033 1.352514
 1616.000000 1.562148 1.277293
 1617.000000 1.652184 1.285335
 1618.000000 1.560435 1.375959
 1619.000000 1.640784 1.401011
 1620.000000 1.624041 1.341355
 1621.000000 1.587674 1.313382
 1622.000000 1.637797 1.384919
 1623.000000 1.662173 1.407426
 1624.000000 1.701604 1.372620
 1625.000000 1.748587 1.393991
 1626.000000 1.640635 1.440261
 1627.000000 1.697553 1.325247
 1628.000000 1.769953 1.385147
 1629.000000 1.828944 1.369290
 1630.000000 1.610363 1.300022
 1631.000000 1.648448 1.355888
 1632.000000 1.807973 1.437063
 1633.000000 1.766949 1.388340
 1634.000000 1.756567 1.413484
 1635.000000 1.637679 1.497170
 1636.000000 1.732622 1.456664
 1637.000000 1.725656 1.359270
 1638.000000 1.694851 1.372306
 1639.000000 1.685434 1.383274
 1640.000000 1.713300 1.415687
 1641.000000 1.624607 1.390352
 1642.000000 1.616659 1.319175
 1643.000000 1.721287 1.471415
 1644.000000 1.603999 1.421195
 1645.000000 1.662708 1.446810
 1646.000000 1.657743 1.364593
 1647.000000 1.680444 1.388593
 1648.000000 1.668868 1.400294
 1649.000000 1.666102 1.444685
 1650.000000 1.642504 1.425328
 1651.000000 1.692835 1.421296
 1652.000000 1.731665 1.431421
 1653.000000 1.786436 1.401156
 1654.000000 1.583743 1.381932
 1655.000000 1.633143 1.379004
 1656.000000 1.563942 1.410958
 1657.000000 1.637630 1.435028
 1658.000000 1.515688 1.412997
 1659.000000 1.576932 1.362443
 1660.000000 1.619346 1.452744
 1661.000000 1.550448 1.358647
 1662.000000 1.611990 1.372313
 1663.000000 1.548702 1.424942
 1664.000000 1.659286 1.501492
 1665.000000 1.658034 1.445211
 1666.000000 1.742676 1.378608
 1667.000000 1.640920 1.423637
 1668.000000 1.639829 1.422395
 1669.000000 1.534166 1.376726
 1670.000000 1.552174 1.400495
 1671.000000 1.602845 1.290369
 1672.000000 1.613881 1.325811
 1673.000000 1.597905 1.269816
 1674.000000 1.599479 1.348818
 1675.000000 1.667331 1.348446
 1676.000000 1.532249 1.430358
 1677.000000 1.488899 1.508749
 1678.000000 1.717795 1.483441
 1679.000000 1.559975 1.355458
 1680.000000 1.649637 1.477413
 1681.000000 1.657935 1.468803
 1682.000000 1.565511 1.470143
 1683.000000 1.636051 1.402974
 1684.000000 1.544584 1.427993
 1685.000000 1.605593 1.421436
 1686.000000 1.525207 1.457701
 1687.000000 1.702884 1.370398
 1688.000000 1.634938 1.453432
 1689.000000 1.663033 1.379252
 1690.000000 1.705944 1.432155
 1691.000000 1.575620 1.375810
 1692.000000 1.752056 1.438549
 1693.000000 1.679525 1.418020
 1694.000000 1.618473 1.450050
 1695.000000 1.714035 1.352178
 1696.000000 1.633900 1.462238
 1697.000000 1.627928 1.434919
 1698.000000 1.650404 1.326661
 1699.000000 1.647446 1.349393
 1700.000000 1.652695 1.355241
 1701.000000 1.647608 1.354421
 1702.000000 1.607237 1.478830
 1703.000000 1.582722 1.470851
 1704.000000 1.652179 1.371365
 1705.000000 1.728492 1.458020
 1706.000000 1.599983 1.419152
 1707.000000 1.555778 1.305480
 1708.000000 1.666252 1.268727
 1709.000000 1.609179 1.427062
 1710.000000 1.609125 1.383417
 1711.000000 1.579205 1.376200
 1712.000000 1.576029 1.334710
 1713.000000 1.713727 1.440279
 1714.000000 1.695446 1.419934
 1715.000000 1.599874 1.360533
 1716.000000 1.637546 1.405141
 1717.000000 1.515938 1.310828
 1718.000000 1.634235 1.366322
 1719.000000 1.691086 1.325716
 1720.000000 1.530396 1.349282
 1721.000000 1.580541 1.355728
 1722.000000 1.719064 1.245618
 1723.000000 1.678691 1.304280
 1724.000000 1.655409 1.311403
 1725.000000 1.536744 1.264173
 1726.000000 1.668376 1.321678
 1727.000000 1.513076 1.298095
 1728.000000 1.592768 1.273081
 1729.000000 1.594766 1.276274
 1730.000000 1.608240 1.268760
 1731.000000 1.532644 1.311579
 1732.000000 1.665016 1.318714
 1733.000000 1.663916 1.357721
 1734.000000 1.533624 1.357332
 1735.000000 1.613366 1.358480
 1736.000000 1.597380 1.269887
 1737.000000 1.449190 1.335627
 1738.000000 1.563363 1.361954
 1739.000000 1.717128 1.310369
 1740.000000 1.585602 1.303177
 1741.000000 1.581222 1.342362
 1742.000000 1.563336 1.373999
 1743.000000 1.583251 1.370587
 1744.000000 1.594932 1.370520
 1745.000000 1.572620 1.457278
 1746.000000 1.614627 1.418113
 1747.000000 1.529843 1.418511
 1748.000000 1.719467 1.420274
 1749.000000 1.622191 1.417200
 1750.000000 1.597924 1.422031
 1751.000000 1.726565 1.364827
 1752.000000 1.545650 1.329509
 1753.000000 1.607183 1.349592
 1754.000000 1.645639 1.425180
 1755.000000 1.592362 1.448814
 1756.000000 1.615533 1.417991
 1757.000000 1.608586 1.363976
 1758.000000 1.530150 1.482823
 1759.000000 1.632710 1.322705
 1760.000000 1.595785 1.368110
 1761.000000 1.604823 1.380942
 1762.000000 1.535721 1.305059
 1763.000000 1.680750 1.353394
 1764.000000 1.552350 1.357159
 1765.000000 1.760864 1.439986
 1766.000000 1.551793 1.370267
 1767.000000 1.550359 1.397820
 1768.000000 1.583777 1.397156
 1769.000000 1.670079 1.396018
 1770.000000 1.701748 1.342726
 1771.000000 1.639607 1.355591
 1772.000000 1.655650 1.407680
 1773.000000 1.670414 1.396050
 1774.000000 1.624291 1.353738
 1775.000000 1.635069 1.359171
 1776.000000 1.567437 1.437924
 1777.000000 1.655828 1.446781
 1778.000000 1.656578 1.396013
 1779.000000 1.726031 1.387172
 1780.000000 1.689408 1.379138
 1781.000000 1.614506 1.366401
 1782.000000 1.606603 1.424952
 1783.000000 1.589119 1.423196
 1784.000000 1.682296 1.482666
 1785.000000 1.643347 1.476664
 1786.000000 1.489642 1.400460
 1787.000000 1.567422 1.406153
 1788.000000 1.632780 1.438896
 1789.000000 1.586415 1.427368
 1790.000000 1.570193 1.409928
 1791.000000 1.653738 1.463121
 1792.000000 1.688608 1.395222
 1793.000000 1.490160 1.303091
 1794.000000 1.694586 1.367601
 1795.000000 1.680631 1.380416
 1796.000000 1.664745 1.394000
 1797.000000 1.750300 1.433494
 1798.000000 1.703892 1.338719
 1799.000000 1.697198 1.358397
 1800.000000 1.658307 1.380125
 1801.000000 1.579868 1.430512
 1802.000000 1.679181 1.452549
 1803.000000 1.674383 1.310153
 1804.000000 1.669384 1.354393
 1805.000000 1.591030 1.379402
 1806.000000 1.555826 1.363102
 1807.000000 1.530920 1.332295
 1808.000000 1.576566 1.374410
 1809.000000 1.522389 1.425269
 1810.000000 1.507701 1.394284
 1811.000000 1.672609 1.382275
 1812.000000 1.590940 1.415916
 1813.000000 1.681599 1.412738
 1814.000000 1.549715 1.436133
 1815.000000 1.590662 1.323549
 1816.000000 1.613322 1.435290
 1817.000000 1.592165 1.450535
 1818.000000 1.574107 1.314850
 1819.000000 1.671013 1.479967
 1820.000000 1.663201 1.337162
 1821.000000 1.639612 1.307600
 1822.000000 1.658935 1.278697
 1823.000000 1.633589 1.411853
 1824.000000 1.498946 1.336160
 1825.000000 1.662337 1.278372
 1826.000000 1.651705 1.310284
 1827.000000 1.773344 1.414991
 1828.000000 1.604364 1.388703
 1829.000000 1.507827 1.331544
 1830.000000 1.726950 1.382971
 1831.000000 1.601856 1.295203
 1832.000000 1.780282 1.378463
 1833.000000 1.735432 1.426669
 1834.000000 1.589220 1.284673
 1835.000000 1.615646 1.340654
 1836.000000 1.565081 1.231780
 1837.000000 1.673511 1.387774
 1838.000000 1.668761 1.370544
 1839.000000 1.737290 1.438834
 1840.000000 1.655238 1.396165
 1841.000000 1.483588 1.371444
 1842.000000 1.654100 1.387981
 1843.000000 1.588971 1.433442
 1844.000000 1.699716 1.415952
 1845.000000 1.545306 1.473177
 1846.000000 1.582400 1.403943
 1847.000000 1.603213 1.422730
 1848.000000 1.550442 1.446167
 1849.000000 1.627608 1.448531
 1850.000000 1.611536 1.396526
 1851.000000 1.686432 1.312948
 1852.000000 1.612465 1.433950
 1853.000000 1.616577 1.391771
 1854.000000 1.602293 1.390294
 1855.000000 1.625971 1.402763
 1856.000000 1.601856 1.417246
 1857.000000 1.688289 1.369845
 1858.000000 1.682091 1.331121
 1859.000000 1.678824 1.375158
 1860.000000 1.640113 1.371285
 1861.000000 1.662468 1.326768
 1862.000000 1.613679 1.405559
 1863.000000 1.623309 1.461827
 1864.000000 1.663252 1.454427
 1865.000000 1.658382 1.351156
 1866.000000 1.637150 1.309263
 1867.000000 1.737987 1.362050
 1868.000000 1.717390 1.502819
 1869.000000 1.642196 1.420112
 1870.000000 1.619826 1.354684
 1871.000000 1.706406 1.364529
 1872.000000 1.554965 1.452451
 1873.000000 1.611928 1.411326
 1874.000000 1.552342 1.429969
 1875.000000 1.604916 1.315423
 1876.000000 1.641983 1.359574
 1877.000000 1.667856 1.362903
 1878.000000 1.647416 1.478858
 1879.000000 1.766030 1.331949
 1880.000000 1.657636 1.458201
 1881.000000 1.676995 1.370983
 1882.000000 1.626766 1.364469
 1883.000000 1.587760 1.419068
 1884.000000 1.655065 1.380311
 1885.000000 1.713984 1.345716
 1886.000000 1.639969 1.413986
 1887.000000 1.608840 1.390747
 1888.000000 1.712264 1.547154
 1889.000000 1.609812 1.278625
 1890.000000 1.810832 1.420578
 1891.000000 1.705997 1.334453
 1892.000000 1.755161 1.388307
 1893.000000 1.645642 1.349364
 1894.000000 1.683788 1.337688
 1895.000000 1.615126 1.401060
 1896.000000 1.640351 1.497153
 1897.000000 1.643474 1.492289
 1898.000000 1.507803 1.452858
 1899.000000 1.591290 1.440883
 1900.000000 1.557858 1.410569
 1901.000000 1.544434 1.430848
 1902.000000 1.592834 1.402011
 1903.000000 1.652658 1.448305
 1904.000000 1.664104 1.414649
 1905.000000 1.549295 1.409217
 1906.000000 1.662667 1.416719
 1907.000000 1.637278 1.429930
 1908.000000 1.666646 1.417698
 1909.000000 1.646591 1.400912
 1910.000000 1.579242 1.355894
 1911.000000 1.549605 1.372444
 1912.000000 1.542176 1.249050
 1913.000000 1.640533 1.399718
 1914.000000 1.554198 1.393128
 1915.000000 1.603064 1.348863
 1916.000000 1.571109 1.463804
 1917.000000 1.524001 1.440014
 1918.000000 1.580737 1.438164
 1919.000000 1.550231 1.480085
 1920.000000 1.592267 1.389265
 1921.000000 1.602392 1.503752
 1922.000000 1.504454 1.435032
 1923.000000 1.652266 1.305287
 1924.000000 1.615730 1.441552
 1925.000000 1.503423 1.369815
 1926.000000 1.653549 1.466162
 1927.000000 1.633704 1.392099
 1928.000000 1.582595 1.400641
 1929.000000 1.676240 1.400396
 1930.000000 1.630357 1.436636
 1931.000000 1.547590 1.350940
 1932.000000 1.570878 1.412541
 1933.000000 1.728482 1.391343
 1934.000000 1.544419 1.422294
 1935.000000 1.577349 1.479599
 1936.000000 1.586061 1.364039
 1937.000000 1.627975 1.330061
 1938.000000 1.642617 1.424433
 1939.000000 1.515749 1.406204
 1940.000000 1.633432 1.418662
 1941.000000 1.680155 1.476334
 1942.000000 1.596084 1.409017
 1943.000000 1.660462 1.487416
 1944.000000 1.633994 1.398865
 1945.000000 1.682687 1.369066
 1946.000000 1.635889 1.392087
 1947.000000 1.677115 1.444292
 1948.000000 1.705916 1.466384
 1949.000000 1.599211 1.443443
 1950.000000 1.596919 1.431678
 1951.000000 1.659567 1.377711
 1952.000000 1.584808 1.378048
 1953.000000 1.582350 1.424910
 1954.000000 1.546905 1.457944
 1955.000000 1.617034 1.493229
 1956.000000 1.553194 1.439792
 1957.000000 1.560340 1.386810
 1958.000000 1.525128 1.401215
 1959.000000 1.537027 1.375056
 1960.000000 1.582395 1.420633
 1961.000000 1.662948 1.492412
 1962.000000 1.683212 1.365762
 1963.000000 1.620650 1.438719
 1964.000000 1.539432 1.458083
 1965.000000 1.571416 1.395164
 1966.000000 1.646156 1.424738
 1967.000000 1.632333 1.523366
 1968.000000 1.529935 1.307542
 1969.000000 1.583957 1.475947
 1970.000000 1.672134 1.435516
 1971.000000 1.541236 1.343425
 1972.000000 1.692497 1.470530
 1973.000000 1.542141 1.380295
 1974.000000 1.630948 1.303779
 1975.000000 1.546417 1.401055
 1976.000000 1.605506 1.398937
 1977.000000 1.591754 1.331286
 1978.000000 1.535618 1.478425
 1979.000000 1.599180 1.417810
 1980.000000 1.591554 1.465106
 1981.000000 1.735645 1.379764
 1982.000000 1.699493 1.406125
 1983.000000 1.587834 1.358137
 1984.000000 1.630697 1.438609
 1985.000000 1.621689 1.380470
 1986.000000 1.625194 1.431984
 1987.000000 1.604254 1.409924
 1988.000000 1.591745 1.375113
 1989.000000 1.711748 1.375230
 1990.000000 1.585584 1.367134
 1991.000000 1.684006 1.450720
 1992.000000 1.649804 1.330311
 1993.000000 1.551083 1.411376
 1994.000000 1.590081 1.385194
 1995.000000 1.631762 1.326728
 1996.000000 1.655298 1.411649
 1997.000000 1.510559 1.296077
 1998.000000 1.624181 1.378750
 1999.000000 1.595340 1.333591
 2000.000000 1.652818 1.402588
 2001.000000 1.581345 1.379786
 2002.000000 1.676750 1.328235
 2003.000000 1.733824 1.383572
 2004.000000 1.717918 1.412077
 2005.000000 1.690574 1.376794
 2006.000000 1.796968 1.374780
 2007.000000 1.579551 1.369050
 2008.000000 1.564624 1.337796
 2009.000000 1.638353 1.363902
 2010.000000 1.709838 1.374262
 2011.000000 1.631557 1.385874
 2012.000000 1.596530 1.404665
 2013.000000 1.577023 1.340751
 2014.000000 1.594913 1.474501
 2015.000000 1.645785 1.333937
 2016.000000 1.590855 1.326976
 2017.000000 1.618323 1.384925
 2018.000000 1.606459 1.362272
 2019.000000 1.672039 1.298909
 2020.000000 1.621559 1.325750
 2021.000000 1.697827 1.310754
 2022.000000 1.695879 1.380299
 2023.000000 1.605819 1.368102
 2024.000000 1.626677 1.300197
 2025.000000 1.568894 1.266554
 2026.000000 1.489738 1.390761
 2027.000000 1.594514 1.389676
 2028.000000 1.656221 1.348008
 2029.000000 1.561297 1.342060
 2030.000000 1.718217 1.424515
 2031.000000 1.606048 1.455217
 2032.000000 1.655583 1.460107
 2033.000000 1.744184 1.506798
 2034.000000 1.713752 1.490365
 2035.000000 1.685718 1.430948
 2036.000000 1.682484 1.346608
 2037.000000 1.644817 1.376782
 2038.000000 1.526701 1.471821
 2039.000000 1.655090 1.414005
 2040.000000 1.583799 1.391929
 2041.000000 1.729699 1.336515
 2042.000000 1.785245 1.412737
 2043.000000 1.553338 1.370362
 2044.000000 1.696242 1.398979
 2045.000000 1.579575 1.325066
 2046.000000 1.604694 1.370384
 2047.000000 1.655678 1.392804
 2048.000000 1.609131 1.386561
 2049.000000 1.743857 1.352989
 2050.000000 1.594121 1.385003
 2051.000000 1.619183 1.408774
 2052.000000 1.627591 1.427524
 2053.000000 1.582668 1.455168
 2054.000000 1.552538 1.350483
 2055.000000 1.646997 1.391910
 2056.000000 1.653899 1.421672
 2057.000000 1.544683 1.391500
 2058.000000 1.703068 1.464845
 2059.000000 1.567449 1.412152
 2060.000000 1.568964 1.270173
 2061.000000 1.717216 1.484860
 2062.000000 1.544147 1.389407
 2063.000000 1.672596 1.379224
 2064.000000 1.661642 1.404775
 2065.000000 1.607812 1.475305
 2066.000000 1.520957 1.351524
 2067.000000 1.739874 1.361364
 2068.000000 1.617941 1.423218
 2069.000000 1.565370 1.396123
 2070.000000 1.655580 1.369397
 2071.000000 1.569818 1.415645
 2072.000000 1.612549 1.455071
 2073.000000 1.571466 1.397401
 2074.000000 1.652448 1.432242
 2075.000000 1.617205 1.431397
 2076.000000 1.735072 1.410715
 2077.000000 1.736809 1.400966
 2078.000000 1.587445 1.357559
 2079.000000 1.611042 1.397341
 2080.000000 1.711626 1.462790
 2081.000000 1.680636 1.436134
 2082.000000 1.746230 1.436801
 2083.000000 1.698992 1.449886
 2084.000000 1.576516 1.441952
 2085.000000 1.607405 1.417198
 2086.000000 1.680641 1.373034
 2087.000000 1.648775 1.357787
 2088.000000 1.674962 1.437445
 2089.000000 1.582972 1.439016
 2090.000000 1.623105 1.354250
 2091.000000 1.611791 1.432866
 2092.000000 1.725684 1.421382
 2093.000000 1.579699 1.393460
 2094.000000 1.616073 1.405999
 2095.000000 1.683558 1.345969
 2096.000000 1.669141 1.391004
 2097.000000 1.604493 1.407992
 2098.000000 1.760897 1.468042
 2099.000000 1.769539 1.394358
 2100.000000 1.737454 1.418190
 2101.000000 1.654800 1.426868
 2102.000000 1.673975 1.362012
 2103.000000 1.742182 1.487976
 2104.000000 1.711742 1.486327
 2105.000000 1.661627 1.375290
 2106.000000 1.556836 1.356680
 2107.000000 1.687993 1.411297
 2108.000000 1.630775 1.410405
 2109.000000 1.487017 1.441053
 2110.000000 1.633423 1.361478
 2111.000000 1.567575 1.288787
 2112.000000 1.681647 1.355475
 2113.000000 1.630771 1.330387
 2114.000000 1.762761 1.306633
 2115.000000 1.677307 1.397221
 2116.000000 1.605458 1.370542
 2117.000000 1.564552 1.337417
 2118.000000 1.691609 1.389500
 2119.000000 1.661354 1.343296
 2120.000000 1.597084 1.350924
 2121.000000 1.726479 1.329124
 2122.000000 1.729780 1.415450
 2123.000000 1.646987 1.316144
 2124.000000 1.679225 1.345718
 2125.000000 1.559891 1.318108
 2126.000000 1.587393 1.325747
 2127.000000 1.562789 1.489764
 2128.000000 1.570334 1.344307
 2129.000000 1.603881 1.251793
 2130.000000 1.621155 1.237251
 2131.000000 1.575454 1.293078
 2132.000000 1.621167 1.373904
 2133.000000 1.697983 1.311724
 2134.000000 1.551623 1.366581
 2135.000000 1.646726 1.337828
 2136.000000 1.703168 1.248477
 2137.000000 1.625873 1.364008
 2138.000000 1.565480 1.273814
 2139.000000 1.615949 1.391274
 2140.000000 1.650533 1.405425
 2141.000000 1.559651 1.364263
 2142.000000 1.680427 1.391537
 2143.000000 1.659200 1.427641
 2144.000000 1.568174 1.451567
 2145.000000 1.594693 1.457938
 2146.000000 1.688825 1.362666
 2147.000000 1.712314 1.422641
 2148.000000 1.653263 1.443545
 2149.000000 1.687562 1.561357
 2150.000000 1.689661 1.424937
 2151.000000 1.504062 1.403462
 2152.000000 1.578092 1.480368
 2153.000000 1.569951 1.524966
 2154.000000 1.545814 1.405669
 2155.000000 1.517158 1.405386
 2156.000000 1.698562 1.528268
 2157.000000 1.556562 1.429917
 2158.000000 1.600436 1.356512
 2159.000000 1.570825 1.425813
 2160.000000 1.562410 1.457485
 2161.000000 1.665439 1.397922
 2162.000000 1.529317 1.412599
 2163.000000 1.560360 1.415910
 2164.000000 1.561728 1.357194
 2165.000000 1.592878 1.291562
 2166.000000 1.503777 1.436973
 2167.000000 1.605974 1.379779
 2168.000000 1.603290 1.490561
 2169.000000 1.739944 1.539750
 2170.000000 1.583104 1.456010
 2171.000000 1.631541 1.429047
 2172.000000 1.655019 1.395483
 2173.000000 1.548517 1.402267
 2174.000000 1.480889 1.448804
 2175.000000 1.570189 1.385092
 2176.000000 1.670447 1.379412
 2177.000000 1.601930 1.459666
 2178.000000 1.691824 1.417250
 2179.000000 1.597419 1.398444
 2180.000000 1.681723 1.435177
 2181.000000 1.743071 1.379480
 2182.000000 1.758950 1.395352
 2183.000000 1.624975 1.467267
 2184.000000 1.626491 1.456290
 2185.000000 1.623087 1.442933
 2186.000000 1.670811 1.380700
 2187.000000 1.604357 1.459208
 2188.000000 1.610116 1.367719
 2189.000000 1.623530 1.416914
 2190.000000 1.539859 1.409447
 2191.000000 1.577580 1.342154
 2192.000000 1.573466 1.392827
 2193.000000 1.541550 1.421240
 2194.000000 1.612679 1.343829
 2195.000000 1.582670 1.463869
 2196.000000 1.701348 1.374581
 2197.000000 1.694923 1.358829
 2198.000000 1.634910 1.410665
 2199.000000 1.599980 1.443583
 2200.000000 1.660444 1.369735
 2201.000000 1.615290 1.348608
 2202.000000 1.573219 1.421659
 2203.000000 1.711498 1.410074
 2204.000000 1.702880 1.499375
 2205.000000 1.802810 1.391104
 2206.000000 1.829588 1.425958
 2207.000000 1.697340 1.392917
 2208.000000 1.674578 1.299318
 2209.000000 1.560337 1.323011
 2210.000000 1.695998 1.288618
 2211.000000 1.631088 1.302995
 2212.000000 1.822438 1.396439
 2213.000000 1.725267 1.393969
 2214.000000 1.541080 1.350527
 2215.000000 1.654862 1.277429
 2216.000000 1.629377 1.399228
 2217.000000 1.683546 1.382885
 2218.000000 1.736323 1.372481
 2219.000000 1.769810 1.479387
 2220.000000 1.626108 1.416738
 2221.000000 1.687541 1.587035
 2222.000000 1.688503 1.340363
 2223.000000 1.712915 1.323686
 2224.000000 1.558399 1.391978
 2225.000000 1.723398 1.407672
 2226.000000 1.670325 1.354240
 2227.000000 1.629084 1.354404
 2228.000000 1.720013 1.259164
 2229.000000 1.706849 1.294192
 2230.000000 1.647936 1.338324
 2231.000000 1.408927 1.277938
 2232.000000 1.639421 1.413732
 2233.000000 1.614592 1.398060
 2234.000000 1.707226 1.345340
 2235.000000 1.649492 1.354779
 2236.000000 1.637701 1.471886
 2237.000000 1.600648 1.495324
 2238.000000 1.622387 1.397999
 2239.000000 1.584191 1.437023
 2240.000000 1.661034 1.448096
 2241.000000 1.632760 1.405213
 2242.000000 1.704966 1.518416
 2243.000000 1.659451 1.393602
 2244.000000 1.724994 1.370844
 2245.000000 1.638010 1.431527
 2246.000000 1.700879 1.386750
 2247.000000 1.668367 1.437097
 2248.000000 1.603136 1.394806
 2249.000000 1.735049 1.437537
 2250.000000 1.673168 1.423447
 2251.000000 1.611727 1.355953
 2252.000000 1.702896 1.537574
 2253.000000 1.572089 1.370570
 2254.000000 1.566149 1.382721
 2255.000000 1.712182 1.399172
 2256.000000 1.623526 1.443388
 2257.000000 1.570877 1.419721
 2258.000000 1.579466 1.447037
 2259.000000 1.593369 1.334870
 2260.000000 1.493236 1.530461
 2261.000000 1.685038 1.487617
 2262.000000 1.660347 1.421859
 2263.000000 1.615279 1.470282
 2264.000000 1.477713 1.524275
 2265.000000 1.668474 1.557633
 2266.000000 1.617739 1.455552
 2267.000000 1.638957 1.361692
 2268.000000 1.474190 1.361462
 2269.000000 1.525462 1.354220
 2270.000000 1.675953 1.542634
 2271.000000 1.524383 1.470966
 2272.000000 1.677811 1.465840
 2273.000000 1.716653 1.432163
 2274.000000 1.600735 1.436122
 2275.000000 1.610375 1.501888
 2276.000000 1.570648 1.475698
 2277.000000 1.714006 1.414113
 2278.000000 1.685792 1.405698
 2279.000000 1.623934 1.456949
 2280.000000 1.629054 1.361300
 2281.000000 1.536943 1.484955
 2282.000000 1.594439 1.441459
 2283.000000 1.663196 1.421385
 2284.000000 1.593094 1.373401
 2285.000000 1.709526 1.450846
 2286.000000 1.632858 1.424587
 2287.000000 1.582587 1.481677
 2288.000000 1.691313 1.464239
 2289.000000 1.637699 1.462162
 2290.000000 1.724946 1.436662
 2291.000000 1.590764 1.435548
 2292.000000 1.607856 1.483124
 2293.000000 1.724497 1.425017
 2294.000000 1.646097 1.541354
 2295.000000 1.593113 1.423174
 2296.000000 1.595794 1.399730
 2297.000000 1.632977 1.464211
 2298.000000 1.629659 1.473975
 2299.000000 1.690882 1.458464
 2300.000000 1.620839 1.516092
 2301.000000 1.774971 1.418105
 2302.000000 1.637058 1.497118
 2303.000000 1.591709 1.454339
 2304.000000 1.660663 1.404202
 2305.000000 1.581501 1.423496
 2306.000000 1.649927 1.419841
 2307.000000 1.707270 1.427196
 2308.000000 1.615715 1.421594
 2309.000000 1.650834 1.549032
 2310.000000 1.608806 1.340162
 2311.000000 1.727888 1.380150
 2312.000000 1.602690 1.481914
 2313.000000 1.660022 1.414781
 2314.000000 1.587311 1.414891
 2315.000000 1.615710 1.476043
 2316.000000 1.679995 1.404204
 2317.000000 1.535562 1.402374
 2318.000000 1.649208 1.287180
 2319.000000 1.766541 1.418486
 2320.000000 1.576092 1.389324
 2321.000000 1.604938 1.454520
 2322.000000 1.652995 1.405381
 2323.000000 1.630451 1.422240
 2324.000000 1.683617 1.329174
 2325.000000 1.728926 1.373195
 2326.000000 1.554013 1.374198
 2327.000000 1.669929 1.400843
 2328.000000 1.666160 1.426347
 2329.000000 1.612605 1.445466
 2330.000000 1.669823 1.368267
 2331.000000 1.702468 1.428162
 2332.000000 1.686809 1.444239
 2333.000000 1.738616 1.406920
 2334.000000 1.669763 1.466220
 2335.000000 1.708130 1.370294
 2336.000000 1.697462 1.401695
 2337.000000 1.602051 1.428394
 2338.000000 1.700003 1.456411
 2339.000000 1.589270 1.502445
 2340.000000 1.673514 1.350209
 2341.000000 1.622217 1.374243
 2342.000000 1.711274 1.467807
 2343.000000 1.628623 1.392669
 2344.000000 1.520439 1.377913
 2345.000000 1.673400 1.487079
 2346.000000 1.622329 1.452534
 2347.000000 1.680876 1.447135
 2348.000000 1.672984 1.456172
 2349.000000 1.670261 1.320514
 2350.000000 1.562065 1.360615
 2351.000000 1.669892 1.307196
 2352.000000 1.727231 1.428335
 2353.000000 1.608187 1.440489
 2354.000000 1.735271 1.357794
 2355.000000 1.671981 1.400084
 2356.000000 1.523132 1.337815
 2357.000000 1.595308 1.360614
 2358.000000 1.559143 1.340917
 2359.000000 1.615034 1.313341
 2360.000000 1.723506 1.403516
 2361.000000 1.651594 1.448915
 2362.000000 1.606747 1.391531
 2363.000000 1.598543 1.308661
 2364.000000 1.631621 1.351155
 2365.000000 1.594516 1.358699
 2366.000000 1.697250 1.399442
 2367.000000 1.615425 1.399910
 2368.000000 1.731610 1.466914
 2369.000000 1.579256 1.336525
 2370.000000 1.675763 1.430985
 2371.000000 1.689007 1.348443
 2372.000000 1.710622 1.309155
 2373.000000 1.681255 1.371359
 2374.000000 1.688612 1.341713
 2375.000000 1.623629 1.359554
 2376.000000 1.670529 1.373305
 2377.000000 1.618458 1.364679
 2378.000000 1.679810 1.341828
 2379.000000 1.591927 1.463141
 2380.000000 1.608767 1.440251
 2381.000000 1.651809 1.416051
 2382.000000 1.620839 1.383046
 2383.000000 1.684572 1.504077
 2384.000000 1.688682 1.354760
 2385.000000 1.687169 1.540538
 2386.000000 1.595380 1.357107
 2387.000000 1.553175 1.390379
 2388.000000 1.550415 1.426945
 2389.000000 1.738974 1.343206
 2390.000000 1.567468 1.428475
 2391.000000 1.677409 1.422515
 2392.000000 1.525370 1.441533
 2393.000000 1.659300 1.400746
 2394.000000 1.573611 1.361754
 2395.000000 1.610143 1.459538
 2396.000000 1.645188 1.407200
 2397.000000 1.593505 1.537838
 2398.000000 1.651030 1.348315
 2399.000000 1.596641 1.358755
 2400.000000 1.624503 1.439439
 2401.000000 1.668362 1.428879
 2402.000000 1.605126 1.269118
 2403.000000 1.708970 1.436586
 2404.000000 1.652980 1.353741
 2405.000000 1.537376 1.468925
 2406.000000 1.667641 1.291493
 2407.000000 1.631737 1.340308
 2408.000000 1.577636 1.395498
 2409.000000 1.668364 1.449749
 2410.000000 1.531229 1.287451
 2411.000000 1.627298 1.387740
 2412.000000 1.584239 1.485245
 2413.000000 1.483778 1.462348
 2414.000000 1.576240 1.330113
 2415.000000 1.515009 1.380343
 2416.000000 1.665518 1.480469
 2417.000000 1.716886 1.442140
 2418.000000 1.546403 1.467840
 2419.000000 1.632985 1.455168
 2420.000000 1.575374 1.422087
 2421.000000 1.625041 1.423541
 2422.000000 1.596586 1.416096
 2423.000000 1.600295 1.419442
 2424.000000 1.631171 1.430550
 2425.000000 1.623675 1.422524
 2426.000000 1.626631 1.368599
 2427.000000 1.638367 1.364438
 2428.000000 1.627429 1.509087
 2429.000000 1.582281 1.415325
 2430.000000 1.632529 1.454487
 2431.000000 1.634705 1.411073
 2432.000000 1.559528 1.375723
 2433.000000 1.506390 1.373521
 2434.000000 1.547015 1.365100
 2435.000000 1.569305 1.370808
 2436.000000 1.694035 1.356166
 2437.000000 1.618026 1.455915
 2438.000000 1.665468 1.389365
 2439.000000 1.587638 1.410594
 2440.000000 1.616689 1.329029
 2441.000000 1.751982 1.476810
 2442.000000 1.658678 1.346810
 2443.000000 1.625963 1.429727
 2444.000000 1.574227 1.421258
 2445.000000 1.547291 1.429947
 2446.000000 1.547419 1.286742
 2447.000000 1.568639 1.396318
 2448.000000 1.556320 1.383130
 2449.000000 1.640257 1.395404
 2450.000000 1.521629 1.474237
 2451.000000 1.597017 1.467672
 2452.000000 1.604841 1.427808
 2453.000000 1.572234 1.358377
 2454.000000 1.541050 1.369081
 2455.000000 1.604817 1.329431
 2456.000000 1.547217 1.379585
 2457.000000 1.589561 1.497083
 2458.000000 1.505131 1.342183
 2459.000000 1.581491 1.424836
 2460.000000 1.520556 1.404313
 2461.000000 1.659680 1.396051
 2462.000000 1.722519 1.349844
 2463.000000 1.562278 1.310945
 2464.000000 1.659713 1.418161
 2465.000000 1.492823 1.406114
 2466.000000 1.686942 1.416992
 2467.000000 1.645497 1.386157
 2468.000000 1.641662 1.461003
 2469.000000 1.590237 1.327161
 2470.000000 1.690750 1.506862
 2471.000000 1.634504 1.435932
 2472.000000 1.662641 1.359061
 2473.000000 1.641969 1.345498
 2474.000000 1.648003 1.364291
 2475.000000 1.620386 1.470716
 2476.000000 1.601176 1.441911
 2477.000000 1.772764 1.387992
 2478.000000 1.567812 1.395467
 2479.000000 1.556508 1.356348
 2480.000000 1.531976 1.449965
 2481.000000 1.644114 1.380923
 2482.000000 1.583596 1.490528
 2483.000000 1.509044 1.373798
 2484.000000 1.655631 1.392577
 2485.000000 1.620905 1.417076
 2486.000000 1.548066 1.434285
 2487.000000 1.654089 1.381566
 2488.000000 1.625383 1.375492
 2489.000000 1.537612 1.395441
 2490.000000 1.549776 1.362936
 2491.000000 1.649472 1.380364
 2492.000000 1.559209 1.471393
 2493.000000 1.616992 1.395458
 2494.000000 1.612978 1.364446
 2495.000000 1.728392 1.348381
 2496.000000 1.656526 1.440698
 2497.000000 1.652161 1.432630
 2498.000000 1.622624 1.458816
 2499.000000 1.569083 1.449636
 2500.000000 1.606720 1.337815
