#! FIELDS time pd_137_140 diff
 0.000000 2.555138 -0.351385
 1.000000 2.294386 -0.374785
 2.000000 2.286013 -0.453060
 3.000000 2.290986 -0.341954
 4.000000 2.199847 -0.306516
 5.000000 2.258822 -0.293072
 6.000000 2.332617 -0.315648
 7.000000 2.177254 -0.316107
 8.000000 2.226385 -0.299805
 9.000000 2.349828 -0.350067
 10.000000 2.283092 -0.396253
 11.000000 2.250772 -0.332024
 12.000000 2.290777 -0.306837
 13.000000 2.340603 -0.367608
 14.000000 2.230749 -0.360173
 15.000000 2.197081 -0.366816
 16.000000 2.231504 -0.369169
 17.000000 2.268570 -0.347263
 18.000000 2.347554 -0.379800
 19.000000 2.326842 -0.351329
 20.000000 2.254989 -0.434641
 21.000000 2.307264 -0.384763
 22.000000 2.291595 -0.350098
 23.000000 2.387742 -0.364549
 24.000000 2.360972 -0.266104
 25.000000 2.250140 -0.326934
 26.000000 2.232873 -0.361441
 27.000000 2.328216 -0.314480
 28.000000 2.227205 -0.432204
 29.000000 2.261006 -0.421507
 30.000000 2.291873 -0.311226
 31.000000 2.325895 -0.353531
 32.000000 2.282511 -0.335432
 33.000000 2.276928 -0.356928
 34.000000 2.297285 -0.322664
 35.000000 2.282009 -0.252627
 36.000000 2.367935 -0.357323
 37.000000 2.206915 -0.276530
 38.000000 2.161283 -0.369160
 39.000000 2.271044 -0.329336
 40.000000 2.263117 -0.340768
 41.000000 2.309507 -0.306425
 42.000000 2.358094 -0.337642
 43.000000 2.398308 -0.384414
 44.000000 2.369807 -0.398742
 45.000000 2.386266 -0.502935
 46.000000 2.385187 -0.307089
 47.000000 2.425768 -0.326158
 48.000000 2.346625 -0.294767
 49.000000 2.377334 -0.332676
 50.000000 2.228556 -0.309877
 51.000000 2.182333 -0.241072
 52.000000 2.208680 -0.281900
 53.000000 2.230358 -0.271074
 54.000000 2.243966 -0.392917
 55.000000 2.286955 -0.393850
 56.000000 2.309806 -0.299802
 57.000000 2.267949 -0.296330
 58.000000 2.402648 -0.370285
 59.000000 2.211311 -0.349896
 60.000000 2.219907 -0.278069
 61.000000 2.253513 -0.411988
 62.000000 2.238624 -0.427028
 63.000000 2.260903 -0.423063
 64.000000 2.189525 -0.338297
 65.000000 2.226679 -0.352755
 66.000000 2.308126 -0.363416
 67.000000 2.182837 -0.358703
 68.000000 2.141915 -0.457777
 69.000000 2.243603 -0.430458
 70.000000 2.284888 -0.360008
 71.000000 2.243959 -0.365875
 72.000000 2.192573 -0.417268
 73.000000 2.249921 -0.409405
 74.000000 2.297706 -0.286033
 75.000000 2.276437 -0.297348
 76.000000 2.365677 -0.372674
 77.000000 2.306316 -0.300045
 78.000000 2.267835 -0.411305
 79.000000 2.243134 -0.397221
 80.000000 2.287764 -0.351769
 81.000000 2.337775 -0.464349
 82.000000 2.376558 -0.254198
 83.000000 2.251004 -0.331055
 84.000000 2.275574 -0.259517
 85.000000 2.249939 -0.352954
 86.000000 2.295679 -0.318275
 87.000000 2.255691 -0.293055
 88.000000 2.315289 -0.305241
 89.000000 2.338762 -0.339912
 90.000000 2.336825 -0.390919
 91.000000 2.177486 -0.299962
 92.000000 2.173238 -0.387887
 93.000000 2.249529 -0.289463
 94.000000 2.243901 -0.281408
 95.000000 2.296619 -0.253340
 96.000000 2.401068 -0.445312
 97.000000 2.353354 -0.423575
 98.000000 2.309152 -0.312294
 99.000000 2.238812 -0.392687
 100.000000 2.293861 -0.257431
 101.000000 2.260921 -0.363071
 102.000000 2.330039 -0.411193
 103.000000 2.204930 -0.373947
 104.000000 2.241670 -0.279207
 105.000000 2.225538 -0.406200
 106.000000 2.305973 -0.373900
 107.000000 2.231180 -0.418534
 108.000000 2.323431 -0.502428
 109.000000 2.350925 -0.373974
 110.000000 2.368412 -0.408414
 111.000000 2.344844 -0.456901
 112.000000 2.275317 -0.394686
 113.000000 2.363395 -0.372300
 114.000000 2.198574 -0.348106
 115.000000 2.294672 -0.345816
 116.000000 2.187821 -0.425480
 117.000000 2.231437 -0.337772
 118.000000 2.164012 -0.373373
 119.000000 2.320507 -0.378397
 120.000000 2.178549 -0.423075
 121.000000 2.331760 -0.390950
 122.000000 2.265382 -0.392032
 123.000000 2.345559 -0.297766
 124.000000 2.314042 -0.363560
 125.000000 2.276422 -0.424696
 126.000000 2.250783 -0.327383
 127.000000 2.252540 -0.440177
 128.000000 2.301372 -0.208299
 129.000000 2.218615 -0.304272
 130.000000 2.191404 -0.382350
 131.000000 2.373695 -0.352374
 132.000000 2.223760 -0.361193
 133.000000 2.192211 -0.412255
 134.000000 2.223691 -0.292050
 135.000000 2.342381 -0.342105
 136.000000 2.284037 -0.339873
 137.000000 2.248133 -0.363223
 138.000000 2.319217 -0.377900
 139.000000 2.260685 -0.344615
 140.000000 2.281106 -0.338827
 141.000000 2.248385 -0.327146
 142.000000 2.267401 -0.268920
 143.000000 2.266108 -0.344235
 144.000000 2.346694 -0.325673
 145.000000 2.255077 -0.275471
 146.000000 2.215728 -0.352123
 147.000000 2.422832 -0.368173
 148.000000 2.341207 -0.313772
 149.000000 2.299321 -0.446802
 150.000000 2.296973 -0.431650
 151.000000 2.257738 -0.411571
 152.000000 2.234761 -0.360644
 153.000000 2.174759 -0.328919
 154.000000 2.314639 -0.409809
 155.000000 2.363514 -0.312602
 156.000000 2.279150 -0.333749
 157.000000 2.283406 -0.353965
 158.000000 2.293409 -0.313928
 159.000000 2.210850 -0.300050
 160.000000 2.353193 -0.325929
 161.000000 2.258623 -0.394278
 162.000000 2.272251 -0.370065
 163.000000 2.205572 -0.285610
 164.000000 2.272185 -0.309994
 165.000000 2.363765 -0.319067
 166.000000 2.459915 -0.235162
 167.000000 2.209967 -0.353704
 168.000000 2.285908 -0.313464
 169.000000 2.395273 -0.355230
 170.000000 2.271476 -0.318282
 171.000000 2.310805 -0.373950
 172.000000 2.234820 -0.368259
 173.000000 2.285308 -0.394261
 174.000000 2.205678 -0.329766
 175.000000 2.359369 -0.362417
 176.000000 2.274065 -0.409996
 177.000000 2.235503 -0.307092
 178.000000 2.254493 -0.261078
 179.000000 2.310787 -0.347054
 180.000000 2.306870 -0.335407
 181.000000 2.256288 -0.380122
 182.000000 2.284399 -0.419316
 183.000000 2.341489 -0.342518
 184.000000 2.312100 -0.466608
 185.000000 2.283353 -0.426538
 186.000000 2.296488 -0.435099
 187.000000 2.259379 -0.423004
 188.000000 2.437690 -0.448997
 189.000000 2.355612 -0.410990
 190.000000 2.277679 -0.365095
 191.000000 2.248266 -0.381878
 192.000000 2.243411 -0.389856
 193.000000 2.327047 -0.327997
 194.000000 2.436163 -0.382189
 195.000000 2.373305 -0.394953
 196.000000 2.393637 -0.376968
 197.000000 2.340063 -0.398070
 198.000000 2.430299 -0.427114
 199.000000 2.264540 -0.414923
 200.000000 2.301973 -0.380207
 201.000000 2.278463 -0.463094
 202.000000 2.308981 -0.385061
 203.000000 2.299929 -0.317065
 204.000000 2.455418 -0.336162
 205.000000 2.457677 -0.380835
 206.000000 2.365936 -0.441810
 207.000000 2.270023 -0.407572
 208.000000 2.247080 -0.394525
 209.000000 2.285004 -0.359748
 210.000000 2.280684 -0.403860
 211.000000 2.244739 -0.366725
 212.000000 2.295110 -0.378396
 213.000000 2.383004 -0.330363
 214.000000 2.250137 -0.342572
 215.000000 2.312384 -0.351997
 216.000000 2.230111 -0.368566
 217.000000 2.295538 -0.376214
 218.000000 2.317547 -0.282426
 219.000000 2.379411 -0.330811
 220.000000 2.342484 -0.391501
 221.000000 2.435693 -0.316643
 222.000000 2.462097 -0.324219
 223.000000 2.406858 -0.318733
 224.000000 2.333000 -0.283710
 225.000000 2.419196 -0.313936
 226.000000 2.355986 -0.356149
 227.000000 2.500798 -0.305406
 228.000000 2.372327 -0.221602
 229.000000 2.354178 -0.249379
 230.000000 2.396332 -0.389917
 231.000000 2.417088 -0.251991
 232.000000 2.293653 -0.282596
 233.000000 2.219547 -0.358938
 234.000000 2.381773 -0.308716
 235.000000 2.379286 -0.339198
 236.000000 2.398925 -0.262190
 237.000000 2.381700 -0.306837
 238.000000 2.333696 -0.257451
 239.000000 2.327241 -0.307184
 240.000000 2.337796 -0.283670
 241.000000 2.263098 -0.266746
 242.000000 2.344310 -0.324506
 243.000000 2.334911 -0.287508
 244.000000 2.362014 -0.345374
 245.000000 2.373538 -0.312885
 246.000000 2.362910 -0.336790
 247.000000 2.345142 -0.316968
 248.000000 2.365121 -0.336175
 249.000000 2.314287 -0.316244
 250.000000 2.330420 -0.255340
 251.000000 2.181405 -0.311085
 252.000000 2.352641 -0.289994
 253.000000 2.336442 -0.313035
 254.000000 2.337470 -0.317412
 255.000000 2.244039 -0.351688
 256.000000 2.276652 -0.306549
 257.000000 2.476385 -0.351966
 258.000000 2.248357 -0.421156
 259.000000 2.240949 -0.320774
 260.000000 2.335944 -0.371478
 261.000000 2.245121 -0.359758
 262.000000 2.204315 -0.308089
 263.000000 2.339441 -0.386379
 264.000000 2.319281 -0.302929
 265.000000 2.266480 -0.328626
 266.000000 2.264566 -0.380297
 267.000000 2.337824 -0.338281
 268.000000 2.290227 -0.251448
 269.000000 2.353026 -0.365553
 270.000000 2.248676 -0.276024
 271.000000 2.217439 -0.320761
 272.000000 2.350450 -0.343354
 273.000000 2.307654 -0.308412
 274.000000 2.315513 -0.317573
 275.000000 2.259974 -0.399730
 276.000000 2.238256 -0.271638
 277.000000 2.311610 -0.384667
 278.000000 2.281661 -0.316236
 279.000000 2.312709 -0.405663
 280.000000 2.357467 -0.399484
 281.000000 2.216597 -0.440194
 282.000000 2.269310 -0.547108
 283.000000 2.300871 -0.472696
 284.000000 2.234651 -0.528522
 285.000000 2.274918 -0.391847
 286.000000 2.383970 -0.395144
 287.000000 2.365039 -0.400033
 288.000000 2.350528 -0.339599
 289.000000 2.251093 -0.365856
 290.000000 2.286497 -0.297307
 291.000000 2.348383 -0.309456
 292.000000 2.338412 -0.250176
 293.000000 2.328200 -0.361380
 294.000000 2.381795 -0.371463
 295.000000 2.285484 -0.365305
 296.000000 2.357683 -0.355522
 297.000000 2.293218 -0.290662
 298.000000 2.225028 -0.256218
 299.000000 2.267947 -0.356965
 300.000000 2.272162 -0.321767
 301.000000 2.355339 -0.232024
 302.000000 2.473727 -0.420535
 303.000000 2.357878 -0.399628
 304.000000 2.198866 -0.389766
 305.000000 2.303641 -0.409248
 306.000000 2.362332 -0.382900
 307.000000 2.343784 -0.395758
 308.000000 2.233157 -0.349816
 309.000000 2.239106 -0.464212
 310.000000 2.391261 -0.348008
 311.000000 2.274384 -0.352762
 312.000000 2.376861 -0.369791
 313.000000 2.227900 -0.418080
 314.000000 2.435999 -0.450779
 315.000000 2.241015 -0.427020
 316.000000 2.342874 -0.360214
 317.000000 2.301761 -0.391284
 318.000000 2.162586 -0.330223
 319.000000 2.247247 -0.370585
 320.000000 2.287065 -0.411122
 321.000000 2.365873 -0.392633
 322.000000 2.263259 -0.360532
 323.000000 2.304167 -0.391084
 324.000000 2.297928 -0.477452
 325.000000 2.361946 -0.449110
 326.000000 2.301360 -0.441001
 327.000000 2.270063 -0.394215
 328.000000 2.225964 -0.410778
 329.000000 2.390386 -0.401894
 330.000000 2.344010 -0.385662
 331.000000 2.174303 -0.337548
 332.000000 2.215756 -0.371925
 333.000000 2.190115 -0.432342
 334.000000 2.134779 -0.409230
 335.000000 2.378042 -0.354094
 336.000000 2.217293 -0.416953
 337.000000 2.156414 -0.404360
 338.000000 2.279468 -0.406253
 339.000000 2.278347 -0.391760
 340.000000 2.385699 -0.401072
 341.000000 2.351864 -0.367508
 342.000000 2.293837 -0.393572
 343.000000 2.346209 -0.397462
 344.000000 2.288917 -0.417007
 345.000000 2.290508 -0.449559
 346.000000 2.311035 -0.445927
 347.000000 2.251394 -0.426765
 348.000000 2.351929 -0.475781
 349.000000 2.236916 -0.468934
 350.000000 2.248290 -0.486970
 351.000000 2.187620 -0.421564
 352.000000 2.249254 -0.420769
 353.000000 2.376449 -0.367933
 354.000000 2.335412 -0.346447
 355.000000 2.265552 -0.340060
 356.000000 2.055862 -0.383931
 357.000000 2.277490 -0.380163
 358.000000 2.262850 -0.414253
 359.000000 2.386628 -0.341757
 360.000000 2.346591 -0.327312
 361.000000 2.307281 -0.400766
 362.000000 2.316933 -0.479078
 363.000000 2.307135 -0.457702
 364.000000 2.248975 -0.344205
 365.000000 2.290933 -0.409126
 366.000000 2.290650 -0.413968
 367.000000 2.312622 -0.389692
 368.000000 2.333614 -0.439622
 369.000000 2.418626 -0.367823
 370.000000 2.328318 -0.381986
 371.000000 2.432525 -0.362185
 372.000000 2.229026 -0.363163
 373.000000 2.242961 -0.336865
 374.000000 2.397072 -0.333050
 375.000000 2.297413 -0.373823
 376.000000 2.323939 -0.380120
 377.000000 2.313006 -0.454460
 378.000000 2.371941 -0.420025
 379.000000 2.272886 -0.337272
 380.000000 2.306169 -0.374747
 381.000000 2.347375 -0.447448
 382.000000 2.325866 -0.434802
 383.000000 2.356807 -0.397887
 384.000000 2.357185 -0.508761
 385.000000 2.238477 -0.419232
 386.000000 2.276890 -0.358559
 387.000000 2.371546 -0.434478
 388.000000 2.194812 -0.402338
 389.000000 2.247406 -0.391196
 390.000000 2.264089 -0.377262
 391.000000 2.212665 -0.435292
 392.000000 2.146747 -0.394957
 393.000000 2.265458 -0.331911
 394.000000 2.270968 -0.327857
 395.000000 2.301535 -0.399299
 396.000000 2.308372 -0.390350
 397.000000 2.241432 -0.345118
 398.000000 2.306266 -0.321485
 399.000000 2.193837 -0.398305
 400.000000 2.273930 -0.332308
 401.000000 2.241584 -0.372164
 402.000000 2.239195 -0.330505
 403.000000 2.363251 -0.283540
 404.000000 2.253873 -0.311725
 405.000000 2.321860 -0.354561
 406.000000 2.275049 -0.349076
 407.000000 2.373908 -0.363543
 408.000000 2.327636 -0.338847
 409.000000 2.299762 -0.353104
 410.000000 2.277433 -0.301652
 411.000000 2.329298 -0.281462
 412.000000 2.212308 -0.365930
 413.000000 2.342822 -0.285376
 414.000000 2.199953 -0.457364
 415.000000 2.240521 -0.379792
 416.000000 2.294330 -0.370767
 417.000000 2.338221 -0.374837
 418.000000 2.466944 -0.382475
 419.000000 2.400921 -0.288012
 420.000000 2.356294 -0.344520
 421.000000 2.310166 -0.375155
 422.000000 2.327586 -0.320907
 423.000000 2.250767 -0.365938
 424.000000 2.226017 -0.369392
 425.000000 2.227485 -0.356094
 426.000000 2.292413 -0.381878
 427.000000 2.176910 -0.346071
 428.000000 2.382420 -0.370109
 429.000000 2.326785 -0.326413
 430.000000 2.354722 -0.312508
 431.000000 2.274967 -0.272112
 432.000000 2.385298 -0.312908
 433.000000 2.243487 -0.225928
 434.000000 2.354462 -0.328324
 435.000000 2.271367 -0.273350
 436.000000 2.406823 -0.368612
 437.000000 2.351678 -0.405979
 438.000000 2.307881 -0.418803
 439.000000 2.284556 -0.363812
 440.000000 2.296233 -0.432137
 441.000000 2.291885 -0.297056
 442.000000 2.254250 -0.317557
 443.000000 2.246262 -0.361905
 444.000000 2.400424 -0.303199
 445.000000 2.342771 -0.317044
 446.000000 2.214101 -0.312291
 447.000000 2.191303 -0.355854
 448.000000 2.207463 -0.391960
 449.000000 2.244330 -0.386080
 450.000000 2.280385 -0.319804
 451.000000 2.367553 -0.323353
 452.000000 2.305906 -0.348896
 453.000000 2.357925 -0.323840
 454.000000 2.401924 -0.339689
 455.000000 2.213570 -0.344661
 456.000000 2.230466 -0.390529
 457.000000 2.185160 -0.385103
 458.000000 2.177585 -0.392969
 459.000000 2.217789 -0.391491
 460.000000 2.224015 -0.409807
 461.000000 2.245240 -0.416511
 462.000000 2.221864 -0.262534
 463.000000 2.296483 -0.322612
 464.000000 2.200818 -0.372299
 465.000000 2.290255 -0.280418
 466.000000 2.292668 -0.279389
 467.000000 2.218145 -0.312131
 468.000000 2.270449 -0.368533
 469.000000 2.275702 -0.290219
 470.000000 2.284581 -0.252765
 471.000000 2.263909 -0.266902
 472.000000 2.208288 -0.321785
 473.000000 2.322543 -0.305784
 474.000000 2.265134 -0.304164
 475.000000 2.216005 -0.415900
 476.000000 2.338426 -0.331435
 477.000000 2.408559 -0.333769
 478.000000 2.302997 -0.425751
 479.000000 2.250314 -0.347771
 480.000000 2.350173 -0.377669
 481.000000 2.307074 -0.313102
 482.000000 2.325344 -0.356876
 483.000000 2.333372 -0.333752
 484.000000 2.282980 -0.245820
 485.000000 2.220396 -0.364607
 486.000000 2.333159 -0.333134
 487.000000 2.299660 -0.386978
 488.000000 2.315957 -0.486258
 489.000000 2.289721 -0.377717
 490.000000 2.188920 -0.326247
 491.000000 2.242431 -0.396031
 492.000000 2.247655 -0.380701
 493.000000 2.195982 -0.345572
 494.000000 2.328540 -0.326872
 495.000000 2.363927 -0.239562
 496.000000 2.339919 -0.324655
 497.000000 2.384634 -0.350365
 498.000000 2.293875 -0.397283
 499.000000 2.163429 -0.350409
 500.000000 2.354556 -0.415701
 501.000000 2.339829 -0.417635
 502.000000 2.365988 -0.442269
 503.000000 2.367867 -0.445334
 504.000000 2.354451 -0.378419
 505.000000 2.283591 -0.386466
 506.000000 2.318928 -0.390101
 507.000000 2.299000 -0.374841
 508.000000 2.196472 -0.372618
 509.000000 2.199215 -0.338817
 510.000000 2.253335 -0.312170
 511.000000 2.224933 -0.318746
 512.000000 2.321783 -0.458411
 513.000000 2.221533 -0.316521
 514.000000 2.238408 -0.359750
 515.000000 2.343268 -0.410637
 516.000000 2.323285 -0.370418
 517.000000 2.316590 -0.407717
 518.000000 2.322326 -0.379076
 519.000000 2.237048 -0.373221
 520.000000 2.363468 -0.290802
 521.000000 2.255318 -0.307076
 522.000000 2.189561 -0.367049
 523.000000 2.317153 -0.390536
 524.000000 2.171553 -0.274906
 525.000000 2.290024 -0.251541
 526.000000 2.224467 -0.271727
 527.000000 2.403671 -0.114283
 528.000000 2.377099 -0.310001
 529.000000 2.290195 -0.244827
 530.000000 2.288111 -0.318992
 531.000000 2.343479 -0.293932
 532.000000 2.294837 -0.307852
 533.000000 2.251263 -0.318252
 534.000000 2.373452 -0.316692
 535.000000 2.336782 -0.291668
 536.000000 2.409134 -0.297418
 537.000000 2.417614 -0.391072
 538.000000 2.279426 -0.354808
 539.000000 2.358684 -0.387353
 540.000000 2.316146 -0.311860
 541.000000 2.298767 -0.360349
 542.000000 2.326487 -0.362781
 543.000000 2.221120 -0.415587
 544.000000 2.171030 -0.317191
 545.000000 2.248768 -0.417346
 546.000000 2.297420 -0.327716
 547.000000 2.251002 -0.375354
 548.000000 2.227326 -0.414515
 549.000000 2.288440 -0.390080
 550.000000 2.199378 -0.296427
 551.000000 2.180277 -0.432496
 552.000000 2.249642 -0.446502
 553.000000 2.253521 -0.356416
 554.000000 2.172766 -0.409999
 555.000000 2.185650 -0.269749
 556.000000 2.274827 -0.329642
 557.000000 2.293088 -0.389661
 558.000000 2.378822 -0.273160
 559.000000 2.269791 -0.381846
 560.000000 2.224230 -0.341464
 561.000000 2.245305 -0.462997
 562.000000 2.266638 -0.406033
 563.000000 2.193072 -0.452499
 564.000000 2.199670 -0.325615
 565.000000 2.229476 -0.380180
 566.000000 2.293540 -0.334258
 567.000000 2.316545 -0.279373
 568.000000 2.278565 -0.364876
 569.000000 2.301187 -0.367283
 570.000000 2.283831 -0.356349
 571.000000 2.370144 -0.352354
 572.000000 2.348994 -0.394699
 573.000000 2.302411 -0.507707
 574.000000 2.261297 -0.349972
 575.000000 2.272019 -0.397077
 576.000000 2.282751 -0.387260
 577.000000 2.217673 -0.393347
 578.000000 2.242819 -0.470264
 579.000000 2.225235 -0.409944
 580.000000 2.200414 -0.348217
 581.000000 2.337989 -0.338136
 582.000000 2.138358 -0.459346
 583.000000 2.178731 -0.430254
 584.000000 2.135069 -0.379342
 585.000000 2.284135 -0.380013
 586.000000 2.291518 -0.338005
 587.000000 2.366509 -0.345776
 588.000000 2.257151 -0.398185
 589.000000 2.183861 -0.425660
 590.000000 2.130083 -0.450152
 591.000000 2.156921 -0.416741
 592.000000 2.125684 -0.281815
 593.000000 2.412069 -0.370984
 594.000000 2.224767 -0.380484
 595.000000 2.196844 -0.306729
 596.000000 2.201820 -0.306696
 597.000000 2.321284 -0.365812
 598.000000 2.289573 -0.245594
 599.000000 2.325959 -0.291428
 600.000000 2.289432 -0.397538
 601.000000 2.195069 -0.412965
 602.000000 2.168894 -0.384717
 603.000000 2.249272 -0.287487
 604.000000 2.212554 -0.277656
 605.000000 2.231179 -0.291662
 606.000000 2.297870 -0.278151
 607.000000 2.103584 -0.323192
 608.000000 2.341702 -0.207028
 609.000000 2.283564 -0.249576
 610.000000 2.220761 -0.280087
 611.000000 2.288264 -0.350995
 612.000000 2.333758 -0.346855
 613.000000 2.374572 -0.343666
 614.000000 2.265418 -0.326852
 615.000000 2.262255 -0.333849
 616.000000 2.324975 -0.288937
 617.000000 2.238510 -0.425397
 618.000000 2.107762 -0.334151
 619.000000 2.237829 -0.367759
 620.000000 2.205224 -0.292592
 621.000000 2.249280 -0.339267
 622.000000 2.208340 -0.434206
 623.000000 2.236872 -0.439675
 624.000000 2.285556 -0.419583
 625.000000 2.240690 -0.468083
 626.000000 2.270195 -0.414578
 627.000000 2.220669 -0.238718
 628.000000 2.226143 -0.464380
 629.000000 2.119416 -0.478998
 630.000000 2.213734 -0.470157
 631.000000 2.110939 -0.343001
 632.000000 2.177057 -0.369126
 633.000000 2.247080 -0.447013
 634.000000 2.222125 -0.412356
 635.000000 2.266845 -0.402405
 636.000000 2.278405 -0.388808
 637.000000 2.161257 -0.459960
 638.000000 2.381829 -0.352272
 639.000000 2.244207 -0.386067
 640.000000 2.263354 -0.390518
 641.000000 2.229193 -0.405708
 642.000000 2.290884 -0.358783
 643.000000 2.233551 -0.311166
 644.000000 2.325956 -0.362660
 645.000000 2.235902 -0.479482
 646.000000 2.279218 -0.454067
 647.000000 2.219081 -0.328416
 648.000000 2.242899 -0.405574
 649.000000 2.314959 -0.417488
 650.000000 2.259150 -0.269975
 651.000000 2.211826 -0.319566
 652.000000 2.199001 -0.334035
 653.000000 2.253160 -0.337613
 654.000000 2.234931 -0.322370
 655.000000 2.217966 -0.499405
 656.000000 2.312962 -0.480848
 657.000000 2.265970 -0.368922
 658.000000 2.270074 -0.319755
 659.000000 2.211486 -0.321654
 660.000000 2.282330 -0.398331
 661.000000 2.249785 -0.303565
 662.000000 2.283633 -0.451704
 663.000000 2.323926 -0.354007
 664.000000 2.199443 -0.372090
 665.000000 2.280525 -0.373281
 666.000000 2.234211 -0.416446
 667.000000 2.274044 -0.416744
 668.000000 2.269810 -0.387234
 669.000000 2.191912 -0.375953
 670.000000 2.244646 -0.350069
 671.000000 2.185669 -0.437390
 672.000000 2.293068 -0.399536
 673.000000 2.221820 -0.374285
 674.000000 2.243927 -0.356512
 675.000000 2.226367 -0.361876
 676.000000 2.287466 -0.375168
 677.000000 2.248513 -0.344995
 678.000000 2.212667 -0.390201
 679.000000 2.266065 -0.385981
 680.000000 2.305155 -0.428088
 681.000000 2.205486 -0.301997
 682.000000 2.278724 -0.270463
 683.000000 2.183741 -0.344564
 684.000000 2.208862 -0.358095
 685.000000 2.174295 -0.251801
 686.000000 2.166877 -0.228591
 687.000000 2.277800 -0.339315
 688.000000 2.180790 -0.308209
 689.000000 2.259740 -0.270929
 690.000000 2.163280 -0.295813
 691.000000 2.349770 -0.327636
 692.000000 2.287366 -0.301423
 693.000000 2.193008 -0.262219
 694.000000 2.304752 -0.375884
 695.000000 2.286195 -0.302520
 696.000000 2.166075 -0.369284
 697.000000 2.307099 -0.319984
 698.000000 2.255764 -0.324312
 699.000000 2.345103 -0.327946
 700.000000 2.245809 -0.307147
 701.000000 2.178990 -0.267775
 702.000000 2.176179 -0.317432
 703.000000 2.295742 -0.267050
 704.000000 2.176188 -0.323206
 705.000000 2.222008 -0.307133
 706.000000 2.218403 -0.307229
 707.000000 2.300785 -0.321702
 708.000000 2.189637 -0.341727
 709.000000 2.303671 -0.275994
 710.000000 2.348489 -0.391635
 711.000000 2.227368 -0.357300
 712.000000 2.331665 -0.403284
 713.000000 2.218721 -0.376762
 714.000000 2.347330 -0.226354
 715.000000 2.317822 -0.344080
 716.000000 2.109560 -0.402431
 717.000000 2.173404 -0.395070
 718.000000 2.186635 -0.427991
 719.000000 2.134791 -0.340070
 720.000000 2.315974 -0.288388
 721.000000 2.306818 -0.373256
 722.000000 2.291474 -0.389710
 723.000000 2.120801 -0.356856
 724.000000 2.245979 -0.350374
 725.000000 2.275208 -0.285400
 726.000000 1.969862 -0.310261
 727.000000 2.328071 -0.404883
 728.000000 2.232512 -0.340526
 729.000000 2.279539 -0.242948
 730.000000 2.221306 -0.406416
 731.000000 2.236445 -0.316148
 732.000000 2.210545 -0.323575
 733.000000 2.252701 -0.385598
 734.000000 2.277903 -0.349903
 735.000000 2.287958 -0.311812
 736.000000 2.278329 -0.320876
 737.000000 2.356781 -0.420651
 738.000000 2.317915 -0.352842
 739.000000 2.339383 -0.332714
 740.000000 2.303826 -0.349404
 741.000000 2.317479 -0.355111
 742.000000 2.302749 -0.328247
 743.000000 2.168260 -0.326552
 744.000000 2.152611 -0.367113
 745.000000 2.243821 -0.461661
 746.000000 2.255477 -0.394602
 747.000000 2.207461 -0.370601
 748.000000 2.187319 -0.296799
 749.000000 2.209568 -0.425018
 750.000000 2.208431 -0.337755
 751.000000 2.183148 -0.484596
 752.000000 2.237587 -0.347990
 753.000000 2.332834 -0.302134
 754.000000 2.190141 -0.349943
 755.000000 2.324237 -0.185049
 756.000000 2.236140 -0.271398
 757.000000 2.299753 -0.310251
 758.000000 2.354069 -0.377023
 759.000000 2.215932 -0.356228
 760.000000 2.314980 -0.371372
 761.000000 2.298438 -0.345276
 762.000000 2.412197 -0.371555
 763.000000 2.197394 -0.395448
 764.000000 2.266794 -0.454228
 765.000000 2.302403 -0.327870
 766.000000 2.279128 -0.352805
 767.000000 2.280152 -0.382745
 768.000000 2.310568 -0.416928
 769.000000 2.202866 -0.304928
 770.000000 2.276897 -0.399637
 771.000000 2.352377 -0.330793
 772.000000 2.261214 -0.376357
 773.000000 2.335484 -0.384592
 774.000000 2.197796 -0.450577
 775.000000 2.332151 -0.373184
 776.000000 2.327904 -0.417684
 777.000000 2.359705 -0.465085
 778.000000 2.305389 -0.389574
 779.000000 2.269864 -0.357293
 780.000000 2.405303 -0.265635
 781.000000 2.304170 -0.417770
 782.000000 2.359956 -0.416360
 783.000000 2.214854 -0.267121
 784.000000 2.306252 -0.490670
 785.000000 2.377182 -0.290712
 786.000000 2.292458 -0.487413
 787.000000 2.304173 -0.338935
 788.000000 2.379950 -0.299413
 789.000000 2.360280 -0.309550
 790.000000 2.310117 -0.344029
 791.000000 2.376874 -0.382007
 792.000000 2.400395 -0.342151
 793.000000 2.317163 -0.367815
 794.000000 2.332780 -0.417572
 795.000000 2.348800 -0.316278
 796.000000 2.345402 -0.326183
 797.000000 2.294403 -0.438065
 798.000000 2.337597 -0.355611
 799.000000 2.305466 -0.397993
 800.000000 2.332480 -0.288558
 801.000000 2.291195 -0.336333
 802.000000 2.324095 -0.457835
 803.000000 2.271545 -0.414672
 804.000000 2.376706 -0.322680
 805.000000 2.375256 -0.315744
 806.000000 2.302470 -0.318163
 807.000000 2.364386 -0.330778
 808.000000 2.171313 -0.361256
 809.000000 2.314176 -0.407173
 810.000000 2.377295 -0.325480
 811.000000 2.337868 -0.310412
 812.000000 2.250277 -0.397114
 813.000000 2.274602 -0.347524
 814.000000 2.300861 -0.369988
 815.000000 2.298616 -0.375600
 816.000000 2.312442 -0.354492
 817.000000 2.337176 -0.357751
 818.000000 2.237103 -0.401078
 819.000000 2.271489 -0.411159
 820.000000 2.244277 -0.333055
 821.000000 2.337521 -0.369350
 822.000000 2.385384 -0.308959
 823.000000 2.296606 -0.415430
 824.000000 2.344934 -0.435863
 825.000000 2.385560 -0.424942
 826.000000 2.271862 -0.426540
 827.000000 2.219671 -0.299434
 828.000000 2.300502 -0.356768
 829.000000 2.355541 -0.288492
 830.000000 2.236398 -0.350576
 831.000000 2.242280 -0.396887
 832.000000 2.295457 -0.320946
 833.000000 2.351166 -0.303193
 834.000000 2.342859 -0.477003
 835.000000 2.264680 -0.454668
 836.000000 2.257494 -0.393618
 837.000000 2.233573 -0.325349
 838.000000 2.232096 -0.321605
 839.000000 2.250814 -0.370395
 840.000000 2.200199 -0.403099
 841.000000 2.331110 -0.373367
 842.000000 2.190258 -0.354005
 843.000000 2.316539 -0.254941
 844.000000 2.211000 -0.357230
 845.000000 2.256531 -0.354064
 846.000000 2.251891 -0.320931
 847.000000 2.299041 -0.325533
 848.000000 2.328893 -0.350311
 849.000000 2.197081 -0.378882
 850.000000 2.204073 -0.343520
 851.000000 2.204903 -0.240617
 852.000000 2.350565 -0.389983
 853.000000 2.371322 -0.356666
 854.000000 2.258029 -0.414502
 855.000000 2.290245 -0.370568
 856.000000 2.308824 -0.393294
 857.000000 2.230402 -0.407395
 858.000000 2.260317 -0.343994
 859.000000 2.402466 -0.402992
 860.000000 2.268995 -0.300128
 861.000000 2.303459 -0.280243
 862.000000 2.182756 -0.272978
 863.000000 2.266714 -0.312053
 864.000000 2.285990 -0.365664
 865.000000 2.286115 -0.344892
 866.000000 2.252531 -0.374547
 867.000000 2.227958 -0.324757
 868.000000 2.285413 -0.288666
 869.000000 2.219296 -0.270007
 870.000000 2.310630 -0.320056
 871.000000 2.342335 -0.330298
 872.000000 2.400080 -0.388889
 873.000000 2.272124 -0.324562
 874.000000 2.321824 -0.320309
 875.000000 2.383417 -0.290716
 876.000000 2.279901 -0.324317
 877.000000 2.256959 -0.339657
 878.000000 2.219145 -0.327266
 879.000000 2.242853 -0.322059
 880.000000 2.197653 -0.363766
 881.000000 2.343333 -0.375493
 882.000000 2.181001 -0.329030
 883.000000 2.293915 -0.402607
 884.000000 2.287961 -0.324530
 885.000000 2.093118 -0.353029
 886.000000 2.351257 -0.267998
 887.000000 2.279106 -0.424814
 888.000000 2.250494 -0.396446
 889.000000 2.387966 -0.377915
 890.000000 2.342064 -0.419159
 891.000000 2.328991 -0.359034
 892.000000 2.284039 -0.341019
 893.000000 2.338112 -0.428845
 894.000000 2.344258 -0.275547
 895.000000 2.364501 -0.354355
 896.000000 2.360714 -0.406223
 897.000000 2.366066 -0.355747
 898.000000 2.320819 -0.307777
 899.000000 2.342076 -0.338932
 900.000000 2.260898 -0.285256
 901.000000 2.291827 -0.402238
 902.000000 2.323586 -0.353912
 903.000000 2.365902 -0.413381
 904.000000 2.286162 -0.393905
 905.000000 2.206527 -0.480279
 906.000000 2.277525 -0.366108
 907.000000 2.320069 -0.369783
 908.000000 2.276069 -0.432795
 909.000000 2.167909 -0.450099
 910.000000 2.237159 -0.394828
 911.000000 2.181798 -0.421083
 912.000000 2.279232 -0.394761
 913.000000 2.315902 -0.345165
 914.000000 2.228316 -0.321465
 915.000000 2.250424 -0.381921
 916.000000 2.306465 -0.438631
 917.000000 2.314532 -0.458429
 918.000000 2.328185 -0.301003
 919.000000 2.365674 -0.417033
 920.000000 2.236817 -0.381688
 921.000000 2.221147 -0.409929
 922.000000 2.241429 -0.431583
 923.000000 2.252957 -0.464930
 924.000000 2.271898 -0.418944
 925.000000 2.217830 -0.435274
 926.000000 2.292765 -0.342790
 927.000000 2.278421 -0.364230
 928.000000 2.146307 -0.338629
 929.000000 2.308886 -0.302873
 930.000000 2.366560 -0.375046
 931.000000 2.289242 -0.384240
 932.000000 2.382142 -0.539742
 933.000000 2.281834 -0.422967
 934.000000 2.201579 -0.429786
 935.000000 2.257581 -0.349259
 936.000000 2.293463 -0.297847
 937.000000 2.287613 -0.354353
 938.000000 2.233380 -0.323236
 939.000000 2.249918 -0.309466
 940.000000 2.212404 -0.329577
 941.000000 2.264694 -0.394623
 942.000000 2.247228 -0.349432
 943.000000 2.294120 -0.397715
 944.000000 2.407632 -0.367740
 945.000000 2.355855 -0.361061
 946.000000 2.425424 -0.324687
 947.000000 2.265661 -0.472616
 948.000000 2.207273 -0.279014
 949.000000 2.315026 -0.348174
 950.000000 2.304739 -0.349673
 951.000000 2.221093 -0.403766
 952.000000 2.231373 -0.480881
 953.000000 2.207235 -0.449496
 954.000000 2.281108 -0.405489
 955.000000 2.251203 -0.470234
 956.000000 2.226257 -0.300324
 957.000000 2.199122 -0.336484
 958.000000 2.295294 -0.445385
 959.000000 2.260057 -0.395317
 960.000000 2.221471 -0.300599
 961.000000 2.242095 -0.402178
 962.000000 2.356580 -0.287462
 963.000000 2.301167 -0.303306
 964.000000 2.314443 -0.370914
 965.000000 2.351314 -0.431809
 966.000000 2.400078 -0.437158
 967.000000 2.328930 -0.362402
 968.000000 2.271743 -0.399138
 969.000000 2.315363 -0.439211
 970.000000 2.368470 -0.341762
 971.000000 2.344762 -0.288211
 972.000000 2.289809 -0.373680
 973.000000 2.372692 -0.367770
 974.000000 2.430908 -0.244753
 975.000000 2.306190 -0.262166
 976.000000 2.354173 -0.303394
 977.000000 2.340305 -0.363079
 978.000000 2.234961 -0.292103
 979.000000 2.253792 -0.254293
 980.000000 2.238211 -0.252843
 981.000000 2.315495 -0.351455
 982.000000 2.350771 -0.231427
 983.000000 2.284923 -0.285337
 984.000000 2.395205 -0.319903
 985.000000 2.310792 -0.319685
 986.000000 2.223431 -0.384413
 987.000000 2.281125 -0.343937
 988.000000 2.201419 -0.317621
 989.000000 2.273779 -0.291011
 990.000000 2.325302 -0.436038
 991.000000 2.382152 -0.324068
 992.000000 2.197972 -0.318924
 993.000000 2.368258 -0.409025
 994.000000 2.233269 -0.388439
 995.000000 2.369112 -0.322720
 996.000000 2.376753 -0.287666
 997.000000 2.271381 -0.279432
 998.000000 2.373009 -0.345062
 999.000000 2.220943 -0.325703
 1000.000000 2.326498 -0.215772
 1001.000000 2.342604 -0.225727
 1002.000000 2.343221 -0.441898
 1003.000000 2.316764 -0.271629
 1004.000000 2.175701 -0.426337
 1005.000000 2.286520 -0.417627
 1006.000000 2.217272 -0.451607
 1007.000000 2.401026 -0.399001
 1008.000000 2.301616 -0.371782
 1009.000000 2.294973 -0.320627
 1010.000000 2.361079 -0.416013
 1011.000000 2.360585 -0.332058
 1012.000000 2.194677 -0.404479
 1013.000000 2.297462 -0.316243
 1014.000000 2.374720 -0.308985
 1015.000000 2.255240 -0.272881
 1016.000000 2.314395 -0.222420
 1017.000000 2.333221 -0.348110
 1018.000000 2.326910 -0.379440
 1019.000000 2.369889 -0.399319
 1020.000000 2.349188 -0.310973
 1021.000000 2.353374 -0.406263
 1022.000000 2.241547 -0.432628
 1023.000000 2.234751 -0.331224
 1024.000000 2.239941 -0.306419
 1025.000000 2.300926 -0.282877
 1026.000000 2.273922 -0.365430
 1027.000000 2.241903 -0.385283
 1028.000000 2.195914 -0.389340
 1029.000000 2.278634 -0.335265
 1030.000000 2.233840 -0.312177
 1031.000000 2.236570 -0.286888
 1032.000000 2.330173 -0.355516
 1033.000000 2.205571 -0.264157
 1034.000000 2.234964 -0.275647
 1035.000000 2.261200 -0.258859
 1036.000000 2.323972 -0.374861
 1037.000000 2.317009 -0.289664
 1038.000000 2.287924 -0.440933
 1039.000000 2.331278 -0.447188
 1040.000000 2.217797 -0.351038
 1041.000000 2.296524 -0.378588
 1042.000000 2.311548 -0.323377
 1043.000000 2.333073 -0.374930
 1044.000000 2.247079 -0.408174
 1045.000000 2.212268 -0.356649
 1046.000000 2.265644 -0.557396
 1047.000000 2.340658 -0.421901
 1048.000000 2.297334 -0.306777
 1049.000000 2.352393 -0.396360
 1050.000000 2.290506 -0.348977
 1051.000000 2.278864 -0.426738
 1052.000000 2.177857 -0.330531
 1053.000000 2.172445 -0.391872
 1054.000000 2.224913 -0.391635
 1055.000000 2.199792 -0.308830
 1056.000000 2.309198 -0.356788
 1057.000000 2.324951 -0.392687
 1058.000000 2.307992 -0.319496
 1059.000000 2.352118 -0.370032
 1060.000000 2.329029 -0.405868
 1061.000000 2.368039 -0.349502
 1062.000000 2.368988 -0.332809
 1063.000000 2.318980 -0.352077
 1064.000000 2.406735 -0.353419
 1065.000000 2.266358 -0.333301
 1066.000000 2.346981 -0.315298
 1067.000000 2.258434 -0.349431
 1068.000000 2.374836 -0.359925
 1069.000000 2.211930 -0.471813
 1070.000000 2.271130 -0.321505
 1071.000000 2.280172 -0.309107
 1072.000000 2.442995 -0.381617
 1073.000000 2.308509 -0.407217
 1074.000000 2.319362 -0.407135
 1075.000000 2.329872 -0.351959
 1076.000000 2.324882 -0.321502
 1077.000000 2.283151 -0.342121
 1078.000000 2.256280 -0.307129
 1079.000000 2.346252 -0.372192
 1080.000000 2.260434 -0.409628
 1081.000000 2.442302 -0.394793
 1082.000000 2.268619 -0.410112
 1083.000000 2.223501 -0.428840
 1084.000000 2.385144 -0.489371
 1085.000000 2.220287 -0.396253
 1086.000000 2.295147 -0.355645
 1087.000000 2.244166 -0.341219
 1088.000000 2.292649 -0.406172
 1089.000000 2.354151 -0.456430
 1090.000000 2.298433 -0.321498
 1091.000000 2.329097 -0.401349
 1092.000000 2.305133 -0.350257
 1093.000000 2.238228 -0.380392
 1094.000000 2.387538 -0.253539
 1095.000000 2.213981 -0.352170
 1096.000000 2.425960 -0.386688
 1097.000000 2.285721 -0.354125
 1098.000000 2.366453 -0.367326
 1099.000000 2.317618 -0.334570
 1100.000000 2.334756 -0.308556
 1101.000000 2.297739 -0.334067
 1102.000000 2.405647 -0.375103
 1103.000000 2.399554 -0.408963
 1104.000000 2.395257 -0.371211
 1105.000000 2.402923 -0.349020
 1106.000000 2.407731 -0.387825
 1107.000000 2.403104 -0.407518
 1108.000000 2.331974 -0.415338
 1109.000000 2.349275 -0.382160
 1110.000000 2.367057 -0.371774
 1111.000000 2.287896 -0.325965
 1112.000000 2.358216 -0.362589
 1113.000000 2.194877 -0.424662
 1114.000000 2.391167 -0.411900
 1115.000000 2.367812 -0.395168
 1116.000000 2.283525 -0.230812
 1117.000000 2.338403 -0.338027
 1118.000000 2.402797 -0.340947
 1119.000000 2.331243 -0.425827
 1120.000000 2.347032 -0.443663
 1121.000000 2.403389 -0.431426
 1122.000000 2.253817 -0.331918
 1123.000000 2.212908 -0.453558
 1124.000000 2.333302 -0.345739
 1125.000000 2.291317 -0.404648
 1126.000000 2.283051 -0.457566
 1127.000000 2.354337 -0.452565
 1128.000000 2.371464 -0.480328
 1129.000000 2.267791 -0.370755
 1130.000000 2.274929 -0.453693
 1131.000000 2.312767 -0.412288
 1132.000000 2.254052 -0.335263
 1133.000000 2.291859 -0.401975
 1134.000000 2.371375 -0.392766
 1135.000000 2.317376 -0.556008
 1136.000000 2.293402 -0.412147
 1137.000000 2.293876 -0.447774
 1138.000000 2.399641 -0.460089
 1139.000000 2.347404 -0.345382
 1140.000000 2.283361 -0.342145
 1141.000000 2.349859 -0.327307
 1142.000000 2.264288 -0.334997
 1143.000000 2.187241 -0.321191
 1144.000000 2.218014 -0.336740
 1145.000000 2.159638 -0.399303
 1146.000000 2.167808 -0.320110
 1147.000000 2.222060 -0.368180
 1148.000000 2.213259 -0.381735
 1149.000000 2.167777 -0.253599
 1150.000000 2.240786 -0.262717
 1151.000000 2.230011 -0.260553
 1152.000000 2.317518 -0.287131
 1153.000000 2.174929 -0.390020
 1154.000000 2.297399 -0.333007
 1155.000000 2.300572 -0.327593
 1156.000000 2.244975 -0.297950
 1157.000000 2.285590 -0.268494
 1158.000000 2.298254 -0.272939
 1159.000000 2.279823 -0.349152
 1160.000000 2.205506 -0.404637
 1161.000000 2.204293 -0.357195
 1162.000000 2.185262 -0.363747
 1163.000000 2.188464 -0.345452
 1164.000000 2.216294 -0.266601
 1165.000000 2.279406 -0.367059
 1166.000000 2.253854 -0.267502
 1167.000000 2.450679 -0.251203
 1168.000000 2.328853 -0.250963
 1169.000000 2.312467 -0.430323
 1170.000000 2.359857 -0.339645
 1171.000000 2.442555 -0.283013
 1172.000000 2.274186 -0.293762
 1173.000000 2.271446 -0.319763
 1174.000000 2.203960 -0.280387
 1175.000000 2.196332 -0.452109
 1176.000000 2.225843 -0.357891
 1177.000000 2.212554 -0.333560
 1178.000000 2.317810 -0.323310
 1179.000000 2.261419 -0.334821
 1180.000000 2.284159 -0.339167
 1181.000000 2.411473 -0.353004
 1182.000000 2.264941 -0.330400
 1183.000000 2.249958 -0.346464
 1184.000000 2.250042 -0.357844
 1185.000000 2.300503 -0.415725
 1186.000000 2.271762 -0.283600
 1187.000000 2.324072 -0.344220
 1188.000000 2.166203 -0.393242
 1189.000000 2.337513 -0.345501
 1190.000000 2.290434 -0.342088
 1191.000000 2.292780 -0.341837
 1192.000000 2.341136 -0.333296
 1193.000000 2.335083 -0.314595
 1194.000000 2.217362 -0.357798
 1195.000000 2.198184 -0.328661
 1196.000000 2.183763 -0.270696
 1197.000000 2.314963 -0.333157
 1198.000000 2.283406 -0.334260
 1199.000000 2.436232 -0.318934
 1200.000000 2.210397 -0.318085
 1201.000000 2.319011 -0.413969
 1202.000000 2.314625 -0.362022
 1203.000000 2.329306 -0.371945
 1204.000000 2.202534 -0.395053
 1205.000000 2.234435 -0.279914
 1206.000000 2.251340 -0.243982
 1207.000000 2.115571 -0.336941
 1208.000000 2.293128 -0.350294
 1209.000000 2.247432 -0.378633
 1210.000000 2.251962 -0.347593
 1211.000000 2.263024 -0.372776
 1212.000000 2.202408 -0.309367
 1213.000000 2.196293 -0.363443
 1214.000000 2.305871 -0.326081
 1215.000000 2.338265 -0.285662
 1216.000000 2.293654 -0.276385
 1217.000000 2.334907 -0.316443
 1218.000000 2.208926 -0.337134
 1219.000000 2.306785 -0.334938
 1220.000000 2.250471 -0.333259
 1221.000000 2.183562 -0.268550
 1222.000000 2.339007 -0.340057
 1223.000000 2.371368 -0.318852
 1224.000000 2.260250 -0.339345
 1225.000000 2.304319 -0.394153
 1226.000000 2.194670 -0.305853
 1227.000000 2.306462 -0.317470
 1228.000000 2.268691 -0.282774
 1229.000000 2.232174 -0.258494
 1230.000000 2.201209 -0.393767
 1231.000000 2.185539 -0.383408
 1232.000000 2.194990 -0.439016
 1233.000000 2.206505 -0.384829
 1234.000000 2.278475 -0.331078
 1235.000000 2.273776 -0.419096
 1236.000000 2.314765 -0.359308
 1237.000000 2.308561 -0.268822
 1238.000000 2.371311 -0.235793
 1239.000000 2.322464 -0.289607
 1240.000000 2.305541 -0.238295
 1241.000000 2.245582 -0.189804
 1242.000000 2.351922 -0.287969
 1243.000000 2.206954 -0.330669
 1244.000000 2.241794 -0.230343
 1245.000000 2.295186 -0.264387
 1246.000000 2.319945 -0.288191
 1247.000000 2.303483 -0.275210
 1248.000000 2.341185 -0.344586
 1249.000000 2.315162 -0.355944
 1250.000000 2.300015 -0.250247
 1251.000000 2.307803 -0.295389
 1252.000000 2.383530 -0.299793
 1253.000000 2.311374 -0.332972
 1254.000000 2.226460 -0.312292
 1255.000000 2.233198 -0.233765
 1256.000000 2.210235 -0.283543
 1257.000000 2.231362 -0.436620
 1258.000000 2.363547 -0.397255
 1259.000000 2.213330 -0.296582
 1260.000000 2.324550 -0.385873
 1261.000000 2.349263 -0.232712
 1262.000000 2.287630 -0.231357
 1263.000000 2.245591 -0.271016
 1264.000000 2.279081 -0.291238
 1265.000000 2.258589 -0.308607
 1266.000000 2.266186 -0.288582
 1267.000000 2.175615 -0.304492
 1268.000000 2.262222 -0.334991
 1269.000000 2.299699 -0.291389
 1270.000000 2.328279 -0.335054
 1271.000000 2.311276 -0.291784
 1272.000000 2.287792 -0.366392
 1273.000000 2.293559 -0.257691
 1274.000000 2.238516 -0.331529
 1275.000000 2.319285 -0.304292
 1276.000000 2.263547 -0.383512
 1277.000000 2.202549 -0.323060
 1278.000000 2.186011 -0.352244
 1279.000000 2.175553 -0.465745
 1280.000000 2.250683 -0.321729
 1281.000000 2.333128 -0.294736
 1282.000000 2.340150 -0.335097
 1283.000000 2.196702 -0.364767
 1284.000000 2.246873 -0.312831
 1285.000000 2.209578 -0.274837
 1286.000000 2.295815 -0.374006
 1287.000000 2.291615 -0.406963
 1288.000000 2.200683 -0.367914
 1289.000000 2.237662 -0.169433
 1290.000000 2.228432 -0.287048
 1291.000000 2.203131 -0.281454
 1292.000000 2.133512 -0.244349
 1293.000000 2.245614 -0.188024
 1294.000000 2.305013 -0.334073
 1295.000000 2.281122 -0.325670
 1296.000000 2.214821 -0.305446
 1297.000000 2.174346 -0.335339
 1298.000000 2.237883 -0.216474
 1299.000000 2.256548 -0.332233
 1300.000000 2.213688 -0.281877
 1301.000000 2.251332 -0.290243
 1302.000000 2.358295 -0.390048
 1303.000000 2.340149 -0.393332
 1304.000000 2.333087 -0.346657
 1305.000000 2.295662 -0.409073
 1306.000000 2.350266 -0.394360
 1307.000000 2.151167 -0.439522
 1308.000000 2.203714 -0.370526
 1309.000000 2.301819 -0.375426
 1310.000000 2.264892 -0.392493
 1311.000000 2.277061 -0.357504
 1312.000000 2.250714 -0.396029
 1313.000000 2.253313 -0.387606
 1314.000000 2.229366 -0.342421
 1315.000000 2.209857 -0.294293
 1316.000000 2.381480 -0.317836
 1317.000000 2.273607 -0.306707
 1318.000000 2.265622 -0.192385
 1319.000000 2.310245 -0.322961
 1320.000000 2.223137 -0.193217
 1321.000000 2.313905 -0.221426
 1322.000000 2.205976 -0.414849
 1323.000000 2.223010 -0.311002
 1324.000000 2.287897 -0.410560
 1325.000000 2.124754 -0.322391
 1326.000000 2.262348 -0.410586
 1327.000000 2.402591 -0.453017
 1328.000000 2.298150 -0.294264
 1329.000000 2.285690 -0.321843
 1330.000000 2.220238 -0.273869
 1331.000000 2.251721 -0.356376
 1332.000000 2.238369 -0.259390
 1333.000000 2.318714 -0.327228
 1334.000000 2.287035 -0.242904
 1335.000000 2.221117 -0.321698
 1336.000000 2.299168 -0.335491
 1337.000000 2.270980 -0.303407
 1338.000000 2.258859 -0.381211
 1339.000000 2.296267 -0.320673
 1340.000000 2.227835 -0.432388
 1341.000000 2.337048 -0.375448
 1342.000000 2.276019 -0.340759
 1343.000000 2.325951 -0.307696
 1344.000000 2.223742 -0.272640
 1345.000000 2.197899 -0.164080
 1346.000000 2.299436 -0.369275
 1347.000000 2.225408 -0.396976
 1348.000000 2.281376 -0.457256
 1349.000000 2.326995 -0.382777
 1350.000000 2.251482 -0.308736
 1351.000000 2.262979 -0.431875
 1352.000000 2.261865 -0.232513
 1353.000000 2.284093 -0.358149
 1354.000000 2.214524 -0.200596
 1355.000000 2.153149 -0.292826
 1356.000000 2.214187 -0.319127
 1357.000000 2.163094 -0.258298
 1358.000000 2.295541 -0.370232
 1359.000000 2.303783 -0.303519
 1360.000000 2.155960 -0.261239
 1361.000000 2.227061 -0.342511
 1362.000000 2.203989 -0.326106
 1363.000000 2.201576 -0.254230
 1364.000000 2.224523 -0.349531
 1365.000000 2.309120 -0.355911
 1366.000000 2.371735 -0.281422
 1367.000000 2.276873 -0.304090
 1368.000000 2.390249 -0.364449
 1369.000000 2.306739 -0.484620
 1370.000000 2.366140 -0.349002
 1371.000000 2.325212 -0.379016
 1372.000000 2.194647 -0.351266
 1373.000000 2.349314 -0.318492
 1374.000000 2.270619 -0.331367
 1375.000000 2.285892 -0.364794
 1376.000000 2.226853 -0.301789
 1377.000000 2.252044 -0.321580
 1378.000000 2.226843 -0.303596
 1379.000000 2.317267 -0.374790
 1380.000000 2.325532 -0.330658
 1381.000000 2.481487 -0.383487
 1382.000000 2.284306 -0.280344
 1383.000000 2.409681 -0.232182
 1384.000000 2.276356 -0.345090
 1385.000000 2.295588 -0.412279
 1386.000000 2.287152 -0.398619
 1387.000000 2.245644 -0.346080
 1388.000000 2.247291 -0.370020
 1389.000000 2.196173 -0.326812
 1390.000000 2.210734 -0.459187
 1391.000000 2.357383 -0.400090
 1392.000000 2.305295 -0.226015
 1393.000000 2.285350 -0.412941
 1394.000000 2.180646 -0.424235
 1395.000000 2.256790 -0.311886
 1396.000000 2.397817 -0.279793
 1397.000000 2.294523 -0.307335
 1398.000000 2.341523 -0.294357
 1399.000000 2.399407 -0.356699
 1400.000000 2.299955 -0.388042
 1401.000000 2.321827 -0.347316
 1402.000000 2.405389 -0.370228
 1403.000000 2.357161 -0.368589
 1404.000000 2.328009 -0.393895
 1405.000000 2.315628 -0.377941
 1406.000000 2.316876 -0.294537
 1407.000000 2.340318 -0.403058
 1408.000000 2.357021 -0.368772
 1409.000000 2.311261 -0.354114
 1410.000000 2.442598 -0.340955
 1411.000000 2.354612 -0.274264
 1412.000000 2.430930 -0.395085
 1413.000000 2.218498 -0.408721
 1414.000000 2.326810 -0.356980
 1415.000000 2.394028 -0.274418
 1416.000000 2.296446 -0.315695
 1417.000000 2.244065 -0.452806
 1418.000000 2.340794 -0.323547
 1419.000000 2.207655 -0.366422
 1420.000000 2.214597 -0.360405
 1421.000000 2.229281 -0.343919
 1422.000000 2.336046 -0.391168
 1423.000000 2.267720 -0.338686
 1424.000000 2.209140 -0.249805
 1425.000000 2.226999 -0.307612
 1426.000000 2.205490 -0.350060
 1427.000000 2.387085 -0.367105
 1428.000000 2.402307 -0.395634
 1429.000000 2.255014 -0.285173
 1430.000000 2.449037 -0.342065
 1431.000000 2.364219 -0.356854
 1432.000000 2.257551 -0.350662
 1433.000000 2.311684 -0.347921
 1434.000000 2.249527 -0.385955
 1435.000000 2.327833 -0.330280
 1436.000000 2.255347 -0.289893
 1437.000000 2.259791 -0.309364
 1438.000000 2.314600 -0.284268
 1439.000000 2.379233 -0.313613
 1440.000000 2.226873 -0.314340
 1441.000000 2.344913 -0.321546
 1442.000000 2.365388 -0.409726
 1443.000000 2.300971 -0.364413
 1444.000000 2.319746 -0.306773
 1445.000000 2.328660 -0.352924
 1446.000000 2.370409 -0.317562
 1447.000000 2.379336 -0.361260
 1448.000000 2.366604 -0.374855
 1449.000000 2.338373 -0.340303
 1450.000000 2.277801 -0.330201
 1451.000000 2.195497 -0.206173
 1452.000000 2.330637 -0.297608
 1453.000000 2.413280 -0.346738
 1454.000000 2.393482 -0.256421
 1455.000000 2.401361 -0.262201
 1456.000000 2.378803 -0.368711
 1457.000000 2.391802 -0.354312
 1458.000000 2.203976 -0.216029
 1459.000000 2.376612 -0.323887
 1460.000000 2.279240 -0.324921
 1461.000000 2.427260 -0.365326
 1462.000000 2.306526 -0.340036
 1463.000000 2.317352 -0.303776
 1464.000000 2.444506 -0.320342
 1465.000000 2.330810 -0.377682
 1466.000000 2.263567 -0.271820
 1467.000000 2.321943 -0.274813
 1468.000000 2.391531 -0.352971
 1469.000000 2.309492 -0.300529
 1470.000000 2.226775 -0.322598
 1471.000000 2.237088 -0.371357
 1472.000000 2.376098 -0.358046
 1473.000000 2.257933 -0.388430
 1474.000000 2.394202 -0.342803
 1475.000000 2.284888 -0.309649
 1476.000000 2.167808 -0.270565
 1477.000000 2.199076 -0.258627
 1478.000000 2.203420 -0.219102
 1479.000000 2.137578 -0.232385
 1480.000000 2.238574 -0.426085
 1481.000000 2.240270 -0.377133
 1482.000000 2.232382 -0.394883
 1483.000000 2.227610 -0.462261
 1484.000000 2.228997 -0.318054
 1485.000000 2.295520 -0.334615
 1486.000000 2.362575 -0.243041
 1487.000000 2.245520 -0.299609
 1488.000000 2.346170 -0.298087
 1489.000000 2.323513 -0.366088
 1490.000000 2.286740 -0.313534
 1491.000000 2.210174 -0.284503
 1492.000000 2.382141 -0.364715
 1493.000000 2.210386 -0.256056
 1494.000000 2.249205 -0.269028
 1495.000000 2.326201 -0.299589
 1496.000000 2.275556 -0.288064
 1497.000000 2.275594 -0.273094
 1498.000000 2.195187 -0.216597
 1499.000000 2.242618 -0.239381
 1500.000000 2.221111 -0.338135
 1501.000000 2.226645 -0.310810
 1502.000000 2.273551 -0.332630
 1503.000000 2.214708 -0.339507
 1504.000000 2.188006 -0.417339
 1505.000000 2.255544 -0.340177
 1506.000000 2.332094 -0.358750
 1507.000000 2.168708 -0.247459
 1508.000000 2.177039 -0.298092
 1509.000000 2.287977 -0.384935
 1510.000000 2.347132 -0.292051
 1511.000000 2.280946 -0.197295
 1512.000000 2.175820 -0.290663
 1513.000000 2.387589 -0.393862
 1514.000000 2.252878 -0.296997
 1515.000000 2.283761 -0.316777
 1516.000000 2.246629 -0.345930
 1517.000000 2.344301 -0.280285
 1518.000000 2.249397 -0.224922
 1519.000000 2.255657 -0.399417
 1520.000000 2.409831 -0.330376
 1521.000000 2.356407 -0.355411
 1522.000000 2.340747 -0.486887
 1523.000000 2.299379 -0.320023
 1524.000000 2.369912 -0.343940
 1525.000000 2.348413 -0.363513
 1526.000000 2.296399 -0.411399
 1527.000000 2.372542 -0.362232
 1528.000000 2.375056 -0.326674
 1529.000000 2.297072 -0.352954
 1530.000000 2.365931 -0.280033
 1531.000000 2.392604 -0.494703
 1532.000000 2.270086 -0.422977
 1533.000000 2.274304 -0.333016
 1534.000000 2.324036 -0.438967
 1535.000000 2.312652 -0.437762
 1536.000000 2.299849 -0.375295
 1537.000000 2.223661 -0.333238
 1538.000000 2.253899 -0.453185
 1539.000000 2.345254 -0.425594
 1540.000000 2.383168 -0.412086
 1541.000000 2.313128 -0.454577
 1542.000000 2.354850 -0.204889
 1543.000000 2.289294 -0.417989
 1544.000000 2.306340 -0.367928
 1545.000000 2.245385 -0.320239
 1546.000000 2.159346 -0.384357
 1547.000000 2.259346 -0.379946
 1548.000000 2.218390 -0.413706
 1549.000000 2.261314 -0.401622
 1550.000000 2.287920 -0.423618
 1551.000000 2.307717 -0.332145
 1552.000000 2.261334 -0.312601
 1553.000000 2.278446 -0.269028
 1554.000000 2.225040 -0.267503
 1555.000000 2.320774 -0.332026
 1556.000000 2.329307 -0.303679
 1557.000000 2.253412 -0.462983
 1558.000000 2.313349 -0.307672
 1559.000000 2.387197 -0.472594
 1560.000000 2.172524 -0.372434
 1561.000000 2.223621 -0.424554
 1562.000000 2.204045 -0.369282
 1563.000000 2.299713 -0.400216
 1564.000000 2.259774 -0.312200
 1565.000000 2.218233 -0.302900
 1566.000000 2.318947 -0.276773
 1567.000000 2.183380 -0.327490
 1568.000000 2.188933 -0.353595
 1569.000000 2.309771 -0.456562
 1570.000000 2.342357 -0.491806
 1571.000000 2.290271 -0.366453
 1572.000000 2.278982 -0.412959
 1573.000000 2.256826 -0.471192
 1574.000000 2.309735 -0.469363
 1575.000000 2.251134 -0.398782
 1576.000000 2.385815 -0.327140
 1577.000000 2.322522 -0.336970
 1578.000000 2.291189 -0.426119
 1579.000000 2.218312 -0.301231
 1580.000000 2.256054 -0.346195
 1581.000000 2.251128 -0.414272
 1582.000000 2.164304 -0.341645
 1583.000000 2.349920 -0.399680
 1584.000000 2.310116 -0.349611
 1585.000000 2.255040 -0.410874
 1586.000000 2.283798 -0.268346
 1587.000000 2.344152 -0.308696
 1588.000000 2.221973 -0.330587
 1589.000000 2.273848 -0.342062
 1590.000000 2.255577 -0.317167
 1591.000000 2.361672 -0.378381
 1592.000000 2.369545 -0.321003
 1593.000000 2.358850 -0.435652
 1594.000000 2.273544 -0.309232
 1595.000000 2.310068 -0.427987
 1596.000000 2.279364 -0.350598
 1597.000000 2.323902 -0.328114
 1598.000000 2.339965 -0.350173
 1599.000000 2.311279 -0.358514
 1600.000000 2.260289 -0.329685
 1601.000000 2.357985 -0.382504
 1602.000000 2.273881 -0.375976
 1603.000000 2.152049 -0.466292
 1604.000000 2.308645 -0.395439
 1605.000000 2.184326 -0.373572
 1606.000000 2.254135 -0.323424
 1607.000000 2.229223 -0.340057
 1608.000000 2.245663 -0.473955
 1609.000000 2.336694 -0.369005
 1610.000000 2.289726 -0.435601
 1611.000000 2.201699 -0.387603
 1612.000000 2.154271 -0.255251
 1613.000000 2.202015 -0.294060
 1614.000000 2.220000 -0.445737
 1615.000000 2.301402 -0.430947
 1616.000000 2.225261 -0.367781
 1617.000000 2.211245 -0.386313
 1618.000000 2.233206 -0.309441
 1619.000000 2.285693 -0.350085
 1620.000000 2.283866 -0.406866
 1621.000000 2.192782 -0.294755
 1622.000000 2.037661 -0.242895
 1623.000000 2.144556 -0.353456
 1624.000000 2.378441 -0.321443
 1625.000000 2.296376 -0.394272
 1626.000000 2.287223 -0.247130
 1627.000000 2.326097 -0.264911
 1628.000000 2.247861 -0.266615
 1629.000000 2.215162 -0.443004
 1630.000000 2.234040 -0.364938
 1631.000000 2.190102 -0.345274
 1632.000000 2.333268 -0.350776
 1633.000000 2.335833 -0.426378
 1634.000000 2.353528 -0.293652
 1635.000000 2.284594 -0.273446
 1636.000000 2.160977 -0.346614
 1637.000000 2.252655 -0.268969
 1638.000000 2.262455 -0.310255
 1639.000000 2.277621 -0.358888
 1640.000000 2.326166 -0.353705
 1641.000000 2.275796 -0.335582
 1642.000000 2.342777 -0.276864
 1643.000000 2.290164 -0.324358
 1644.000000 2.209218 -0.257529
 1645.000000 2.268507 -0.347462
 1646.000000 2.303205 -0.363324
 1647.000000 2.301256 -0.402606
 1648.000000 2.291369 -0.349957
 1649.000000 2.198897 -0.361681
 1650.000000 2.331108 -0.424873
 1651.000000 2.265385 -0.432167
 1652.000000 2.210805 -0.338760
 1653.000000 2.212331 -0.352059
 1654.000000 2.145086 -0.374723
 1655.000000 2.212159 -0.291659
 1656.000000 2.300634 -0.288137
 1657.000000 2.352326 -0.312911
 1658.000000 2.202259 -0.349382
 1659.000000 2.217794 -0.419365
 1660.000000 2.241094 -0.409258
 1661.000000 2.131705 -0.364190
 1662.000000 2.265292 -0.372600
 1663.000000 2.275088 -0.382159
 1664.000000 2.216115 -0.414411
 1665.000000 2.210776 -0.436553
 1666.000000 2.168789 -0.439655
 1667.000000 2.231276 -0.181293
 1668.000000 2.194839 -0.370372
 1669.000000 2.150080 -0.322934
 1670.000000 2.149490 -0.364058
 1671.000000 2.309305 -0.368635
 1672.000000 2.317327 -0.440448
 1673.000000 2.258300 -0.355800
 1674.000000 2.348953 -0.319123
 1675.000000 2.225636 -0.401969
 1676.000000 2.337184 -0.347116
 1677.000000 2.286494 -0.350099
 1678.000000 2.231839 -0.377516
 1679.000000 2.204814 -0.325182
 1680.000000 2.209988 -0.314179
 1681.000000 2.253407 -0.339925
 1682.000000 2.265025 -0.348051
 1683.000000 2.225099 -0.331753
 1684.000000 2.147254 -0.276546
 1685.000000 2.271059 -0.268168
 1686.000000 2.314799 -0.374711
 1687.000000 2.243698 -0.302024
 1688.000000 2.284835 -0.395183
 1689.000000 2.204030 -0.374169
 1690.000000 2.240762 -0.430508
 1691.000000 2.303411 -0.336045
 1692.000000 2.256369 -0.353803
 1693.000000 2.399466 -0.398266
 1694.000000 2.364414 -0.418074
 1695.000000 2.329823 -0.276287
 1696.000000 2.298385 -0.403677
 1697.000000 2.196154 -0.362034
 1698.000000 2.214948 -0.313652
 1699.000000 2.255527 -0.219151
 1700.000000 2.209885 -0.296167
 1701.000000 2.230209 -0.272772
 1702.000000 2.190672 -0.397269
 1703.000000 2.189956 -0.350815
 1704.000000 2.287366 -0.377529
 1705.000000 2.209943 -0.325586
 1706.000000 2.410001 -0.377605
 1707.000000 2.325117 -0.359260
 1708.000000 2.252313 -0.474062
 1709.000000 2.276030 -0.329535
 1710.000000 2.318341 -0.350540
 1711.000000 2.268280 -0.368671
 1712.000000 2.217205 -0.312569
 1713.000000 2.228200 -0.271370
 1714.000000 2.264814 -0.287430
 1715.000000 2.178860 -0.381483
 1716.000000 2.240729 -0.224952
 1717.000000 2.219181 -0.456226
 1718.000000 2.277588 -0.292390
 1719.000000 2.231094 -0.361305
 1720.000000 2.342921 -0.348548
 1721.000000 2.230068 -0.296263
 1722.000000 2.229370 -0.398462
 1723.000000 2.240842 -0.308747
 1724.000000 2.223747 -0.398568
 1725.000000 2.267873 -0.255187
 1726.000000 2.229946 -0.302894
 1727.000000 2.284206 -0.261584
 1728.000000 2.304212 -0.358969
 1729.000000 2.294931 -0.380744
 1730.000000 2.276723 -0.318061
 1731.000000 2.215777 -0.358260
 1732.000000 2.282521 -0.389743
 1733.000000 2.277403 -0.298239
 1734.000000 2.226397 -0.347995
 1735.000000 2.254960 -0.304861
 1736.000000 2.162344 -0.379505
 1737.000000 2.206783 -0.281497
 1738.000000 2.203508 -0.330295
 1739.000000 2.144894 -0.314568
 1740.000000 2.191060 -0.396781
 1741.000000 2.153618 -0.346636
 1742.000000 2.201148 -0.244978
 1743.000000 2.313820 -0.272114
 1744.000000 2.310936 -0.266139
 1745.000000 2.225928 -0.354964
 1746.000000 2.281397 -0.339393
 1747.000000 2.190360 -0.368102
 1748.000000 2.266553 -0.259853
 1749.000000 2.174990 -0.284656
 1750.000000 2.321153 -0.337767
 1751.000000 2.243262 -0.332615
 1752.000000 2.225551 -0.374934
 1753.000000 2.259168 -0.344636
 1754.000000 2.287231 -0.374869
 1755.000000 2.114314 -0.325055
 1756.000000 2.275527 -0.414881
 1757.000000 2.277754 -0.331659
 1758.000000 2.216919 -0.266401
 1759.000000 2.251328 -0.350320
 1760.000000 2.188076 -0.273393
 1761.000000 2.177533 -0.327517
 1762.000000 2.331020 -0.325859
 1763.000000 2.308770 -0.289954
 1764.000000 2.347417 -0.285513
 1765.000000 2.213609 -0.248513
 1766.000000 2.251851 -0.290351
 1767.000000 2.381102 -0.238231
 1768.000000 2.285552 -0.362571
 1769.000000 2.193765 -0.231883
 1770.000000 2.405095 -0.341878
 1771.000000 2.250009 -0.361468
 1772.000000 2.216849 -0.264026
 1773.000000 2.305404 -0.257098
 1774.000000 2.279068 -0.306212
 1775.000000 2.309613 -0.421047
 1776.000000 2.292773 -0.414846
 1777.000000 2.268665 -0.314944
 1778.000000 2.325652 -0.369305
 1779.000000 2.324350 -0.417437
 1780.000000 2.374685 -0.297875
 1781.000000 2.272071 -0.405725
 1782.000000 2.333604 -0.369737
 1783.000000 2.364544 -0.360326
 1784.000000 2.335717 -0.428155
 1785.000000 2.253443 -0.392806
 1786.000000 2.125224 -0.327241
 1787.000000 2.286813 -0.361138
 1788.000000 2.269620 -0.337627
 1789.000000 2.359424 -0.279936
 1790.000000 2.256177 -0.341207
 1791.000000 2.212433 -0.326163
 1792.000000 2.289829 -0.341487
 1793.000000 2.249670 -0.354891
 1794.000000 2.214799 -0.351372
 1795.000000 2.278217 -0.334525
 1796.000000 2.186405 -0.372180
 1797.000000 2.261533 -0.296461
 1798.000000 2.269383 -0.364092
 1799.000000 2.275692 -0.323593
 1800.000000 2.141798 -0.360830
 1801.000000 2.281673 -0.230476
 1802.000000 2.175254 -0.378388
 1803.000000 2.327106 -0.455318
 1804.000000 2.225234 -0.327134
 1805.000000 2.134022 -0.299898
 1806.000000 2.259958 -0.279989
 1807.000000 2.396655 -0.294073
 1808.000000 2.209486 -0.316758
 1809.000000 2.197543 -0.264875
 1810.000000 2.170099 -0.388912
 1811.000000 2.277330 -0.289163
 1812.000000 2.306788 -0.328520
 1813.000000 2.321452 -0.320746
 1814.000000 2.314708 -0.330891
 1815.000000 2.305315 -0.321888
 1816.000000 2.195401 -0.386425
 1817.000000 2.291965 -0.430740
 1818.000000 2.300629 -0.402249
 1819.000000 2.106562 -0.413940
 1820.000000 2.228103 -0.376689
 1821.000000 2.280078 -0.387825
 1822.000000 2.322505 -0.262063
 1823.000000 2.277800 -0.253562
 1824.000000 2.232324 -0.441740
 1825.000000 2.255301 -0.436586
 1826.000000 2.293598 -0.387114
 1827.000000 2.256707 -0.368852
 1828.000000 2.237233 -0.378172
 1829.000000 2.182421 -0.377112
 1830.000000 2.271205 -0.433898
 1831.000000 2.347866 -0.286610
 1832.000000 2.317366 -0.357719
 1833.000000 2.256606 -0.245409
 1834.000000 2.367376 -0.310435
 1835.000000 2.314105 -0.373898
 1836.000000 2.337066 -0.343837
 1837.000000 2.280307 -0.365735
 1838.000000 2.363480 -0.215453
 1839.000000 2.301586 -0.296567
 1840.000000 2.395495 -0.322290
 1841.000000 2.324993 -0.341517
 1842.000000 2.298702 -0.381379
 1843.000000 2.341009 -0.386780
 1844.000000 2.331753 -0.305075
 1845.000000 2.200487 -0.345251
 1846.000000 2.273360 -0.324768
 1847.000000 2.344063 -0.315640
 1848.000000 2.331720 -0.382158
 1849.000000 2.254165 -0.419037
 1850.000000 2.182131 -0.336053
 1851.000000 2.287569 -0.386925
 1852.000000 2.224302 -0.333088
 1853.000000 2.366672 -0.427942
 1854.000000 2.355242 -0.372675
 1855.000000 2.205268 -0.398790
 1856.000000 2.216401 -0.353588
 1857.000000 2.262942 -0.376554
 1858.000000 2.259736 -0.384102
 1859.000000 2.216071 -0.353457
 1860.000000 2.235658 -0.397960
 1861.000000 2.347622 -0.333501
 1862.000000 2.323406 -0.358512
 1863.000000 2.353488 -0.344833
 1864.000000 2.169879 -0.389733
 1865.000000 2.322253 -0.310865
 1866.000000 2.318474 -0.340248
 1867.000000 2.346705 -0.364488
 1868.000000 2.249601 -0.456501
 1869.000000 2.221524 -0.470577
 1870.000000 2.325128 -0.309994
 1871.000000 2.245965 -0.383495
 1872.000000 2.135734 -0.358568
 1873.000000 2.310254 -0.361173
 1874.000000 2.241889 -0.368558
 1875.000000 2.320952 -0.331518
 1876.000000 2.226960 -0.329478
 1877.000000 2.285598 -0.353563
 1878.000000 2.244482 -0.387771
 1879.000000 2.420169 -0.277871
 1880.000000 2.279831 -0.317544
 1881.000000 2.270472 -0.309646
 1882.000000 2.306782 -0.319703
 1883.000000 2.167342 -0.370137
 1884.000000 2.318584 -0.277021
 1885.000000 2.224796 -0.380238
 1886.000000 2.284518 -0.347375
 1887.000000 2.163927 -0.361490
 1888.000000 2.310515 -0.376172
 1889.000000 2.285783 -0.401022
 1890.000000 2.233113 -0.362548
 1891.000000 2.200746 -0.340795
 1892.000000 2.305504 -0.294866
 1893.000000 2.281422 -0.378006
 1894.000000 2.199339 -0.331512
 1895.000000 2.268703 -0.343425
 1896.000000 2.234221 -0.384451
 1897.000000 2.300499 -0.301146
 1898.000000 2.180257 -0.291754
 1899.000000 2.206930 -0.319565
 1900.000000 2.274931 -0.315839
 1901.000000 2.346040 -0.324475
 1902.000000 2.272688 -0.319609
 1903.000000 2.223378 -0.374723
 1904.000000 2.278770 -0.348793
 1905.000000 2.377033 -0.238714
 1906.000000 2.345134 -0.288438
 1907.000000 2.238795 -0.312793
 1908.000000 2.321386 -0.335845
 1909.000000 2.275322 -0.251598
 1910.000000 2.279237 -0.320012
 1911.000000 2.315085 -0.337174
 1912.000000 2.214930 -0.328645
 1913.000000 2.296002 -0.358267
 1914.000000 2.188516 -0.318341
 1915.000000 2.239135 -0.319357
 1916.000000 2.256207 -0.305075
 1917.000000 2.341475 -0.304927
 1918.000000 2.254340 -0.338723
 1919.000000 2.317719 -0.336187
 1920.000000 2.217484 -0.350292
 1921.000000 2.356734 -0.355218
 1922.000000 2.409325 -0.221445
 1923.000000 2.265058 -0.387928
 1924.000000 2.325432 -0.283347
 1925.000000 2.325537 -0.394912
 1926.000000 2.363499 -0.486709
 1927.000000 2.289700 -0.424336
 1928.000000 2.386786 -0.337702
 1929.000000 2.314034 -0.275363
 1930.000000 2.385364 -0.298976
 1931.000000 2.428365 -0.239481
 1932.000000 2.307943 -0.318796
 1933.000000 2.229474 -0.332022
 1934.000000 2.311059 -0.380001
 1935.000000 2.271392 -0.436001
 1936.000000 2.350556 -0.330475
 1937.000000 2.311162 -0.415362
 1938.000000 2.287003 -0.300745
 1939.000000 2.367143 -0.312818
 1940.000000 2.259869 -0.364036
 1941.000000 2.218179 -0.262080
 1942.000000 2.284444 -0.411539
 1943.000000 2.334503 -0.332689
 1944.000000 2.260520 -0.411267
 1945.000000 2.348407 -0.324185
 1946.000000 2.200972 -0.374163
 1947.000000 2.292981 -0.277869
 1948.000000 2.170728 -0.306797
 1949.000000 2.248359 -0.293734
 1950.000000 2.318549 -0.424249
 1951.000000 2.302505 -0.326151
 1952.000000 2.313051 -0.405680
 1953.000000 2.280918 -0.367581
 1954.000000 2.176178 -0.494518
 1955.000000 2.426421 -0.339503
 1956.000000 2.228690 -0.402614
 1957.000000 2.249907 -0.406914
 1958.000000 2.300360 -0.376584
 1959.000000 2.243587 -0.422905
 1960.000000 2.297642 -0.434015
 1961.000000 2.320340 -0.327412
 1962.000000 2.234412 -0.383390
 1963.000000 2.199663 -0.366284
 1964.000000 2.306439 -0.349891
 1965.000000 2.271834 -0.414716
 1966.000000 2.259969 -0.370923
 1967.000000 2.301364 -0.356924
 1968.000000 2.329221 -0.287529
 1969.000000 2.263063 -0.219519
 1970.000000 2.357272 -0.310612
 1971.000000 2.319771 -0.358248
 1972.000000 2.240025 -0.402673
 1973.000000 2.277290 -0.399289
 1974.000000 2.373836 -0.295905
 1975.000000 2.313967 -0.381818
 1976.000000 2.338074 -0.243403
 1977.000000 2.255569 -0.350407
 1978.000000 2.190273 -0.306506
 1979.000000 2.202166 -0.340285
 1980.000000 2.305958 -0.309295
 1981.000000 2.374574 -0.429183
 1982.000000 2.200755 -0.474108
 1983.000000 2.262820 -0.445011
 1984.000000 2.309986 -0.465069
 1985.000000 2.128901 -0.399211
 1986.000000 2.262838 -0.328792
 1987.000000 2.218894 -0.354228
 1988.000000 2.214947 -0.309311
 1989.000000 2.277078 -0.414873
 1990.000000 2.264349 -0.388150
 1991.000000 2.213429 -0.292725
 1992.000000 2.278978 -0.345708
 1993.000000 2.193726 -0.341726
 1994.000000 2.414372 -0.331945
 1995.000000 2.337355 -0.319588
 1996.000000 2.088355 -0.309664
 1997.000000 2.275784 -0.393513
 1998.000000 2.215980 -0.335631
 1999.000000 2.266886 -0.340801
 2000.000000 2.254660 -0.362264
 2001.000000 2.351168 -0.407618
 2002.000000 2.307303 -0.314874
 2003.000000 2.283425 -0.318423
 2004.000000 2.175065 -0.336444
 2005.000000 2.329986 -0.306281
 2006.000000 2.389281 -0.306787
 2007.000000 2.349416 -0.359017
 2008.000000 2.294924 -0.380390
 2009.000000 2.185543 -0.336102
 2010.000000 2.372104 -0.330719
 2011.000000 2.356356 -0.246913
 2012.000000 2.324228 -0.300092
 2013.000000 2.301785 -0.261914
 2014.000000 2.341033 -0.354908
 2015.000000 2.335852 -0.348097
 2016.000000 2.259618 -0.306995
 2017.000000 2.345430 -0.351158
 2018.000000 2.305485 -0.299119
 2019.000000 2.284710 -0.221050
 2020.000000 2.285889 -0.318786
 2021.000000 2.311666 -0.366140
 2022.000000 2.298332 -0.326523
 2023.000000 2.351252 -0.355091
 2024.000000 2.372849 -0.344230
 2025.000000 2.297889 -0.371210
 2026.000000 2.192483 -0.343139
 2027.000000 2.513934 -0.308232
 2028.000000 2.322473 -0.258299
 2029.000000 2.330899 -0.314532
 2030.000000 2.259456 -0.368368
 2031.000000 2.288728 -0.317678
 2032.000000 2.329959 -0.375335
 2033.000000 2.225680 -0.380037
 2034.000000 2.402278 -0.317970
 2035.000000 2.335733 -0.420322
 2036.000000 2.423899 -0.436045
 2037.000000 2.352579 -0.433165
 2038.000000 2.319842 -0.409899
 2039.000000 2.341128 -0.363024
 2040.000000 2.467506 -0.381306
 2041.000000 2.304659 -0.365140
 2042.000000 2.242591 -0.309482
 2043.000000 2.273445 -0.329110
 2044.000000 2.267804 -0.310341
 2045.000000 2.255887 -0.404953
 2046.000000 2.169650 -0.370839
 2047.000000 2.340283 -0.212783
 2048.000000 2.261977 -0.393062
 2049.000000 2.261317 -0.464189
 2050.000000 2.356475 -0.400053
 2051.000000 2.216112 -0.405167
 2052.000000 2.286384 -0.253484
 2053.000000 2.290765 -0.405346
 2054.000000 2.247322 -0.249201
 2055.000000 2.239169 -0.387990
 2056.000000 2.252267 -0.371008
 2057.000000 2.164200 -0.459213
 2058.000000 2.291420 -0.408673
 2059.000000 2.352827 -0.370908
 2060.000000 2.341981 -0.336795
 2061.000000 2.411611 -0.404933
 2062.000000 2.179659 -0.302710
 2063.000000 2.344062 -0.361166
 2064.000000 2.359545 -0.275058
 2065.000000 2.335092 -0.357929
 2066.000000 2.247166 -0.327347
 2067.000000 2.397548 -0.378488
 2068.000000 2.212115 -0.284615
 2069.000000 2.318371 -0.358844
 2070.000000 2.296437 -0.430237
 2071.000000 2.289885 -0.300939
 2072.000000 2.328266 -0.429939
 2073.000000 2.276011 -0.453511
 2074.000000 2.319491 -0.443678
 2075.000000 2.291080 -0.435795
 2076.000000 2.295711 -0.385671
 2077.000000 2.238714 -0.394584
 2078.000000 2.234994 -0.394441
 2079.000000 2.257754 -0.396938
 2080.000000 2.275465 -0.300252
 2081.000000 2.272579 -0.431528
 2082.000000 2.214509 -0.349332
 2083.000000 2.368000 -0.362633
 2084.000000 2.328496 -0.410361
 2085.000000 2.278682 -0.484389
 2086.000000 2.259282 -0.451884
 2087.000000 2.288205 -0.350733
 2088.000000 2.272531 -0.442473
 2089.000000 2.345304 -0.318391
 2090.000000 2.295311 -0.458391
 2091.000000 2.259922 -0.423499
 2092.000000 2.280687 -0.419292
 2093.000000 2.259793 -0.496095
 2094.000000 2.240436 -0.307941
 2095.000000 2.158432 -0.291719
 2096.000000 2.285290 -0.436644
 2097.000000 2.217516 -0.336489
 2098.000000 2.385063 -0.356924
 2099.000000 2.283386 -0.302265
 2100.000000 2.272193 -0.355501
 2101.000000 2.259889 -0.381608
 2102.000000 2.334967 -0.286536
 2103.000000 2.182391 -0.247201
 2104.000000 2.180420 -0.372095
 2105.000000 2.314323 -0.361199
 2106.000000 2.312572 -0.430839
 2107.000000 2.262720 -0.398162
 2108.000000 2.262882 -0.451563
 2109.000000 2.204992 -0.358999
 2110.000000 2.330897 -0.406354
 2111.000000 2.246112 -0.390605
 2112.000000 2.165788 -0.346463
 2113.000000 2.175177 -0.321523
 2114.000000 2.218070 -0.316088
 2115.000000 2.222717 -0.446496
 2116.000000 2.301830 -0.405120
 2117.000000 2.210888 -0.331124
 2118.000000 2.190847 -0.344999
 2119.000000 2.179090 -0.372571
 2120.000000 2.212754 -0.410104
 2121.000000 2.232068 -0.328603
 2122.000000 2.204689 -0.269575
 2123.000000 2.237750 -0.330717
 2124.000000 2.300555 -0.395075
 2125.000000 2.197859 -0.251084
 2126.000000 2.247071 -0.297998
 2127.000000 2.300004 -0.286567
 2128.000000 2.395886 -0.315354
 2129.000000 2.193353 -0.355789
 2130.000000 2.233165 -0.278018
 2131.000000 2.207575 -0.354539
 2132.000000 2.199824 -0.434902
 2133.000000 2.283667 -0.313466
 2134.000000 2.229832 -0.363481
 2135.000000 2.148681 -0.384101
 2136.000000 2.136742 -0.339526
 2137.000000 2.306897 -0.319263
 2138.000000 2.223562 -0.254273
 2139.000000 2.313535 -0.349938
 2140.000000 2.159235 -0.384224
 2141.000000 2.215547 -0.386392
 2142.000000 2.145988 -0.292407
 2143.000000 2.303547 -0.296275
 2144.000000 2.260706 -0.374543
 2145.000000 2.219223 -0.376867
 2146.000000 2.253447 -0.448453
 2147.000000 2.322428 -0.285989
 2148.000000 2.233664 -0.301447
 2149.000000 2.201434 -0.396735
 2150.000000 2.336388 -0.316758
 2151.000000 2.295893 -0.260388
 2152.000000 2.174788 -0.521173
 2153.000000 2.376109 -0.339561
 2154.000000 2.239919 -0.280901
 2155.000000 2.195752 -0.355419
 2156.000000 2.316465 -0.316043
 2157.000000 2.305122 -0.358070
 2158.000000 2.239181 -0.421956
 2159.000000 2.328667 -0.379266
 2160.000000 2.367104 -0.345864
 2161.000000 2.149320 -0.374407
 2162.000000 2.351685 -0.378082
 2163.000000 2.374674 -0.358753
 2164.000000 2.197212 -0.287478
 2165.000000 2.264668 -0.306984
 2166.000000 2.300901 -0.401004
 2167.000000 2.372533 -0.363957
 2168.000000 2.293564 -0.305434
 2169.000000 2.317238 -0.302541
 2170.000000 2.318804 -0.261552
 2171.000000 2.204382 -0.347083
 2172.000000 2.280802 -0.268309
 2173.000000 2.374633 -0.329411
 2174.000000 2.223642 -0.271338
 2175.000000 2.276652 -0.312688
 2176.000000 2.295950 -0.336140
 2177.000000 2.411089 -0.357706
 2178.000000 2.231037 -0.329774
 2179.000000 2.411062 -0.373545
 2180.000000 2.248663 -0.331539
 2181.000000 2.259118 -0.357964
 2182.000000 2.338307 -0.254283
 2183.000000 2.299883 -0.268507
 2184.000000 2.159838 -0.332628
 2185.000000 2.209898 -0.423033
 2186.000000 2.260744 -0.347505
 2187.000000 2.281284 -0.382677
 2188.000000 2.176889 -0.240793
 2189.000000 2.243042 -0.392535
 2190.000000 2.269950 -0.322109
 2191.000000 2.253736 -0.351436
 2192.000000 2.248619 -0.380920
 2193.000000 2.192073 -0.312663
 2194.000000 2.379628 -0.455574
 2195.000000 2.163241 -0.335888
 2196.000000 2.208826 -0.393273
 2197.000000 2.266172 -0.328429
 2198.000000 2.217445 -0.373410
 2199.000000 2.241323 -0.350831
 2200.000000 2.189320 -0.318544
 2201.000000 2.238667 -0.349790
 2202.000000 2.175822 -0.375673
 2203.000000 2.179528 -0.368300
 2204.000000 2.267155 -0.348747
 2205.000000 2.285114 -0.354182
 2206.000000 2.255384 -0.361432
 2207.000000 2.270213 -0.359985
 2208.000000 2.361348 -0.384388
 2209.000000 2.376896 -0.366273
 2210.000000 2.226883 -0.312489
 2211.000000 2.253592 -0.247160
 2212.000000 2.210751 -0.350279
 2213.000000 2.142487 -0.408808
 2214.000000 2.240409 -0.276026
 2215.000000 2.262976 -0.339952
 2216.000000 2.124507 -0.373891
 2217.000000 2.156864 -0.368135
 2218.000000 2.246320 -0.295714
 2219.000000 2.249659 -0.357393
 2220.000000 2.066422 -0.319973
 2221.000000 2.359768 -0.372960
 2222.000000 2.202690 -0.412285
 2223.000000 2.198856 -0.387451
 2224.000000 2.208995 -0.402198
 2225.000000 2.106550 -0.449839
 2226.000000 2.291133 -0.350453
 2227.000000 2.224384 -0.384871
 2228.000000 2.306282 -0.399694
 2229.000000 2.183063 -0.351984
 2230.000000 2.296485 -0.329971
 2231.000000 2.202983 -0.368213
 2232.000000 2.268485 -0.383977
 2233.000000 2.271991 -0.323417
 2234.000000 2.155088 -0.377154
 2235.000000 2.170615 -0.415692
 2236.000000 2.250126 -0.393796
 2237.000000 2.268711 -0.347523
 2238.000000 2.319967 -0.354043
 2239.000000 2.161226 -0.356645
 2240.000000 2.293849 -0.298023
 2241.000000 2.164514 -0.484481
 2242.000000 2.256165 -0.408882
 2243.000000 2.249257 -0.382967
 2244.000000 2.235904 -0.377695
 2245.000000 2.256927 -0.377891
 2246.000000 2.224610 -0.311757
 2247.000000 2.217071 -0.337567
 2248.000000 2.312029 -0.369457
 2249.000000 2.301235 -0.405558
 2250.000000 2.262290 -0.354011
 2251.000000 2.224317 -0.378254
 2252.000000 2.297218 -0.441037
 2253.000000 2.146504 -0.421645
 2254.000000 2.148655 -0.428873
 2255.000000 2.217055 -0.330500
 2256.000000 2.170429 -0.372270
 2257.000000 2.214673 -0.359014
 2258.000000 2.244418 -0.409071
 2259.000000 2.391551 -0.401444
 2260.000000 2.406404 -0.370453
 2261.000000 2.289281 -0.233960
 2262.000000 2.174225 -0.294014
 2263.000000 2.220193 -0.385914
 2264.000000 2.184267 -0.502149
 2265.000000 2.137616 -0.320324
 2266.000000 2.339869 -0.343094
 2267.000000 2.263318 -0.357862
 2268.000000 2.173602 -0.299422
 2269.000000 2.297697 -0.287113
 2270.000000 2.291116 -0.303461
 2271.000000 2.278694 -0.277495
 2272.000000 2.262260 -0.287030
 2273.000000 2.317678 -0.293951
 2274.000000 2.232161 -0.306206
 2275.000000 2.214261 -0.407420
 2276.000000 2.217591 -0.315668
 2277.000000 2.170561 -0.347149
 2278.000000 2.262305 -0.329108
 2279.000000 2.202937 -0.307361
 2280.000000 2.279901 -0.350269
 2281.000000 2.089483 -0.367567
 2282.000000 2.234936 -0.317711
 2283.000000 2.213793 -0.260631
 2284.000000 2.127551 -0.297870
 2285.000000 2.234372 -0.303381
 2286.000000 2.216635 -0.325372
 2287.000000 2.187636 -0.279819
 2288.000000 2.178771 -0.313226
 2289.000000 2.209462 -0.343794
 2290.000000 2.353097 -0.308306
 2291.000000 2.326560 -0.364562
 2292.000000 2.310583 -0.467548
 2293.000000 2.325569 -0.423061
 2294.000000 2.265410 -0.476812
 2295.000000 2.329254 -0.299066
 2296.000000 2.266684 -0.373545
 2297.000000 2.231931 -0.385348
 2298.000000 2.244824 -0.363845
 2299.000000 2.209756 -0.373915
 2300.000000 2.212044 -0.349975
 2301.000000 2.298319 -0.380180
 2302.000000 2.366511 -0.430827
 2303.000000 2.354790 -0.286940
 2304.000000 2.215987 -0.296541
 2305.000000 2.224297 -0.261950
 2306.000000 2.148171 -0.221897
 2307.000000 2.233628 -0.334662
 2308.000000 2.253540 -0.243093
 2309.000000 2.285985 -0.226178
 2310.000000 2.258084 -0.237364
 2311.000000 2.169904 -0.365207
 2312.000000 2.211218 -0.230633
 2313.000000 2.136560 -0.397337
 2314.000000 2.238416 -0.364286
 2315.000000 2.297725 -0.377224
 2316.000000 2.243906 -0.303678
 2317.000000 2.243284 -0.356859
 2318.000000 2.278001 -0.287007
 2319.000000 2.224973 -0.350604
 2320.000000 2.300570 -0.398495
 2321.000000 2.249176 -0.334134
 2322.000000 2.271205 -0.384890
 2323.000000 2.330578 -0.285690
 2324.000000 2.221974 -0.383821
 2325.000000 2.248568 -0.347599
 2326.000000 2.267446 -0.363177
 2327.000000 2.240592 -0.306239
 2328.000000 2.269070 -0.359371
 2329.000000 2.291384 -0.351910
 2330.000000 2.252346 -0.197064
 2331.000000 2.241725 -0.404462
 2332.000000 2.259824 -0.375930
 2333.000000 2.183627 -0.332730
 2334.000000 2.373679 -0.329469
 2335.000000 2.272436 -0.350824
 2336.000000 2.297856 -0.211809
 2337.000000 2.192791 -0.305027
 2338.000000 2.254166 -0.255875
 2339.000000 2.319592 -0.221240
 2340.000000 2.198235 -0.315079
 2341.000000 2.176100 -0.283210
 2342.000000 2.298551 -0.333584
 2343.000000 2.233641 -0.301151
 2344.000000 2.410536 -0.197810
 2345.000000 2.210272 -0.335637
 2346.000000 2.260729 -0.331206
 2347.000000 2.159621 -0.248071
 2348.000000 2.238626 -0.317700
 2349.000000 2.243980 -0.333477
 2350.000000 2.177965 -0.370143
 2351.000000 2.212768 -0.256845
 2352.000000 2.313321 -0.223789
 2353.000000 2.327981 -0.202958
 2354.000000 2.274108 -0.188254
 2355.000000 2.253575 -0.349197
 2356.000000 2.300218 -0.285826
 2357.000000 2.242730 -0.274854
 2358.000000 2.293447 -0.248090
 2359.000000 2.213597 -0.336173
 2360.000000 2.232451 -0.303094
 2361.000000 2.235548 -0.317860
 2362.000000 2.276466 -0.360642
 2363.000000 2.240935 -0.309929
 2364.000000 2.210329 -0.305106
 2365.000000 2.294292 -0.304320
 2366.000000 2.206961 -0.381417
 2367.000000 2.338259 -0.306617
 2368.000000 2.271249 -0.293232
 2369.000000 2.273171 -0.332889
 2370.000000 2.338836 -0.338744
 2371.000000 2.235952 -0.312837
 2372.000000 2.223727 -0.326784
 2373.000000 2.251134 -0.290525
 2374.000000 2.243171 -0.257730
 2375.000000 2.178091 -0.276353
 2376.000000 2.328928 -0.325243
 2377.000000 2.165921 -0.353834
 2378.000000 2.231989 -0.307727
 2379.000000 2.308007 -0.381626
 2380.000000 2.208046 -0.338985
 2381.000000 2.329216 -0.425034
 2382.000000 2.248859 -0.344382
 2383.000000 2.369614 -0.304632
 2384.000000 2.247348 -0.398352
 2385.000000 2.316033 -0.352388
 2386.000000 2.165170 -0.364052
 2387.000000 2.322126 -0.340561
 2388.000000 2.292340 -0.372004
 2389.000000 2.297773 -0.431440
 2390.000000 2.235108 -0.374153
 2391.000000 2.222475 -0.394225
 2392.000000 2.145060 -0.417061
 2393.000000 2.250739 -0.353953
 2394.000000 2.171129 -0.325693
 2395.000000 2.222311 -0.336408
 2396.000000 2.381624 -0.311972
 2397.000000 2.344315 -0.229044
 2398.000000 2.207054 -0.222855
 2399.000000 2.282969 -0.324219
 2400.000000 2.206954 -0.386188
 2401.000000 2.335169 -0.348550
 2402.000000 2.265111 -0.410397
 2403.000000 2.313168 -0.437584
 2404.000000 2.279887 -0.459794
 2405.000000 2.408401 -0.376146
 2406.000000 2.352579 -0.361597
 2407.000000 2.209083 -0.367833
 2408.000000 2.255384 -0.319220
 2409.000000 2.260678 -0.372759
 2410.000000 2.137121 -0.389227
 2411.000000 2.140401 -0.260481
 2412.000000 2.170899 -0.238289
 2413.000000 2.289393 -0.400877
 2414.000000 2.353509 -0.327157
 2415.000000 2.374848 -0.454505
 2416.000000 2.360874 -0.415907
 2417.000000 2.151411 -0.345312
 2418.000000 2.345633 -0.333161
 2419.000000 2.187638 -0.336833
 2420.000000 2.255600 -0.363570
 2421.000000 2.349040 -0.223769
 2422.000000 2.342708 -0.381189
 2423.000000 2.297172 -0.400368
 2424.000000 2.257751 -0.387424
 2425.000000 2.196327 -0.377134
 2426.000000 2.340576 -0.369101
 2427.000000 2.229336 -0.289059
 2428.000000 2.318013 -0.359234
 2429.000000 2.228670 -0.381992
 2430.000000 2.182498 -0.393766
 2431.000000 2.235200 -0.423328
 2432.000000 2.284310 -0.369098
 2433.000000 2.204408 -0.384322
 2434.000000 2.250478 -0.401832
 2435.000000 2.161320 -0.321975
 2436.000000 2.297951 -0.302418
 2437.000000 2.298414 -0.377951
 2438.000000 2.206314 -0.282563
 2439.000000 2.241873 -0.376003
 2440.000000 2.297637 -0.333907
 2441.000000 2.340942 -0.342957
 2442.000000 2.398410 -0.315904
 2443.000000 2.258848 -0.278747
 2444.000000 2.339875 -0.303126
 2445.000000 2.219366 -0.388300
 2446.000000 2.430699 -0.336316
 2447.000000 2.226684 -0.344469
 2448.000000 2.344097 -0.386616
 2449.000000 2.221647 -0.242199
 2450.000000 2.243405 -0.334273
 2451.000000 2.324977 -0.388644
 2452.000000 2.234874 -0.405739
 2453.000000 2.219237 -0.384845
 2454.000000 2.355615 -0.390803
 2455.000000 2.272610 -0.273282
 2456.000000 2.251382 -0.409163
 2457.000000 2.154332 -0.422938
 2458.000000 2.295535 -0.340059
 2459.000000 2.303288 -0.377599
 2460.000000 2.326238 -0.349141
 2461.000000 2.139960 -0.321942
 2462.000000 2.287891 -0.373284
 2463.000000 2.321547 -0.330879
 2464.000000 2.319786 -0.410243
 2465.000000 2.215166 -0.425734
 2466.000000 2.250861 -0.331620
 2467.000000 2.315289 -0.272138
 2468.000000 2.375064 -0.339263
 2469.000000 2.353428 -0.352431
 2470.000000 2.344604 -0.416945
 2471.000000 2.375713 -0.356297
 2472.000000 2.283145 -0.265999
 2473.000000 2.294405 -0.288013
 2474.000000 2.324143 -0.325026
 2475.000000 2.142392 -0.312610
 2476.000000 2.211471 -0.267380
 2477.000000 2.307436 -0.297453
 2478.000000 2.221178 -0.328843
 2479.000000 2.293798 -0.314657
 2480.000000 2.251247 -0.236589
 2481.000000 2.275314 -0.349618
 2482.000000 2.322110 -0.425285
 2483.000000 2.352446 -0.355251
 2484.000000 2.470167 -0.298652
 2485.000000 2.126970 -0.427659
 2486.000000 2.219311 -0.341093
 2487.000000 2.255830 -0.267315
 2488.000000 2.377754 -0.352858
 2489.000000 2.275239 -0.407895
 2490.000000 2.385929 -0.322713
 2491.000000 2.276094 -0.354244
 2492.000000 2.299072 -0.345633
 2493.000000 2.269084 -0.344664
 2494.000000 2.309103 -0.350704
 2495.000000 2.369227 -0.317773
 2496.000000 2.270856 -0.327821
 2497.000000 2.203380 -0.315719
 2498.000000 2.228120 -0.427351
 2499.000000 2.229856 -0.456514
 2500.000000 2.231758 -0.294918
