#! FIELDS time pd_137_140 diff
 0.000000 1.949705 1.107736
 1.000000 1.694481 0.891465
 2.000000 1.648726 0.904426
 3.000000 1.749308 0.791361
 4.000000 1.765500 0.835321
 5.000000 1.709152 0.921264
 6.000000 1.763055 0.739461
 7.000000 1.723453 0.796702
 8.000000 1.735363 0.732827
 9.000000 1.772101 0.868793
 10.000000 1.706565 0.899640
 11.000000 1.777203 0.749271
 12.000000 1.817115 0.762957
 13.000000 1.743541 0.773716
 14.000000 1.757354 0.811099
 15.000000 1.718966 0.720991
 16.000000 1.670163 0.720088
 17.000000 1.721732 0.861849
 18.000000 1.806613 0.875323
 19.000000 1.737550 0.796551
 20.000000 1.733256 0.821176
 21.000000 1.818655 0.771228
 22.000000 1.658236 0.767462
 23.000000 1.835313 0.757901
 24.000000 1.715593 0.767086
 25.000000 1.754851 0.805144
 26.000000 1.783597 0.801056
 27.000000 1.692788 0.794299
 28.000000 1.735493 0.737180
 29.000000 1.806052 0.851277
 30.000000 1.661277 0.813273
 31.000000 1.667284 0.810036
 32.000000 1.722374 0.793061
 33.000000 1.742938 0.775765
 34.000000 1.776863 0.711996
 35.000000 1.672965 0.779891
 36.000000 1.692819 0.836753
 37.000000 1.752528 0.735787
 38.000000 1.705302 0.728411
 39.000000 1.751167 0.725353
 40.000000 1.776099 0.685652
 41.000000 1.708385 0.720920
 42.000000 1.756433 0.692748
 43.000000 1.679265 0.692645
 44.000000 1.764334 0.756399
 45.000000 1.760973 0.728991
 46.000000 1.714360 0.747461
 47.000000 1.669090 0.772872
 48.000000 1.620105 0.705462
 49.000000 1.820668 0.695379
 50.000000 1.603313 0.766520
 51.000000 1.834653 0.771300
 52.000000 1.674260 0.778230
 53.000000 1.650892 0.780689
 54.000000 1.631392 0.708635
 55.000000 1.762591 0.841642
 56.000000 1.742792 0.783987
 57.000000 1.667831 0.758301
 58.000000 1.713519 0.772213
 59.000000 1.632484 0.685439
 60.000000 1.673306 0.830195
 61.000000 1.658250 0.661364
 62.000000 1.671033 0.729057
 63.000000 1.671395 0.665735
 64.000000 1.621050 0.662034
 65.000000 1.650930 0.729051
 66.000000 1.576241 0.688680
 67.000000 1.737100 0.711853
 68.000000 1.728544 0.754218
 69.000000 1.733914 0.796962
 70.000000 1.825941 0.689942
 71.000000 1.745385 0.800557
 72.000000 1.639637 0.788769
 73.000000 1.706447 0.754938
 74.000000 1.678700 0.716806
 75.000000 1.745484 0.689499
 76.000000 1.574248 0.804232
 77.000000 1.594578 0.732877
 78.000000 1.703515 0.740899
 79.000000 1.689465 0.796047
 80.000000 1.782602 0.728540
 81.000000 1.610331 0.730887
 82.000000 1.711836 0.756562
 83.000000 1.700273 0.702880
 84.000000 1.659904 0.638607
 85.000000 1.699339 0.668177
 86.000000 1.638994 0.668561
 87.000000 1.588885 0.746848
 88.000000 1.698962 0.783357
 89.000000 1.721650 0.809138
 90.000000 1.847732 0.823869
 91.000000 1.812251 0.879483
 92.000000 1.783421 0.876235
 93.000000 1.710485 0.740337
 94.000000 1.779888 0.856762
 95.000000 1.677843 0.731523
 96.000000 1.637943 0.685760
 97.000000 1.586791 0.741435
 98.000000 1.631473 0.754666
 99.000000 1.793819 0.670146
 100.000000 1.763765 0.634691
 101.000000 1.710450 0.718158
 102.000000 1.706636 0.687654
 103.000000 1.746748 0.659526
 104.000000 1.657948 0.824202
 105.000000 1.738925 0.730895
 106.000000 1.693454 0.808441
 107.000000 1.713940 0.677841
 108.000000 1.674836 0.690181
 109.000000 1.694368 0.678130
 110.000000 1.686834 0.745589
 111.000000 1.749013 0.832772
 112.000000 1.650558 0.741993
 113.000000 1.760315 0.738971
 114.000000 1.675835 0.690352
 115.000000 1.785051 0.767638
 116.000000 1.667633 0.734242
 117.000000 1.781945 0.774985
 118.000000 1.642249 0.768740
 119.000000 1.727878 0.648979
 120.000000 1.808184 0.713483
 121.000000 1.758474 0.757883
 122.000000 1.679263 0.719310
 123.000000 1.786960 0.782194
 124.000000 1.723991 0.643246
 125.000000 1.732194 0.672250
 126.000000 1.721472 0.724995
 127.000000 1.824102 0.709130
 128.000000 1.750698 0.759525
 129.000000 1.729172 0.687651
 130.000000 1.786571 0.774853
 131.000000 1.747000 0.791533
 132.000000 1.763140 0.723669
 133.000000 1.774089 0.765846
 134.000000 1.705513 0.772474
 135.000000 1.730775 0.758603
 136.000000 1.840309 0.755323
 137.000000 1.762163 0.695085
 138.000000 1.785419 0.682811
 139.000000 1.727795 0.810220
 140.000000 1.639042 0.783737
 141.000000 1.826847 0.688520
 142.000000 1.727870 0.766394
 143.000000 1.738851 0.694731
 144.000000 1.705805 0.668537
 145.000000 1.672753 0.733241
 146.000000 1.748539 0.764767
 147.000000 1.761924 0.687175
 148.000000 1.653323 0.704863
 149.000000 1.719848 0.658514
 150.000000 1.730809 0.661716
 151.000000 1.768934 0.757347
 152.000000 1.829312 0.732858
 153.000000 1.727923 0.753011
 154.000000 1.638402 0.724387
 155.000000 1.599666 0.670020
 156.000000 1.608284 0.729771
 157.000000 1.701513 0.723971
 158.000000 1.633833 0.728043
 159.000000 1.690213 0.664013
 160.000000 1.759169 0.757914
 161.000000 1.736524 0.849751
 162.000000 1.667922 0.703294
 163.000000 1.693138 0.680913
 164.000000 1.694949 0.730566
 165.000000 1.677833 0.736277
 166.000000 1.803644 0.805915
 167.000000 1.774029 0.734276
 168.000000 1.797163 0.723513
 169.000000 1.693866 0.722086
 170.000000 1.668928 0.778686
 171.000000 1.773146 0.741736
 172.000000 1.800819 0.837422
 173.000000 1.683380 0.745963
 174.000000 1.655156 0.732451
 175.000000 1.688939 0.785646
 176.000000 1.625813 0.793001
 177.000000 1.739919 0.753290
 178.000000 1.626943 0.751586
 179.000000 1.720720 0.728988
 180.000000 1.716504 0.694519
 181.000000 1.586817 0.781955
 182.000000 1.676440 0.714469
 183.000000 1.653934 0.720521
 184.000000 1.702510 0.682427
 185.000000 1.666262 0.759508
 186.000000 1.673355 0.755433
 187.000000 1.674519 0.712444
 188.000000 1.756025 0.780091
 189.000000 1.700908 0.734982
 190.000000 1.745260 0.737550
 191.000000 1.779983 0.702701
 192.000000 1.711343 0.752223
 193.000000 1.760797 0.703830
 194.000000 1.702862 0.806628
 195.000000 1.640113 0.777552
 196.000000 1.528981 0.885218
 197.000000 1.690466 0.768745
 198.000000 1.715049 0.819103
 199.000000 1.662961 0.745708
 200.000000 1.800809 0.849432
 201.000000 1.730015 0.702489
 202.000000 1.720118 0.742874
 203.000000 1.758825 0.737262
 204.000000 1.640311 0.741434
 205.000000 1.704386 0.703536
 206.000000 1.602966 0.728526
 207.000000 1.700173 0.794305
 208.000000 1.676037 0.846831
 209.000000 1.745419 0.812831
 210.000000 1.682004 0.725427
 211.000000 1.668305 0.739411
 212.000000 1.694389 0.708857
 213.000000 1.609071 0.759078
 214.000000 1.601464 0.735472
 215.000000 1.614805 0.771756
 216.000000 1.735584 0.796283
 217.000000 1.683962 0.788826
 218.000000 1.663723 0.794965
 219.000000 1.685201 0.731041
 220.000000 1.734494 0.807168
 221.000000 1.709391 0.817403
 222.000000 1.719770 0.762483
 223.000000 1.613526 0.831172
 224.000000 1.763037 0.838708
 225.000000 1.633456 0.851835
 226.000000 1.755791 0.845737
 227.000000 1.671961 0.811739
 228.000000 1.766861 0.777085
 229.000000 1.682781 0.885737
 230.000000 1.584218 0.845778
 231.000000 1.785644 0.822234
 232.000000 1.780207 0.818569
 233.000000 1.770531 0.959204
 234.000000 1.760794 0.845352
 235.000000 1.717756 0.814997
 236.000000 1.768125 0.864290
 237.000000 1.656247 0.804818
 238.000000 1.755455 0.760218
 239.000000 1.874916 0.770800
 240.000000 1.758383 0.855274
 241.000000 1.722475 0.810714
 242.000000 1.717820 0.842335
 243.000000 1.697273 0.809287
 244.000000 1.732898 0.790782
 245.000000 1.754505 0.792576
 246.000000 1.674628 0.750400
 247.000000 1.714456 0.742986
 248.000000 1.730605 0.719395
 249.000000 1.638937 0.770592
 250.000000 1.724939 0.833637
 251.000000 1.760170 0.768966
 252.000000 1.730125 0.775099
 253.000000 1.709051 0.767993
 254.000000 1.749820 0.797181
 255.000000 1.756928 0.781223
 256.000000 1.756864 0.726738
 257.000000 1.761152 0.708389
 258.000000 1.820785 0.828684
 259.000000 1.801179 0.863652
 260.000000 1.731502 0.876761
 261.000000 1.691250 0.956802
 262.000000 1.820466 0.795376
 263.000000 1.752899 0.821337
 264.000000 1.785693 0.851062
 265.000000 1.706361 0.781231
 266.000000 1.641057 0.836835
 267.000000 1.730202 0.779583
 268.000000 1.696755 0.833434
 269.000000 1.768079 0.681131
 270.000000 1.804466 0.766679
 271.000000 1.577691 0.758139
 272.000000 1.666894 0.764489
 273.000000 1.779745 0.849010
 274.000000 1.705770 0.777718
 275.000000 1.723809 0.814073
 276.000000 1.638582 0.771106
 277.000000 1.737054 0.853979
 278.000000 1.691778 0.798600
 279.000000 1.740290 0.803663
 280.000000 1.842676 0.799475
 281.000000 1.718965 0.903107
 282.000000 1.632547 0.782690
 283.000000 1.726478 0.900771
 284.000000 1.666025 0.894377
 285.000000 1.666132 0.870715
 286.000000 1.610989 0.842824
 287.000000 1.745465 0.778439
 288.000000 1.701625 0.854536
 289.000000 1.707465 0.779616
 290.000000 1.791293 0.898991
 291.000000 1.701373 0.843800
 292.000000 1.676193 0.836977
 293.000000 1.707037 0.769762
 294.000000 1.766613 0.787975
 295.000000 1.741483 0.780445
 296.000000 1.775318 0.762966
 297.000000 1.634801 0.828746
 298.000000 1.775951 0.772061
 299.000000 1.759851 0.819307
 300.000000 1.782923 0.862293
 301.000000 1.770606 0.811734
 302.000000 1.685643 0.684798
 303.000000 1.757111 0.703840
 304.000000 1.759287 0.715184
 305.000000 1.751071 0.730165
 306.000000 1.738943 0.771589
 307.000000 1.807767 0.749373
 308.000000 1.769801 0.788321
 309.000000 1.835310 0.784070
 310.000000 1.694926 0.763982
 311.000000 1.731034 0.691328
 312.000000 1.729301 0.792854
 313.000000 1.840726 0.783118
 314.000000 1.736960 0.707787
 315.000000 1.700159 0.709678
 316.000000 1.687437 0.673847
 317.000000 1.635049 0.874263
 318.000000 1.605902 0.857029
 319.000000 1.724077 0.701814
 320.000000 1.668301 0.760660
 321.000000 1.725880 0.718721
 322.000000 1.745513 0.817391
 323.000000 1.710817 0.815657
 324.000000 1.784418 0.762340
 325.000000 1.642686 0.738750
 326.000000 1.604054 0.779470
 327.000000 1.725946 0.797525
 328.000000 1.749449 0.872582
 329.000000 1.743506 0.786630
 330.000000 1.824361 0.730542
 331.000000 1.690991 0.704000
 332.000000 1.728249 0.741660
 333.000000 1.724904 0.775133
 334.000000 1.731165 0.771976
 335.000000 1.818988 0.724201
 336.000000 1.718777 0.754238
 337.000000 1.841472 0.726455
 338.000000 1.690964 0.767790
 339.000000 1.716862 0.857328
 340.000000 1.804751 0.808185
 341.000000 1.690109 0.748943
 342.000000 1.673332 0.787541
 343.000000 1.713320 0.788972
 344.000000 1.679884 0.806776
 345.000000 1.750637 0.814929
 346.000000 1.697251 0.709292
 347.000000 1.681652 0.741696
 348.000000 1.670851 0.765521
 349.000000 1.730670 0.758756
 350.000000 1.839895 0.754495
 351.000000 1.642135 0.669236
 352.000000 1.736924 0.789050
 353.000000 1.710353 0.787704
 354.000000 1.637854 0.776475
 355.000000 1.715614 0.809238
 356.000000 1.727786 0.790953
 357.000000 1.666628 0.864654
 358.000000 1.798957 0.795352
 359.000000 1.704645 0.829649
 360.000000 1.724426 0.848752
 361.000000 1.695130 0.806370
 362.000000 1.682692 0.805266
 363.000000 1.626442 0.804144
 364.000000 1.708150 0.701114
 365.000000 1.653314 0.806895
 366.000000 1.807321 0.829639
 367.000000 1.751001 0.862109
 368.000000 1.689342 0.792822
 369.000000 1.821244 0.797820
 370.000000 1.685957 0.834973
 371.000000 1.718975 0.813854
 372.000000 1.721005 0.786442
 373.000000 1.748726 0.705468
 374.000000 1.712669 0.782548
 375.000000 1.761390 0.791425
 376.000000 1.734188 0.788450
 377.000000 1.744814 0.783552
 378.000000 1.643216 0.721239
 379.000000 1.748565 0.811905
 380.000000 1.742662 0.747028
 381.000000 1.708827 0.755268
 382.000000 1.725184 0.767017
 383.000000 1.700814 0.720653
 384.000000 1.733326 0.801756
 385.000000 1.513681 0.796467
 386.000000 1.719138 0.788615
 387.000000 1.738618 0.704854
 388.000000 1.714522 0.840158
 389.000000 1.646978 0.749628
 390.000000 1.798973 0.712521
 391.000000 1.541732 0.697322
 392.000000 1.651610 0.699057
 393.000000 1.869192 0.733158
 394.000000 1.687367 0.680929
 395.000000 1.805923 0.774859
 396.000000 1.719000 0.811389
 397.000000 1.751478 0.770531
 398.000000 1.760196 0.802639
 399.000000 1.727354 0.738717
 400.000000 1.714967 0.804052
 401.000000 1.721037 0.756165
 402.000000 1.761951 0.782077
 403.000000 1.725879 0.714909
 404.000000 1.635778 0.826206
 405.000000 1.591301 0.742472
 406.000000 1.677235 0.765167
 407.000000 1.664509 0.774837
 408.000000 1.720646 0.629325
 409.000000 1.633835 0.787192
 410.000000 1.731891 0.814183
 411.000000 1.734504 0.774413
 412.000000 1.749918 0.715334
 413.000000 1.831711 0.845054
 414.000000 1.737280 0.796022
 415.000000 1.681505 0.742545
 416.000000 1.734063 0.715839
 417.000000 1.628391 0.707088
 418.000000 1.609016 0.702835
 419.000000 1.605582 0.781489
 420.000000 1.693373 0.766435
 421.000000 1.677588 0.814496
 422.000000 1.762093 0.779783
 423.000000 1.788739 0.661190
 424.000000 1.730900 0.814107
 425.000000 1.664319 0.740179
 426.000000 1.761837 0.632405
 427.000000 1.771889 0.754753
 428.000000 1.599915 0.770974
 429.000000 1.624075 0.863359
 430.000000 1.743901 0.849718
 431.000000 1.607161 0.817966
 432.000000 1.626733 0.807115
 433.000000 1.752603 0.739130
 434.000000 1.719855 0.778551
 435.000000 1.737930 0.750182
 436.000000 1.702008 0.746557
 437.000000 1.721319 0.771086
 438.000000 1.656289 0.780337
 439.000000 1.740566 0.789912
 440.000000 1.659342 0.782564
 441.000000 1.603664 0.768239
 442.000000 1.667671 0.802446
 443.000000 1.659848 0.783279
 444.000000 1.663908 0.759574
 445.000000 1.687634 0.891434
 446.000000 1.775746 0.755523
 447.000000 1.727553 0.724035
 448.000000 1.750785 0.785402
 449.000000 1.677817 0.790309
 450.000000 1.816867 0.755400
 451.000000 1.648735 0.729528
 452.000000 1.648102 0.781077
 453.000000 1.629615 0.796762
 454.000000 1.734747 0.864747
 455.000000 1.605983 0.766295
 456.000000 1.606064 0.712091
 457.000000 1.651785 0.793107
 458.000000 1.556635 0.722627
 459.000000 1.624116 0.731217
 460.000000 1.606300 0.746278
 461.000000 1.554359 0.824786
 462.000000 1.614459 0.733078
 463.000000 1.647620 0.712049
 464.000000 1.757205 0.691791
 465.000000 1.634469 0.728262
 466.000000 1.612607 0.677424
 467.000000 1.720336 0.677870
 468.000000 1.735466 0.654714
 469.000000 1.687367 0.725642
 470.000000 1.683906 0.730623
 471.000000 1.762679 0.743954
 472.000000 1.671384 0.771867
 473.000000 1.679329 0.721500
 474.000000 1.786971 0.685707
 475.000000 1.674153 0.725458
 476.000000 1.640257 0.848527
 477.000000 1.674184 0.708780
 478.000000 1.748459 0.789557
 479.000000 1.603724 0.756576
 480.000000 1.738297 0.724471
 481.000000 1.615401 0.678384
 482.000000 1.755886 0.694776
 483.000000 1.675414 0.625225
 484.000000 1.726686 0.684858
 485.000000 1.746019 0.644361
 486.000000 1.798968 0.669647
 487.000000 1.774400 0.758806
 488.000000 1.723064 0.728197
 489.000000 1.610893 0.652219
 490.000000 1.772166 0.726163
 491.000000 1.682693 0.752141
 492.000000 1.672917 0.723486
 493.000000 1.589292 0.703074
 494.000000 1.777501 0.750599
 495.000000 1.777313 0.780445
 496.000000 1.793802 0.604929
 497.000000 1.776184 0.778356
 498.000000 1.604975 0.650958
 499.000000 1.736337 0.765453
 500.000000 1.618816 0.729127
 501.000000 1.732247 0.724809
 502.000000 1.788868 0.538473
 503.000000 1.849118 0.688747
 504.000000 1.794412 0.699025
 505.000000 1.766188 0.753986
 506.000000 1.727392 0.715158
 507.000000 1.526235 0.641028
 508.000000 1.693252 0.702301
 509.000000 1.782339 0.633478
 510.000000 1.765086 0.650369
 511.000000 1.717032 0.733909
 512.000000 1.719508 0.664724
 513.000000 1.758786 0.735917
 514.000000 1.688102 0.684243
 515.000000 1.644873 0.779411
 516.000000 1.709791 0.789676
 517.000000 1.765895 0.720022
 518.000000 1.723051 0.731179
 519.000000 1.762857 0.656541
 520.000000 1.804009 0.635106
 521.000000 1.752137 0.672049
 522.000000 1.775064 0.767956
 523.000000 1.787551 0.677850
 524.000000 1.654128 0.818125
 525.000000 1.676321 0.690572
 526.000000 1.700783 0.780801
 527.000000 1.787027 0.635458
 528.000000 1.657296 0.663145
 529.000000 1.679793 0.720779
 530.000000 1.678150 0.740826
 531.000000 1.790115 0.770752
 532.000000 1.782465 0.748799
 533.000000 1.662031 0.739807
 534.000000 1.686374 0.679423
 535.000000 1.738847 0.667776
 536.000000 1.598273 0.690958
 537.000000 1.727460 0.672899
 538.000000 1.704798 0.653621
 539.000000 1.690620 0.682536
 540.000000 1.793261 0.650371
 541.000000 1.666208 0.652706
 542.000000 1.692038 0.657499
 543.000000 1.772113 0.748890
 544.000000 1.685821 0.703059
 545.000000 1.662421 0.619433
 546.000000 1.763093 0.727451
 547.000000 1.708149 0.721076
 548.000000 1.737853 0.735152
 549.000000 1.754560 0.590231
 550.000000 1.680392 0.742091
 551.000000 1.741161 0.699285
 552.000000 1.766259 0.695706
 553.000000 1.656680 0.762953
 554.000000 1.765993 0.683576
 555.000000 1.745790 0.745484
 556.000000 1.824419 0.768258
 557.000000 1.742309 0.714842
 558.000000 1.728676 0.734831
 559.000000 1.674296 0.746074
 560.000000 1.812209 0.607121
 561.000000 1.729740 0.678348
 562.000000 1.654830 0.712796
 563.000000 1.798405 0.782642
 564.000000 1.760781 0.721785
 565.000000 1.659386 0.682021
 566.000000 1.705793 0.822346
 567.000000 1.756218 0.693090
 568.000000 1.706734 0.760472
 569.000000 1.727323 0.672483
 570.000000 1.826265 0.674093
 571.000000 1.756377 0.664361
 572.000000 1.776478 0.683670
 573.000000 1.760454 0.717113
 574.000000 1.763988 0.794872
 575.000000 1.784315 0.817252
 576.000000 1.709860 0.703868
 577.000000 1.727132 0.714297
 578.000000 1.634552 0.710970
 579.000000 1.744520 0.795462
 580.000000 1.738065 0.861068
 581.000000 1.803622 0.709260
 582.000000 1.631423 0.800834
 583.000000 1.642656 0.689342
 584.000000 1.824122 0.684063
 585.000000 1.706219 0.679123
 586.000000 1.753796 0.607870
 587.000000 1.706836 0.649271
 588.000000 1.694658 0.591186
 589.000000 1.653791 0.741243
 590.000000 1.770632 0.710748
 591.000000 1.758114 0.719441
 592.000000 1.734326 0.654369
 593.000000 1.753998 0.715342
 594.000000 1.694541 0.702233
 595.000000 1.757371 0.631845
 596.000000 1.693511 0.707323
 597.000000 1.619941 0.723094
 598.000000 1.795942 0.685191
 599.000000 1.756360 0.671211
 600.000000 1.753366 0.721396
 601.000000 1.812860 0.572816
 602.000000 1.638483 0.729507
 603.000000 1.822097 0.707547
 604.000000 1.644786 0.638209
 605.000000 1.631377 0.711125
 606.000000 1.673528 0.714213
 607.000000 1.748211 0.728366
 608.000000 1.730831 0.702943
 609.000000 1.687003 0.768903
 610.000000 1.740468 0.766365
 611.000000 1.733340 0.730685
 612.000000 1.667948 0.660788
 613.000000 1.794987 0.694872
 614.000000 1.722477 0.645602
 615.000000 1.800569 0.759369
 616.000000 1.805096 0.793582
 617.000000 1.829502 0.667948
 618.000000 1.689748 0.731219
 619.000000 1.750887 0.741814
 620.000000 1.725679 0.746249
 621.000000 1.711231 0.741294
 622.000000 1.727046 0.819655
 623.000000 1.724091 0.771157
 624.000000 1.751508 0.742985
 625.000000 1.707630 0.767657
 626.000000 1.703589 0.830268
 627.000000 1.703090 0.891215
 628.000000 1.764156 0.790863
 629.000000 1.734117 0.817801
 630.000000 1.701126 0.878661
 631.000000 1.748000 0.803223
 632.000000 1.808016 0.834867
 633.000000 1.693128 0.796116
 634.000000 1.684150 0.856811
 635.000000 1.763574 0.764282
 636.000000 1.714145 0.782479
 637.000000 1.759718 0.811650
 638.000000 1.715631 0.849501
 639.000000 1.709591 0.907836
 640.000000 1.762707 0.811244
 641.000000 1.691192 0.811689
 642.000000 1.667848 0.818286
 643.000000 1.747575 0.839478
 644.000000 1.712521 0.843041
 645.000000 1.661324 0.772083
 646.000000 1.820299 0.819508
 647.000000 1.771519 0.822213
 648.000000 1.687386 0.862958
 649.000000 1.816368 0.853734
 650.000000 1.716069 0.794049
 651.000000 1.668371 0.792549
 652.000000 1.650403 0.805495
 653.000000 1.765609 0.800892
 654.000000 1.736742 0.841720
 655.000000 1.726266 0.834867
 656.000000 1.772964 0.814840
 657.000000 1.616268 0.745816
 658.000000 1.717002 0.766738
 659.000000 1.775146 0.801983
 660.000000 1.707214 0.704637
 661.000000 1.590265 0.765941
 662.000000 1.634950 0.825394
 663.000000 1.785316 0.767766
 664.000000 1.678215 0.772611
 665.000000 1.664635 0.738232
 666.000000 1.663942 0.767214
 667.000000 1.740237 0.697412
 668.000000 1.685604 0.823527
 669.000000 1.658737 0.820662
 670.000000 1.718875 0.821809
 671.000000 1.697831 0.846307
 672.000000 1.708271 0.738682
 673.000000 1.617045 0.717677
 674.000000 1.681069 0.891538
 675.000000 1.634647 0.761429
 676.000000 1.617437 0.878562
 677.000000 1.644078 0.825167
 678.000000 1.613646 0.729412
 679.000000 1.592377 0.740944
 680.000000 1.624817 0.775558
 681.000000 1.697369 0.849650
 682.000000 1.590436 0.712917
 683.000000 1.674879 0.694152
 684.000000 1.697198 0.657216
 685.000000 1.696868 0.730495
 686.000000 1.691200 0.662399
 687.000000 1.663414 0.775108
 688.000000 1.721299 0.683005
 689.000000 1.776351 0.846472
 690.000000 1.791062 0.579225
 691.000000 1.721354 0.758457
 692.000000 1.825541 0.547103
 693.000000 1.790957 0.721855
 694.000000 1.702279 0.627101
 695.000000 1.802487 0.799064
 696.000000 1.681895 0.730198
 697.000000 1.723829 0.726650
 698.000000 1.741652 0.765170
 699.000000 1.759218 0.713590
 700.000000 1.713128 0.649528
 701.000000 1.767869 0.656794
 702.000000 1.766713 0.720534
 703.000000 1.617327 0.717683
 704.000000 1.703852 0.666248
 705.000000 1.698143 0.708370
 706.000000 1.774810 0.697775
 707.000000 1.751593 0.697445
 708.000000 1.615061 0.744959
 709.000000 1.654363 0.787560
 710.000000 1.668198 0.782641
 711.000000 1.656278 0.793198
 712.000000 1.619199 0.745552
 713.000000 1.737998 0.727766
 714.000000 1.753931 0.768670
 715.000000 1.724423 0.747155
 716.000000 1.709933 0.730119
 717.000000 1.803479 0.685170
 718.000000 1.676808 0.635369
 719.000000 1.690521 0.642345
 720.000000 1.684287 0.659791
 721.000000 1.646961 0.736000
 722.000000 1.720547 0.704399
 723.000000 1.747590 0.756009
 724.000000 1.786150 0.707354
 725.000000 1.712050 0.718098
 726.000000 1.768291 0.693863
 727.000000 1.749246 0.728403
 728.000000 1.707395 0.807746
 729.000000 1.801132 0.743379
 730.000000 1.717005 0.654258
 731.000000 1.666190 0.785962
 732.000000 1.658271 0.740788
 733.000000 1.687104 0.752742
 734.000000 1.625067 0.813342
 735.000000 1.653930 0.764088
 736.000000 1.700958 0.770153
 737.000000 1.654049 0.764965
 738.000000 1.656339 0.839257
 739.000000 1.636635 0.727608
 740.000000 1.769872 0.708281
 741.000000 1.685413 0.755446
 742.000000 1.689412 0.740129
 743.000000 1.660225 0.805916
 744.000000 1.639504 0.806418
 745.000000 1.675073 0.707083
 746.000000 1.667974 0.701812
 747.000000 1.872009 0.791224
 748.000000 1.612247 0.669488
 749.000000 1.657151 0.704509
 750.000000 1.766260 0.701055
 751.000000 1.743381 0.764586
 752.000000 1.591057 0.728088
 753.000000 1.684112 0.731477
 754.000000 1.651362 0.724012
 755.000000 1.662261 0.644516
 756.000000 1.688223 0.739800
 757.000000 1.782969 0.795036
 758.000000 1.681026 0.660645
 759.000000 1.600691 0.731817
 760.000000 1.581093 0.646091
 761.000000 1.679976 0.729784
 762.000000 1.638578 0.667041
 763.000000 1.647808 0.720509
 764.000000 1.637192 0.759033
 765.000000 1.717569 0.701820
 766.000000 1.677995 0.636455
 767.000000 1.606223 0.622458
 768.000000 1.687055 0.783336
 769.000000 1.730947 0.707126
 770.000000 1.623895 0.764369
 771.000000 1.735750 0.775617
 772.000000 1.688669 0.831427
 773.000000 1.557035 0.753374
 774.000000 1.648928 0.793190
 775.000000 1.592137 0.721104
 776.000000 1.713968 0.773942
 777.000000 1.655374 0.651672
 778.000000 1.704741 0.772575
 779.000000 1.649558 0.775536
 780.000000 1.743715 0.751030
 781.000000 1.767728 0.863997
 782.000000 1.761992 0.805973
 783.000000 1.749456 0.778975
 784.000000 1.684810 0.798355
 785.000000 1.702604 0.842969
 786.000000 1.739396 0.746590
 787.000000 1.750296 0.776033
 788.000000 1.738740 0.704577
 789.000000 1.600062 0.699815
 790.000000 1.717466 0.693097
 791.000000 1.723318 0.802845
 792.000000 1.747101 0.702368
 793.000000 1.711536 0.749432
 794.000000 1.642425 0.691476
 795.000000 1.677285 0.718067
 796.000000 1.754034 0.703276
 797.000000 1.738689 0.756464
 798.000000 1.648100 0.760951
 799.000000 1.715309 0.746310
 800.000000 1.784158 0.636680
 801.000000 1.699833 0.686473
 802.000000 1.710898 0.675118
 803.000000 1.766872 0.690060
 804.000000 1.606258 0.759389
 805.000000 1.790891 0.772715
 806.000000 1.728536 0.817061
 807.000000 1.763406 0.735356
 808.000000 1.673285 0.694748
 809.000000 1.766885 0.719436
 810.000000 1.924970 0.713784
 811.000000 1.696848 0.686497
 812.000000 1.617345 0.679261
 813.000000 1.702927 0.718354
 814.000000 1.814110 0.687497
 815.000000 1.689335 0.701131
 816.000000 1.765014 0.664454
 817.000000 1.726887 0.759335
 818.000000 1.647557 0.798928
 819.000000 1.687589 0.690334
 820.000000 1.712826 0.767570
 821.000000 1.752866 0.791403
 822.000000 1.646416 0.827427
 823.000000 1.718189 0.798274
 824.000000 1.717211 0.664948
 825.000000 1.715923 0.674810
 826.000000 1.818329 0.734917
 827.000000 1.761472 0.743026
 828.000000 1.686727 0.740653
 829.000000 1.801903 0.769277
 830.000000 1.721217 0.723265
 831.000000 1.715284 0.751939
 832.000000 1.788654 0.770905
 833.000000 1.743602 0.764626
 834.000000 1.740095 0.807521
 835.000000 1.651910 0.831597
 836.000000 1.624031 0.767675
 837.000000 1.663960 0.763942
 838.000000 1.767891 0.782528
 839.000000 1.744470 0.783761
 840.000000 1.767307 0.704345
 841.000000 1.731235 0.736731
 842.000000 1.678190 0.739272
 843.000000 1.858228 0.702654
 844.000000 1.789513 0.723263
 845.000000 1.758035 0.749680
 846.000000 1.642493 0.729722
 847.000000 1.803635 0.749317
 848.000000 1.811714 0.735286
 849.000000 1.696978 0.753042
 850.000000 1.736596 0.821788
 851.000000 1.764498 0.852232
 852.000000 1.715120 0.653290
 853.000000 1.630457 0.731618
 854.000000 1.712510 0.607612
 855.000000 1.738421 0.663754
 856.000000 1.715447 0.697834
 857.000000 1.753917 0.618784
 858.000000 1.748066 0.669421
 859.000000 1.753747 0.675936
 860.000000 1.644970 0.663769
 861.000000 1.744492 0.793164
 862.000000 1.755652 0.758915
 863.000000 1.739280 0.742593
 864.000000 1.713610 0.754378
 865.000000 1.749491 0.801666
 866.000000 1.774357 0.739853
 867.000000 1.814590 0.720665
 868.000000 1.691841 0.655389
 869.000000 1.728631 0.726644
 870.000000 1.747069 0.754682
 871.000000 1.674125 0.804508
 872.000000 1.712382 0.754224
 873.000000 1.776182 0.811421
 874.000000 1.746369 0.766274
 875.000000 1.766507 0.773725
 876.000000 1.665112 0.858714
 877.000000 1.698693 0.728029
 878.000000 1.703325 0.760030
 879.000000 1.738385 0.672330
 880.000000 1.739096 0.811163
 881.000000 1.751002 0.796378
 882.000000 1.682109 0.760063
 883.000000 1.741542 0.769833
 884.000000 1.641070 0.785088
 885.000000 1.574791 0.770406
 886.000000 1.616143 0.699186
 887.000000 1.668788 0.710624
 888.000000 1.702609 0.697463
 889.000000 1.773364 0.785283
 890.000000 1.759925 0.722408
 891.000000 1.715344 0.794373
 892.000000 1.595257 0.676289
 893.000000 1.732853 0.731704
 894.000000 1.719950 0.792401
 895.000000 1.801702 0.719033
 896.000000 1.678902 0.723744
 897.000000 1.581402 0.681696
 898.000000 1.693556 0.783170
 899.000000 1.716157 0.686276
 900.000000 1.686593 0.743782
 901.000000 1.721907 0.704309
 902.000000 1.701931 0.686842
 903.000000 1.797431 0.744131
 904.000000 1.646126 0.771515
 905.000000 1.608542 0.711261
 906.000000 1.751660 0.797406
 907.000000 1.617254 0.717248
 908.000000 1.603783 0.703658
 909.000000 1.810246 0.840498
 910.000000 1.746608 0.690612
 911.000000 1.701583 0.720970
 912.000000 1.675785 0.798492
 913.000000 1.770960 0.743771
 914.000000 1.791661 0.699554
 915.000000 1.758459 0.761122
 916.000000 1.593262 0.668701
 917.000000 1.681240 0.748734
 918.000000 1.690342 0.766435
 919.000000 1.614053 0.650233
 920.000000 1.665341 0.688878
 921.000000 1.659028 0.680947
 922.000000 1.710420 0.782863
 923.000000 1.692096 0.751747
 924.000000 1.584682 0.702350
 925.000000 1.693345 0.671497
 926.000000 1.608286 0.705894
 927.000000 1.631576 0.686101
 928.000000 1.738245 0.779458
 929.000000 1.655754 0.670743
 930.000000 1.769912 0.647794
 931.000000 1.690887 0.720869
 932.000000 1.673577 0.599943
 933.000000 1.667871 0.693059
 934.000000 1.763004 0.752668
 935.000000 1.691996 0.701422
 936.000000 1.706975 0.743693
 937.000000 1.627957 0.706113
 938.000000 1.692634 0.787132
 939.000000 1.678494 0.743477
 940.000000 1.686367 0.695090
 941.000000 1.536416 0.713377
 942.000000 1.631150 0.773603
 943.000000 1.686287 0.631977
 944.000000 1.598703 0.727015
 945.000000 1.655517 0.801169
 946.000000 1.751270 0.800362
 947.000000 1.670641 0.709955
 948.000000 1.653649 0.807826
 949.000000 1.656869 0.792539
 950.000000 1.716751 0.707468
 951.000000 1.675051 0.626791
 952.000000 1.766022 0.599327
 953.000000 1.727087 0.660061
 954.000000 1.652486 0.715887
 955.000000 1.580825 0.687968
 956.000000 1.632412 0.624596
 957.000000 1.667611 0.685069
 958.000000 1.590807 0.758201
 959.000000 1.622324 0.751853
 960.000000 1.550352 0.749807
 961.000000 1.670855 0.732582
 962.000000 1.625359 0.737108
 963.000000 1.654760 0.711398
 964.000000 1.693876 0.776149
 965.000000 1.700931 0.706251
 966.000000 1.607382 0.686856
 967.000000 1.612748 0.765728
 968.000000 1.696206 0.747000
 969.000000 1.794626 0.741553
 970.000000 1.508178 0.701598
 971.000000 1.644457 0.680808
 972.000000 1.725121 0.641216
 973.000000 1.733714 0.768530
 974.000000 1.673392 0.621314
 975.000000 1.691575 0.642387
 976.000000 1.549333 0.789399
 977.000000 1.574682 0.733309
 978.000000 1.667662 0.680650
 979.000000 1.701682 0.712911
 980.000000 1.680869 0.786320
 981.000000 1.655964 0.687552
 982.000000 1.732487 0.647025
 983.000000 1.681931 0.708230
 984.000000 1.585883 0.696414
 985.000000 1.566199 0.647933
 986.000000 1.605525 0.777475
 987.000000 1.588525 0.764477
 988.000000 1.594711 0.702906
 989.000000 1.639242 0.662500
 990.000000 1.625455 0.762667
 991.000000 1.522105 0.688454
 992.000000 1.648549 0.717461
 993.000000 1.724538 0.664093
 994.000000 1.770399 0.745427
 995.000000 1.734500 0.751712
 996.000000 1.699559 0.713111
 997.000000 1.648601 0.702492
 998.000000 1.764535 0.631396
 999.000000 1.576598 0.703738
 1000.000000 1.776342 0.703284
 1001.000000 1.691101 0.659649
 1002.000000 1.666698 0.682059
 1003.000000 1.724796 0.697088
 1004.000000 1.617822 0.623296
 1005.000000 1.594292 0.657190
 1006.000000 1.704775 0.695384
 1007.000000 1.604618 0.737420
 1008.000000 1.672746 0.810722
 1009.000000 1.713790 0.794201
 1010.000000 1.661125 0.744063
 1011.000000 1.730801 0.700478
 1012.000000 1.626131 0.698858
 1013.000000 1.789310 0.721035
 1014.000000 1.717989 0.770954
 1015.000000 1.668680 0.715476
 1016.000000 1.610116 0.698962
 1017.000000 1.747508 0.669553
 1018.000000 1.793387 0.720135
 1019.000000 1.695442 0.656671
 1020.000000 1.666330 0.672106
 1021.000000 1.783155 0.634947
 1022.000000 1.645985 0.592514
 1023.000000 1.670835 0.758140
 1024.000000 1.765220 0.694376
 1025.000000 1.707667 0.729254
 1026.000000 1.803801 0.729459
 1027.000000 1.632046 0.654035
 1028.000000 1.715368 0.660210
 1029.000000 1.818336 0.669662
 1030.000000 1.739197 0.609101
 1031.000000 1.657067 0.605880
 1032.000000 1.679714 0.671876
 1033.000000 1.805195 0.720171
 1034.000000 1.803115 0.665815
 1035.000000 1.566384 0.798801
 1036.000000 1.632118 0.686260
 1037.000000 1.670586 0.743255
 1038.000000 1.670295 0.770734
 1039.000000 1.619679 0.777662
 1040.000000 1.719443 0.751554
 1041.000000 1.634714 0.679974
 1042.000000 1.719581 0.718891
 1043.000000 1.622464 0.671020
 1044.000000 1.608010 0.695542
 1045.000000 1.700958 0.770489
 1046.000000 1.592027 0.762319
 1047.000000 1.683780 0.734763
 1048.000000 1.643119 0.752451
 1049.000000 1.695901 0.799554
 1050.000000 1.654064 0.796862
 1051.000000 1.561678 0.767267
 1052.000000 1.633405 0.708248
 1053.000000 1.714042 0.708846
 1054.000000 1.512027 0.685537
 1055.000000 1.632726 0.702754
 1056.000000 1.696836 0.739010
 1057.000000 1.661542 0.782109
 1058.000000 1.681887 0.757643
 1059.000000 1.632181 0.690745
 1060.000000 1.585179 0.736770
 1061.000000 1.585812 0.628068
 1062.000000 1.640681 0.714014
 1063.000000 1.610647 0.678096
 1064.000000 1.728692 0.753134
 1065.000000 1.558253 0.771603
 1066.000000 1.728525 0.712551
 1067.000000 1.781381 0.723855
 1068.000000 1.718018 0.690468
 1069.000000 1.587541 0.657655
 1070.000000 1.705800 0.740129
 1071.000000 1.537841 0.664521
 1072.000000 1.599737 0.749554
 1073.000000 1.575121 0.857945
 1074.000000 1.717042 0.737022
 1075.000000 1.612368 0.724456
 1076.000000 1.766822 0.661391
 1077.000000 1.699261 0.752391
 1078.000000 1.803825 0.717806
 1079.000000 1.646748 0.721052
 1080.000000 1.718186 0.765413
 1081.000000 1.675666 0.705868
 1082.000000 1.596459 0.788965
 1083.000000 1.692254 0.730193
 1084.000000 1.601956 0.669624
 1085.000000 1.772071 0.817910
 1086.000000 1.688131 0.846163
 1087.000000 1.801343 0.805722
 1088.000000 1.730074 0.733282
 1089.000000 1.736070 0.709540
 1090.000000 1.827626 0.863636
 1091.000000 1.784668 0.739813
 1092.000000 1.690809 0.708689
 1093.000000 1.765777 0.712830
 1094.000000 1.775673 0.703001
 1095.000000 1.789225 0.599812
 1096.000000 1.499062 0.697862
 1097.000000 1.572456 0.730905
 1098.000000 1.632578 0.849689
 1099.000000 1.701162 0.676350
 1100.000000 1.708233 0.616063
 1101.000000 1.582276 0.742925
 1102.000000 1.712123 0.830587
 1103.000000 1.668947 0.648790
 1104.000000 1.711232 0.810468
 1105.000000 1.633857 0.782179
 1106.000000 1.674838 0.866773
 1107.000000 1.729329 0.660895
 1108.000000 1.740612 0.780525
 1109.000000 1.627605 0.745311
 1110.000000 1.632175 0.672155
 1111.000000 1.610343 0.795289
 1112.000000 1.767750 0.745756
 1113.000000 1.648145 0.735751
 1114.000000 1.591989 0.710936
 1115.000000 1.636318 0.717191
 1116.000000 1.754669 0.751603
 1117.000000 1.716361 0.698873
 1118.000000 1.610014 0.801190
 1119.000000 1.624615 0.731076
 1120.000000 1.810572 0.794921
 1121.000000 1.600811 0.777712
 1122.000000 1.666335 0.747951
 1123.000000 1.579372 0.966257
 1124.000000 1.688911 0.844282
 1125.000000 1.800133 0.802052
 1126.000000 1.727292 0.829037
 1127.000000 1.642440 0.745616
 1128.000000 1.671587 0.839599
 1129.000000 1.563960 0.816337
 1130.000000 1.585940 0.820844
 1131.000000 1.687501 0.804292
 1132.000000 1.620858 0.798047
 1133.000000 1.575927 0.794804
 1134.000000 1.578616 0.833208
 1135.000000 1.756926 0.816592
 1136.000000 1.691696 0.736233
 1137.000000 1.691321 0.766427
 1138.000000 1.603572 0.804502
 1139.000000 1.753212 0.785202
 1140.000000 1.668497 0.796206
 1141.000000 1.628892 0.691569
 1142.000000 1.760046 0.750833
 1143.000000 1.680841 0.824209
 1144.000000 1.582762 0.783112
 1145.000000 1.660562 0.747567
 1146.000000 1.482019 0.776692
 1147.000000 1.643398 0.739846
 1148.000000 1.706681 0.778380
 1149.000000 1.644952 0.736026
 1150.000000 1.545858 0.753283
 1151.000000 1.658949 0.798916
 1152.000000 1.601976 0.891617
 1153.000000 1.618984 0.867982
 1154.000000 1.636514 0.828017
 1155.000000 1.641780 0.729213
 1156.000000 1.669893 0.855728
 1157.000000 1.584707 0.748924
 1158.000000 1.588031 0.808138
 1159.000000 1.589303 0.784176
 1160.000000 1.641850 0.888887
 1161.000000 1.803255 0.824037
 1162.000000 1.620544 0.856045
 1163.000000 1.690884 0.850415
 1164.000000 1.676022 0.818642
 1165.000000 1.594243 0.780282
 1166.000000 1.551159 0.764807
 1167.000000 1.598140 0.795333
 1168.000000 1.683576 0.753816
 1169.000000 1.763374 0.738858
 1170.000000 1.720097 0.775767
 1171.000000 1.757746 0.765352
 1172.000000 1.616127 0.833170
 1173.000000 1.591322 0.811325
 1174.000000 1.611734 0.823115
 1175.000000 1.713949 0.734977
 1176.000000 1.664215 0.794463
 1177.000000 1.719344 0.744690
 1178.000000 1.633086 0.792449
 1179.000000 1.612755 0.838254
 1180.000000 1.748708 0.831647
 1181.000000 1.738191 0.806563
 1182.000000 1.631003 0.747893
 1183.000000 1.662732 0.801110
 1184.000000 1.699632 0.764513
 1185.000000 1.661970 0.744437
 1186.000000 1.651169 0.748577
 1187.000000 1.633838 0.789093
 1188.000000 1.634343 0.726232
 1189.000000 1.687356 0.790328
 1190.000000 1.617341 0.781915
 1191.000000 1.665885 0.774718
 1192.000000 1.710943 0.892378
 1193.000000 1.735912 0.819084
 1194.000000 1.550824 0.794245
 1195.000000 1.661106 0.785513
 1196.000000 1.663525 0.746941
 1197.000000 1.679104 0.796302
 1198.000000 1.597358 0.791493
 1199.000000 1.624159 0.845306
 1200.000000 1.634780 0.829217
 1201.000000 1.619644 0.807331
 1202.000000 1.689121 0.767590
 1203.000000 1.659437 0.796425
 1204.000000 1.667590 0.840403
 1205.000000 1.635348 0.845610
 1206.000000 1.702064 0.841419
 1207.000000 1.803462 0.824456
 1208.000000 1.796545 0.698211
 1209.000000 1.662296 0.700751
 1210.000000 1.666516 0.779244
 1211.000000 1.732114 0.856588
 1212.000000 1.635348 0.760416
 1213.000000 1.680483 0.860298
 1214.000000 1.584457 0.866313
 1215.000000 1.741438 0.784457
 1216.000000 1.669141 0.846188
 1217.000000 1.750309 0.866077
 1218.000000 1.665333 0.773685
 1219.000000 1.661929 0.790183
 1220.000000 1.723707 0.704924
 1221.000000 1.631222 0.742737
 1222.000000 1.764053 0.739048
 1223.000000 1.706880 0.715351
 1224.000000 1.759171 0.840249
 1225.000000 1.679129 0.801075
 1226.000000 1.642586 0.786892
 1227.000000 1.668851 0.755800
 1228.000000 1.666156 0.750796
 1229.000000 1.625553 0.853139
 1230.000000 1.748458 0.811364
 1231.000000 1.751700 0.751902
 1232.000000 1.689470 0.773375
 1233.000000 1.693410 0.771295
 1234.000000 1.656408 0.835689
 1235.000000 1.700516 0.797366
 1236.000000 1.700802 0.822008
 1237.000000 1.696148 0.838122
 1238.000000 1.661594 0.788355
 1239.000000 1.642018 0.849488
 1240.000000 1.711008 0.714964
 1241.000000 1.626331 0.656575
 1242.000000 1.757513 0.702165
 1243.000000 1.652295 0.627878
 1244.000000 1.664141 0.701801
 1245.000000 1.561538 0.805469
 1246.000000 1.660828 0.800186
 1247.000000 1.631959 0.773234
 1248.000000 1.650007 0.755768
 1249.000000 1.643407 0.725561
 1250.000000 1.664860 0.775951
 1251.000000 1.662190 0.809103
 1252.000000 1.634369 0.787844
 1253.000000 1.759917 0.773737
 1254.000000 1.583469 0.708426
 1255.000000 1.598819 0.828244
 1256.000000 1.574208 0.695557
 1257.000000 1.653873 0.753932
 1258.000000 1.681831 0.829430
 1259.000000 1.648765 0.837719
 1260.000000 1.730151 0.803837
 1261.000000 1.578853 0.860593
 1262.000000 1.612862 0.757741
 1263.000000 1.648554 0.779310
 1264.000000 1.612787 0.820350
 1265.000000 1.714115 0.769285
 1266.000000 1.576948 0.805712
 1267.000000 1.636001 0.791973
 1268.000000 1.673567 0.813168
 1269.000000 1.672928 0.818641
 1270.000000 1.577759 0.802080
 1271.000000 1.613190 0.750902
 1272.000000 1.560499 0.802009
 1273.000000 1.446380 0.777522
 1274.000000 1.578547 0.776132
 1275.000000 1.539190 0.819535
 1276.000000 1.674867 0.825436
 1277.000000 1.702326 0.809215
 1278.000000 1.630232 0.838753
 1279.000000 1.633031 0.791886
 1280.000000 1.746155 0.786296
 1281.000000 1.747100 0.767357
 1282.000000 1.822814 0.772026
 1283.000000 1.678162 0.718780
 1284.000000 1.716954 0.784116
 1285.000000 1.732412 0.703881
 1286.000000 1.737047 0.646340
 1287.000000 1.729054 0.685282
 1288.000000 1.692475 0.742066
 1289.000000 1.814379 0.730984
 1290.000000 1.746783 0.784465
 1291.000000 1.700809 0.763761
 1292.000000 1.692484 0.843296
 1293.000000 1.721659 0.809836
 1294.000000 1.874645 0.762983
 1295.000000 1.779484 0.763296
 1296.000000 1.638863 0.838254
 1297.000000 1.691388 0.838770
 1298.000000 1.709617 0.794664
 1299.000000 1.828377 0.772131
 1300.000000 1.712412 0.765048
 1301.000000 1.698282 0.771524
 1302.000000 1.667276 0.735670
 1303.000000 1.650607 0.770067
 1304.000000 1.781818 0.755384
 1305.000000 1.711539 0.812768
 1306.000000 1.764244 0.728893
 1307.000000 1.635970 0.746482
 1308.000000 1.751925 0.711578
 1309.000000 1.772712 0.671730
 1310.000000 1.775292 0.783111
 1311.000000 1.672297 0.797124
 1312.000000 1.734044 0.818929
 1313.000000 1.716333 0.720398
 1314.000000 1.766269 0.846611
 1315.000000 1.724776 0.728670
 1316.000000 1.720881 0.786565
 1317.000000 1.619562 0.791222
 1318.000000 1.703560 0.810170
 1319.000000 1.597522 0.784177
 1320.000000 1.659886 0.805961
 1321.000000 1.721673 0.684385
 1322.000000 1.680347 0.801333
 1323.000000 1.741373 0.771357
 1324.000000 1.737456 0.774991
 1325.000000 1.725135 0.707922
 1326.000000 1.717421 0.825874
 1327.000000 1.773954 0.678394
 1328.000000 1.749728 0.772769
 1329.000000 1.723799 0.708395
 1330.000000 1.763980 0.736182
 1331.000000 1.789750 0.821433
 1332.000000 1.811454 0.686227
 1333.000000 1.675975 0.784067
 1334.000000 1.762431 0.750204
 1335.000000 1.713263 0.820641
 1336.000000 1.758342 0.759252
 1337.000000 1.746156 0.695394
 1338.000000 1.800504 0.752718
 1339.000000 1.706284 0.742520
 1340.000000 1.771314 0.777929
 1341.000000 1.797843 0.707571
 1342.000000 1.779505 0.754406
 1343.000000 1.752938 0.637885
 1344.000000 1.840957 0.724653
 1345.000000 1.787241 0.663589
 1346.000000 1.760339 0.727423
 1347.000000 1.720455 0.748432
 1348.000000 1.687170 0.713708
 1349.000000 1.712632 0.749290
 1350.000000 1.736108 0.670875
 1351.000000 1.680631 0.731815
 1352.000000 1.742364 0.781025
 1353.000000 1.769341 0.833235
 1354.000000 1.779159 0.782071
 1355.000000 1.694049 0.809357
 1356.000000 1.774220 0.777391
 1357.000000 1.696599 0.780252
 1358.000000 1.770364 0.818602
 1359.000000 1.806441 0.758590
 1360.000000 1.761462 0.721409
 1361.000000 1.716282 0.740274
 1362.000000 1.656784 0.678762
 1363.000000 1.724724 0.749767
 1364.000000 1.639704 0.812510
 1365.000000 1.745833 0.757889
 1366.000000 1.786780 0.696217
 1367.000000 1.708462 0.692814
 1368.000000 1.693990 0.737763
 1369.000000 1.774694 0.756938
 1370.000000 1.729405 0.720894
 1371.000000 1.661015 0.744652
 1372.000000 1.790357 0.702286
 1373.000000 1.690846 0.821529
 1374.000000 1.745306 0.861240
 1375.000000 1.658539 0.745935
 1376.000000 1.817955 0.760203
 1377.000000 1.779013 0.748413
 1378.000000 1.700771 0.843478
 1379.000000 1.732459 0.819930
 1380.000000 1.811029 0.725905
 1381.000000 1.787918 0.715872
 1382.000000 1.683759 0.716899
 1383.000000 1.711138 0.809926
 1384.000000 1.679074 0.760352
 1385.000000 1.759824 0.728981
 1386.000000 1.663626 0.771261
 1387.000000 1.851489 0.805380
 1388.000000 1.700115 0.743163
 1389.000000 1.698552 0.741298
 1390.000000 1.718421 0.734640
 1391.000000 1.679619 0.779115
 1392.000000 1.606593 0.775632
 1393.000000 1.662139 0.724396
 1394.000000 1.756170 0.743882
 1395.000000 1.661448 0.779451
 1396.000000 1.753739 0.707563
 1397.000000 1.792672 0.775148
 1398.000000 1.739396 0.689503
 1399.000000 1.682828 0.762168
 1400.000000 1.617672 0.765290
 1401.000000 1.720555 0.779844
 1402.000000 1.622591 0.831967
 1403.000000 1.610283 0.755017
 1404.000000 1.741430 0.768140
 1405.000000 1.749927 0.814581
 1406.000000 1.693881 0.815167
 1407.000000 1.682148 0.830599
 1408.000000 1.680477 0.732648
 1409.000000 1.877332 0.843460
 1410.000000 1.638532 0.779526
 1411.000000 1.630172 0.812562
 1412.000000 1.666841 0.756568
 1413.000000 1.683791 0.727508
 1414.000000 1.589885 0.788473
 1415.000000 1.733801 0.784647
 1416.000000 1.751900 0.802530
 1417.000000 1.697521 0.767673
 1418.000000 1.754159 0.821947
 1419.000000 1.740969 0.860176
 1420.000000 1.708294 0.767086
 1421.000000 1.678989 0.811020
 1422.000000 1.621431 0.809353
 1423.000000 1.660247 0.785158
 1424.000000 1.765672 0.752930
 1425.000000 1.717611 0.767554
 1426.000000 1.737342 0.691627
 1427.000000 1.793612 0.754635
 1428.000000 1.718482 0.823663
 1429.000000 1.737345 0.735500
 1430.000000 1.771089 0.811596
 1431.000000 1.669158 0.872270
 1432.000000 1.795725 0.766405
 1433.000000 1.730787 0.834928
 1434.000000 1.667121 0.771048
 1435.000000 1.753851 0.740278
 1436.000000 1.813139 0.780294
 1437.000000 1.737642 0.742834
 1438.000000 1.799676 0.814245
 1439.000000 1.787086 0.759745
 1440.000000 1.725917 0.657052
 1441.000000 1.779229 0.693443
 1442.000000 1.735978 0.777873
 1443.000000 1.774924 0.726636
 1444.000000 1.669770 0.801794
 1445.000000 1.760355 0.727556
 1446.000000 1.723030 0.773728
 1447.000000 1.592801 0.713709
 1448.000000 1.649252 0.750255
 1449.000000 1.717515 0.751335
 1450.000000 1.662869 0.719562
 1451.000000 1.652477 0.768580
 1452.000000 1.756848 0.799715
 1453.000000 1.722302 0.763595
 1454.000000 1.753965 0.730877
 1455.000000 1.717261 0.706415
 1456.000000 1.781818 0.799763
 1457.000000 1.820623 0.712283
 1458.000000 1.672484 0.793523
 1459.000000 1.760242 0.760056
 1460.000000 1.714360 0.745761
 1461.000000 1.707865 0.747413
 1462.000000 1.662044 0.755655
 1463.000000 1.718384 0.732221
 1464.000000 1.697712 0.850629
 1465.000000 1.710473 0.788572
 1466.000000 1.768070 0.766305
 1467.000000 1.728312 0.704235
 1468.000000 1.684826 0.797362
 1469.000000 1.745612 0.751752
 1470.000000 1.722877 0.737164
 1471.000000 1.703673 0.781559
 1472.000000 1.772901 0.701398
 1473.000000 1.802141 0.690831
 1474.000000 1.747153 0.741649
 1475.000000 1.859661 0.759279
 1476.000000 1.703758 0.714598
 1477.000000 1.618950 0.733479
 1478.000000 1.745767 0.741744
 1479.000000 1.706241 0.726863
 1480.000000 1.637928 0.767272
 1481.000000 1.686318 0.855779
 1482.000000 1.764658 0.757951
 1483.000000 1.671392 0.731065
 1484.000000 1.660890 0.754505
 1485.000000 1.712536 0.765674
 1486.000000 1.687108 0.838725
 1487.000000 1.752715 0.838804
 1488.000000 1.724949 0.744709
 1489.000000 1.786695 0.752154
 1490.000000 1.758472 0.746902
 1491.000000 1.727707 0.761268
 1492.000000 1.760733 0.759823
 1493.000000 1.779532 0.777811
 1494.000000 1.746044 0.701544
 1495.000000 1.677660 0.686604
 1496.000000 1.728271 0.657722
 1497.000000 1.798764 0.679218
 1498.000000 1.748755 0.679156
 1499.000000 1.759947 0.700404
 1500.000000 1.727415 0.737992
 1501.000000 1.704688 0.683343
 1502.000000 1.760534 0.588143
 1503.000000 1.737831 0.647763
 1504.000000 1.748084 0.691064
 1505.000000 1.695510 0.758450
 1506.000000 1.781479 0.719900
 1507.000000 1.706289 0.745647
 1508.000000 1.705790 0.742218
 1509.000000 1.771345 0.685848
 1510.000000 1.663004 0.791995
 1511.000000 1.646232 0.684266
 1512.000000 1.723327 0.735396
 1513.000000 1.776049 0.654130
 1514.000000 1.622668 0.743454
 1515.000000 1.675736 0.743968
 1516.000000 1.727465 0.740646
 1517.000000 1.614592 0.733818
 1518.000000 1.706765 0.694176
 1519.000000 1.819534 0.770742
 1520.000000 1.826301 0.714258
 1521.000000 1.701228 0.781527
 1522.000000 1.741244 0.782054
 1523.000000 1.734409 0.729936
 1524.000000 1.729810 0.790049
 1525.000000 1.700677 0.757378
 1526.000000 1.642243 0.782108
 1527.000000 1.733568 0.750170
 1528.000000 1.839951 0.741983
 1529.000000 1.725560 0.829882
 1530.000000 1.742046 0.699614
 1531.000000 1.663627 0.748122
 1532.000000 1.742677 0.683089
 1533.000000 1.713302 0.604420
 1534.000000 1.772794 0.722415
 1535.000000 1.612354 0.706783
 1536.000000 1.722846 0.875716
 1537.000000 1.722024 0.743838
 1538.000000 1.593262 0.843006
 1539.000000 1.586249 0.748713
 1540.000000 1.740016 0.770795
 1541.000000 1.737433 0.819320
 1542.000000 1.555252 0.807424
 1543.000000 1.593777 0.780651
 1544.000000 1.636549 0.814662
 1545.000000 1.626262 0.857182
 1546.000000 1.619518 0.885611
 1547.000000 1.699029 0.828046
 1548.000000 1.707590 0.791169
 1549.000000 1.708968 0.877079
 1550.000000 1.735740 0.822803
 1551.000000 1.775638 0.800617
 1552.000000 1.719305 0.870071
 1553.000000 1.680242 0.911077
 1554.000000 1.706671 0.820651
 1555.000000 1.703764 0.831725
 1556.000000 1.675851 0.816387
 1557.000000 1.667985 0.906047
 1558.000000 1.656497 0.821206
 1559.000000 1.625491 0.801225
 1560.000000 1.647159 0.833215
 1561.000000 1.699998 0.856464
 1562.000000 1.727905 0.855647
 1563.000000 1.735413 0.851555
 1564.000000 1.708262 0.841729
 1565.000000 1.742021 0.691609
 1566.000000 1.681412 0.805063
 1567.000000 1.670761 0.757413
 1568.000000 1.645362 0.773266
 1569.000000 1.651495 0.744429
 1570.000000 1.653836 0.657758
 1571.000000 1.669971 0.787977
 1572.000000 1.650815 0.657347
 1573.000000 1.612795 0.689861
 1574.000000 1.581937 0.759087
 1575.000000 1.748285 0.679858
 1576.000000 1.736697 0.774387
 1577.000000 1.674494 0.745990
 1578.000000 1.666797 0.787273
 1579.000000 1.734269 0.773334
 1580.000000 1.626723 0.739101
 1581.000000 1.581202 0.748133
 1582.000000 1.789691 0.703617
 1583.000000 1.767491 0.767901
 1584.000000 1.682691 0.840161
 1585.000000 1.605361 0.744608
 1586.000000 1.745343 0.744432
 1587.000000 1.678388 0.667940
 1588.000000 1.731713 0.773058
 1589.000000 1.811949 0.812600
 1590.000000 1.717744 0.854494
 1591.000000 1.789493 0.751380
 1592.000000 1.733529 0.689464
 1593.000000 1.694519 0.713613
 1594.000000 1.771929 0.696329
 1595.000000 1.689823 0.752403
 1596.000000 1.818244 0.816897
 1597.000000 1.702534 0.690733
 1598.000000 1.715836 0.747794
 1599.000000 1.725677 0.731479
 1600.000000 1.797564 0.697894
 1601.000000 1.732285 0.697609
 1602.000000 1.631110 0.654540
 1603.000000 1.822894 0.678580
 1604.000000 1.718941 0.663124
 1605.000000 1.698416 0.760240
 1606.000000 1.693985 0.819261
 1607.000000 1.774458 0.728429
 1608.000000 1.696822 0.779924
 1609.000000 1.825832 0.734040
 1610.000000 1.760995 0.751610
 1611.000000 1.617812 0.789530
 1612.000000 1.855937 0.780740
 1613.000000 1.659025 0.744633
 1614.000000 1.720088 0.725956
 1615.000000 1.818724 0.753101
 1616.000000 1.793875 0.744465
 1617.000000 1.700810 0.715689
 1618.000000 1.809216 0.742974
 1619.000000 1.817058 0.731780
 1620.000000 1.733914 0.670528
 1621.000000 1.704564 0.797451
 1622.000000 1.728397 0.793322
 1623.000000 1.717872 0.784593
 1624.000000 1.751340 0.702860
 1625.000000 1.783313 0.688480
 1626.000000 1.833592 0.764037
 1627.000000 1.816181 0.692804
 1628.000000 1.723716 0.698102
 1629.000000 1.785938 0.789378
 1630.000000 1.624679 0.709287
 1631.000000 1.620756 0.707792
 1632.000000 1.774533 0.701950
 1633.000000 1.722819 0.719238
 1634.000000 1.715475 0.811490
 1635.000000 1.795645 0.728952
 1636.000000 1.652942 0.633123
 1637.000000 1.643787 0.767114
 1638.000000 1.704862 0.822012
 1639.000000 1.676457 0.897103
 1640.000000 1.817251 0.801898
 1641.000000 1.799733 0.818614
 1642.000000 1.684951 0.787247
 1643.000000 1.694227 0.839964
 1644.000000 1.729270 0.806365
 1645.000000 1.666286 0.730372
 1646.000000 1.672118 0.796259
 1647.000000 1.634783 0.802548
 1648.000000 1.689044 0.848161
 1649.000000 1.806670 0.808173
 1650.000000 1.750880 0.870097
 1651.000000 1.821044 0.709443
 1652.000000 1.628211 0.700365
 1653.000000 1.715892 0.721484
 1654.000000 1.793162 0.726544
 1655.000000 1.804585 0.711496
 1656.000000 1.798392 0.802977
 1657.000000 1.740896 0.653263
 1658.000000 1.792439 0.722660
 1659.000000 1.675628 0.830368
 1660.000000 1.655554 0.766162
 1661.000000 1.721682 0.783179
 1662.000000 1.712947 0.809741
 1663.000000 1.716620 0.796723
 1664.000000 1.730021 0.751462
 1665.000000 1.608961 0.704645
 1666.000000 1.750642 0.725465
 1667.000000 1.722572 0.769510
 1668.000000 1.736302 0.764950
 1669.000000 1.716566 0.709148
 1670.000000 1.592508 0.805798
 1671.000000 1.759367 0.741171
 1672.000000 1.713180 0.671446
 1673.000000 1.682503 0.752321
 1674.000000 1.696271 0.686869
 1675.000000 1.698692 0.828691
 1676.000000 1.591690 0.697731
 1677.000000 1.679520 0.773051
 1678.000000 1.626135 0.785294
 1679.000000 1.674030 0.717103
 1680.000000 1.793610 0.745011
 1681.000000 1.795431 0.831813
 1682.000000 1.826938 0.747785
 1683.000000 1.737512 0.766537
 1684.000000 1.733179 0.809164
 1685.000000 1.713146 0.662333
 1686.000000 1.648153 0.723796
 1687.000000 1.686505 0.751990
 1688.000000 1.849173 0.802125
 1689.000000 1.718061 0.814838
 1690.000000 1.652841 0.809130
 1691.000000 1.777383 0.702447
 1692.000000 1.775026 0.864066
 1693.000000 1.793362 0.775428
 1694.000000 1.718510 0.808363
 1695.000000 1.599924 0.852835
 1696.000000 1.677024 0.851363
 1697.000000 1.762187 0.774823
 1698.000000 1.720264 0.818916
 1699.000000 1.707975 0.774074
 1700.000000 1.733684 0.790622
 1701.000000 1.739048 0.638498
 1702.000000 1.768816 0.723550
 1703.000000 1.837502 0.662541
 1704.000000 1.724882 0.793320
 1705.000000 1.809365 0.744819
 1706.000000 1.836778 0.749365
 1707.000000 1.744023 0.702735
 1708.000000 1.730132 0.784757
 1709.000000 1.666071 0.689498
 1710.000000 1.772848 0.839254
 1711.000000 1.794577 0.716669
 1712.000000 1.687621 0.859637
 1713.000000 1.818736 0.811036
 1714.000000 1.800753 0.800687
 1715.000000 1.758650 0.673604
 1716.000000 1.774064 0.684760
 1717.000000 1.904088 0.744805
 1718.000000 1.808247 0.740968
 1719.000000 1.773724 0.774350
 1720.000000 1.712966 0.734194
 1721.000000 1.639043 0.765646
 1722.000000 1.736590 0.768297
 1723.000000 1.782945 0.683518
 1724.000000 1.706233 0.727749
 1725.000000 1.775822 0.792530
 1726.000000 1.785709 0.799650
 1727.000000 1.765056 0.780326
 1728.000000 1.644725 0.876977
 1729.000000 1.794376 0.793262
 1730.000000 1.657860 0.750748
 1731.000000 1.684062 0.764907
 1732.000000 1.706841 0.788983
 1733.000000 1.751643 0.779806
 1734.000000 1.808099 0.786280
 1735.000000 1.673335 0.810664
 1736.000000 1.725398 0.756891
 1737.000000 1.678100 0.832803
 1738.000000 1.715605 0.817863
 1739.000000 1.735486 0.787298
 1740.000000 1.701162 0.834572
 1741.000000 1.767494 0.795922
 1742.000000 1.755608 0.849500
 1743.000000 1.741027 0.839905
 1744.000000 1.615187 0.785725
 1745.000000 1.803598 0.855038
 1746.000000 1.688138 0.818194
 1747.000000 1.830988 0.872811
 1748.000000 1.738480 0.800828
 1749.000000 1.739213 0.807870
 1750.000000 1.637686 0.816299
 1751.000000 1.697348 0.767014
 1752.000000 1.710572 0.824734
 1753.000000 1.659855 0.790148
 1754.000000 1.817866 0.804686
 1755.000000 1.761681 0.753179
 1756.000000 1.611462 0.686465
 1757.000000 1.691319 0.777133
 1758.000000 1.684589 0.762191
 1759.000000 1.850071 0.821219
 1760.000000 1.775107 0.812191
 1761.000000 1.765145 0.836408
 1762.000000 1.605898 0.803064
 1763.000000 1.744614 0.781929
 1764.000000 1.639699 0.716889
 1765.000000 1.784019 0.675189
 1766.000000 1.668742 0.698217
 1767.000000 1.672974 0.782720
 1768.000000 1.737855 0.768841
 1769.000000 1.769219 0.670937
 1770.000000 1.657450 0.744608
 1771.000000 1.792584 0.747458
 1772.000000 1.721066 0.716168
 1773.000000 1.635902 0.769788
 1774.000000 1.772214 0.748736
 1775.000000 1.692072 0.690248
 1776.000000 1.758246 0.755705
 1777.000000 1.770626 0.684331
 1778.000000 1.723169 0.771868
 1779.000000 1.720468 0.921694
 1780.000000 1.715396 0.757770
 1781.000000 1.702891 0.777567
 1782.000000 1.565426 0.740795
 1783.000000 1.632664 0.786970
 1784.000000 1.682586 0.707502
 1785.000000 1.734395 0.779712
 1786.000000 1.740053 0.740821
 1787.000000 1.674245 0.665470
 1788.000000 1.706845 0.742175
 1789.000000 1.784040 0.727335
 1790.000000 1.695923 0.762760
 1791.000000 1.730929 0.679276
 1792.000000 1.692431 0.694601
 1793.000000 1.710785 0.731312
 1794.000000 1.669085 0.697800
 1795.000000 1.740720 0.769938
 1796.000000 1.683983 0.764513
 1797.000000 1.736843 0.783836
 1798.000000 1.585483 0.817802
 1799.000000 1.682314 0.855792
 1800.000000 1.565176 0.809278
 1801.000000 1.636430 0.723078
 1802.000000 1.739822 0.827167
 1803.000000 1.637660 0.818686
 1804.000000 1.658018 0.727954
 1805.000000 1.656634 0.737959
 1806.000000 1.730225 0.777487
 1807.000000 1.645298 0.777042
 1808.000000 1.711350 0.842196
 1809.000000 1.747032 0.726832
 1810.000000 1.677273 0.754462
 1811.000000 1.717155 0.767326
 1812.000000 1.691103 0.769653
 1813.000000 1.683241 0.734798
 1814.000000 1.708317 0.822124
 1815.000000 1.789852 0.794415
 1816.000000 1.652430 0.721017
 1817.000000 1.774412 0.685663
 1818.000000 1.729149 0.746934
 1819.000000 1.777088 0.747639
 1820.000000 1.704733 0.788107
 1821.000000 1.701505 0.798385
 1822.000000 1.713781 0.762617
 1823.000000 1.708354 0.768627
 1824.000000 1.738646 0.710634
 1825.000000 1.758460 0.712202
 1826.000000 1.691859 0.730090
 1827.000000 1.770503 0.734346
 1828.000000 1.716264 0.790444
 1829.000000 1.745543 0.831756
 1830.000000 1.755371 0.697052
 1831.000000 1.654183 0.770924
 1832.000000 1.706862 0.796146
 1833.000000 1.747661 0.883676
 1834.000000 1.718709 0.789646
 1835.000000 1.679304 0.799335
 1836.000000 1.660394 0.738131
 1837.000000 1.642477 0.778810
 1838.000000 1.664063 0.795798
 1839.000000 1.740909 0.730521
 1840.000000 1.729318 0.753316
 1841.000000 1.677079 0.821525
 1842.000000 1.683434 0.812392
 1843.000000 1.659584 0.762883
 1844.000000 1.684636 0.776078
 1845.000000 1.699628 0.764463
 1846.000000 1.588997 0.709574
 1847.000000 1.619315 0.839994
 1848.000000 1.694509 0.827707
 1849.000000 1.692107 0.783666
 1850.000000 1.586333 0.742268
 1851.000000 1.689149 0.840716
 1852.000000 1.776330 0.909211
 1853.000000 1.696083 0.863997
 1854.000000 1.712691 0.797462
 1855.000000 1.638793 0.759761
 1856.000000 1.610298 0.833557
 1857.000000 1.783129 0.865501
 1858.000000 1.766612 0.823237
 1859.000000 1.684357 0.803232
 1860.000000 1.667685 0.786428
 1861.000000 1.612453 0.845219
 1862.000000 1.658358 0.800860
 1863.000000 1.705245 0.811471
 1864.000000 1.852108 0.789197
 1865.000000 1.672033 0.740882
 1866.000000 1.738721 0.807568
 1867.000000 1.750442 0.805933
 1868.000000 1.818728 0.735794
 1869.000000 1.775560 0.814997
 1870.000000 1.803158 0.810284
 1871.000000 1.842628 0.846185
 1872.000000 1.730588 0.802940
 1873.000000 1.831841 0.819912
 1874.000000 1.777740 0.865568
 1875.000000 1.658608 0.799343
 1876.000000 1.631376 0.730892
 1877.000000 1.717287 0.827941
 1878.000000 1.665476 0.820534
 1879.000000 1.752328 0.769532
 1880.000000 1.583471 0.757332
 1881.000000 1.726958 0.757196
 1882.000000 1.620279 0.732581
 1883.000000 1.712602 0.778213
 1884.000000 1.709012 0.826336
 1885.000000 1.711411 0.827804
 1886.000000 1.664726 0.820367
 1887.000000 1.659707 0.845372
 1888.000000 1.655810 0.757664
 1889.000000 1.653135 0.771476
 1890.000000 1.796989 0.797393
 1891.000000 1.754344 0.780272
 1892.000000 1.739141 0.827232
 1893.000000 1.640771 0.820577
 1894.000000 1.703976 0.816536
 1895.000000 1.791977 0.710515
 1896.000000 1.724481 0.704256
 1897.000000 1.752007 0.804222
 1898.000000 1.778175 0.784990
 1899.000000 1.720053 0.793199
 1900.000000 1.632359 0.711472
 1901.000000 1.665356 0.767454
 1902.000000 1.690239 0.775141
 1903.000000 1.702429 0.784557
 1904.000000 1.753159 0.758492
 1905.000000 1.757856 0.736646
 1906.000000 1.705337 0.717696
 1907.000000 1.683650 0.763222
 1908.000000 1.667156 0.752931
 1909.000000 1.720320 0.755538
 1910.000000 1.662634 0.746638
 1911.000000 1.658732 0.781110
 1912.000000 1.801665 0.790676
 1913.000000 1.716001 0.824881
 1914.000000 1.683398 0.772901
 1915.000000 1.748942 0.773377
 1916.000000 1.768066 0.781371
 1917.000000 1.754387 0.752777
 1918.000000 1.832127 0.706064
 1919.000000 1.665049 0.747950
 1920.000000 1.806352 0.764031
 1921.000000 1.673234 0.794720
 1922.000000 1.687715 0.795233
 1923.000000 1.757677 0.752344
 1924.000000 1.765027 0.762659
 1925.000000 1.740887 0.735688
 1926.000000 1.716419 0.808852
 1927.000000 1.685554 0.845454
 1928.000000 1.816976 0.779122
 1929.000000 1.652684 0.865803
 1930.000000 1.731879 0.848071
 1931.000000 1.599596 0.873985
 1932.000000 1.704541 0.811017
 1933.000000 1.715639 0.930986
 1934.000000 1.729441 0.820469
 1935.000000 1.603386 0.778413
 1936.000000 1.629935 0.756959
 1937.000000 1.624407 0.718474
 1938.000000 1.757106 0.724504
 1939.000000 1.776061 0.707970
 1940.000000 1.659362 0.726696
 1941.000000 1.794258 0.779585
 1942.000000 1.724240 0.798181
 1943.000000 1.720084 0.745837
 1944.000000 1.757681 0.705946
 1945.000000 1.653379 0.729523
 1946.000000 1.735240 0.693187
 1947.000000 1.764755 0.864822
 1948.000000 1.739208 0.872450
 1949.000000 1.610557 0.768523
 1950.000000 1.750041 0.831419
 1951.000000 1.778869 0.866281
 1952.000000 1.781682 0.822806
 1953.000000 1.848824 0.802734
 1954.000000 1.721554 0.750600
 1955.000000 1.777949 0.784034
 1956.000000 1.686120 0.730303
 1957.000000 1.733746 0.728449
 1958.000000 1.771615 0.781854
 1959.000000 1.782404 0.736824
 1960.000000 1.746083 0.776720
 1961.000000 1.730932 0.860099
 1962.000000 1.728067 0.714765
 1963.000000 1.703779 0.732677
 1964.000000 1.641434 0.768205
 1965.000000 1.627178 0.821469
 1966.000000 1.742490 0.761036
 1967.000000 1.774929 0.668281
 1968.000000 1.640580 0.699468
 1969.000000 1.751283 0.819046
 1970.000000 1.754715 0.817484
 1971.000000 1.657839 0.781788
 1972.000000 1.770860 0.727374
 1973.000000 1.715683 0.732885
 1974.000000 1.696505 0.786178
 1975.000000 1.830026 0.794895
 1976.000000 1.777955 0.724230
 1977.000000 1.820530 0.822597
 1978.000000 1.657680 0.759929
 1979.000000 1.763752 0.743009
 1980.000000 1.807109 0.746340
 1981.000000 1.720281 0.753384
 1982.000000 1.625952 0.804619
 1983.000000 1.804651 0.790169
 1984.000000 1.694289 0.787987
 1985.000000 1.785970 0.763727
 1986.000000 1.763487 0.752206
 1987.000000 1.722477 0.823041
 1988.000000 1.758583 0.817278
 1989.000000 1.778468 0.798985
 1990.000000 1.720774 0.726097
 1991.000000 1.727722 0.766685
 1992.000000 1.812918 0.828574
 1993.000000 1.722651 0.829164
 1994.000000 1.697106 0.750677
 1995.000000 1.609969 0.833140
 1996.000000 1.816757 0.829514
 1997.000000 1.651390 0.748433
 1998.000000 1.633970 0.804447
 1999.000000 1.604847 0.714251
 2000.000000 1.720429 0.762704
 2001.000000 1.701264 0.747932
 2002.000000 1.722805 0.846601
 2003.000000 1.653710 0.806269
 2004.000000 1.718299 0.697752
 2005.000000 1.713516 0.725551
 2006.000000 1.775665 0.759472
 2007.000000 1.821957 0.749730
 2008.000000 1.730479 0.797590
 2009.000000 1.758745 0.757411
 2010.000000 1.732245 0.793345
 2011.000000 1.639596 0.760969
 2012.000000 1.800028 0.859046
 2013.000000 1.615335 0.761317
 2014.000000 1.860359 0.780285
 2015.000000 1.649780 0.785785
 2016.000000 1.695553 0.820307
 2017.000000 1.729251 0.781254
 2018.000000 1.675112 0.831740
 2019.000000 1.646381 0.758347
 2020.000000 1.682069 0.753525
 2021.000000 1.667646 0.767897
 2022.000000 1.640465 0.748480
 2023.000000 1.614470 0.711422
 2024.000000 1.646817 0.757800
 2025.000000 1.714255 0.758780
 2026.000000 1.614898 0.749494
 2027.000000 1.660651 0.834890
 2028.000000 1.626280 0.804518
 2029.000000 1.657472 0.746359
 2030.000000 1.748545 0.777184
 2031.000000 1.726657 0.709360
 2032.000000 1.678104 0.740567
 2033.000000 1.823568 0.698683
 2034.000000 1.702575 0.783481
 2035.000000 1.669582 0.845171
 2036.000000 1.789790 0.788845
 2037.000000 1.682325 0.771482
 2038.000000 1.705189 0.713029
 2039.000000 1.695828 0.735666
 2040.000000 1.703022 0.771270
 2041.000000 1.591475 0.799146
 2042.000000 1.732356 0.766208
 2043.000000 1.722241 0.835763
 2044.000000 1.689823 0.752667
 2045.000000 1.738497 0.761675
 2046.000000 1.623035 0.840818
 2047.000000 1.706148 0.706920
 2048.000000 1.670195 0.735167
 2049.000000 1.673022 0.850287
 2050.000000 1.701828 0.717575
 2051.000000 1.735735 0.676739
 2052.000000 1.780246 0.767469
 2053.000000 1.681444 0.745901
 2054.000000 1.687691 0.792291
 2055.000000 1.697727 0.785463
 2056.000000 1.751836 0.726811
 2057.000000 1.692097 0.895375
 2058.000000 1.743975 0.805977
 2059.000000 1.794581 0.840298
 2060.000000 1.657444 0.703844
 2061.000000 1.736648 0.766371
 2062.000000 1.676118 0.816417
 2063.000000 1.676387 0.874262
 2064.000000 1.654091 0.738062
 2065.000000 1.678415 0.738756
 2066.000000 1.669748 0.723453
 2067.000000 1.682061 0.733110
 2068.000000 1.759013 0.798973
 2069.000000 1.794170 0.809766
 2070.000000 1.688950 0.750947
 2071.000000 1.792289 0.860058
 2072.000000 1.727491 0.771707
 2073.000000 1.755481 0.803924
 2074.000000 1.797741 0.687013
 2075.000000 1.671101 0.834394
 2076.000000 1.798145 0.753283
 2077.000000 1.780939 0.806147
 2078.000000 1.739656 0.803243
 2079.000000 1.725078 0.772535
 2080.000000 1.870801 0.767338
 2081.000000 1.749010 0.704910
 2082.000000 1.754631 0.753838
 2083.000000 1.843212 0.803483
 2084.000000 1.702248 0.704337
 2085.000000 1.832943 0.674334
 2086.000000 1.658103 0.777233
 2087.000000 1.730284 0.756362
 2088.000000 1.702996 0.672071
 2089.000000 1.676262 0.763332
 2090.000000 1.659346 0.771496
 2091.000000 1.736707 0.803328
 2092.000000 1.651741 0.723189
 2093.000000 1.707473 0.770101
 2094.000000 1.650447 0.770655
 2095.000000 1.670760 0.733814
 2096.000000 1.608812 0.736686
 2097.000000 1.647494 0.791828
 2098.000000 1.749478 0.748352
 2099.000000 1.642320 0.777553
 2100.000000 1.771864 0.731638
 2101.000000 1.733782 0.800977
 2102.000000 1.608749 0.687493
 2103.000000 1.708984 0.771161
 2104.000000 1.698439 0.786137
 2105.000000 1.632903 0.764335
 2106.000000 1.670060 0.744767
 2107.000000 1.672137 0.786699
 2108.000000 1.678563 0.674403
 2109.000000 1.758740 0.728595
 2110.000000 1.688386 0.671655
 2111.000000 1.754498 0.759535
 2112.000000 1.630306 0.688943
 2113.000000 1.584933 0.731885
 2114.000000 1.759324 0.655676
 2115.000000 1.646680 0.690391
 2116.000000 1.739484 0.710233
 2117.000000 1.594857 0.656487
 2118.000000 1.706795 0.660808
 2119.000000 1.668391 0.741356
 2120.000000 1.716823 0.684088
 2121.000000 1.671269 0.740432
 2122.000000 1.747465 0.702930
 2123.000000 1.745200 0.667719
 2124.000000 1.734747 0.757814
 2125.000000 1.740709 0.701464
 2126.000000 1.695224 0.766369
 2127.000000 1.728036 0.817446
 2128.000000 1.609304 0.822571
 2129.000000 1.665941 0.813987
 2130.000000 1.821901 0.749946
 2131.000000 1.693442 0.846806
 2132.000000 1.616308 0.808727
 2133.000000 1.711697 0.778091
 2134.000000 1.654343 0.795417
 2135.000000 1.771996 0.788695
 2136.000000 1.689155 0.737341
 2137.000000 1.686606 0.690801
 2138.000000 1.709243 0.799191
 2139.000000 1.742992 0.846515
 2140.000000 1.756803 0.806390
 2141.000000 1.674838 0.834014
 2142.000000 1.765632 0.777034
 2143.000000 1.678897 0.703873
 2144.000000 1.703454 0.690347
 2145.000000 1.667509 0.785598
 2146.000000 1.556181 0.764447
 2147.000000 1.589761 0.724967
 2148.000000 1.653257 0.689736
 2149.000000 1.624360 0.765504
 2150.000000 1.754414 0.726160
 2151.000000 1.730897 0.775626
 2152.000000 1.737284 0.800320
 2153.000000 1.684805 0.793875
 2154.000000 1.769824 0.792643
 2155.000000 1.747781 0.684053
 2156.000000 1.780048 0.723116
 2157.000000 1.774998 0.746500
 2158.000000 1.703842 0.727704
 2159.000000 1.756812 0.715911
 2160.000000 1.668499 0.754514
 2161.000000 1.716318 0.745554
 2162.000000 1.798440 0.765223
 2163.000000 1.713017 0.741673
 2164.000000 1.738888 0.715915
 2165.000000 1.635040 0.762752
 2166.000000 1.774963 0.767086
 2167.000000 1.722474 0.759922
 2168.000000 1.710353 0.731426
 2169.000000 1.688302 0.712728
 2170.000000 1.735132 0.731847
 2171.000000 1.698524 0.714347
 2172.000000 1.797100 0.696591
 2173.000000 1.818414 0.724117
 2174.000000 1.747666 0.791339
 2175.000000 1.853555 0.806948
 2176.000000 1.746885 0.708215
 2177.000000 1.697046 0.856295
 2178.000000 1.707019 0.827638
 2179.000000 1.707807 0.805563
 2180.000000 1.694230 0.806883
 2181.000000 1.634926 0.721114
 2182.000000 1.714868 0.710556
 2183.000000 1.700320 0.770016
 2184.000000 1.675075 0.733840
 2185.000000 1.656361 0.757156
 2186.000000 1.679278 0.724347
 2187.000000 1.647723 0.710637
 2188.000000 1.617612 0.729627
 2189.000000 1.745939 0.773226
 2190.000000 1.639913 0.683471
 2191.000000 1.694240 0.782061
 2192.000000 1.793007 0.769136
 2193.000000 1.656718 0.696388
 2194.000000 1.754037 0.870162
 2195.000000 1.729429 0.790611
 2196.000000 1.716392 0.747598
 2197.000000 1.669044 0.777394
 2198.000000 1.780179 0.703112
 2199.000000 1.764935 0.724126
 2200.000000 1.767660 0.759550
 2201.000000 1.746304 0.750014
 2202.000000 1.618951 0.783598
 2203.000000 1.737934 0.766494
 2204.000000 1.777262 0.748941
 2205.000000 1.550514 0.773838
 2206.000000 1.600704 0.782592
 2207.000000 1.528929 0.846265
 2208.000000 1.594505 0.764471
 2209.000000 1.627413 0.779215
 2210.000000 1.612908 0.764294
 2211.000000 1.716956 0.703110
 2212.000000 1.684415 0.739520
 2213.000000 1.753045 0.761437
 2214.000000 1.619881 0.824597
 2215.000000 1.679794 0.724104
 2216.000000 1.639744 0.644212
 2217.000000 1.714237 0.718366
 2218.000000 1.749311 0.719621
 2219.000000 1.678331 0.689189
 2220.000000 1.694338 0.817143
 2221.000000 1.794474 0.766180
 2222.000000 1.799002 0.768661
 2223.000000 1.734086 0.763744
 2224.000000 1.738668 0.810843
 2225.000000 1.870506 0.774903
 2226.000000 1.791331 0.760585
 2227.000000 1.719744 0.780571
 2228.000000 1.696406 0.755646
 2229.000000 1.831005 0.693878
 2230.000000 1.745202 0.793829
 2231.000000 1.669182 0.666628
 2232.000000 1.791157 0.735691
 2233.000000 1.683119 0.722824
 2234.000000 1.541702 0.744480
 2235.000000 1.661999 0.713292
 2236.000000 1.623157 0.716573
 2237.000000 1.653809 0.830123
 2238.000000 1.739610 0.812364
 2239.000000 1.684357 0.767817
 2240.000000 1.742226 0.772925
 2241.000000 1.682628 0.735217
 2242.000000 1.721240 0.627828
 2243.000000 1.665452 0.795294
 2244.000000 1.681312 0.633015
 2245.000000 1.704011 0.682367
 2246.000000 1.728805 0.702860
 2247.000000 1.647221 0.768213
 2248.000000 1.678984 0.732301
 2249.000000 1.745782 0.700072
 2250.000000 1.659649 0.726501
 2251.000000 1.690424 0.798710
 2252.000000 1.771294 0.809593
 2253.000000 1.667810 0.837614
 2254.000000 1.648272 0.852322
 2255.000000 1.778522 0.750320
 2256.000000 1.760127 0.670692
 2257.000000 1.683617 0.774804
 2258.000000 1.754938 0.756693
 2259.000000 1.728409 0.807457
 2260.000000 1.719057 0.848358
 2261.000000 1.596626 0.765709
 2262.000000 1.791756 0.757876
 2263.000000 1.780592 0.732628
 2264.000000 1.743702 0.773049
 2265.000000 1.704829 0.683314
 2266.000000 1.749250 0.659793
 2267.000000 1.706269 0.751709
 2268.000000 1.574782 0.752036
 2269.000000 1.694035 0.753231
 2270.000000 1.643664 0.759399
 2271.000000 1.768092 0.821327
 2272.000000 1.765430 0.677875
 2273.000000 1.779616 0.728753
 2274.000000 1.762190 0.753818
 2275.000000 1.723862 0.710437
 2276.000000 1.683134 0.698016
 2277.000000 1.603094 0.725656
 2278.000000 1.744678 0.678009
 2279.000000 1.685658 0.746760
 2280.000000 1.648413 0.676862
 2281.000000 1.687112 0.732524
 2282.000000 1.804864 0.703176
 2283.000000 1.723456 0.736577
 2284.000000 1.671008 0.761080
 2285.000000 1.717246 0.720561
 2286.000000 1.714395 0.705996
 2287.000000 1.788934 0.717086
 2288.000000 1.776002 0.726576
 2289.000000 1.664722 0.742241
 2290.000000 1.665517 0.664953
 2291.000000 1.666159 0.854644
 2292.000000 1.682164 0.743435
 2293.000000 1.833032 0.712084
 2294.000000 1.768679 0.695997
 2295.000000 1.743668 0.811250
 2296.000000 1.753096 0.819693
 2297.000000 1.723759 0.736647
 2298.000000 1.804741 0.848771
 2299.000000 1.800005 0.754085
 2300.000000 1.721418 0.779117
 2301.000000 1.751702 0.831815
 2302.000000 1.827733 0.740564
 2303.000000 1.779346 0.811151
 2304.000000 1.706038 0.815682
 2305.000000 1.735192 0.676410
 2306.000000 1.786303 0.688454
 2307.000000 1.592370 0.787036
 2308.000000 1.614314 0.734542
 2309.000000 1.749208 0.786742
 2310.000000 1.690453 0.801286
 2311.000000 1.812846 0.774327
 2312.000000 1.811795 0.714690
 2313.000000 1.729666 0.736801
 2314.000000 1.714950 0.797118
 2315.000000 1.719379 0.784077
 2316.000000 1.748799 0.742201
 2317.000000 1.617646 0.732184
 2318.000000 1.788756 0.800234
 2319.000000 1.739288 0.833547
 2320.000000 1.599316 0.678074
 2321.000000 1.701230 0.704815
 2322.000000 1.757339 0.781022
 2323.000000 1.770276 0.740720
 2324.000000 1.718968 0.814626
 2325.000000 1.814115 0.771867
 2326.000000 1.762773 0.804146
 2327.000000 1.736579 0.831443
 2328.000000 1.834657 0.778046
 2329.000000 1.777482 0.789924
 2330.000000 1.697304 0.792984
 2331.000000 1.733692 0.738182
 2332.000000 1.737687 0.710687
 2333.000000 1.714725 0.768792
 2334.000000 1.736980 0.848443
 2335.000000 1.626235 0.805639
 2336.000000 1.724720 0.776671
 2337.000000 1.711806 0.789875
 2338.000000 1.730146 0.780791
 2339.000000 1.724702 0.723470
 2340.000000 1.783603 0.714211
 2341.000000 1.679239 0.796406
 2342.000000 1.720477 0.855045
 2343.000000 1.768779 0.759198
 2344.000000 1.747727 0.816004
 2345.000000 1.720388 0.774434
 2346.000000 1.772052 0.744512
 2347.000000 1.613313 0.711462
 2348.000000 1.820879 0.728373
 2349.000000 1.611439 0.704906
 2350.000000 1.579285 0.867398
 2351.000000 1.722821 0.785327
 2352.000000 1.793320 0.853516
 2353.000000 1.802591 0.786860
 2354.000000 1.729259 0.865541
 2355.000000 1.722971 0.793475
 2356.000000 1.649924 0.780985
 2357.000000 1.746030 0.753737
 2358.000000 1.764730 0.762974
 2359.000000 1.796342 0.774495
 2360.000000 1.785754 0.706261
 2361.000000 1.821793 0.869451
 2362.000000 1.714538 0.762850
 2363.000000 1.696707 0.700724
 2364.000000 1.798450 0.724914
 2365.000000 1.674645 0.821130
 2366.000000 1.790133 0.778887
 2367.000000 1.636670 0.720575
 2368.000000 1.770224 0.785831
 2369.000000 1.708025 0.809834
 2370.000000 1.684612 0.750445
 2371.000000 1.630236 0.817215
 2372.000000 1.779536 0.784894
 2373.000000 1.698953 0.839521
 2374.000000 1.705929 0.879539
 2375.000000 1.655761 0.810561
 2376.000000 1.731151 0.748187
 2377.000000 1.682567 0.730191
 2378.000000 1.592769 0.871977
 2379.000000 1.710283 0.792414
 2380.000000 1.749679 0.789066
 2381.000000 1.803156 0.772033
 2382.000000 1.626053 0.830867
 2383.000000 1.706845 0.733711
 2384.000000 1.754658 0.833887
 2385.000000 1.754617 0.707453
 2386.000000 1.613754 0.789823
 2387.000000 1.777579 0.794113
 2388.000000 1.643340 0.755356
 2389.000000 1.640938 0.781340
 2390.000000 1.708331 0.825324
 2391.000000 1.716544 0.838222
 2392.000000 1.617022 0.797275
 2393.000000 1.625786 0.815342
 2394.000000 1.658033 0.756864
 2395.000000 1.730035 0.810021
 2396.000000 1.651734 0.792422
 2397.000000 1.657000 0.774306
 2398.000000 1.738312 0.762821
 2399.000000 1.697109 0.805194
 2400.000000 1.663759 0.767181
 2401.000000 1.793076 0.837960
 2402.000000 1.688422 0.790263
 2403.000000 1.741260 0.837233
 2404.000000 1.703546 0.772213
 2405.000000 1.620055 0.756763
 2406.000000 1.563871 0.763977
 2407.000000 1.674364 0.775926
 2408.000000 1.667216 0.771349
 2409.000000 1.783653 0.737710
 2410.000000 1.754710 0.747972
 2411.000000 1.684080 0.846887
 2412.000000 1.789231 0.764401
 2413.000000 1.694472 0.828677
 2414.000000 1.629288 0.869492
 2415.000000 1.699042 0.803109
 2416.000000 1.709041 0.765782
 2417.000000 1.609235 0.792119
 2418.000000 1.644038 0.743362
 2419.000000 1.773259 0.757194
 2420.000000 1.771456 0.760854
 2421.000000 1.597528 0.844595
 2422.000000 1.801016 0.791745
 2423.000000 1.732407 0.740966
 2424.000000 1.682767 0.773022
 2425.000000 1.727118 0.698647
 2426.000000 1.604450 0.731781
 2427.000000 1.752586 0.797914
 2428.000000 1.695791 0.730581
 2429.000000 1.722313 0.785672
 2430.000000 1.613767 0.711392
 2431.000000 1.708765 0.771081
 2432.000000 1.837283 0.784328
 2433.000000 1.807810 0.840191
 2434.000000 1.701627 0.677013
 2435.000000 1.683989 0.752349
 2436.000000 1.746491 0.764800
 2437.000000 1.656540 0.759623
 2438.000000 1.771426 0.781280
 2439.000000 1.661064 0.732841
 2440.000000 1.656519 0.686540
 2441.000000 1.664118 0.711379
 2442.000000 1.777694 0.741122
 2443.000000 1.664005 0.810764
 2444.000000 1.601475 0.804266
 2445.000000 1.639052 0.795596
 2446.000000 1.737416 0.687890
 2447.000000 1.769939 0.775371
 2448.000000 1.660753 0.801231
 2449.000000 1.653935 0.709832
 2450.000000 1.730373 0.819593
 2451.000000 1.664278 0.713436
 2452.000000 1.713867 0.803791
 2453.000000 1.695955 0.804943
 2454.000000 1.663432 0.748927
 2455.000000 1.801077 0.748604
 2456.000000 1.729884 0.721877
 2457.000000 1.787003 0.726726
 2458.000000 1.728941 0.749312
 2459.000000 1.680480 0.729556
 2460.000000 1.540413 0.775369
 2461.000000 1.712247 0.772608
 2462.000000 1.664442 0.776660
 2463.000000 1.697439 0.743060
 2464.000000 1.609624 0.686870
 2465.000000 1.640593 0.738049
 2466.000000 1.710318 0.758697
 2467.000000 1.704868 0.746399
 2468.000000 1.768537 0.733701
 2469.000000 1.653342 0.682583
 2470.000000 1.667896 0.740383
 2471.000000 1.725382 0.810650
 2472.000000 1.807627 0.783855
 2473.000000 1.701917 0.796301
 2474.000000 1.571180 0.740514
 2475.000000 1.547800 0.794746
 2476.000000 1.649948 0.728787
 2477.000000 1.551427 0.746964
 2478.000000 1.793691 0.754157
 2479.000000 1.673929 0.841009
 2480.000000 1.810761 0.820218
 2481.000000 1.620617 0.821099
 2482.000000 1.716317 0.832626
 2483.000000 1.806395 0.866407
 2484.000000 1.666081 0.769744
 2485.000000 1.771733 0.864240
 2486.000000 1.712151 0.855585
 2487.000000 1.652350 0.823731
 2488.000000 1.648018 0.771955
 2489.000000 1.606260 0.853962
 2490.000000 1.749887 0.865588
 2491.000000 1.583504 0.807112
 2492.000000 1.652418 0.720947
 2493.000000 1.655158 0.791010
 2494.000000 1.562055 0.753776
 2495.000000 1.669282 0.784129
 2496.000000 1.678676 0.791441
 2497.000000 1.727839 0.776123
 2498.000000 1.715212 0.802420
 2499.000000 1.698791 0.775966
 2500.000000 1.648451 0.782603
