#! FIELDS time pd_137_140 diff
 0.000000 1.592751 1.225463
 1.000000 1.573419 1.387775
 2.000000 1.558058 1.425142
 3.000000 1.664885 1.434624
 4.000000 1.641572 1.502867
 5.000000 1.623293 1.448341
 6.000000 1.631903 1.533604
 7.000000 1.743076 1.406718
 8.000000 1.628685 1.378368
 9.000000 1.574687 1.438757
 10.000000 1.623556 1.423534
 11.000000 1.693326 1.448694
 12.000000 1.695827 1.503085
 13.000000 1.703992 1.489002
 14.000000 1.589356 1.410491
 15.000000 1.689597 1.502659
 16.000000 1.665112 1.505939
 17.000000 1.592150 1.535306
 18.000000 1.543958 1.415478
 19.000000 1.649455 1.520324
 20.000000 1.575112 1.448022
 21.000000 1.611338 1.420172
 22.000000 1.648377 1.488339
 23.000000 1.592626 1.484386
 24.000000 1.630041 1.488807
 25.000000 1.496967 1.547107
 26.000000 1.591821 1.492629
 27.000000 1.504465 1.587067
 28.000000 1.502720 1.527323
 29.000000 1.530998 1.554705
 30.000000 1.517508 1.558307
 31.000000 1.609964 1.483493
 32.000000 1.660866 1.549719
 33.000000 1.583372 1.579685
 34.000000 1.565019 1.504890
 35.000000 1.583879 1.542313
 36.000000 1.666219 1.673582
 37.000000 1.600622 1.529221
 38.000000 1.568543 1.543138
 39.000000 1.607258 1.535401
 40.000000 1.688037 1.446364
 41.000000 1.633832 1.492630
 42.000000 1.645626 1.578184
 43.000000 1.699081 1.541411
 44.000000 1.520648 1.598101
 45.000000 1.497214 1.631016
 46.000000 1.576577 1.623812
 47.000000 1.629788 1.560224
 48.000000 1.547495 1.547685
 49.000000 1.622402 1.511103
 50.000000 1.654045 1.463410
 51.000000 1.516635 1.622704
 52.000000 1.566173 1.497937
 53.000000 1.537915 1.578732
 54.000000 1.681859 1.592045
 55.000000 1.499597 1.604200
 56.000000 1.572345 1.522161
 57.000000 1.658632 1.560699
 58.000000 1.443856 1.551434
 59.000000 1.613107 1.666896
 60.000000 1.504186 1.625947
 61.000000 1.507718 1.603666
 62.000000 1.603475 1.559997
 63.000000 1.628667 1.567923
 64.000000 1.644862 1.659284
 65.000000 1.510025 1.568954
 66.000000 1.599540 1.690174
 67.000000 1.515060 1.655145
 68.000000 1.533674 1.492554
 69.000000 1.611077 1.549610
 70.000000 1.628765 1.599846
 71.000000 1.603023 1.500914
 72.000000 1.706100 1.613030
 73.000000 1.657433 1.574599
 74.000000 1.627280 1.594724
 75.000000 1.758152 1.562415
 76.000000 1.749624 1.532981
 77.000000 1.680412 1.613355
 78.000000 1.695372 1.576141
 79.000000 1.667036 1.633567
 80.000000 1.713156 1.698611
 81.000000 1.624944 1.566356
 82.000000 1.590348 1.498136
 83.000000 1.593014 1.449463
 84.000000 1.652383 1.508384
 85.000000 1.573521 1.486052
 86.000000 1.735933 1.417237
 87.000000 1.675013 1.438496
 88.000000 1.641218 1.483658
 89.000000 1.703934 1.398014
 90.000000 1.667186 1.458095
 91.000000 1.695745 1.436428
 92.000000 1.649390 1.403686
 93.000000 1.647189 1.514447
 94.000000 1.535546 1.535944
 95.000000 1.625097 1.487378
 96.000000 1.596354 1.665407
 97.000000 1.664016 1.497411
 98.000000 1.583217 1.467058
 99.000000 1.677171 1.444488
 100.000000 1.595235 1.627855
 101.000000 1.624650 1.508313
 102.000000 1.555263 1.505123
 103.000000 1.459372 1.511941
 104.000000 1.573383 1.531285
 105.000000 1.464649 1.547055
 106.000000 1.528728 1.523033
 107.000000 1.547444 1.513914
 108.000000 1.513015 1.507996
 109.000000 1.546188 1.533185
 110.000000 1.494975 1.520047
 111.000000 1.485528 1.583741
 112.000000 1.597991 1.516471
 113.000000 1.524989 1.554815
 114.000000 1.581985 1.567446
 115.000000 1.576479 1.609728
 116.000000 1.538411 1.530441
 117.000000 1.659319 1.568060
 118.000000 1.632682 1.461155
 119.000000 1.686783 1.476026
 120.000000 1.585389 1.517737
 121.000000 1.565403 1.462617
 122.000000 1.653825 1.556526
 123.000000 1.638076 1.475784
 124.000000 1.580089 1.550815
 125.000000 1.621497 1.564681
 126.000000 1.560537 1.565585
 127.000000 1.629684 1.567073
 128.000000 1.571387 1.545330
 129.000000 1.548399 1.530591
 130.000000 1.689163 1.548377
 131.000000 1.597731 1.564725
 132.000000 1.613628 1.662408
 133.000000 1.548576 1.545684
 134.000000 1.652562 1.569609
 135.000000 1.509296 1.635603
 136.000000 1.582031 1.563560
 137.000000 1.659397 1.430901
 138.000000 1.489582 1.586345
 139.000000 1.580401 1.566813
 140.000000 1.548410 1.506195
 141.000000 1.568203 1.486773
 142.000000 1.492687 1.532087
 143.000000 1.446207 1.549951
 144.000000 1.557969 1.493491
 145.000000 1.632710 1.532791
 146.000000 1.454019 1.556722
 147.000000 1.542381 1.504248
 148.000000 1.635802 1.547592
 149.000000 1.559093 1.499167
 150.000000 1.659971 1.570402
 151.000000 1.570236 1.566188
 152.000000 1.660804 1.525018
 153.000000 1.670648 1.544316
 154.000000 1.524308 1.573243
 155.000000 1.583166 1.545947
 156.000000 1.483327 1.515699
 157.000000 1.603143 1.527830
 158.000000 1.585696 1.501397
 159.000000 1.628212 1.545951
 160.000000 1.686360 1.490528
 161.000000 1.716851 1.466071
 162.000000 1.596750 1.497446
 163.000000 1.609639 1.478449
 164.000000 1.568548 1.480460
 165.000000 1.757374 1.533159
 166.000000 1.599560 1.534669
 167.000000 1.580372 1.492678
 168.000000 1.656312 1.508172
 169.000000 1.683640 1.529859
 170.000000 1.576368 1.516153
 171.000000 1.665780 1.548172
 172.000000 1.534784 1.536791
 173.000000 1.644641 1.522904
 174.000000 1.669530 1.409566
 175.000000 1.607784 1.497531
 176.000000 1.641903 1.442029
 177.000000 1.743458 1.501007
 178.000000 1.647545 1.430562
 179.000000 1.705307 1.509153
 180.000000 1.633635 1.424756
 181.000000 1.608786 1.465064
 182.000000 1.617633 1.520269
 183.000000 1.672880 1.533993
 184.000000 1.709974 1.589603
 185.000000 1.697869 1.448889
 186.000000 1.703632 1.472888
 187.000000 1.679564 1.503200
 188.000000 1.719552 1.493251
 189.000000 1.580186 1.575726
 190.000000 1.681740 1.480215
 191.000000 1.625196 1.540070
 192.000000 1.570124 1.650132
 193.000000 1.666338 1.537431
 194.000000 1.648980 1.602464
 195.000000 1.778467 1.542291
 196.000000 1.473147 1.543441
 197.000000 1.598533 1.515297
 198.000000 1.643697 1.585419
 199.000000 1.620665 1.519476
 200.000000 1.540686 1.514039
 201.000000 1.606327 1.570307
 202.000000 1.690676 1.580644
 203.000000 1.655277 1.524469
 204.000000 1.562207 1.512511
 205.000000 1.656839 1.483430
 206.000000 1.607001 1.530771
 207.000000 1.561402 1.587840
 208.000000 1.720653 1.551786
 209.000000 1.584140 1.625658
 210.000000 1.574897 1.602623
 211.000000 1.602053 1.583653
 212.000000 1.613994 1.558729
 213.000000 1.528397 1.556552
 214.000000 1.644976 1.560401
 215.000000 1.534840 1.583441
 216.000000 1.650116 1.540529
 217.000000 1.540739 1.530270
 218.000000 1.611965 1.575406
 219.000000 1.589837 1.481986
 220.000000 1.683789 1.512328
 221.000000 1.609735 1.551620
 222.000000 1.518979 1.617448
 223.000000 1.553032 1.546323
 224.000000 1.569864 1.446438
 225.000000 1.493863 1.492428
 226.000000 1.590418 1.552130
 227.000000 1.538193 1.547217
 228.000000 1.640822 1.494425
 229.000000 1.436073 1.533068
 230.000000 1.570238 1.474545
 231.000000 1.529985 1.551547
 232.000000 1.584745 1.523252
 233.000000 1.534803 1.503880
 234.000000 1.457652 1.499348
 235.000000 1.516544 1.487149
 236.000000 1.584113 1.491028
 237.000000 1.608897 1.580855
 238.000000 1.635590 1.506030
 239.000000 1.535923 1.421054
 240.000000 1.548652 1.534305
 241.000000 1.444465 1.530198
 242.000000 1.557559 1.502628
 243.000000 1.441573 1.467094
 244.000000 1.638231 1.518889
 245.000000 1.512027 1.528742
 246.000000 1.556605 1.466248
 247.000000 1.493862 1.535298
 248.000000 1.570722 1.512728
 249.000000 1.462253 1.516546
 250.000000 1.458539 1.490567
 251.000000 1.542104 1.501731
 252.000000 1.434828 1.563025
 253.000000 1.465491 1.491929
 254.000000 1.573947 1.423825
 255.000000 1.519140 1.535236
 256.000000 1.489206 1.475638
 257.000000 1.610842 1.569905
 258.000000 1.612553 1.504557
 259.000000 1.584052 1.497309
 260.000000 1.616829 1.527721
 261.000000 1.565290 1.545320
 262.000000 1.566377 1.518402
 263.000000 1.534007 1.418364
 264.000000 1.602923 1.540148
 265.000000 1.477826 1.530324
 266.000000 1.524204 1.501626
 267.000000 1.498925 1.510703
 268.000000 1.492323 1.586155
 269.000000 1.376567 1.544816
 270.000000 1.518133 1.476902
 271.000000 1.549790 1.472960
 272.000000 1.509813 1.540821
 273.000000 1.528988 1.499435
 274.000000 1.497707 1.531392
 275.000000 1.559608 1.552334
 276.000000 1.540925 1.566600
 277.000000 1.458586 1.590524
 278.000000 1.585642 1.536324
 279.000000 1.479768 1.499914
 280.000000 1.501155 1.515460
 281.000000 1.501651 1.529716
 282.000000 1.591319 1.575743
 283.000000 1.531226 1.566048
 284.000000 1.558232 1.451933
 285.000000 1.486703 1.522295
 286.000000 1.523420 1.463688
 287.000000 1.548441 1.476893
 288.000000 1.570449 1.531114
 289.000000 1.579498 1.590089
 290.000000 1.677737 1.490987
 291.000000 1.459854 1.493344
 292.000000 1.523839 1.502277
 293.000000 1.500913 1.478496
 294.000000 1.514788 1.489046
 295.000000 1.541720 1.453414
 296.000000 1.483925 1.488230
 297.000000 1.597071 1.505620
 298.000000 1.472479 1.512082
 299.000000 1.533134 1.413092
 300.000000 1.550837 1.540784
 301.000000 1.560331 1.586081
 302.000000 1.578094 1.527394
 303.000000 1.636623 1.552565
 304.000000 1.529678 1.491922
 305.000000 1.579176 1.601148
 306.000000 1.674742 1.524318
 307.000000 1.575462 1.496156
 308.000000 1.570954 1.478348
 309.000000 1.550631 1.480084
 310.000000 1.574837 1.602538
 311.000000 1.476857 1.553153
 312.000000 1.666701 1.494131
 313.000000 1.646199 1.552826
 314.000000 1.433202 1.492202
 315.000000 1.552792 1.524465
 316.000000 1.504416 1.588092
 317.000000 1.594691 1.521537
 318.000000 1.537828 1.608947
 319.000000 1.563988 1.501044
 320.000000 1.667876 1.492239
 321.000000 1.708466 1.489401
 322.000000 1.550782 1.620734
 323.000000 1.605240 1.555115
 324.000000 1.475810 1.517545
 325.000000 1.549974 1.429507
 326.000000 1.518683 1.522483
 327.000000 1.636030 1.459767
 328.000000 1.541744 1.480210
 329.000000 1.483432 1.504728
 330.000000 1.541296 1.575739
 331.000000 1.629778 1.597349
 332.000000 1.645759 1.617332
 333.000000 1.476515 1.589066
 334.000000 1.610783 1.505889
 335.000000 1.551791 1.531773
 336.000000 1.515890 1.565254
 337.000000 1.584937 1.524164
 338.000000 1.500275 1.597443
 339.000000 1.507662 1.516653
 340.000000 1.548328 1.518167
 341.000000 1.500784 1.681915
 342.000000 1.477988 1.579136
 343.000000 1.580500 1.560916
 344.000000 1.596656 1.486363
 345.000000 1.621392 1.618565
 346.000000 1.560400 1.500126
 347.000000 1.449577 1.569393
 348.000000 1.511546 1.500778
 349.000000 1.577673 1.529906
 350.000000 1.532776 1.630821
 351.000000 1.545522 1.526048
 352.000000 1.533759 1.541374
 353.000000 1.624123 1.594097
 354.000000 1.600791 1.552469
 355.000000 1.519762 1.530746
 356.000000 1.674990 1.612439
 357.000000 1.567058 1.612571
 358.000000 1.733869 1.521818
 359.000000 1.749194 1.565399
 360.000000 1.609649 1.520531
 361.000000 1.496595 1.546458
 362.000000 1.626832 1.540215
 363.000000 1.642859 1.528799
 364.000000 1.759702 1.493449
 365.000000 1.684823 1.501556
 366.000000 1.580750 1.573006
 367.000000 1.558987 1.470135
 368.000000 1.576361 1.497237
 369.000000 1.592158 1.564469
 370.000000 1.536980 1.550131
 371.000000 1.534029 1.474859
 372.000000 1.546034 1.495491
 373.000000 1.535799 1.465208
 374.000000 1.563612 1.547599
 375.000000 1.563156 1.538792
 376.000000 1.550070 1.556361
 377.000000 1.635440 1.539606
 378.000000 1.536391 1.587359
 379.000000 1.536590 1.555610
 380.000000 1.546341 1.553530
 381.000000 1.625456 1.615787
 382.000000 1.699761 1.549142
 383.000000 1.476198 1.553790
 384.000000 1.569029 1.544570
 385.000000 1.613942 1.476493
 386.000000 1.631812 1.517978
 387.000000 1.509470 1.510039
 388.000000 1.648992 1.513751
 389.000000 1.544320 1.557912
 390.000000 1.532323 1.521650
 391.000000 1.585665 1.534052
 392.000000 1.549879 1.588899
 393.000000 1.626326 1.457792
 394.000000 1.587352 1.429120
 395.000000 1.514030 1.581467
 396.000000 1.355572 1.494577
 397.000000 1.504270 1.517501
 398.000000 1.515413 1.526820
 399.000000 1.489292 1.532597
 400.000000 1.527298 1.538861
 401.000000 1.641785 1.550142
 402.000000 1.471587 1.569520
 403.000000 1.625204 1.480677
 404.000000 1.586682 1.535235
 405.000000 1.686991 1.474756
 406.000000 1.650341 1.454212
 407.000000 1.628301 1.483548
 408.000000 1.642728 1.523149
 409.000000 1.594217 1.479740
 410.000000 1.544449 1.496239
 411.000000 1.597454 1.445543
 412.000000 1.572276 1.504480
 413.000000 1.494804 1.537810
 414.000000 1.598447 1.530880
 415.000000 1.621333 1.607137
 416.000000 1.562961 1.492678
 417.000000 1.582167 1.566899
 418.000000 1.719685 1.597560
 419.000000 1.574771 1.541552
 420.000000 1.729366 1.499951
 421.000000 1.587889 1.490174
 422.000000 1.581387 1.500793
 423.000000 1.566424 1.548392
 424.000000 1.614237 1.503634
 425.000000 1.579108 1.456793
 426.000000 1.551844 1.587810
 427.000000 1.606910 1.493976
 428.000000 1.657476 1.431285
 429.000000 1.516396 1.491496
 430.000000 1.619076 1.422826
 431.000000 1.584627 1.475331
 432.000000 1.581165 1.465332
 433.000000 1.614302 1.431779
 434.000000 1.650333 1.487046
 435.000000 1.506122 1.485395
 436.000000 1.545740 1.551122
 437.000000 1.583732 1.472966
 438.000000 1.588170 1.576739
 439.000000 1.587791 1.569616
 440.000000 1.477499 1.517489
 441.000000 1.570879 1.546267
 442.000000 1.548117 1.382526
 443.000000 1.645020 1.515183
 444.000000 1.469520 1.459288
 445.000000 1.351983 1.546828
 446.000000 1.601553 1.589197
 447.000000 1.469943 1.527702
 448.000000 1.556059 1.453686
 449.000000 1.486547 1.465390
 450.000000 1.450794 1.478623
 451.000000 1.620744 1.514775
 452.000000 1.614911 1.544669
 453.000000 1.706340 1.481983
 454.000000 1.653508 1.447967
 455.000000 1.589064 1.438735
 456.000000 1.668452 1.532238
 457.000000 1.529065 1.468479
 458.000000 1.688635 1.502831
 459.000000 1.586307 1.564532
 460.000000 1.607239 1.497328
 461.000000 1.707108 1.531448
 462.000000 1.720171 1.442542
 463.000000 1.538766 1.544087
 464.000000 1.604608 1.560345
 465.000000 1.685645 1.525283
 466.000000 1.570509 1.518599
 467.000000 1.590733 1.512164
 468.000000 1.639954 1.630934
 469.000000 1.702216 1.536395
 470.000000 1.723733 1.502790
 471.000000 1.609948 1.410209
 472.000000 1.628069 1.427748
 473.000000 1.693314 1.380576
 474.000000 1.558437 1.446994
 475.000000 1.725694 1.537365
 476.000000 1.552843 1.474307
 477.000000 1.629471 1.424949
 478.000000 1.640573 1.454225
 479.000000 1.598387 1.572369
 480.000000 1.598262 1.520145
 481.000000 1.530011 1.466173
 482.000000 1.608451 1.511142
 483.000000 1.749984 1.591659
 484.000000 1.753662 1.573657
 485.000000 1.713350 1.524471
 486.000000 1.709046 1.579850
 487.000000 1.602440 1.505540
 488.000000 1.648558 1.557721
 489.000000 1.672284 1.567457
 490.000000 1.595063 1.560362
 491.000000 1.690147 1.536286
 492.000000 1.726479 1.483774
 493.000000 1.647945 1.474355
 494.000000 1.523969 1.499462
 495.000000 1.537096 1.545388
 496.000000 1.584022 1.544962
 497.000000 1.576067 1.559205
 498.000000 1.614147 1.570552
 499.000000 1.571975 1.608704
 500.000000 1.693828 1.524375
 501.000000 1.759718 1.538197
 502.000000 1.606005 1.549034
 503.000000 1.693142 1.500060
 504.000000 1.748457 1.581628
 505.000000 1.682264 1.535982
 506.000000 1.610134 1.535821
 507.000000 1.709698 1.514070
 508.000000 1.571061 1.506216
 509.000000 1.591122 1.465340
 510.000000 1.620296 1.562696
 511.000000 1.429135 1.508000
 512.000000 1.610868 1.543254
 513.000000 1.681522 1.692298
 514.000000 1.554425 1.501454
 515.000000 1.583467 1.573338
 516.000000 1.497290 1.565485
 517.000000 1.634638 1.502354
 518.000000 1.737670 1.457688
 519.000000 1.705243 1.494991
 520.000000 1.513099 1.492459
 521.000000 1.630942 1.456555
 522.000000 1.569807 1.509955
 523.000000 1.675926 1.495358
 524.000000 1.602046 1.484966
 525.000000 1.533615 1.599778
 526.000000 1.499522 1.523824
 527.000000 1.628927 1.623349
 528.000000 1.681637 1.590622
 529.000000 1.565391 1.595526
 530.000000 1.635528 1.560723
 531.000000 1.567422 1.528333
 532.000000 1.667725 1.501901
 533.000000 1.667594 1.481359
 534.000000 1.752114 1.460133
 535.000000 1.627168 1.484057
 536.000000 1.598515 1.516908
 537.000000 1.664611 1.468406
 538.000000 1.676905 1.478932
 539.000000 1.661044 1.512171
 540.000000 1.571583 1.501630
 541.000000 1.626121 1.539293
 542.000000 1.670616 1.436817
 543.000000 1.686974 1.412267
 544.000000 1.619664 1.491442
 545.000000 1.597825 1.448729
 546.000000 1.543699 1.568975
 547.000000 1.519755 1.525830
 548.000000 1.600931 1.477906
 549.000000 1.544532 1.524581
 550.000000 1.637159 1.481338
 551.000000 1.535815 1.518857
 552.000000 1.637160 1.521133
 553.000000 1.601316 1.554724
 554.000000 1.688128 1.520785
 555.000000 1.657000 1.474068
 556.000000 1.618837 1.456360
 557.000000 1.577601 1.511863
 558.000000 1.669720 1.573900
 559.000000 1.725263 1.597340
 560.000000 1.671291 1.452814
 561.000000 1.687412 1.548681
 562.000000 1.564372 1.509334
 563.000000 1.661647 1.549962
 564.000000 1.686345 1.498389
 565.000000 1.570471 1.479949
 566.000000 1.702490 1.554616
 567.000000 1.745072 1.598330
 568.000000 1.616050 1.601951
 569.000000 1.629505 1.643530
 570.000000 1.645245 1.572814
 571.000000 1.656620 1.566790
 572.000000 1.669398 1.524869
 573.000000 1.672420 1.618294
 574.000000 1.652804 1.571314
 575.000000 1.619316 1.563585
 576.000000 1.633664 1.506475
 577.000000 1.758751 1.535173
 578.000000 1.726862 1.563572
 579.000000 1.682324 1.627296
 580.000000 1.734383 1.573175
 581.000000 1.591387 1.531062
 582.000000 1.715990 1.466863
 583.000000 1.694135 1.544159
 584.000000 1.573815 1.534650
 585.000000 1.544174 1.524376
 586.000000 1.660730 1.588456
 587.000000 1.697555 1.544640
 588.000000 1.587117 1.529878
 589.000000 1.609169 1.575128
 590.000000 1.625178 1.512113
 591.000000 1.523820 1.538266
 592.000000 1.693226 1.553673
 593.000000 1.546937 1.554719
 594.000000 1.663628 1.524343
 595.000000 1.614949 1.603460
 596.000000 1.520635 1.515905
 597.000000 1.555002 1.548504
 598.000000 1.630716 1.523953
 599.000000 1.642959 1.543680
 600.000000 1.701939 1.604919
 601.000000 1.658768 1.563059
 602.000000 1.695791 1.506395
 603.000000 1.710717 1.550454
 604.000000 1.612744 1.522997
 605.000000 1.650065 1.549309
 606.000000 1.586744 1.594843
 607.000000 1.658087 1.541577
 608.000000 1.692776 1.542097
 609.000000 1.751523 1.478411
 610.000000 1.538867 1.563319
 611.000000 1.661974 1.530387
 612.000000 1.706173 1.535051
 613.000000 1.748564 1.532125
 614.000000 1.712849 1.580060
 615.000000 1.587974 1.532893
 616.000000 1.649236 1.507682
 617.000000 1.603619 1.572885
 618.000000 1.674335 1.556617
 619.000000 1.567140 1.557775
 620.000000 1.794008 1.550409
 621.000000 1.682452 1.555668
 622.000000 1.541404 1.606516
 623.000000 1.580091 1.473372
 624.000000 1.618574 1.434709
 625.000000 1.723218 1.603572
 626.000000 1.558457 1.556661
 627.000000 1.546469 1.512037
 628.000000 1.545391 1.428162
 629.000000 1.512653 1.522056
 630.000000 1.586940 1.512585
 631.000000 1.538446 1.485367
 632.000000 1.610764 1.512112
 633.000000 1.600813 1.526424
 634.000000 1.680036 1.504166
 635.000000 1.717708 1.589219
 636.000000 1.686614 1.547275
 637.000000 1.593348 1.553724
 638.000000 1.620588 1.585923
 639.000000 1.605960 1.488634
 640.000000 1.707335 1.521150
 641.000000 1.561607 1.450266
 642.000000 1.589544 1.416289
 643.000000 1.608659 1.408965
 644.000000 1.567688 1.363344
 645.000000 1.751886 1.442400
 646.000000 1.610447 1.387702
 647.000000 1.728895 1.450867
 648.000000 1.692712 1.484605
 649.000000 1.764562 1.392072
 650.000000 1.629189 1.430572
 651.000000 1.607228 1.414876
 652.000000 1.702726 1.463632
 653.000000 1.668957 1.480565
 654.000000 1.593425 1.528211
 655.000000 1.588148 1.529805
 656.000000 1.649260 1.486186
 657.000000 1.739990 1.495760
 658.000000 1.521398 1.463780
 659.000000 1.633694 1.527824
 660.000000 1.649891 1.532309
 661.000000 1.596693 1.568434
 662.000000 1.605035 1.534227
 663.000000 1.563602 1.557285
 664.000000 1.556277 1.622063
 665.000000 1.644071 1.545212
 666.000000 1.686055 1.589110
 667.000000 1.766804 1.477058
 668.000000 1.681536 1.398354
 669.000000 1.637832 1.453280
 670.000000 1.704869 1.516477
 671.000000 1.575301 1.552529
 672.000000 1.728188 1.522180
 673.000000 1.605506 1.490273
 674.000000 1.590173 1.480120
 675.000000 1.766299 1.579020
 676.000000 1.638478 1.500278
 677.000000 1.646346 1.505097
 678.000000 1.579486 1.543308
 679.000000 1.683844 1.521781
 680.000000 1.632492 1.591893
 681.000000 1.647371 1.630322
 682.000000 1.632356 1.572656
 683.000000 1.688395 1.603207
 684.000000 1.638376 1.508130
 685.000000 1.755825 1.607364
 686.000000 1.532024 1.488348
 687.000000 1.691571 1.540781
 688.000000 1.677997 1.589600
 689.000000 1.701250 1.524203
 690.000000 1.609704 1.509913
 691.000000 1.618941 1.537098
 692.000000 1.747788 1.572568
 693.000000 1.801458 1.525029
 694.000000 1.717938 1.529192
 695.000000 1.632116 1.524593
 696.000000 1.604016 1.581302
 697.000000 1.615810 1.533298
 698.000000 1.616234 1.639976
 699.000000 1.550583 1.586144
 700.000000 1.658146 1.612635
 701.000000 1.608709 1.586650
 702.000000 1.639535 1.592493
 703.000000 1.593883 1.587373
 704.000000 1.564622 1.531778
 705.000000 1.696178 1.496991
 706.000000 1.729047 1.499168
 707.000000 1.623985 1.524199
 708.000000 1.658309 1.590830
 709.000000 1.621984 1.602168
 710.000000 1.641726 1.603603
 711.000000 1.650946 1.492018
 712.000000 1.580262 1.485757
 713.000000 1.555662 1.589104
 714.000000 1.678892 1.558868
 715.000000 1.645640 1.565770
 716.000000 1.715115 1.549989
 717.000000 1.723290 1.462992
 718.000000 1.671153 1.536352
 719.000000 1.690353 1.511397
 720.000000 1.723487 1.572429
 721.000000 1.681977 1.554002
 722.000000 1.671546 1.516989
 723.000000 1.651919 1.495806
 724.000000 1.552556 1.499801
 725.000000 1.684206 1.471907
 726.000000 1.597289 1.542801
 727.000000 1.647645 1.474340
 728.000000 1.542096 1.466552
 729.000000 1.617999 1.527841
 730.000000 1.557303 1.532793
 731.000000 1.563720 1.501437
 732.000000 1.663332 1.546629
 733.000000 1.546475 1.480658
 734.000000 1.716902 1.493237
 735.000000 1.593488 1.437685
 736.000000 1.653522 1.526673
 737.000000 1.675429 1.563773
 738.000000 1.531429 1.500530
 739.000000 1.648361 1.551163
 740.000000 1.575311 1.576577
 741.000000 1.532181 1.579970
 742.000000 1.541478 1.592345
 743.000000 1.661026 1.554966
 744.000000 1.585558 1.532015
 745.000000 1.564919 1.552190
 746.000000 1.636127 1.516285
 747.000000 1.592950 1.544483
 748.000000 1.636199 1.575001
 749.000000 1.670592 1.493444
 750.000000 1.604585 1.508138
 751.000000 1.591251 1.470106
 752.000000 1.632744 1.488658
 753.000000 1.507333 1.482766
 754.000000 1.634827 1.579323
 755.000000 1.647559 1.617672
 756.000000 1.623364 1.508315
 757.000000 1.609094 1.498640
 758.000000 1.648431 1.473648
 759.000000 1.598368 1.572089
 760.000000 1.646884 1.510904
 761.000000 1.542645 1.541801
 762.000000 1.655705 1.494850
 763.000000 1.650265 1.535139
 764.000000 1.653316 1.492977
 765.000000 1.592979 1.456151
 766.000000 1.537983 1.459644
 767.000000 1.678961 1.466821
 768.000000 1.610883 1.446876
 769.000000 1.610015 1.497197
 770.000000 1.604874 1.410220
 771.000000 1.677849 1.471180
 772.000000 1.502725 1.533228
 773.000000 1.586200 1.490865
 774.000000 1.659671 1.471083
 775.000000 1.514117 1.467280
 776.000000 1.517248 1.475875
 777.000000 1.684186 1.470081
 778.000000 1.612605 1.405882
 779.000000 1.625291 1.432997
 780.000000 1.595966 1.419089
 781.000000 1.647203 1.480712
 782.000000 1.603362 1.371991
 783.000000 1.697088 1.444016
 784.000000 1.672914 1.435529
 785.000000 1.625299 1.442527
 786.000000 1.697409 1.447155
 787.000000 1.735913 1.473849
 788.000000 1.626383 1.392007
 789.000000 1.696859 1.469578
 790.000000 1.721067 1.452452
 791.000000 1.715946 1.341454
 792.000000 1.606716 1.323057
 793.000000 1.722232 1.492362
 794.000000 1.609494 1.413350
 795.000000 1.754943 1.482420
 796.000000 1.719249 1.383857
 797.000000 1.687458 1.367394
 798.000000 1.613073 1.378952
 799.000000 1.651049 1.415256
 800.000000 1.587176 1.429327
 801.000000 1.675323 1.467616
 802.000000 1.607868 1.505654
 803.000000 1.659233 1.469970
 804.000000 1.672837 1.507857
 805.000000 1.696354 1.452753
 806.000000 1.655130 1.357555
 807.000000 1.597829 1.470501
 808.000000 1.670996 1.381504
 809.000000 1.551863 1.423084
 810.000000 1.584078 1.378872
 811.000000 1.635085 1.402003
 812.000000 1.694499 1.431455
 813.000000 1.622334 1.474827
 814.000000 1.663550 1.575091
 815.000000 1.703916 1.380433
 816.000000 1.690958 1.482611
 817.000000 1.688447 1.491665
 818.000000 1.638098 1.431269
 819.000000 1.619096 1.440016
 820.000000 1.692340 1.451620
 821.000000 1.637171 1.404986
 822.000000 1.637581 1.517833
 823.000000 1.605388 1.532602
 824.000000 1.705301 1.476261
 825.000000 1.589998 1.390636
 826.000000 1.577734 1.395261
 827.000000 1.632791 1.464523
 828.000000 1.625687 1.447848
 829.000000 1.517185 1.439461
 830.000000 1.624995 1.511405
 831.000000 1.559122 1.452195
 832.000000 1.599619 1.481643
 833.000000 1.656156 1.476562
 834.000000 1.596788 1.476104
 835.000000 1.683019 1.467778
 836.000000 1.526479 1.526416
 837.000000 1.659293 1.547811
 838.000000 1.543312 1.582462
 839.000000 1.722294 1.584021
 840.000000 1.694881 1.505430
 841.000000 1.532092 1.525623
 842.000000 1.559057 1.491252
 843.000000 1.747140 1.471174
 844.000000 1.593093 1.497915
 845.000000 1.611870 1.453218
 846.000000 1.724407 1.550418
 847.000000 1.648417 1.593777
 848.000000 1.559118 1.549891
 849.000000 1.614161 1.490985
 850.000000 1.620992 1.556063
 851.000000 1.604977 1.429148
 852.000000 1.591610 1.503173
 853.000000 1.783665 1.541037
 854.000000 1.660667 1.500816
 855.000000 1.635604 1.506724
 856.000000 1.561666 1.498904
 857.000000 1.615505 1.600847
 858.000000 1.623330 1.531022
 859.000000 1.666623 1.525162
 860.000000 1.558776 1.493276
 861.000000 1.563843 1.576813
 862.000000 1.593956 1.518542
 863.000000 1.650205 1.545125
 864.000000 1.659506 1.591623
 865.000000 1.452930 1.516406
 866.000000 1.603495 1.588209
 867.000000 1.595115 1.563621
 868.000000 1.650194 1.576833
 869.000000 1.620004 1.520910
 870.000000 1.724178 1.523173
 871.000000 1.749811 1.547859
 872.000000 1.600527 1.545005
 873.000000 1.598825 1.571314
 874.000000 1.617859 1.522230
 875.000000 1.672022 1.448380
 876.000000 1.527211 1.490660
 877.000000 1.671970 1.459322
 878.000000 1.605641 1.413852
 879.000000 1.651781 1.499307
 880.000000 1.712020 1.457183
 881.000000 1.713346 1.516756
 882.000000 1.684973 1.538663
 883.000000 1.716152 1.466757
 884.000000 1.680651 1.553579
 885.000000 1.697343 1.487493
 886.000000 1.581214 1.553161
 887.000000 1.596055 1.552822
 888.000000 1.690341 1.533255
 889.000000 1.631389 1.508757
 890.000000 1.727848 1.574085
 891.000000 1.634705 1.565929
 892.000000 1.534534 1.629108
 893.000000 1.649856 1.594557
 894.000000 1.607355 1.530683
 895.000000 1.736246 1.619905
 896.000000 1.625935 1.495170
 897.000000 1.696400 1.501772
 898.000000 1.602821 1.536497
 899.000000 1.716898 1.482796
 900.000000 1.719643 1.522464
 901.000000 1.579696 1.585481
 902.000000 1.624569 1.555597
 903.000000 1.685265 1.500504
 904.000000 1.606670 1.467832
 905.000000 1.699146 1.536548
 906.000000 1.681058 1.569896
 907.000000 1.659110 1.518911
 908.000000 1.681837 1.527587
 909.000000 1.563729 1.493064
 910.000000 1.631460 1.529209
 911.000000 1.580854 1.430282
 912.000000 1.629355 1.489224
 913.000000 1.628173 1.482992
 914.000000 1.743206 1.481541
 915.000000 1.666946 1.514920
 916.000000 1.744654 1.571513
 917.000000 1.652902 1.533738
 918.000000 1.666426 1.508268
 919.000000 1.615899 1.439434
 920.000000 1.610179 1.438644
 921.000000 1.712056 1.519128
 922.000000 1.687316 1.408166
 923.000000 1.719924 1.485118
 924.000000 1.640129 1.435519
 925.000000 1.719775 1.451153
 926.000000 1.662645 1.422124
 927.000000 1.606862 1.458536
 928.000000 1.682010 1.465915
 929.000000 1.679541 1.367681
 930.000000 1.627429 1.381469
 931.000000 1.589691 1.455238
 932.000000 1.758684 1.459241
 933.000000 1.713970 1.463548
 934.000000 1.632669 1.459693
 935.000000 1.640800 1.427405
 936.000000 1.664504 1.516108
 937.000000 1.667754 1.496069
 938.000000 1.630296 1.500132
 939.000000 1.619702 1.556097
 940.000000 1.628241 1.532312
 941.000000 1.753259 1.557557
 942.000000 1.593556 1.566080
 943.000000 1.695935 1.585639
 944.000000 1.676893 1.590533
 945.000000 1.617310 1.642490
 946.000000 1.660579 1.573897
 947.000000 1.628138 1.677263
 948.000000 1.635687 1.619579
 949.000000 1.721372 1.609459
 950.000000 1.672483 1.624533
 951.000000 1.574752 1.596847
 952.000000 1.612038 1.586610
 953.000000 1.642324 1.632467
 954.000000 1.649713 1.556661
 955.000000 1.760155 1.599443
 956.000000 1.697346 1.571939
 957.000000 1.645347 1.678041
 958.000000 1.691357 1.517379
 959.000000 1.671493 1.506565
 960.000000 1.643950 1.449371
 961.000000 1.492342 1.527181
 962.000000 1.630938 1.594737
 963.000000 1.678265 1.540844
 964.000000 1.620783 1.525694
 965.000000 1.574139 1.509554
 966.000000 1.695275 1.488008
 967.000000 1.775108 1.416781
 968.000000 1.696839 1.488210
 969.000000 1.537920 1.520605
 970.000000 1.667729 1.606696
 971.000000 1.627749 1.608527
 972.000000 1.562013 1.548403
 973.000000 1.615126 1.561105
 974.000000 1.676438 1.531552
 975.000000 1.587220 1.519780
 976.000000 1.618990 1.539574
 977.000000 1.571969 1.573351
 978.000000 1.595783 1.504316
 979.000000 1.649323 1.505526
 980.000000 1.568463 1.484465
 981.000000 1.586478 1.523255
 982.000000 1.658676 1.514997
 983.000000 1.616372 1.532229
 984.000000 1.598063 1.575110
 985.000000 1.596994 1.562010
 986.000000 1.611178 1.617835
 987.000000 1.673952 1.548632
 988.000000 1.765262 1.569309
 989.000000 1.642532 1.573175
 990.000000 1.633380 1.489770
 991.000000 1.669408 1.527536
 992.000000 1.723436 1.533136
 993.000000 1.652891 1.474072
 994.000000 1.582826 1.469938
 995.000000 1.597693 1.495001
 996.000000 1.646250 1.488220
 997.000000 1.644136 1.437999
 998.000000 1.636475 1.527156
 999.000000 1.532458 1.562020
 1000.000000 1.655560 1.529938
 1001.000000 1.633475 1.471023
 1002.000000 1.661759 1.449064
 1003.000000 1.722820 1.500457
 1004.000000 1.624982 1.578268
 1005.000000 1.620687 1.488551
 1006.000000 1.709703 1.619541
 1007.000000 1.674649 1.479448
 1008.000000 1.582735 1.698132
 1009.000000 1.689355 1.667392
 1010.000000 1.641086 1.589181
 1011.000000 1.664012 1.543744
 1012.000000 1.590829 1.539494
 1013.000000 1.653026 1.491852
 1014.000000 1.598398 1.476198
 1015.000000 1.607321 1.441104
 1016.000000 1.596600 1.496797
 1017.000000 1.671442 1.441852
 1018.000000 1.684601 1.485573
 1019.000000 1.622299 1.460064
 1020.000000 1.736509 1.436459
 1021.000000 1.689236 1.412233
 1022.000000 1.690298 1.496527
 1023.000000 1.598041 1.573012
 1024.000000 1.765635 1.551871
 1025.000000 1.690848 1.588022
 1026.000000 1.598717 1.554930
 1027.000000 1.611868 1.499640
 1028.000000 1.564215 1.531085
 1029.000000 1.609730 1.571689
 1030.000000 1.570790 1.502242
 1031.000000 1.602229 1.497326
 1032.000000 1.607164 1.540186
 1033.000000 1.568691 1.565964
 1034.000000 1.629393 1.452274
 1035.000000 1.627377 1.534948
 1036.000000 1.656577 1.527245
 1037.000000 1.657338 1.485779
 1038.000000 1.654700 1.609600
 1039.000000 1.586982 1.576417
 1040.000000 1.742281 1.501288
 1041.000000 1.688009 1.538621
 1042.000000 1.618043 1.535069
 1043.000000 1.668902 1.502619
 1044.000000 1.669718 1.458331
 1045.000000 1.551107 1.570870
 1046.000000 1.620189 1.546535
 1047.000000 1.846959 1.488307
 1048.000000 1.670906 1.442078
 1049.000000 1.679588 1.478770
 1050.000000 1.624860 1.449660
 1051.000000 1.651596 1.504199
 1052.000000 1.540185 1.518797
 1053.000000 1.655253 1.500195
 1054.000000 1.615711 1.536078
 1055.000000 1.594689 1.563566
 1056.000000 1.620201 1.624048
 1057.000000 1.633107 1.531143
 1058.000000 1.588461 1.565416
 1059.000000 1.664368 1.578889
 1060.000000 1.639543 1.600057
 1061.000000 1.591883 1.502857
 1062.000000 1.624554 1.520668
 1063.000000 1.692806 1.642728
 1064.000000 1.530335 1.547406
 1065.000000 1.566765 1.568208
 1066.000000 1.581574 1.589146
 1067.000000 1.587714 1.672904
 1068.000000 1.609314 1.596128
 1069.000000 1.587236 1.533429
 1070.000000 1.645133 1.481758
 1071.000000 1.558064 1.585491
 1072.000000 1.655639 1.509425
 1073.000000 1.616853 1.488327
 1074.000000 1.617057 1.539527
 1075.000000 1.658635 1.574117
 1076.000000 1.668671 1.556630
 1077.000000 1.531794 1.495105
 1078.000000 1.692705 1.537765
 1079.000000 1.666635 1.639878
 1080.000000 1.657492 1.469816
 1081.000000 1.657982 1.524363
 1082.000000 1.654507 1.544881
 1083.000000 1.602015 1.499604
 1084.000000 1.629002 1.509637
 1085.000000 1.635833 1.580996
 1086.000000 1.631093 1.512474
 1087.000000 1.569662 1.547330
 1088.000000 1.525770 1.550881
 1089.000000 1.537633 1.568498
 1090.000000 1.531272 1.474997
 1091.000000 1.611565 1.555154
 1092.000000 1.772946 1.549628
 1093.000000 1.609393 1.540894
 1094.000000 1.707908 1.564814
 1095.000000 1.651069 1.496914
 1096.000000 1.671313 1.598698
 1097.000000 1.665538 1.611538
 1098.000000 1.527314 1.616636
 1099.000000 1.542051 1.540854
 1100.000000 1.565457 1.504000
 1101.000000 1.531494 1.441535
 1102.000000 1.499607 1.569954
 1103.000000 1.698871 1.552359
 1104.000000 1.625919 1.478786
 1105.000000 1.648621 1.482095
 1106.000000 1.573689 1.504700
 1107.000000 1.583029 1.534717
 1108.000000 1.588617 1.532594
 1109.000000 1.615354 1.561067
 1110.000000 1.632063 1.562441
 1111.000000 1.648599 1.556212
 1112.000000 1.632004 1.493787
 1113.000000 1.567684 1.619812
 1114.000000 1.587435 1.443871
 1115.000000 1.686179 1.546988
 1116.000000 1.664222 1.552687
 1117.000000 1.587343 1.580141
 1118.000000 1.528334 1.468878
 1119.000000 1.570099 1.560023
 1120.000000 1.673687 1.502826
 1121.000000 1.638211 1.509782
 1122.000000 1.624393 1.474017
 1123.000000 1.568951 1.521886
 1124.000000 1.620572 1.497096
 1125.000000 1.661486 1.510281
 1126.000000 1.618253 1.418947
 1127.000000 1.583163 1.489041
 1128.000000 1.771251 1.525580
 1129.000000 1.638476 1.476333
 1130.000000 1.727568 1.525037
 1131.000000 1.626149 1.459046
 1132.000000 1.710360 1.381744
 1133.000000 1.706859 1.483213
 1134.000000 1.610070 1.455781
 1135.000000 1.630820 1.481546
 1136.000000 1.723118 1.505258
 1137.000000 1.579055 1.460651
 1138.000000 1.638162 1.493407
 1139.000000 1.570465 1.443706
 1140.000000 1.671325 1.482909
 1141.000000 1.639211 1.409596
 1142.000000 1.759081 1.517732
 1143.000000 1.733744 1.525826
 1144.000000 1.767184 1.458024
 1145.000000 1.706309 1.628723
 1146.000000 1.739734 1.567024
 1147.000000 1.629082 1.505678
 1148.000000 1.797050 1.520831
 1149.000000 1.698998 1.531190
 1150.000000 1.736752 1.478660
 1151.000000 1.625644 1.526459
 1152.000000 1.663800 1.506628
 1153.000000 1.562291 1.552031
 1154.000000 1.659702 1.534448
 1155.000000 1.592882 1.560807
 1156.000000 1.517905 1.517330
 1157.000000 1.597207 1.556311
 1158.000000 1.628211 1.460897
 1159.000000 1.602938 1.477168
 1160.000000 1.598299 1.531776
 1161.000000 1.575760 1.553215
 1162.000000 1.673039 1.523990
 1163.000000 1.634924 1.537004
 1164.000000 1.578370 1.500088
 1165.000000 1.722670 1.551632
 1166.000000 1.635995 1.561548
 1167.000000 1.502535 1.599981
 1168.000000 1.643757 1.550075
 1169.000000 1.713160 1.440759
 1170.000000 1.746013 1.435352
 1171.000000 1.651082 1.454971
 1172.000000 1.580296 1.579848
 1173.000000 1.551279 1.513790
 1174.000000 1.689173 1.599700
 1175.000000 1.654883 1.483865
 1176.000000 1.667658 1.523848
 1177.000000 1.608099 1.595101
 1178.000000 1.622748 1.557267
 1179.000000 1.615230 1.528387
 1180.000000 1.501562 1.429425
 1181.000000 1.508993 1.607663
 1182.000000 1.632442 1.509615
 1183.000000 1.601240 1.568545
 1184.000000 1.560001 1.568766
 1185.000000 1.648279 1.592436
 1186.000000 1.628253 1.522094
 1187.000000 1.645271 1.545209
 1188.000000 1.567872 1.549219
 1189.000000 1.551211 1.490294
 1190.000000 1.677414 1.545770
 1191.000000 1.573110 1.523323
 1192.000000 1.728732 1.536800
 1193.000000 1.572218 1.600847
 1194.000000 1.564056 1.537723
 1195.000000 1.572317 1.479437
 1196.000000 1.661276 1.498567
 1197.000000 1.546889 1.477740
 1198.000000 1.498987 1.482477
 1199.000000 1.502860 1.454973
 1200.000000 1.631946 1.468174
 1201.000000 1.606948 1.568067
 1202.000000 1.685915 1.505623
 1203.000000 1.693586 1.492246
 1204.000000 1.678897 1.556330
 1205.000000 1.674459 1.529576
 1206.000000 1.668172 1.515801
 1207.000000 1.681663 1.467835
 1208.000000 1.627374 1.443271
 1209.000000 1.612781 1.546192
 1210.000000 1.612963 1.500354
 1211.000000 1.719091 1.418191
 1212.000000 1.595123 1.439708
 1213.000000 1.703089 1.350933
 1214.000000 1.561331 1.552920
 1215.000000 1.586336 1.483551
 1216.000000 1.618483 1.530367
 1217.000000 1.609932 1.469200
 1218.000000 1.638367 1.490655
 1219.000000 1.662590 1.478502
 1220.000000 1.605094 1.477786
 1221.000000 1.691675 1.431669
 1222.000000 1.669107 1.527944
 1223.000000 1.644748 1.499851
 1224.000000 1.612089 1.505254
 1225.000000 1.613477 1.535035
 1226.000000 1.706511 1.426418
 1227.000000 1.770599 1.517347
 1228.000000 1.650851 1.485465
 1229.000000 1.582436 1.519367
 1230.000000 1.605147 1.501789
 1231.000000 1.601783 1.475632
 1232.000000 1.620372 1.509415
 1233.000000 1.570394 1.480345
 1234.000000 1.632090 1.548763
 1235.000000 1.556351 1.492999
 1236.000000 1.715793 1.492317
 1237.000000 1.710085 1.463995
 1238.000000 1.643016 1.529259
 1239.000000 1.562597 1.583210
 1240.000000 1.667301 1.518000
 1241.000000 1.537859 1.452288
 1242.000000 1.606898 1.471035
 1243.000000 1.604052 1.508548
 1244.000000 1.519264 1.497692
 1245.000000 1.626268 1.501217
 1246.000000 1.596656 1.477716
 1247.000000 1.524562 1.526159
 1248.000000 1.606627 1.528058
 1249.000000 1.629976 1.482210
 1250.000000 1.565255 1.495492
 1251.000000 1.507934 1.397038
 1252.000000 1.623608 1.398002
 1253.000000 1.685614 1.459184
 1254.000000 1.566860 1.521173
 1255.000000 1.657854 1.487367
 1256.000000 1.660194 1.497156
 1257.000000 1.558764 1.441450
 1258.000000 1.680660 1.500139
 1259.000000 1.599169 1.453431
 1260.000000 1.630766 1.539700
 1261.000000 1.635008 1.529915
 1262.000000 1.563708 1.531381
 1263.000000 1.584236 1.503059
 1264.000000 1.638104 1.438020
 1265.000000 1.585621 1.495143
 1266.000000 1.622159 1.467038
 1267.000000 1.594920 1.562517
 1268.000000 1.620751 1.528609
 1269.000000 1.633746 1.539491
 1270.000000 1.686190 1.510267
 1271.000000 1.619807 1.504900
 1272.000000 1.648254 1.580222
 1273.000000 1.614695 1.571473
 1274.000000 1.515143 1.506222
 1275.000000 1.593621 1.514470
 1276.000000 1.652293 1.470181
 1277.000000 1.545534 1.536401
 1278.000000 1.499132 1.495680
 1279.000000 1.529721 1.493809
 1280.000000 1.515599 1.500115
 1281.000000 1.577268 1.472728
 1282.000000 1.627498 1.494443
 1283.000000 1.568544 1.398310
 1284.000000 1.681134 1.503896
 1285.000000 1.534811 1.487566
 1286.000000 1.442280 1.532914
 1287.000000 1.558013 1.499047
 1288.000000 1.543166 1.576168
 1289.000000 1.663204 1.609143
 1290.000000 1.512069 1.549987
 1291.000000 1.668264 1.454436
 1292.000000 1.711254 1.482095
 1293.000000 1.621473 1.523691
 1294.000000 1.663446 1.525056
 1295.000000 1.546890 1.479491
 1296.000000 1.561672 1.509079
 1297.000000 1.566210 1.435845
 1298.000000 1.469830 1.515572
 1299.000000 1.587403 1.524727
 1300.000000 1.649049 1.463078
 1301.000000 1.637907 1.493675
 1302.000000 1.573581 1.470409
 1303.000000 1.650802 1.435932
 1304.000000 1.686264 1.441678
 1305.000000 1.560151 1.487788
 1306.000000 1.504771 1.527984
 1307.000000 1.574881 1.535034
 1308.000000 1.515919 1.480028
 1309.000000 1.572191 1.479334
 1310.000000 1.558945 1.418749
 1311.000000 1.592789 1.468667
 1312.000000 1.621627 1.520252
 1313.000000 1.531246 1.538999
 1314.000000 1.652127 1.504341
 1315.000000 1.651979 1.522918
 1316.000000 1.602995 1.559280
 1317.000000 1.581278 1.577721
 1318.000000 1.675135 1.545442
 1319.000000 1.540628 1.561779
 1320.000000 1.638638 1.510876
 1321.000000 1.607455 1.529903
 1322.000000 1.624325 1.518972
 1323.000000 1.583396 1.510689
 1324.000000 1.598462 1.436585
 1325.000000 1.664227 1.499374
 1326.000000 1.657647 1.514594
 1327.000000 1.728451 1.473619
 1328.000000 1.614423 1.472303
 1329.000000 1.645772 1.476819
 1330.000000 1.617688 1.543786
 1331.000000 1.693335 1.501473
 1332.000000 1.727993 1.564523
 1333.000000 1.683703 1.673774
 1334.000000 1.629416 1.565925
 1335.000000 1.606544 1.518319
 1336.000000 1.615582 1.463555
 1337.000000 1.598128 1.459857
 1338.000000 1.714780 1.603436
 1339.000000 1.692330 1.489825
 1340.000000 1.618263 1.508628
 1341.000000 1.662462 1.534625
 1342.000000 1.614520 1.526822
 1343.000000 1.689425 1.515459
 1344.000000 1.625316 1.419141
 1345.000000 1.645585 1.483164
 1346.000000 1.588748 1.477966
 1347.000000 1.741628 1.534417
 1348.000000 1.609885 1.446200
 1349.000000 1.632124 1.497970
 1350.000000 1.645096 1.486117
 1351.000000 1.594114 1.533237
 1352.000000 1.636557 1.501234
 1353.000000 1.607346 1.532985
 1354.000000 1.623893 1.500626
 1355.000000 1.524273 1.498051
 1356.000000 1.642555 1.479248
 1357.000000 1.724340 1.572374
 1358.000000 1.655710 1.484358
 1359.000000 1.755470 1.516742
 1360.000000 1.796876 1.612110
 1361.000000 1.704547 1.505357
 1362.000000 1.730080 1.530023
 1363.000000 1.762907 1.545894
 1364.000000 1.672175 1.568346
 1365.000000 1.657622 1.592003
 1366.000000 1.726280 1.570733
 1367.000000 1.659543 1.501432
 1368.000000 1.639484 1.583629
 1369.000000 1.669703 1.455559
 1370.000000 1.663267 1.535771
 1371.000000 1.559798 1.519040
 1372.000000 1.685650 1.583201
 1373.000000 1.587988 1.595607
 1374.000000 1.640421 1.478330
 1375.000000 1.757882 1.576785
 1376.000000 1.695956 1.612655
 1377.000000 1.634268 1.598611
 1378.000000 1.634331 1.431028
 1379.000000 1.711683 1.498308
 1380.000000 1.644503 1.458517
 1381.000000 1.586349 1.571696
 1382.000000 1.679691 1.536237
 1383.000000 1.682539 1.567780
 1384.000000 1.727031 1.575434
 1385.000000 1.800084 1.490611
 1386.000000 1.676278 1.536152
 1387.000000 1.782772 1.503221
 1388.000000 1.786145 1.571877
 1389.000000 1.658522 1.488042
 1390.000000 1.610083 1.583740
 1391.000000 1.732038 1.510913
 1392.000000 1.610551 1.512127
 1393.000000 1.636458 1.526172
 1394.000000 1.839594 1.520297
 1395.000000 1.658418 1.607882
 1396.000000 1.752190 1.591623
 1397.000000 1.720437 1.523160
 1398.000000 1.677752 1.579596
 1399.000000 1.723385 1.464183
 1400.000000 1.679447 1.544359
 1401.000000 1.643314 1.487855
 1402.000000 1.754385 1.512385
 1403.000000 1.739166 1.510219
 1404.000000 1.684448 1.593295
 1405.000000 1.659491 1.569789
 1406.000000 1.575987 1.557349
 1407.000000 1.700597 1.524839
 1408.000000 1.685963 1.571724
 1409.000000 1.636802 1.534855
 1410.000000 1.667982 1.605153
 1411.000000 1.671510 1.618796
 1412.000000 1.666115 1.601732
 1413.000000 1.609031 1.555324
 1414.000000 1.613547 1.523125
 1415.000000 1.628806 1.531897
 1416.000000 1.605818 1.584389
 1417.000000 1.606348 1.683630
 1418.000000 1.772585 1.587034
 1419.000000 1.620072 1.582417
 1420.000000 1.747140 1.561513
 1421.000000 1.660034 1.571423
 1422.000000 1.698475 1.607735
 1423.000000 1.668197 1.506593
 1424.000000 1.659192 1.541922
 1425.000000 1.644976 1.592628
 1426.000000 1.554252 1.522293
 1427.000000 1.687893 1.568045
 1428.000000 1.677458 1.499250
 1429.000000 1.558131 1.538344
 1430.000000 1.630843 1.530368
 1431.000000 1.614128 1.571874
 1432.000000 1.584977 1.533326
 1433.000000 1.742824 1.556370
 1434.000000 1.612341 1.525658
 1435.000000 1.666837 1.540834
 1436.000000 1.668748 1.513573
 1437.000000 1.665553 1.531222
 1438.000000 1.649454 1.485792
 1439.000000 1.681393 1.546122
 1440.000000 1.688142 1.575494
 1441.000000 1.649000 1.467018
 1442.000000 1.726237 1.477572
 1443.000000 1.683491 1.566248
 1444.000000 1.803120 1.556416
 1445.000000 1.744442 1.418560
 1446.000000 1.664825 1.480840
 1447.000000 1.630123 1.580054
 1448.000000 1.694892 1.573371
 1449.000000 1.733831 1.594418
 1450.000000 1.659616 1.473621
 1451.000000 1.749259 1.622376
 1452.000000 1.799853 1.493205
 1453.000000 1.686752 1.503119
 1454.000000 1.645015 1.520553
 1455.000000 1.677222 1.570970
 1456.000000 1.657173 1.549788
 1457.000000 1.759215 1.557393
 1458.000000 1.669949 1.602670
 1459.000000 1.731314 1.632257
 1460.000000 1.704215 1.537563
 1461.000000 1.593195 1.528553
 1462.000000 1.591472 1.539953
 1463.000000 1.714725 1.583327
 1464.000000 1.670069 1.626106
 1465.000000 1.638651 1.587580
 1466.000000 1.674642 1.496474
 1467.000000 1.608373 1.562789
 1468.000000 1.665771 1.608140
 1469.000000 1.640287 1.547575
 1470.000000 1.672515 1.566701
 1471.000000 1.699176 1.511782
 1472.000000 1.717913 1.479005
 1473.000000 1.671082 1.504304
 1474.000000 1.714059 1.482685
 1475.000000 1.683189 1.537840
 1476.000000 1.600184 1.482959
 1477.000000 1.679351 1.580234
 1478.000000 1.669534 1.580676
 1479.000000 1.609172 1.566661
 1480.000000 1.693727 1.594116
 1481.000000 1.693809 1.524133
 1482.000000 1.699379 1.484201
 1483.000000 1.618489 1.500598
 1484.000000 1.610962 1.485944
 1485.000000 1.671587 1.521878
 1486.000000 1.694157 1.506518
 1487.000000 1.702724 1.583918
 1488.000000 1.582931 1.531527
 1489.000000 1.608141 1.533215
 1490.000000 1.652372 1.500843
 1491.000000 1.661372 1.476302
 1492.000000 1.755146 1.489945
 1493.000000 1.632060 1.502068
 1494.000000 1.725079 1.535430
 1495.000000 1.621364 1.586779
 1496.000000 1.620136 1.544296
 1497.000000 1.652713 1.579464
 1498.000000 1.642819 1.516587
 1499.000000 1.758259 1.466224
 1500.000000 1.632200 1.474373
 1501.000000 1.662901 1.435124
 1502.000000 1.651788 1.500182
 1503.000000 1.645613 1.495157
 1504.000000 1.690369 1.482955
 1505.000000 1.616995 1.529318
 1506.000000 1.538165 1.524326
 1507.000000 1.668045 1.484705
 1508.000000 1.608132 1.564338
 1509.000000 1.626584 1.542085
 1510.000000 1.665244 1.620354
 1511.000000 1.633700 1.556759
 1512.000000 1.738161 1.509300
 1513.000000 1.630034 1.514848
 1514.000000 1.621043 1.544174
 1515.000000 1.659494 1.445457
 1516.000000 1.726875 1.517525
 1517.000000 1.670504 1.418725
 1518.000000 1.610648 1.529680
 1519.000000 1.637932 1.552080
 1520.000000 1.667513 1.515304
 1521.000000 1.703670 1.535013
 1522.000000 1.709783 1.509394
 1523.000000 1.711284 1.445026
 1524.000000 1.705449 1.476110
 1525.000000 1.767888 1.433808
 1526.000000 1.721396 1.433945
 1527.000000 1.806713 1.555021
 1528.000000 1.586208 1.533377
 1529.000000 1.711219 1.488089
 1530.000000 1.659770 1.580016
 1531.000000 1.653408 1.530618
 1532.000000 1.684023 1.485209
 1533.000000 1.640912 1.515203
 1534.000000 1.644339 1.566815
 1535.000000 1.743930 1.567749
 1536.000000 1.608805 1.546655
 1537.000000 1.643152 1.563135
 1538.000000 1.692712 1.534333
 1539.000000 1.717883 1.533120
 1540.000000 1.756325 1.541442
 1541.000000 1.707113 1.539889
 1542.000000 1.490987 1.573447
 1543.000000 1.707924 1.530003
 1544.000000 1.682070 1.585571
 1545.000000 1.669732 1.509146
 1546.000000 1.582557 1.554102
 1547.000000 1.700823 1.572555
 1548.000000 1.724380 1.524296
 1549.000000 1.692527 1.559750
 1550.000000 1.640035 1.540166
 1551.000000 1.745948 1.547543
 1552.000000 1.666320 1.573868
 1553.000000 1.673117 1.527463
 1554.000000 1.753940 1.486903
 1555.000000 1.630230 1.492710
 1556.000000 1.671246 1.512235
 1557.000000 1.669880 1.557268
 1558.000000 1.669742 1.524644
 1559.000000 1.665160 1.540781
 1560.000000 1.692901 1.560586
 1561.000000 1.713861 1.550855
 1562.000000 1.645540 1.501807
 1563.000000 1.736578 1.515151
 1564.000000 1.632787 1.506489
 1565.000000 1.705093 1.588130
 1566.000000 1.681765 1.564611
 1567.000000 1.672417 1.520340
 1568.000000 1.694227 1.490027
 1569.000000 1.589133 1.558154
 1570.000000 1.675337 1.572632
 1571.000000 1.652449 1.562442
 1572.000000 1.609332 1.550818
 1573.000000 1.677499 1.535691
 1574.000000 1.728093 1.511642
 1575.000000 1.627737 1.542452
 1576.000000 1.729219 1.450289
 1577.000000 1.737425 1.485513
 1578.000000 1.674046 1.490358
 1579.000000 1.737528 1.485648
 1580.000000 1.722713 1.508257
 1581.000000 1.551774 1.473558
 1582.000000 1.740177 1.471770
 1583.000000 1.598301 1.528941
 1584.000000 1.638220 1.489984
 1585.000000 1.824623 1.555689
 1586.000000 1.672667 1.494619
 1587.000000 1.592497 1.541962
 1588.000000 1.634613 1.516544
 1589.000000 1.743441 1.495095
 1590.000000 1.790989 1.568752
 1591.000000 1.672632 1.525144
 1592.000000 1.628842 1.602091
 1593.000000 1.586682 1.549171
 1594.000000 1.644964 1.535582
 1595.000000 1.654206 1.518667
 1596.000000 1.634557 1.509862
 1597.000000 1.669206 1.549029
 1598.000000 1.673940 1.589998
 1599.000000 1.651381 1.595698
 1600.000000 1.651505 1.553522
 1601.000000 1.630207 1.580147
 1602.000000 1.705885 1.570895
 1603.000000 1.662440 1.514204
 1604.000000 1.617600 1.462910
 1605.000000 1.662676 1.481801
 1606.000000 1.672173 1.511634
 1607.000000 1.626893 1.527765
 1608.000000 1.647583 1.556957
 1609.000000 1.672646 1.547231
 1610.000000 1.759732 1.562717
 1611.000000 1.704171 1.556984
 1612.000000 1.733780 1.490896
 1613.000000 1.701800 1.519795
 1614.000000 1.667851 1.534506
 1615.000000 1.633082 1.513151
 1616.000000 1.633651 1.489710
 1617.000000 1.631322 1.524508
 1618.000000 1.582147 1.587905
 1619.000000 1.698801 1.537978
 1620.000000 1.727664 1.490108
 1621.000000 1.705355 1.535874
 1622.000000 1.717178 1.526678
 1623.000000 1.716176 1.518990
 1624.000000 1.654114 1.476899
 1625.000000 1.671175 1.527197
 1626.000000 1.830302 1.518626
 1627.000000 1.771468 1.458214
 1628.000000 1.698677 1.524837
 1629.000000 1.696931 1.513449
 1630.000000 1.607345 1.530590
 1631.000000 1.583920 1.522705
 1632.000000 1.774768 1.432927
 1633.000000 1.652219 1.521925
 1634.000000 1.681759 1.544929
 1635.000000 1.796420 1.514750
 1636.000000 1.725741 1.493034
 1637.000000 1.777083 1.544453
 1638.000000 1.684447 1.500666
 1639.000000 1.718374 1.528075
 1640.000000 1.705913 1.557845
 1641.000000 1.640940 1.522636
 1642.000000 1.692456 1.503793
 1643.000000 1.665508 1.603822
 1644.000000 1.656789 1.555288
 1645.000000 1.673290 1.569042
 1646.000000 1.581584 1.486879
 1647.000000 1.726004 1.550435
 1648.000000 1.613049 1.503075
 1649.000000 1.635178 1.479727
 1650.000000 1.769224 1.461047
 1651.000000 1.726141 1.518087
 1652.000000 1.636218 1.590587
 1653.000000 1.748343 1.623833
 1654.000000 1.597794 1.528091
 1655.000000 1.538183 1.493355
 1656.000000 1.747633 1.436789
 1657.000000 1.702693 1.442754
 1658.000000 1.580132 1.541779
 1659.000000 1.702577 1.538383
 1660.000000 1.641464 1.522875
 1661.000000 1.728028 1.450142
 1662.000000 1.609265 1.506546
 1663.000000 1.662555 1.575450
 1664.000000 1.682858 1.478737
 1665.000000 1.667755 1.523868
 1666.000000 1.641217 1.524338
 1667.000000 1.745150 1.554556
 1668.000000 1.558996 1.589873
 1669.000000 1.641487 1.519679
 1670.000000 1.705776 1.504443
 1671.000000 1.623847 1.591828
 1672.000000 1.766433 1.562312
 1673.000000 1.586311 1.576289
 1674.000000 1.602125 1.522461
 1675.000000 1.713119 1.578177
 1676.000000 1.605706 1.544002
 1677.000000 1.700634 1.580469
 1678.000000 1.686057 1.547435
 1679.000000 1.796043 1.519215
 1680.000000 1.854210 1.499935
 1681.000000 1.593530 1.500590
 1682.000000 1.683324 1.509299
 1683.000000 1.702441 1.533895
 1684.000000 1.759179 1.552011
 1685.000000 1.758774 1.520704
 1686.000000 1.694854 1.480064
 1687.000000 1.582686 1.524853
 1688.000000 1.720396 1.450514
 1689.000000 1.711545 1.536842
 1690.000000 1.643183 1.526690
 1691.000000 1.678782 1.537318
 1692.000000 1.742039 1.473059
 1693.000000 1.680132 1.452347
 1694.000000 1.616079 1.564277
 1695.000000 1.655720 1.478333
 1696.000000 1.635145 1.502389
 1697.000000 1.755353 1.477661
 1698.000000 1.705496 1.528913
 1699.000000 1.703995 1.534852
 1700.000000 1.694966 1.500883
 1701.000000 1.690638 1.529777
 1702.000000 1.784592 1.568311
 1703.000000 1.735828 1.491156
 1704.000000 1.728127 1.519974
 1705.000000 1.707676 1.432098
 1706.000000 1.740521 1.529544
 1707.000000 1.675740 1.513744
 1708.000000 1.760011 1.511308
 1709.000000 1.621583 1.494207
 1710.000000 1.732644 1.546972
 1711.000000 1.662744 1.544390
 1712.000000 1.556576 1.506225
 1713.000000 1.660140 1.522253
 1714.000000 1.601160 1.503315
 1715.000000 1.617272 1.466306
 1716.000000 1.614253 1.443790
 1717.000000 1.687413 1.488252
 1718.000000 1.711165 1.499972
 1719.000000 1.681853 1.528881
 1720.000000 1.543317 1.516345
 1721.000000 1.793991 1.527815
 1722.000000 1.749688 1.585547
 1723.000000 1.722847 1.533495
 1724.000000 1.638104 1.556923
 1725.000000 1.717767 1.519046
 1726.000000 1.698893 1.500147
 1727.000000 1.644177 1.511762
 1728.000000 1.747422 1.529546
 1729.000000 1.672933 1.518895
 1730.000000 1.766055 1.583987
 1731.000000 1.700853 1.528109
 1732.000000 1.692521 1.600847
 1733.000000 1.674806 1.541076
 1734.000000 1.615227 1.534158
 1735.000000 1.673614 1.526745
 1736.000000 1.716539 1.523486
 1737.000000 1.736242 1.582591
 1738.000000 1.632832 1.554688
 1739.000000 1.603323 1.525803
 1740.000000 1.637500 1.531265
 1741.000000 1.707633 1.628016
 1742.000000 1.778641 1.536810
 1743.000000 1.658255 1.604365
 1744.000000 1.670959 1.523819
 1745.000000 1.671912 1.561109
 1746.000000 1.702425 1.573929
 1747.000000 1.653091 1.562181
 1748.000000 1.686105 1.561911
 1749.000000 1.742426 1.482233
 1750.000000 1.781672 1.550765
 1751.000000 1.590687 1.534024
 1752.000000 1.747288 1.505250
 1753.000000 1.595102 1.528470
 1754.000000 1.667198 1.562355
 1755.000000 1.658953 1.575336
 1756.000000 1.697206 1.525402
 1757.000000 1.552635 1.531637
 1758.000000 1.518146 1.567005
 1759.000000 1.611135 1.583659
 1760.000000 1.542283 1.569590
 1761.000000 1.638501 1.569093
 1762.000000 1.678360 1.623349
 1763.000000 1.596804 1.566298
 1764.000000 1.608550 1.581304
 1765.000000 1.680230 1.513529
 1766.000000 1.719300 1.497140
 1767.000000 1.503066 1.557418
 1768.000000 1.658930 1.544657
 1769.000000 1.582124 1.588803
 1770.000000 1.620903 1.552020
 1771.000000 1.692919 1.570422
 1772.000000 1.641868 1.555810
 1773.000000 1.565254 1.515138
 1774.000000 1.692203 1.573746
 1775.000000 1.717608 1.495669
 1776.000000 1.666493 1.597723
 1777.000000 1.580233 1.512342
 1778.000000 1.571280 1.569569
 1779.000000 1.691993 1.574877
 1780.000000 1.640294 1.537927
 1781.000000 1.648104 1.535080
 1782.000000 1.709559 1.572649
 1783.000000 1.702575 1.577931
 1784.000000 1.677177 1.605547
 1785.000000 1.693139 1.499155
 1786.000000 1.668746 1.605266
 1787.000000 1.751916 1.538287
 1788.000000 1.691457 1.619969
 1789.000000 1.720397 1.590978
 1790.000000 1.663200 1.541862
 1791.000000 1.719458 1.531421
 1792.000000 1.660747 1.526375
 1793.000000 1.711222 1.574772
 1794.000000 1.726435 1.549330
 1795.000000 1.543408 1.593611
 1796.000000 1.716892 1.618814
 1797.000000 1.723639 1.587708
 1798.000000 1.629595 1.595724
 1799.000000 1.714645 1.590877
 1800.000000 1.718362 1.605009
 1801.000000 1.745387 1.599059
 1802.000000 1.754280 1.594776
 1803.000000 1.555146 1.580553
 1804.000000 1.756084 1.670879
 1805.000000 1.700427 1.528662
 1806.000000 1.773271 1.498564
 1807.000000 1.843481 1.545256
 1808.000000 1.605235 1.614339
 1809.000000 1.778401 1.560195
 1810.000000 1.662916 1.540602
 1811.000000 1.771546 1.613114
 1812.000000 1.587322 1.663933
 1813.000000 1.682701 1.666910
 1814.000000 1.731408 1.583732
 1815.000000 1.626776 1.558934
 1816.000000 1.714146 1.556244
 1817.000000 1.654109 1.654281
 1818.000000 1.723780 1.605651
 1819.000000 1.767693 1.578672
 1820.000000 1.713995 1.626799
 1821.000000 1.672235 1.605994
 1822.000000 1.705999 1.588517
 1823.000000 1.654204 1.570747
 1824.000000 1.745328 1.518316
 1825.000000 1.744023 1.589823
 1826.000000 1.702178 1.446430
 1827.000000 1.683255 1.503858
 1828.000000 1.661113 1.533323
 1829.000000 1.760115 1.548305
 1830.000000 1.702845 1.576073
 1831.000000 1.752493 1.572928
 1832.000000 1.720630 1.574401
 1833.000000 1.719312 1.527520
 1834.000000 1.608439 1.557379
 1835.000000 1.672646 1.514994
 1836.000000 1.691181 1.525699
 1837.000000 1.714779 1.538356
 1838.000000 1.763045 1.518129
 1839.000000 1.760895 1.542919
 1840.000000 1.759595 1.513617
 1841.000000 1.690673 1.492332
 1842.000000 1.690395 1.539928
 1843.000000 1.727281 1.547252
 1844.000000 1.645050 1.574844
 1845.000000 1.734063 1.573096
 1846.000000 1.589886 1.549066
 1847.000000 1.724543 1.622178
 1848.000000 1.640340 1.578943
 1849.000000 1.707243 1.554697
 1850.000000 1.665634 1.550320
 1851.000000 1.591299 1.546729
 1852.000000 1.621349 1.563355
 1853.000000 1.610772 1.540845
 1854.000000 1.709331 1.528116
 1855.000000 1.652130 1.546537
 1856.000000 1.701815 1.489899
 1857.000000 1.595973 1.533889
 1858.000000 1.770369 1.595485
 1859.000000 1.559825 1.495991
 1860.000000 1.627859 1.547433
 1861.000000 1.635297 1.513042
 1862.000000 1.483094 1.462614
 1863.000000 1.569633 1.540312
 1864.000000 1.544676 1.533363
 1865.000000 1.510464 1.522681
 1866.000000 1.564181 1.533211
 1867.000000 1.552432 1.508923
 1868.000000 1.554174 1.481974
 1869.000000 1.556581 1.584320
 1870.000000 1.584262 1.566855
 1871.000000 1.602270 1.508013
 1872.000000 1.658496 1.610185
 1873.000000 1.587918 1.519452
 1874.000000 1.591972 1.447116
 1875.000000 1.723977 1.530309
 1876.000000 1.536153 1.491104
 1877.000000 1.653197 1.455200
 1878.000000 1.560540 1.516533
 1879.000000 1.622590 1.464919
 1880.000000 1.580862 1.533235
 1881.000000 1.626759 1.487497
 1882.000000 1.618796 1.472936
 1883.000000 1.592647 1.501181
 1884.000000 1.559228 1.496183
 1885.000000 1.498778 1.498694
 1886.000000 1.519276 1.545938
 1887.000000 1.591296 1.612539
 1888.000000 1.696088 1.563664
 1889.000000 1.592238 1.542985
 1890.000000 1.572103 1.487369
 1891.000000 1.701511 1.563255
 1892.000000 1.619835 1.549936
 1893.000000 1.470713 1.492829
 1894.000000 1.642752 1.506402
 1895.000000 1.648235 1.490729
 1896.000000 1.685901 1.572482
 1897.000000 1.556824 1.539746
 1898.000000 1.656113 1.543034
 1899.000000 1.673383 1.541861
 1900.000000 1.799818 1.501488
 1901.000000 1.688179 1.426772
 1902.000000 1.699360 1.520876
 1903.000000 1.679172 1.547419
 1904.000000 1.694961 1.544205
 1905.000000 1.584463 1.484807
 1906.000000 1.688589 1.418904
 1907.000000 1.709157 1.480534
 1908.000000 1.782017 1.398733
 1909.000000 1.737135 1.464358
 1910.000000 1.716368 1.462041
 1911.000000 1.734053 1.462467
 1912.000000 1.673124 1.540313
 1913.000000 1.690269 1.581192
 1914.000000 1.625856 1.524657
 1915.000000 1.792093 1.614202
 1916.000000 1.692295 1.523643
 1917.000000 1.741240 1.589698
 1918.000000 1.660477 1.548457
 1919.000000 1.679721 1.557089
 1920.000000 1.739029 1.525075
 1921.000000 1.684132 1.552129
 1922.000000 1.702757 1.567808
 1923.000000 1.657565 1.541985
 1924.000000 1.525308 1.540612
 1925.000000 1.703178 1.527565
 1926.000000 1.678165 1.612362
 1927.000000 1.674102 1.593001
 1928.000000 1.609042 1.558866
 1929.000000 1.717298 1.581166
 1930.000000 1.728313 1.551052
 1931.000000 1.801990 1.548287
 1932.000000 1.658392 1.526346
 1933.000000 1.643505 1.542686
 1934.000000 1.662892 1.600760
 1935.000000 1.728488 1.527360
 1936.000000 1.655706 1.552873
 1937.000000 1.669059 1.498390
 1938.000000 1.637833 1.519772
 1939.000000 1.653298 1.584163
 1940.000000 1.515697 1.480798
 1941.000000 1.580743 1.426898
 1942.000000 1.671620 1.446900
 1943.000000 1.592825 1.517773
 1944.000000 1.575225 1.475358
 1945.000000 1.579461 1.588683
 1946.000000 1.630651 1.490562
 1947.000000 1.698880 1.456472
 1948.000000 1.627359 1.545380
 1949.000000 1.646121 1.551840
 1950.000000 1.582048 1.542058
 1951.000000 1.663089 1.573883
 1952.000000 1.716690 1.541415
 1953.000000 1.610325 1.528919
 1954.000000 1.686243 1.610668
 1955.000000 1.672153 1.636298
 1956.000000 1.586430 1.590515
 1957.000000 1.676677 1.588010
 1958.000000 1.717369 1.587356
 1959.000000 1.675694 1.556019
 1960.000000 1.706216 1.597256
 1961.000000 1.714129 1.589989
 1962.000000 1.620893 1.479678
 1963.000000 1.650578 1.531757
 1964.000000 1.577718 1.571455
 1965.000000 1.595527 1.584438
 1966.000000 1.669638 1.529649
 1967.000000 1.700930 1.545747
 1968.000000 1.563366 1.492670
 1969.000000 1.621288 1.498291
 1970.000000 1.535719 1.536878
 1971.000000 1.613113 1.525302
 1972.000000 1.693543 1.652576
 1973.000000 1.637625 1.654450
 1974.000000 1.593084 1.533338
 1975.000000 1.705157 1.587373
 1976.000000 1.499070 1.556948
 1977.000000 1.681858 1.601527
 1978.000000 1.642671 1.522890
 1979.000000 1.605928 1.612066
 1980.000000 1.587114 1.633541
 1981.000000 1.609971 1.623664
 1982.000000 1.722270 1.566664
 1983.000000 1.609695 1.652093
 1984.000000 1.666327 1.618324
 1985.000000 1.594946 1.582147
 1986.000000 1.625512 1.678902
 1987.000000 1.437546 1.573734
 1988.000000 1.600034 1.577100
 1989.000000 1.614389 1.506752
 1990.000000 1.646061 1.526955
 1991.000000 1.625428 1.546101
 1992.000000 1.632593 1.561679
 1993.000000 1.636557 1.587453
 1994.000000 1.658449 1.639868
 1995.000000 1.601757 1.509167
 1996.000000 1.740541 1.588651
 1997.000000 1.599632 1.573322
 1998.000000 1.705725 1.600847
 1999.000000 1.633220 1.568873
 2000.000000 1.668999 1.541983
 2001.000000 1.733800 1.475457
 2002.000000 1.783944 1.540171
 2003.000000 1.702961 1.524791
 2004.000000 1.599283 1.486631
 2005.000000 1.677187 1.519918
 2006.000000 1.686156 1.459332
 2007.000000 1.624245 1.532671
 2008.000000 1.706432 1.491800
 2009.000000 1.638112 1.435381
 2010.000000 1.705860 1.444744
 2011.000000 1.650955 1.425619
 2012.000000 1.680931 1.493355
 2013.000000 1.663572 1.561699
 2014.000000 1.534921 1.607650
 2015.000000 1.665614 1.500864
 2016.000000 1.582841 1.540701
 2017.000000 1.652221 1.552486
 2018.000000 1.680223 1.527238
 2019.000000 1.716695 1.535838
 2020.000000 1.634628 1.532230
 2021.000000 1.685920 1.643827
 2022.000000 1.664903 1.550835
 2023.000000 1.668129 1.551682
 2024.000000 1.566896 1.655693
 2025.000000 1.704059 1.525707
 2026.000000 1.710250 1.549102
 2027.000000 1.620181 1.566638
 2028.000000 1.654985 1.563099
 2029.000000 1.647129 1.562139
 2030.000000 1.645311 1.527971
 2031.000000 1.636629 1.474614
 2032.000000 1.658819 1.579937
 2033.000000 1.798633 1.571346
 2034.000000 1.539054 1.593940
 2035.000000 1.660929 1.527702
 2036.000000 1.702459 1.545134
 2037.000000 1.614568 1.550171
 2038.000000 1.642659 1.551435
 2039.000000 1.666243 1.546625
 2040.000000 1.713193 1.597343
 2041.000000 1.540722 1.596634
 2042.000000 1.673622 1.516591
 2043.000000 1.596725 1.538504
 2044.000000 1.700165 1.526135
 2045.000000 1.685572 1.593756
 2046.000000 1.519206 1.532648
 2047.000000 1.645081 1.560498
 2048.000000 1.573478 1.589162
 2049.000000 1.618105 1.580825
 2050.000000 1.590628 1.589850
 2051.000000 1.553390 1.539323
 2052.000000 1.635447 1.641090
 2053.000000 1.531527 1.534135
 2054.000000 1.582093 1.565805
 2055.000000 1.492956 1.587664
 2056.000000 1.692258 1.592400
 2057.000000 1.585096 1.563866
 2058.000000 1.630440 1.632770
 2059.000000 1.551723 1.594302
 2060.000000 1.607615 1.514343
 2061.000000 1.662981 1.644691
 2062.000000 1.683491 1.660396
 2063.000000 1.555158 1.553434
 2064.000000 1.600197 1.533041
 2065.000000 1.625571 1.640159
 2066.000000 1.613859 1.494561
 2067.000000 1.666378 1.548773
 2068.000000 1.611691 1.501871
 2069.000000 1.656075 1.544792
 2070.000000 1.677527 1.512260
 2071.000000 1.651506 1.513006
 2072.000000 1.621353 1.539351
 2073.000000 1.589711 1.542810
 2074.000000 1.612607 1.493452
 2075.000000 1.624376 1.515861
 2076.000000 1.699349 1.507276
 2077.000000 1.644599 1.539586
 2078.000000 1.636268 1.490713
 2079.000000 1.550701 1.533372
 2080.000000 1.590724 1.506408
 2081.000000 1.675131 1.624328
 2082.000000 1.583159 1.490968
 2083.000000 1.626558 1.531329
 2084.000000 1.648561 1.514196
 2085.000000 1.619319 1.505457
 2086.000000 1.668257 1.478637
 2087.000000 1.724183 1.483377
 2088.000000 1.620500 1.517486
 2089.000000 1.633080 1.571181
 2090.000000 1.723747 1.511607
 2091.000000 1.685149 1.490265
 2092.000000 1.585156 1.500172
 2093.000000 1.698879 1.534664
 2094.000000 1.526426 1.468646
 2095.000000 1.666813 1.456780
 2096.000000 1.660900 1.501234
 2097.000000 1.549089 1.462827
 2098.000000 1.526616 1.469294
 2099.000000 1.675450 1.530883
 2100.000000 1.629429 1.524162
 2101.000000 1.593844 1.487457
 2102.000000 1.673494 1.522548
 2103.000000 1.661246 1.567102
 2104.000000 1.550587 1.498764
 2105.000000 1.653967 1.552996
 2106.000000 1.650925 1.520398
 2107.000000 1.572188 1.497316
 2108.000000 1.619464 1.514301
 2109.000000 1.610867 1.545564
 2110.000000 1.638179 1.526116
 2111.000000 1.755014 1.530127
 2112.000000 1.641723 1.511978
 2113.000000 1.739932 1.501489
 2114.000000 1.549755 1.577573
 2115.000000 1.653377 1.583558
 2116.000000 1.743144 1.527849
 2117.000000 1.725151 1.467186
 2118.000000 1.801560 1.474070
 2119.000000 1.646283 1.508239
 2120.000000 1.611092 1.577383
 2121.000000 1.770888 1.539331
 2122.000000 1.638233 1.567475
 2123.000000 1.835854 1.503220
 2124.000000 1.636553 1.512476
 2125.000000 1.669623 1.526515
 2126.000000 1.683055 1.556551
 2127.000000 1.625223 1.492503
 2128.000000 1.667825 1.492731
 2129.000000 1.728982 1.627445
 2130.000000 1.587842 1.488041
 2131.000000 1.629709 1.555977
 2132.000000 1.626174 1.544392
 2133.000000 1.708515 1.561452
 2134.000000 1.629820 1.545038
 2135.000000 1.635485 1.526388
 2136.000000 1.590924 1.558326
 2137.000000 1.762968 1.457064
 2138.000000 1.695897 1.537503
 2139.000000 1.713900 1.535783
 2140.000000 1.651589 1.560797
 2141.000000 1.716538 1.423288
 2142.000000 1.720967 1.489887
 2143.000000 1.733073 1.594836
 2144.000000 1.560055 1.540666
 2145.000000 1.678291 1.542607
 2146.000000 1.643905 1.577351
 2147.000000 1.684019 1.532721
 2148.000000 1.779526 1.556643
 2149.000000 1.683666 1.622200
 2150.000000 1.712707 1.565114
 2151.000000 1.660086 1.505588
 2152.000000 1.769401 1.512167
 2153.000000 1.682887 1.567924
 2154.000000 1.708117 1.527403
 2155.000000 1.739441 1.559280
 2156.000000 1.699954 1.623536
 2157.000000 1.781029 1.543958
 2158.000000 1.684227 1.513139
 2159.000000 1.663366 1.543066
 2160.000000 1.675120 1.582295
 2161.000000 1.766975 1.551792
 2162.000000 1.785865 1.514091
 2163.000000 1.800971 1.552788
 2164.000000 1.705295 1.530998
 2165.000000 1.685920 1.565299
 2166.000000 1.681493 1.569275
 2167.000000 1.661841 1.579055
 2168.000000 1.707717 1.515674
 2169.000000 1.609504 1.533832
 2170.000000 1.658521 1.524530
 2171.000000 1.796604 1.606257
 2172.000000 1.595076 1.488485
 2173.000000 1.775322 1.465197
 2174.000000 1.743115 1.535183
 2175.000000 1.647880 1.538242
 2176.000000 1.674709 1.550587
 2177.000000 1.649472 1.612810
 2178.000000 1.646002 1.497519
 2179.000000 1.546171 1.509952
 2180.000000 1.675653 1.515478
 2181.000000 1.619273 1.449709
 2182.000000 1.714448 1.540386
 2183.000000 1.754945 1.567513
 2184.000000 1.796108 1.537587
 2185.000000 1.738484 1.558162
 2186.000000 1.700326 1.589767
 2187.000000 1.721440 1.562290
 2188.000000 1.678459 1.582420
 2189.000000 1.657510 1.558198
 2190.000000 1.672845 1.527437
 2191.000000 1.776183 1.603311
 2192.000000 1.671262 1.561865
 2193.000000 1.657249 1.586129
 2194.000000 1.818534 1.551126
 2195.000000 1.666041 1.586087
 2196.000000 1.634669 1.579013
 2197.000000 1.713364 1.519872
 2198.000000 1.739510 1.454858
 2199.000000 1.689045 1.540888
 2200.000000 1.736564 1.532613
 2201.000000 1.721908 1.558608
 2202.000000 1.744520 1.572569
 2203.000000 1.790076 1.588351
 2204.000000 1.692303 1.551496
 2205.000000 1.772101 1.470568
 2206.000000 1.726225 1.584318
 2207.000000 1.631687 1.527760
 2208.000000 1.731579 1.511343
 2209.000000 1.653404 1.520817
 2210.000000 1.684377 1.534077
 2211.000000 1.726704 1.536895
 2212.000000 1.691279 1.530842
 2213.000000 1.807431 1.546249
 2214.000000 1.754849 1.519352
 2215.000000 1.738220 1.608734
 2216.000000 1.750857 1.575518
 2217.000000 1.690756 1.604439
 2218.000000 1.718727 1.555446
 2219.000000 1.739305 1.581300
 2220.000000 1.720722 1.565999
 2221.000000 1.718415 1.655032
 2222.000000 1.751030 1.545801
 2223.000000 1.744440 1.509662
 2224.000000 1.730384 1.634286
 2225.000000 1.714456 1.579422
 2226.000000 1.671030 1.565812
 2227.000000 1.740851 1.593916
 2228.000000 1.720705 1.618949
 2229.000000 1.721681 1.609018
 2230.000000 1.670350 1.575703
 2231.000000 1.786460 1.585443
 2232.000000 1.659487 1.545272
 2233.000000 1.687672 1.595395
 2234.000000 1.751000 1.566614
 2235.000000 1.676577 1.639174
 2236.000000 1.697627 1.553082
 2237.000000 1.750103 1.565063
 2238.000000 1.747293 1.580359
 2239.000000 1.742732 1.592893
 2240.000000 1.685474 1.548303
 2241.000000 1.770005 1.609677
 2242.000000 1.633562 1.602493
 2243.000000 1.588193 1.536877
 2244.000000 1.692793 1.591672
 2245.000000 1.619287 1.595366
 2246.000000 1.592658 1.590669
 2247.000000 1.587054 1.623811
 2248.000000 1.751885 1.591297
 2249.000000 1.655954 1.569075
 2250.000000 1.629437 1.636214
 2251.000000 1.624110 1.594679
 2252.000000 1.658958 1.628965
 2253.000000 1.696537 1.564265
 2254.000000 1.653003 1.590335
 2255.000000 1.649976 1.644995
 2256.000000 1.710616 1.589088
 2257.000000 1.763757 1.561660
 2258.000000 1.700392 1.644185
 2259.000000 1.741793 1.565650
 2260.000000 1.735741 1.508753
 2261.000000 1.725291 1.578549
 2262.000000 1.745935 1.513236
 2263.000000 1.822589 1.648125
 2264.000000 1.648072 1.606515
 2265.000000 1.622457 1.559987
 2266.000000 1.714753 1.559305
 2267.000000 1.782370 1.584445
 2268.000000 1.671479 1.521943
 2269.000000 1.662994 1.560361
 2270.000000 1.773430 1.542880
 2271.000000 1.677203 1.565719
 2272.000000 1.696632 1.527129
 2273.000000 1.771258 1.595953
 2274.000000 1.620104 1.556579
 2275.000000 1.727900 1.554454
 2276.000000 1.681487 1.569684
 2277.000000 1.714096 1.535179
 2278.000000 1.726199 1.520963
 2279.000000 1.705819 1.515765
 2280.000000 1.730460 1.446139
 2281.000000 1.678986 1.554660
 2282.000000 1.669464 1.493791
 2283.000000 1.677479 1.540587
 2284.000000 1.753689 1.529316
 2285.000000 1.694983 1.496924
 2286.000000 1.729965 1.548971
 2287.000000 1.663202 1.572303
 2288.000000 1.699396 1.576897
 2289.000000 1.673935 1.578024
 2290.000000 1.645368 1.513678
 2291.000000 1.740771 1.480787
 2292.000000 1.710246 1.515453
 2293.000000 1.649768 1.510356
 2294.000000 1.766830 1.599529
 2295.000000 1.804309 1.563262
 2296.000000 1.711174 1.581153
 2297.000000 1.655489 1.570494
 2298.000000 1.706102 1.554478
 2299.000000 1.630336 1.463886
 2300.000000 1.686616 1.568183
 2301.000000 1.679995 1.568419
 2302.000000 1.628258 1.627418
 2303.000000 1.638521 1.594295
 2304.000000 1.669852 1.590498
 2305.000000 1.682402 1.565158
 2306.000000 1.691484 1.590280
 2307.000000 1.648475 1.601451
 2308.000000 1.590443 1.582868
 2309.000000 1.625460 1.499754
 2310.000000 1.610353 1.606336
 2311.000000 1.581571 1.520499
 2312.000000 1.762060 1.535587
 2313.000000 1.684481 1.631532
 2314.000000 1.687303 1.580025
 2315.000000 1.603355 1.617781
 2316.000000 1.710016 1.583491
 2317.000000 1.623520 1.538689
 2318.000000 1.554998 1.602079
 2319.000000 1.662381 1.593052
 2320.000000 1.634108 1.586327
 2321.000000 1.778053 1.563283
 2322.000000 1.647551 1.581375
 2323.000000 1.691200 1.625979
 2324.000000 1.682768 1.568670
 2325.000000 1.660420 1.484594
 2326.000000 1.733625 1.526136
 2327.000000 1.731610 1.566417
 2328.000000 1.786279 1.526046
 2329.000000 1.727919 1.580361
 2330.000000 1.768958 1.511788
 2331.000000 1.679318 1.580282
 2332.000000 1.708704 1.578844
 2333.000000 1.720514 1.547454
 2334.000000 1.668926 1.545963
 2335.000000 1.781309 1.611420
 2336.000000 1.707517 1.605926
 2337.000000 1.753491 1.559646
 2338.000000 1.612941 1.562930
 2339.000000 1.679162 1.587097
 2340.000000 1.687219 1.589607
 2341.000000 1.577153 1.614608
 2342.000000 1.671847 1.674658
 2343.000000 1.674333 1.589344
 2344.000000 1.601019 1.585697
 2345.000000 1.690198 1.584339
 2346.000000 1.651259 1.588053
 2347.000000 1.627929 1.580914
 2348.000000 1.706125 1.609466
 2349.000000 1.639469 1.485373
 2350.000000 1.664666 1.540290
 2351.000000 1.769886 1.581454
 2352.000000 1.723724 1.614973
 2353.000000 1.732630 1.647469
 2354.000000 1.703138 1.638670
 2355.000000 1.789616 1.609650
 2356.000000 1.665820 1.584706
 2357.000000 1.884441 1.632938
 2358.000000 1.872645 1.579724
 2359.000000 1.817456 1.553795
 2360.000000 1.702860 1.580519
 2361.000000 1.659048 1.566102
 2362.000000 1.746505 1.634339
 2363.000000 1.750647 1.621880
 2364.000000 1.674625 1.577250
 2365.000000 1.585910 1.603773
 2366.000000 1.662704 1.591733
 2367.000000 1.828323 1.602664
 2368.000000 1.705775 1.530074
 2369.000000 1.622491 1.601866
 2370.000000 1.460434 1.564174
 2371.000000 1.558138 1.603651
 2372.000000 1.561812 1.563400
 2373.000000 1.611587 1.527045
 2374.000000 1.594318 1.590341
 2375.000000 1.718080 1.529087
 2376.000000 1.613703 1.522500
 2377.000000 1.599574 1.609371
 2378.000000 1.709346 1.517578
 2379.000000 1.611010 1.538672
 2380.000000 1.686296 1.527814
 2381.000000 1.668854 1.562710
 2382.000000 1.657863 1.521066
 2383.000000 1.684797 1.527381
 2384.000000 1.678914 1.564095
 2385.000000 1.690449 1.596235
 2386.000000 1.663441 1.584172
 2387.000000 1.736025 1.609906
 2388.000000 1.753330 1.591003
 2389.000000 1.612623 1.559992
 2390.000000 1.819323 1.651309
 2391.000000 1.685557 1.588963
 2392.000000 1.672399 1.557207
 2393.000000 1.588169 1.520989
 2394.000000 1.726907 1.628425
 2395.000000 1.745483 1.609492
 2396.000000 1.766072 1.611339
 2397.000000 1.792960 1.646978
 2398.000000 1.763129 1.532576
 2399.000000 1.764352 1.574930
 2400.000000 1.755914 1.550155
 2401.000000 1.680696 1.603926
 2402.000000 1.751391 1.566200
 2403.000000 1.675410 1.556464
 2404.000000 1.724829 1.580626
 2405.000000 1.717762 1.564275
 2406.000000 1.694642 1.511645
 2407.000000 1.616550 1.618479
 2408.000000 1.706091 1.581229
 2409.000000 1.648375 1.625066
 2410.000000 1.569241 1.591920
 2411.000000 1.684512 1.605141
 2412.000000 1.667493 1.583399
 2413.000000 1.605973 1.576745
 2414.000000 1.726438 1.619401
 2415.000000 1.636068 1.628895
 2416.000000 1.675060 1.632944
 2417.000000 1.758687 1.635574
 2418.000000 1.751859 1.634059
 2419.000000 1.694148 1.572067
 2420.000000 1.726601 1.625508
 2421.000000 1.650831 1.643059
 2422.000000 1.703566 1.660809
 2423.000000 1.630374 1.612563
 2424.000000 1.605643 1.585485
 2425.000000 1.679887 1.670390
 2426.000000 1.689880 1.662810
 2427.000000 1.748606 1.555432
 2428.000000 1.637607 1.560455
 2429.000000 1.719258 1.595054
 2430.000000 1.680820 1.561948
 2431.000000 1.822122 1.562481
 2432.000000 1.798176 1.500687
 2433.000000 1.674072 1.561563
 2434.000000 1.759762 1.582381
 2435.000000 1.659662 1.506042
 2436.000000 1.624858 1.520052
 2437.000000 1.715100 1.539461
 2438.000000 1.847525 1.673575
 2439.000000 1.720144 1.612662
 2440.000000 1.586769 1.645684
 2441.000000 1.554744 1.554895
 2442.000000 1.765556 1.586892
 2443.000000 1.676693 1.592048
 2444.000000 1.703963 1.605927
 2445.000000 1.737036 1.613009
 2446.000000 1.678839 1.624019
 2447.000000 1.719979 1.608961
 2448.000000 1.731926 1.587971
 2449.000000 1.674875 1.621334
 2450.000000 1.674536 1.611457
 2451.000000 1.691785 1.581282
 2452.000000 1.588052 1.527987
 2453.000000 1.718475 1.639067
 2454.000000 1.735733 1.590001
 2455.000000 1.723646 1.598393
 2456.000000 1.625938 1.579137
 2457.000000 1.661932 1.557909
 2458.000000 1.759013 1.597161
 2459.000000 1.633636 1.615961
 2460.000000 1.764520 1.610352
 2461.000000 1.772854 1.723833
 2462.000000 1.734460 1.593265
 2463.000000 1.673950 1.522209
 2464.000000 1.625152 1.574657
 2465.000000 1.696073 1.645614
 2466.000000 1.708870 1.513768
 2467.000000 1.722029 1.582421
 2468.000000 1.647943 1.572716
 2469.000000 1.857472 1.565757
 2470.000000 1.672683 1.556507
 2471.000000 1.676016 1.566154
 2472.000000 1.684417 1.560129
 2473.000000 1.721470 1.594033
 2474.000000 1.729532 1.558397
 2475.000000 1.681548 1.603676
 2476.000000 1.690930 1.650793
 2477.000000 1.638063 1.598576
 2478.000000 1.509387 1.629693
 2479.000000 1.646635 1.595998
 2480.000000 1.763395 1.595023
 2481.000000 1.782609 1.646556
 2482.000000 1.694630 1.591657
 2483.000000 1.763659 1.615530
 2484.000000 1.628941 1.637421
 2485.000000 1.656782 1.545895
 2486.000000 1.705132 1.614692
 2487.000000 1.764551 1.601840
 2488.000000 1.864695 1.607986
 2489.000000 1.807048 1.592076
 2490.000000 1.723529 1.639878
 2491.000000 1.658152 1.588028
 2492.000000 1.834543 1.618266
 2493.000000 1.706480 1.651038
 2494.000000 1.803513 1.687775
 2495.000000 1.732632 1.641723
 2496.000000 1.650679 1.496617
 2497.000000 1.654745 1.675691
 2498.000000 1.660942 1.606708
 2499.000000 1.622367 1.626577
 2500.000000 1.756910 1.619327
