#! FIELDS time pd_137_140 diff
 0.000000 1.960515 0.347563
 1.000000 1.910280 0.297938
 2.000000 1.804077 0.452727
 3.000000 1.870801 0.458571
 4.000000 1.726184 0.447719
 5.000000 1.737441 0.453523
 6.000000 1.829162 0.431320
 7.000000 1.884270 0.546413
 8.000000 1.822762 0.448085
 9.000000 1.851097 0.524570
 10.000000 1.936414 0.465943
 11.000000 1.878326 0.423623
 12.000000 1.724940 0.415492
 13.000000 1.812955 0.467403
 14.000000 1.808144 0.481129
 15.000000 1.883289 0.410406
 16.000000 1.748144 0.499303
 17.000000 1.751383 0.449013
 18.000000 1.739683 0.516175
 19.000000 1.805115 0.521212
 20.000000 1.794149 0.433257
 21.000000 1.843390 0.459191
 22.000000 1.803700 0.488928
 23.000000 1.759124 0.526140
 24.000000 1.717106 0.476594
 25.000000 1.708503 0.482068
 26.000000 1.660748 0.527153
 27.000000 1.693554 0.515045
 28.000000 1.653109 0.442421
 29.000000 1.769407 0.510923
 30.000000 1.831214 0.445578
 31.000000 1.743168 0.444289
 32.000000 1.764196 0.456104
 33.000000 1.690750 0.505433
 34.000000 1.652081 0.378540
 35.000000 1.849965 0.518232
 36.000000 1.723979 0.416181
 37.000000 1.802579 0.511645
 38.000000 1.717884 0.561638
 39.000000 1.711239 0.556878
 40.000000 1.848331 0.514634
 41.000000 1.765599 0.453333
 42.000000 1.733023 0.427742
 43.000000 1.841986 0.453446
 44.000000 1.696821 0.346981
 45.000000 1.616384 0.348683
 46.000000 1.778372 0.447077
 47.000000 1.727420 0.491468
 48.000000 1.684319 0.384901
 49.000000 1.680740 0.386536
 50.000000 1.719393 0.436835
 51.000000 1.787078 0.382690
 52.000000 1.715463 0.425490
 53.000000 1.721703 0.376459
 54.000000 1.740161 0.440274
 55.000000 1.805978 0.466964
 56.000000 1.781009 0.474618
 57.000000 1.795222 0.427981
 58.000000 1.757527 0.468416
 59.000000 1.723249 0.465871
 60.000000 1.751000 0.422701
 61.000000 1.760528 0.442978
 62.000000 1.732910 0.497660
 63.000000 1.719868 0.514649
 64.000000 1.776042 0.423901
 65.000000 1.863707 0.499814
 66.000000 1.690242 0.508919
 67.000000 1.803349 0.507030
 68.000000 1.682111 0.567686
 69.000000 1.792612 0.561110
 70.000000 1.783466 0.488317
 71.000000 1.786384 0.472828
 72.000000 1.773303 0.535904
 73.000000 1.890168 0.585121
 74.000000 1.827767 0.604086
 75.000000 1.799489 0.558872
 76.000000 1.815194 0.618400
 77.000000 1.800793 0.563570
 78.000000 1.671847 0.487376
 79.000000 1.725162 0.471698
 80.000000 1.713870 0.576755
 81.000000 1.782880 0.579682
 82.000000 1.838163 0.565383
 83.000000 1.747230 0.531387
 84.000000 1.726235 0.592001
 85.000000 1.671545 0.583746
 86.000000 1.741740 0.499368
 87.000000 1.775413 0.412153
 88.000000 1.758421 0.423895
 89.000000 1.720481 0.508519
 90.000000 1.652041 0.556445
 91.000000 1.826673 0.592695
 92.000000 1.827422 0.539790
 93.000000 1.802252 0.576634
 94.000000 1.869075 0.498576
 95.000000 1.800865 0.436515
 96.000000 1.682121 0.465877
 97.000000 1.748762 0.440019
 98.000000 1.709543 0.514216
 99.000000 1.758183 0.385702
 100.000000 1.726959 0.448345
 101.000000 1.744735 0.415879
 102.000000 1.887065 0.456753
 103.000000 1.682061 0.449574
 104.000000 1.753604 0.418206
 105.000000 1.778449 0.548475
 106.000000 1.920274 0.448560
 107.000000 1.748031 0.401381
 108.000000 1.829555 0.528123
 109.000000 1.894785 0.528139
 110.000000 1.879576 0.453239
 111.000000 1.769358 0.517025
 112.000000 1.725467 0.534787
 113.000000 1.782885 0.488098
 114.000000 1.717992 0.547172
 115.000000 1.846471 0.508304
 116.000000 1.781340 0.584894
 117.000000 1.668184 0.533794
 118.000000 1.769055 0.457786
 119.000000 1.784630 0.417147
 120.000000 1.832496 0.493455
 121.000000 1.818424 0.501901
 122.000000 1.778280 0.462627
 123.000000 1.745205 0.499514
 124.000000 1.783775 0.526260
 125.000000 1.768212 0.474423
 126.000000 1.721455 0.525920
 127.000000 1.750463 0.492010
 128.000000 1.747606 0.468441
 129.000000 1.839087 0.508291
 130.000000 1.764944 0.568037
 131.000000 1.773009 0.494387
 132.000000 1.822185 0.431533
 133.000000 1.773319 0.403865
 134.000000 1.820036 0.431796
 135.000000 1.753839 0.445242
 136.000000 1.770212 0.515301
 137.000000 1.782202 0.452487
 138.000000 1.891925 0.468597
 139.000000 1.755465 0.458800
 140.000000 1.794338 0.415957
 141.000000 1.841525 0.440235
 142.000000 1.835994 0.391535
 143.000000 1.906454 0.451879
 144.000000 1.776991 0.558647
 145.000000 1.739475 0.526597
 146.000000 1.752386 0.528492
 147.000000 1.823243 0.528306
 148.000000 1.758164 0.511536
 149.000000 1.806370 0.504595
 150.000000 1.828268 0.600756
 151.000000 1.783417 0.463063
 152.000000 1.751091 0.507938
 153.000000 1.762871 0.582862
 154.000000 1.787011 0.500917
 155.000000 1.801056 0.537103
 156.000000 1.744352 0.485838
 157.000000 1.793355 0.575171
 158.000000 1.741979 0.551869
 159.000000 1.766710 0.519794
 160.000000 1.866422 0.506139
 161.000000 1.884997 0.552643
 162.000000 1.699915 0.565459
 163.000000 1.726513 0.564246
 164.000000 1.757049 0.510527
 165.000000 1.779213 0.446707
 166.000000 1.845075 0.485095
 167.000000 1.939474 0.567415
 168.000000 1.796825 0.430891
 169.000000 1.700316 0.528524
 170.000000 1.905197 0.489031
 171.000000 1.889027 0.392048
 172.000000 1.711814 0.464413
 173.000000 1.807528 0.515465
 174.000000 1.763909 0.507546
 175.000000 1.636568 0.510081
 176.000000 1.696935 0.447597
 177.000000 1.713999 0.399244
 178.000000 1.727297 0.492352
 179.000000 1.832805 0.445958
 180.000000 1.764597 0.459053
 181.000000 1.825886 0.490583
 182.000000 1.793504 0.538881
 183.000000 1.669958 0.509357
 184.000000 1.750459 0.422919
 185.000000 1.746554 0.451980
 186.000000 1.707999 0.531177
 187.000000 1.790940 0.437731
 188.000000 1.739009 0.450880
 189.000000 1.713876 0.478911
 190.000000 1.724272 0.504510
 191.000000 1.748308 0.378916
 192.000000 1.741017 0.478052
 193.000000 1.836376 0.482980
 194.000000 1.721145 0.548911
 195.000000 1.847688 0.439459
 196.000000 1.848983 0.427736
 197.000000 1.729876 0.508608
 198.000000 1.815622 0.537897
 199.000000 1.720429 0.529715
 200.000000 1.718987 0.529834
 201.000000 1.696802 0.474021
 202.000000 1.724850 0.530595
 203.000000 1.831623 0.439267
 204.000000 1.699931 0.541553
 205.000000 1.658535 0.622036
 206.000000 1.682720 0.462302
 207.000000 1.710793 0.557972
 208.000000 1.830504 0.551473
 209.000000 1.700775 0.532635
 210.000000 1.793582 0.536749
 211.000000 1.673024 0.597894
 212.000000 1.669183 0.547885
 213.000000 1.702594 0.544724
 214.000000 1.596773 0.554928
 215.000000 1.770683 0.508837
 216.000000 1.628573 0.586012
 217.000000 1.689268 0.586370
 218.000000 1.578419 0.509647
 219.000000 1.773391 0.550713
 220.000000 1.796436 0.520904
 221.000000 1.707466 0.492572
 222.000000 1.713367 0.556103
 223.000000 1.682729 0.484175
 224.000000 1.704622 0.587830
 225.000000 1.763024 0.530390
 226.000000 1.772871 0.531175
 227.000000 1.676780 0.519865
 228.000000 1.787003 0.478498
 229.000000 1.724457 0.422619
 230.000000 1.790852 0.590032
 231.000000 1.693982 0.532773
 232.000000 1.651302 0.571097
 233.000000 1.749572 0.487424
 234.000000 1.678550 0.523013
 235.000000 1.714744 0.539127
 236.000000 1.826969 0.522595
 237.000000 1.793617 0.598878
 238.000000 1.794364 0.497046
 239.000000 1.710453 0.478906
 240.000000 1.801232 0.515662
 241.000000 1.754678 0.435627
 242.000000 1.726797 0.498036
 243.000000 1.758124 0.594890
 244.000000 1.856048 0.544322
 245.000000 1.778337 0.533735
 246.000000 1.703810 0.560261
 247.000000 1.775800 0.564195
 248.000000 1.695023 0.475670
 249.000000 1.643168 0.573051
 250.000000 1.722335 0.518669
 251.000000 1.726932 0.617523
 252.000000 1.789832 0.517520
 253.000000 1.868279 0.659058
 254.000000 1.779305 0.529126
 255.000000 1.807097 0.517609
 256.000000 1.791336 0.587042
 257.000000 1.795814 0.562053
 258.000000 1.691713 0.568238
 259.000000 1.889261 0.565040
 260.000000 1.760301 0.519069
 261.000000 1.743692 0.605424
 262.000000 1.805307 0.500800
 263.000000 1.779830 0.528015
 264.000000 1.712899 0.542079
 265.000000 1.752436 0.539557
 266.000000 1.753017 0.432028
 267.000000 1.761571 0.471721
 268.000000 1.710814 0.423143
 269.000000 1.648987 0.493664
 270.000000 1.879922 0.533429
 271.000000 1.712669 0.458860
 272.000000 1.866702 0.447394
 273.000000 1.823426 0.466081
 274.000000 1.809761 0.605812
 275.000000 1.808512 0.485245
 276.000000 1.767950 0.541990
 277.000000 1.794250 0.541399
 278.000000 1.800322 0.563367
 279.000000 1.711846 0.449467
 280.000000 1.837546 0.419105
 281.000000 1.727061 0.472341
 282.000000 1.790939 0.431384
 283.000000 1.754363 0.517246
 284.000000 1.838115 0.539917
 285.000000 1.834181 0.499516
 286.000000 1.843849 0.528471
 287.000000 1.775800 0.400015
 288.000000 1.723772 0.536122
 289.000000 1.745710 0.479642
 290.000000 1.730336 0.589467
 291.000000 1.821442 0.500447
 292.000000 1.805425 0.556794
 293.000000 1.796157 0.595720
 294.000000 1.852285 0.560908
 295.000000 1.854319 0.561622
 296.000000 1.787532 0.496080
 297.000000 1.669130 0.477083
 298.000000 1.782434 0.465461
 299.000000 1.737253 0.521514
 300.000000 1.642860 0.514496
 301.000000 1.752499 0.490022
 302.000000 1.758561 0.531499
 303.000000 1.742674 0.559951
 304.000000 1.734316 0.490856
 305.000000 1.760196 0.538187
 306.000000 1.818730 0.505055
 307.000000 1.829922 0.468854
 308.000000 1.771324 0.467792
 309.000000 1.783815 0.524785
 310.000000 1.789374 0.560417
 311.000000 1.861075 0.458536
 312.000000 1.857471 0.513912
 313.000000 1.767378 0.477712
 314.000000 1.869148 0.477624
 315.000000 1.764642 0.510083
 316.000000 1.698129 0.511619
 317.000000 1.598488 0.478430
 318.000000 1.799990 0.433562
 319.000000 1.764388 0.459174
 320.000000 1.808980 0.522088
 321.000000 1.827599 0.506434
 322.000000 1.768209 0.566078
 323.000000 1.725009 0.534698
 324.000000 1.724774 0.441153
 325.000000 1.825554 0.472032
 326.000000 1.806958 0.569821
 327.000000 1.831054 0.498187
 328.000000 1.784731 0.508972
 329.000000 1.632603 0.507779
 330.000000 1.834639 0.541541
 331.000000 1.890641 0.434085
 332.000000 1.767062 0.455347
 333.000000 1.806736 0.457913
 334.000000 1.744890 0.534608
 335.000000 1.701840 0.461475
 336.000000 1.838482 0.388428
 337.000000 1.768578 0.453054
 338.000000 1.771223 0.461555
 339.000000 1.751488 0.496470
 340.000000 1.743848 0.478683
 341.000000 1.784565 0.440802
 342.000000 1.797533 0.450706
 343.000000 1.827063 0.485741
 344.000000 1.825116 0.471087
 345.000000 1.610821 0.536858
 346.000000 1.770770 0.526858
 347.000000 1.829445 0.564647
 348.000000 1.836572 0.488963
 349.000000 1.818506 0.490853
 350.000000 1.830594 0.530851
 351.000000 1.789068 0.413701
 352.000000 1.821537 0.539845
 353.000000 1.793004 0.446507
 354.000000 1.861057 0.518926
 355.000000 1.787694 0.509258
 356.000000 1.660578 0.463045
 357.000000 1.842313 0.503195
 358.000000 1.804410 0.532095
 359.000000 1.849596 0.448906
 360.000000 1.888305 0.547082
 361.000000 1.801962 0.561130
 362.000000 1.824625 0.490465
 363.000000 1.675952 0.451920
 364.000000 1.808039 0.467676
 365.000000 1.763121 0.481534
 366.000000 1.724517 0.376486
 367.000000 1.756946 0.529848
 368.000000 1.787265 0.551111
 369.000000 1.733625 0.572533
 370.000000 1.837993 0.539702
 371.000000 1.791344 0.463144
 372.000000 1.797762 0.516767
 373.000000 1.693072 0.470678
 374.000000 1.802201 0.495511
 375.000000 1.827960 0.452261
 376.000000 1.744354 0.478110
 377.000000 1.773211 0.450637
 378.000000 1.762545 0.536474
 379.000000 1.818983 0.447263
 380.000000 1.836036 0.454843
 381.000000 1.775183 0.601795
 382.000000 1.817590 0.595338
 383.000000 1.811339 0.409137
 384.000000 1.774959 0.487195
 385.000000 1.818426 0.435488
 386.000000 1.820450 0.402625
 387.000000 1.870674 0.404307
 388.000000 1.826184 0.428941
 389.000000 1.816621 0.449768
 390.000000 1.836777 0.440567
 391.000000 1.778578 0.541688
 392.000000 1.729956 0.527693
 393.000000 1.745742 0.595610
 394.000000 1.864487 0.552432
 395.000000 1.697257 0.490280
 396.000000 1.728839 0.531263
 397.000000 1.824144 0.611264
 398.000000 1.719088 0.474357
 399.000000 1.867670 0.613192
 400.000000 1.839030 0.514268
 401.000000 1.807665 0.575283
 402.000000 1.724294 0.596943
 403.000000 1.823846 0.611444
 404.000000 1.847936 0.518053
 405.000000 1.776752 0.526182
 406.000000 1.852092 0.604542
 407.000000 1.813106 0.581336
 408.000000 1.768993 0.583894
 409.000000 1.754945 0.459877
 410.000000 1.745717 0.479575
 411.000000 1.732201 0.494359
 412.000000 1.720261 0.486177
 413.000000 1.926011 0.507648
 414.000000 1.735139 0.535382
 415.000000 1.720865 0.410724
 416.000000 1.727598 0.504286
 417.000000 1.783219 0.565710
 418.000000 1.810817 0.514787
 419.000000 1.780875 0.538257
 420.000000 1.882209 0.559938
 421.000000 1.882166 0.564366
 422.000000 1.821101 0.562126
 423.000000 1.771144 0.546273
 424.000000 1.824223 0.523048
 425.000000 1.694447 0.471364
 426.000000 1.762135 0.493353
 427.000000 1.760197 0.455021
 428.000000 1.771548 0.477602
 429.000000 1.791591 0.499395
 430.000000 1.784533 0.488127
 431.000000 1.844123 0.439507
 432.000000 1.808781 0.462716
 433.000000 1.774168 0.551641
 434.000000 1.777463 0.460256
 435.000000 1.762778 0.432716
 436.000000 1.748876 0.536383
 437.000000 1.692495 0.435053
 438.000000 1.767538 0.526686
 439.000000 1.659840 0.431506
 440.000000 1.760625 0.514424
 441.000000 1.758392 0.629121
 442.000000 1.763876 0.523642
 443.000000 1.757626 0.477509
 444.000000 1.735065 0.530404
 445.000000 1.783914 0.554265
 446.000000 1.729343 0.396135
 447.000000 1.766736 0.487236
 448.000000 1.791348 0.499436
 449.000000 1.650669 0.542674
 450.000000 1.720149 0.487344
 451.000000 1.690721 0.520935
 452.000000 1.733408 0.498638
 453.000000 1.736615 0.528339
 454.000000 1.842957 0.446115
 455.000000 1.751430 0.502651
 456.000000 1.848889 0.540145
 457.000000 1.692401 0.471745
 458.000000 1.731530 0.501448
 459.000000 1.769270 0.540879
 460.000000 1.806306 0.490814
 461.000000 1.853131 0.521776
 462.000000 1.702615 0.560763
 463.000000 1.775983 0.545553
 464.000000 1.771999 0.534603
 465.000000 1.764083 0.489888
 466.000000 1.759915 0.582860
 467.000000 1.716577 0.547082
 468.000000 1.734393 0.587954
 469.000000 1.891410 0.581667
 470.000000 1.720295 0.614320
 471.000000 1.802244 0.523980
 472.000000 1.714580 0.405867
 473.000000 1.771679 0.466793
 474.000000 1.802834 0.495605
 475.000000 1.808895 0.461360
 476.000000 1.741847 0.495223
 477.000000 1.671197 0.524656
 478.000000 1.749626 0.601113
 479.000000 1.861273 0.517074
 480.000000 1.759901 0.513836
 481.000000 1.814003 0.418555
 482.000000 1.804329 0.398401
 483.000000 1.780575 0.496980
 484.000000 1.808747 0.559459
 485.000000 1.690209 0.530578
 486.000000 1.753450 0.532380
 487.000000 1.730740 0.551558
 488.000000 1.847143 0.612767
 489.000000 1.731829 0.528528
 490.000000 1.811053 0.523297
 491.000000 1.777043 0.541724
 492.000000 1.706624 0.482093
 493.000000 1.742215 0.522910
 494.000000 1.767404 0.589199
 495.000000 1.784482 0.489050
 496.000000 1.800395 0.490393
 497.000000 1.790014 0.533070
 498.000000 1.708192 0.416887
 499.000000 1.699625 0.456487
 500.000000 1.781756 0.478256
 501.000000 1.715243 0.517807
 502.000000 1.662475 0.617095
 503.000000 1.780563 0.486183
 504.000000 1.811284 0.496625
 505.000000 1.729228 0.520116
 506.000000 1.901077 0.536353
 507.000000 1.764363 0.488292
 508.000000 1.757720 0.526474
 509.000000 1.815698 0.511022
 510.000000 1.853654 0.456386
 511.000000 1.825921 0.444902
 512.000000 1.801284 0.432132
 513.000000 1.818701 0.559598
 514.000000 1.771345 0.555936
 515.000000 1.856576 0.516065
 516.000000 1.752736 0.446880
 517.000000 1.765637 0.503355
 518.000000 1.790015 0.469117
 519.000000 1.726596 0.414540
 520.000000 1.736910 0.541904
 521.000000 1.712285 0.536276
 522.000000 1.751139 0.510037
 523.000000 1.740385 0.473587
 524.000000 1.743646 0.561182
 525.000000 1.789717 0.614370
 526.000000 1.778653 0.493354
 527.000000 1.780710 0.591743
 528.000000 1.794711 0.513844
 529.000000 1.801519 0.513306
 530.000000 1.796149 0.475809
 531.000000 1.857327 0.524605
 532.000000 1.863341 0.534216
 533.000000 1.805532 0.528401
 534.000000 1.778973 0.591045
 535.000000 1.839495 0.524589
 536.000000 1.800864 0.514518
 537.000000 1.925682 0.495900
 538.000000 1.890244 0.470510
 539.000000 1.775748 0.407513
 540.000000 1.653686 0.485884
 541.000000 1.859729 0.471701
 542.000000 1.711481 0.509114
 543.000000 1.871073 0.457830
 544.000000 1.733092 0.435610
 545.000000 1.783260 0.452403
 546.000000 1.765530 0.466717
 547.000000 1.679397 0.451546
 548.000000 1.727996 0.487049
 549.000000 1.584150 0.454340
 550.000000 1.721127 0.446086
 551.000000 1.757089 0.456350
 552.000000 1.799815 0.494516
 553.000000 1.777211 0.495427
 554.000000 1.817912 0.405944
 555.000000 1.750738 0.475928
 556.000000 1.768338 0.544706
 557.000000 1.740285 0.556081
 558.000000 1.771600 0.534903
 559.000000 1.866565 0.465072
 560.000000 1.786607 0.578874
 561.000000 1.870752 0.462167
 562.000000 1.867264 0.557416
 563.000000 1.802970 0.439282
 564.000000 1.876752 0.478621
 565.000000 1.837571 0.527810
 566.000000 1.718101 0.560954
 567.000000 1.923910 0.470705
 568.000000 1.791079 0.524841
 569.000000 1.919593 0.488760
 570.000000 1.835525 0.588041
 571.000000 1.871405 0.511468
 572.000000 1.783081 0.503155
 573.000000 1.871234 0.593999
 574.000000 1.784886 0.606487
 575.000000 1.726944 0.472194
 576.000000 1.747787 0.535338
 577.000000 1.769498 0.566877
 578.000000 1.784851 0.541386
 579.000000 1.857083 0.536318
 580.000000 1.829049 0.535888
 581.000000 1.789824 0.533813
 582.000000 1.717378 0.527874
 583.000000 1.782786 0.581756
 584.000000 1.749273 0.522190
 585.000000 1.959879 0.552008
 586.000000 1.699551 0.532941
 587.000000 1.757247 0.539941
 588.000000 1.872522 0.530119
 589.000000 1.841916 0.532984
 590.000000 1.808013 0.529252
 591.000000 1.856440 0.516535
 592.000000 1.800186 0.472968
 593.000000 1.759313 0.541458
 594.000000 1.782568 0.594091
 595.000000 1.864409 0.544022
 596.000000 1.855044 0.575863
 597.000000 1.803354 0.534116
 598.000000 1.806609 0.503991
 599.000000 1.767509 0.533187
 600.000000 1.817389 0.466380
 601.000000 1.717360 0.468234
 602.000000 1.823661 0.483112
 603.000000 1.697314 0.557473
 604.000000 1.808041 0.529138
 605.000000 1.797155 0.577831
 606.000000 1.846389 0.521921
 607.000000 1.779504 0.521257
 608.000000 1.734360 0.521575
 609.000000 1.739047 0.450957
 610.000000 1.714564 0.548837
 611.000000 1.822737 0.557813
 612.000000 1.806266 0.543833
 613.000000 1.765420 0.550749
 614.000000 1.768497 0.418337
 615.000000 1.904175 0.449326
 616.000000 1.744860 0.486335
 617.000000 1.879364 0.503047
 618.000000 1.808878 0.535561
 619.000000 1.837994 0.510649
 620.000000 1.831225 0.455968
 621.000000 1.812342 0.466027
 622.000000 1.748114 0.519484
 623.000000 1.840053 0.440590
 624.000000 1.702686 0.549340
 625.000000 1.775630 0.583265
 626.000000 1.917583 0.510239
 627.000000 1.767073 0.507094
 628.000000 1.732739 0.435550
 629.000000 1.801496 0.492306
 630.000000 1.925285 0.482596
 631.000000 1.755987 0.492047
 632.000000 1.792383 0.456014
 633.000000 1.843953 0.613801
 634.000000 1.835713 0.559896
 635.000000 1.730074 0.499261
 636.000000 1.860819 0.462432
 637.000000 1.803965 0.510968
 638.000000 1.829363 0.520690
 639.000000 1.760822 0.615426
 640.000000 1.801517 0.579709
 641.000000 1.863930 0.589079
 642.000000 1.871015 0.589115
 643.000000 1.783465 0.609884
 644.000000 1.862855 0.535948
 645.000000 1.676771 0.545396
 646.000000 1.822933 0.573198
 647.000000 1.858347 0.482956
 648.000000 1.739310 0.437383
 649.000000 1.713853 0.625751
 650.000000 1.885890 0.572951
 651.000000 1.855380 0.634537
 652.000000 1.760243 0.539518
 653.000000 1.814553 0.468728
 654.000000 1.789019 0.503677
 655.000000 1.768244 0.456495
 656.000000 1.890253 0.488194
 657.000000 1.752688 0.437246
 658.000000 1.708236 0.458784
 659.000000 1.786970 0.401728
 660.000000 1.869497 0.445778
 661.000000 1.805851 0.369865
 662.000000 1.834314 0.451435
 663.000000 1.771432 0.517717
 664.000000 1.813217 0.456902
 665.000000 1.752437 0.435871
 666.000000 1.799995 0.399562
 667.000000 1.800632 0.448034
 668.000000 1.846796 0.517388
 669.000000 1.836814 0.425716
 670.000000 1.878357 0.425883
 671.000000 1.768707 0.377920
 672.000000 1.762943 0.475702
 673.000000 1.847813 0.478766
 674.000000 1.769737 0.452406
 675.000000 1.793300 0.461728
 676.000000 1.874283 0.519083
 677.000000 1.861143 0.491644
 678.000000 1.774527 0.485018
 679.000000 1.764853 0.411808
 680.000000 1.816380 0.502123
 681.000000 1.777907 0.438318
 682.000000 1.729029 0.492474
 683.000000 1.770910 0.435057
 684.000000 1.840791 0.461417
 685.000000 1.832505 0.564220
 686.000000 1.843346 0.500276
 687.000000 1.725586 0.600723
 688.000000 1.764625 0.424972
 689.000000 1.867954 0.539525
 690.000000 1.769713 0.500478
 691.000000 1.748769 0.472959
 692.000000 1.766579 0.566795
 693.000000 1.756185 0.585012
 694.000000 1.718923 0.521104
 695.000000 1.761750 0.539788
 696.000000 1.820700 0.548801
 697.000000 1.922014 0.611527
 698.000000 1.702433 0.543459
 699.000000 1.710467 0.610202
 700.000000 1.855055 0.635393
 701.000000 1.739209 0.557894
 702.000000 1.693374 0.562247
 703.000000 1.760485 0.622620
 704.000000 1.737739 0.619446
 705.000000 1.883847 0.510283
 706.000000 1.789227 0.502836
 707.000000 1.910451 0.564666
 708.000000 1.822147 0.494844
 709.000000 1.830889 0.459495
 710.000000 1.752565 0.483432
 711.000000 1.841988 0.591144
 712.000000 1.825158 0.518968
 713.000000 1.774425 0.411623
 714.000000 1.746604 0.484546
 715.000000 1.755301 0.540879
 716.000000 1.708095 0.458332
 717.000000 1.688022 0.454928
 718.000000 1.746814 0.498351
 719.000000 1.728290 0.571481
 720.000000 1.797334 0.614021
 721.000000 1.773647 0.508941
 722.000000 1.822784 0.547963
 723.000000 1.764155 0.543340
 724.000000 1.717851 0.466610
 725.000000 1.687778 0.556188
 726.000000 1.743159 0.509982
 727.000000 1.716222 0.465804
 728.000000 1.591089 0.533939
 729.000000 1.700036 0.503498
 730.000000 1.683727 0.509708
 731.000000 1.650449 0.545820
 732.000000 1.752031 0.429303
 733.000000 1.732609 0.520629
 734.000000 1.758659 0.526256
 735.000000 1.719609 0.492705
 736.000000 1.797293 0.527164
 737.000000 1.773867 0.474520
 738.000000 1.670784 0.560393
 739.000000 1.778733 0.528488
 740.000000 1.730307 0.522090
 741.000000 1.715158 0.544943
 742.000000 1.752700 0.516550
 743.000000 1.718235 0.552381
 744.000000 1.785613 0.505804
 745.000000 1.689588 0.526711
 746.000000 1.723687 0.513286
 747.000000 1.745675 0.482753
 748.000000 1.671532 0.408743
 749.000000 1.620026 0.330233
 750.000000 1.790815 0.454827
 751.000000 1.680141 0.418455
 752.000000 1.734599 0.592088
 753.000000 1.630879 0.471094
 754.000000 1.775006 0.498706
 755.000000 1.725588 0.465820
 756.000000 1.643668 0.512287
 757.000000 1.810940 0.523181
 758.000000 1.683172 0.422724
 759.000000 1.605066 0.509598
 760.000000 1.772615 0.476247
 761.000000 1.708912 0.489295
 762.000000 1.869143 0.440686
 763.000000 1.816804 0.533642
 764.000000 1.776747 0.474148
 765.000000 1.872994 0.543765
 766.000000 1.789254 0.489924
 767.000000 1.787287 0.437552
 768.000000 1.671138 0.548753
 769.000000 1.884799 0.437872
 770.000000 1.920448 0.475331
 771.000000 1.797744 0.469271
 772.000000 1.754458 0.525133
 773.000000 1.703894 0.483362
 774.000000 1.804531 0.523128
 775.000000 1.854593 0.490480
 776.000000 1.772948 0.553986
 777.000000 1.738502 0.496594
 778.000000 1.679821 0.555107
 779.000000 1.899855 0.458433
 780.000000 1.780612 0.488935
 781.000000 1.793593 0.511859
 782.000000 1.698697 0.467136
 783.000000 1.739016 0.562269
 784.000000 1.730273 0.586384
 785.000000 1.737432 0.570157
 786.000000 1.916422 0.495835
 787.000000 1.792777 0.461466
 788.000000 1.824269 0.439708
 789.000000 1.774007 0.520978
 790.000000 1.699675 0.536227
 791.000000 1.916129 0.449468
 792.000000 1.703915 0.546187
 793.000000 1.690904 0.577075
 794.000000 1.774849 0.461755
 795.000000 1.696029 0.502361
 796.000000 1.720011 0.445012
 797.000000 1.704071 0.511520
 798.000000 1.743338 0.524376
 799.000000 1.757103 0.466323
 800.000000 1.752523 0.546208
 801.000000 1.749050 0.482406
 802.000000 1.705516 0.524952
 803.000000 1.698395 0.550202
 804.000000 1.703931 0.544390
 805.000000 1.664542 0.518819
 806.000000 1.712993 0.425999
 807.000000 1.674206 0.611637
 808.000000 1.700219 0.508045
 809.000000 1.717020 0.488890
 810.000000 1.714837 0.434065
 811.000000 1.750655 0.527954
 812.000000 1.700370 0.468579
 813.000000 1.762880 0.482418
 814.000000 1.755212 0.520261
 815.000000 1.796770 0.483732
 816.000000 1.753252 0.517413
 817.000000 1.673405 0.514112
 818.000000 1.729877 0.566608
 819.000000 1.790099 0.534094
 820.000000 1.751214 0.563705
 821.000000 1.619205 0.554398
 822.000000 1.773765 0.568617
 823.000000 1.790001 0.526096
 824.000000 1.627127 0.544030
 825.000000 1.768034 0.558276
 826.000000 1.828978 0.509598
 827.000000 1.705836 0.560232
 828.000000 1.703085 0.552457
 829.000000 1.714133 0.566577
 830.000000 1.825968 0.558651
 831.000000 1.588689 0.545244
 832.000000 1.646262 0.532124
 833.000000 1.713554 0.514314
 834.000000 1.764543 0.539250
 835.000000 1.747639 0.530492
 836.000000 1.674070 0.480426
 837.000000 1.681366 0.487587
 838.000000 1.752411 0.522041
 839.000000 1.690170 0.477881
 840.000000 1.716196 0.441013
 841.000000 1.739967 0.411111
 842.000000 1.733762 0.445944
 843.000000 1.860856 0.420018
 844.000000 1.729326 0.477368
 845.000000 1.864181 0.397467
 846.000000 1.754939 0.442975
 847.000000 1.666938 0.523677
 848.000000 1.738724 0.419065
 849.000000 1.732348 0.424828
 850.000000 1.707331 0.427493
 851.000000 1.727243 0.479893
 852.000000 1.688845 0.505962
 853.000000 1.754389 0.448279
 854.000000 1.765477 0.419543
 855.000000 1.680220 0.457583
 856.000000 1.729705 0.459330
 857.000000 1.690885 0.517546
 858.000000 1.639064 0.453163
 859.000000 1.665535 0.542942
 860.000000 1.734024 0.554603
 861.000000 1.705357 0.405035
 862.000000 1.723837 0.435452
 863.000000 1.853340 0.496426
 864.000000 1.725564 0.420997
 865.000000 1.732617 0.427869
 866.000000 1.777233 0.504045
 867.000000 1.650472 0.486549
 868.000000 1.768314 0.404030
 869.000000 1.627650 0.430039
 870.000000 1.750860 0.428297
 871.000000 1.749158 0.461645
 872.000000 1.829204 0.516534
 873.000000 1.806440 0.418251
 874.000000 1.675625 0.478076
 875.000000 1.731607 0.453814
 876.000000 1.843271 0.484776
 877.000000 1.761845 0.540406
 878.000000 1.720597 0.457990
 879.000000 1.689934 0.617033
 880.000000 1.772142 0.508685
 881.000000 1.754290 0.562502
 882.000000 1.730928 0.525588
 883.000000 1.711392 0.542850
 884.000000 1.753248 0.503217
 885.000000 1.739283 0.495015
 886.000000 1.783632 0.577279
 887.000000 1.739438 0.468476
 888.000000 1.718508 0.491259
 889.000000 1.680997 0.438942
 890.000000 1.770690 0.485671
 891.000000 1.658171 0.485073
 892.000000 1.687583 0.449267
 893.000000 1.766225 0.517666
 894.000000 1.710803 0.530136
 895.000000 1.754551 0.518996
 896.000000 1.774152 0.475099
 897.000000 1.741069 0.417817
 898.000000 1.709432 0.501363
 899.000000 1.727809 0.494245
 900.000000 1.665752 0.434169
 901.000000 1.687363 0.482971
 902.000000 1.756523 0.473324
 903.000000 1.641067 0.474380
 904.000000 1.819908 0.582906
 905.000000 1.840179 0.532862
 906.000000 1.762826 0.488786
 907.000000 1.740334 0.545247
 908.000000 1.698015 0.520113
 909.000000 1.757230 0.570612
 910.000000 1.768947 0.454665
 911.000000 1.785325 0.503113
 912.000000 1.743546 0.579934
 913.000000 1.682394 0.565331
 914.000000 1.761333 0.514272
 915.000000 1.771247 0.570887
 916.000000 1.857615 0.629309
 917.000000 1.716549 0.545585
 918.000000 1.828099 0.527048
 919.000000 1.789208 0.494793
 920.000000 1.797392 0.617529
 921.000000 1.785162 0.546507
 922.000000 1.790830 0.531557
 923.000000 1.827851 0.475094
 924.000000 1.794511 0.564007
 925.000000 1.769265 0.510866
 926.000000 1.739558 0.532598
 927.000000 1.706138 0.559883
 928.000000 1.704557 0.498347
 929.000000 1.609984 0.455137
 930.000000 1.782771 0.566362
 931.000000 1.745509 0.590413
 932.000000 1.799228 0.754227
 933.000000 1.736275 0.557645
 934.000000 1.747033 0.555808
 935.000000 1.844988 0.549201
 936.000000 1.961465 0.654900
 937.000000 1.741518 0.555027
 938.000000 1.753546 0.517893
 939.000000 1.733141 0.559373
 940.000000 1.881151 0.581523
 941.000000 1.844993 0.579347
 942.000000 1.864194 0.618223
 943.000000 1.884123 0.637972
 944.000000 1.782303 0.596339
 945.000000 1.800159 0.523811
 946.000000 1.828806 0.568628
 947.000000 1.828784 0.550559
 948.000000 1.884976 0.512668
 949.000000 1.737636 0.582894
 950.000000 1.842871 0.522407
 951.000000 1.754812 0.531285
 952.000000 1.711902 0.674108
 953.000000 1.723682 0.532630
 954.000000 1.696794 0.577922
 955.000000 1.663086 0.621308
 956.000000 1.730891 0.624289
 957.000000 1.716579 0.655519
 958.000000 1.756271 0.471936
 959.000000 1.807112 0.570603
 960.000000 1.752507 0.564883
 961.000000 1.774661 0.460033
 962.000000 1.743510 0.468076
 963.000000 1.676165 0.574698
 964.000000 1.753148 0.504201
 965.000000 1.733091 0.518236
 966.000000 1.792030 0.594897
 967.000000 1.839988 0.517117
 968.000000 1.669582 0.566836
 969.000000 1.725755 0.499191
 970.000000 1.942188 0.534207
 971.000000 1.818497 0.577273
 972.000000 1.701407 0.520837
 973.000000 1.732332 0.537719
 974.000000 1.782097 0.528433
 975.000000 1.750516 0.522090
 976.000000 1.691515 0.528515
 977.000000 1.632056 0.555512
 978.000000 1.745490 0.539183
 979.000000 1.723613 0.546071
 980.000000 1.772296 0.503531
 981.000000 1.740963 0.542549
 982.000000 1.742055 0.459515
 983.000000 1.674937 0.640431
 984.000000 1.754011 0.549662
 985.000000 1.759576 0.428838
 986.000000 1.711500 0.517391
 987.000000 1.754731 0.513090
 988.000000 1.829187 0.520422
 989.000000 1.665401 0.587764
 990.000000 1.749694 0.563979
 991.000000 1.805271 0.562133
 992.000000 1.767886 0.621087
 993.000000 1.755789 0.462868
 994.000000 1.795756 0.524385
 995.000000 1.761458 0.548751
 996.000000 1.767375 0.603916
 997.000000 1.751888 0.657085
 998.000000 1.722019 0.571317
 999.000000 1.685628 0.575172
 1000.000000 1.713816 0.602874
 1001.000000 1.700834 0.489316
 1002.000000 1.788248 0.465708
 1003.000000 1.714561 0.602533
 1004.000000 1.801991 0.532166
 1005.000000 1.672557 0.606928
 1006.000000 1.797151 0.482813
 1007.000000 1.723202 0.457313
 1008.000000 1.737884 0.507036
 1009.000000 1.736725 0.588669
 1010.000000 1.856202 0.498100
 1011.000000 1.845304 0.602691
 1012.000000 1.817978 0.546779
 1013.000000 1.712204 0.501774
 1014.000000 1.810424 0.521494
 1015.000000 1.816271 0.534645
 1016.000000 1.757500 0.608953
 1017.000000 1.716129 0.543484
 1018.000000 1.704293 0.584995
 1019.000000 1.749751 0.562970
 1020.000000 1.860209 0.557406
 1021.000000 1.744684 0.625714
 1022.000000 1.828040 0.556414
 1023.000000 1.722860 0.579541
 1024.000000 1.828077 0.511691
 1025.000000 1.862442 0.500680
 1026.000000 1.694906 0.507619
 1027.000000 1.771666 0.561314
 1028.000000 1.732443 0.561229
 1029.000000 1.704569 0.527904
 1030.000000 1.675879 0.483664
 1031.000000 1.695180 0.473760
 1032.000000 1.674971 0.471860
 1033.000000 1.615292 0.444628
 1034.000000 1.725474 0.419509
 1035.000000 1.700212 0.563855
 1036.000000 1.712317 0.519415
 1037.000000 1.771174 0.441914
 1038.000000 1.661319 0.468923
 1039.000000 1.688611 0.559180
 1040.000000 1.707491 0.541219
 1041.000000 1.689431 0.582707
 1042.000000 1.750330 0.494639
 1043.000000 1.715051 0.527061
 1044.000000 1.704809 0.549877
 1045.000000 1.727551 0.540193
 1046.000000 1.705163 0.522684
 1047.000000 1.658953 0.638699
 1048.000000 1.706659 0.536812
 1049.000000 1.713152 0.530215
 1050.000000 1.697810 0.495251
 1051.000000 1.638657 0.542057
 1052.000000 1.726344 0.521403
 1053.000000 1.691790 0.440124
 1054.000000 1.816716 0.457641
 1055.000000 1.830976 0.483988
 1056.000000 1.751186 0.506123
 1057.000000 1.744022 0.561378
 1058.000000 1.756532 0.483548
 1059.000000 1.603805 0.534484
 1060.000000 1.746379 0.468144
 1061.000000 1.691042 0.513394
 1062.000000 1.774883 0.571861
 1063.000000 1.670785 0.568594
 1064.000000 1.777827 0.462308
 1065.000000 1.804841 0.547019
 1066.000000 1.711203 0.494268
 1067.000000 1.707672 0.544001
 1068.000000 1.730103 0.469836
 1069.000000 1.800036 0.512343
 1070.000000 1.700380 0.579798
 1071.000000 1.722786 0.614493
 1072.000000 1.768757 0.589295
 1073.000000 1.707581 0.632639
 1074.000000 1.707202 0.615741
 1075.000000 1.718263 0.696240
 1076.000000 1.764532 0.557948
 1077.000000 1.756826 0.517228
 1078.000000 1.814787 0.604614
 1079.000000 1.809629 0.528119
 1080.000000 1.759663 0.541675
 1081.000000 1.744849 0.559352
 1082.000000 1.891845 0.511348
 1083.000000 1.702817 0.528376
 1084.000000 1.785118 0.502245
 1085.000000 1.876957 0.524445
 1086.000000 1.823429 0.498144
 1087.000000 1.764987 0.510844
 1088.000000 1.719232 0.569002
 1089.000000 1.765660 0.536506
 1090.000000 1.856887 0.606255
 1091.000000 1.806900 0.481193
 1092.000000 1.794551 0.505746
 1093.000000 1.751613 0.466901
 1094.000000 1.714368 0.509962
 1095.000000 1.639751 0.503981
 1096.000000 1.633285 0.468146
 1097.000000 1.715364 0.518805
 1098.000000 1.804112 0.584995
 1099.000000 1.784645 0.538728
 1100.000000 1.640763 0.446354
 1101.000000 1.674335 0.531415
 1102.000000 1.767078 0.545530
 1103.000000 1.729825 0.460062
 1104.000000 1.790184 0.607051
 1105.000000 1.680146 0.437434
 1106.000000 1.670388 0.506811
 1107.000000 1.791310 0.483251
 1108.000000 1.722756 0.531838
 1109.000000 1.756004 0.545618
 1110.000000 1.791018 0.548766
 1111.000000 1.821612 0.498924
 1112.000000 1.675317 0.512206
 1113.000000 1.646184 0.534313
 1114.000000 1.645815 0.464406
 1115.000000 1.755026 0.399865
 1116.000000 1.746159 0.514275
 1117.000000 1.699481 0.502861
 1118.000000 1.687705 0.366174
 1119.000000 1.768902 0.453423
 1120.000000 1.698841 0.418234
 1121.000000 1.755251 0.507336
 1122.000000 1.795098 0.545456
 1123.000000 1.723484 0.527994
 1124.000000 1.751031 0.611705
 1125.000000 1.611633 0.464797
 1126.000000 1.816831 0.539114
 1127.000000 1.710090 0.528608
 1128.000000 1.675714 0.589362
 1129.000000 1.802137 0.498328
 1130.000000 1.759564 0.478466
 1131.000000 1.746020 0.530965
 1132.000000 1.714417 0.539654
 1133.000000 1.835079 0.583437
 1134.000000 1.693778 0.513243
 1135.000000 1.779405 0.516743
 1136.000000 1.727754 0.442382
 1137.000000 1.773486 0.497036
 1138.000000 1.697696 0.517638
 1139.000000 1.790977 0.572278
 1140.000000 1.777832 0.535526
 1141.000000 1.778750 0.439736
 1142.000000 1.794621 0.510373
 1143.000000 1.787891 0.480401
 1144.000000 1.680252 0.593170
 1145.000000 1.719741 0.507359
 1146.000000 1.747828 0.478843
 1147.000000 1.816348 0.580487
 1148.000000 1.723005 0.454949
 1149.000000 1.819354 0.486735
 1150.000000 1.877441 0.527111
 1151.000000 1.839910 0.521429
 1152.000000 1.701068 0.474591
 1153.000000 1.751828 0.553175
 1154.000000 1.756294 0.427693
 1155.000000 1.707213 0.479564
 1156.000000 1.679902 0.506304
 1157.000000 1.691169 0.429401
 1158.000000 1.723439 0.401965
 1159.000000 1.790909 0.484019
 1160.000000 1.757051 0.458988
 1161.000000 1.681561 0.516836
 1162.000000 1.743299 0.534033
 1163.000000 1.725116 0.479507
 1164.000000 1.749070 0.516776
 1165.000000 1.752633 0.530262
 1166.000000 1.705877 0.540615
 1167.000000 1.834681 0.452841
 1168.000000 1.907024 0.489442
 1169.000000 1.771661 0.557210
 1170.000000 1.805688 0.485023
 1171.000000 1.824718 0.599571
 1172.000000 1.884725 0.518449
 1173.000000 1.727833 0.523994
 1174.000000 1.790970 0.422347
 1175.000000 1.762049 0.504208
 1176.000000 1.724382 0.552139
 1177.000000 1.768142 0.569418
 1178.000000 1.788780 0.552459
 1179.000000 1.880583 0.531636
 1180.000000 1.811187 0.556389
 1181.000000 1.859010 0.524247
 1182.000000 1.768300 0.557993
 1183.000000 1.738454 0.478561
 1184.000000 1.763683 0.491985
 1185.000000 1.770612 0.472318
 1186.000000 1.830493 0.490581
 1187.000000 1.778450 0.438189
 1188.000000 1.791761 0.409243
 1189.000000 1.651297 0.493145
 1190.000000 1.781581 0.457242
 1191.000000 1.771247 0.497888
 1192.000000 1.776703 0.482627
 1193.000000 1.743614 0.492550
 1194.000000 1.680576 0.565140
 1195.000000 1.767268 0.419167
 1196.000000 1.854521 0.499810
 1197.000000 1.792746 0.372732
 1198.000000 1.805547 0.441049
 1199.000000 1.685351 0.400829
 1200.000000 1.842613 0.501207
 1201.000000 1.868661 0.467497
 1202.000000 1.811191 0.470869
 1203.000000 1.795014 0.443234
 1204.000000 1.794848 0.509568
 1205.000000 1.799900 0.528810
 1206.000000 1.657080 0.430718
 1207.000000 1.739309 0.474892
 1208.000000 1.820500 0.445685
 1209.000000 1.657027 0.509052
 1210.000000 1.746359 0.516314
 1211.000000 1.645837 0.554638
 1212.000000 1.762868 0.473659
 1213.000000 1.739839 0.413399
 1214.000000 1.827103 0.517255
 1215.000000 1.749101 0.546794
 1216.000000 1.645625 0.588431
 1217.000000 1.745913 0.480567
 1218.000000 1.749808 0.547893
 1219.000000 1.896247 0.530696
 1220.000000 1.747582 0.386122
 1221.000000 1.724692 0.503005
 1222.000000 1.575647 0.417905
 1223.000000 1.627705 0.435018
 1224.000000 1.726215 0.491142
 1225.000000 1.774494 0.562882
 1226.000000 1.727226 0.579708
 1227.000000 1.762012 0.575735
 1228.000000 1.761459 0.502534
 1229.000000 1.717694 0.399675
 1230.000000 1.796187 0.523533
 1231.000000 1.830346 0.458942
 1232.000000 1.906832 0.439991
 1233.000000 1.802472 0.398818
 1234.000000 1.894846 0.515055
 1235.000000 1.903785 0.511773
 1236.000000 1.881120 0.420579
 1237.000000 1.778542 0.401955
 1238.000000 1.732716 0.411004
 1239.000000 1.727310 0.453128
 1240.000000 1.887508 0.459136
 1241.000000 1.798343 0.477951
 1242.000000 1.865548 0.508732
 1243.000000 1.870968 0.410235
 1244.000000 1.819233 0.450115
 1245.000000 1.917949 0.408580
 1246.000000 1.705584 0.498133
 1247.000000 1.784459 0.497245
 1248.000000 1.751301 0.475375
 1249.000000 1.696493 0.458445
 1250.000000 1.840873 0.410362
 1251.000000 1.757481 0.321347
 1252.000000 1.797666 0.391577
 1253.000000 1.792748 0.546709
 1254.000000 1.781976 0.521535
 1255.000000 1.648603 0.521104
 1256.000000 1.758046 0.448818
 1257.000000 1.703224 0.425937
 1258.000000 1.728007 0.435908
 1259.000000 1.793607 0.502214
 1260.000000 1.874071 0.537605
 1261.000000 1.876720 0.477571
 1262.000000 1.770583 0.491159
 1263.000000 1.769029 0.389872
 1264.000000 1.682864 0.468477
 1265.000000 1.767476 0.500580
 1266.000000 1.781871 0.525028
 1267.000000 1.853660 0.546558
 1268.000000 1.839400 0.510113
 1269.000000 1.812335 0.546706
 1270.000000 1.830147 0.451957
 1271.000000 1.781047 0.610109
 1272.000000 1.856804 0.553258
 1273.000000 1.802458 0.532295
 1274.000000 1.782371 0.474964
 1275.000000 1.837832 0.513534
 1276.000000 1.775962 0.529890
 1277.000000 1.754134 0.412230
 1278.000000 1.681264 0.541637
 1279.000000 1.807232 0.431675
 1280.000000 1.788395 0.411173
 1281.000000 1.724203 0.468869
 1282.000000 1.765505 0.442697
 1283.000000 1.685643 0.481734
 1284.000000 1.767245 0.476435
 1285.000000 1.777998 0.431995
 1286.000000 1.760976 0.438488
 1287.000000 1.664468 0.474261
 1288.000000 1.669768 0.460779
 1289.000000 1.740086 0.492945
 1290.000000 1.743774 0.477651
 1291.000000 1.824751 0.512933
 1292.000000 1.747584 0.559614
 1293.000000 1.830230 0.501460
 1294.000000 1.866213 0.517566
 1295.000000 1.887743 0.481215
 1296.000000 1.916224 0.569879
 1297.000000 1.883304 0.612202
 1298.000000 1.797450 0.520994
 1299.000000 1.798908 0.583751
 1300.000000 1.902875 0.578694
 1301.000000 1.905514 0.501164
 1302.000000 1.840522 0.522928
 1303.000000 1.754550 0.599086
 1304.000000 1.840059 0.597122
 1305.000000 1.779083 0.481811
 1306.000000 1.811265 0.485245
 1307.000000 1.811788 0.607192
 1308.000000 1.812604 0.521186
 1309.000000 1.885597 0.558418
 1310.000000 1.810245 0.553796
 1311.000000 1.795046 0.530216
 1312.000000 1.785869 0.553228
 1313.000000 1.880335 0.533532
 1314.000000 1.786354 0.511338
 1315.000000 1.702941 0.517201
 1316.000000 1.863464 0.578942
 1317.000000 1.812529 0.465105
 1318.000000 1.741226 0.565591
 1319.000000 1.839828 0.445266
 1320.000000 1.704226 0.518392
 1321.000000 1.694734 0.443176
 1322.000000 1.907369 0.548837
 1323.000000 1.836593 0.525871
 1324.000000 1.777422 0.595476
 1325.000000 1.823731 0.640513
 1326.000000 1.783464 0.505799
 1327.000000 1.870629 0.521933
 1328.000000 1.824995 0.546971
 1329.000000 1.836607 0.597447
 1330.000000 1.807247 0.602409
 1331.000000 1.809116 0.501947
 1332.000000 1.681808 0.536296
 1333.000000 1.736054 0.480809
 1334.000000 1.849725 0.453278
 1335.000000 1.693460 0.489497
 1336.000000 1.833088 0.425221
 1337.000000 1.766065 0.501951
 1338.000000 1.827689 0.463554
 1339.000000 1.786711 0.523708
 1340.000000 1.800735 0.504253
 1341.000000 1.773929 0.494709
 1342.000000 1.754102 0.532217
 1343.000000 1.817414 0.587834
 1344.000000 1.778710 0.534723
 1345.000000 1.780857 0.487492
 1346.000000 1.708172 0.612707
 1347.000000 1.694478 0.560602
 1348.000000 1.746941 0.532764
 1349.000000 1.786516 0.549851
 1350.000000 1.689979 0.623664
 1351.000000 1.735003 0.552426
 1352.000000 1.688190 0.449171
 1353.000000 1.854350 0.514845
 1354.000000 1.675908 0.493811
 1355.000000 1.726222 0.423093
 1356.000000 1.730689 0.434767
 1357.000000 1.789303 0.487556
 1358.000000 1.777929 0.504404
 1359.000000 1.622288 0.522262
 1360.000000 1.690894 0.460529
 1361.000000 1.790621 0.536873
 1362.000000 1.735544 0.644250
 1363.000000 1.709606 0.541072
 1364.000000 1.769040 0.598481
 1365.000000 1.636881 0.502012
 1366.000000 1.888784 0.614773
 1367.000000 1.801413 0.480947
 1368.000000 1.673988 0.465551
 1369.000000 1.834790 0.530064
 1370.000000 1.658209 0.545950
 1371.000000 1.717675 0.430895
 1372.000000 1.744118 0.556434
 1373.000000 1.741762 0.547127
 1374.000000 1.757139 0.480526
 1375.000000 1.911718 0.440757
 1376.000000 1.830763 0.466665
 1377.000000 1.748511 0.535433
 1378.000000 1.923660 0.583319
 1379.000000 1.773537 0.441692
 1380.000000 1.807756 0.537148
 1381.000000 1.713709 0.481250
 1382.000000 1.812254 0.542636
 1383.000000 1.871352 0.484382
 1384.000000 1.861143 0.515178
 1385.000000 1.786241 0.455867
 1386.000000 1.887521 0.527159
 1387.000000 1.863864 0.503819
 1388.000000 1.827512 0.547805
 1389.000000 1.803636 0.450049
 1390.000000 1.882387 0.491290
 1391.000000 1.777010 0.466078
 1392.000000 1.855891 0.517801
 1393.000000 1.897345 0.432635
 1394.000000 1.973716 0.413031
 1395.000000 1.927917 0.518394
 1396.000000 1.975140 0.422325
 1397.000000 1.864009 0.469957
 1398.000000 1.850280 0.586745
 1399.000000 1.949645 0.604695
 1400.000000 1.776140 0.484190
 1401.000000 1.878493 0.360086
 1402.000000 1.812835 0.437834
 1403.000000 1.873030 0.461435
 1404.000000 1.847961 0.349637
 1405.000000 1.762081 0.439547
 1406.000000 1.991333 0.471888
 1407.000000 1.802794 0.464244
 1408.000000 1.828901 0.442591
 1409.000000 1.884337 0.395131
 1410.000000 1.908939 0.485845
 1411.000000 1.947944 0.409551
 1412.000000 1.971446 0.541908
 1413.000000 1.879725 0.426562
 1414.000000 1.911499 0.412231
 1415.000000 1.931541 0.467775
 1416.000000 1.794878 0.447920
 1417.000000 1.900108 0.497643
 1418.000000 1.771689 0.498261
 1419.000000 1.793089 0.538910
 1420.000000 1.748400 0.487253
 1421.000000 1.823709 0.400486
 1422.000000 1.791246 0.479834
 1423.000000 1.772765 0.480834
 1424.000000 1.900259 0.437717
 1425.000000 1.815205 0.434687
 1426.000000 1.869604 0.449112
 1427.000000 1.878376 0.489647
 1428.000000 1.896657 0.524279
 1429.000000 1.773023 0.486194
 1430.000000 1.805575 0.403546
 1431.000000 1.877413 0.436834
 1432.000000 1.837469 0.560170
 1433.000000 1.911551 0.552854
 1434.000000 1.859296 0.391530
 1435.000000 1.875875 0.448491
 1436.000000 1.839209 0.474769
 1437.000000 1.975467 0.484449
 1438.000000 1.920073 0.425709
 1439.000000 1.859743 0.492058
 1440.000000 1.977558 0.523571
 1441.000000 1.927771 0.542347
 1442.000000 1.791098 0.423616
 1443.000000 1.772432 0.530806
 1444.000000 1.837412 0.554761
 1445.000000 1.821911 0.482113
 1446.000000 1.791135 0.478273
 1447.000000 1.830931 0.497077
 1448.000000 1.772640 0.493645
 1449.000000 1.785736 0.463945
 1450.000000 1.829679 0.474383
 1451.000000 1.712668 0.506089
 1452.000000 1.765435 0.565467
 1453.000000 1.766956 0.467822
 1454.000000 1.781382 0.492702
 1455.000000 1.833221 0.410332
 1456.000000 1.816885 0.420222
 1457.000000 1.793582 0.392166
 1458.000000 1.817896 0.487202
 1459.000000 1.872970 0.591361
 1460.000000 1.924073 0.440244
 1461.000000 1.774475 0.555101
 1462.000000 1.803501 0.514296
 1463.000000 1.808649 0.448507
 1464.000000 1.763019 0.478267
 1465.000000 1.809875 0.408843
 1466.000000 1.855012 0.577859
 1467.000000 1.858161 0.439775
 1468.000000 1.834206 0.535344
 1469.000000 1.804156 0.380640
 1470.000000 1.736573 0.438436
 1471.000000 1.874327 0.449679
 1472.000000 1.909662 0.470193
 1473.000000 1.796822 0.357069
 1474.000000 1.766615 0.522221
 1475.000000 1.770954 0.492062
 1476.000000 1.866911 0.385645
 1477.000000 1.908637 0.467148
 1478.000000 1.847388 0.391449
 1479.000000 1.813234 0.510087
 1480.000000 1.803437 0.457958
 1481.000000 1.904370 0.476449
 1482.000000 1.762187 0.474887
 1483.000000 1.821946 0.516787
 1484.000000 1.744805 0.455211
 1485.000000 1.881273 0.502647
 1486.000000 1.760552 0.508925
 1487.000000 1.712939 0.430553
 1488.000000 1.805210 0.488659
 1489.000000 1.724630 0.533582
 1490.000000 1.760715 0.503647
 1491.000000 1.803006 0.447088
 1492.000000 1.891394 0.570092
 1493.000000 1.821442 0.463391
 1494.000000 1.802671 0.498822
 1495.000000 1.810037 0.541255
 1496.000000 1.713026 0.466996
 1497.000000 1.826964 0.484636
 1498.000000 1.854326 0.436788
 1499.000000 1.797980 0.468884
 1500.000000 1.869500 0.505727
 1501.000000 1.853464 0.468809
 1502.000000 1.819265 0.531547
 1503.000000 1.853906 0.458796
 1504.000000 1.850223 0.432479
 1505.000000 1.869540 0.506601
 1506.000000 1.797198 0.465807
 1507.000000 1.882446 0.450247
 1508.000000 1.852638 0.456362
 1509.000000 1.782480 0.513002
 1510.000000 1.790446 0.451169
 1511.000000 1.806957 0.395545
 1512.000000 1.945895 0.476025
 1513.000000 1.809559 0.499212
 1514.000000 1.867501 0.502159
 1515.000000 1.860615 0.506008
 1516.000000 1.844409 0.523792
 1517.000000 1.818397 0.490675
 1518.000000 1.818468 0.483655
 1519.000000 1.819948 0.497654
 1520.000000 1.728499 0.472657
 1521.000000 1.871806 0.459509
 1522.000000 1.837758 0.468012
 1523.000000 1.887923 0.477822
 1524.000000 1.893225 0.531023
 1525.000000 1.800676 0.472332
 1526.000000 1.921979 0.490933
 1527.000000 1.774441 0.522296
 1528.000000 1.761127 0.554268
 1529.000000 1.797405 0.530393
 1530.000000 1.825237 0.497629
 1531.000000 1.830464 0.451062
 1532.000000 1.859695 0.511845
 1533.000000 1.885144 0.508716
 1534.000000 1.821286 0.532754
 1535.000000 1.815269 0.541239
 1536.000000 1.730470 0.580239
 1537.000000 1.731715 0.530830
 1538.000000 1.783777 0.541104
 1539.000000 1.785959 0.554192
 1540.000000 1.701552 0.540580
 1541.000000 1.815421 0.560113
 1542.000000 1.708782 0.521503
 1543.000000 1.705902 0.503182
 1544.000000 1.816142 0.466166
 1545.000000 1.746883 0.424940
 1546.000000 1.718683 0.527327
 1547.000000 1.756731 0.484604
 1548.000000 1.766672 0.513298
 1549.000000 1.661582 0.485708
 1550.000000 1.852775 0.579468
 1551.000000 1.714339 0.560844
 1552.000000 1.680717 0.513137
 1553.000000 1.712732 0.559584
 1554.000000 1.662284 0.568693
 1555.000000 1.814059 0.559998
 1556.000000 1.632060 0.517529
 1557.000000 1.718054 0.489131
 1558.000000 1.741076 0.567844
 1559.000000 1.746518 0.558348
 1560.000000 1.793434 0.502957
 1561.000000 1.665602 0.466187
 1562.000000 1.716548 0.557650
 1563.000000 1.747370 0.450337
 1564.000000 1.658894 0.515382
 1565.000000 1.663504 0.461920
 1566.000000 1.826791 0.458421
 1567.000000 1.737298 0.490405
 1568.000000 1.686146 0.372500
 1569.000000 1.760968 0.468916
 1570.000000 1.735027 0.497193
 1571.000000 1.758105 0.533266
 1572.000000 1.673427 0.397421
 1573.000000 1.761323 0.510875
 1574.000000 1.788103 0.504085
 1575.000000 1.752924 0.503575
 1576.000000 1.752404 0.481215
 1577.000000 1.851922 0.529187
 1578.000000 1.705752 0.471101
 1579.000000 1.766053 0.524215
 1580.000000 1.690853 0.463508
 1581.000000 1.664424 0.459454
 1582.000000 1.748948 0.540915
 1583.000000 1.749657 0.550317
 1584.000000 1.660395 0.479218
 1585.000000 1.750738 0.443316
 1586.000000 1.795159 0.479857
 1587.000000 1.720438 0.437672
 1588.000000 1.816862 0.471631
 1589.000000 1.795158 0.407989
 1590.000000 1.708773 0.426124
 1591.000000 1.818671 0.534217
 1592.000000 1.790918 0.417178
 1593.000000 1.781943 0.404675
 1594.000000 1.795277 0.419994
 1595.000000 1.771746 0.458141
 1596.000000 1.856012 0.474641
 1597.000000 1.910937 0.456823
 1598.000000 1.856114 0.427087
 1599.000000 1.799673 0.380641
 1600.000000 1.753432 0.467635
 1601.000000 1.790654 0.359783
 1602.000000 1.739442 0.424774
 1603.000000 1.709249 0.434214
 1604.000000 1.797699 0.435825
 1605.000000 1.815589 0.459430
 1606.000000 1.699259 0.486565
 1607.000000 1.656361 0.474187
 1608.000000 1.749530 0.435460
 1609.000000 1.749675 0.503223
 1610.000000 1.686042 0.459678
 1611.000000 1.707159 0.447124
 1612.000000 1.662638 0.437901
 1613.000000 1.684735 0.378822
 1614.000000 1.640322 0.440848
 1615.000000 1.804976 0.409388
 1616.000000 1.805723 0.372774
 1617.000000 1.669798 0.455946
 1618.000000 1.664883 0.482619
 1619.000000 1.704732 0.556632
 1620.000000 1.699373 0.448403
 1621.000000 1.634961 0.500382
 1622.000000 1.630361 0.534838
 1623.000000 1.715515 0.572920
 1624.000000 1.769815 0.520402
 1625.000000 1.763846 0.494573
 1626.000000 1.749776 0.480281
 1627.000000 1.697686 0.490166
 1628.000000 1.711848 0.461384
 1629.000000 1.693435 0.459050
 1630.000000 1.673147 0.405837
 1631.000000 1.671608 0.324286
 1632.000000 1.759276 0.418802
 1633.000000 1.748629 0.391672
 1634.000000 1.689060 0.441882
 1635.000000 1.699553 0.431486
 1636.000000 1.837585 0.408174
 1637.000000 1.711059 0.395441
 1638.000000 1.743338 0.454174
 1639.000000 1.802825 0.442940
 1640.000000 1.783503 0.497557
 1641.000000 1.738413 0.381898
 1642.000000 1.806611 0.434871
 1643.000000 1.641587 0.401404
 1644.000000 1.699885 0.459494
 1645.000000 1.700695 0.446741
 1646.000000 1.639089 0.459318
 1647.000000 1.699984 0.414909
 1648.000000 1.668791 0.402689
 1649.000000 1.763028 0.440371
 1650.000000 1.744598 0.398382
 1651.000000 1.812575 0.448340
 1652.000000 1.854909 0.513971
 1653.000000 1.809852 0.457572
 1654.000000 1.710827 0.453521
 1655.000000 1.680781 0.416725
 1656.000000 1.638504 0.484929
 1657.000000 1.708555 0.476221
 1658.000000 1.751350 0.427515
 1659.000000 1.535505 0.427111
 1660.000000 1.833722 0.459210
 1661.000000 1.745236 0.576792
 1662.000000 1.745172 0.453163
 1663.000000 1.658396 0.379376
 1664.000000 1.798847 0.451098
 1665.000000 1.701318 0.508589
 1666.000000 1.679054 0.437938
 1667.000000 1.724351 0.469523
 1668.000000 1.654054 0.518896
 1669.000000 1.705387 0.450160
 1670.000000 1.758382 0.505088
 1671.000000 1.743207 0.462350
 1672.000000 1.722734 0.435965
 1673.000000 1.759461 0.500396
 1674.000000 1.683966 0.527114
 1675.000000 1.648425 0.453979
 1676.000000 1.580000 0.593650
 1677.000000 1.620353 0.534715
 1678.000000 1.752894 0.462639
 1679.000000 1.756701 0.550972
 1680.000000 1.703856 0.404038
 1681.000000 1.739594 0.432578
 1682.000000 1.791963 0.444740
 1683.000000 1.626209 0.448333
 1684.000000 1.642165 0.404112
 1685.000000 1.776995 0.496034
 1686.000000 1.814736 0.517633
 1687.000000 1.752362 0.410895
 1688.000000 1.761183 0.452695
 1689.000000 1.877893 0.460289
 1690.000000 1.791886 0.479289
 1691.000000 1.647662 0.419762
 1692.000000 1.701953 0.481700
 1693.000000 1.744104 0.427842
 1694.000000 1.767619 0.476992
 1695.000000 1.828225 0.439386
 1696.000000 1.737361 0.522181
 1697.000000 1.772299 0.398091
 1698.000000 1.782224 0.554790
 1699.000000 1.705971 0.495613
 1700.000000 1.755819 0.461014
 1701.000000 1.792246 0.490376
 1702.000000 1.715321 0.674412
 1703.000000 1.794709 0.608059
 1704.000000 1.642567 0.608168
 1705.000000 1.668630 0.643320
 1706.000000 1.800089 0.578651
 1707.000000 1.707580 0.517686
 1708.000000 1.758277 0.588449
 1709.000000 1.819773 0.510866
 1710.000000 1.725079 0.473505
 1711.000000 1.806907 0.505687
 1712.000000 1.737275 0.403307
 1713.000000 1.781627 0.476319
 1714.000000 1.781062 0.485706
 1715.000000 1.837259 0.512809
 1716.000000 1.886744 0.471681
 1717.000000 1.761022 0.439293
 1718.000000 1.791109 0.475550
 1719.000000 1.794431 0.472278
 1720.000000 1.688075 0.439275
 1721.000000 1.725530 0.335225
 1722.000000 1.825689 0.382082
 1723.000000 1.794947 0.444970
 1724.000000 1.694970 0.420670
 1725.000000 1.702836 0.443984
 1726.000000 1.713025 0.487647
 1727.000000 1.727310 0.382210
 1728.000000 1.745999 0.417575
 1729.000000 1.634205 0.417987
 1730.000000 1.763178 0.408090
 1731.000000 1.713110 0.425626
 1732.000000 1.685929 0.504927
 1733.000000 1.724006 0.451805
 1734.000000 1.805334 0.416529
 1735.000000 1.717521 0.522087
 1736.000000 1.715072 0.529251
 1737.000000 1.726169 0.535100
 1738.000000 1.826024 0.503394
 1739.000000 1.689553 0.399130
 1740.000000 1.741882 0.535893
 1741.000000 1.610609 0.460792
 1742.000000 1.853270 0.523847
 1743.000000 1.793720 0.512057
 1744.000000 1.767268 0.525460
 1745.000000 1.736330 0.529314
 1746.000000 1.840566 0.470879
 1747.000000 1.750619 0.506550
 1748.000000 1.717163 0.502308
 1749.000000 1.743798 0.518051
 1750.000000 1.696931 0.618483
 1751.000000 1.782178 0.582601
 1752.000000 1.718395 0.551950
 1753.000000 1.657106 0.589246
 1754.000000 1.766365 0.604699
 1755.000000 1.746533 0.576780
 1756.000000 1.759511 0.482062
 1757.000000 1.756773 0.580321
 1758.000000 1.738417 0.555896
 1759.000000 1.720556 0.605907
 1760.000000 1.674045 0.527668
 1761.000000 1.734456 0.525528
 1762.000000 1.786075 0.510347
 1763.000000 1.758960 0.539652
 1764.000000 1.798817 0.497296
 1765.000000 1.766163 0.544376
 1766.000000 1.832977 0.532341
 1767.000000 1.875688 0.557203
 1768.000000 1.799958 0.520920
 1769.000000 1.872166 0.487520
 1770.000000 1.718782 0.434534
 1771.000000 1.636861 0.523043
 1772.000000 1.744627 0.529195
 1773.000000 1.668462 0.510073
 1774.000000 1.732504 0.456419
 1775.000000 1.754794 0.480763
 1776.000000 1.728642 0.439634
 1777.000000 1.837804 0.426924
 1778.000000 1.670749 0.446251
 1779.000000 1.759826 0.555087
 1780.000000 1.725649 0.467373
 1781.000000 1.671743 0.521799
 1782.000000 1.699937 0.487749
 1783.000000 1.790794 0.452127
 1784.000000 1.815365 0.372813
 1785.000000 1.738897 0.427252
 1786.000000 1.815682 0.539228
 1787.000000 1.820940 0.504971
 1788.000000 1.777243 0.436921
 1789.000000 1.846692 0.515253
 1790.000000 1.712082 0.501379
 1791.000000 1.775401 0.561259
 1792.000000 1.782007 0.508180
 1793.000000 1.833937 0.489390
 1794.000000 1.793063 0.520581
 1795.000000 1.764758 0.445968
 1796.000000 1.753608 0.395667
 1797.000000 1.836976 0.458856
 1798.000000 1.754284 0.446710
 1799.000000 1.747312 0.394302
 1800.000000 1.769306 0.429821
 1801.000000 1.788607 0.502978
 1802.000000 1.784555 0.512740
 1803.000000 1.684105 0.437682
 1804.000000 1.833175 0.427300
 1805.000000 1.768689 0.503332
 1806.000000 1.766023 0.608669
 1807.000000 1.846463 0.526136
 1808.000000 1.856230 0.563363
 1809.000000 1.858817 0.507948
 1810.000000 1.845525 0.529296
 1811.000000 1.898959 0.418985
 1812.000000 1.781089 0.459393
 1813.000000 1.742274 0.535238
 1814.000000 1.686227 0.447912
 1815.000000 1.793317 0.501439
 1816.000000 1.773320 0.556589
 1817.000000 1.824233 0.433999
 1818.000000 1.819782 0.463665
 1819.000000 1.809573 0.449066
 1820.000000 1.695258 0.484875
 1821.000000 1.799695 0.544784
 1822.000000 1.798837 0.446669
 1823.000000 1.662082 0.458770
 1824.000000 1.662225 0.562568
 1825.000000 1.710733 0.448261
 1826.000000 1.783456 0.504081
 1827.000000 1.899888 0.455866
 1828.000000 1.685228 0.550852
 1829.000000 1.822044 0.487880
 1830.000000 1.765266 0.366721
 1831.000000 1.882076 0.492949
 1832.000000 1.791616 0.524777
 1833.000000 1.896517 0.522049
 1834.000000 1.829256 0.489944
 1835.000000 1.816169 0.431035
 1836.000000 1.790678 0.578346
 1837.000000 1.733767 0.575585
 1838.000000 1.801034 0.580442
 1839.000000 1.890986 0.624147
 1840.000000 1.732114 0.582078
 1841.000000 1.726328 0.512560
 1842.000000 1.796207 0.461236
 1843.000000 1.761157 0.451399
 1844.000000 1.728114 0.448908
 1845.000000 1.740242 0.446361
 1846.000000 1.786916 0.535251
 1847.000000 1.863148 0.452859
 1848.000000 1.841770 0.557095
 1849.000000 1.794471 0.570050
 1850.000000 1.780017 0.589425
 1851.000000 1.747465 0.591266
 1852.000000 1.861635 0.523027
 1853.000000 1.818280 0.550814
 1854.000000 1.698283 0.400179
 1855.000000 1.662127 0.567150
 1856.000000 1.798742 0.574516
 1857.000000 1.801935 0.512549
 1858.000000 1.799536 0.607110
 1859.000000 1.875804 0.475170
 1860.000000 1.796374 0.596136
 1861.000000 1.900860 0.497602
 1862.000000 1.890460 0.615165
 1863.000000 1.804010 0.504784
 1864.000000 1.812442 0.531894
 1865.000000 1.862173 0.499367
 1866.000000 1.824043 0.453563
 1867.000000 1.766205 0.452825
 1868.000000 1.850558 0.509683
 1869.000000 1.877442 0.485684
 1870.000000 1.840662 0.473932
 1871.000000 1.869202 0.587225
 1872.000000 1.735107 0.508217
 1873.000000 1.889569 0.501444
 1874.000000 1.747298 0.366145
 1875.000000 1.954050 0.565897
 1876.000000 1.985518 0.549251
 1877.000000 1.798209 0.490155
 1878.000000 1.911104 0.498535
 1879.000000 1.884449 0.576792
 1880.000000 1.736418 0.501021
 1881.000000 1.810058 0.413420
 1882.000000 1.762144 0.464333
 1883.000000 1.790337 0.486412
 1884.000000 1.853451 0.359708
 1885.000000 1.724632 0.454179
 1886.000000 1.727742 0.450105
 1887.000000 1.688574 0.546692
 1888.000000 1.788567 0.496773
 1889.000000 1.805657 0.567054
 1890.000000 1.845364 0.518302
 1891.000000 1.708395 0.491988
 1892.000000 1.763207 0.513728
 1893.000000 1.831686 0.592878
 1894.000000 1.684869 0.592786
 1895.000000 1.709332 0.479215
 1896.000000 1.753835 0.487695
 1897.000000 1.803638 0.473078
 1898.000000 1.799639 0.556378
 1899.000000 1.732385 0.494278
 1900.000000 1.753838 0.564389
 1901.000000 1.809368 0.591893
 1902.000000 1.716120 0.563322
 1903.000000 1.860153 0.494029
 1904.000000 1.863702 0.511446
 1905.000000 1.833573 0.591527
 1906.000000 1.794496 0.504351
 1907.000000 1.726633 0.514923
 1908.000000 1.841614 0.579651
 1909.000000 1.756121 0.553738
 1910.000000 1.785192 0.513573
 1911.000000 1.820947 0.520474
 1912.000000 1.802085 0.467128
 1913.000000 1.810178 0.500746
 1914.000000 1.848736 0.445714
 1915.000000 1.686729 0.459489
 1916.000000 1.727999 0.574420
 1917.000000 1.869033 0.437632
 1918.000000 1.758727 0.540482
 1919.000000 1.815224 0.465869
 1920.000000 1.701849 0.457329
 1921.000000 1.782412 0.556268
 1922.000000 1.865498 0.518699
 1923.000000 1.727847 0.498442
 1924.000000 1.803027 0.518562
 1925.000000 1.781783 0.565643
 1926.000000 1.838518 0.432899
 1927.000000 1.826032 0.533755
 1928.000000 1.838759 0.573915
 1929.000000 1.828126 0.535489
 1930.000000 1.884760 0.528408
 1931.000000 1.775797 0.544694
 1932.000000 1.834735 0.503293
 1933.000000 1.735935 0.518882
 1934.000000 1.740084 0.544102
 1935.000000 1.771695 0.568797
 1936.000000 1.778041 0.504084
 1937.000000 1.831058 0.554070
 1938.000000 1.797495 0.536742
 1939.000000 1.795505 0.529869
 1940.000000 1.729166 0.549312
 1941.000000 1.880997 0.536439
 1942.000000 1.862766 0.548465
 1943.000000 1.797655 0.625135
 1944.000000 1.851675 0.494343
 1945.000000 1.857547 0.587138
 1946.000000 1.755147 0.531102
 1947.000000 1.762927 0.535012
 1948.000000 1.813888 0.542864
 1949.000000 1.724359 0.567249
 1950.000000 1.811383 0.530917
 1951.000000 1.830804 0.596679
 1952.000000 1.760483 0.576521
 1953.000000 1.891431 0.478873
 1954.000000 1.798843 0.609332
 1955.000000 1.761784 0.519236
 1956.000000 1.722822 0.473383
 1957.000000 1.812808 0.530698
 1958.000000 1.794031 0.478816
 1959.000000 1.864942 0.533868
 1960.000000 1.708052 0.510698
 1961.000000 1.799441 0.521314
 1962.000000 1.893793 0.509227
 1963.000000 1.849657 0.509032
 1964.000000 1.788249 0.521813
 1965.000000 1.715331 0.409846
 1966.000000 1.744247 0.536497
 1967.000000 1.725373 0.468013
 1968.000000 1.856894 0.531820
 1969.000000 1.872379 0.520900
 1970.000000 1.825087 0.533737
 1971.000000 1.813129 0.545227
 1972.000000 1.724240 0.489754
 1973.000000 1.879589 0.456895
 1974.000000 1.869644 0.512079
 1975.000000 1.869113 0.471552
 1976.000000 1.765412 0.430740
 1977.000000 1.887000 0.502930
 1978.000000 1.813982 0.532830
 1979.000000 1.851009 0.520301
 1980.000000 1.952078 0.504765
 1981.000000 1.825169 0.583710
 1982.000000 1.798206 0.436677
 1983.000000 1.837294 0.486525
 1984.000000 1.745684 0.470593
 1985.000000 1.776555 0.482122
 1986.000000 1.846745 0.490110
 1987.000000 1.837554 0.482947
 1988.000000 1.815683 0.508538
 1989.000000 1.819612 0.541649
 1990.000000 1.881916 0.530485
 1991.000000 1.821030 0.487903
 1992.000000 1.817409 0.530151
 1993.000000 1.768860 0.500480
 1994.000000 1.785626 0.475098
 1995.000000 1.749363 0.615067
 1996.000000 1.953219 0.507202
 1997.000000 1.758818 0.581144
 1998.000000 1.726544 0.551917
 1999.000000 1.775618 0.449750
 2000.000000 1.798202 0.526421
 2001.000000 1.729076 0.508722
 2002.000000 1.811270 0.571162
 2003.000000 1.763949 0.502261
 2004.000000 1.718028 0.558518
 2005.000000 1.711143 0.532885
 2006.000000 1.848815 0.493453
 2007.000000 1.696529 0.493765
 2008.000000 1.825165 0.551355
 2009.000000 1.755502 0.604704
 2010.000000 1.723970 0.579260
 2011.000000 1.757467 0.641544
 2012.000000 1.852241 0.523281
 2013.000000 1.781698 0.569248
 2014.000000 1.749634 0.500502
 2015.000000 1.731426 0.571469
 2016.000000 1.787306 0.532264
 2017.000000 1.820241 0.585923
 2018.000000 1.663733 0.507886
 2019.000000 1.711798 0.493306
 2020.000000 1.860199 0.471126
 2021.000000 1.832851 0.570354
 2022.000000 1.833133 0.536701
 2023.000000 1.799928 0.556933
 2024.000000 1.745159 0.509037
 2025.000000 1.744357 0.536281
 2026.000000 1.797219 0.532509
 2027.000000 1.802560 0.536864
 2028.000000 1.906881 0.506713
 2029.000000 1.850356 0.554876
 2030.000000 1.824727 0.523816
 2031.000000 1.807806 0.618778
 2032.000000 1.808034 0.619015
 2033.000000 1.778328 0.562343
 2034.000000 1.694739 0.556535
 2035.000000 1.893743 0.522574
 2036.000000 1.785750 0.530813
 2037.000000 1.872780 0.542160
 2038.000000 1.866547 0.504400
 2039.000000 1.836345 0.503843
 2040.000000 1.816966 0.596835
 2041.000000 1.844029 0.531853
 2042.000000 1.848918 0.493554
 2043.000000 1.721980 0.557909
 2044.000000 1.664040 0.525062
 2045.000000 1.801458 0.516403
 2046.000000 1.754368 0.593297
 2047.000000 1.678973 0.580984
 2048.000000 1.691963 0.526925
 2049.000000 1.759550 0.530917
 2050.000000 1.783012 0.477859
 2051.000000 1.768386 0.534697
 2052.000000 1.722530 0.446435
 2053.000000 1.790961 0.482627
 2054.000000 1.766385 0.546676
 2055.000000 1.776926 0.580261
 2056.000000 1.723877 0.570131
 2057.000000 1.637572 0.517720
 2058.000000 1.816014 0.524121
 2059.000000 1.837386 0.578345
 2060.000000 1.843585 0.540944
 2061.000000 1.716558 0.474962
 2062.000000 1.855975 0.546797
 2063.000000 1.799338 0.521804
 2064.000000 1.687928 0.505636
 2065.000000 1.725040 0.522319
 2066.000000 1.793738 0.536144
 2067.000000 1.718249 0.598545
 2068.000000 1.814926 0.557520
 2069.000000 1.794263 0.626402
 2070.000000 1.824569 0.484709
 2071.000000 1.669062 0.547899
 2072.000000 1.816127 0.478498
 2073.000000 1.807462 0.527498
 2074.000000 1.846008 0.484715
 2075.000000 1.739545 0.564337
 2076.000000 1.833458 0.524380
 2077.000000 1.759099 0.592906
 2078.000000 1.812934 0.538635
 2079.000000 1.808791 0.555726
 2080.000000 1.938953 0.471830
 2081.000000 1.716255 0.506920
 2082.000000 1.709659 0.509544
 2083.000000 1.707339 0.516102
 2084.000000 1.784489 0.513867
 2085.000000 1.722775 0.466896
 2086.000000 1.772625 0.501957
 2087.000000 1.775673 0.623330
 2088.000000 1.669202 0.496820
 2089.000000 1.849747 0.532778
 2090.000000 1.829742 0.484883
 2091.000000 1.784502 0.464611
 2092.000000 1.769786 0.506198
 2093.000000 1.681293 0.472561
 2094.000000 1.885670 0.459209
 2095.000000 1.837606 0.509597
 2096.000000 1.748740 0.511879
 2097.000000 1.791621 0.459412
 2098.000000 1.816459 0.558429
 2099.000000 1.835479 0.551019
 2100.000000 1.706896 0.532459
 2101.000000 1.744614 0.498304
 2102.000000 1.742187 0.468019
 2103.000000 1.681505 0.537047
 2104.000000 1.841150 0.536465
 2105.000000 1.778894 0.499154
 2106.000000 1.795190 0.482934
 2107.000000 1.765337 0.556717
 2108.000000 1.848662 0.610947
 2109.000000 1.767669 0.500785
 2110.000000 1.786576 0.512714
 2111.000000 1.748481 0.530274
 2112.000000 1.764382 0.510832
 2113.000000 1.768780 0.591219
 2114.000000 1.721895 0.478131
 2115.000000 1.819300 0.464912
 2116.000000 1.761192 0.506173
 2117.000000 1.759045 0.486725
 2118.000000 1.887915 0.468100
 2119.000000 1.767974 0.499576
 2120.000000 1.653712 0.455517
 2121.000000 1.856930 0.535324
 2122.000000 1.833665 0.562820
 2123.000000 1.863379 0.500656
 2124.000000 1.686096 0.502367
 2125.000000 1.765924 0.515206
 2126.000000 1.783847 0.575240
 2127.000000 1.772401 0.475668
 2128.000000 1.766768 0.529084
 2129.000000 1.857317 0.590604
 2130.000000 1.769713 0.511129
 2131.000000 1.845601 0.492535
 2132.000000 1.711682 0.482756
 2133.000000 1.867716 0.541640
 2134.000000 1.750765 0.585968
 2135.000000 1.881236 0.503585
 2136.000000 1.811263 0.505316
 2137.000000 1.827463 0.558975
 2138.000000 1.722155 0.468581
 2139.000000 1.808892 0.531155
 2140.000000 1.801453 0.403645
 2141.000000 1.817854 0.472826
 2142.000000 1.844158 0.528697
 2143.000000 1.742111 0.448301
 2144.000000 1.842902 0.471499
 2145.000000 1.841434 0.505905
 2146.000000 1.772515 0.435599
 2147.000000 1.686469 0.536437
 2148.000000 1.737935 0.471909
 2149.000000 1.760488 0.450816
 2150.000000 1.788770 0.502219
 2151.000000 1.850996 0.506489
 2152.000000 1.834261 0.574061
 2153.000000 1.812521 0.516310
 2154.000000 1.774459 0.560596
 2155.000000 1.850057 0.587290
 2156.000000 1.757748 0.539123
 2157.000000 1.726692 0.432863
 2158.000000 1.801190 0.467123
 2159.000000 1.676001 0.505802
 2160.000000 1.689720 0.564887
 2161.000000 1.704556 0.568916
 2162.000000 1.777403 0.568682
 2163.000000 1.721398 0.505427
 2164.000000 1.724900 0.514540
 2165.000000 1.727152 0.440957
 2166.000000 1.809329 0.461598
 2167.000000 1.779137 0.448825
 2168.000000 1.794890 0.500561
 2169.000000 1.784612 0.552945
 2170.000000 1.801812 0.564636
 2171.000000 1.704738 0.499322
 2172.000000 1.801853 0.533719
 2173.000000 1.829206 0.429641
 2174.000000 1.826620 0.449953
 2175.000000 1.701135 0.577057
 2176.000000 1.759986 0.488479
 2177.000000 1.845330 0.527992
 2178.000000 1.761415 0.595437
 2179.000000 1.737478 0.502892
 2180.000000 1.748054 0.456332
 2181.000000 1.633028 0.467867
 2182.000000 1.738421 0.459229
 2183.000000 1.687801 0.517715
 2184.000000 1.816190 0.503703
 2185.000000 1.791280 0.506791
 2186.000000 1.783161 0.450973
 2187.000000 1.758218 0.531441
 2188.000000 1.779352 0.506495
 2189.000000 1.787911 0.498171
 2190.000000 1.785728 0.504540
 2191.000000 1.786925 0.549833
 2192.000000 1.671579 0.570868
 2193.000000 1.736221 0.455863
 2194.000000 1.856352 0.492577
 2195.000000 1.879306 0.554666
 2196.000000 1.888855 0.490144
 2197.000000 1.812606 0.438612
 2198.000000 1.841285 0.500582
 2199.000000 1.841234 0.466929
 2200.000000 1.862866 0.601138
 2201.000000 1.928216 0.577030
 2202.000000 1.787382 0.614483
 2203.000000 1.823406 0.512315
 2204.000000 1.765145 0.490622
 2205.000000 1.750539 0.593967
 2206.000000 1.815595 0.492744
 2207.000000 1.763189 0.556930
 2208.000000 1.893125 0.466422
 2209.000000 1.826805 0.452420
 2210.000000 1.861547 0.555919
 2211.000000 1.681011 0.525172
 2212.000000 1.738661 0.535566
 2213.000000 1.733874 0.550085
 2214.000000 1.756404 0.505357
 2215.000000 1.693804 0.461076
 2216.000000 1.691371 0.481880
 2217.000000 1.831959 0.503737
 2218.000000 1.694795 0.447536
 2219.000000 1.792084 0.488609
 2220.000000 1.771554 0.530370
 2221.000000 1.729068 0.581840
 2222.000000 1.776670 0.514515
 2223.000000 1.759441 0.571575
 2224.000000 1.729916 0.486868
 2225.000000 1.896932 0.533234
 2226.000000 1.748862 0.510285
 2227.000000 1.765929 0.534628
 2228.000000 1.800261 0.586866
 2229.000000 1.796265 0.498348
 2230.000000 1.812546 0.446315
 2231.000000 1.776388 0.440820
 2232.000000 1.795565 0.441637
 2233.000000 1.861030 0.516997
 2234.000000 1.786309 0.469491
 2235.000000 1.749415 0.466418
 2236.000000 1.773943 0.482109
 2237.000000 1.765644 0.492629
 2238.000000 1.761263 0.503028
 2239.000000 1.847028 0.581064
 2240.000000 1.784476 0.452701
 2241.000000 1.772543 0.515325
 2242.000000 1.783299 0.516245
 2243.000000 1.951681 0.574562
 2244.000000 1.829821 0.538633
 2245.000000 1.757424 0.485630
 2246.000000 1.925306 0.439099
 2247.000000 1.733948 0.469995
 2248.000000 1.914951 0.455084
 2249.000000 1.876145 0.513383
 2250.000000 1.820187 0.481071
 2251.000000 1.876292 0.481130
 2252.000000 1.774303 0.482526
 2253.000000 1.835444 0.484096
 2254.000000 1.812429 0.490963
 2255.000000 1.830220 0.542590
 2256.000000 1.777266 0.529603
 2257.000000 1.790896 0.424211
 2258.000000 1.783526 0.514509
 2259.000000 1.700147 0.508317
 2260.000000 1.789676 0.607901
 2261.000000 1.719419 0.496137
 2262.000000 1.921242 0.493739
 2263.000000 1.689224 0.513635
 2264.000000 1.893309 0.508390
 2265.000000 1.771137 0.550696
 2266.000000 1.864437 0.611359
 2267.000000 1.915978 0.519643
 2268.000000 1.764429 0.545110
 2269.000000 1.729904 0.508743
 2270.000000 1.850031 0.380395
 2271.000000 1.819543 0.424454
 2272.000000 1.757103 0.514036
 2273.000000 1.829083 0.485106
 2274.000000 1.795872 0.478130
 2275.000000 1.716261 0.484155
 2276.000000 1.746432 0.395760
 2277.000000 1.792829 0.509780
 2278.000000 1.822829 0.517580
 2279.000000 1.819673 0.600552
 2280.000000 1.735317 0.624529
 2281.000000 1.856608 0.490643
 2282.000000 1.852432 0.515419
 2283.000000 1.714800 0.551748
 2284.000000 1.826560 0.495505
 2285.000000 1.797458 0.533100
 2286.000000 1.785834 0.559862
 2287.000000 1.720524 0.448973
 2288.000000 1.755283 0.456258
 2289.000000 1.705000 0.416355
 2290.000000 1.736017 0.458483
 2291.000000 1.791569 0.601602
 2292.000000 1.816458 0.465019
 2293.000000 1.875566 0.534656
 2294.000000 1.717940 0.427246
 2295.000000 1.762078 0.513238
 2296.000000 1.753595 0.423369
 2297.000000 1.825555 0.426497
 2298.000000 1.718246 0.439105
 2299.000000 1.778977 0.409226
 2300.000000 1.830666 0.483993
 2301.000000 1.723100 0.464009
 2302.000000 1.833685 0.466322
 2303.000000 1.752926 0.493957
 2304.000000 1.776932 0.520924
 2305.000000 1.728668 0.537498
 2306.000000 1.803350 0.536643
 2307.000000 1.768221 0.628404
 2308.000000 1.650519 0.502737
 2309.000000 1.693573 0.510140
 2310.000000 1.768090 0.684659
 2311.000000 1.725040 0.567677
 2312.000000 1.786259 0.514663
 2313.000000 1.820109 0.470194
 2314.000000 1.686862 0.523072
 2315.000000 1.722909 0.444543
 2316.000000 1.798638 0.419551
 2317.000000 1.797496 0.509529
 2318.000000 1.680266 0.432710
 2319.000000 1.895805 0.449601
 2320.000000 1.787263 0.437804
 2321.000000 1.739671 0.425341
 2322.000000 1.777171 0.368195
 2323.000000 1.773522 0.462751
 2324.000000 1.824278 0.434992
 2325.000000 1.807263 0.420090
 2326.000000 1.869450 0.429720
 2327.000000 1.808883 0.443751
 2328.000000 1.826126 0.522812
 2329.000000 1.718088 0.430260
 2330.000000 1.788065 0.389179
 2331.000000 1.765020 0.459346
 2332.000000 1.753540 0.454223
 2333.000000 1.797040 0.367221
 2334.000000 1.729219 0.390349
 2335.000000 1.819014 0.418699
 2336.000000 1.713512 0.433817
 2337.000000 1.953347 0.497973
 2338.000000 1.801244 0.436307
 2339.000000 1.882250 0.523461
 2340.000000 1.785052 0.469998
 2341.000000 1.791937 0.464686
 2342.000000 1.692454 0.464837
 2343.000000 1.814238 0.442924
 2344.000000 1.807680 0.404377
 2345.000000 1.782503 0.394193
 2346.000000 1.779606 0.383929
 2347.000000 1.856209 0.441083
 2348.000000 1.773453 0.407599
 2349.000000 1.805301 0.483770
 2350.000000 1.875298 0.484313
 2351.000000 1.812878 0.471935
 2352.000000 1.806277 0.487090
 2353.000000 1.682612 0.419133
 2354.000000 1.805627 0.539600
 2355.000000 1.822927 0.471493
 2356.000000 1.831833 0.504383
 2357.000000 1.807482 0.616835
 2358.000000 1.747868 0.514653
 2359.000000 1.890882 0.579144
 2360.000000 1.809916 0.463692
 2361.000000 1.796248 0.566533
 2362.000000 1.890995 0.517989
 2363.000000 1.717277 0.486099
 2364.000000 1.714084 0.438754
 2365.000000 1.863862 0.397874
 2366.000000 1.756550 0.430717
 2367.000000 1.735203 0.413495
 2368.000000 1.776235 0.426215
 2369.000000 1.787179 0.417713
 2370.000000 1.843240 0.441410
 2371.000000 1.696819 0.401818
 2372.000000 1.822401 0.443991
 2373.000000 1.721743 0.409570
 2374.000000 1.773362 0.492791
 2375.000000 1.680020 0.409134
 2376.000000 1.864414 0.454871
 2377.000000 1.756395 0.510542
 2378.000000 1.888021 0.400938
 2379.000000 1.806072 0.482683
 2380.000000 1.742807 0.460258
 2381.000000 1.908113 0.552709
 2382.000000 1.825536 0.473564
 2383.000000 1.899731 0.542263
 2384.000000 1.846482 0.562118
 2385.000000 1.885606 0.587270
 2386.000000 1.799518 0.413194
 2387.000000 1.799384 0.527886
 2388.000000 1.785228 0.491984
 2389.000000 1.785809 0.503802
 2390.000000 1.896789 0.464573
 2391.000000 1.789692 0.517978
 2392.000000 1.819121 0.579394
 2393.000000 1.875171 0.567735
 2394.000000 1.777786 0.483062
 2395.000000 1.821101 0.492382
 2396.000000 1.769729 0.555357
 2397.000000 1.768693 0.481399
 2398.000000 1.851650 0.443517
 2399.000000 1.765767 0.450553
 2400.000000 1.737031 0.553603
 2401.000000 1.897244 0.533743
 2402.000000 1.730874 0.506222
 2403.000000 1.877362 0.545637
 2404.000000 1.860285 0.503056
 2405.000000 1.849118 0.499472
 2406.000000 1.836286 0.498297
 2407.000000 1.842675 0.487168
 2408.000000 1.891717 0.464361
 2409.000000 1.862877 0.485122
 2410.000000 1.843764 0.470514
 2411.000000 1.784870 0.486508
 2412.000000 1.774314 0.459824
 2413.000000 1.893554 0.520660
 2414.000000 1.865890 0.546730
 2415.000000 1.783486 0.512494
 2416.000000 1.795974 0.534285
 2417.000000 1.781163 0.493208
 2418.000000 1.881101 0.493973
 2419.000000 1.825801 0.553403
 2420.000000 1.706667 0.509455
 2421.000000 1.742549 0.508039
 2422.000000 1.940442 0.474047
 2423.000000 1.859247 0.601652
 2424.000000 1.782666 0.523355
 2425.000000 1.854562 0.541195
 2426.000000 1.956808 0.604821
 2427.000000 1.804640 0.476246
 2428.000000 1.817301 0.510179
 2429.000000 1.829321 0.541657
 2430.000000 1.847684 0.440054
 2431.000000 1.818817 0.526156
 2432.000000 1.934149 0.480412
 2433.000000 1.860650 0.532694
 2434.000000 1.834098 0.553223
 2435.000000 1.844579 0.542463
 2436.000000 1.783960 0.537311
 2437.000000 1.911545 0.612174
 2438.000000 1.799282 0.577033
 2439.000000 1.750725 0.535096
 2440.000000 1.776492 0.516270
 2441.000000 1.905584 0.449521
 2442.000000 1.884345 0.505951
 2443.000000 1.890510 0.452253
 2444.000000 1.777147 0.580394
 2445.000000 1.763198 0.509209
 2446.000000 1.840833 0.484368
 2447.000000 1.768048 0.511227
 2448.000000 1.829044 0.577165
 2449.000000 1.796995 0.581409
 2450.000000 1.713187 0.517704
 2451.000000 1.818553 0.534221
 2452.000000 1.757519 0.571674
 2453.000000 1.820693 0.580367
 2454.000000 1.813490 0.584538
 2455.000000 1.873917 0.514514
 2456.000000 1.789884 0.549335
 2457.000000 1.796645 0.547841
 2458.000000 1.849046 0.533797
 2459.000000 1.841759 0.501256
 2460.000000 1.790130 0.578094
 2461.000000 1.836594 0.538215
 2462.000000 1.804597 0.489291
 2463.000000 1.753056 0.572236
 2464.000000 1.811622 0.531802
 2465.000000 1.692203 0.539990
 2466.000000 1.752048 0.540092
 2467.000000 1.887559 0.541693
 2468.000000 1.786161 0.474536
 2469.000000 1.901517 0.518803
 2470.000000 1.805376 0.511014
 2471.000000 1.876677 0.551019
 2472.000000 1.712135 0.475367
 2473.000000 1.851516 0.508455
 2474.000000 1.763052 0.475390
 2475.000000 1.829371 0.482931
 2476.000000 1.826879 0.525171
 2477.000000 1.882475 0.520862
 2478.000000 1.888046 0.491214
 2479.000000 1.852556 0.534643
 2480.000000 1.837279 0.441903
 2481.000000 1.716673 0.510000
 2482.000000 1.817711 0.531965
 2483.000000 1.940541 0.553637
 2484.000000 1.979547 0.540606
 2485.000000 1.822023 0.513803
 2486.000000 1.845708 0.566037
 2487.000000 1.851863 0.522832
 2488.000000 1.853909 0.599580
 2489.000000 1.881560 0.572457
 2490.000000 1.771268 0.495175
 2491.000000 1.839062 0.486628
 2492.000000 1.828958 0.490730
 2493.000000 1.924365 0.450263
 2494.000000 1.893045 0.457380
 2495.000000 1.815316 0.452523
 2496.000000 1.751692 0.440239
 2497.000000 1.895707 0.531410
 2498.000000 1.745397 0.494890
 2499.000000 1.889268 0.541633
 2500.000000 1.861562 0.391443
