#! FIELDS time pd_137_140 diff
 0.000000 2.046395 -0.600991
 1.000000 1.954639 -0.575833
 2.000000 2.022242 -0.654720
 3.000000 2.047490 -0.543750
 4.000000 2.083441 -0.531260
 5.000000 2.156957 -0.520530
 6.000000 2.043245 -0.651972
 7.000000 2.059015 -0.537538
 8.000000 1.963872 -0.631043
 9.000000 2.014227 -0.582329
 10.000000 2.040857 -0.665703
 11.000000 2.098448 -0.613537
 12.000000 2.080622 -0.547881
 13.000000 2.130407 -0.604894
 14.000000 2.032791 -0.617539
 15.000000 1.950207 -0.616827
 16.000000 1.998492 -0.654488
 17.000000 2.057252 -0.604037
 18.000000 2.026213 -0.552420
 19.000000 2.046419 -0.582999
 20.000000 1.971095 -0.606601
 21.000000 2.093353 -0.605504
 22.000000 2.190902 -0.603091
 23.000000 2.077292 -0.685565
 24.000000 2.099831 -0.681411
 25.000000 1.935058 -0.644773
 26.000000 2.061284 -0.658845
 27.000000 1.938859 -0.686031
 28.000000 2.129404 -0.675189
 29.000000 2.027599 -0.614889
 30.000000 1.922279 -0.608761
 31.000000 1.982776 -0.585360
 32.000000 2.014703 -0.604798
 33.000000 2.068570 -0.608705
 34.000000 2.006337 -0.607272
 35.000000 1.997271 -0.614213
 36.000000 2.056214 -0.639239
 37.000000 2.095164 -0.603061
 38.000000 2.025906 -0.620489
 39.000000 2.017765 -0.648135
 40.000000 2.142998 -0.656222
 41.000000 1.984759 -0.630573
 42.000000 2.023713 -0.541550
 43.000000 2.153502 -0.613515
 44.000000 1.951314 -0.647067
 45.000000 2.093037 -0.575160
 46.000000 2.041267 -0.672165
 47.000000 1.958506 -0.740711
 48.000000 1.979452 -0.610467
 49.000000 2.065323 -0.644121
 50.000000 2.047778 -0.621878
 51.000000 2.009064 -0.616408
 52.000000 2.070356 -0.677710
 53.000000 1.984699 -0.772862
 54.000000 2.209091 -0.728095
 55.000000 2.159359 -0.676977
 56.000000 2.028679 -0.649216
 57.000000 2.093803 -0.711460
 58.000000 2.001862 -0.686830
 59.000000 2.017780 -0.699310
 60.000000 2.004322 -0.627781
 61.000000 1.993189 -0.666894
 62.000000 2.051803 -0.652556
 63.000000 1.958889 -0.734622
 64.000000 2.071782 -0.685767
 65.000000 2.090479 -0.622192
 66.000000 2.052895 -0.662960
 67.000000 2.043666 -0.624698
 68.000000 1.992254 -0.750135
 69.000000 2.134263 -0.737903
 70.000000 2.146350 -0.757358
 71.000000 2.028098 -0.722569
 72.000000 2.177789 -0.672979
 73.000000 2.015835 -0.752192
 74.000000 1.984409 -0.667991
 75.000000 2.110280 -0.648500
 76.000000 1.985496 -0.710915
 77.000000 2.001812 -0.732268
 78.000000 2.038440 -0.681180
 79.000000 2.016306 -0.631506
 80.000000 2.027770 -0.691426
 81.000000 2.066107 -0.634253
 82.000000 2.025289 -0.717345
 83.000000 2.039330 -0.695531
 84.000000 1.956737 -0.648641
 85.000000 1.973243 -0.670146
 86.000000 1.964503 -0.725212
 87.000000 2.054986 -0.648575
 88.000000 2.075982 -0.735704
 89.000000 2.090692 -0.755088
 90.000000 2.042521 -0.765895
 91.000000 2.029120 -0.671776
 92.000000 2.047629 -0.605007
 93.000000 1.941780 -0.755345
 94.000000 2.024955 -0.759412
 95.000000 2.070182 -0.699131
 96.000000 2.010023 -0.758865
 97.000000 1.990122 -0.668898
 98.000000 2.076074 -0.762993
 99.000000 2.080087 -0.764589
 100.000000 2.006173 -0.724684
 101.000000 2.023868 -0.824019
 102.000000 2.084966 -0.731336
 103.000000 2.091522 -0.742379
 104.000000 1.980342 -0.725058
 105.000000 2.088098 -0.718161
 106.000000 2.051915 -0.717323
 107.000000 2.080265 -0.709404
 108.000000 2.040850 -0.724433
 109.000000 2.028834 -0.702300
 110.000000 2.019808 -0.769115
 111.000000 2.056677 -0.706351
 112.000000 2.045160 -0.658021
 113.000000 2.106584 -0.717251
 114.000000 2.004223 -0.599055
 115.000000 2.068526 -0.618660
 116.000000 2.077432 -0.675276
 117.000000 2.158868 -0.710787
 118.000000 2.024701 -0.742718
 119.000000 2.066879 -0.707826
 120.000000 2.031813 -0.577293
 121.000000 1.863144 -0.688431
 122.000000 2.116805 -0.599019
 123.000000 2.171348 -0.665398
 124.000000 2.124977 -0.660563
 125.000000 2.065959 -0.618023
 126.000000 2.113371 -0.715768
 127.000000 2.029330 -0.650187
 128.000000 2.083894 -0.600464
 129.000000 2.053652 -0.676169
 130.000000 2.169126 -0.639044
 131.000000 2.187733 -0.623673
 132.000000 2.182565 -0.558084
 133.000000 2.121752 -0.540159
 134.000000 2.146130 -0.733933
 135.000000 2.192913 -0.650901
 136.000000 2.112184 -0.669644
 137.000000 2.216025 -0.631121
 138.000000 2.147021 -0.762006
 139.000000 2.133280 -0.700814
 140.000000 2.121625 -0.713696
 141.000000 2.067719 -0.671686
 142.000000 2.171853 -0.734455
 143.000000 2.139221 -0.674461
 144.000000 2.066569 -0.665508
 145.000000 2.059416 -0.673340
 146.000000 2.095172 -0.655126
 147.000000 2.059318 -0.607655
 148.000000 2.068479 -0.661714
 149.000000 2.068980 -0.644174
 150.000000 2.166963 -0.618267
 151.000000 2.103646 -0.699938
 152.000000 2.032277 -0.629920
 153.000000 2.094629 -0.667565
 154.000000 2.062181 -0.713410
 155.000000 2.139529 -0.705917
 156.000000 2.011938 -0.699747
 157.000000 2.057165 -0.710112
 158.000000 2.083256 -0.679482
 159.000000 2.174371 -0.636220
 160.000000 2.007578 -0.739325
 161.000000 2.115674 -0.679945
 162.000000 2.069188 -0.701554
 163.000000 2.112533 -0.610995
 164.000000 2.104646 -0.651286
 165.000000 2.064744 -0.660759
 166.000000 2.141639 -0.702495
 167.000000 2.030526 -0.708779
 168.000000 2.198388 -0.630281
 169.000000 2.145154 -0.703472
 170.000000 2.058285 -0.721484
 171.000000 2.154615 -0.509788
 172.000000 2.171208 -0.620318
 173.000000 2.144429 -0.597196
 174.000000 2.117849 -0.640754
 175.000000 2.149849 -0.712526
 176.000000 2.234942 -0.686094
 177.000000 2.062420 -0.662476
 178.000000 2.197451 -0.632976
 179.000000 2.032328 -0.628540
 180.000000 2.177678 -0.609232
 181.000000 2.063504 -0.579302
 182.000000 2.205870 -0.589931
 183.000000 2.110446 -0.701186
 184.000000 2.010164 -0.652212
 185.000000 2.102802 -0.717020
 186.000000 2.043452 -0.620846
 187.000000 2.056251 -0.618014
 188.000000 2.004433 -0.666029
 189.000000 2.104531 -0.719160
 190.000000 2.078957 -0.651657
 191.000000 2.121835 -0.665736
 192.000000 2.070428 -0.641964
 193.000000 2.074732 -0.693424
 194.000000 2.062151 -0.620243
 195.000000 2.092515 -0.682408
 196.000000 2.049580 -0.593432
 197.000000 2.085169 -0.674817
 198.000000 2.024524 -0.643454
 199.000000 2.031045 -0.692937
 200.000000 2.113394 -0.708992
 201.000000 2.043138 -0.604326
 202.000000 2.094029 -0.694368
 203.000000 1.978470 -0.622567
 204.000000 2.051996 -0.612928
 205.000000 2.014535 -0.630970
 206.000000 2.055456 -0.588109
 207.000000 2.097231 -0.604520
 208.000000 2.010110 -0.588383
 209.000000 2.100870 -0.639399
 210.000000 2.164848 -0.636252
 211.000000 2.018716 -0.573793
 212.000000 2.058288 -0.630030
 213.000000 2.054226 -0.608605
 214.000000 2.043054 -0.636560
 215.000000 2.052416 -0.637191
 216.000000 2.150479 -0.672827
 217.000000 2.001418 -0.655646
 218.000000 2.043486 -0.708283
 219.000000 1.954309 -0.651601
 220.000000 2.013372 -0.631928
 221.000000 2.120807 -0.743859
 222.000000 2.147882 -0.695711
 223.000000 2.100713 -0.629704
 224.000000 2.109332 -0.707335
 225.000000 2.137155 -0.652407
 226.000000 1.945574 -0.598375
 227.000000 2.022397 -0.636514
 228.000000 2.092500 -0.646227
 229.000000 2.024958 -0.613614
 230.000000 2.057903 -0.623647
 231.000000 2.087627 -0.634790
 232.000000 2.058807 -0.582824
 233.000000 2.020779 -0.573992
 234.000000 2.036092 -0.663041
 235.000000 1.961970 -0.700855
 236.000000 2.008703 -0.641955
 237.000000 2.026478 -0.672418
 238.000000 2.076956 -0.586374
 239.000000 2.053408 -0.664438
 240.000000 2.096619 -0.681547
 241.000000 2.065768 -0.583343
 242.000000 2.033635 -0.622446
 243.000000 2.010258 -0.665848
 244.000000 2.014032 -0.738551
 245.000000 2.033889 -0.650021
 246.000000 2.043372 -0.702982
 247.000000 2.017995 -0.683933
 248.000000 1.999780 -0.722466
 249.000000 2.027945 -0.640297
 250.000000 2.049378 -0.637297
 251.000000 2.006087 -0.687466
 252.000000 1.891549 -0.755828
 253.000000 2.085573 -0.666062
 254.000000 2.087922 -0.650649
 255.000000 1.967746 -0.710078
 256.000000 2.084940 -0.596878
 257.000000 2.069882 -0.679428
 258.000000 2.098479 -0.619219
 259.000000 2.040185 -0.680613
 260.000000 2.067004 -0.696087
 261.000000 1.974045 -0.732289
 262.000000 2.100891 -0.661873
 263.000000 2.123000 -0.658283
 264.000000 2.082553 -0.649783
 265.000000 1.967224 -0.698226
 266.000000 2.056949 -0.600937
 267.000000 2.082585 -0.666794
 268.000000 1.983272 -0.716105
 269.000000 2.014075 -0.615090
 270.000000 1.985587 -0.615884
 271.000000 2.130407 -0.712764
 272.000000 2.127702 -0.718547
 273.000000 1.989257 -0.693912
 274.000000 2.002979 -0.707142
 275.000000 2.122278 -0.642648
 276.000000 2.088556 -0.661493
 277.000000 2.085489 -0.614236
 278.000000 2.096675 -0.609916
 279.000000 2.089843 -0.693560
 280.000000 2.145468 -0.647551
 281.000000 2.044274 -0.673464
 282.000000 2.166955 -0.732932
 283.000000 2.065040 -0.654104
 284.000000 2.044945 -0.625927
 285.000000 2.084926 -0.634732
 286.000000 2.089951 -0.612680
 287.000000 2.016657 -0.643402
 288.000000 2.076566 -0.637056
 289.000000 2.067691 -0.619059
 290.000000 2.183399 -0.596397
 291.000000 2.213277 -0.675506
 292.000000 2.143305 -0.673126
 293.000000 2.024322 -0.614234
 294.000000 2.037819 -0.660243
 295.000000 2.056487 -0.683104
 296.000000 1.926879 -0.683131
 297.000000 2.126385 -0.663011
 298.000000 2.114874 -0.585419
 299.000000 2.138525 -0.643316
 300.000000 2.148963 -0.685509
 301.000000 2.220079 -0.537185
 302.000000 2.035432 -0.683869
 303.000000 2.065403 -0.621242
 304.000000 2.149703 -0.671200
 305.000000 2.045751 -0.505784
 306.000000 2.127798 -0.603958
 307.000000 2.058080 -0.717825
 308.000000 2.144127 -0.810662
 309.000000 2.122617 -0.772745
 310.000000 2.124607 -0.747479
 311.000000 2.164871 -0.773098
 312.000000 2.101190 -0.649784
 313.000000 2.040868 -0.576214
 314.000000 2.110200 -0.614703
 315.000000 2.036704 -0.602793
 316.000000 2.005286 -0.617169
 317.000000 2.133076 -0.685308
 318.000000 2.184367 -0.658664
 319.000000 2.155641 -0.601001
 320.000000 2.124377 -0.605716
 321.000000 2.160743 -0.672051
 322.000000 2.047594 -0.653574
 323.000000 2.079211 -0.674260
 324.000000 2.179471 -0.650717
 325.000000 2.098257 -0.694286
 326.000000 2.074151 -0.711133
 327.000000 2.155658 -0.677864
 328.000000 2.025781 -0.742706
 329.000000 2.180593 -0.632124
 330.000000 2.099823 -0.643931
 331.000000 1.956205 -0.634173
 332.000000 2.144073 -0.605651
 333.000000 2.113456 -0.603744
 334.000000 2.009033 -0.704866
 335.000000 1.983376 -0.663711
 336.000000 2.122076 -0.778549
 337.000000 2.116269 -0.493697
 338.000000 2.148135 -0.596387
 339.000000 2.136381 -0.604236
 340.000000 2.033620 -0.616410
 341.000000 2.115523 -0.604719
 342.000000 2.083801 -0.586672
 343.000000 2.096179 -0.619946
 344.000000 2.301584 -0.662567
 345.000000 2.088923 -0.622838
 346.000000 2.044153 -0.675761
 347.000000 2.147653 -0.711946
 348.000000 2.093743 -0.649385
 349.000000 2.074820 -0.715379
 350.000000 2.049857 -0.669916
 351.000000 2.051902 -0.598144
 352.000000 2.092402 -0.614445
 353.000000 2.114049 -0.690080
 354.000000 2.103444 -0.748992
 355.000000 2.131607 -0.839866
 356.000000 2.117099 -0.776149
 357.000000 2.184551 -0.759647
 358.000000 2.148070 -0.754607
 359.000000 2.102700 -0.782910
 360.000000 2.114069 -0.708914
 361.000000 1.975262 -0.748402
 362.000000 2.096768 -0.704709
 363.000000 2.190106 -0.662034
 364.000000 2.142261 -0.624977
 365.000000 2.067680 -0.633671
 366.000000 2.131979 -0.670776
 367.000000 2.077554 -0.646836
 368.000000 2.081284 -0.679843
 369.000000 2.046059 -0.657466
 370.000000 1.993324 -0.664517
 371.000000 2.143563 -0.664181
 372.000000 2.150118 -0.690366
 373.000000 2.024849 -0.656932
 374.000000 2.011174 -0.660945
 375.000000 2.043431 -0.715074
 376.000000 1.975300 -0.729908
 377.000000 2.040780 -0.750976
 378.000000 1.980902 -0.606868
 379.000000 2.087445 -0.633527
 380.000000 2.103465 -0.752516
 381.000000 2.112022 -0.628536
 382.000000 2.154515 -0.630645
 383.000000 2.070839 -0.659763
 384.000000 2.078305 -0.698149
 385.000000 2.038372 -0.719627
 386.000000 2.025820 -0.655716
 387.000000 2.168515 -0.614528
 388.000000 2.245898 -0.718458
 389.000000 2.037954 -0.671261
 390.000000 2.059608 -0.741395
 391.000000 2.165171 -0.633972
 392.000000 2.104718 -0.626438
 393.000000 2.160476 -0.731851
 394.000000 1.986827 -0.619245
 395.000000 2.074587 -0.697521
 396.000000 2.082573 -0.611440
 397.000000 2.096166 -0.639953
 398.000000 2.107807 -0.610031
 399.000000 2.059247 -0.678505
 400.000000 2.021881 -0.630536
 401.000000 2.065475 -0.597641
 402.000000 2.069476 -0.607370
 403.000000 2.063782 -0.671660
 404.000000 2.092752 -0.575591
 405.000000 2.046281 -0.692365
 406.000000 2.104539 -0.669612
 407.000000 2.119688 -0.719036
 408.000000 2.106530 -0.705842
 409.000000 2.059043 -0.720786
 410.000000 1.997912 -0.662133
 411.000000 2.103712 -0.638670
 412.000000 2.079225 -0.577401
 413.000000 2.071798 -0.624478
 414.000000 2.068669 -0.681361
 415.000000 1.989922 -0.648400
 416.000000 1.987351 -0.695849
 417.000000 2.201949 -0.611194
 418.000000 2.211921 -0.658891
 419.000000 2.052759 -0.762263
 420.000000 2.192659 -0.712423
 421.000000 2.022490 -0.716085
 422.000000 2.110564 -0.684562
 423.000000 2.012134 -0.611244
 424.000000 2.039486 -0.637204
 425.000000 2.150708 -0.627064
 426.000000 2.127239 -0.692807
 427.000000 2.069815 -0.690444
 428.000000 2.050205 -0.676055
 429.000000 2.058775 -0.702668
 430.000000 2.003507 -0.638158
 431.000000 2.058457 -0.590966
 432.000000 2.084511 -0.664671
 433.000000 2.060742 -0.679441
 434.000000 2.134645 -0.724072
 435.000000 2.016853 -0.701200
 436.000000 2.078571 -0.670353
 437.000000 1.955622 -0.719754
 438.000000 2.016122 -0.662937
 439.000000 1.998710 -0.662298
 440.000000 2.077021 -0.711146
 441.000000 2.087485 -0.689545
 442.000000 2.153817 -0.706488
 443.000000 2.078505 -0.791065
 444.000000 1.994733 -0.751809
 445.000000 2.086957 -0.702372
 446.000000 2.070086 -0.727115
 447.000000 2.106690 -0.711317
 448.000000 2.103691 -0.767009
 449.000000 2.125647 -0.669311
 450.000000 2.143424 -0.719743
 451.000000 2.235722 -0.693785
 452.000000 2.170061 -0.639265
 453.000000 2.105768 -0.724667
 454.000000 2.028907 -0.676953
 455.000000 2.069650 -0.729688
 456.000000 2.201953 -0.675426
 457.000000 2.067213 -0.644217
 458.000000 2.147637 -0.708141
 459.000000 2.149555 -0.624876
 460.000000 2.159189 -0.675561
 461.000000 2.030039 -0.643183
 462.000000 2.072203 -0.726829
 463.000000 2.080564 -0.720237
 464.000000 2.088945 -0.607451
 465.000000 2.050932 -0.665930
 466.000000 2.085822 -0.657122
 467.000000 2.044087 -0.666854
 468.000000 2.120538 -0.663272
 469.000000 1.993979 -0.623504
 470.000000 2.142623 -0.654699
 471.000000 2.019950 -0.666043
 472.000000 2.005902 -0.665427
 473.000000 2.113136 -0.676830
 474.000000 2.086752 -0.622615
 475.000000 2.065286 -0.617340
 476.000000 2.072809 -0.706182
 477.000000 2.039777 -0.802543
 478.000000 2.080485 -0.756255
 479.000000 2.132399 -0.682607
 480.000000 2.050095 -0.757221
 481.000000 1.993758 -0.738731
 482.000000 2.069268 -0.728264
 483.000000 2.114985 -0.800809
 484.000000 2.186034 -0.591437
 485.000000 2.110199 -0.702745
 486.000000 2.114414 -0.792450
 487.000000 2.097559 -0.691209
 488.000000 2.089869 -0.815523
 489.000000 2.053732 -0.740022
 490.000000 2.079525 -0.740705
 491.000000 2.117666 -0.710166
 492.000000 2.093089 -0.711302
 493.000000 2.128684 -0.724006
 494.000000 2.127906 -0.714994
 495.000000 2.079968 -0.656512
 496.000000 2.175036 -0.679494
 497.000000 1.942877 -0.625991
 498.000000 2.165374 -0.684188
 499.000000 2.094107 -0.747512
 500.000000 2.094848 -0.710328
 501.000000 2.141022 -0.654058
 502.000000 2.104755 -0.627646
 503.000000 2.054799 -0.750839
 504.000000 2.166692 -0.718948
 505.000000 2.091853 -0.700932
 506.000000 2.077535 -0.711510
 507.000000 2.133390 -0.713919
 508.000000 2.089436 -0.689603
 509.000000 2.113306 -0.753417
 510.000000 2.099802 -0.699920
 511.000000 2.088256 -0.662844
 512.000000 1.983840 -0.701404
 513.000000 2.079754 -0.657653
 514.000000 2.035321 -0.703007
 515.000000 2.080236 -0.671122
 516.000000 2.133800 -0.669451
 517.000000 2.188852 -0.707055
 518.000000 2.107232 -0.574873
 519.000000 2.060245 -0.706810
 520.000000 2.073774 -0.694546
 521.000000 2.116253 -0.695278
 522.000000 2.124647 -0.693504
 523.000000 2.005833 -0.550021
 524.000000 2.210904 -0.531505
 525.000000 2.101526 -0.578292
 526.000000 1.956469 -0.571515
 527.000000 1.958548 -0.635425
 528.000000 2.032737 -0.635764
 529.000000 2.190770 -0.601031
 530.000000 2.017126 -0.579195
 531.000000 2.040696 -0.603214
 532.000000 2.073161 -0.674086
 533.000000 2.038947 -0.695690
 534.000000 2.048750 -0.730768
 535.000000 2.012008 -0.683254
 536.000000 1.995217 -0.764248
 537.000000 2.070770 -0.645520
 538.000000 2.081567 -0.613937
 539.000000 2.063172 -0.613756
 540.000000 2.196192 -0.580981
 541.000000 2.130855 -0.712907
 542.000000 2.115082 -0.647575
 543.000000 2.056737 -0.685552
 544.000000 2.041332 -0.600314
 545.000000 2.057432 -0.585214
 546.000000 2.051604 -0.665780
 547.000000 2.089686 -0.643707
 548.000000 2.151677 -0.647816
 549.000000 2.217416 -0.667024
 550.000000 2.099256 -0.630325
 551.000000 2.108758 -0.644542
 552.000000 2.135447 -0.588327
 553.000000 2.012012 -0.623788
 554.000000 2.100569 -0.696799
 555.000000 2.131692 -0.614183
 556.000000 2.091934 -0.641939
 557.000000 2.031403 -0.636231
 558.000000 2.031918 -0.652033
 559.000000 2.106761 -0.643690
 560.000000 2.077046 -0.685673
 561.000000 1.970321 -0.628294
 562.000000 2.128009 -0.611110
 563.000000 2.139862 -0.614484
 564.000000 2.115226 -0.681860
 565.000000 2.007412 -0.696875
 566.000000 2.126114 -0.737837
 567.000000 2.081341 -0.760461
 568.000000 2.103209 -0.686582
 569.000000 2.035171 -0.632561
 570.000000 2.067798 -0.730356
 571.000000 2.075624 -0.598546
 572.000000 2.039945 -0.698015
 573.000000 2.088904 -0.659866
 574.000000 2.052542 -0.701205
 575.000000 2.124089 -0.668492
 576.000000 2.030916 -0.681339
 577.000000 2.075767 -0.609750
 578.000000 2.125854 -0.656076
 579.000000 2.116431 -0.567555
 580.000000 2.151778 -0.612125
 581.000000 1.993717 -0.694786
 582.000000 2.039522 -0.673200
 583.000000 2.205190 -0.647025
 584.000000 2.094358 -0.580352
 585.000000 2.085000 -0.636981
 586.000000 2.168179 -0.629434
 587.000000 2.074736 -0.668758
 588.000000 2.124707 -0.611771
 589.000000 2.051026 -0.579274
 590.000000 1.972115 -0.671359
 591.000000 2.180676 -0.695745
 592.000000 2.091057 -0.644526
 593.000000 2.132920 -0.621253
 594.000000 2.055477 -0.663913
 595.000000 2.225452 -0.680606
 596.000000 2.022734 -0.612984
 597.000000 1.978427 -0.538385
 598.000000 2.077871 -0.589059
 599.000000 2.058092 -0.629472
 600.000000 2.089407 -0.724108
 601.000000 2.045628 -0.659895
 602.000000 2.100920 -0.603200
 603.000000 2.164458 -0.663894
 604.000000 2.208670 -0.688140
 605.000000 2.148708 -0.679421
 606.000000 2.063424 -0.626259
 607.000000 2.048944 -0.677380
 608.000000 2.102137 -0.638868
 609.000000 2.099355 -0.706780
 610.000000 2.215027 -0.597101
 611.000000 2.012670 -0.551904
 612.000000 2.159829 -0.615153
 613.000000 2.044791 -0.539400
 614.000000 2.181940 -0.544869
 615.000000 2.079734 -0.614974
 616.000000 2.141870 -0.559418
 617.000000 2.072088 -0.611349
 618.000000 2.066432 -0.690112
 619.000000 2.119392 -0.597110
 620.000000 1.971457 -0.576071
 621.000000 2.098984 -0.577700
 622.000000 1.995958 -0.563108
 623.000000 2.006985 -0.572471
 624.000000 2.001786 -0.628570
 625.000000 2.165112 -0.610505
 626.000000 2.113147 -0.644706
 627.000000 2.070808 -0.568962
 628.000000 2.123130 -0.631412
 629.000000 1.925989 -0.634409
 630.000000 2.056786 -0.740301
 631.000000 2.217604 -0.685782
 632.000000 2.082248 -0.633887
 633.000000 2.113672 -0.667311
 634.000000 2.038123 -0.683704
 635.000000 2.119043 -0.659275
 636.000000 2.232067 -0.697194
 637.000000 2.114838 -0.687706
 638.000000 2.001411 -0.614599
 639.000000 2.023917 -0.684697
 640.000000 2.202905 -0.629664
 641.000000 2.042961 -0.722488
 642.000000 2.006834 -0.677462
 643.000000 2.166339 -0.666527
 644.000000 2.124584 -0.670150
 645.000000 2.094120 -0.776319
 646.000000 2.108219 -0.728802
 647.000000 2.083460 -0.631098
 648.000000 2.114254 -0.592337
 649.000000 2.087073 -0.638234
 650.000000 2.095022 -0.613376
 651.000000 2.001802 -0.646602
 652.000000 2.112685 -0.577838
 653.000000 2.196620 -0.641901
 654.000000 2.009927 -0.692511
 655.000000 2.115162 -0.648133
 656.000000 2.105721 -0.636083
 657.000000 2.015480 -0.664919
 658.000000 1.983876 -0.605819
 659.000000 1.993528 -0.570586
 660.000000 2.174206 -0.582886
 661.000000 2.071575 -0.725602
 662.000000 2.104181 -0.679414
 663.000000 2.025013 -0.667787
 664.000000 2.172412 -0.659729
 665.000000 2.096719 -0.649058
 666.000000 2.083209 -0.651858
 667.000000 2.011265 -0.637048
 668.000000 2.081222 -0.664295
 669.000000 2.157581 -0.610148
 670.000000 2.098613 -0.681991
 671.000000 2.157263 -0.586321
 672.000000 2.050488 -0.671507
 673.000000 2.111948 -0.637874
 674.000000 2.164763 -0.637648
 675.000000 2.103744 -0.675717
 676.000000 2.145054 -0.627377
 677.000000 2.087355 -0.628835
 678.000000 2.056545 -0.673225
 679.000000 2.131916 -0.604037
 680.000000 1.944430 -0.749438
 681.000000 2.110249 -0.626499
 682.000000 2.138399 -0.650515
 683.000000 2.043364 -0.645384
 684.000000 2.178802 -0.669133
 685.000000 2.031067 -0.646443
 686.000000 2.065090 -0.703356
 687.000000 2.135264 -0.637899
 688.000000 2.203386 -0.683666
 689.000000 2.093944 -0.718240
 690.000000 2.179404 -0.642064
 691.000000 2.103101 -0.684209
 692.000000 2.076035 -0.663054
 693.000000 2.179138 -0.626538
 694.000000 2.040004 -0.643272
 695.000000 2.117012 -0.678482
 696.000000 2.079420 -0.623839
 697.000000 2.047109 -0.693613
 698.000000 2.128178 -0.683496
 699.000000 2.113953 -0.700232
 700.000000 2.058671 -0.640793
 701.000000 2.042218 -0.709583
 702.000000 2.040968 -0.642011
 703.000000 2.044734 -0.605311
 704.000000 2.182056 -0.521773
 705.000000 2.138255 -0.665486
 706.000000 2.168091 -0.609518
 707.000000 2.113436 -0.621469
 708.000000 2.104821 -0.586403
 709.000000 2.051325 -0.688032
 710.000000 2.140032 -0.653302
 711.000000 2.115741 -0.695975
 712.000000 2.126724 -0.648819
 713.000000 2.090744 -0.715978
 714.000000 2.087044 -0.627911
 715.000000 2.019217 -0.671159
 716.000000 1.983203 -0.638671
 717.000000 2.090382 -0.635569
 718.000000 2.089731 -0.681798
 719.000000 2.116044 -0.633740
 720.000000 2.166801 -0.602581
 721.000000 2.151017 -0.576447
 722.000000 2.077830 -0.599067
 723.000000 2.180738 -0.627678
 724.000000 1.981665 -0.637721
 725.000000 2.109409 -0.683877
 726.000000 2.214389 -0.612235
 727.000000 2.040479 -0.673747
 728.000000 2.164928 -0.707964
 729.000000 1.982294 -0.619537
 730.000000 2.066472 -0.707636
 731.000000 2.059738 -0.695128
 732.000000 2.139985 -0.623688
 733.000000 2.198399 -0.675419
 734.000000 1.944760 -0.654035
 735.000000 2.075498 -0.717204
 736.000000 2.002106 -0.696492
 737.000000 1.950468 -0.710927
 738.000000 2.029007 -0.671650
 739.000000 2.016205 -0.648323
 740.000000 2.040823 -0.704795
 741.000000 2.153242 -0.717160
 742.000000 2.060002 -0.762419
 743.000000 2.102677 -0.692966
 744.000000 2.235473 -0.615581
 745.000000 2.084085 -0.693450
 746.000000 2.137917 -0.661735
 747.000000 2.056057 -0.718487
 748.000000 2.147560 -0.773908
 749.000000 2.131255 -0.735352
 750.000000 2.058167 -0.678497
 751.000000 2.062434 -0.691943
 752.000000 2.154618 -0.778148
 753.000000 1.959846 -0.694880
 754.000000 2.081233 -0.692794
 755.000000 2.083578 -0.716517
 756.000000 2.216168 -0.721284
 757.000000 2.059679 -0.675916
 758.000000 2.185087 -0.585749
 759.000000 2.132688 -0.654923
 760.000000 2.258427 -0.648825
 761.000000 2.180323 -0.581561
 762.000000 2.197494 -0.757757
 763.000000 2.114668 -0.661903
 764.000000 2.129152 -0.773001
 765.000000 2.205379 -0.771962
 766.000000 2.135550 -0.627988
 767.000000 2.214872 -0.703194
 768.000000 2.105377 -0.778420
 769.000000 2.087271 -0.699960
 770.000000 2.119296 -0.698029
 771.000000 2.167856 -0.532210
 772.000000 2.152587 -0.621449
 773.000000 2.100169 -0.578746
 774.000000 1.967678 -0.681375
 775.000000 1.979767 -0.592838
 776.000000 2.092124 -0.624146
 777.000000 2.016381 -0.657174
 778.000000 2.099541 -0.548088
 779.000000 2.106262 -0.642570
 780.000000 2.073967 -0.564179
 781.000000 2.015643 -0.570538
 782.000000 2.033071 -0.602581
 783.000000 2.077468 -0.668084
 784.000000 2.046913 -0.567526
 785.000000 2.041766 -0.606367
 786.000000 2.105518 -0.550577
 787.000000 1.945785 -0.685410
 788.000000 2.080477 -0.542948
 789.000000 2.061611 -0.676798
 790.000000 2.052516 -0.541170
 791.000000 2.063688 -0.649841
 792.000000 2.110480 -0.658370
 793.000000 2.025180 -0.729853
 794.000000 2.064702 -0.771981
 795.000000 2.056433 -0.616805
 796.000000 2.093592 -0.617062
 797.000000 2.032158 -0.580828
 798.000000 2.054883 -0.640720
 799.000000 2.116408 -0.644580
 800.000000 2.149327 -0.650976
 801.000000 2.098416 -0.595591
 802.000000 1.998658 -0.626768
 803.000000 2.117636 -0.661984
 804.000000 2.034405 -0.657471
 805.000000 2.086184 -0.672739
 806.000000 2.122914 -0.615219
 807.000000 2.158528 -0.590173
 808.000000 2.025968 -0.597522
 809.000000 2.007234 -0.633710
 810.000000 2.071564 -0.564425
 811.000000 1.960084 -0.617156
 812.000000 1.993809 -0.503542
 813.000000 2.129301 -0.543200
 814.000000 2.087532 -0.791478
 815.000000 2.111848 -0.678337
 816.000000 1.998264 -0.568636
 817.000000 2.123953 -0.654999
 818.000000 2.146388 -0.641081
 819.000000 2.024209 -0.608103
 820.000000 2.212043 -0.575160
 821.000000 2.028123 -0.639784
 822.000000 2.106241 -0.589650
 823.000000 2.107274 -0.637835
 824.000000 2.093898 -0.607306
 825.000000 2.018182 -0.660355
 826.000000 2.147133 -0.537987
 827.000000 2.055053 -0.614081
 828.000000 2.042460 -0.717163
 829.000000 2.124859 -0.668829
 830.000000 2.116013 -0.588297
 831.000000 2.005724 -0.617590
 832.000000 2.065809 -0.731088
 833.000000 2.116959 -0.609735
 834.000000 2.147298 -0.630386
 835.000000 2.128358 -0.618346
 836.000000 2.112586 -0.661273
 837.000000 2.239394 -0.633261
 838.000000 2.056225 -0.587606
 839.000000 2.130350 -0.650361
 840.000000 2.147718 -0.690049
 841.000000 2.064117 -0.584145
 842.000000 2.060474 -0.628712
 843.000000 2.013750 -0.585799
 844.000000 2.081366 -0.578467
 845.000000 2.021874 -0.652714
 846.000000 2.129369 -0.655474
 847.000000 2.187273 -0.673121
 848.000000 2.182917 -0.604356
 849.000000 2.138850 -0.698367
 850.000000 2.153954 -0.653179
 851.000000 2.007601 -0.662015
 852.000000 2.046543 -0.651995
 853.000000 2.150425 -0.660878
 854.000000 2.153659 -0.703713
 855.000000 2.148142 -0.696646
 856.000000 2.093957 -0.708682
 857.000000 2.043967 -0.623990
 858.000000 2.144663 -0.703750
 859.000000 2.045706 -0.679906
 860.000000 2.109083 -0.636319
 861.000000 1.983573 -0.667461
 862.000000 2.047106 -0.642337
 863.000000 2.047148 -0.626633
 864.000000 2.083747 -0.632731
 865.000000 2.109958 -0.608912
 866.000000 2.125901 -0.719871
 867.000000 2.036187 -0.586966
 868.000000 2.047115 -0.536118
 869.000000 2.093418 -0.559296
 870.000000 2.047712 -0.623139
 871.000000 2.123022 -0.652823
 872.000000 2.000198 -0.629838
 873.000000 2.015531 -0.604167
 874.000000 2.092799 -0.663615
 875.000000 2.132781 -0.650010
 876.000000 2.042182 -0.604273
 877.000000 1.973981 -0.718257
 878.000000 1.886557 -0.677284
 879.000000 2.086608 -0.609697
 880.000000 2.173346 -0.549342
 881.000000 2.123319 -0.643179
 882.000000 2.030341 -0.695251
 883.000000 2.170712 -0.684115
 884.000000 2.028116 -0.684572
 885.000000 2.031018 -0.700518
 886.000000 2.016464 -0.621356
 887.000000 2.104738 -0.744734
 888.000000 2.101465 -0.686547
 889.000000 2.129870 -0.734064
 890.000000 2.129068 -0.713003
 891.000000 2.066117 -0.743295
 892.000000 2.015727 -0.614393
 893.000000 2.041895 -0.624551
 894.000000 2.099520 -0.652814
 895.000000 2.145421 -0.609074
 896.000000 2.109200 -0.572834
 897.000000 2.021190 -0.615183
 898.000000 2.152846 -0.696944
 899.000000 2.075802 -0.566681
 900.000000 2.043844 -0.626930
 901.000000 2.062130 -0.610588
 902.000000 2.123792 -0.564614
 903.000000 2.130729 -0.652438
 904.000000 2.120314 -0.723080
 905.000000 2.129945 -0.602197
 906.000000 2.141611 -0.630612
 907.000000 2.148333 -0.671192
 908.000000 2.111608 -0.661630
 909.000000 1.913906 -0.654185
 910.000000 2.238074 -0.606992
 911.000000 2.180933 -0.675646
 912.000000 2.124638 -0.571791
 913.000000 2.047160 -0.642666
 914.000000 2.147631 -0.641513
 915.000000 2.076606 -0.661618
 916.000000 2.124776 -0.671211
 917.000000 2.138551 -0.685763
 918.000000 2.106379 -0.700039
 919.000000 2.185127 -0.592182
 920.000000 2.054950 -0.689403
 921.000000 2.106200 -0.589700
 922.000000 2.031307 -0.759906
 923.000000 1.977378 -0.677142
 924.000000 2.144271 -0.620935
 925.000000 2.046115 -0.686939
 926.000000 2.111918 -0.568486
 927.000000 2.007909 -0.685715
 928.000000 2.095889 -0.619851
 929.000000 2.092389 -0.660662
 930.000000 2.135729 -0.531560
 931.000000 2.005490 -0.670846
 932.000000 2.046736 -0.707802
 933.000000 2.064183 -0.690651
 934.000000 2.158358 -0.735828
 935.000000 2.139581 -0.771580
 936.000000 2.051868 -0.668273
 937.000000 2.052131 -0.689466
 938.000000 2.086238 -0.574939
 939.000000 2.021895 -0.611114
 940.000000 2.043619 -0.640127
 941.000000 2.037154 -0.701015
 942.000000 2.169517 -0.585395
 943.000000 2.137591 -0.675578
 944.000000 2.226504 -0.721039
 945.000000 2.098564 -0.700796
 946.000000 2.095633 -0.684476
 947.000000 2.139286 -0.719578
 948.000000 2.045431 -0.728331
 949.000000 2.143602 -0.714458
 950.000000 2.144953 -0.598437
 951.000000 2.137561 -0.649252
 952.000000 2.057306 -0.739857
 953.000000 2.095091 -0.574197
 954.000000 2.045959 -0.761528
 955.000000 2.086537 -0.697721
 956.000000 2.037754 -0.603482
 957.000000 2.131179 -0.546460
 958.000000 2.075472 -0.662519
 959.000000 2.138378 -0.592318
 960.000000 2.109158 -0.527792
 961.000000 2.120783 -0.654621
 962.000000 2.127270 -0.594713
 963.000000 2.107985 -0.609575
 964.000000 2.040600 -0.617138
 965.000000 2.160086 -0.537547
 966.000000 2.018158 -0.630714
 967.000000 2.062868 -0.659203
 968.000000 2.157518 -0.575947
 969.000000 2.040003 -0.693457
 970.000000 2.062489 -0.729175
 971.000000 2.193019 -0.776647
 972.000000 2.227907 -0.779505
 973.000000 2.177156 -0.679646
 974.000000 2.071656 -0.634218
 975.000000 2.048447 -0.649490
 976.000000 1.969743 -0.620577
 977.000000 1.998017 -0.704604
 978.000000 2.128758 -0.727143
 979.000000 2.061886 -0.685853
 980.000000 2.086069 -0.815426
 981.000000 2.001845 -0.656929
 982.000000 2.177871 -0.647952
 983.000000 2.099459 -0.593993
 984.000000 2.039581 -0.599298
 985.000000 2.040705 -0.672030
 986.000000 1.964451 -0.598420
 987.000000 2.004001 -0.640232
 988.000000 2.157886 -0.553788
 989.000000 2.088785 -0.625328
 990.000000 2.108414 -0.692163
 991.000000 2.095302 -0.723090
 992.000000 2.090950 -0.642507
 993.000000 2.132831 -0.594590
 994.000000 2.125556 -0.651300
 995.000000 2.011407 -0.557975
 996.000000 2.122185 -0.731068
 997.000000 2.151981 -0.703074
 998.000000 1.968426 -0.676780
 999.000000 2.024215 -0.733673
 1000.000000 2.139882 -0.755112
 1001.000000 2.128714 -0.681472
 1002.000000 2.135136 -0.611328
 1003.000000 2.200764 -0.567038
 1004.000000 2.069831 -0.701695
 1005.000000 1.984106 -0.670281
 1006.000000 2.229588 -0.661822
 1007.000000 2.079941 -0.636696
 1008.000000 2.194754 -0.644601
 1009.000000 1.957524 -0.742164
 1010.000000 2.145362 -0.710469
 1011.000000 2.124717 -0.690538
 1012.000000 2.095799 -0.682551
 1013.000000 2.073921 -0.698932
 1014.000000 2.113529 -0.667717
 1015.000000 2.161570 -0.697523
 1016.000000 2.069851 -0.636378
 1017.000000 2.162891 -0.733546
 1018.000000 2.132751 -0.702130
 1019.000000 2.111670 -0.680858
 1020.000000 1.940675 -0.678066
 1021.000000 2.044459 -0.585341
 1022.000000 2.013812 -0.649521
 1023.000000 2.109253 -0.693658
 1024.000000 2.093861 -0.633996
 1025.000000 2.075995 -0.687182
 1026.000000 2.036565 -0.777269
 1027.000000 2.106545 -0.717390
 1028.000000 2.054613 -0.644246
 1029.000000 2.009785 -0.572281
 1030.000000 2.096945 -0.697570
 1031.000000 2.136854 -0.703149
 1032.000000 2.215921 -0.533785
 1033.000000 2.192318 -0.646160
 1034.000000 2.043359 -0.753270
 1035.000000 2.060682 -0.745279
 1036.000000 2.030301 -0.598319
 1037.000000 2.062156 -0.657306
 1038.000000 2.197308 -0.653769
 1039.000000 2.153391 -0.649819
 1040.000000 2.194306 -0.533335
 1041.000000 2.032802 -0.656497
 1042.000000 2.089003 -0.649567
 1043.000000 2.008777 -0.726198
 1044.000000 1.990694 -0.667140
 1045.000000 2.162700 -0.815223
 1046.000000 2.076192 -0.749636
 1047.000000 2.073697 -0.696614
 1048.000000 2.036069 -0.655694
 1049.000000 2.061515 -0.648690
 1050.000000 2.216830 -0.731192
 1051.000000 2.103306 -0.742391
 1052.000000 2.084989 -0.715715
 1053.000000 2.073796 -0.652757
 1054.000000 2.049667 -0.696159
 1055.000000 2.230774 -0.719326
 1056.000000 2.103743 -0.614807
 1057.000000 2.198908 -0.660517
 1058.000000 2.139363 -0.639726
 1059.000000 2.074890 -0.642968
 1060.000000 2.043873 -0.729712
 1061.000000 2.027626 -0.647028
 1062.000000 2.151480 -0.645005
 1063.000000 2.160868 -0.627070
 1064.000000 2.050635 -0.704017
 1065.000000 2.040411 -0.828440
 1066.000000 2.033833 -0.714587
 1067.000000 2.156466 -0.683582
 1068.000000 2.237704 -0.759032
 1069.000000 2.100348 -0.710455
 1070.000000 2.046465 -0.645482
 1071.000000 2.013680 -0.612957
 1072.000000 2.054831 -0.545926
 1073.000000 2.224104 -0.673384
 1074.000000 2.103972 -0.673254
 1075.000000 2.126573 -0.614763
 1076.000000 2.099763 -0.634244
 1077.000000 1.982162 -0.692772
 1078.000000 2.084902 -0.710478
 1079.000000 2.047533 -0.591917
 1080.000000 2.000822 -0.612960
 1081.000000 2.050812 -0.702721
 1082.000000 2.100020 -0.593368
 1083.000000 2.086355 -0.712135
 1084.000000 2.083101 -0.602045
 1085.000000 2.099657 -0.822817
 1086.000000 2.216794 -0.708361
 1087.000000 2.150940 -0.651789
 1088.000000 2.149160 -0.679417
 1089.000000 2.144882 -0.744209
 1090.000000 2.041750 -0.604998
 1091.000000 2.121820 -0.648489
 1092.000000 2.186922 -0.612732
 1093.000000 2.099663 -0.682315
 1094.000000 2.053681 -0.646253
 1095.000000 2.007765 -0.632302
 1096.000000 1.966054 -0.753105
 1097.000000 2.075527 -0.672581
 1098.000000 2.047348 -0.704748
 1099.000000 2.032911 -0.634672
 1100.000000 2.074939 -0.631348
 1101.000000 2.013281 -0.739755
 1102.000000 2.000091 -0.573865
 1103.000000 2.081030 -0.703966
 1104.000000 2.028256 -0.653190
 1105.000000 2.067686 -0.669077
 1106.000000 2.074056 -0.715374
 1107.000000 2.066686 -0.697768
 1108.000000 2.112049 -0.662212
 1109.000000 2.003233 -0.666091
 1110.000000 2.041943 -0.671441
 1111.000000 2.024740 -0.546227
 1112.000000 2.132631 -0.648457
 1113.000000 2.127619 -0.636806
 1114.000000 2.076816 -0.689322
 1115.000000 2.154854 -0.696502
 1116.000000 2.156749 -0.629414
 1117.000000 2.110144 -0.664022
 1118.000000 2.085943 -0.612171
 1119.000000 2.009525 -0.638331
 1120.000000 2.154407 -0.686425
 1121.000000 2.214679 -0.587615
 1122.000000 2.152147 -0.698682
 1123.000000 2.082531 -0.670076
 1124.000000 2.112121 -0.616388
 1125.000000 2.090480 -0.649868
 1126.000000 2.152025 -0.657015
 1127.000000 2.095660 -0.644745
 1128.000000 2.137549 -0.656143
 1129.000000 2.157663 -0.740691
 1130.000000 2.124286 -0.664567
 1131.000000 1.994557 -0.690916
 1132.000000 2.097793 -0.698015
 1133.000000 2.089076 -0.673581
 1134.000000 2.207257 -0.590525
 1135.000000 2.174780 -0.787761
 1136.000000 2.095151 -0.593210
 1137.000000 2.084275 -0.671253
 1138.000000 1.972891 -0.646528
 1139.000000 2.075263 -0.531827
 1140.000000 2.108595 -0.656581
 1141.000000 1.985812 -0.540928
 1142.000000 2.018705 -0.604569
 1143.000000 2.025930 -0.718751
 1144.000000 1.986844 -0.675117
 1145.000000 1.969225 -0.754379
 1146.000000 2.085729 -0.678430
 1147.000000 2.035332 -0.688389
 1148.000000 2.088973 -0.707252
 1149.000000 2.093335 -0.588646
 1150.000000 2.112034 -0.688551
 1151.000000 2.158113 -0.601197
 1152.000000 2.055581 -0.634133
 1153.000000 2.135496 -0.762074
 1154.000000 2.156047 -0.556192
 1155.000000 2.044635 -0.640453
 1156.000000 2.053713 -0.649823
 1157.000000 2.157831 -0.671930
 1158.000000 2.093203 -0.729051
 1159.000000 2.108947 -0.690917
 1160.000000 2.177490 -0.699376
 1161.000000 2.140620 -0.601949
 1162.000000 2.135262 -0.693175
 1163.000000 2.122452 -0.649642
 1164.000000 2.108956 -0.640736
 1165.000000 2.234890 -0.639326
 1166.000000 2.008137 -0.572345
 1167.000000 2.113924 -0.641915
 1168.000000 2.082093 -0.657776
 1169.000000 2.177683 -0.608918
 1170.000000 2.122722 -0.648562
 1171.000000 2.041872 -0.627856
 1172.000000 2.019298 -0.643019
 1173.000000 2.113115 -0.667135
 1174.000000 2.075996 -0.577656
 1175.000000 2.177998 -0.644131
 1176.000000 2.254162 -0.668610
 1177.000000 2.137460 -0.716580
 1178.000000 2.114378 -0.589115
 1179.000000 2.131274 -0.725227
 1180.000000 2.050039 -0.625225
 1181.000000 1.997258 -0.620395
 1182.000000 2.061888 -0.452196
 1183.000000 2.036245 -0.539086
 1184.000000 2.032362 -0.606770
 1185.000000 2.072126 -0.517932
 1186.000000 2.079529 -0.608493
 1187.000000 2.103976 -0.703336
 1188.000000 2.096260 -0.657705
 1189.000000 2.109583 -0.676015
 1190.000000 2.024526 -0.652412
 1191.000000 2.083955 -0.533445
 1192.000000 2.068307 -0.638691
 1193.000000 2.106485 -0.629490
 1194.000000 1.972694 -0.618904
 1195.000000 2.031505 -0.570523
 1196.000000 2.062640 -0.622009
 1197.000000 2.074177 -0.667266
 1198.000000 2.085078 -0.686578
 1199.000000 1.997232 -0.644800
 1200.000000 2.004294 -0.639237
 1201.000000 2.114052 -0.687994
 1202.000000 2.077553 -0.725322
 1203.000000 2.015027 -0.611201
 1204.000000 2.134783 -0.647306
 1205.000000 2.177870 -0.619397
 1206.000000 2.131619 -0.630912
 1207.000000 2.110302 -0.688977
 1208.000000 2.072730 -0.623157
 1209.000000 2.084594 -0.705803
 1210.000000 2.089823 -0.686638
 1211.000000 2.029366 -0.662731
 1212.000000 2.076011 -0.671624
 1213.000000 2.095210 -0.630563
 1214.000000 2.176905 -0.602874
 1215.000000 2.160721 -0.613512
 1216.000000 2.098952 -0.611419
 1217.000000 2.067724 -0.707037
 1218.000000 2.145958 -0.708598
 1219.000000 2.089987 -0.672380
 1220.000000 2.121875 -0.600780
 1221.000000 2.115082 -0.545405
 1222.000000 2.138093 -0.683062
 1223.000000 1.931418 -0.702897
 1224.000000 2.060047 -0.695488
 1225.000000 2.036348 -0.579131
 1226.000000 2.065034 -0.637298
 1227.000000 2.025307 -0.638916
 1228.000000 2.025936 -0.553092
 1229.000000 2.155014 -0.587063
 1230.000000 2.051931 -0.606337
 1231.000000 2.102769 -0.570441
 1232.000000 2.030612 -0.640003
 1233.000000 2.119646 -0.739050
 1234.000000 2.119006 -0.539278
 1235.000000 2.036099 -0.625725
 1236.000000 2.002241 -0.639834
 1237.000000 2.128070 -0.509395
 1238.000000 2.116789 -0.746365
 1239.000000 2.067857 -0.707020
 1240.000000 2.083160 -0.629290
 1241.000000 2.078029 -0.713265
 1242.000000 2.059979 -0.719251
 1243.000000 2.151383 -0.636060
 1244.000000 2.052858 -0.592981
 1245.000000 2.134638 -0.678971
 1246.000000 2.111151 -0.585374
 1247.000000 1.993048 -0.604582
 1248.000000 2.074288 -0.640007
 1249.000000 2.117368 -0.581993
 1250.000000 2.074574 -0.621538
 1251.000000 2.212501 -0.574932
 1252.000000 2.107174 -0.649377
 1253.000000 2.007753 -0.717009
 1254.000000 2.100376 -0.728735
 1255.000000 2.124657 -0.624643
 1256.000000 2.078458 -0.686285
 1257.000000 2.195838 -0.708738
 1258.000000 2.042207 -0.666959
 1259.000000 2.073516 -0.662740
 1260.000000 2.116411 -0.737893
 1261.000000 2.074865 -0.625835
 1262.000000 2.061166 -0.702057
 1263.000000 2.069288 -0.676232
 1264.000000 2.082492 -0.737580
 1265.000000 2.004383 -0.777449
 1266.000000 1.975526 -0.717748
 1267.000000 2.171857 -0.705516
 1268.000000 2.004043 -0.599366
 1269.000000 2.013972 -0.636089
 1270.000000 2.113124 -0.681574
 1271.000000 2.071914 -0.674240
 1272.000000 2.054653 -0.662293
 1273.000000 2.113132 -0.575465
 1274.000000 2.035374 -0.552105
 1275.000000 2.127520 -0.649641
 1276.000000 2.058594 -0.688045
 1277.000000 1.995645 -0.692566
 1278.000000 2.202777 -0.648967
 1279.000000 2.223073 -0.662908
 1280.000000 2.064339 -0.717014
 1281.000000 2.099578 -0.620371
 1282.000000 2.095141 -0.693081
 1283.000000 2.150391 -0.663848
 1284.000000 2.125431 -0.725209
 1285.000000 2.127928 -0.622159
 1286.000000 2.059701 -0.765091
 1287.000000 2.003100 -0.633155
 1288.000000 2.122031 -0.679872
 1289.000000 2.122705 -0.583618
 1290.000000 2.069982 -0.653130
 1291.000000 2.079552 -0.655314
 1292.000000 2.059165 -0.618390
 1293.000000 2.106598 -0.688505
 1294.000000 2.166765 -0.605382
 1295.000000 2.086900 -0.673488
 1296.000000 2.098291 -0.637694
 1297.000000 2.037858 -0.653157
 1298.000000 2.110615 -0.617051
 1299.000000 2.038881 -0.729875
 1300.000000 2.012943 -0.585902
 1301.000000 2.073351 -0.576470
 1302.000000 2.025089 -0.649148
 1303.000000 2.029586 -0.671801
 1304.000000 2.100388 -0.711376
 1305.000000 2.174695 -0.666355
 1306.000000 2.086845 -0.765403
 1307.000000 2.041016 -0.670117
 1308.000000 2.197684 -0.698505
 1309.000000 2.100425 -0.666136
 1310.000000 2.198191 -0.732312
 1311.000000 2.146490 -0.700622
 1312.000000 2.101604 -0.668983
 1313.000000 2.086678 -0.730490
 1314.000000 2.089262 -0.731104
 1315.000000 2.144707 -0.680540
 1316.000000 2.102060 -0.670179
 1317.000000 2.193248 -0.620271
 1318.000000 2.029113 -0.587110
 1319.000000 2.046467 -0.665389
 1320.000000 2.093612 -0.631529
 1321.000000 2.105784 -0.620727
 1322.000000 2.106020 -0.627274
 1323.000000 2.157037 -0.681449
 1324.000000 2.044720 -0.667105
 1325.000000 2.117031 -0.739555
 1326.000000 2.061017 -0.599659
 1327.000000 2.069244 -0.666078
 1328.000000 2.152031 -0.706758
 1329.000000 2.058042 -0.595730
 1330.000000 2.117288 -0.597791
 1331.000000 2.271547 -0.639102
 1332.000000 2.131605 -0.576502
 1333.000000 2.146153 -0.630676
 1334.000000 2.103169 -0.668716
 1335.000000 2.054814 -0.613537
 1336.000000 2.043975 -0.591522
 1337.000000 2.042287 -0.633563
 1338.000000 2.194261 -0.658943
 1339.000000 2.112269 -0.631421
 1340.000000 2.042926 -0.656927
 1341.000000 2.193192 -0.635419
 1342.000000 2.064085 -0.705910
 1343.000000 2.112859 -0.658440
 1344.000000 2.206421 -0.631007
 1345.000000 2.125886 -0.709807
 1346.000000 2.158617 -0.763200
 1347.000000 2.112428 -0.723038
 1348.000000 2.073628 -0.659750
 1349.000000 2.001991 -0.689241
 1350.000000 2.035619 -0.690093
 1351.000000 2.098837 -0.723864
 1352.000000 2.100383 -0.685044
 1353.000000 2.161615 -0.677722
 1354.000000 2.217441 -0.556616
 1355.000000 2.134762 -0.568863
 1356.000000 2.097828 -0.564350
 1357.000000 2.168359 -0.672280
 1358.000000 2.141820 -0.721122
 1359.000000 2.068619 -0.752840
 1360.000000 1.977970 -0.781267
 1361.000000 2.092109 -0.741301
 1362.000000 2.040097 -0.723557
 1363.000000 2.138717 -0.682038
 1364.000000 2.135480 -0.680376
 1365.000000 2.006935 -0.575911
 1366.000000 2.108647 -0.732108
 1367.000000 2.137800 -0.616883
 1368.000000 2.038975 -0.700266
 1369.000000 2.104281 -0.622340
 1370.000000 1.989595 -0.606090
 1371.000000 2.085406 -0.666994
 1372.000000 2.067904 -0.570291
 1373.000000 2.130738 -0.733102
 1374.000000 2.099709 -0.715273
 1375.000000 1.969487 -0.583536
 1376.000000 2.059916 -0.663987
 1377.000000 2.167432 -0.598055
 1378.000000 2.190511 -0.581114
 1379.000000 2.062285 -0.588933
 1380.000000 2.169743 -0.542643
 1381.000000 1.967045 -0.563339
 1382.000000 2.104481 -0.595405
 1383.000000 2.033328 -0.658887
 1384.000000 2.044736 -0.667301
 1385.000000 2.083665 -0.598980
 1386.000000 2.067434 -0.656427
 1387.000000 2.106081 -0.664661
 1388.000000 2.154019 -0.714175
 1389.000000 2.154629 -0.686196
 1390.000000 2.025154 -0.642825
 1391.000000 2.000801 -0.641669
 1392.000000 2.144588 -0.671469
 1393.000000 2.026076 -0.718504
 1394.000000 2.090791 -0.691438
 1395.000000 2.092604 -0.658228
 1396.000000 2.113730 -0.590578
 1397.000000 2.034224 -0.594952
 1398.000000 2.104113 -0.680464
 1399.000000 2.209755 -0.581192
 1400.000000 2.117667 -0.683769
 1401.000000 1.974688 -0.630411
 1402.000000 2.046055 -0.607302
 1403.000000 2.027023 -0.605305
 1404.000000 1.984321 -0.635358
 1405.000000 1.995228 -0.707405
 1406.000000 2.019190 -0.621957
 1407.000000 2.093631 -0.632963
 1408.000000 2.063166 -0.802175
 1409.000000 2.054802 -0.661149
 1410.000000 2.161963 -0.647247
 1411.000000 2.161843 -0.590570
 1412.000000 2.020673 -0.705973
 1413.000000 2.005366 -0.636277
 1414.000000 2.124593 -0.664934
 1415.000000 2.040458 -0.722400
 1416.000000 2.070520 -0.643935
 1417.000000 2.140615 -0.564926
 1418.000000 2.118893 -0.602198
 1419.000000 2.082631 -0.695752
 1420.000000 2.099047 -0.640216
 1421.000000 2.048724 -0.602104
 1422.000000 2.076639 -0.679934
 1423.000000 2.056682 -0.682573
 1424.000000 2.057678 -0.580970
 1425.000000 2.098542 -0.612685
 1426.000000 2.060633 -0.647699
 1427.000000 2.106146 -0.669805
 1428.000000 2.094223 -0.515677
 1429.000000 1.988547 -0.637995
 1430.000000 2.094373 -0.582152
 1431.000000 2.014180 -0.648137
 1432.000000 2.144181 -0.622013
 1433.000000 2.052698 -0.577181
 1434.000000 2.020730 -0.576895
 1435.000000 2.026346 -0.651317
 1436.000000 2.041983 -0.682359
 1437.000000 1.957085 -0.607596
 1438.000000 2.017274 -0.701280
 1439.000000 2.086803 -0.723697
 1440.000000 2.062267 -0.644194
 1441.000000 2.210127 -0.667583
 1442.000000 2.130081 -0.573778
 1443.000000 2.108243 -0.727388
 1444.000000 2.190139 -0.670751
 1445.000000 2.158715 -0.658449
 1446.000000 2.127750 -0.675987
 1447.000000 1.886846 -0.666922
 1448.000000 2.018140 -0.615063
 1449.000000 2.118330 -0.619663
 1450.000000 2.007021 -0.677811
 1451.000000 1.956545 -0.729958
 1452.000000 1.948304 -0.708297
 1453.000000 2.057375 -0.637355
 1454.000000 2.048415 -0.645393
 1455.000000 1.945657 -0.719774
 1456.000000 1.969489 -0.671704
 1457.000000 2.080987 -0.632998
 1458.000000 2.132283 -0.733461
 1459.000000 2.152485 -0.704724
 1460.000000 2.132765 -0.693168
 1461.000000 2.090035 -0.565214
 1462.000000 2.031387 -0.579935
 1463.000000 2.091105 -0.613260
 1464.000000 2.069597 -0.589852
 1465.000000 2.089636 -0.731096
 1466.000000 2.175174 -0.658946
 1467.000000 2.090615 -0.669558
 1468.000000 2.027838 -0.634560
 1469.000000 2.050154 -0.657948
 1470.000000 2.154417 -0.659583
 1471.000000 2.040661 -0.789352
 1472.000000 2.061132 -0.747272
 1473.000000 2.186542 -0.698864
 1474.000000 2.162818 -0.642222
 1475.000000 2.122171 -0.660784
 1476.000000 2.131396 -0.599565
 1477.000000 2.111064 -0.587427
 1478.000000 2.048769 -0.712191
 1479.000000 2.098613 -0.728748
 1480.000000 2.093910 -0.612721
 1481.000000 2.088074 -0.700273
 1482.000000 2.095737 -0.627809
 1483.000000 2.091273 -0.721680
 1484.000000 2.102733 -0.677706
 1485.000000 2.076790 -0.720949
 1486.000000 2.071121 -0.736720
 1487.000000 2.137424 -0.634511
 1488.000000 2.093618 -0.562670
 1489.000000 2.053566 -0.722867
 1490.000000 2.075348 -0.620695
 1491.000000 2.047526 -0.722266
 1492.000000 2.157051 -0.722835
 1493.000000 2.106443 -0.727663
 1494.000000 2.016337 -0.647869
 1495.000000 2.147941 -0.634235
 1496.000000 2.066162 -0.619931
 1497.000000 2.148790 -0.588491
 1498.000000 2.082399 -0.636869
 1499.000000 2.111784 -0.646116
 1500.000000 2.074693 -0.637826
 1501.000000 2.106999 -0.649513
 1502.000000 2.081429 -0.653552
 1503.000000 2.091689 -0.515126
 1504.000000 2.072389 -0.620161
 1505.000000 2.007561 -0.676644
 1506.000000 2.159622 -0.585225
 1507.000000 2.057702 -0.697399
 1508.000000 2.035210 -0.563650
 1509.000000 2.103798 -0.617440
 1510.000000 2.033063 -0.593653
 1511.000000 2.069895 -0.638752
 1512.000000 2.108515 -0.630850
 1513.000000 2.156533 -0.739566
 1514.000000 1.998962 -0.627542
 1515.000000 2.019505 -0.452496
 1516.000000 2.159979 -0.653527
 1517.000000 2.129617 -0.642433
 1518.000000 2.119386 -0.675648
 1519.000000 2.052653 -0.613227
 1520.000000 2.050566 -0.607030
 1521.000000 1.993366 -0.615763
 1522.000000 1.997114 -0.629722
 1523.000000 2.045149 -0.666053
 1524.000000 2.151810 -0.641857
 1525.000000 2.181944 -0.703388
 1526.000000 1.965995 -0.621548
 1527.000000 2.130657 -0.682590
 1528.000000 2.036293 -0.640419
 1529.000000 2.072224 -0.658453
 1530.000000 2.117531 -0.730850
 1531.000000 2.040814 -0.606511
 1532.000000 2.135530 -0.594607
 1533.000000 2.088638 -0.651555
 1534.000000 2.103143 -0.631413
 1535.000000 1.971206 -0.670024
 1536.000000 2.034924 -0.696747
 1537.000000 2.063794 -0.678597
 1538.000000 2.187284 -0.627652
 1539.000000 2.097914 -0.732988
 1540.000000 1.960927 -0.679781
 1541.000000 2.122543 -0.632877
 1542.000000 2.153241 -0.677028
 1543.000000 2.107753 -0.679053
 1544.000000 2.007479 -0.708639
 1545.000000 2.112376 -0.689585
 1546.000000 2.030840 -0.607153
 1547.000000 2.087501 -0.562148
 1548.000000 2.024173 -0.599596
 1549.000000 1.926265 -0.572942
 1550.000000 1.959320 -0.704856
 1551.000000 2.032543 -0.595917
 1552.000000 2.062719 -0.640071
 1553.000000 2.072960 -0.723628
 1554.000000 2.014151 -0.582728
 1555.000000 1.973539 -0.545324
 1556.000000 2.180990 -0.642884
 1557.000000 2.092271 -0.618971
 1558.000000 2.018628 -0.680849
 1559.000000 2.052727 -0.652531
 1560.000000 2.102040 -0.603337
 1561.000000 2.122690 -0.582666
 1562.000000 1.946622 -0.627076
 1563.000000 2.080207 -0.649821
 1564.000000 2.058355 -0.722614
 1565.000000 1.877012 -0.595767
 1566.000000 2.113237 -0.681641
 1567.000000 2.094632 -0.604054
 1568.000000 2.085352 -0.730577
 1569.000000 2.112221 -0.694383
 1570.000000 2.056082 -0.655008
 1571.000000 2.062445 -0.616521
 1572.000000 2.042703 -0.606616
 1573.000000 2.091702 -0.669247
 1574.000000 2.141447 -0.667602
 1575.000000 2.087558 -0.612127
 1576.000000 2.133577 -0.576902
 1577.000000 2.184535 -0.589129
 1578.000000 2.043796 -0.666717
 1579.000000 2.111005 -0.692696
 1580.000000 2.099452 -0.647386
 1581.000000 2.093085 -0.611006
 1582.000000 2.111807 -0.655866
 1583.000000 2.038919 -0.649808
 1584.000000 2.087707 -0.701360
 1585.000000 2.045826 -0.725410
 1586.000000 2.119324 -0.627728
 1587.000000 2.098056 -0.647624
 1588.000000 2.013688 -0.619780
 1589.000000 2.069124 -0.696896
 1590.000000 2.194459 -0.609737
 1591.000000 2.143700 -0.633242
 1592.000000 2.187007 -0.686715
 1593.000000 2.067510 -0.587589
 1594.000000 2.094198 -0.721487
 1595.000000 2.014693 -0.640954
 1596.000000 2.052056 -0.641982
 1597.000000 2.046662 -0.723541
 1598.000000 2.023187 -0.627845
 1599.000000 2.096070 -0.670947
 1600.000000 2.107477 -0.620807
 1601.000000 1.971465 -0.561634
 1602.000000 2.093231 -0.634006
 1603.000000 2.118238 -0.553044
 1604.000000 2.052368 -0.597629
 1605.000000 2.125769 -0.669462
 1606.000000 2.101922 -0.667392
 1607.000000 2.100713 -0.638728
 1608.000000 2.067299 -0.690559
 1609.000000 2.068709 -0.674918
 1610.000000 2.104873 -0.714824
 1611.000000 2.064017 -0.634094
 1612.000000 2.012211 -0.675116
 1613.000000 2.043030 -0.645867
 1614.000000 2.108810 -0.731964
 1615.000000 2.182687 -0.715509
 1616.000000 2.080894 -0.731648
 1617.000000 2.051924 -0.758333
 1618.000000 2.138612 -0.713867
 1619.000000 2.067625 -0.647877
 1620.000000 2.064407 -0.676912
 1621.000000 2.095570 -0.718617
 1622.000000 2.097945 -0.694891
 1623.000000 2.050986 -0.720255
 1624.000000 2.161054 -0.623602
 1625.000000 2.091458 -0.643303
 1626.000000 2.122470 -0.691747
 1627.000000 2.075690 -0.590232
 1628.000000 1.952776 -0.700694
 1629.000000 2.068553 -0.642246
 1630.000000 1.988473 -0.683037
 1631.000000 2.113755 -0.737788
 1632.000000 2.110233 -0.556177
 1633.000000 2.041732 -0.613650
 1634.000000 2.135082 -0.656172
 1635.000000 2.156900 -0.607345
 1636.000000 2.134789 -0.644677
 1637.000000 2.135954 -0.595139
 1638.000000 2.127676 -0.677329
 1639.000000 2.120658 -0.651437
 1640.000000 2.164428 -0.677521
 1641.000000 2.104094 -0.690333
 1642.000000 2.060765 -0.667006
 1643.000000 2.124920 -0.558751
 1644.000000 2.079533 -0.736133
 1645.000000 2.119766 -0.748577
 1646.000000 2.142919 -0.644037
 1647.000000 2.068205 -0.749639
 1648.000000 2.125458 -0.638461
 1649.000000 2.087671 -0.783684
 1650.000000 2.117257 -0.691983
 1651.000000 2.044967 -0.620727
 1652.000000 2.095360 -0.708214
 1653.000000 1.977051 -0.748757
 1654.000000 2.108993 -0.672523
 1655.000000 1.992215 -0.728243
 1656.000000 2.047034 -0.624966
 1657.000000 1.993852 -0.645367
 1658.000000 2.129964 -0.579889
 1659.000000 2.024194 -0.690709
 1660.000000 2.051353 -0.626884
 1661.000000 2.077234 -0.636181
 1662.000000 2.026267 -0.674906
 1663.000000 2.144081 -0.688487
 1664.000000 2.109494 -0.683458
 1665.000000 2.060367 -0.689991
 1666.000000 2.204831 -0.681965
 1667.000000 2.117925 -0.706465
 1668.000000 2.058081 -0.656745
 1669.000000 2.105985 -0.630775
 1670.000000 2.063618 -0.627987
 1671.000000 2.145190 -0.632606
 1672.000000 2.032204 -0.588080
 1673.000000 2.143519 -0.634642
 1674.000000 2.101732 -0.662131
 1675.000000 2.150049 -0.701561
 1676.000000 2.103777 -0.582705
 1677.000000 2.020317 -0.639739
 1678.000000 2.055526 -0.685781
 1679.000000 2.007046 -0.706066
 1680.000000 2.113855 -0.681228
 1681.000000 2.103741 -0.656940
 1682.000000 1.982634 -0.705279
 1683.000000 2.069556 -0.690333
 1684.000000 2.035384 -0.715783
 1685.000000 2.081744 -0.641318
 1686.000000 2.135832 -0.650558
 1687.000000 2.068015 -0.698222
 1688.000000 2.156032 -0.617202
 1689.000000 2.085480 -0.660279
 1690.000000 2.081684 -0.750514
 1691.000000 1.998924 -0.659652
 1692.000000 2.055575 -0.754228
 1693.000000 2.019079 -0.678240
 1694.000000 2.091929 -0.632117
 1695.000000 2.053686 -0.593694
 1696.000000 2.231814 -0.581433
 1697.000000 2.108569 -0.594050
 1698.000000 1.979697 -0.658629
 1699.000000 2.094065 -0.624402
 1700.000000 2.084329 -0.608963
 1701.000000 2.120893 -0.660358
 1702.000000 2.174377 -0.711716
 1703.000000 2.128068 -0.646800
 1704.000000 1.994771 -0.659087
 1705.000000 2.109035 -0.674474
 1706.000000 2.034943 -0.617119
 1707.000000 2.074703 -0.636964
 1708.000000 2.156934 -0.669072
 1709.000000 1.981188 -0.715834
 1710.000000 2.124821 -0.580266
 1711.000000 2.107573 -0.640371
 1712.000000 2.114079 -0.637869
 1713.000000 2.056294 -0.616530
 1714.000000 2.062523 -0.610831
 1715.000000 2.141311 -0.687483
 1716.000000 2.187342 -0.708940
 1717.000000 2.069202 -0.646470
 1718.000000 1.996576 -0.631817
 1719.000000 2.068017 -0.614253
 1720.000000 2.086490 -0.595894
 1721.000000 2.101708 -0.677447
 1722.000000 2.032869 -0.645338
 1723.000000 1.999458 -0.675013
 1724.000000 2.155189 -0.591401
 1725.000000 2.072265 -0.727136
 1726.000000 1.963340 -0.672067
 1727.000000 2.080219 -0.646704
 1728.000000 1.969171 -0.652041
 1729.000000 2.118398 -0.649355
 1730.000000 2.084991 -0.657007
 1731.000000 2.040741 -0.683819
 1732.000000 2.063869 -0.685164
 1733.000000 2.124420 -0.592417
 1734.000000 1.996803 -0.668095
 1735.000000 2.097696 -0.723345
 1736.000000 1.975404 -0.697194
 1737.000000 2.117365 -0.718368
 1738.000000 2.077194 -0.668866
 1739.000000 2.183734 -0.684004
 1740.000000 2.075336 -0.753254
 1741.000000 2.164260 -0.637564
 1742.000000 2.122146 -0.664655
 1743.000000 2.118840 -0.598944
 1744.000000 2.123252 -0.743399
 1745.000000 1.953391 -0.684503
 1746.000000 1.985170 -0.547414
 1747.000000 2.135753 -0.702815
 1748.000000 2.004980 -0.653682
 1749.000000 2.076694 -0.632083
 1750.000000 2.074186 -0.760092
 1751.000000 2.063016 -0.669389
 1752.000000 2.068159 -0.650815
 1753.000000 2.026917 -0.720576
 1754.000000 2.003966 -0.688933
 1755.000000 2.004945 -0.685020
 1756.000000 2.005297 -0.755093
 1757.000000 2.054850 -0.673045
 1758.000000 1.947277 -0.667718
 1759.000000 2.075106 -0.793591
 1760.000000 2.041887 -0.703860
 1761.000000 2.104300 -0.686227
 1762.000000 2.093490 -0.682013
 1763.000000 1.964593 -0.702097
 1764.000000 2.021509 -0.712150
 1765.000000 2.027525 -0.693498
 1766.000000 2.039809 -0.654246
 1767.000000 2.021235 -0.616112
 1768.000000 2.101176 -0.718866
 1769.000000 2.046565 -0.729604
 1770.000000 2.023191 -0.696514
 1771.000000 2.032324 -0.664878
 1772.000000 1.973257 -0.777995
 1773.000000 2.051738 -0.566198
 1774.000000 1.972105 -0.663895
 1775.000000 2.005786 -0.608668
 1776.000000 2.175516 -0.662981
 1777.000000 2.137426 -0.697868
 1778.000000 2.188228 -0.535750
 1779.000000 2.184114 -0.669278
 1780.000000 2.125868 -0.687345
 1781.000000 2.135054 -0.618463
 1782.000000 2.163460 -0.581687
 1783.000000 2.053534 -0.558957
 1784.000000 2.076074 -0.735461
 1785.000000 2.063877 -0.543783
 1786.000000 1.997990 -0.727588
 1787.000000 2.011926 -0.644904
 1788.000000 2.064997 -0.524335
 1789.000000 2.111507 -0.691921
 1790.000000 2.061822 -0.687779
 1791.000000 1.993083 -0.723021
 1792.000000 2.144352 -0.687399
 1793.000000 2.033951 -0.605850
 1794.000000 2.080451 -0.702091
 1795.000000 2.039578 -0.655354
 1796.000000 2.074094 -0.679846
 1797.000000 2.136764 -0.675349
 1798.000000 2.037148 -0.704896
 1799.000000 2.036347 -0.639849
 1800.000000 2.012092 -0.641599
 1801.000000 2.104156 -0.704602
 1802.000000 1.990768 -0.670741
 1803.000000 2.075103 -0.781110
 1804.000000 2.100892 -0.556187
 1805.000000 2.119970 -0.684605
 1806.000000 2.068594 -0.699448
 1807.000000 1.923454 -0.693548
 1808.000000 2.102946 -0.669793
 1809.000000 2.073391 -0.649866
 1810.000000 2.034030 -0.692666
 1811.000000 2.056365 -0.677453
 1812.000000 2.072437 -0.705654
 1813.000000 2.012468 -0.665076
 1814.000000 2.072049 -0.649295
 1815.000000 2.055396 -0.688075
 1816.000000 2.110437 -0.587033
 1817.000000 2.015548 -0.596863
 1818.000000 2.148194 -0.650652
 1819.000000 1.980725 -0.681030
 1820.000000 2.102034 -0.583309
 1821.000000 2.072731 -0.732518
 1822.000000 2.056156 -0.672029
 1823.000000 2.094534 -0.735725
 1824.000000 2.006232 -0.740302
 1825.000000 2.135097 -0.644643
 1826.000000 2.039977 -0.680973
 1827.000000 2.096138 -0.689479
 1828.000000 2.109478 -0.672087
 1829.000000 1.985736 -0.623992
 1830.000000 2.047127 -0.629682
 1831.000000 2.176549 -0.630296
 1832.000000 2.153892 -0.718547
 1833.000000 2.063387 -0.625161
 1834.000000 2.130525 -0.717008
 1835.000000 2.036416 -0.568287
 1836.000000 2.140693 -0.694128
 1837.000000 2.111341 -0.596131
 1838.000000 2.110226 -0.604932
 1839.000000 2.126197 -0.690744
 1840.000000 2.099915 -0.616612
 1841.000000 2.139141 -0.638781
 1842.000000 2.097559 -0.643305
 1843.000000 2.082633 -0.511459
 1844.000000 2.038045 -0.553757
 1845.000000 2.075299 -0.734184
 1846.000000 2.033151 -0.770322
 1847.000000 2.064745 -0.627496
 1848.000000 2.003191 -0.648202
 1849.000000 2.136985 -0.647673
 1850.000000 2.090107 -0.623039
 1851.000000 2.169625 -0.611391
 1852.000000 2.028249 -0.668915
 1853.000000 1.976703 -0.574571
 1854.000000 2.057447 -0.541903
 1855.000000 2.060930 -0.672751
 1856.000000 1.991057 -0.683115
 1857.000000 2.215320 -0.699286
 1858.000000 2.068240 -0.683636
 1859.000000 1.967909 -0.718760
 1860.000000 2.076753 -0.696053
 1861.000000 2.091711 -0.572249
 1862.000000 2.061973 -0.589906
 1863.000000 2.067793 -0.625868
 1864.000000 2.160863 -0.710450
 1865.000000 2.043539 -0.707441
 1866.000000 2.070700 -0.637454
 1867.000000 1.983586 -0.567139
 1868.000000 2.014389 -0.627493
 1869.000000 2.119582 -0.627056
 1870.000000 2.067236 -0.670026
 1871.000000 2.131124 -0.622025
 1872.000000 2.089203 -0.705336
 1873.000000 2.176978 -0.583882
 1874.000000 2.161720 -0.655827
 1875.000000 2.078638 -0.735693
 1876.000000 2.061187 -0.697072
 1877.000000 2.088575 -0.616427
 1878.000000 2.076856 -0.615138
 1879.000000 2.090497 -0.617409
 1880.000000 2.071650 -0.499993
 1881.000000 2.036797 -0.616115
 1882.000000 2.047850 -0.617509
 1883.000000 2.123435 -0.615804
 1884.000000 2.133245 -0.538240
 1885.000000 2.082544 -0.569529
 1886.000000 2.083988 -0.631417
 1887.000000 2.100173 -0.743165
 1888.000000 2.114575 -0.614350
 1889.000000 2.111906 -0.691267
 1890.000000 2.157747 -0.582433
 1891.000000 2.077419 -0.686455
 1892.000000 2.050654 -0.646434
 1893.000000 2.148283 -0.554884
 1894.000000 2.019337 -0.685102
 1895.000000 2.033180 -0.630140
 1896.000000 2.064584 -0.651850
 1897.000000 2.134591 -0.642190
 1898.000000 2.057210 -0.600933
 1899.000000 2.032075 -0.579581
 1900.000000 2.086261 -0.594723
 1901.000000 2.018880 -0.687811
 1902.000000 2.114414 -0.626483
 1903.000000 2.167971 -0.702550
 1904.000000 2.112480 -0.683675
 1905.000000 2.150224 -0.651893
 1906.000000 2.117559 -0.628063
 1907.000000 2.085154 -0.543289
 1908.000000 2.171130 -0.594445
 1909.000000 1.986651 -0.619370
 1910.000000 2.032011 -0.592076
 1911.000000 2.024708 -0.646379
 1912.000000 2.062623 -0.594787
 1913.000000 2.056238 -0.759040
 1914.000000 2.082975 -0.704004
 1915.000000 2.115031 -0.719471
 1916.000000 2.070944 -0.656079
 1917.000000 2.016555 -0.601859
 1918.000000 1.972122 -0.673871
 1919.000000 2.106299 -0.738078
 1920.000000 2.163706 -0.685066
 1921.000000 2.172928 -0.646388
 1922.000000 2.125062 -0.561907
 1923.000000 2.129766 -0.638833
 1924.000000 2.043434 -0.654605
 1925.000000 2.111335 -0.690109
 1926.000000 2.144062 -0.607199
 1927.000000 2.005130 -0.595676
 1928.000000 2.095295 -0.646948
 1929.000000 2.175871 -0.602454
 1930.000000 2.132794 -0.712501
 1931.000000 2.070955 -0.670262
 1932.000000 2.118110 -0.711691
 1933.000000 2.125483 -0.710822
 1934.000000 2.023476 -0.555085
 1935.000000 2.125566 -0.665374
 1936.000000 2.115084 -0.671825
 1937.000000 2.218698 -0.613171
 1938.000000 2.101814 -0.634757
 1939.000000 2.089689 -0.589794
 1940.000000 2.101158 -0.635448
 1941.000000 2.022522 -0.681071
 1942.000000 2.049401 -0.545186
 1943.000000 2.073551 -0.649756
 1944.000000 2.015472 -0.663380
 1945.000000 1.994718 -0.583207
 1946.000000 1.969798 -0.557217
 1947.000000 2.041277 -0.742952
 1948.000000 2.063443 -0.603444
 1949.000000 2.141202 -0.550558
 1950.000000 2.107283 -0.640326
 1951.000000 2.077390 -0.596691
 1952.000000 2.048737 -0.618212
 1953.000000 2.075368 -0.628714
 1954.000000 2.070635 -0.637633
 1955.000000 2.117402 -0.652507
 1956.000000 2.080323 -0.548420
 1957.000000 2.073910 -0.645571
 1958.000000 2.099569 -0.739363
 1959.000000 2.055402 -0.634078
 1960.000000 2.138225 -0.614135
 1961.000000 2.159873 -0.701185
 1962.000000 2.056731 -0.695799
 1963.000000 2.066064 -0.677840
 1964.000000 2.146029 -0.665290
 1965.000000 2.035380 -0.679995
 1966.000000 2.083911 -0.692813
 1967.000000 1.987650 -0.663002
 1968.000000 2.060022 -0.683739
 1969.000000 2.021609 -0.706548
 1970.000000 2.055684 -0.596107
 1971.000000 2.139449 -0.689678
 1972.000000 2.023997 -0.615217
 1973.000000 2.038562 -0.613976
 1974.000000 1.967939 -0.537862
 1975.000000 2.226992 -0.510941
 1976.000000 2.047392 -0.625290
 1977.000000 2.152713 -0.635974
 1978.000000 2.129810 -0.680388
 1979.000000 2.130343 -0.708101
 1980.000000 2.106597 -0.597173
 1981.000000 2.042319 -0.695427
 1982.000000 2.053811 -0.749288
 1983.000000 2.117032 -0.708792
 1984.000000 2.009599 -0.642087
 1985.000000 1.999936 -0.652981
 1986.000000 1.970884 -0.677274
 1987.000000 2.074647 -0.630132
 1988.000000 2.066398 -0.648805
 1989.000000 2.033868 -0.671639
 1990.000000 2.138657 -0.705788
 1991.000000 2.081932 -0.763348
 1992.000000 2.203991 -0.696977
 1993.000000 2.058780 -0.596365
 1994.000000 2.028759 -0.579196
 1995.000000 2.046677 -0.662620
 1996.000000 2.034841 -0.702884
 1997.000000 2.044181 -0.646182
 1998.000000 1.980138 -0.669514
 1999.000000 2.034468 -0.707409
 2000.000000 2.207007 -0.699196
 2001.000000 2.158510 -0.616948
 2002.000000 2.128228 -0.763549
 2003.000000 2.201007 -0.676961
 2004.000000 2.113622 -0.663214
 2005.000000 2.027226 -0.655297
 2006.000000 2.231153 -0.593744
 2007.000000 2.078556 -0.737660
 2008.000000 2.035744 -0.760225
 2009.000000 2.005507 -0.728247
 2010.000000 1.993655 -0.657953
 2011.000000 1.978398 -0.714766
 2012.000000 2.023288 -0.607906
 2013.000000 1.987357 -0.697663
 2014.000000 2.034324 -0.602087
 2015.000000 2.027606 -0.658274
 2016.000000 2.202300 -0.607060
 2017.000000 2.047636 -0.712600
 2018.000000 2.015914 -0.730198
 2019.000000 1.986092 -0.666704
 2020.000000 2.155800 -0.707504
 2021.000000 2.130341 -0.619868
 2022.000000 2.121038 -0.598391
 2023.000000 2.132998 -0.634590
 2024.000000 2.066067 -0.742350
 2025.000000 2.063121 -0.702960
 2026.000000 2.130157 -0.646677
 2027.000000 2.083096 -0.698903
 2028.000000 2.144228 -0.758791
 2029.000000 2.167455 -0.528262
 2030.000000 2.091756 -0.680391
 2031.000000 2.036656 -0.592366
 2032.000000 2.080381 -0.556690
 2033.000000 2.238394 -0.651053
 2034.000000 1.989601 -0.600002
 2035.000000 2.167920 -0.738891
 2036.000000 1.996718 -0.717432
 2037.000000 2.132025 -0.648644
 2038.000000 2.069196 -0.627771
 2039.000000 2.128254 -0.712946
 2040.000000 2.132433 -0.719874
 2041.000000 2.038774 -0.672516
 2042.000000 2.169505 -0.652405
 2043.000000 2.165199 -0.721180
 2044.000000 2.168362 -0.684451
 2045.000000 2.045918 -0.561964
 2046.000000 2.059784 -0.628975
 2047.000000 2.117958 -0.671416
 2048.000000 2.075253 -0.644214
 2049.000000 2.095647 -0.665733
 2050.000000 2.145153 -0.703215
 2051.000000 2.217412 -0.685479
 2052.000000 2.126060 -0.686707
 2053.000000 2.054559 -0.740461
 2054.000000 2.093888 -0.655056
 2055.000000 2.191325 -0.742944
 2056.000000 2.129813 -0.718960
 2057.000000 2.104277 -0.716520
 2058.000000 1.959737 -0.636328
 2059.000000 1.985577 -0.711280
 2060.000000 1.968156 -0.642191
 2061.000000 2.134855 -0.613757
 2062.000000 2.052616 -0.721640
 2063.000000 2.033796 -0.646690
 2064.000000 2.007722 -0.643263
 2065.000000 1.963451 -0.623885
 2066.000000 2.001094 -0.655845
 2067.000000 1.952198 -0.655849
 2068.000000 2.067237 -0.617921
 2069.000000 1.945206 -0.705584
 2070.000000 2.072202 -0.688208
 2071.000000 2.156059 -0.724249
 2072.000000 2.042560 -0.644961
 2073.000000 2.122128 -0.679240
 2074.000000 2.078495 -0.667924
 2075.000000 2.043465 -0.720162
 2076.000000 2.039906 -0.705861
 2077.000000 2.012678 -0.625335
 2078.000000 2.006918 -0.591358
 2079.000000 2.103753 -0.675820
 2080.000000 2.041498 -0.612045
 2081.000000 2.039036 -0.708376
 2082.000000 2.094880 -0.701042
 2083.000000 2.166368 -0.623934
 2084.000000 2.078624 -0.774615
 2085.000000 2.021290 -0.673960
 2086.000000 2.036471 -0.776013
 2087.000000 2.142455 -0.649549
 2088.000000 2.016976 -0.579698
 2089.000000 2.061346 -0.725173
 2090.000000 2.061731 -0.657327
 2091.000000 2.032268 -0.766421
 2092.000000 1.963758 -0.575497
 2093.000000 2.150857 -0.630786
 2094.000000 2.024916 -0.642576
 2095.000000 2.073667 -0.717532
 2096.000000 1.951932 -0.673398
 2097.000000 1.963442 -0.640213
 2098.000000 2.001736 -0.683414
 2099.000000 2.052756 -0.683512
 2100.000000 2.017701 -0.664022
 2101.000000 1.988931 -0.668428
 2102.000000 2.032606 -0.670791
 2103.000000 2.155638 -0.678248
 2104.000000 2.092052 -0.658441
 2105.000000 2.127081 -0.646792
 2106.000000 2.222176 -0.591025
 2107.000000 2.049989 -0.663194
 2108.000000 2.090089 -0.584422
 2109.000000 2.100803 -0.766294
 2110.000000 2.031035 -0.678892
 2111.000000 2.065011 -0.653326
 2112.000000 2.061604 -0.754063
 2113.000000 2.159614 -0.709231
 2114.000000 2.137089 -0.679120
 2115.000000 2.160526 -0.693095
 2116.000000 2.047094 -0.726256
 2117.000000 2.038112 -0.626825
 2118.000000 2.103097 -0.589634
 2119.000000 2.115620 -0.628123
 2120.000000 2.060194 -0.696984
 2121.000000 2.197241 -0.620227
 2122.000000 2.012626 -0.725393
 2123.000000 2.007943 -0.578909
 2124.000000 1.980879 -0.624489
 2125.000000 2.203667 -0.683316
 2126.000000 2.010565 -0.645796
 2127.000000 2.103878 -0.628652
 2128.000000 2.009207 -0.627346
 2129.000000 2.031335 -0.603900
 2130.000000 1.958285 -0.658454
 2131.000000 2.019990 -0.690041
 2132.000000 2.107028 -0.670374
 2133.000000 2.015164 -0.627373
 2134.000000 2.059608 -0.675070
 2135.000000 2.036673 -0.748918
 2136.000000 1.998750 -0.735428
 2137.000000 1.993180 -0.622299
 2138.000000 2.033667 -0.667415
 2139.000000 1.967992 -0.583594
 2140.000000 2.071411 -0.686164
 2141.000000 1.907323 -0.685700
 2142.000000 2.049183 -0.658793
 2143.000000 2.042205 -0.654619
 2144.000000 2.047578 -0.655227
 2145.000000 2.000306 -0.540034
 2146.000000 2.105684 -0.558825
 2147.000000 2.152563 -0.692118
 2148.000000 2.066245 -0.674122
 2149.000000 2.104315 -0.681846
 2150.000000 2.036635 -0.626584
 2151.000000 2.019473 -0.731339
 2152.000000 2.096752 -0.629414
 2153.000000 2.052200 -0.703779
 2154.000000 2.127366 -0.714812
 2155.000000 2.085694 -0.688109
 2156.000000 2.033023 -0.761978
 2157.000000 2.055603 -0.710380
 2158.000000 2.135165 -0.663605
 2159.000000 2.015634 -0.690771
 2160.000000 2.134234 -0.652114
 2161.000000 1.969498 -0.685835
 2162.000000 1.932100 -0.676380
 2163.000000 2.193931 -0.661763
 2164.000000 2.026495 -0.678218
 2165.000000 1.996197 -0.692551
 2166.000000 2.041313 -0.678081
 2167.000000 2.107469 -0.692075
 2168.000000 2.099212 -0.777597
 2169.000000 2.014149 -0.724845
 2170.000000 2.073576 -0.730463
 2171.000000 2.020180 -0.684386
 2172.000000 2.043760 -0.726247
 2173.000000 2.093826 -0.723607
 2174.000000 2.158719 -0.682470
 2175.000000 2.133756 -0.689704
 2176.000000 1.957464 -0.732814
 2177.000000 2.052112 -0.713564
 2178.000000 2.096244 -0.646299
 2179.000000 2.118349 -0.549455
 2180.000000 2.059130 -0.676346
 2181.000000 2.169037 -0.696641
 2182.000000 2.021838 -0.664412
 2183.000000 2.062580 -0.689049
 2184.000000 2.137357 -0.642431
 2185.000000 2.193176 -0.695950
 2186.000000 2.096799 -0.608948
 2187.000000 2.175545 -0.660949
 2188.000000 2.068683 -0.632307
 2189.000000 2.181884 -0.719933
 2190.000000 1.984947 -0.631650
 2191.000000 2.063887 -0.666764
 2192.000000 2.047064 -0.690192
 2193.000000 2.064671 -0.660402
 2194.000000 2.169527 -0.572006
 2195.000000 2.020010 -0.634706
 2196.000000 2.027653 -0.659812
 2197.000000 2.121350 -0.647621
 2198.000000 2.134395 -0.718396
 2199.000000 2.078483 -0.582610
 2200.000000 2.128248 -0.576064
 2201.000000 2.032067 -0.739819
 2202.000000 2.141018 -0.739538
 2203.000000 2.099106 -0.748042
 2204.000000 2.079339 -0.703918
 2205.000000 1.995629 -0.698719
 2206.000000 2.181322 -0.684616
 2207.000000 2.099733 -0.720791
 2208.000000 2.175734 -0.557666
 2209.000000 2.116144 -0.653118
 2210.000000 2.113981 -0.643726
 2211.000000 2.034688 -0.614705
 2212.000000 2.140332 -0.633464
 2213.000000 2.109192 -0.674027
 2214.000000 2.123912 -0.703867
 2215.000000 2.047314 -0.670181
 2216.000000 2.013733 -0.542988
 2217.000000 2.090700 -0.620406
 2218.000000 2.065990 -0.646338
 2219.000000 2.171244 -0.605682
 2220.000000 2.068075 -0.689648
 2221.000000 2.149656 -0.689239
 2222.000000 2.088629 -0.652858
 2223.000000 2.134024 -0.740488
 2224.000000 2.124935 -0.697366
 2225.000000 2.149191 -0.685888
 2226.000000 1.993672 -0.666442
 2227.000000 2.153906 -0.565974
 2228.000000 2.076640 -0.623831
 2229.000000 2.111030 -0.728401
 2230.000000 2.093700 -0.639722
 2231.000000 2.050732 -0.743416
 2232.000000 2.045283 -0.659329
 2233.000000 2.101806 -0.612018
 2234.000000 1.977050 -0.689929
 2235.000000 2.027881 -0.625444
 2236.000000 2.107617 -0.659526
 2237.000000 2.061452 -0.691911
 2238.000000 1.973367 -0.680377
 2239.000000 1.892666 -0.729045
 2240.000000 2.112385 -0.688546
 2241.000000 2.052746 -0.714482
 2242.000000 2.060512 -0.619552
 2243.000000 2.028637 -0.616199
 2244.000000 2.087226 -0.631166
 2245.000000 2.060011 -0.673476
 2246.000000 1.874981 -0.636636
 2247.000000 2.035054 -0.592455
 2248.000000 2.031854 -0.703837
 2249.000000 1.977589 -0.602657
 2250.000000 1.980110 -0.580968
 2251.000000 2.001230 -0.704040
 2252.000000 2.075042 -0.641705
 2253.000000 2.099789 -0.787468
 2254.000000 2.087554 -0.657008
 2255.000000 2.091658 -0.582498
 2256.000000 2.008911 -0.722637
 2257.000000 2.056541 -0.704732
 2258.000000 2.072142 -0.602250
 2259.000000 2.177989 -0.636429
 2260.000000 2.079204 -0.660532
 2261.000000 2.110885 -0.665382
 2262.000000 2.051669 -0.704702
 2263.000000 2.045963 -0.769720
 2264.000000 1.984100 -0.607439
 2265.000000 2.060677 -0.684775
 2266.000000 2.072360 -0.679557
 2267.000000 1.982375 -0.596578
 2268.000000 2.085909 -0.654623
 2269.000000 2.082415 -0.711971
 2270.000000 1.979092 -0.692398
 2271.000000 1.933284 -0.640033
 2272.000000 1.971996 -0.652647
 2273.000000 2.056786 -0.529144
 2274.000000 2.031818 -0.721351
 2275.000000 2.133035 -0.633510
 2276.000000 2.137528 -0.774338
 2277.000000 2.109141 -0.636774
 2278.000000 2.048701 -0.676897
 2279.000000 2.044814 -0.649663
 2280.000000 1.976248 -0.703622
 2281.000000 2.039579 -0.702128
 2282.000000 2.063925 -0.664567
 2283.000000 2.026344 -0.579902
 2284.000000 2.057742 -0.613051
 2285.000000 2.061370 -0.724703
 2286.000000 1.978727 -0.745555
 2287.000000 2.038899 -0.609806
 2288.000000 2.006136 -0.656335
 2289.000000 2.101268 -0.604152
 2290.000000 2.242195 -0.632668
 2291.000000 2.079391 -0.661500
 2292.000000 2.056599 -0.636375
 2293.000000 2.109847 -0.565087
 2294.000000 2.093854 -0.653781
 2295.000000 2.115956 -0.594213
 2296.000000 2.054737 -0.696210
 2297.000000 1.980129 -0.701008
 2298.000000 2.124421 -0.659795
 2299.000000 2.046580 -0.701671
 2300.000000 2.039153 -0.620713
 2301.000000 2.053286 -0.622880
 2302.000000 2.027949 -0.697811
 2303.000000 1.991939 -0.646744
 2304.000000 2.083831 -0.698435
 2305.000000 1.982838 -0.771854
 2306.000000 1.997205 -0.745476
 2307.000000 2.066934 -0.620396
 2308.000000 2.030515 -0.726901
 2309.000000 2.034790 -0.738402
 2310.000000 1.923869 -0.756069
 2311.000000 2.195431 -0.745817
 2312.000000 2.100636 -0.659179
 2313.000000 2.019568 -0.647032
 2314.000000 2.133688 -0.599143
 2315.000000 2.080081 -0.632474
 2316.000000 2.013314 -0.685685
 2317.000000 2.098268 -0.621715
 2318.000000 2.160215 -0.745886
 2319.000000 2.120234 -0.712457
 2320.000000 1.988032 -0.720403
 2321.000000 1.922792 -0.643911
 2322.000000 2.056681 -0.669366
 2323.000000 1.992019 -0.659552
 2324.000000 2.010647 -0.599465
 2325.000000 2.052165 -0.555754
 2326.000000 2.098240 -0.649067
 2327.000000 1.974434 -0.650613
 2328.000000 2.063216 -0.625825
 2329.000000 2.141035 -0.734580
 2330.000000 1.970705 -0.685580
 2331.000000 2.068758 -0.674027
 2332.000000 2.051196 -0.654702
 2333.000000 1.983908 -0.593513
 2334.000000 2.062614 -0.619452
 2335.000000 2.124703 -0.541531
 2336.000000 2.135819 -0.634164
 2337.000000 2.045060 -0.661595
 2338.000000 1.958831 -0.575628
 2339.000000 2.010785 -0.592677
 2340.000000 2.042430 -0.611370
 2341.000000 1.981033 -0.646113
 2342.000000 1.968522 -0.621402
 2343.000000 1.981485 -0.779537
 2344.000000 1.882142 -0.713476
 2345.000000 2.046811 -0.625230
 2346.000000 1.989769 -0.667459
 2347.000000 1.953334 -0.689920
 2348.000000 1.976019 -0.712232
 2349.000000 1.977623 -0.640409
 2350.000000 2.068140 -0.680350
 2351.000000 2.037906 -0.674143
 2352.000000 2.086879 -0.721126
 2353.000000 2.014009 -0.625679
 2354.000000 2.070512 -0.700040
 2355.000000 2.128021 -0.647364
 2356.000000 2.039630 -0.595073
 2357.000000 1.990619 -0.708693
 2358.000000 2.062551 -0.709056
 2359.000000 2.101873 -0.643154
 2360.000000 2.072505 -0.532711
 2361.000000 2.084735 -0.644800
 2362.000000 2.019136 -0.581178
 2363.000000 2.046316 -0.584790
 2364.000000 2.010426 -0.555216
 2365.000000 2.064271 -0.595928
 2366.000000 2.056372 -0.568249
 2367.000000 2.091232 -0.623611
 2368.000000 2.048952 -0.550572
 2369.000000 2.002284 -0.656256
 2370.000000 1.958705 -0.614889
 2371.000000 1.980323 -0.665660
 2372.000000 2.089237 -0.649971
 2373.000000 2.053749 -0.657573
 2374.000000 1.933654 -0.658059
 2375.000000 2.071177 -0.641209
 2376.000000 2.044767 -0.621077
 2377.000000 2.009577 -0.625140
 2378.000000 2.008693 -0.699878
 2379.000000 2.128845 -0.659911
 2380.000000 2.032038 -0.743228
 2381.000000 1.992834 -0.653265
 2382.000000 2.049608 -0.638206
 2383.000000 2.099261 -0.664872
 2384.000000 2.046150 -0.621317
 2385.000000 1.950587 -0.645629
 2386.000000 2.152780 -0.686238
 2387.000000 2.061254 -0.699662
 2388.000000 2.051495 -0.715862
 2389.000000 2.043338 -0.700383
 2390.000000 2.051117 -0.594446
 2391.000000 2.060612 -0.599063
 2392.000000 2.040164 -0.748545
 2393.000000 2.056815 -0.692341
 2394.000000 2.114098 -0.672112
 2395.000000 1.949999 -0.660888
 2396.000000 1.870725 -0.640854
 2397.000000 2.088776 -0.581929
 2398.000000 2.035660 -0.686221
 2399.000000 2.105703 -0.581778
 2400.000000 2.157615 -0.640280
 2401.000000 2.158309 -0.687707
 2402.000000 2.140866 -0.653954
 2403.000000 2.080127 -0.691745
 2404.000000 2.057154 -0.631643
 2405.000000 2.002766 -0.682612
 2406.000000 2.078148 -0.695449
 2407.000000 2.101829 -0.548066
 2408.000000 1.975365 -0.559662
 2409.000000 2.070278 -0.547772
 2410.000000 2.015290 -0.597762
 2411.000000 2.089738 -0.672764
 2412.000000 2.067655 -0.564306
 2413.000000 2.036638 -0.679581
 2414.000000 2.080455 -0.680517
 2415.000000 2.010119 -0.679558
 2416.000000 2.055553 -0.573021
 2417.000000 2.088744 -0.644993
 2418.000000 2.228215 -0.659427
 2419.000000 2.143347 -0.601702
 2420.000000 2.043415 -0.650103
 2421.000000 2.017255 -0.714780
 2422.000000 1.944820 -0.557680
 2423.000000 1.977865 -0.579361
 2424.000000 2.083546 -0.511698
 2425.000000 2.018696 -0.574107
 2426.000000 1.961407 -0.631482
 2427.000000 2.089222 -0.635610
 2428.000000 1.989822 -0.684350
 2429.000000 1.974446 -0.617138
 2430.000000 2.110521 -0.642393
 2431.000000 2.137907 -0.730999
 2432.000000 2.044865 -0.603328
 2433.000000 2.032896 -0.704735
 2434.000000 2.098793 -0.600626
 2435.000000 2.074130 -0.611698
 2436.000000 2.011702 -0.558701
 2437.000000 2.066188 -0.533784
 2438.000000 2.166562 -0.744287
 2439.000000 2.066930 -0.655114
 2440.000000 2.139038 -0.668420
 2441.000000 2.126749 -0.698452
 2442.000000 2.042817 -0.628012
 2443.000000 2.071665 -0.670400
 2444.000000 2.140998 -0.687117
 2445.000000 2.111944 -0.627570
 2446.000000 2.134835 -0.642156
 2447.000000 2.184007 -0.665731
 2448.000000 2.142176 -0.632206
 2449.000000 2.058637 -0.599195
 2450.000000 2.174465 -0.687283
 2451.000000 2.072792 -0.776778
 2452.000000 2.000390 -0.642730
 2453.000000 1.946967 -0.624869
 2454.000000 2.001287 -0.589708
 2455.000000 2.036402 -0.682259
 2456.000000 2.140420 -0.593710
 2457.000000 1.941174 -0.569167
 2458.000000 2.078739 -0.684591
 2459.000000 2.113639 -0.676566
 2460.000000 2.061595 -0.652542
 2461.000000 2.042642 -0.576631
 2462.000000 2.108589 -0.696014
 2463.000000 2.086411 -0.593656
 2464.000000 2.090928 -0.668939
 2465.000000 2.091618 -0.660204
 2466.000000 2.111579 -0.699317
 2467.000000 1.976013 -0.634188
 2468.000000 1.996454 -0.718549
 2469.000000 2.164391 -0.576356
 2470.000000 2.015707 -0.740415
 2471.000000 1.998991 -0.594327
 2472.000000 2.143230 -0.658506
 2473.000000 2.044277 -0.614348
 2474.000000 2.038895 -0.632058
 2475.000000 2.006367 -0.667924
 2476.000000 2.094121 -0.597931
 2477.000000 2.042925 -0.599652
 2478.000000 2.113832 -0.698981
 2479.000000 1.991354 -0.694513
 2480.000000 2.105242 -0.597412
 2481.000000 2.055707 -0.604526
 2482.000000 1.955345 -0.660381
 2483.000000 2.012170 -0.599041
 2484.000000 2.025477 -0.521386
 2485.000000 1.986927 -0.516306
 2486.000000 1.949294 -0.635020
 2487.000000 1.936984 -0.650519
 2488.000000 2.108621 -0.636794
 2489.000000 2.043497 -0.661984
 2490.000000 2.031256 -0.617410
 2491.000000 2.163938 -0.648357
 2492.000000 2.153295 -0.548425
 2493.000000 2.000218 -0.605129
 2494.000000 1.977712 -0.643228
 2495.000000 2.156542 -0.703069
 2496.000000 2.072644 -0.630692
 2497.000000 2.028927 -0.613436
 2498.000000 2.033211 -0.543127
 2499.000000 1.967364 -0.691006
 2500.000000 2.039481 -0.603386
