#! FIELDS time pd_137_140 diff
 0.000000 0.954345 -0.318068
 1.000000 1.050204 -0.311582
 2.000000 1.062047 -0.229445
 3.000000 1.127773 -0.298558
 4.000000 1.027027 -0.318731
 5.000000 1.032576 -0.418999
 6.000000 0.976891 -0.293014
 7.000000 1.146196 -0.291261
 8.000000 1.075469 -0.358548
 9.000000 1.010851 -0.354689
 10.000000 1.066699 -0.376269
 11.000000 1.172311 -0.341068
 12.000000 1.087289 -0.327482
 13.000000 1.004306 -0.450884
 14.000000 1.054233 -0.308730
 15.000000 1.175466 -0.370645
 16.000000 1.006777 -0.267941
 17.000000 1.103084 -0.399978
 18.000000 1.088793 -0.386905
 19.000000 1.055635 -0.490657
 20.000000 1.084164 -0.356081
 21.000000 0.973887 -0.278222
 22.000000 1.015734 -0.317046
 23.000000 1.026520 -0.290286
 24.000000 1.180620 -0.370645
 25.000000 1.111168 -0.430972
 26.000000 1.150529 -0.306129
 27.000000 1.123677 -0.427600
 28.000000 1.084292 -0.298118
 29.000000 1.094921 -0.330312
 30.000000 1.218257 -0.382662
 31.000000 1.012593 -0.475614
 32.000000 1.101019 -0.371727
 33.000000 1.129306 -0.338596
 34.000000 1.043128 -0.372535
 35.000000 1.129098 -0.315316
 36.000000 1.192610 -0.433438
 37.000000 1.037153 -0.324081
 38.000000 1.157806 -0.353303
 39.000000 1.020117 -0.354438
 40.000000 1.046125 -0.217759
 41.000000 1.056435 -0.317024
 42.000000 1.082265 -0.207037
 43.000000 1.043301 -0.324320
 44.000000 1.021603 -0.260024
 45.000000 1.105208 -0.351244
 46.000000 1.039077 -0.279118
 47.000000 1.167759 -0.341798
 48.000000 1.133978 -0.415910
 49.000000 1.132535 -0.322790
 50.000000 1.142452 -0.284245
 51.000000 1.116399 -0.396738
 52.000000 1.184748 -0.249068
 53.000000 1.149685 -0.363730
 54.000000 1.073844 -0.381743
 55.000000 1.051210 -0.275149
 56.000000 1.233615 -0.303043
 57.000000 1.116173 -0.335646
 58.000000 1.151028 -0.399493
 59.000000 1.102206 -0.293116
 60.000000 1.111640 -0.273378
 61.000000 1.114626 -0.239080
 62.000000 1.062037 -0.348676
 63.000000 1.090716 -0.359067
 64.000000 1.163450 -0.320842
 65.000000 1.003795 -0.334591
 66.000000 1.188616 -0.271910
 67.000000 1.092912 -0.381588
 68.000000 1.134106 -0.349766
 69.000000 1.118948 -0.203370
 70.000000 1.162350 -0.199282
 71.000000 1.194703 -0.268988
 72.000000 1.238572 -0.212230
 73.000000 1.203871 -0.325025
 74.000000 1.230530 -0.228601
 75.000000 1.218405 -0.370870
 76.000000 1.149195 -0.301824
 77.000000 1.197870 -0.302595
 78.000000 1.143323 -0.279568
 79.000000 1.141600 -0.281572
 80.000000 1.190040 -0.331817
 81.000000 1.012352 -0.241081
 82.000000 0.992990 -0.340012
 83.000000 1.131305 -0.365482
 84.000000 1.076587 -0.250228
 85.000000 1.003966 -0.309095
 86.000000 1.008440 -0.252658
 87.000000 1.045296 -0.285801
 88.000000 1.022789 -0.276541
 89.000000 1.065815 -0.241229
 90.000000 0.933342 -0.266764
 91.000000 1.068490 -0.353859
 92.000000 0.917143 -0.376766
 93.000000 0.979424 -0.326320
 94.000000 0.999651 -0.410469
 95.000000 1.027607 -0.306367
 96.000000 0.930787 -0.413148
 97.000000 0.994899 -0.290095
 98.000000 1.096770 -0.337957
 99.000000 1.001347 -0.372340
 100.000000 1.041699 -0.404028
 101.000000 0.991428 -0.394123
 102.000000 0.971831 -0.256945
 103.000000 0.988235 -0.380112
 104.000000 0.982109 -0.374953
 105.000000 1.000870 -0.350476
 106.000000 1.008083 -0.342905
 107.000000 1.075512 -0.308956
 108.000000 0.972892 -0.460973
 109.000000 0.979721 -0.315733
 110.000000 1.017822 -0.260118
 111.000000 0.932817 -0.338176
 112.000000 1.105927 -0.357359
 113.000000 1.044114 -0.304962
 114.000000 0.982747 -0.342174
 115.000000 0.964063 -0.382144
 116.000000 1.078437 -0.334277
 117.000000 1.059271 -0.448170
 118.000000 1.032541 -0.350443
 119.000000 1.018332 -0.316921
 120.000000 1.148287 -0.326087
 121.000000 1.089892 -0.379762
 122.000000 0.978973 -0.283168
 123.000000 1.040303 -0.322355
 124.000000 1.029646 -0.406107
 125.000000 1.035141 -0.388715
 126.000000 1.057346 -0.408007
 127.000000 1.033869 -0.361786
 128.000000 1.045406 -0.320030
 129.000000 1.001209 -0.310874
 130.000000 1.042462 -0.392128
 131.000000 1.112149 -0.376641
 132.000000 1.063258 -0.388360
 133.000000 1.065769 -0.274902
 134.000000 1.025390 -0.293711
 135.000000 1.206921 -0.297685
 136.000000 1.138682 -0.327006
 137.000000 1.229377 -0.398814
 138.000000 1.229086 -0.374835
 139.000000 1.146374 -0.327860
 140.000000 1.098414 -0.410109
 141.000000 1.173175 -0.379258
 142.000000 1.096236 -0.323685
 143.000000 1.188473 -0.361032
 144.000000 1.076467 -0.388088
 145.000000 1.112779 -0.375273
 146.000000 1.109624 -0.415680
 147.000000 1.062815 -0.495479
 148.000000 1.167542 -0.449631
 149.000000 1.231518 -0.412635
 150.000000 1.089156 -0.445807
 151.000000 1.144450 -0.539906
 152.000000 1.171415 -0.467095
 153.000000 1.091018 -0.430639
 154.000000 1.096473 -0.368126
 155.000000 1.170025 -0.461788
 156.000000 1.071889 -0.387712
 157.000000 1.190998 -0.423111
 158.000000 1.108302 -0.395305
 159.000000 1.197078 -0.456023
 160.000000 1.217435 -0.356485
 161.000000 1.240144 -0.405335
 162.000000 1.143431 -0.400614
 163.000000 1.142591 -0.480948
 164.000000 1.050598 -0.444158
 165.000000 1.138471 -0.364449
 166.000000 1.091679 -0.414601
 167.000000 1.134868 -0.413283
 168.000000 1.089094 -0.300390
 169.000000 1.071974 -0.311137
 170.000000 1.094203 -0.323521
 171.000000 1.282787 -0.392681
 172.000000 1.142769 -0.442349
 173.000000 1.146121 -0.383581
 174.000000 1.151763 -0.325888
 175.000000 1.129740 -0.322378
 176.000000 1.076952 -0.322216
 177.000000 1.133574 -0.404837
 178.000000 1.174928 -0.356989
 179.000000 1.089618 -0.236437
 180.000000 1.159821 -0.345591
 181.000000 1.117395 -0.381727
 182.000000 1.133438 -0.335412
 183.000000 1.169134 -0.421701
 184.000000 1.184207 -0.350125
 185.000000 1.202772 -0.346779
 186.000000 1.173832 -0.364303
 187.000000 1.180873 -0.357799
 188.000000 1.202630 -0.327933
 189.000000 1.147493 -0.301246
 190.000000 1.209947 -0.315689
 191.000000 1.213008 -0.278038
 192.000000 1.121270 -0.323848
 193.000000 1.136765 -0.353742
 194.000000 1.081616 -0.332755
 195.000000 1.217253 -0.359560
 196.000000 1.116860 -0.373510
 197.000000 1.170561 -0.330651
 198.000000 1.118625 -0.363359
 199.000000 1.135358 -0.305268
 200.000000 1.145239 -0.337668
 201.000000 1.108641 -0.272699
 202.000000 1.089942 -0.341692
 203.000000 1.125464 -0.407321
 204.000000 1.089256 -0.329949
 205.000000 1.069844 -0.384752
 206.000000 1.090691 -0.341337
 207.000000 1.110127 -0.349489
 208.000000 1.096722 -0.422597
 209.000000 1.217780 -0.350162
 210.000000 1.140834 -0.366116
 211.000000 1.153875 -0.459130
 212.000000 1.102025 -0.330628
 213.000000 1.126767 -0.431387
 214.000000 1.063544 -0.362802
 215.000000 1.184927 -0.407214
 216.000000 1.123005 -0.428955
 217.000000 1.137458 -0.274719
 218.000000 1.080759 -0.355394
 219.000000 1.112592 -0.255000
 220.000000 1.133712 -0.326805
 221.000000 0.965711 -0.303746
 222.000000 0.974915 -0.387404
 223.000000 1.207329 -0.206885
 224.000000 1.042039 -0.420510
 225.000000 1.068845 -0.271453
 226.000000 1.047249 -0.284203
 227.000000 1.050046 -0.390333
 228.000000 1.095880 -0.265306
 229.000000 1.135429 -0.314366
 230.000000 1.120827 -0.340187
 231.000000 1.028781 -0.349421
 232.000000 1.043340 -0.337038
 233.000000 1.077532 -0.325782
 234.000000 1.063700 -0.311672
 235.000000 1.062185 -0.375254
 236.000000 1.157945 -0.379076
 237.000000 1.123990 -0.289048
 238.000000 1.136923 -0.403516
 239.000000 1.064187 -0.356427
 240.000000 1.068291 -0.388115
 241.000000 1.102287 -0.339476
 242.000000 1.107818 -0.447095
 243.000000 1.124031 -0.437552
 244.000000 1.109227 -0.319561
 245.000000 1.147117 -0.352201
 246.000000 1.153457 -0.451058
 247.000000 1.180640 -0.326604
 248.000000 1.091503 -0.398793
 249.000000 1.101786 -0.314531
 250.000000 1.182617 -0.278501
 251.000000 1.189682 -0.305453
 252.000000 1.197159 -0.361720
 253.000000 1.169387 -0.341204
 254.000000 1.108984 -0.505920
 255.000000 1.172147 -0.373810
 256.000000 1.235689 -0.421127
 257.000000 1.038738 -0.366363
 258.000000 1.190754 -0.387950
 259.000000 1.114007 -0.339489
 260.000000 1.133321 -0.314171
 261.000000 1.177105 -0.452909
 262.000000 1.069896 -0.392078
 263.000000 1.143268 -0.324407
 264.000000 1.081862 -0.390680
 265.000000 1.112865 -0.306858
 266.000000 1.002842 -0.413858
 267.000000 1.030492 -0.530105
 268.000000 1.059000 -0.425475
 269.000000 1.036252 -0.375912
 270.000000 1.057392 -0.384187
 271.000000 1.084468 -0.417171
 272.000000 0.999312 -0.353108
 273.000000 1.095464 -0.356102
 274.000000 1.111071 -0.398167
 275.000000 1.177093 -0.361509
 276.000000 0.962150 -0.434798
 277.000000 1.081281 -0.440205
 278.000000 1.067167 -0.370386
 279.000000 1.048448 -0.377915
 280.000000 1.029324 -0.304555
 281.000000 1.150833 -0.489395
 282.000000 1.145701 -0.383438
 283.000000 1.110416 -0.386803
 284.000000 1.001438 -0.400519
 285.000000 1.126947 -0.338590
 286.000000 1.130984 -0.399364
 287.000000 1.221882 -0.365594
 288.000000 1.216010 -0.355114
 289.000000 1.144593 -0.384313
 290.000000 1.138462 -0.496551
 291.000000 0.941484 -0.318348
 292.000000 0.947521 -0.399851
 293.000000 1.084891 -0.379242
 294.000000 1.056449 -0.375281
 295.000000 1.007554 -0.478247
 296.000000 1.031877 -0.410775
 297.000000 1.235583 -0.395703
 298.000000 1.107065 -0.351019
 299.000000 1.120862 -0.358461
 300.000000 1.065497 -0.358030
 301.000000 1.090647 -0.333614
 302.000000 1.028753 -0.358534
 303.000000 1.098874 -0.386870
 304.000000 1.185226 -0.382281
 305.000000 1.004840 -0.427866
 306.000000 1.132131 -0.365684
 307.000000 1.151849 -0.458497
 308.000000 1.091807 -0.410122
 309.000000 1.155489 -0.332663
 310.000000 1.072075 -0.355788
 311.000000 1.026506 -0.376089
 312.000000 1.035450 -0.421811
 313.000000 1.108354 -0.337821
 314.000000 0.997586 -0.434715
 315.000000 1.086386 -0.361514
 316.000000 1.075746 -0.354419
 317.000000 1.162003 -0.355235
 318.000000 1.060201 -0.344361
 319.000000 1.013864 -0.310540
 320.000000 1.065565 -0.319674
 321.000000 0.987970 -0.291296
 322.000000 1.113170 -0.289242
 323.000000 1.110351 -0.324060
 324.000000 1.132473 -0.326394
 325.000000 1.164791 -0.398709
 326.000000 1.190511 -0.412046
 327.000000 1.099308 -0.389770
 328.000000 1.125448 -0.310132
 329.000000 1.107423 -0.397959
 330.000000 1.087071 -0.422646
 331.000000 1.077153 -0.365785
 332.000000 1.104621 -0.297834
 333.000000 0.992828 -0.344464
 334.000000 1.094762 -0.372423
 335.000000 1.048873 -0.403598
 336.000000 1.114437 -0.317515
 337.000000 1.025272 -0.396639
 338.000000 1.087855 -0.341276
 339.000000 0.997565 -0.345563
 340.000000 1.060573 -0.411413
 341.000000 1.082975 -0.418640
 342.000000 1.058505 -0.467364
 343.000000 1.069197 -0.322757
 344.000000 1.102300 -0.476036
 345.000000 1.097822 -0.381736
 346.000000 1.099461 -0.406835
 347.000000 1.108541 -0.520279
 348.000000 1.143517 -0.359561
 349.000000 1.000790 -0.388801
 350.000000 1.104012 -0.324550
 351.000000 1.115064 -0.378100
 352.000000 1.047593 -0.416098
 353.000000 1.044079 -0.390890
 354.000000 0.999764 -0.406654
 355.000000 1.084901 -0.429246
 356.000000 1.026460 -0.307757
 357.000000 1.086253 -0.388181
 358.000000 0.991885 -0.376309
 359.000000 1.015413 -0.400454
 360.000000 1.017506 -0.452838
 361.000000 1.066877 -0.434260
 362.000000 0.967293 -0.437142
 363.000000 1.017488 -0.390096
 364.000000 1.034275 -0.346499
 365.000000 1.047984 -0.325817
 366.000000 1.027435 -0.428506
 367.000000 0.978020 -0.374028
 368.000000 1.071867 -0.356537
 369.000000 0.967813 -0.380276
 370.000000 1.082815 -0.346854
 371.000000 1.075314 -0.326768
 372.000000 1.096788 -0.320543
 373.000000 1.121412 -0.336220
 374.000000 1.128388 -0.379395
 375.000000 1.222092 -0.406508
 376.000000 1.058955 -0.337504
 377.000000 1.060523 -0.343446
 378.000000 1.100976 -0.420820
 379.000000 1.044783 -0.314362
 380.000000 1.091854 -0.323121
 381.000000 1.062708 -0.429982
 382.000000 0.997618 -0.361439
 383.000000 1.057574 -0.305887
 384.000000 1.143713 -0.238405
 385.000000 1.138282 -0.327747
 386.000000 1.031582 -0.287359
 387.000000 0.970614 -0.330994
 388.000000 1.052647 -0.312092
 389.000000 1.072671 -0.370753
 390.000000 1.138699 -0.379135
 391.000000 1.092458 -0.359588
 392.000000 1.032518 -0.357849
 393.000000 1.133100 -0.396597
 394.000000 1.027753 -0.390200
 395.000000 1.081958 -0.425152
 396.000000 1.074709 -0.390504
 397.000000 1.034941 -0.397029
 398.000000 1.177220 -0.389519
 399.000000 1.075692 -0.382765
 400.000000 1.137611 -0.395858
 401.000000 1.104845 -0.340640
 402.000000 0.982847 -0.399310
 403.000000 1.154373 -0.309789
 404.000000 1.137010 -0.369256
 405.000000 1.117639 -0.359420
 406.000000 1.124906 -0.370799
 407.000000 1.133911 -0.325881
 408.000000 1.040192 -0.378422
 409.000000 1.110255 -0.285111
 410.000000 1.005007 -0.387258
 411.000000 1.045788 -0.429978
 412.000000 0.997397 -0.386701
 413.000000 1.041470 -0.461695
 414.000000 1.140722 -0.449008
 415.000000 1.067248 -0.387940
 416.000000 1.045863 -0.316433
 417.000000 1.158580 -0.457703
 418.000000 1.061929 -0.459645
 419.000000 1.043157 -0.497063
 420.000000 1.007495 -0.387653
 421.000000 1.037529 -0.375756
 422.000000 0.958899 -0.333322
 423.000000 1.013184 -0.320235
 424.000000 1.069460 -0.433741
 425.000000 1.083945 -0.351750
 426.000000 1.095684 -0.397519
 427.000000 1.051635 -0.378399
 428.000000 1.039708 -0.342073
 429.000000 1.096872 -0.331402
 430.000000 1.056581 -0.303147
 431.000000 1.087744 -0.287668
 432.000000 1.029247 -0.410730
 433.000000 1.151873 -0.413346
 434.000000 1.104908 -0.474649
 435.000000 1.082270 -0.314673
 436.000000 1.050337 -0.332694
 437.000000 1.060769 -0.407334
 438.000000 1.059842 -0.327650
 439.000000 1.033292 -0.398169
 440.000000 1.087926 -0.438081
 441.000000 1.049351 -0.376715
 442.000000 1.056574 -0.384029
 443.000000 1.067632 -0.307027
 444.000000 1.058064 -0.341843
 445.000000 1.052399 -0.353944
 446.000000 1.059991 -0.389425
 447.000000 0.960513 -0.375968
 448.000000 1.039587 -0.345416
 449.000000 1.101672 -0.452770
 450.000000 1.060663 -0.354232
 451.000000 1.021554 -0.375490
 452.000000 1.022715 -0.346627
 453.000000 1.009937 -0.301344
 454.000000 1.061891 -0.419778
 455.000000 1.058937 -0.382753
 456.000000 1.021313 -0.381612
 457.000000 0.992157 -0.324494
 458.000000 0.994255 -0.360143
 459.000000 1.041434 -0.317365
 460.000000 1.070337 -0.368109
 461.000000 1.092445 -0.331910
 462.000000 1.062277 -0.418442
 463.000000 1.067029 -0.351415
 464.000000 1.019986 -0.393639
 465.000000 1.111557 -0.350366
 466.000000 1.142032 -0.420339
 467.000000 0.972093 -0.386914
 468.000000 1.080937 -0.447107
 469.000000 0.996411 -0.326687
 470.000000 0.997762 -0.398890
 471.000000 1.052049 -0.347791
 472.000000 1.034076 -0.347892
 473.000000 1.029788 -0.315807
 474.000000 0.973663 -0.387017
 475.000000 0.940204 -0.351477
 476.000000 1.007105 -0.425756
 477.000000 1.054726 -0.384396
 478.000000 1.070067 -0.500028
 479.000000 1.084153 -0.385132
 480.000000 1.083603 -0.437991
 481.000000 1.107475 -0.402249
 482.000000 0.910689 -0.309901
 483.000000 1.125883 -0.266652
 484.000000 1.007857 -0.332466
 485.000000 0.924058 -0.347070
 486.000000 1.010821 -0.353143
 487.000000 1.049833 -0.377368
 488.000000 0.958567 -0.304848
 489.000000 0.990367 -0.273772
 490.000000 0.995246 -0.348672
 491.000000 1.027608 -0.325461
 492.000000 1.017843 -0.268290
 493.000000 1.103882 -0.250653
 494.000000 1.053878 -0.271061
 495.000000 1.025696 -0.309545
 496.000000 1.019296 -0.285402
 497.000000 1.112108 -0.318748
 498.000000 1.142045 -0.336239
 499.000000 1.050327 -0.307191
 500.000000 1.104664 -0.351030
 501.000000 1.055636 -0.460676
 502.000000 1.083238 -0.442013
 503.000000 0.988672 -0.434365
 504.000000 0.984033 -0.520810
 505.000000 1.061578 -0.392155
 506.000000 1.089921 -0.400362
 507.000000 1.123678 -0.440285
 508.000000 1.063545 -0.379940
 509.000000 1.109280 -0.398374
 510.000000 1.111629 -0.392443
 511.000000 1.041482 -0.442581
 512.000000 1.125378 -0.367486
 513.000000 1.056685 -0.429379
 514.000000 1.164242 -0.435776
 515.000000 1.092142 -0.400415
 516.000000 1.137693 -0.429734
 517.000000 1.083974 -0.357241
 518.000000 1.026009 -0.440071
 519.000000 0.962425 -0.383664
 520.000000 1.044053 -0.436172
 521.000000 1.007100 -0.436955
 522.000000 1.064086 -0.464065
 523.000000 1.021640 -0.497183
 524.000000 1.055236 -0.416433
 525.000000 1.039677 -0.354297
 526.000000 1.057056 -0.370394
 527.000000 1.030378 -0.434663
 528.000000 1.044042 -0.289838
 529.000000 1.042481 -0.401820
 530.000000 1.084964 -0.370556
 531.000000 0.990866 -0.380532
 532.000000 1.133530 -0.266245
 533.000000 0.980742 -0.358858
 534.000000 0.924210 -0.446186
 535.000000 1.079079 -0.339311
 536.000000 1.060936 -0.378541
 537.000000 1.099833 -0.336835
 538.000000 1.148049 -0.336598
 539.000000 1.020366 -0.272847
 540.000000 1.076022 -0.290009
 541.000000 1.065949 -0.396496
 542.000000 1.173136 -0.357137
 543.000000 1.102332 -0.362775
 544.000000 1.095375 -0.477200
 545.000000 1.017540 -0.382387
 546.000000 1.057958 -0.428681
 547.000000 0.992454 -0.336459
 548.000000 1.082303 -0.378378
 549.000000 1.177732 -0.312707
 550.000000 1.080565 -0.383857
 551.000000 1.036702 -0.265971
 552.000000 1.106855 -0.257052
 553.000000 1.101861 -0.320757
 554.000000 1.046440 -0.351506
 555.000000 1.119172 -0.292166
 556.000000 1.154203 -0.290427
 557.000000 1.082082 -0.412918
 558.000000 1.129780 -0.231741
 559.000000 1.054872 -0.371640
 560.000000 1.073164 -0.362513
 561.000000 1.142905 -0.280160
 562.000000 1.045065 -0.380345
 563.000000 1.034088 -0.353740
 564.000000 1.112830 -0.359256
 565.000000 1.069928 -0.402278
 566.000000 0.996205 -0.429809
 567.000000 0.993255 -0.410781
 568.000000 1.069250 -0.401551
 569.000000 1.066107 -0.326480
 570.000000 1.059777 -0.371731
 571.000000 0.941797 -0.280691
 572.000000 1.013068 -0.337618
 573.000000 1.073479 -0.318766
 574.000000 1.123908 -0.436837
 575.000000 1.087678 -0.368165
 576.000000 1.193726 -0.245536
 577.000000 1.181995 -0.390367
 578.000000 1.191831 -0.345694
 579.000000 1.213464 -0.329599
 580.000000 1.143570 -0.383890
 581.000000 1.150783 -0.363209
 582.000000 1.142929 -0.413918
 583.000000 1.118066 -0.395480
 584.000000 1.072825 -0.307908
 585.000000 1.104774 -0.334903
 586.000000 1.095571 -0.406746
 587.000000 1.184159 -0.375129
 588.000000 1.032103 -0.289773
 589.000000 1.088311 -0.326005
 590.000000 1.095752 -0.265250
 591.000000 1.167064 -0.308407
 592.000000 1.134102 -0.338460
 593.000000 1.133644 -0.400540
 594.000000 1.106248 -0.442825
 595.000000 1.081917 -0.377373
 596.000000 1.101477 -0.327298
 597.000000 0.982607 -0.324465
 598.000000 1.048981 -0.267569
 599.000000 0.970498 -0.436683
 600.000000 1.076335 -0.445969
 601.000000 1.045427 -0.306597
 602.000000 1.059386 -0.309104
 603.000000 1.024983 -0.327379
 604.000000 1.103508 -0.331757
 605.000000 1.121800 -0.201427
 606.000000 1.040349 -0.278229
 607.000000 1.091389 -0.363876
 608.000000 1.111373 -0.257765
 609.000000 1.065704 -0.309433
 610.000000 1.032605 -0.240196
 611.000000 1.065323 -0.324421
 612.000000 1.113979 -0.379654
 613.000000 1.130865 -0.295987
 614.000000 1.122202 -0.304528
 615.000000 0.928006 -0.377763
 616.000000 1.011158 -0.370983
 617.000000 1.005953 -0.335950
 618.000000 1.034856 -0.296463
 619.000000 1.038107 -0.347229
 620.000000 1.079960 -0.252247
 621.000000 1.094604 -0.312989
 622.000000 1.039691 -0.261361
 623.000000 0.996326 -0.250704
 624.000000 1.034991 -0.252045
 625.000000 0.987614 -0.375394
 626.000000 1.078034 -0.283288
 627.000000 1.064947 -0.384130
 628.000000 1.026386 -0.328371
 629.000000 1.079189 -0.354885
 630.000000 0.983403 -0.323476
 631.000000 1.113446 -0.225312
 632.000000 1.010891 -0.305029
 633.000000 0.994581 -0.370323
 634.000000 0.997765 -0.394854
 635.000000 1.067349 -0.398819
 636.000000 0.945001 -0.342194
 637.000000 0.942053 -0.389050
 638.000000 1.127789 -0.327002
 639.000000 1.181447 -0.347222
 640.000000 0.965482 -0.309006
 641.000000 1.036501 -0.297662
 642.000000 0.932564 -0.179062
 643.000000 1.004997 -0.369041
 644.000000 0.989463 -0.318853
 645.000000 0.992748 -0.344151
 646.000000 1.067073 -0.438765
 647.000000 1.082446 -0.387049
 648.000000 1.085421 -0.368198
 649.000000 1.041073 -0.356342
 650.000000 1.107005 -0.384335
 651.000000 1.094277 -0.403357
 652.000000 1.049890 -0.346271
 653.000000 1.068603 -0.380084
 654.000000 1.041940 -0.325751
 655.000000 0.997902 -0.276255
 656.000000 1.018066 -0.277546
 657.000000 1.102455 -0.298918
 658.000000 1.142717 -0.378177
 659.000000 1.085974 -0.363498
 660.000000 1.123729 -0.330528
 661.000000 1.000818 -0.262280
 662.000000 1.052580 -0.311525
 663.000000 1.150353 -0.395496
 664.000000 1.036910 -0.330825
 665.000000 1.025008 -0.396309
 666.000000 1.037846 -0.397164
 667.000000 1.117782 -0.288687
 668.000000 1.163337 -0.340303
 669.000000 1.067351 -0.296288
 670.000000 1.153395 -0.294631
 671.000000 1.208978 -0.298096
 672.000000 1.131434 -0.377240
 673.000000 1.090752 -0.163939
 674.000000 1.033197 -0.324908
 675.000000 1.028698 -0.443700
 676.000000 1.033895 -0.312352
 677.000000 0.982035 -0.437741
 678.000000 1.030210 -0.268725
 679.000000 0.887183 -0.309128
 680.000000 1.157654 -0.388515
 681.000000 1.100519 -0.422757
 682.000000 1.049718 -0.269789
 683.000000 1.101656 -0.355345
 684.000000 1.163279 -0.329742
 685.000000 0.987896 -0.356653
 686.000000 0.974183 -0.312532
 687.000000 1.041458 -0.343363
 688.000000 0.957319 -0.324259
 689.000000 1.047014 -0.245437
 690.000000 1.150508 -0.262488
 691.000000 1.075915 -0.257286
 692.000000 1.112043 -0.264109
 693.000000 1.114543 -0.366877
 694.000000 1.103712 -0.229470
 695.000000 1.106194 -0.184038
 696.000000 1.163087 -0.352758
 697.000000 1.004787 -0.318560
 698.000000 1.036438 -0.324768
 699.000000 1.094982 -0.311133
 700.000000 1.114305 -0.309462
 701.000000 1.160874 -0.380300
 702.000000 1.092445 -0.502520
 703.000000 1.008205 -0.369562
 704.000000 1.062216 -0.362165
 705.000000 1.056222 -0.482565
 706.000000 1.179173 -0.381074
 707.000000 1.140977 -0.330216
 708.000000 1.158645 -0.359625
 709.000000 1.041290 -0.443641
 710.000000 1.037882 -0.340913
 711.000000 1.132771 -0.323845
 712.000000 1.075016 -0.351030
 713.000000 1.122083 -0.321631
 714.000000 1.175157 -0.388172
 715.000000 0.996428 -0.413646
 716.000000 1.217899 -0.287528
 717.000000 1.107902 -0.307837
 718.000000 1.077168 -0.409326
 719.000000 1.100905 -0.253311
 720.000000 1.076409 -0.412648
 721.000000 1.107684 -0.325538
 722.000000 0.997774 -0.408368
 723.000000 0.990966 -0.305607
 724.000000 1.039529 -0.407291
 725.000000 1.028391 -0.361563
 726.000000 1.024385 -0.382735
 727.000000 0.935294 -0.303496
 728.000000 0.975698 -0.330634
 729.000000 1.059606 -0.363300
 730.000000 1.044105 -0.273526
 731.000000 1.032955 -0.331611
 732.000000 0.964326 -0.329016
 733.000000 1.033851 -0.251936
 734.000000 1.031815 -0.336848
 735.000000 1.086572 -0.411071
 736.000000 1.100727 -0.279653
 737.000000 1.046128 -0.398822
 738.000000 1.055564 -0.438707
 739.000000 1.027587 -0.286553
 740.000000 1.111180 -0.323240
 741.000000 1.066049 -0.443061
 742.000000 1.151729 -0.286970
 743.000000 1.017781 -0.303859
 744.000000 1.082061 -0.327142
 745.000000 0.969702 -0.282924
 746.000000 1.087112 -0.321234
 747.000000 1.013375 -0.308973
 748.000000 0.997690 -0.315614
 749.000000 1.121166 -0.386534
 750.000000 1.130346 -0.318808
 751.000000 1.126979 -0.319328
 752.000000 1.037397 -0.290382
 753.000000 1.057220 -0.391529
 754.000000 1.084297 -0.358540
 755.000000 0.981271 -0.271420
 756.000000 0.982290 -0.262106
 757.000000 1.058580 -0.287508
 758.000000 0.975382 -0.234085
 759.000000 1.025708 -0.245075
 760.000000 1.072416 -0.329510
 761.000000 1.045877 -0.273649
 762.000000 1.042367 -0.361753
 763.000000 0.983652 -0.295430
 764.000000 1.078310 -0.231506
 765.000000 1.077816 -0.295875
 766.000000 1.044294 -0.342529
 767.000000 0.956015 -0.379298
 768.000000 1.219538 -0.314287
 769.000000 1.075745 -0.327614
 770.000000 1.036371 -0.340957
 771.000000 1.032852 -0.428500
 772.000000 1.056133 -0.402772
 773.000000 1.107599 -0.291485
 774.000000 1.024008 -0.242838
 775.000000 1.095952 -0.370676
 776.000000 1.045155 -0.301713
 777.000000 1.011806 -0.332496
 778.000000 1.053263 -0.306369
 779.000000 1.147490 -0.424871
 780.000000 1.051199 -0.352965
 781.000000 1.022774 -0.338585
 782.000000 1.073147 -0.290957
 783.000000 1.122763 -0.436293
 784.000000 1.051281 -0.324172
 785.000000 1.031131 -0.335081
 786.000000 1.089616 -0.242067
 787.000000 1.014469 -0.257054
 788.000000 1.050308 -0.300391
 789.000000 1.169857 -0.338485
 790.000000 1.069714 -0.217952
 791.000000 1.008434 -0.341788
 792.000000 1.082940 -0.363478
 793.000000 1.134178 -0.364379
 794.000000 1.082445 -0.288973
 795.000000 1.077952 -0.408147
 796.000000 1.023354 -0.398920
 797.000000 1.026793 -0.321923
 798.000000 0.990733 -0.269900
 799.000000 0.969027 -0.401899
 800.000000 1.062140 -0.341761
 801.000000 1.000095 -0.272363
 802.000000 1.044065 -0.277692
 803.000000 0.945562 -0.322394
 804.000000 0.985309 -0.334794
 805.000000 1.123483 -0.332022
 806.000000 1.027331 -0.268796
 807.000000 1.107644 -0.270966
 808.000000 1.047193 -0.453510
 809.000000 0.988675 -0.358531
 810.000000 1.130370 -0.313719
 811.000000 0.944771 -0.403695
 812.000000 1.019673 -0.390578
 813.000000 1.099583 -0.297638
 814.000000 1.047951 -0.332241
 815.000000 1.087115 -0.376696
 816.000000 1.036449 -0.281871
 817.000000 1.061797 -0.253190
 818.000000 0.968587 -0.293642
 819.000000 0.982634 -0.358752
 820.000000 1.041078 -0.289201
 821.000000 0.996469 -0.363589
 822.000000 1.048207 -0.330604
 823.000000 1.110198 -0.387999
 824.000000 1.082758 -0.185933
 825.000000 1.033260 -0.306160
 826.000000 1.040647 -0.313210
 827.000000 1.102001 -0.340096
 828.000000 1.103869 -0.345075
 829.000000 1.027396 -0.290996
 830.000000 1.089734 -0.358241
 831.000000 1.097734 -0.325570
 832.000000 0.977969 -0.336342
 833.000000 1.096113 -0.261887
 834.000000 1.159533 -0.273128
 835.000000 1.060282 -0.229522
 836.000000 1.015613 -0.363554
 837.000000 1.088072 -0.419232
 838.000000 1.023708 -0.355513
 839.000000 1.015875 -0.381387
 840.000000 1.080394 -0.316371
 841.000000 1.096575 -0.264212
 842.000000 1.028347 -0.299241
 843.000000 1.031769 -0.346289
 844.000000 0.968428 -0.333443
 845.000000 1.018654 -0.361379
 846.000000 1.010397 -0.309666
 847.000000 1.085179 -0.287646
 848.000000 1.115664 -0.396281
 849.000000 1.091504 -0.328469
 850.000000 1.126825 -0.290509
 851.000000 0.989675 -0.275109
 852.000000 1.186177 -0.326880
 853.000000 1.015380 -0.325824
 854.000000 1.069032 -0.393636
 855.000000 1.096903 -0.290282
 856.000000 1.060833 -0.407169
 857.000000 0.938344 -0.286499
 858.000000 1.065287 -0.431606
 859.000000 1.124959 -0.417184
 860.000000 1.177099 -0.304406
 861.000000 1.082333 -0.390995
 862.000000 1.037758 -0.315075
 863.000000 1.000019 -0.324491
 864.000000 1.072558 -0.366037
 865.000000 1.029659 -0.364776
 866.000000 1.052334 -0.377946
 867.000000 1.073232 -0.355037
 868.000000 1.087984 -0.338186
 869.000000 1.062199 -0.336957
 870.000000 1.048003 -0.329579
 871.000000 1.045487 -0.281944
 872.000000 1.143739 -0.285171
 873.000000 1.141392 -0.368350
 874.000000 1.094952 -0.363915
 875.000000 1.179224 -0.377939
 876.000000 1.067557 -0.285833
 877.000000 1.042231 -0.424061
 878.000000 1.076903 -0.417203
 879.000000 1.147011 -0.253207
 880.000000 1.148475 -0.319472
 881.000000 1.180417 -0.360126
 882.000000 1.069681 -0.335983
 883.000000 1.071787 -0.333926
 884.000000 1.136377 -0.448480
 885.000000 1.114735 -0.346603
 886.000000 1.082061 -0.355400
 887.000000 1.133493 -0.281221
 888.000000 1.012778 -0.372524
 889.000000 1.048371 -0.312799
 890.000000 1.125986 -0.316471
 891.000000 1.063075 -0.367545
 892.000000 1.163607 -0.406772
 893.000000 1.091904 -0.374811
 894.000000 1.050958 -0.355187
 895.000000 1.165359 -0.331661
 896.000000 1.136325 -0.283513
 897.000000 1.249858 -0.354658
 898.000000 1.140684 -0.368850
 899.000000 1.133070 -0.340225
 900.000000 1.108901 -0.342766
 901.000000 1.129008 -0.357806
 902.000000 1.155442 -0.436941
 903.000000 1.046633 -0.404536
 904.000000 1.109891 -0.371706
 905.000000 1.032544 -0.326452
 906.000000 1.011107 -0.398938
 907.000000 1.096094 -0.372101
 908.000000 1.099292 -0.312579
 909.000000 1.117871 -0.412196
 910.000000 1.092728 -0.418102
 911.000000 1.103593 -0.374860
 912.000000 1.020831 -0.353266
 913.000000 1.134683 -0.375012
 914.000000 1.032086 -0.366977
 915.000000 1.131712 -0.323477
 916.000000 1.040190 -0.270854
 917.000000 1.043408 -0.300558
 918.000000 1.118205 -0.321089
 919.000000 1.025632 -0.346272
 920.000000 1.086291 -0.294897
 921.000000 1.008307 -0.328887
 922.000000 1.052178 -0.362763
 923.000000 1.115205 -0.393718
 924.000000 1.033619 -0.355635
 925.000000 1.017798 -0.428754
 926.000000 1.101522 -0.304934
 927.000000 1.036060 -0.307502
 928.000000 1.111931 -0.301316
 929.000000 1.112643 -0.332101
 930.000000 1.077716 -0.312250
 931.000000 1.065426 -0.259531
 932.000000 1.049741 -0.366899
 933.000000 1.048071 -0.271286
 934.000000 1.028546 -0.295105
 935.000000 1.085172 -0.365221
 936.000000 1.085145 -0.262654
 937.000000 1.133395 -0.364568
 938.000000 1.106676 -0.388874
 939.000000 1.179743 -0.328458
 940.000000 1.064911 -0.416465
 941.000000 1.062089 -0.350328
 942.000000 1.084787 -0.321707
 943.000000 1.109366 -0.357862
 944.000000 0.976258 -0.383972
 945.000000 1.069157 -0.371939
 946.000000 1.031534 -0.347695
 947.000000 1.126749 -0.291764
 948.000000 1.066067 -0.317645
 949.000000 1.115888 -0.385680
 950.000000 1.117899 -0.320692
 951.000000 1.069126 -0.342306
 952.000000 1.133900 -0.232184
 953.000000 1.163018 -0.318458
 954.000000 1.070610 -0.390254
 955.000000 1.100898 -0.304301
 956.000000 1.149955 -0.380931
 957.000000 1.171012 -0.262192
 958.000000 1.145990 -0.350290
 959.000000 1.143003 -0.355229
 960.000000 1.105651 -0.321866
 961.000000 1.206067 -0.296127
 962.000000 1.175222 -0.226577
 963.000000 1.078489 -0.327496
 964.000000 1.218050 -0.315348
 965.000000 1.095553 -0.412917
 966.000000 1.134864 -0.392166
 967.000000 1.114391 -0.391778
 968.000000 1.195465 -0.314521
 969.000000 1.103019 -0.354513
 970.000000 1.122020 -0.338134
 971.000000 1.126667 -0.403592
 972.000000 1.104053 -0.360490
 973.000000 1.146821 -0.364831
 974.000000 1.233403 -0.313553
 975.000000 1.086823 -0.324767
 976.000000 1.194217 -0.279457
 977.000000 1.155111 -0.356467
 978.000000 1.088814 -0.240298
 979.000000 1.073459 -0.312420
 980.000000 1.247458 -0.392772
 981.000000 1.134600 -0.327672
 982.000000 1.173276 -0.265152
 983.000000 1.091006 -0.379497
 984.000000 1.110193 -0.424754
 985.000000 1.128695 -0.287952
 986.000000 1.105065 -0.384438
 987.000000 1.166717 -0.342137
 988.000000 1.173344 -0.326713
 989.000000 1.079487 -0.282661
 990.000000 1.136144 -0.280949
 991.000000 1.093896 -0.329710
 992.000000 1.108289 -0.413359
 993.000000 1.101752 -0.435301
 994.000000 1.162475 -0.424718
 995.000000 1.105718 -0.380235
 996.000000 1.000963 -0.314386
 997.000000 1.113817 -0.292642
 998.000000 1.084696 -0.343287
 999.000000 1.105655 -0.380583
 1000.000000 1.094200 -0.441840
 1001.000000 1.180034 -0.377765
 1002.000000 1.075075 -0.489748
 1003.000000 1.111392 -0.377093
 1004.000000 1.105439 -0.268750
 1005.000000 1.144940 -0.415573
 1006.000000 1.051428 -0.321133
 1007.000000 1.091146 -0.426531
 1008.000000 1.062316 -0.366749
 1009.000000 1.047610 -0.347449
 1010.000000 1.168000 -0.290712
 1011.000000 1.178702 -0.288574
 1012.000000 1.084044 -0.328704
 1013.000000 1.026841 -0.249780
 1014.000000 1.078092 -0.297170
 1015.000000 1.098721 -0.407399
 1016.000000 1.159275 -0.382473
 1017.000000 1.114978 -0.306728
 1018.000000 1.068089 -0.368099
 1019.000000 1.077831 -0.382427
 1020.000000 1.142639 -0.389479
 1021.000000 1.085844 -0.390676
 1022.000000 1.047223 -0.356818
 1023.000000 1.101228 -0.321474
 1024.000000 1.112904 -0.295990
 1025.000000 1.037247 -0.342092
 1026.000000 1.131473 -0.367858
 1027.000000 1.047448 -0.353713
 1028.000000 1.109964 -0.439523
 1029.000000 1.069375 -0.239975
 1030.000000 0.993498 -0.365453
 1031.000000 1.092851 -0.421088
 1032.000000 1.058818 -0.265343
 1033.000000 1.022227 -0.338331
 1034.000000 1.150803 -0.366004
 1035.000000 1.135762 -0.401124
 1036.000000 1.074485 -0.253385
 1037.000000 1.122425 -0.461417
 1038.000000 1.061391 -0.297938
 1039.000000 1.159365 -0.405798
 1040.000000 1.033609 -0.399545
 1041.000000 1.054180 -0.285608
 1042.000000 1.105431 -0.199238
 1043.000000 1.061147 -0.341182
 1044.000000 1.078607 -0.322855
 1045.000000 0.999499 -0.217203
 1046.000000 1.104662 -0.371435
 1047.000000 1.084773 -0.360059
 1048.000000 1.077361 -0.243271
 1049.000000 1.064804 -0.383855
 1050.000000 1.057550 -0.319897
 1051.000000 1.090973 -0.285185
 1052.000000 1.070329 -0.316458
 1053.000000 1.076393 -0.255380
 1054.000000 1.024859 -0.233796
 1055.000000 1.039494 -0.216305
 1056.000000 1.010120 -0.373865
 1057.000000 1.058733 -0.234767
 1058.000000 1.023556 -0.356603
 1059.000000 1.037021 -0.369926
 1060.000000 1.010377 -0.348406
 1061.000000 1.095750 -0.293588
 1062.000000 1.090758 -0.289018
 1063.000000 0.958652 -0.360724
 1064.000000 1.088097 -0.306509
 1065.000000 1.127847 -0.335014
 1066.000000 1.023397 -0.276171
 1067.000000 1.026515 -0.301769
 1068.000000 1.153730 -0.382090
 1069.000000 0.992288 -0.412316
 1070.000000 1.026956 -0.357611
 1071.000000 1.017944 -0.249072
 1072.000000 1.052910 -0.386447
 1073.000000 1.070028 -0.348723
 1074.000000 0.991716 -0.353311
 1075.000000 1.093807 -0.362941
 1076.000000 1.075731 -0.325950
 1077.000000 1.062061 -0.385926
 1078.000000 1.045485 -0.330405
 1079.000000 1.105724 -0.401418
 1080.000000 1.079675 -0.292779
 1081.000000 1.059861 -0.270068
 1082.000000 1.085522 -0.314062
 1083.000000 1.044967 -0.368921
 1084.000000 1.064068 -0.410484
 1085.000000 1.023546 -0.415215
 1086.000000 1.000663 -0.351387
 1087.000000 1.035482 -0.417423
 1088.000000 1.132472 -0.362298
 1089.000000 0.986164 -0.354166
 1090.000000 1.134222 -0.372996
 1091.000000 1.101526 -0.418279
 1092.000000 1.144750 -0.362329
 1093.000000 1.143570 -0.328072
 1094.000000 1.075156 -0.246739
 1095.000000 1.126595 -0.213641
 1096.000000 1.096427 -0.399575
 1097.000000 1.170264 -0.366930
 1098.000000 1.068093 -0.384657
 1099.000000 1.117337 -0.326176
 1100.000000 1.158157 -0.330672
 1101.000000 1.127308 -0.417613
 1102.000000 1.058953 -0.372095
 1103.000000 1.165248 -0.415538
 1104.000000 0.939254 -0.277749
 1105.000000 1.123787 -0.270006
 1106.000000 1.039696 -0.343990
 1107.000000 1.156661 -0.406881
 1108.000000 1.173834 -0.377745
 1109.000000 1.008262 -0.325557
 1110.000000 1.016508 -0.337549
 1111.000000 1.023918 -0.385003
 1112.000000 1.002949 -0.405465
 1113.000000 1.015625 -0.321136
 1114.000000 1.110874 -0.329560
 1115.000000 1.058097 -0.316706
 1116.000000 1.042243 -0.348684
 1117.000000 1.130468 -0.326197
 1118.000000 1.062774 -0.382125
 1119.000000 1.104058 -0.371345
 1120.000000 1.077525 -0.303397
 1121.000000 1.047643 -0.288072
 1122.000000 1.153389 -0.394980
 1123.000000 1.125621 -0.340179
 1124.000000 1.024264 -0.423515
 1125.000000 0.987530 -0.417681
 1126.000000 1.067693 -0.292997
 1127.000000 1.098824 -0.351020
 1128.000000 0.993191 -0.411325
 1129.000000 1.046621 -0.375725
 1130.000000 1.098302 -0.417887
 1131.000000 1.013385 -0.409363
 1132.000000 0.981469 -0.329110
 1133.000000 1.033273 -0.330143
 1134.000000 1.075971 -0.355007
 1135.000000 1.015923 -0.328786
 1136.000000 1.031249 -0.325120
 1137.000000 0.936424 -0.362694
 1138.000000 0.958436 -0.426961
 1139.000000 1.092941 -0.335308
 1140.000000 1.103447 -0.411609
 1141.000000 1.024353 -0.388180
 1142.000000 1.025925 -0.315202
 1143.000000 1.009212 -0.387960
 1144.000000 1.071790 -0.430144
 1145.000000 0.991643 -0.361514
 1146.000000 1.067281 -0.334898
 1147.000000 1.147594 -0.369706
 1148.000000 1.115273 -0.313162
 1149.000000 1.038593 -0.353677
 1150.000000 0.992614 -0.347549
 1151.000000 1.197515 -0.408128
 1152.000000 1.052764 -0.314493
 1153.000000 1.025343 -0.304174
 1154.000000 1.073544 -0.387107
 1155.000000 1.043093 -0.408817
 1156.000000 1.069233 -0.383875
 1157.000000 0.962409 -0.374755
 1158.000000 1.019837 -0.387363
 1159.000000 1.026647 -0.312290
 1160.000000 1.132924 -0.430642
 1161.000000 1.050140 -0.318589
 1162.000000 1.078570 -0.366369
 1163.000000 1.044498 -0.289834
 1164.000000 1.003021 -0.459341
 1165.000000 1.052676 -0.340299
 1166.000000 1.034999 -0.317998
 1167.000000 1.230666 -0.329518
 1168.000000 1.120680 -0.320659
 1169.000000 1.068658 -0.425326
 1170.000000 1.074492 -0.445647
 1171.000000 1.038684 -0.296204
 1172.000000 0.962235 -0.302549
 1173.000000 1.171413 -0.380753
 1174.000000 0.974572 -0.372032
 1175.000000 1.023107 -0.352294
 1176.000000 0.987289 -0.459615
 1177.000000 0.993338 -0.294708
 1178.000000 1.052551 -0.443750
 1179.000000 1.048388 -0.378419
 1180.000000 0.977827 -0.371012
 1181.000000 1.184767 -0.255829
 1182.000000 1.088024 -0.401773
 1183.000000 1.118728 -0.336276
 1184.000000 1.080030 -0.398496
 1185.000000 1.051756 -0.427006
 1186.000000 1.119341 -0.378551
 1187.000000 1.171998 -0.371522
 1188.000000 1.050415 -0.328816
 1189.000000 1.045981 -0.364797
 1190.000000 1.040723 -0.358672
 1191.000000 1.048351 -0.421187
 1192.000000 1.017593 -0.416258
 1193.000000 1.033536 -0.472654
 1194.000000 0.945255 -0.387850
 1195.000000 1.106969 -0.299660
 1196.000000 0.951766 -0.306109
 1197.000000 0.986173 -0.329000
 1198.000000 1.070057 -0.339327
 1199.000000 1.074814 -0.372711
 1200.000000 1.044863 -0.378514
 1201.000000 1.047351 -0.327513
 1202.000000 0.972155 -0.389300
 1203.000000 1.095914 -0.367393
 1204.000000 1.041457 -0.345394
 1205.000000 1.101814 -0.383038
 1206.000000 0.954851 -0.332658
 1207.000000 1.125239 -0.301314
 1208.000000 1.013484 -0.351453
 1209.000000 1.026703 -0.420777
 1210.000000 1.161426 -0.426902
 1211.000000 1.038667 -0.402736
 1212.000000 1.008734 -0.402319
 1213.000000 1.159509 -0.413124
 1214.000000 1.060596 -0.411506
 1215.000000 1.033190 -0.357146
 1216.000000 1.067530 -0.324480
 1217.000000 1.084343 -0.367415
 1218.000000 1.031922 -0.265031
 1219.000000 1.129504 -0.321346
 1220.000000 1.073274 -0.359343
 1221.000000 1.108015 -0.289508
 1222.000000 1.065208 -0.237462
 1223.000000 1.058447 -0.425945
 1224.000000 1.028827 -0.307645
 1225.000000 1.078904 -0.360953
 1226.000000 0.961612 -0.348240
 1227.000000 1.073995 -0.417400
 1228.000000 1.145228 -0.358591
 1229.000000 1.021825 -0.406986
 1230.000000 1.034986 -0.336584
 1231.000000 1.127070 -0.385819
 1232.000000 1.053777 -0.285682
 1233.000000 1.070905 -0.269616
 1234.000000 1.212709 -0.260007
 1235.000000 1.035339 -0.374649
 1236.000000 1.093057 -0.333836
 1237.000000 1.112949 -0.271802
 1238.000000 1.034071 -0.347577
 1239.000000 1.072673 -0.353192
 1240.000000 1.122512 -0.326742
 1241.000000 1.166073 -0.362169
 1242.000000 1.083304 -0.290549
 1243.000000 0.993340 -0.377739
 1244.000000 1.003059 -0.382537
 1245.000000 1.117124 -0.341517
 1246.000000 1.073271 -0.418501
 1247.000000 1.112580 -0.416051
 1248.000000 1.021258 -0.344565
 1249.000000 0.971193 -0.296410
 1250.000000 1.130699 -0.375859
 1251.000000 1.045994 -0.361872
 1252.000000 1.027180 -0.439269
 1253.000000 1.086751 -0.402873
 1254.000000 1.120669 -0.395337
 1255.000000 1.082370 -0.413559
 1256.000000 1.037899 -0.404733
 1257.000000 1.099981 -0.330277
 1258.000000 1.061324 -0.371861
 1259.000000 0.956355 -0.338676
 1260.000000 1.052589 -0.313412
 1261.000000 1.087301 -0.311169
 1262.000000 1.104215 -0.402491
 1263.000000 1.028596 -0.384420
 1264.000000 1.038770 -0.292867
 1265.000000 1.108546 -0.365449
 1266.000000 1.059276 -0.459538
 1267.000000 1.081752 -0.388114
 1268.000000 1.064590 -0.379279
 1269.000000 1.076307 -0.363234
 1270.000000 1.103741 -0.302516
 1271.000000 1.079947 -0.362009
 1272.000000 1.026539 -0.359304
 1273.000000 1.114745 -0.364601
 1274.000000 1.129168 -0.428214
 1275.000000 1.143669 -0.381127
 1276.000000 1.128561 -0.327687
 1277.000000 1.141040 -0.381733
 1278.000000 1.152722 -0.411103
 1279.000000 1.096094 -0.286940
 1280.000000 1.179242 -0.254033
 1281.000000 1.056975 -0.323120
 1282.000000 1.145545 -0.323118
 1283.000000 1.122762 -0.207658
 1284.000000 1.082969 -0.188948
 1285.000000 1.133581 -0.355646
 1286.000000 1.025717 -0.280918
 1287.000000 1.035372 -0.369653
 1288.000000 1.018565 -0.219778
 1289.000000 1.105807 -0.331920
 1290.000000 1.072806 -0.280859
 1291.000000 1.028978 -0.279338
 1292.000000 1.063884 -0.305277
 1293.000000 1.117587 -0.338658
 1294.000000 0.983413 -0.260455
 1295.000000 1.065195 -0.353680
 1296.000000 1.035272 -0.289195
 1297.000000 1.021281 -0.368699
 1298.000000 1.119222 -0.284875
 1299.000000 1.085422 -0.419217
 1300.000000 1.096031 -0.351762
 1301.000000 1.012037 -0.299737
 1302.000000 1.069616 -0.352255
 1303.000000 1.023397 -0.321910
 1304.000000 1.068226 -0.344402
 1305.000000 1.024709 -0.288891
 1306.000000 1.140526 -0.298240
 1307.000000 1.057701 -0.344402
 1308.000000 1.047959 -0.343495
 1309.000000 1.083831 -0.331507
 1310.000000 1.097299 -0.323398
 1311.000000 1.186141 -0.251820
 1312.000000 1.100281 -0.303356
 1313.000000 1.106918 -0.409522
 1314.000000 0.948970 -0.318987
 1315.000000 1.001539 -0.271543
 1316.000000 0.983526 -0.405148
 1317.000000 1.130594 -0.388473
 1318.000000 1.070170 -0.365674
 1319.000000 1.182860 -0.324740
 1320.000000 1.088945 -0.294085
 1321.000000 1.046811 -0.305562
 1322.000000 1.057518 -0.232840
 1323.000000 1.090807 -0.264311
 1324.000000 1.137689 -0.276701
 1325.000000 1.106817 -0.392887
 1326.000000 1.108404 -0.324280
 1327.000000 1.167047 -0.323226
 1328.000000 1.061520 -0.266659
 1329.000000 1.031172 -0.364236
 1330.000000 1.114100 -0.364609
 1331.000000 1.011738 -0.328750
 1332.000000 1.068713 -0.308857
 1333.000000 1.051302 -0.318588
 1334.000000 1.185439 -0.274612
 1335.000000 1.182747 -0.281170
 1336.000000 1.135359 -0.327094
 1337.000000 1.150085 -0.291812
 1338.000000 1.080801 -0.322898
 1339.000000 1.000188 -0.355488
 1340.000000 0.984953 -0.316593
 1341.000000 0.950656 -0.288571
 1342.000000 1.045924 -0.351107
 1343.000000 0.996644 -0.345809
 1344.000000 1.096656 -0.355648
 1345.000000 1.063379 -0.334262
 1346.000000 1.079783 -0.391974
 1347.000000 1.006161 -0.189115
 1348.000000 1.110576 -0.309227
 1349.000000 1.063976 -0.449949
 1350.000000 1.015862 -0.294937
 1351.000000 1.077153 -0.286018
 1352.000000 1.058138 -0.345000
 1353.000000 1.090654 -0.298998
 1354.000000 1.044820 -0.349846
 1355.000000 1.133086 -0.251165
 1356.000000 1.050862 -0.283266
 1357.000000 1.086912 -0.340328
 1358.000000 1.145503 -0.277964
 1359.000000 1.070400 -0.299274
 1360.000000 1.025187 -0.230840
 1361.000000 1.123883 -0.328274
 1362.000000 1.142053 -0.359150
 1363.000000 1.043349 -0.321663
 1364.000000 1.076762 -0.272534
 1365.000000 1.027963 -0.311224
 1366.000000 0.993354 -0.333398
 1367.000000 1.077732 -0.278258
 1368.000000 1.030608 -0.254880
 1369.000000 1.067101 -0.336883
 1370.000000 1.114558 -0.243428
 1371.000000 1.084393 -0.323003
 1372.000000 1.134481 -0.312272
 1373.000000 1.053253 -0.315013
 1374.000000 1.091831 -0.216235
 1375.000000 1.144088 -0.329189
 1376.000000 1.123101 -0.418989
 1377.000000 1.071579 -0.364414
 1378.000000 1.097966 -0.343016
 1379.000000 1.128792 -0.369856
 1380.000000 1.062965 -0.320794
 1381.000000 1.052000 -0.352047
 1382.000000 0.990848 -0.436798
 1383.000000 1.176134 -0.336342
 1384.000000 1.145730 -0.461541
 1385.000000 1.151013 -0.346161
 1386.000000 1.124424 -0.308653
 1387.000000 1.163328 -0.327619
 1388.000000 1.147365 -0.415561
 1389.000000 1.044801 -0.348050
 1390.000000 1.019963 -0.368725
 1391.000000 1.054041 -0.371377
 1392.000000 1.111260 -0.398556
 1393.000000 1.046391 -0.427156
 1394.000000 1.077129 -0.332183
 1395.000000 1.113413 -0.424648
 1396.000000 1.090364 -0.391373
 1397.000000 1.022211 -0.357287
 1398.000000 1.161167 -0.410947
 1399.000000 1.020477 -0.379624
 1400.000000 1.180973 -0.400828
 1401.000000 1.073418 -0.350846
 1402.000000 1.050124 -0.326207
 1403.000000 1.076249 -0.432958
 1404.000000 1.065365 -0.346719
 1405.000000 1.050837 -0.384066
 1406.000000 1.076592 -0.422195
 1407.000000 1.164996 -0.392030
 1408.000000 1.029085 -0.417663
 1409.000000 0.958964 -0.389566
 1410.000000 1.111304 -0.376548
 1411.000000 1.162184 -0.431108
 1412.000000 1.143306 -0.332825
 1413.000000 1.142949 -0.348218
 1414.000000 1.148523 -0.305216
 1415.000000 1.133150 -0.255643
 1416.000000 1.070005 -0.344528
 1417.000000 1.027506 -0.371724
 1418.000000 1.142035 -0.329709
 1419.000000 1.000511 -0.335669
 1420.000000 1.045705 -0.432668
 1421.000000 1.143646 -0.393686
 1422.000000 1.087131 -0.441259
 1423.000000 1.031237 -0.420363
 1424.000000 1.069771 -0.321714
 1425.000000 0.979459 -0.365430
 1426.000000 1.094674 -0.406354
 1427.000000 1.088515 -0.359433
 1428.000000 1.003531 -0.386876
 1429.000000 1.071823 -0.376216
 1430.000000 1.068685 -0.441155
 1431.000000 1.096196 -0.393220
 1432.000000 1.072286 -0.425640
 1433.000000 1.226208 -0.408752
 1434.000000 1.126953 -0.444148
 1435.000000 1.109431 -0.380739
 1436.000000 1.091959 -0.386844
 1437.000000 0.993723 -0.324116
 1438.000000 1.143978 -0.285248
 1439.000000 1.060761 -0.282017
 1440.000000 1.063943 -0.425100
 1441.000000 1.029255 -0.408309
 1442.000000 1.160834 -0.297268
 1443.000000 1.064039 -0.369727
 1444.000000 1.085922 -0.395527
 1445.000000 1.019680 -0.388192
 1446.000000 1.034592 -0.243589
 1447.000000 1.156002 -0.327924
 1448.000000 1.016470 -0.360034
 1449.000000 1.043492 -0.417929
 1450.000000 1.048786 -0.419397
 1451.000000 1.072820 -0.370931
 1452.000000 1.052100 -0.428297
 1453.000000 1.106879 -0.314574
 1454.000000 1.013335 -0.359056
 1455.000000 1.056558 -0.378465
 1456.000000 1.115825 -0.487528
 1457.000000 1.116823 -0.349319
 1458.000000 1.146869 -0.287847
 1459.000000 1.015785 -0.312295
 1460.000000 1.118886 -0.412145
 1461.000000 1.105686 -0.422766
 1462.000000 1.083469 -0.395701
 1463.000000 1.064880 -0.395560
 1464.000000 1.103575 -0.365646
 1465.000000 1.080445 -0.326426
 1466.000000 1.075516 -0.442951
 1467.000000 1.020072 -0.381391
 1468.000000 1.035029 -0.407366
 1469.000000 1.040123 -0.406797
 1470.000000 0.989512 -0.350840
 1471.000000 1.046148 -0.353422
 1472.000000 1.018154 -0.370801
 1473.000000 1.031488 -0.387110
 1474.000000 1.053627 -0.391692
 1475.000000 0.992484 -0.405800
 1476.000000 1.103581 -0.428693
 1477.000000 1.052896 -0.357647
 1478.000000 1.116823 -0.411397
 1479.000000 0.982196 -0.365898
 1480.000000 1.086144 -0.359059
 1481.000000 1.070933 -0.339699
 1482.000000 1.155819 -0.397367
 1483.000000 0.997845 -0.340068
 1484.000000 1.057933 -0.394784
 1485.000000 1.014045 -0.277670
 1486.000000 1.079185 -0.358571
 1487.000000 1.062067 -0.386722
 1488.000000 1.139747 -0.373527
 1489.000000 1.081166 -0.432509
 1490.000000 0.980971 -0.274187
 1491.000000 1.126695 -0.347967
 1492.000000 1.062281 -0.368648
 1493.000000 1.058989 -0.374813
 1494.000000 1.073111 -0.371790
 1495.000000 1.003777 -0.315949
 1496.000000 1.040533 -0.386964
 1497.000000 1.016554 -0.358318
 1498.000000 1.050470 -0.340036
 1499.000000 0.972238 -0.417480
 1500.000000 1.161853 -0.354248
 1501.000000 1.062064 -0.357004
 1502.000000 1.018105 -0.382742
 1503.000000 1.032843 -0.348830
 1504.000000 0.988660 -0.348364
 1505.000000 1.100923 -0.346134
 1506.000000 1.118566 -0.265679
 1507.000000 1.112473 -0.319794
 1508.000000 1.074571 -0.390459
 1509.000000 1.040796 -0.295164
 1510.000000 1.048230 -0.378865
 1511.000000 1.123770 -0.453349
 1512.000000 1.056961 -0.394002
 1513.000000 1.030598 -0.464717
 1514.000000 1.075371 -0.463091
 1515.000000 1.149672 -0.407937
 1516.000000 1.097988 -0.420280
 1517.000000 1.079106 -0.445528
 1518.000000 1.145373 -0.494982
 1519.000000 0.999136 -0.466287
 1520.000000 1.014238 -0.354242
 1521.000000 1.059993 -0.460664
 1522.000000 1.065293 -0.335494
 1523.000000 1.050982 -0.340382
 1524.000000 0.996565 -0.340946
 1525.000000 1.012644 -0.418091
 1526.000000 1.056222 -0.356692
 1527.000000 1.097625 -0.366234
 1528.000000 1.009453 -0.341218
 1529.000000 1.140563 -0.310066
 1530.000000 1.001415 -0.308162
 1531.000000 1.055493 -0.317637
 1532.000000 1.086332 -0.424303
 1533.000000 1.045288 -0.480745
 1534.000000 1.010206 -0.314950
 1535.000000 1.041719 -0.336770
 1536.000000 1.130957 -0.253270
 1537.000000 1.059083 -0.342118
 1538.000000 1.104608 -0.416246
 1539.000000 1.037756 -0.377411
 1540.000000 1.141994 -0.423627
 1541.000000 1.107499 -0.423567
 1542.000000 1.060396 -0.474793
 1543.000000 1.030052 -0.447322
 1544.000000 1.126619 -0.365733
 1545.000000 1.011504 -0.272253
 1546.000000 0.993750 -0.321249
 1547.000000 0.974822 -0.412762
 1548.000000 1.108486 -0.346851
 1549.000000 1.090982 -0.382325
 1550.000000 1.136267 -0.285812
 1551.000000 1.024762 -0.344246
 1552.000000 1.022871 -0.332574
 1553.000000 1.053319 -0.355710
 1554.000000 0.994533 -0.434005
 1555.000000 1.008041 -0.376592
 1556.000000 1.078053 -0.340539
 1557.000000 1.057113 -0.313013
 1558.000000 1.104498 -0.363484
 1559.000000 0.979181 -0.272887
 1560.000000 1.061376 -0.311615
 1561.000000 1.084843 -0.307410
 1562.000000 1.017414 -0.361843
 1563.000000 1.096657 -0.426362
 1564.000000 1.062771 -0.376030
 1565.000000 1.041479 -0.381339
 1566.000000 0.947022 -0.295455
 1567.000000 1.155076 -0.391518
 1568.000000 1.052049 -0.355316
 1569.000000 1.066192 -0.418540
 1570.000000 1.098449 -0.405510
 1571.000000 1.089493 -0.390729
 1572.000000 1.075780 -0.335106
 1573.000000 1.084450 -0.311644
 1574.000000 1.093381 -0.388579
 1575.000000 1.050605 -0.328955
 1576.000000 1.032503 -0.322870
 1577.000000 1.067377 -0.396849
 1578.000000 1.009451 -0.428086
 1579.000000 1.071255 -0.370039
 1580.000000 1.089264 -0.369037
 1581.000000 1.053073 -0.287107
 1582.000000 1.153876 -0.343454
 1583.000000 0.999981 -0.446798
 1584.000000 0.931236 -0.319295
 1585.000000 1.032007 -0.309697
 1586.000000 1.093761 -0.316854
 1587.000000 1.058485 -0.347150
 1588.000000 1.016083 -0.333874
 1589.000000 0.938485 -0.273475
 1590.000000 0.985670 -0.343241
 1591.000000 1.160005 -0.337561
 1592.000000 1.058286 -0.334452
 1593.000000 1.086736 -0.324254
 1594.000000 1.072205 -0.338025
 1595.000000 1.068666 -0.285531
 1596.000000 1.183198 -0.403562
 1597.000000 1.144574 -0.441351
 1598.000000 1.065569 -0.387625
 1599.000000 1.039954 -0.315156
 1600.000000 1.088421 -0.354775
 1601.000000 1.107877 -0.356053
 1602.000000 1.117611 -0.361483
 1603.000000 0.999988 -0.409761
 1604.000000 1.068591 -0.412306
 1605.000000 1.061200 -0.335980
 1606.000000 0.991028 -0.384550
 1607.000000 1.081585 -0.339749
 1608.000000 0.997122 -0.279926
 1609.000000 1.024996 -0.407541
 1610.000000 1.061923 -0.361353
 1611.000000 1.040948 -0.359681
 1612.000000 1.017629 -0.414493
 1613.000000 1.114095 -0.355456
 1614.000000 1.019204 -0.251744
 1615.000000 1.072802 -0.349535
 1616.000000 1.063090 -0.322658
 1617.000000 1.041483 -0.379751
 1618.000000 1.042614 -0.301292
 1619.000000 1.054884 -0.395969
 1620.000000 1.027636 -0.369322
 1621.000000 1.098606 -0.374796
 1622.000000 1.125829 -0.355090
 1623.000000 1.078210 -0.398952
 1624.000000 1.114623 -0.347846
 1625.000000 1.097941 -0.353161
 1626.000000 1.105138 -0.404119
 1627.000000 1.036977 -0.355462
 1628.000000 0.974686 -0.285638
 1629.000000 1.106917 -0.364197
 1630.000000 1.154653 -0.318857
 1631.000000 1.091246 -0.318847
 1632.000000 1.063091 -0.368255
 1633.000000 1.115469 -0.300002
 1634.000000 1.126041 -0.345841
 1635.000000 1.115442 -0.352755
 1636.000000 1.019133 -0.406547
 1637.000000 1.059545 -0.335966
 1638.000000 1.080971 -0.375167
 1639.000000 1.085846 -0.289738
 1640.000000 1.079829 -0.413967
 1641.000000 0.987076 -0.365089
 1642.000000 0.996060 -0.364323
 1643.000000 1.086998 -0.400421
 1644.000000 1.051952 -0.386839
 1645.000000 1.145106 -0.314421
 1646.000000 1.021240 -0.315045
 1647.000000 1.102778 -0.379458
 1648.000000 1.133224 -0.448099
 1649.000000 1.056239 -0.416630
 1650.000000 1.135949 -0.322191
 1651.000000 1.089772 -0.341978
 1652.000000 0.994080 -0.330822
 1653.000000 1.148266 -0.304362
 1654.000000 1.073937 -0.273357
 1655.000000 1.118174 -0.392330
 1656.000000 1.114352 -0.312600
 1657.000000 1.041077 -0.343907
 1658.000000 1.148106 -0.353872
 1659.000000 0.984000 -0.273770
 1660.000000 1.107072 -0.310093
 1661.000000 1.136742 -0.288906
 1662.000000 1.158961 -0.302744
 1663.000000 1.055007 -0.305640
 1664.000000 1.179116 -0.420602
 1665.000000 1.057112 -0.349523
 1666.000000 1.085417 -0.386815
 1667.000000 1.167565 -0.376687
 1668.000000 0.992369 -0.307108
 1669.000000 1.033736 -0.283031
 1670.000000 1.086168 -0.356694
 1671.000000 1.023032 -0.359507
 1672.000000 1.103102 -0.360380
 1673.000000 1.113588 -0.348883
 1674.000000 1.096018 -0.327740
 1675.000000 0.990384 -0.297638
 1676.000000 1.202876 -0.341786
 1677.000000 1.133724 -0.380324
 1678.000000 1.103642 -0.360952
 1679.000000 1.119307 -0.414618
 1680.000000 1.044455 -0.360826
 1681.000000 1.050453 -0.374644
 1682.000000 1.093816 -0.300982
 1683.000000 1.065925 -0.385075
 1684.000000 1.072779 -0.327555
 1685.000000 0.942020 -0.383881
 1686.000000 1.104612 -0.332800
 1687.000000 1.014061 -0.331088
 1688.000000 1.071878 -0.377694
 1689.000000 1.139523 -0.436241
 1690.000000 1.081604 -0.395759
 1691.000000 1.059176 -0.291943
 1692.000000 1.072701 -0.392406
 1693.000000 1.096118 -0.309083
 1694.000000 1.143938 -0.381795
 1695.000000 1.084130 -0.343204
 1696.000000 1.095244 -0.326727
 1697.000000 1.145977 -0.307655
 1698.000000 1.094455 -0.434872
 1699.000000 1.181604 -0.327133
 1700.000000 1.034015 -0.321874
 1701.000000 1.121922 -0.254017
 1702.000000 1.154103 -0.307674
 1703.000000 1.127215 -0.298122
 1704.000000 1.057841 -0.400765
 1705.000000 0.964077 -0.328171
 1706.000000 1.112309 -0.431273
 1707.000000 1.155356 -0.327537
 1708.000000 1.095168 -0.377692
 1709.000000 1.090457 -0.312010
 1710.000000 1.095570 -0.330675
 1711.000000 1.084233 -0.411170
 1712.000000 1.086740 -0.372340
 1713.000000 1.146463 -0.295526
 1714.000000 1.073485 -0.401486
 1715.000000 1.091090 -0.409732
 1716.000000 1.135355 -0.365337
 1717.000000 1.052457 -0.374107
 1718.000000 1.096443 -0.367921
 1719.000000 1.170239 -0.344686
 1720.000000 1.037392 -0.290766
 1721.000000 1.169145 -0.397135
 1722.000000 1.052613 -0.387436
 1723.000000 1.129162 -0.381987
 1724.000000 1.059294 -0.375952
 1725.000000 1.137467 -0.285907
 1726.000000 1.191154 -0.435326
 1727.000000 1.115142 -0.356873
 1728.000000 1.064049 -0.369298
 1729.000000 1.146580 -0.390049
 1730.000000 1.102627 -0.313951
 1731.000000 1.062484 -0.455200
 1732.000000 1.042089 -0.421337
 1733.000000 1.083151 -0.378574
 1734.000000 1.133447 -0.355718
 1735.000000 1.136432 -0.332492
 1736.000000 1.137968 -0.219039
 1737.000000 1.056368 -0.221899
 1738.000000 1.087163 -0.409254
 1739.000000 1.147507 -0.400794
 1740.000000 1.076466 -0.343018
 1741.000000 1.071328 -0.396981
 1742.000000 1.125556 -0.396584
 1743.000000 1.119262 -0.386016
 1744.000000 1.087461 -0.317442
 1745.000000 1.086035 -0.240608
 1746.000000 1.064410 -0.293557
 1747.000000 1.028694 -0.388407
 1748.000000 1.075572 -0.297599
 1749.000000 1.050973 -0.303189
 1750.000000 0.975691 -0.292047
 1751.000000 1.114815 -0.251717
 1752.000000 1.088814 -0.348161
 1753.000000 1.012088 -0.299795
 1754.000000 1.061466 -0.239053
 1755.000000 1.116400 -0.359665
 1756.000000 1.083812 -0.386859
 1757.000000 1.086869 -0.297664
 1758.000000 1.081257 -0.236409
 1759.000000 0.980256 -0.342098
 1760.000000 1.122701 -0.247880
 1761.000000 1.113394 -0.406402
 1762.000000 1.087338 -0.360471
 1763.000000 1.083187 -0.408371
 1764.000000 0.961165 -0.388608
 1765.000000 1.068510 -0.314014
 1766.000000 0.980633 -0.341707
 1767.000000 1.056742 -0.344175
 1768.000000 1.098257 -0.346475
 1769.000000 1.096917 -0.303271
 1770.000000 0.971029 -0.398043
 1771.000000 1.026114 -0.244077
 1772.000000 1.065825 -0.248329
 1773.000000 1.092503 -0.284490
 1774.000000 1.097526 -0.351024
 1775.000000 1.086248 -0.354598
 1776.000000 1.161074 -0.354091
 1777.000000 1.077875 -0.429507
 1778.000000 1.171961 -0.388078
 1779.000000 1.148081 -0.315847
 1780.000000 1.112595 -0.330272
 1781.000000 1.138380 -0.288817
 1782.000000 1.020860 -0.319376
 1783.000000 1.059112 -0.367517
 1784.000000 1.085184 -0.341577
 1785.000000 1.004089 -0.244827
 1786.000000 1.077575 -0.342239
 1787.000000 1.025316 -0.309500
 1788.000000 1.149981 -0.288556
 1789.000000 1.138479 -0.298884
 1790.000000 1.024043 -0.319331
 1791.000000 1.068310 -0.360595
 1792.000000 1.167088 -0.296228
 1793.000000 1.054378 -0.297745
 1794.000000 1.064130 -0.225772
 1795.000000 1.019809 -0.303757
 1796.000000 1.102865 -0.304813
 1797.000000 1.102988 -0.365283
 1798.000000 1.088966 -0.238992
 1799.000000 1.077554 -0.290024
 1800.000000 1.012306 -0.274852
 1801.000000 1.005604 -0.271584
 1802.000000 1.114912 -0.224064
 1803.000000 1.106213 -0.304779
 1804.000000 1.056014 -0.304117
 1805.000000 0.968742 -0.384948
 1806.000000 1.083440 -0.345283
 1807.000000 1.058024 -0.246664
 1808.000000 1.092013 -0.267011
 1809.000000 1.156175 -0.328203
 1810.000000 1.061636 -0.289434
 1811.000000 1.110373 -0.285188
 1812.000000 1.118345 -0.267141
 1813.000000 1.084864 -0.321632
 1814.000000 1.038006 -0.379918
 1815.000000 0.980695 -0.362788
 1816.000000 1.017254 -0.406265
 1817.000000 1.097186 -0.407223
 1818.000000 1.126135 -0.330425
 1819.000000 1.082948 -0.305761
 1820.000000 1.059361 -0.407861
 1821.000000 1.120478 -0.325473
 1822.000000 1.003498 -0.299261
 1823.000000 1.035934 -0.302263
 1824.000000 1.118717 -0.292446
 1825.000000 1.094770 -0.353180
 1826.000000 1.092924 -0.342075
 1827.000000 1.144325 -0.284647
 1828.000000 0.989225 -0.402730
 1829.000000 1.111070 -0.451874
 1830.000000 1.134976 -0.262830
 1831.000000 1.075607 -0.335676
 1832.000000 1.082220 -0.348437
 1833.000000 1.071122 -0.472265
 1834.000000 1.128492 -0.351594
 1835.000000 1.076983 -0.352315
 1836.000000 1.048247 -0.208331
 1837.000000 1.094105 -0.312406
 1838.000000 1.129437 -0.347476
 1839.000000 1.140970 -0.279764
 1840.000000 1.098122 -0.334438
 1841.000000 1.198744 -0.318568
 1842.000000 1.168293 -0.271139
 1843.000000 1.200036 -0.229373
 1844.000000 1.028447 -0.299862
 1845.000000 1.044201 -0.335626
 1846.000000 1.060609 -0.304124
 1847.000000 0.985853 -0.322034
 1848.000000 1.018926 -0.281340
 1849.000000 1.046600 -0.245607
 1850.000000 1.019376 -0.319243
 1851.000000 1.074816 -0.264752
 1852.000000 1.073603 -0.246161
 1853.000000 1.020624 -0.310013
 1854.000000 1.054802 -0.336661
 1855.000000 1.058563 -0.262685
 1856.000000 1.054109 -0.348513
 1857.000000 1.091595 -0.300980
 1858.000000 0.966121 -0.324859
 1859.000000 1.024321 -0.256179
 1860.000000 1.025410 -0.356590
 1861.000000 1.083584 -0.381292
 1862.000000 1.069406 -0.380190
 1863.000000 1.036682 -0.437434
 1864.000000 1.089473 -0.392421
 1865.000000 1.053449 -0.339573
 1866.000000 1.148942 -0.371340
 1867.000000 0.996483 -0.272935
 1868.000000 1.150758 -0.343856
 1869.000000 1.089826 -0.410205
 1870.000000 1.045115 -0.345456
 1871.000000 1.047626 -0.315725
 1872.000000 1.204126 -0.386257
 1873.000000 1.118420 -0.345601
 1874.000000 1.012615 -0.322491
 1875.000000 1.170266 -0.263893
 1876.000000 1.207620 -0.334743
 1877.000000 1.133735 -0.359477
 1878.000000 1.101047 -0.385584
 1879.000000 1.039902 -0.359018
 1880.000000 1.059542 -0.413634
 1881.000000 1.096980 -0.460406
 1882.000000 1.082683 -0.312061
 1883.000000 1.035646 -0.313299
 1884.000000 1.076074 -0.351843
 1885.000000 1.067721 -0.351241
 1886.000000 0.986718 -0.416291
 1887.000000 1.053506 -0.346975
 1888.000000 1.186980 -0.334270
 1889.000000 1.100450 -0.287027
 1890.000000 1.113886 -0.426765
 1891.000000 1.133672 -0.394149
 1892.000000 1.059216 -0.353719
 1893.000000 1.066313 -0.302269
 1894.000000 1.085153 -0.294904
 1895.000000 1.092496 -0.364718
 1896.000000 1.136395 -0.471053
 1897.000000 1.101798 -0.445414
 1898.000000 1.104710 -0.353264
 1899.000000 1.146778 -0.368312
 1900.000000 1.065500 -0.364685
 1901.000000 1.114829 -0.433510
 1902.000000 1.035392 -0.291422
 1903.000000 1.054675 -0.344113
 1904.000000 1.145169 -0.321966
 1905.000000 1.225020 -0.290879
 1906.000000 1.085427 -0.300548
 1907.000000 1.161332 -0.360400
 1908.000000 1.159803 -0.350711
 1909.000000 1.114585 -0.317924
 1910.000000 1.114388 -0.313251
 1911.000000 1.121680 -0.345488
 1912.000000 1.203249 -0.340126
 1913.000000 1.077233 -0.426732
 1914.000000 1.136607 -0.407211
 1915.000000 0.942208 -0.356891
 1916.000000 1.192521 -0.440387
 1917.000000 1.044048 -0.425168
 1918.000000 1.151710 -0.304630
 1919.000000 1.008220 -0.464275
 1920.000000 1.041620 -0.241783
 1921.000000 0.969799 -0.309280
 1922.000000 1.096109 -0.362110
 1923.000000 1.142150 -0.382923
 1924.000000 1.107780 -0.393608
 1925.000000 1.083505 -0.389105
 1926.000000 1.015579 -0.318995
 1927.000000 1.153289 -0.357739
 1928.000000 1.058717 -0.330936
 1929.000000 1.093375 -0.265143
 1930.000000 1.119745 -0.375630
 1931.000000 1.079528 -0.383137
 1932.000000 1.067089 -0.385608
 1933.000000 1.031514 -0.267318
 1934.000000 1.006829 -0.361497
 1935.000000 1.081822 -0.392776
 1936.000000 0.957205 -0.364990
 1937.000000 1.063062 -0.242917
 1938.000000 1.009584 -0.336473
 1939.000000 0.939944 -0.310600
 1940.000000 1.104695 -0.394928
 1941.000000 1.057429 -0.351023
 1942.000000 1.015666 -0.297468
 1943.000000 1.024894 -0.326891
 1944.000000 0.963851 -0.317259
 1945.000000 1.028344 -0.394944
 1946.000000 1.167420 -0.336084
 1947.000000 1.132877 -0.267105
 1948.000000 1.101872 -0.355453
 1949.000000 1.081278 -0.324943
 1950.000000 1.091490 -0.335542
 1951.000000 1.042762 -0.341447
 1952.000000 0.940831 -0.402168
 1953.000000 1.116027 -0.264344
 1954.000000 1.037340 -0.304910
 1955.000000 1.075253 -0.359211
 1956.000000 1.017208 -0.314971
 1957.000000 1.004871 -0.410627
 1958.000000 0.969280 -0.321468
 1959.000000 1.138310 -0.295721
 1960.000000 1.045222 -0.380701
 1961.000000 1.119658 -0.429827
 1962.000000 1.045888 -0.362579
 1963.000000 1.141731 -0.361176
 1964.000000 1.114598 -0.457253
 1965.000000 1.029162 -0.394926
 1966.000000 1.110164 -0.351821
 1967.000000 1.053672 -0.306561
 1968.000000 1.150160 -0.428566
 1969.000000 1.119807 -0.308048
 1970.000000 1.160028 -0.357257
 1971.000000 1.040318 -0.343094
 1972.000000 1.175545 -0.406834
 1973.000000 1.081381 -0.493300
 1974.000000 1.135143 -0.406882
 1975.000000 1.063550 -0.326002
 1976.000000 1.008409 -0.413237
 1977.000000 1.016794 -0.357069
 1978.000000 1.063317 -0.242356
 1979.000000 1.028120 -0.448521
 1980.000000 1.051790 -0.402978
 1981.000000 1.042201 -0.403626
 1982.000000 1.059954 -0.450986
 1983.000000 1.066587 -0.395932
 1984.000000 1.074542 -0.350978
 1985.000000 1.120238 -0.295699
 1986.000000 1.111327 -0.343725
 1987.000000 1.051040 -0.399331
 1988.000000 1.079451 -0.437998
 1989.000000 1.107507 -0.314507
 1990.000000 1.035214 -0.235643
 1991.000000 1.076056 -0.264200
 1992.000000 0.950422 -0.297409
 1993.000000 1.136002 -0.285623
 1994.000000 1.201587 -0.358866
 1995.000000 1.120974 -0.219802
 1996.000000 0.995607 -0.369586
 1997.000000 1.097865 -0.280558
 1998.000000 1.134993 -0.288044
 1999.000000 1.029842 -0.298456
 2000.000000 1.060639 -0.304818
 2001.000000 1.062962 -0.324086
 2002.000000 1.104938 -0.216498
 2003.000000 1.056349 -0.308626
 2004.000000 1.046244 -0.304202
 2005.000000 1.030225 -0.279102
 2006.000000 1.066020 -0.280481
 2007.000000 1.094749 -0.386905
 2008.000000 1.080831 -0.327637
 2009.000000 0.966913 -0.255370
 2010.000000 1.087517 -0.286191
 2011.000000 0.934539 -0.325727
 2012.000000 1.050296 -0.194460
 2013.000000 1.121316 -0.353409
 2014.000000 1.100132 -0.299093
 2015.000000 0.922974 -0.337673
 2016.000000 1.150165 -0.286820
 2017.000000 1.250752 -0.342175
 2018.000000 1.064794 -0.325518
 2019.000000 1.193492 -0.339246
 2020.000000 1.072533 -0.307164
 2021.000000 1.018982 -0.389321
 2022.000000 1.071484 -0.307553
 2023.000000 1.103027 -0.309695
 2024.000000 1.180154 -0.338184
 2025.000000 1.093502 -0.272250
 2026.000000 1.069106 -0.259969
 2027.000000 1.108662 -0.261322
 2028.000000 1.070718 -0.296851
 2029.000000 1.099295 -0.372001
 2030.000000 1.200720 -0.334758
 2031.000000 1.212367 -0.345446
 2032.000000 1.127364 -0.370161
 2033.000000 1.096740 -0.327483
 2034.000000 1.094061 -0.352909
 2035.000000 1.141469 -0.288357
 2036.000000 1.181150 -0.387196
 2037.000000 1.059012 -0.311867
 2038.000000 0.992707 -0.292082
 2039.000000 1.045996 -0.385870
 2040.000000 1.158738 -0.366600
 2041.000000 1.093874 -0.364487
 2042.000000 1.148334 -0.472311
 2043.000000 1.112543 -0.322893
 2044.000000 1.101451 -0.399873
 2045.000000 1.143776 -0.355936
 2046.000000 1.119863 -0.348137
 2047.000000 1.109869 -0.304036
 2048.000000 1.120612 -0.352435
 2049.000000 1.084025 -0.333767
 2050.000000 1.079760 -0.351332
 2051.000000 1.013333 -0.409129
 2052.000000 1.040915 -0.307859
 2053.000000 1.125872 -0.355126
 2054.000000 1.155715 -0.380478
 2055.000000 1.044009 -0.332327
 2056.000000 1.081340 -0.381688
 2057.000000 1.103257 -0.445722
 2058.000000 1.159821 -0.313179
 2059.000000 1.075631 -0.247111
 2060.000000 1.141123 -0.373889
 2061.000000 1.098238 -0.265198
 2062.000000 1.004613 -0.325312
 2063.000000 1.058643 -0.308555
 2064.000000 1.038632 -0.264231
 2065.000000 1.056063 -0.200556
 2066.000000 1.043165 -0.340363
 2067.000000 1.163810 -0.315730
 2068.000000 1.081055 -0.241400
 2069.000000 1.037114 -0.237147
 2070.000000 1.140863 -0.310140
 2071.000000 1.074192 -0.349980
 2072.000000 1.106450 -0.367151
 2073.000000 1.177393 -0.332222
 2074.000000 1.081492 -0.306546
 2075.000000 1.137826 -0.280148
 2076.000000 1.048578 -0.291228
 2077.000000 1.085548 -0.408329
 2078.000000 1.070798 -0.363031
 2079.000000 1.111539 -0.293601
 2080.000000 1.064753 -0.310743
 2081.000000 1.101909 -0.239333
 2082.000000 1.009339 -0.331929
 2083.000000 1.093543 -0.317817
 2084.000000 1.091922 -0.375599
 2085.000000 1.019005 -0.299734
 2086.000000 1.062647 -0.279249
 2087.000000 1.123915 -0.347333
 2088.000000 1.036489 -0.400395
 2089.000000 1.083910 -0.390759
 2090.000000 1.053571 -0.378535
 2091.000000 1.052297 -0.404588
 2092.000000 1.061651 -0.352823
 2093.000000 1.090024 -0.329897
 2094.000000 1.061521 -0.407564
 2095.000000 1.032735 -0.341966
 2096.000000 1.036546 -0.367992
 2097.000000 1.040220 -0.282484
 2098.000000 1.107903 -0.432850
 2099.000000 1.062671 -0.438710
 2100.000000 1.083833 -0.433010
 2101.000000 1.052755 -0.317523
 2102.000000 1.030418 -0.373941
 2103.000000 1.062098 -0.355404
 2104.000000 1.169863 -0.328166
 2105.000000 1.128248 -0.372945
 2106.000000 1.070616 -0.396625
 2107.000000 1.127131 -0.400699
 2108.000000 1.166437 -0.436178
 2109.000000 1.136051 -0.272468
 2110.000000 1.088398 -0.334985
 2111.000000 1.059196 -0.316127
 2112.000000 1.085633 -0.380677
 2113.000000 1.010162 -0.387772
 2114.000000 1.087395 -0.430653
 2115.000000 1.153137 -0.376510
 2116.000000 1.052818 -0.302485
 2117.000000 1.016913 -0.390599
 2118.000000 1.137255 -0.381915
 2119.000000 1.022469 -0.330732
 2120.000000 1.079729 -0.420637
 2121.000000 1.188218 -0.444715
 2122.000000 1.120126 -0.405133
 2123.000000 1.045167 -0.451910
 2124.000000 1.170912 -0.348900
 2125.000000 1.102770 -0.472081
 2126.000000 1.146539 -0.346614
 2127.000000 1.098172 -0.381966
 2128.000000 1.189013 -0.433293
 2129.000000 1.143733 -0.276264
 2130.000000 1.105118 -0.340398
 2131.000000 1.136117 -0.389168
 2132.000000 1.072993 -0.375515
 2133.000000 1.151612 -0.308739
 2134.000000 1.113350 -0.369053
 2135.000000 1.101507 -0.388065
 2136.000000 1.031591 -0.389041
 2137.000000 1.130343 -0.359742
 2138.000000 0.983024 -0.295816
 2139.000000 1.052101 -0.303705
 2140.000000 1.008996 -0.337060
 2141.000000 0.987650 -0.345721
 2142.000000 1.031733 -0.355528
 2143.000000 1.107074 -0.283589
 2144.000000 1.004722 -0.349943
 2145.000000 1.043625 -0.331533
 2146.000000 1.020956 -0.329223
 2147.000000 1.041729 -0.364501
 2148.000000 0.994502 -0.301978
 2149.000000 1.001186 -0.294088
 2150.000000 1.011997 -0.353841
 2151.000000 1.056828 -0.308515
 2152.000000 1.046822 -0.288569
 2153.000000 1.053341 -0.337405
 2154.000000 1.062324 -0.336938
 2155.000000 1.011973 -0.338792
 2156.000000 1.066838 -0.228803
 2157.000000 1.080392 -0.283815
 2158.000000 1.159912 -0.265802
 2159.000000 1.157609 -0.422314
 2160.000000 1.082812 -0.406888
 2161.000000 1.146134 -0.383494
 2162.000000 1.255248 -0.384177
 2163.000000 1.115245 -0.386782
 2164.000000 1.100565 -0.465050
 2165.000000 1.036029 -0.399766
 2166.000000 1.103825 -0.341935
 2167.000000 1.098936 -0.377548
 2168.000000 1.035365 -0.357664
 2169.000000 1.064179 -0.375756
 2170.000000 1.086401 -0.358138
 2171.000000 1.024748 -0.459489
 2172.000000 1.110344 -0.330909
 2173.000000 1.064342 -0.270307
 2174.000000 1.203038 -0.284898
 2175.000000 1.099187 -0.430635
 2176.000000 1.098795 -0.318393
 2177.000000 1.031583 -0.328899
 2178.000000 1.118236 -0.309909
 2179.000000 1.077363 -0.397161
 2180.000000 1.151628 -0.341420
 2181.000000 1.184814 -0.271043
 2182.000000 1.131311 -0.360029
 2183.000000 1.050950 -0.378585
 2184.000000 1.123250 -0.393164
 2185.000000 1.166172 -0.215349
 2186.000000 1.110718 -0.284393
 2187.000000 1.224812 -0.380259
 2188.000000 1.060954 -0.385164
 2189.000000 1.054155 -0.329254
 2190.000000 1.089647 -0.362084
 2191.000000 1.084223 -0.363247
 2192.000000 1.161388 -0.326147
 2193.000000 1.158439 -0.338228
 2194.000000 1.034704 -0.332329
 2195.000000 1.009780 -0.335594
 2196.000000 1.025342 -0.307658
 2197.000000 1.077691 -0.396369
 2198.000000 1.020796 -0.321195
 2199.000000 0.959657 -0.282201
 2200.000000 1.051384 -0.386805
 2201.000000 1.178682 -0.348133
 2202.000000 1.114699 -0.288762
 2203.000000 1.077076 -0.390560
 2204.000000 1.108692 -0.356970
 2205.000000 1.190812 -0.377068
 2206.000000 1.134548 -0.337564
 2207.000000 1.065891 -0.346096
 2208.000000 1.161178 -0.392031
 2209.000000 1.142427 -0.330029
 2210.000000 1.107826 -0.380574
 2211.000000 0.992231 -0.422622
 2212.000000 1.207127 -0.378177
 2213.000000 1.123839 -0.370181
 2214.000000 1.083218 -0.298102
 2215.000000 1.105196 -0.347003
 2216.000000 1.158688 -0.357556
 2217.000000 1.000328 -0.277906
 2218.000000 1.121247 -0.339723
 2219.000000 1.100784 -0.323823
 2220.000000 1.118548 -0.282411
 2221.000000 1.073983 -0.325434
 2222.000000 1.201437 -0.382007
 2223.000000 1.103484 -0.340420
 2224.000000 1.136621 -0.404204
 2225.000000 1.054504 -0.381561
 2226.000000 1.039016 -0.390577
 2227.000000 1.051291 -0.345678
 2228.000000 1.026276 -0.350721
 2229.000000 1.091510 -0.374103
 2230.000000 1.117841 -0.354293
 2231.000000 1.045328 -0.353040
 2232.000000 1.162118 -0.331609
 2233.000000 1.152151 -0.384333
 2234.000000 1.136110 -0.348415
 2235.000000 1.099421 -0.374144
 2236.000000 0.969076 -0.394276
 2237.000000 1.110893 -0.527117
 2238.000000 1.094705 -0.268088
 2239.000000 1.154030 -0.364529
 2240.000000 1.082694 -0.380037
 2241.000000 1.017028 -0.423577
 2242.000000 1.046768 -0.384367
 2243.000000 1.085826 -0.405856
 2244.000000 1.131717 -0.407701
 2245.000000 1.000945 -0.378228
 2246.000000 1.198847 -0.414641
 2247.000000 1.118853 -0.350012
 2248.000000 1.145834 -0.396763
 2249.000000 1.139824 -0.352885
 2250.000000 1.094640 -0.338499
 2251.000000 1.049507 -0.273423
 2252.000000 1.079354 -0.354451
 2253.000000 1.108257 -0.353876
 2254.000000 1.114614 -0.467056
 2255.000000 1.085390 -0.376157
 2256.000000 1.036231 -0.372278
 2257.000000 1.021487 -0.399109
 2258.000000 1.029835 -0.334517
 2259.000000 1.127481 -0.293189
 2260.000000 1.086580 -0.405409
 2261.000000 1.141102 -0.363440
 2262.000000 1.101133 -0.385720
 2263.000000 1.046502 -0.354632
 2264.000000 1.057202 -0.331466
 2265.000000 1.131149 -0.431036
 2266.000000 1.014788 -0.382111
 2267.000000 1.067407 -0.355030
 2268.000000 1.049709 -0.443777
 2269.000000 1.127410 -0.379736
 2270.000000 1.217014 -0.344719
 2271.000000 1.104172 -0.386300
 2272.000000 1.127940 -0.419648
 2273.000000 1.070713 -0.354092
 2274.000000 1.095530 -0.315012
 2275.000000 1.077275 -0.374347
 2276.000000 1.191998 -0.366703
 2277.000000 1.024243 -0.384374
 2278.000000 1.089422 -0.323991
 2279.000000 1.091287 -0.357428
 2280.000000 1.162659 -0.355101
 2281.000000 1.129770 -0.409867
 2282.000000 1.115020 -0.283613
 2283.000000 1.027008 -0.320328
 2284.000000 1.191447 -0.429047
 2285.000000 1.053994 -0.250684
 2286.000000 1.092155 -0.241874
 2287.000000 1.143682 -0.327504
 2288.000000 1.066678 -0.367055
 2289.000000 1.133159 -0.396585
 2290.000000 1.071461 -0.372699
 2291.000000 1.093015 -0.339195
 2292.000000 1.134532 -0.353969
 2293.000000 1.162528 -0.323894
 2294.000000 1.092427 -0.334720
 2295.000000 1.085158 -0.311049
 2296.000000 1.157585 -0.280853
 2297.000000 1.026866 -0.363257
 2298.000000 1.083246 -0.314157
 2299.000000 1.084600 -0.304125
 2300.000000 1.177893 -0.263196
 2301.000000 1.101519 -0.343809
 2302.000000 1.149434 -0.268250
 2303.000000 1.032197 -0.344557
 2304.000000 1.097239 -0.341413
 2305.000000 1.174485 -0.407021
 2306.000000 1.119863 -0.305927
 2307.000000 1.049459 -0.377186
 2308.000000 1.127892 -0.452072
 2309.000000 1.139070 -0.344425
 2310.000000 1.089597 -0.242717
 2311.000000 0.945093 -0.293229
 2312.000000 1.099940 -0.383009
 2313.000000 1.204351 -0.346232
 2314.000000 1.130516 -0.368580
 2315.000000 1.088824 -0.364397
 2316.000000 1.015650 -0.399972
 2317.000000 1.113667 -0.327083
 2318.000000 1.081259 -0.378062
 2319.000000 1.082273 -0.433045
 2320.000000 1.121052 -0.407788
 2321.000000 1.084966 -0.430703
 2322.000000 1.067855 -0.426364
 2323.000000 1.071587 -0.353876
 2324.000000 1.095589 -0.400321
 2325.000000 1.198117 -0.328349
 2326.000000 1.122655 -0.444424
 2327.000000 1.011692 -0.445438
 2328.000000 1.111873 -0.370395
 2329.000000 1.184183 -0.411294
 2330.000000 1.128346 -0.389607
 2331.000000 1.060248 -0.347698
 2332.000000 1.135355 -0.329835
 2333.000000 1.152928 -0.303731
 2334.000000 1.055024 -0.343549
 2335.000000 1.074405 -0.369327
 2336.000000 1.053069 -0.292771
 2337.000000 1.120103 -0.303495
 2338.000000 1.154797 -0.271356
 2339.000000 1.076760 -0.327453
 2340.000000 1.105699 -0.268641
 2341.000000 1.130516 -0.286914
 2342.000000 1.001435 -0.316780
 2343.000000 1.143212 -0.250868
 2344.000000 1.103585 -0.312118
 2345.000000 1.082946 -0.359874
 2346.000000 1.125511 -0.400210
 2347.000000 0.939627 -0.388909
 2348.000000 0.977275 -0.365600
 2349.000000 1.164469 -0.385256
 2350.000000 1.072053 -0.351383
 2351.000000 1.075356 -0.427140
 2352.000000 1.083436 -0.372637
 2353.000000 1.139055 -0.260126
 2354.000000 1.141570 -0.370198
 2355.000000 1.160134 -0.384134
 2356.000000 1.063532 -0.380656
 2357.000000 1.148496 -0.353522
 2358.000000 1.095382 -0.336814
 2359.000000 1.151588 -0.372112
 2360.000000 1.108280 -0.362978
 2361.000000 1.050686 -0.364796
 2362.000000 1.109227 -0.344671
 2363.000000 1.072560 -0.270726
 2364.000000 1.100704 -0.401381
 2365.000000 1.070308 -0.351424
 2366.000000 1.154967 -0.364539
 2367.000000 1.142053 -0.337296
 2368.000000 1.128353 -0.352154
 2369.000000 1.119873 -0.319488
 2370.000000 1.096065 -0.431920
 2371.000000 1.129046 -0.403692
 2372.000000 1.182330 -0.357679
 2373.000000 1.125040 -0.355012
 2374.000000 1.104401 -0.280082
 2375.000000 1.105485 -0.303755
 2376.000000 1.069901 -0.371238
 2377.000000 1.158520 -0.379610
 2378.000000 1.081909 -0.333389
 2379.000000 1.155103 -0.377543
 2380.000000 1.111836 -0.369209
 2381.000000 1.122430 -0.371522
 2382.000000 1.101442 -0.355457
 2383.000000 1.050531 -0.349508
 2384.000000 1.015833 -0.481564
 2385.000000 1.079861 -0.373034
 2386.000000 1.116101 -0.328045
 2387.000000 1.105261 -0.415913
 2388.000000 0.978994 -0.371392
 2389.000000 1.090892 -0.393897
 2390.000000 1.022664 -0.455910
 2391.000000 1.104007 -0.449044
 2392.000000 1.131958 -0.358972
 2393.000000 1.119028 -0.339089
 2394.000000 1.010541 -0.337850
 2395.000000 1.173593 -0.357020
 2396.000000 1.058842 -0.326117
 2397.000000 1.130944 -0.311979
 2398.000000 1.085534 -0.380410
 2399.000000 0.994392 -0.408028
 2400.000000 1.064712 -0.316232
 2401.000000 1.072741 -0.276519
 2402.000000 1.065793 -0.351564
 2403.000000 1.114375 -0.413903
 2404.000000 1.092168 -0.339558
 2405.000000 1.089343 -0.300258
 2406.000000 1.077632 -0.338077
 2407.000000 1.110342 -0.273220
 2408.000000 1.173518 -0.405574
 2409.000000 1.120162 -0.358119
 2410.000000 1.015628 -0.289646
 2411.000000 1.043991 -0.326928
 2412.000000 1.064041 -0.343899
 2413.000000 1.084061 -0.376921
 2414.000000 1.137526 -0.392377
 2415.000000 1.111362 -0.395663
 2416.000000 1.015154 -0.369783
 2417.000000 1.065338 -0.404392
 2418.000000 1.142919 -0.271267
 2419.000000 1.151835 -0.277819
 2420.000000 1.094514 -0.331910
 2421.000000 1.120279 -0.363214
 2422.000000 1.173004 -0.337102
 2423.000000 1.118129 -0.388748
 2424.000000 1.078004 -0.375061
 2425.000000 1.086637 -0.410494
 2426.000000 1.098485 -0.402894
 2427.000000 1.163336 -0.339358
 2428.000000 1.146741 -0.283662
 2429.000000 1.150446 -0.331811
 2430.000000 1.140265 -0.331729
 2431.000000 1.182417 -0.333692
 2432.000000 1.015296 -0.409391
 2433.000000 1.142936 -0.343897
 2434.000000 1.000217 -0.288019
 2435.000000 1.140121 -0.316771
 2436.000000 1.068945 -0.364569
 2437.000000 1.068550 -0.461485
 2438.000000 1.051523 -0.327374
 2439.000000 1.148461 -0.307577
 2440.000000 1.040094 -0.342280
 2441.000000 1.061525 -0.305523
 2442.000000 1.112428 -0.301284
 2443.000000 1.071177 -0.329657
 2444.000000 1.042836 -0.354989
 2445.000000 1.097814 -0.260780
 2446.000000 1.101674 -0.331472
 2447.000000 0.994464 -0.290660
 2448.000000 1.057092 -0.325731
 2449.000000 1.188752 -0.355272
 2450.000000 1.083648 -0.315680
 2451.000000 1.093217 -0.337203
 2452.000000 1.066125 -0.373576
 2453.000000 1.116075 -0.347109
 2454.000000 1.053863 -0.437802
 2455.000000 1.044223 -0.443192
 2456.000000 1.034533 -0.375934
 2457.000000 1.114049 -0.368227
 2458.000000 1.026423 -0.340919
 2459.000000 1.029517 -0.282192
 2460.000000 1.043416 -0.298734
 2461.000000 1.085649 -0.307438
 2462.000000 1.118986 -0.222041
 2463.000000 1.176561 -0.408777
 2464.000000 1.125795 -0.246050
 2465.000000 1.144224 -0.312929
 2466.000000 1.123742 -0.416621
 2467.000000 1.123298 -0.358736
 2468.000000 1.145211 -0.277945
 2469.000000 1.125782 -0.375206
 2470.000000 0.992493 -0.319930
 2471.000000 1.101508 -0.275514
 2472.000000 1.067560 -0.356092
 2473.000000 0.995076 -0.395005
 2474.000000 1.114095 -0.409899
 2475.000000 1.138476 -0.286841
 2476.000000 1.080358 -0.303035
 2477.000000 1.105999 -0.316340
 2478.000000 1.053245 -0.336871
 2479.000000 1.170837 -0.417336
 2480.000000 1.098252 -0.393494
 2481.000000 1.031506 -0.437931
 2482.000000 1.059989 -0.384763
 2483.000000 1.106393 -0.289657
 2484.000000 1.094291 -0.409946
 2485.000000 1.120580 -0.384188
 2486.000000 1.098608 -0.349818
 2487.000000 1.081643 -0.397471
 2488.000000 1.144844 -0.388583
 2489.000000 1.123048 -0.362807
 2490.000000 0.982793 -0.309121
 2491.000000 1.015224 -0.317771
 2492.000000 1.038044 -0.293977
 2493.000000 1.121369 -0.395025
 2494.000000 1.116581 -0.355763
 2495.000000 1.140461 -0.365603
 2496.000000 1.033179 -0.332935
 2497.000000 1.148877 -0.359051
 2498.000000 1.031255 -0.383289
 2499.000000 1.063039 -0.357367
 2500.000000 1.085693 -0.437992
