#! FIELDS time pd_137_140 diff
 0.000000 1.857712 0.821870
 1.000000 1.870054 0.667645
 2.000000 1.796083 0.769608
 3.000000 1.738355 0.735421
 4.000000 1.708477 0.749550
 5.000000 1.744003 0.776489
 6.000000 1.796601 0.813653
 7.000000 1.745425 0.789989
 8.000000 1.784943 0.732716
 9.000000 1.751372 0.778759
 10.000000 1.812002 0.730584
 11.000000 1.830193 0.740536
 12.000000 1.833205 0.762210
 13.000000 1.806528 0.729486
 14.000000 1.646857 0.733750
 15.000000 1.786748 0.659824
 16.000000 1.857802 0.670005
 17.000000 1.839195 0.656185
 18.000000 1.836597 0.687900
 19.000000 1.791074 0.725050
 20.000000 1.819228 0.697034
 21.000000 1.866723 0.777007
 22.000000 1.809051 0.703047
 23.000000 1.835562 0.740033
 24.000000 1.830256 0.857298
 25.000000 1.855075 0.774739
 26.000000 1.775779 0.751531
 27.000000 1.784904 0.733326
 28.000000 1.786622 0.825819
 29.000000 1.811758 0.705182
 30.000000 1.937054 0.702137
 31.000000 1.904809 0.747868
 32.000000 1.840336 0.716973
 33.000000 1.724839 0.813395
 34.000000 1.776671 0.768380
 35.000000 1.819327 0.668659
 36.000000 1.680484 0.694387
 37.000000 1.802910 0.652113
 38.000000 1.806421 0.656829
 39.000000 1.848241 0.761529
 40.000000 1.807208 0.726560
 41.000000 1.758400 0.793856
 42.000000 1.722118 0.797496
 43.000000 1.809280 0.723200
 44.000000 1.894675 0.686951
 45.000000 1.778381 0.757071
 46.000000 1.646146 0.684538
 47.000000 1.799606 0.763361
 48.000000 1.833275 0.739645
 49.000000 1.856785 0.765487
 50.000000 1.812797 0.767317
 51.000000 1.844261 0.731466
 52.000000 1.748332 0.733647
 53.000000 1.801302 0.733565
 54.000000 1.788700 0.792740
 55.000000 1.821752 0.717047
 56.000000 1.811338 0.669323
 57.000000 1.805718 0.769409
 58.000000 1.773354 0.701565
 59.000000 1.807097 0.751841
 60.000000 1.828646 0.722794
 61.000000 1.883880 0.686758
 62.000000 1.825288 0.834865
 63.000000 1.775541 0.713394
 64.000000 1.874044 0.769837
 65.000000 1.727667 0.799541
 66.000000 1.874414 0.688498
 67.000000 1.819632 0.652340
 68.000000 1.841072 0.785201
 69.000000 1.829102 0.831796
 70.000000 1.992616 0.706740
 71.000000 1.969851 0.695888
 72.000000 1.959440 0.719963
 73.000000 1.826810 0.645933
 74.000000 1.942095 0.687628
 75.000000 1.872995 0.676420
 76.000000 2.013360 0.698030
 77.000000 1.857981 0.754924
 78.000000 1.832361 0.798180
 79.000000 1.774390 0.604109
 80.000000 1.735908 0.756146
 81.000000 1.856517 0.680432
 82.000000 1.815350 0.775103
 83.000000 1.862978 0.763677
 84.000000 1.825967 0.781972
 85.000000 1.924696 0.776877
 86.000000 1.849219 0.756460
 87.000000 1.741844 0.734448
 88.000000 1.872402 0.924546
 89.000000 1.714798 0.718138
 90.000000 1.811941 0.833338
 91.000000 1.926453 0.791235
 92.000000 1.805732 0.826327
 93.000000 1.934098 0.760378
 94.000000 1.899554 0.611056
 95.000000 1.823304 0.666725
 96.000000 1.896093 0.784976
 97.000000 1.804161 0.717124
 98.000000 1.828449 0.711886
 99.000000 1.793816 0.728661
 100.000000 1.776554 0.828354
 101.000000 1.785312 0.699397
 102.000000 1.837650 0.747831
 103.000000 1.730480 0.780739
 104.000000 1.882969 0.793082
 105.000000 1.833205 0.729813
 106.000000 1.886400 0.767724
 107.000000 1.790361 0.739263
 108.000000 1.810622 0.757311
 109.000000 1.771028 0.728752
 110.000000 1.876431 0.651669
 111.000000 1.887839 0.628102
 112.000000 1.778389 0.690990
 113.000000 1.808925 0.780132
 114.000000 1.919438 0.706033
 115.000000 1.998139 0.757679
 116.000000 1.820514 0.734632
 117.000000 1.975318 0.741643
 118.000000 1.860618 0.681121
 119.000000 1.910232 0.723237
 120.000000 1.855250 0.769818
 121.000000 1.831079 0.726971
 122.000000 1.869190 0.758476
 123.000000 1.864850 0.753665
 124.000000 1.887307 0.571030
 125.000000 1.894779 0.636710
 126.000000 1.802117 0.648521
 127.000000 1.805608 0.754852
 128.000000 1.741139 0.648215
 129.000000 1.866768 0.786503
 130.000000 1.928340 0.864084
 131.000000 1.959324 0.687211
 132.000000 1.847628 0.745074
 133.000000 1.884939 0.712485
 134.000000 1.897909 0.672641
 135.000000 1.799838 0.699404
 136.000000 1.874680 0.762518
 137.000000 1.822224 0.712834
 138.000000 1.748572 0.670902
 139.000000 1.736920 0.663558
 140.000000 1.833976 0.684788
 141.000000 1.867227 0.731828
 142.000000 1.854563 0.775720
 143.000000 1.912825 0.716505
 144.000000 1.858197 0.680392
 145.000000 1.877124 0.716615
 146.000000 1.834878 0.675146
 147.000000 1.879407 0.745777
 148.000000 1.771722 0.839032
 149.000000 1.728379 0.585163
 150.000000 1.776912 0.746230
 151.000000 1.816437 0.803524
 152.000000 1.763370 0.654116
 153.000000 1.896263 0.662684
 154.000000 1.783287 0.735378
 155.000000 1.757543 0.667158
 156.000000 1.809225 0.847231
 157.000000 1.878873 0.813164
 158.000000 2.071506 0.792671
 159.000000 1.867883 0.697249
 160.000000 1.878000 0.662120
 161.000000 1.842096 0.646451
 162.000000 1.882576 0.735858
 163.000000 1.736496 0.707694
 164.000000 1.925872 0.708607
 165.000000 1.882847 0.711413
 166.000000 1.813965 0.775566
 167.000000 1.802713 0.716612
 168.000000 1.824903 0.731692
 169.000000 1.879683 0.662622
 170.000000 1.799656 0.667069
 171.000000 1.826688 0.683296
 172.000000 1.834195 0.694363
 173.000000 1.859151 0.733610
 174.000000 1.848647 0.722181
 175.000000 1.849780 0.708778
 176.000000 1.746123 0.617575
 177.000000 1.837094 0.763067
 178.000000 1.796313 0.649139
 179.000000 1.807462 0.722139
 180.000000 1.848666 0.722078
 181.000000 1.833764 0.653692
 182.000000 1.833632 0.729264
 183.000000 1.903190 0.692880
 184.000000 1.886811 0.729914
 185.000000 1.900468 0.702483
 186.000000 1.937838 0.704578
 187.000000 1.809774 0.790422
 188.000000 1.871494 0.775194
 189.000000 1.875243 0.782391
 190.000000 1.832853 0.627500
 191.000000 1.883169 0.621591
 192.000000 1.860040 0.770111
 193.000000 1.842354 0.723299
 194.000000 1.793634 0.710990
 195.000000 1.816813 0.766952
 196.000000 1.746602 0.721477
 197.000000 1.736541 0.780265
 198.000000 1.801130 0.730528
 199.000000 1.817296 0.684544
 200.000000 1.844714 0.757909
 201.000000 1.771776 0.746436
 202.000000 1.778978 0.711134
 203.000000 1.846704 0.663363
 204.000000 1.808194 0.663361
 205.000000 1.849087 0.817515
 206.000000 1.786371 0.817904
 207.000000 1.798063 0.795964
 208.000000 1.924510 0.798259
 209.000000 1.798664 0.819330
 210.000000 1.871452 0.747245
 211.000000 1.861048 0.761669
 212.000000 1.782168 0.737974
 213.000000 1.856292 0.769156
 214.000000 1.814648 0.670196
 215.000000 1.806238 0.784483
 216.000000 1.802416 0.783545
 217.000000 1.842213 0.814063
 218.000000 1.830613 0.648400
 219.000000 1.796742 0.750367
 220.000000 1.669331 0.761016
 221.000000 1.795394 0.877548
 222.000000 1.786102 0.753199
 223.000000 1.895343 0.737898
 224.000000 1.774110 0.723782
 225.000000 1.820795 0.801138
 226.000000 1.874393 0.772523
 227.000000 1.978372 0.744739
 228.000000 1.822317 0.639554
 229.000000 1.831786 0.744899
 230.000000 1.814995 0.756135
 231.000000 1.943594 0.717996
 232.000000 1.784639 0.752615
 233.000000 1.882463 0.753797
 234.000000 1.879277 0.785911
 235.000000 1.833705 0.777270
 236.000000 1.922661 0.816982
 237.000000 1.827986 0.765090
 238.000000 1.710440 0.740213
 239.000000 1.953846 0.748585
 240.000000 1.835893 0.755422
 241.000000 1.773567 0.703611
 242.000000 1.861806 0.691557
 243.000000 1.968539 0.712917
 244.000000 1.841822 0.676507
 245.000000 1.835640 0.684340
 246.000000 1.782022 0.614615
 247.000000 1.888790 0.581239
 248.000000 1.714012 0.596680
 249.000000 1.782623 0.756775
 250.000000 1.842475 0.635966
 251.000000 1.846985 0.747472
 252.000000 1.885126 0.682168
 253.000000 1.863290 0.641624
 254.000000 1.624545 0.795280
 255.000000 1.754528 0.667906
 256.000000 1.834416 0.676136
 257.000000 1.752659 0.689605
 258.000000 1.867279 0.611310
 259.000000 1.943374 0.553271
 260.000000 1.763456 0.779721
 261.000000 1.810630 0.692700
 262.000000 1.756107 0.635017
 263.000000 1.863238 0.700007
 264.000000 1.684277 0.716832
 265.000000 1.837852 0.735711
 266.000000 1.818446 0.670612
 267.000000 1.881988 0.713430
 268.000000 1.833040 0.710232
 269.000000 1.909388 0.606159
 270.000000 1.827645 0.620286
 271.000000 1.853060 0.722454
 272.000000 1.803312 0.694172
 273.000000 1.803966 0.660705
 274.000000 1.937739 0.754362
 275.000000 1.788234 0.765252
 276.000000 1.832315 0.628107
 277.000000 1.919705 0.752654
 278.000000 1.913303 0.737905
 279.000000 1.902210 0.659851
 280.000000 1.864132 0.680830
 281.000000 1.867106 0.715608
 282.000000 1.722564 0.691439
 283.000000 1.841183 0.703339
 284.000000 1.812401 0.712450
 285.000000 1.734193 0.687930
 286.000000 1.737455 0.695689
 287.000000 1.904759 0.725563
 288.000000 1.923487 0.681003
 289.000000 1.878255 0.653832
 290.000000 1.809405 0.700484
 291.000000 1.877461 0.700737
 292.000000 1.821299 0.720373
 293.000000 1.915676 0.740588
 294.000000 1.826995 0.694743
 295.000000 1.914422 0.697233
 296.000000 1.813046 0.693936
 297.000000 1.780358 0.694965
 298.000000 1.901102 0.693141
 299.000000 1.877496 0.694486
 300.000000 1.769514 0.760844
 301.000000 1.760457 0.666526
 302.000000 1.813553 0.723969
 303.000000 1.957769 0.677718
 304.000000 1.905064 0.730343
 305.000000 1.853850 0.666288
 306.000000 1.862329 0.721208
 307.000000 1.846023 0.709628
 308.000000 1.744759 0.677273
 309.000000 1.830654 0.688672
 310.000000 1.944157 0.677854
 311.000000 1.730929 0.686097
 312.000000 1.882092 0.689014
 313.000000 1.776718 0.647380
 314.000000 1.866384 0.694643
 315.000000 1.929510 0.767388
 316.000000 1.861885 0.704782
 317.000000 1.790595 0.647717
 318.000000 1.949216 0.641608
 319.000000 1.810947 0.692162
 320.000000 1.814676 0.683395
 321.000000 1.869504 0.725372
 322.000000 1.952761 0.702550
 323.000000 1.827775 0.753873
 324.000000 1.914263 0.716839
 325.000000 1.894954 0.694259
 326.000000 1.813568 0.755265
 327.000000 1.918548 0.668742
 328.000000 1.883145 0.604723
 329.000000 1.831392 0.735847
 330.000000 1.870265 0.650393
 331.000000 1.945827 0.761644
 332.000000 1.929279 0.710144
 333.000000 1.850679 0.725670
 334.000000 1.873472 0.713550
 335.000000 1.897545 0.739662
 336.000000 1.836788 0.758490
 337.000000 1.794581 0.816675
 338.000000 1.833856 0.653274
 339.000000 1.963405 0.745379
 340.000000 1.918336 0.695771
 341.000000 1.894003 0.698378
 342.000000 1.842851 0.617551
 343.000000 1.921418 0.754586
 344.000000 1.880355 0.735254
 345.000000 1.959829 0.679296
 346.000000 1.920901 0.662012
 347.000000 1.997995 0.690981
 348.000000 1.923760 0.672158
 349.000000 1.938063 0.744136
 350.000000 1.854370 0.765649
 351.000000 1.910179 0.733722
 352.000000 1.870059 0.779484
 353.000000 1.971715 0.759876
 354.000000 1.821453 0.821489
 355.000000 1.788315 0.756067
 356.000000 1.893755 0.744578
 357.000000 1.930529 0.754881
 358.000000 2.126720 0.678784
 359.000000 1.892271 0.817995
 360.000000 1.793976 0.733166
 361.000000 1.985978 0.698197
 362.000000 1.789358 0.739832
 363.000000 1.685069 0.715750
 364.000000 1.862660 0.689311
 365.000000 1.847367 0.710614
 366.000000 1.851324 0.735661
 367.000000 1.909093 0.785508
 368.000000 1.910062 0.690887
 369.000000 1.829882 0.627729
 370.000000 1.819645 0.604286
 371.000000 2.002022 0.737529
 372.000000 1.849082 0.675341
 373.000000 1.922253 0.683354
 374.000000 1.928077 0.707296
 375.000000 1.889276 0.717298
 376.000000 1.995003 0.733881
 377.000000 1.893430 0.786573
 378.000000 1.905991 0.767233
 379.000000 1.895225 0.669546
 380.000000 1.821219 0.724681
 381.000000 1.907796 0.707806
 382.000000 1.948924 0.589050
 383.000000 1.813402 0.598356
 384.000000 1.975695 0.672457
 385.000000 1.878596 0.655267
 386.000000 1.888030 0.731203
 387.000000 1.819110 0.630764
 388.000000 1.896543 0.738006
 389.000000 1.876623 0.642135
 390.000000 1.825678 0.683742
 391.000000 1.857179 0.781082
 392.000000 1.883889 0.786693
 393.000000 1.856425 0.702808
 394.000000 1.703639 0.604654
 395.000000 1.833026 0.658837
 396.000000 1.728752 0.686765
 397.000000 1.899988 0.728014
 398.000000 1.851558 0.633502
 399.000000 1.864846 0.660313
 400.000000 1.839915 0.718732
 401.000000 1.927481 0.642169
 402.000000 1.887314 0.672927
 403.000000 1.879505 0.688079
 404.000000 1.868561 0.663436
 405.000000 1.779730 0.644589
 406.000000 1.745404 0.620557
 407.000000 1.765119 0.746153
 408.000000 1.819646 0.708135
 409.000000 1.829422 0.771717
 410.000000 1.789454 0.716120
 411.000000 1.778718 0.753134
 412.000000 1.808670 0.794853
 413.000000 1.849339 0.788380
 414.000000 1.830044 0.639953
 415.000000 1.779680 0.677449
 416.000000 1.806557 0.669798
 417.000000 1.826574 0.713774
 418.000000 1.926805 0.710615
 419.000000 1.896609 0.687780
 420.000000 1.960371 0.739721
 421.000000 1.885254 0.735166
 422.000000 1.790047 0.720156
 423.000000 1.943237 0.717886
 424.000000 1.930755 0.528469
 425.000000 1.893350 0.714607
 426.000000 1.853513 0.693161
 427.000000 1.832386 0.646704
 428.000000 1.856176 0.631824
 429.000000 1.838528 0.760324
 430.000000 1.899726 0.660363
 431.000000 1.806615 0.796012
 432.000000 1.826972 0.643261
 433.000000 1.784752 0.595508
 434.000000 1.869844 0.670052
 435.000000 1.873307 0.699211
 436.000000 1.964676 0.685241
 437.000000 1.761530 0.659713
 438.000000 1.957600 0.613788
 439.000000 1.857394 0.639634
 440.000000 1.764900 0.513320
 441.000000 1.968429 0.590144
 442.000000 1.955799 0.714975
 443.000000 2.021193 0.655737
 444.000000 1.845914 0.681402
 445.000000 1.988645 0.640921
 446.000000 1.811597 0.613523
 447.000000 1.841419 0.682350
 448.000000 1.678745 0.638440
 449.000000 1.840849 0.674258
 450.000000 1.882427 0.649643
 451.000000 1.780042 0.659801
 452.000000 1.676768 0.759573
 453.000000 1.802199 0.638482
 454.000000 1.924113 0.678117
 455.000000 1.865247 0.631662
 456.000000 1.789971 0.698475
 457.000000 1.789585 0.766982
 458.000000 1.776381 0.694747
 459.000000 1.891042 0.665197
 460.000000 1.799050 0.692793
 461.000000 1.881054 0.694741
 462.000000 1.852478 0.634338
 463.000000 1.834109 0.763778
 464.000000 1.885938 0.759206
 465.000000 1.853788 0.698220
 466.000000 1.800544 0.658028
 467.000000 1.894027 0.664860
 468.000000 1.851994 0.744789
 469.000000 1.910005 0.646874
 470.000000 1.876205 0.666895
 471.000000 1.854040 0.752165
 472.000000 1.844197 0.707391
 473.000000 1.821744 0.795118
 474.000000 1.898800 0.705640
 475.000000 1.798105 0.686772
 476.000000 1.745633 0.672923
 477.000000 1.823602 0.681212
 478.000000 1.862508 0.764478
 479.000000 1.846490 0.757363
 480.000000 1.859541 0.749956
 481.000000 1.829663 0.682827
 482.000000 1.940213 0.755809
 483.000000 1.891617 0.740579
 484.000000 1.952589 0.719108
 485.000000 1.889385 0.654803
 486.000000 1.930394 0.615760
 487.000000 1.793790 0.722740
 488.000000 1.775072 0.670567
 489.000000 1.848187 0.707934
 490.000000 1.794604 0.602371
 491.000000 1.809252 0.724892
 492.000000 1.869849 0.655117
 493.000000 1.920180 0.704794
 494.000000 1.918353 0.688357
 495.000000 1.890585 0.640586
 496.000000 1.834624 0.675446
 497.000000 1.827817 0.665245
 498.000000 1.876793 0.782353
 499.000000 1.724070 0.604867
 500.000000 1.842447 0.696082
 501.000000 1.931791 0.707406
 502.000000 1.822836 0.707250
 503.000000 1.775855 0.671400
 504.000000 1.843439 0.651727
 505.000000 1.869219 0.714391
 506.000000 1.968713 0.666667
 507.000000 1.928456 0.697498
 508.000000 1.954500 0.695718
 509.000000 1.870182 0.694714
 510.000000 1.890877 0.716589
 511.000000 1.853734 0.670378
 512.000000 1.872390 0.649250
 513.000000 1.810290 0.685683
 514.000000 1.765293 0.635565
 515.000000 1.789006 0.552962
 516.000000 1.823891 0.688156
 517.000000 1.826262 0.712644
 518.000000 1.753345 0.620674
 519.000000 1.818893 0.666640
 520.000000 1.846587 0.777020
 521.000000 1.889012 0.633216
 522.000000 1.740671 0.599837
 523.000000 1.851271 0.640049
 524.000000 1.867115 0.685829
 525.000000 1.829081 0.646468
 526.000000 1.800950 0.661254
 527.000000 1.835146 0.639481
 528.000000 1.757111 0.634510
 529.000000 1.897744 0.642840
 530.000000 1.826875 0.637882
 531.000000 1.886381 0.792826
 532.000000 1.853002 0.700233
 533.000000 1.715549 0.710689
 534.000000 1.855959 0.654098
 535.000000 1.802627 0.632852
 536.000000 1.723049 0.641448
 537.000000 1.930566 0.572704
 538.000000 1.771384 0.741073
 539.000000 1.874700 0.658592
 540.000000 1.869667 0.737307
 541.000000 1.846961 0.681239
 542.000000 1.908418 0.664389
 543.000000 1.966251 0.664851
 544.000000 1.827577 0.670980
 545.000000 1.856981 0.630957
 546.000000 1.861457 0.662088
 547.000000 1.817554 0.664661
 548.000000 1.883668 0.692145
 549.000000 1.860131 0.659113
 550.000000 1.905631 0.645339
 551.000000 1.791714 0.699201
 552.000000 1.835090 0.711125
 553.000000 1.884044 0.557823
 554.000000 1.867744 0.657818
 555.000000 1.835187 0.693032
 556.000000 1.810375 0.698724
 557.000000 1.782859 0.673400
 558.000000 1.806018 0.693147
 559.000000 1.798526 0.774989
 560.000000 1.819440 0.725569
 561.000000 1.908166 0.634669
 562.000000 1.826474 0.718252
 563.000000 1.839754 0.709342
 564.000000 1.837996 0.686065
 565.000000 1.868901 0.648161
 566.000000 1.851447 0.667511
 567.000000 1.788504 0.654293
 568.000000 1.873958 0.723757
 569.000000 1.953934 0.716218
 570.000000 1.829698 0.660025
 571.000000 1.927030 0.685769
 572.000000 1.882343 0.689999
 573.000000 1.856810 0.729867
 574.000000 1.904094 0.671506
 575.000000 1.819193 0.685287
 576.000000 1.852089 0.642178
 577.000000 1.904199 0.662285
 578.000000 1.847649 0.648473
 579.000000 1.892089 0.699932
 580.000000 1.777513 0.677873
 581.000000 1.843859 0.658379
 582.000000 1.947868 0.674199
 583.000000 1.845599 0.681902
 584.000000 1.705221 0.732172
 585.000000 1.894765 0.574688
 586.000000 1.759271 0.655454
 587.000000 1.878387 0.577440
 588.000000 1.824173 0.705516
 589.000000 1.852300 0.717595
 590.000000 1.851338 0.640231
 591.000000 1.766596 0.780863
 592.000000 1.814460 0.710015
 593.000000 1.838510 0.737300
 594.000000 1.809326 0.649136
 595.000000 1.882210 0.725432
 596.000000 1.926761 0.691010
 597.000000 1.914477 0.669747
 598.000000 1.799893 0.736776
 599.000000 1.842216 0.778900
 600.000000 1.872116 0.696909
 601.000000 1.866651 0.645650
 602.000000 1.792045 0.633259
 603.000000 1.840121 0.701924
 604.000000 1.958436 0.753525
 605.000000 1.795323 0.732215
 606.000000 1.907624 0.828111
 607.000000 1.790449 0.768575
 608.000000 1.865685 0.824227
 609.000000 1.881823 0.699434
 610.000000 1.881448 0.857288
 611.000000 1.930014 0.775180
 612.000000 1.818032 0.812992
 613.000000 1.896551 0.757565
 614.000000 1.762593 0.643419
 615.000000 1.869105 0.737549
 616.000000 1.775898 0.734632
 617.000000 1.809543 0.747966
 618.000000 1.833740 0.656028
 619.000000 1.981069 0.740659
 620.000000 1.905576 0.729115
 621.000000 1.841625 0.625615
 622.000000 1.953548 0.609259
 623.000000 1.922740 0.607547
 624.000000 1.834327 0.821338
 625.000000 1.897428 0.705494
 626.000000 1.944700 0.745408
 627.000000 1.918678 0.669677
 628.000000 1.864176 0.757405
 629.000000 2.023480 0.694606
 630.000000 1.893214 0.682720
 631.000000 1.889073 0.802613
 632.000000 1.891402 0.635509
 633.000000 1.915658 0.751574
 634.000000 1.884454 0.747425
 635.000000 1.829374 0.584453
 636.000000 1.868621 0.744789
 637.000000 1.868285 0.757621
 638.000000 1.766546 0.754710
 639.000000 1.858935 0.800520
 640.000000 1.991067 0.805755
 641.000000 1.898654 0.677782
 642.000000 1.830482 0.805725
 643.000000 2.007872 0.789647
 644.000000 1.869007 0.732821
 645.000000 1.916926 0.779497
 646.000000 1.795073 0.724776
 647.000000 1.878846 0.796270
 648.000000 1.871815 0.758419
 649.000000 1.938334 0.843798
 650.000000 1.930544 0.743398
 651.000000 1.788234 0.714436
 652.000000 1.806335 0.651830
 653.000000 1.813192 0.735501
 654.000000 1.856787 0.675012
 655.000000 1.986668 0.824217
 656.000000 1.831581 0.703385
 657.000000 1.891352 0.742798
 658.000000 1.785264 0.779391
 659.000000 1.789738 0.631812
 660.000000 1.879560 0.699145
 661.000000 1.764350 0.816807
 662.000000 1.871552 0.785208
 663.000000 1.905227 0.835334
 664.000000 1.869699 0.651213
 665.000000 1.866357 0.712525
 666.000000 1.954686 0.756599
 667.000000 1.825796 0.683524
 668.000000 1.852994 0.720811
 669.000000 1.887194 0.698946
 670.000000 1.859138 0.707974
 671.000000 1.861935 0.738007
 672.000000 1.935656 0.722898
 673.000000 1.880911 0.717703
 674.000000 1.947051 0.836597
 675.000000 1.851282 0.805774
 676.000000 1.925285 0.779926
 677.000000 1.849923 0.780652
 678.000000 1.817192 0.702549
 679.000000 1.859363 0.797380
 680.000000 1.760391 0.675670
 681.000000 1.848120 0.810319
 682.000000 1.911887 0.787747
 683.000000 1.859224 0.744954
 684.000000 1.877780 0.754064
 685.000000 1.774406 0.722646
 686.000000 1.872413 0.728449
 687.000000 1.821133 0.723613
 688.000000 1.796424 0.655360
 689.000000 1.843591 0.591981
 690.000000 1.819988 0.730131
 691.000000 1.757569 0.692779
 692.000000 1.868236 0.765407
 693.000000 1.914638 0.715229
 694.000000 1.748057 0.775810
 695.000000 1.789204 0.679094
 696.000000 1.801120 0.682797
 697.000000 1.930460 0.750875
 698.000000 1.813805 0.702699
 699.000000 1.779364 0.757944
 700.000000 1.767768 0.594885
 701.000000 1.883699 0.623341
 702.000000 1.829246 0.721762
 703.000000 1.835250 0.763472
 704.000000 1.803820 0.640218
 705.000000 1.863660 0.665737
 706.000000 1.910325 0.596538
 707.000000 1.783727 0.680691
 708.000000 1.747161 0.691271
 709.000000 1.844755 0.667053
 710.000000 1.893659 0.761644
 711.000000 1.812370 0.657194
 712.000000 1.823671 0.645938
 713.000000 1.754181 0.736680
 714.000000 1.829464 0.769848
 715.000000 1.880997 0.781508
 716.000000 1.817876 0.663882
 717.000000 1.816313 0.783281
 718.000000 1.898398 0.772803
 719.000000 1.772282 0.720608
 720.000000 1.767274 0.749356
 721.000000 1.736039 0.900541
 722.000000 1.890328 0.769454
 723.000000 1.845058 0.680618
 724.000000 1.880564 0.716278
 725.000000 1.831931 0.738754
 726.000000 1.856584 0.748145
 727.000000 1.713607 0.660072
 728.000000 1.819444 0.750189
 729.000000 1.795635 0.693217
 730.000000 1.866692 0.684285
 731.000000 1.741269 0.669963
 732.000000 1.735586 0.679750
 733.000000 1.801672 0.663149
 734.000000 1.782896 0.615892
 735.000000 1.800632 0.708647
 736.000000 1.803864 0.686245
 737.000000 1.972418 0.618259
 738.000000 1.849870 0.642258
 739.000000 1.851078 0.777044
 740.000000 1.799705 0.706801
 741.000000 1.803373 0.650772
 742.000000 1.805907 0.663409
 743.000000 1.752682 0.596962
 744.000000 1.794286 0.714336
 745.000000 1.789375 0.709816
 746.000000 1.820892 0.704328
 747.000000 1.760461 0.806632
 748.000000 1.793717 0.637955
 749.000000 1.875581 0.823448
 750.000000 1.775705 0.885784
 751.000000 1.911711 0.770525
 752.000000 1.793911 0.768275
 753.000000 1.902924 0.667404
 754.000000 1.886938 0.755711
 755.000000 1.820873 0.768012
 756.000000 1.866722 0.768877
 757.000000 1.833764 0.666787
 758.000000 1.788230 0.720968
 759.000000 1.801874 0.704840
 760.000000 1.830005 0.699267
 761.000000 1.822679 0.713550
 762.000000 1.856410 0.683452
 763.000000 1.883070 0.696418
 764.000000 1.812754 0.730478
 765.000000 1.809469 0.686913
 766.000000 1.799299 0.858626
 767.000000 1.767336 0.735901
 768.000000 1.829357 0.736293
 769.000000 1.769158 0.696689
 770.000000 1.890035 0.731721
 771.000000 1.793916 0.741968
 772.000000 1.819868 0.684171
 773.000000 1.897105 0.791058
 774.000000 1.888893 0.688578
 775.000000 1.805409 0.694156
 776.000000 1.842421 0.695173
 777.000000 1.883420 0.718864
 778.000000 1.748029 0.734129
 779.000000 1.719290 0.779706
 780.000000 1.808920 0.756196
 781.000000 1.921391 0.640398
 782.000000 1.728701 0.749674
 783.000000 1.706932 0.651936
 784.000000 1.709403 0.802439
 785.000000 1.789931 0.717257
 786.000000 1.765227 0.666599
 787.000000 1.773871 0.671125
 788.000000 1.778590 0.680454
 789.000000 1.790194 0.723004
 790.000000 1.887901 0.698822
 791.000000 1.885648 0.710403
 792.000000 1.754151 0.693231
 793.000000 1.819543 0.828127
 794.000000 1.848465 0.701415
 795.000000 1.789300 0.680411
 796.000000 1.738438 0.598777
 797.000000 1.874560 0.656876
 798.000000 1.841269 0.747587
 799.000000 1.731971 0.688895
 800.000000 1.873229 0.760908
 801.000000 1.780542 0.657045
 802.000000 1.800720 0.737946
 803.000000 1.811870 0.707109
 804.000000 1.824262 0.746377
 805.000000 1.851570 0.580011
 806.000000 1.756281 0.759736
 807.000000 1.715663 0.640611
 808.000000 1.777969 0.729584
 809.000000 1.863514 0.656884
 810.000000 1.829415 0.659059
 811.000000 1.840794 0.675299
 812.000000 1.866885 0.702234
 813.000000 1.759368 0.659937
 814.000000 1.778134 0.707572
 815.000000 1.804655 0.814697
 816.000000 1.778947 0.679511
 817.000000 1.788208 0.761416
 818.000000 1.809079 0.677041
 819.000000 1.730016 0.750424
 820.000000 1.790297 0.726770
 821.000000 1.894815 0.666421
 822.000000 1.865903 0.713465
 823.000000 1.887143 0.767013
 824.000000 1.851198 0.636117
 825.000000 1.773863 0.706068
 826.000000 1.806170 0.657437
 827.000000 1.944228 0.639198
 828.000000 1.875908 0.748509
 829.000000 1.843309 0.705232
 830.000000 1.884854 0.721410
 831.000000 1.802920 0.667738
 832.000000 1.855006 0.744579
 833.000000 1.838885 0.664320
 834.000000 1.845701 0.642524
 835.000000 1.885173 0.740496
 836.000000 1.860008 0.601747
 837.000000 1.814490 0.693214
 838.000000 1.885470 0.691365
 839.000000 1.857247 0.687271
 840.000000 1.779818 0.792607
 841.000000 1.944957 0.641438
 842.000000 1.883678 0.779684
 843.000000 1.805897 0.710056
 844.000000 1.836430 0.722636
 845.000000 1.785827 0.674688
 846.000000 1.978060 0.728132
 847.000000 1.792662 0.631986
 848.000000 1.760427 0.666998
 849.000000 1.854890 0.652501
 850.000000 1.853080 0.696730
 851.000000 1.868242 0.615894
 852.000000 1.656272 0.689013
 853.000000 1.837059 0.688988
 854.000000 1.823684 0.595865
 855.000000 1.872195 0.753596
 856.000000 1.895194 0.731802
 857.000000 1.901560 0.693459
 858.000000 1.884792 0.687488
 859.000000 1.797521 0.691023
 860.000000 1.794176 0.745907
 861.000000 1.909602 0.651820
 862.000000 1.820810 0.702537
 863.000000 1.823601 0.782595
 864.000000 1.863091 0.684730
 865.000000 1.807993 0.712581
 866.000000 1.810420 0.713785
 867.000000 1.899706 0.695210
 868.000000 1.872686 0.607223
 869.000000 1.903978 0.671133
 870.000000 1.938188 0.684353
 871.000000 1.784457 0.723015
 872.000000 1.855237 0.690233
 873.000000 1.809003 0.797456
 874.000000 1.847877 0.747660
 875.000000 1.832538 0.693358
 876.000000 1.796785 0.709550
 877.000000 1.858148 0.734261
 878.000000 1.833278 0.678883
 879.000000 1.783636 0.764797
 880.000000 1.801150 0.688923
 881.000000 1.874211 0.871165
 882.000000 1.917469 0.647831
 883.000000 1.768260 0.645670
 884.000000 1.852450 0.748019
 885.000000 1.815338 0.782573
 886.000000 1.840543 0.825946
 887.000000 1.881197 0.753238
 888.000000 1.889121 0.821404
 889.000000 1.920051 0.723672
 890.000000 1.744200 0.679339
 891.000000 1.698771 0.627253
 892.000000 1.881185 0.812475
 893.000000 1.891418 0.678283
 894.000000 1.848238 0.637064
 895.000000 1.791473 0.689600
 896.000000 1.845885 0.749853
 897.000000 1.787675 0.706944
 898.000000 1.871358 0.668331
 899.000000 1.830993 0.651318
 900.000000 1.844107 0.727390
 901.000000 1.804707 0.727833
 902.000000 1.904377 0.781741
 903.000000 1.851642 0.734863
 904.000000 1.848945 0.684325
 905.000000 1.857482 0.766389
 906.000000 1.882103 0.811273
 907.000000 1.730788 0.732101
 908.000000 1.823942 0.698764
 909.000000 1.879728 0.757147
 910.000000 1.906547 0.718651
 911.000000 1.872861 0.749635
 912.000000 1.971657 0.781067
 913.000000 1.808427 0.736890
 914.000000 1.890066 0.715138
 915.000000 1.902332 0.684742
 916.000000 1.982506 0.774182
 917.000000 1.819472 0.780661
 918.000000 1.887354 0.699372
 919.000000 1.967780 0.679326
 920.000000 1.889509 0.722698
 921.000000 1.885804 0.694380
 922.000000 1.897421 0.749988
 923.000000 1.912615 0.810529
 924.000000 1.849757 0.769525
 925.000000 1.800668 0.777032
 926.000000 1.856137 0.740898
 927.000000 1.874746 0.801719
 928.000000 1.829841 0.760042
 929.000000 1.773122 0.795619
 930.000000 1.720716 0.717974
 931.000000 1.713730 0.706008
 932.000000 1.801793 0.750100
 933.000000 1.871093 0.703940
 934.000000 1.760311 0.711565
 935.000000 1.782120 0.626319
 936.000000 1.902240 0.724532
 937.000000 1.898069 0.640025
 938.000000 1.933131 0.765212
 939.000000 1.907799 0.729256
 940.000000 1.906388 0.637080
 941.000000 1.864152 0.698959
 942.000000 1.798847 0.799531
 943.000000 1.763339 0.750409
 944.000000 1.829781 0.689971
 945.000000 1.879503 0.688670
 946.000000 1.834944 0.764127
 947.000000 1.955255 0.702341
 948.000000 1.845087 0.784982
 949.000000 1.833389 0.641302
 950.000000 1.786746 0.706402
 951.000000 1.953259 0.800013
 952.000000 1.800203 0.653834
 953.000000 1.732183 0.674288
 954.000000 1.771044 0.720197
 955.000000 1.852570 0.710379
 956.000000 1.797367 0.727207
 957.000000 1.840771 0.779252
 958.000000 1.891196 0.678243
 959.000000 1.843942 0.745130
 960.000000 1.746081 0.735072
 961.000000 1.842641 0.654197
 962.000000 1.797519 0.666797
 963.000000 1.854013 0.632056
 964.000000 1.891436 0.764323
 965.000000 1.811162 0.719190
 966.000000 1.714502 0.711118
 967.000000 1.748945 0.690074
 968.000000 1.849947 0.718163
 969.000000 1.808010 0.684005
 970.000000 1.809483 0.703561
 971.000000 1.728746 0.725826
 972.000000 1.787640 0.676894
 973.000000 1.746664 0.694938
 974.000000 1.815446 0.755161
 975.000000 1.850754 0.735163
 976.000000 1.840433 0.670444
 977.000000 1.843818 0.690226
 978.000000 1.821866 0.688201
 979.000000 1.880546 0.707076
 980.000000 1.903091 0.735417
 981.000000 1.770077 0.775486
 982.000000 1.840412 0.728237
 983.000000 1.885120 0.778350
 984.000000 1.931892 0.660214
 985.000000 1.792298 0.763505
 986.000000 1.739233 0.742306
 987.000000 1.888028 0.664576
 988.000000 1.901904 0.715065
 989.000000 1.910221 0.718196
 990.000000 1.909903 0.703029
 991.000000 1.759262 0.661547
 992.000000 1.902875 0.621620
 993.000000 1.794450 0.698295
 994.000000 1.922812 0.647530
 995.000000 1.858565 0.807795
 996.000000 1.841489 0.700503
 997.000000 1.903010 0.878599
 998.000000 1.777155 0.791509
 999.000000 1.801032 0.738830
 1000.000000 1.865315 0.748576
 1001.000000 1.693316 0.821863
 1002.000000 1.854627 0.725932
 1003.000000 1.858244 0.726245
 1004.000000 1.960520 0.649167
 1005.000000 1.842084 0.668148
 1006.000000 1.863204 0.723351
 1007.000000 1.787326 0.707719
 1008.000000 1.804822 0.678089
 1009.000000 1.828637 0.657503
 1010.000000 1.868654 0.683307
 1011.000000 1.906638 0.706580
 1012.000000 1.820924 0.615536
 1013.000000 1.835681 0.719548
 1014.000000 1.817067 0.747774
 1015.000000 1.816995 0.781739
 1016.000000 1.750751 0.674091
 1017.000000 1.870119 0.720739
 1018.000000 1.850332 0.780156
 1019.000000 1.784510 0.660793
 1020.000000 1.833248 0.697107
 1021.000000 1.812987 0.651513
 1022.000000 1.859125 0.675417
 1023.000000 1.875593 0.648088
 1024.000000 1.829271 0.659352
 1025.000000 1.812909 0.644570
 1026.000000 1.857437 0.667118
 1027.000000 1.853191 0.670232
 1028.000000 1.813746 0.674819
 1029.000000 1.877399 0.697611
 1030.000000 1.814142 0.702652
 1031.000000 1.840143 0.678033
 1032.000000 1.788361 0.661072
 1033.000000 1.820325 0.615677
 1034.000000 1.878914 0.719772
 1035.000000 1.919405 0.648407
 1036.000000 1.799634 0.741947
 1037.000000 1.937772 0.715271
 1038.000000 1.881908 0.752058
 1039.000000 1.900619 0.632501
 1040.000000 1.840018 0.681377
 1041.000000 1.755629 0.719509
 1042.000000 1.809368 0.623111
 1043.000000 1.864156 0.714439
 1044.000000 1.893526 0.712494
 1045.000000 1.832894 0.747184
 1046.000000 1.797728 0.698751
 1047.000000 1.946051 0.669083
 1048.000000 1.861522 0.680511
 1049.000000 1.782090 0.767931
 1050.000000 1.807193 0.793335
 1051.000000 1.864270 0.753354
 1052.000000 1.924335 0.728170
 1053.000000 1.835623 0.699700
 1054.000000 1.835974 0.659662
 1055.000000 1.843447 0.706789
 1056.000000 1.906389 0.751060
 1057.000000 1.743234 0.682385
 1058.000000 1.770031 0.758446
 1059.000000 1.811751 0.666644
 1060.000000 1.785433 0.679820
 1061.000000 2.000395 0.609683
 1062.000000 1.825121 0.773870
 1063.000000 1.867416 0.726511
 1064.000000 1.858234 0.706716
 1065.000000 1.865396 0.690861
 1066.000000 1.912928 0.734713
 1067.000000 1.915605 0.656642
 1068.000000 1.848761 0.650642
 1069.000000 1.848877 0.741921
 1070.000000 1.915725 0.752662
 1071.000000 1.829849 0.684653
 1072.000000 1.817554 0.758150
 1073.000000 1.945299 0.776010
 1074.000000 1.951429 0.732996
 1075.000000 1.827581 0.715295
 1076.000000 1.929352 0.687799
 1077.000000 1.802664 0.672059
 1078.000000 1.827905 0.729551
 1079.000000 1.810896 0.694112
 1080.000000 1.767369 0.734321
 1081.000000 1.942320 0.685484
 1082.000000 1.784534 0.735608
 1083.000000 1.734426 0.683086
 1084.000000 1.812998 0.672554
 1085.000000 1.844067 0.685679
 1086.000000 1.774122 0.645973
 1087.000000 1.665122 0.740683
 1088.000000 1.754037 0.682680
 1089.000000 1.842766 0.749961
 1090.000000 1.775133 0.693304
 1091.000000 1.856666 0.619361
 1092.000000 1.759708 0.664693
 1093.000000 1.811307 0.752392
 1094.000000 1.911520 0.722393
 1095.000000 1.815049 0.731155
 1096.000000 1.801453 0.770354
 1097.000000 1.733219 0.747195
 1098.000000 1.894826 0.724161
 1099.000000 1.792429 0.770409
 1100.000000 1.757739 0.731210
 1101.000000 1.944779 0.690986
 1102.000000 1.791910 0.725823
 1103.000000 1.817313 0.714566
 1104.000000 1.912122 0.602249
 1105.000000 1.955728 0.702587
 1106.000000 1.904409 0.771219
 1107.000000 1.973163 0.679798
 1108.000000 1.794333 0.648363
 1109.000000 1.848595 0.687671
 1110.000000 1.898549 0.688871
 1111.000000 1.787518 0.746582
 1112.000000 1.852551 0.712705
 1113.000000 1.836491 0.660970
 1114.000000 1.769080 0.699769
 1115.000000 1.775633 0.641614
 1116.000000 1.861116 0.726837
 1117.000000 1.897086 0.599056
 1118.000000 1.800811 0.704023
 1119.000000 1.919056 0.792079
 1120.000000 1.775435 0.721016
 1121.000000 1.846648 0.817485
 1122.000000 1.851300 0.676663
 1123.000000 1.780779 0.751997
 1124.000000 1.824631 0.705749
 1125.000000 1.719850 0.726408
 1126.000000 1.730997 0.699479
 1127.000000 1.865595 0.716045
 1128.000000 1.807853 0.775648
 1129.000000 1.866911 0.634881
 1130.000000 1.792802 0.678419
 1131.000000 1.873359 0.721154
 1132.000000 1.744667 0.829338
 1133.000000 1.885997 0.700227
 1134.000000 1.893905 0.784069
 1135.000000 1.757525 0.723588
 1136.000000 1.789692 0.697896
 1137.000000 1.838710 0.681151
 1138.000000 1.795331 0.694755
 1139.000000 1.770918 0.710198
 1140.000000 1.768257 0.716035
 1141.000000 1.724531 0.770526
 1142.000000 1.859381 0.736416
 1143.000000 1.751538 0.714710
 1144.000000 1.771267 0.645083
 1145.000000 1.812143 0.661473
 1146.000000 1.812008 0.668399
 1147.000000 1.703919 0.799354
 1148.000000 1.836077 0.690400
 1149.000000 1.880850 0.674050
 1150.000000 1.724958 0.709433
 1151.000000 1.848880 0.744762
 1152.000000 1.736901 0.673273
 1153.000000 1.786115 0.682213
 1154.000000 1.808425 0.767566
 1155.000000 1.823987 0.747657
 1156.000000 1.906312 0.737606
 1157.000000 1.766064 0.720580
 1158.000000 1.889441 0.670717
 1159.000000 1.772961 0.668107
 1160.000000 1.832542 0.744684
 1161.000000 1.754428 0.769376
 1162.000000 1.784062 0.658956
 1163.000000 1.808065 0.690330
 1164.000000 1.744184 0.664673
 1165.000000 1.722475 0.702165
 1166.000000 1.733068 0.733999
 1167.000000 1.774876 0.667168
 1168.000000 1.645813 0.656053
 1169.000000 1.796262 0.688487
 1170.000000 1.791429 0.690439
 1171.000000 1.821793 0.637480
 1172.000000 1.711089 0.625845
 1173.000000 1.784415 0.644707
 1174.000000 1.803838 0.623078
 1175.000000 1.814434 0.773126
 1176.000000 1.865280 0.660393
 1177.000000 1.796630 0.715258
 1178.000000 1.812536 0.692758
 1179.000000 1.856562 0.654662
 1180.000000 1.813943 0.671262
 1181.000000 1.865848 0.709505
 1182.000000 1.924927 0.685771
 1183.000000 1.813716 0.737040
 1184.000000 1.844238 0.697743
 1185.000000 1.691902 0.673160
 1186.000000 1.815829 0.724977
 1187.000000 1.832358 0.712396
 1188.000000 1.838323 0.637577
 1189.000000 1.828763 0.721722
 1190.000000 1.861326 0.754766
 1191.000000 1.821641 0.668995
 1192.000000 1.875685 0.712467
 1193.000000 1.834946 0.649907
 1194.000000 1.866853 0.655664
 1195.000000 1.761024 0.680587
 1196.000000 1.879612 0.721453
 1197.000000 1.935598 0.531716
 1198.000000 1.889184 0.703041
 1199.000000 1.817625 0.752532
 1200.000000 1.802060 0.652906
 1201.000000 1.848072 0.770874
 1202.000000 1.847454 0.679727
 1203.000000 1.830167 0.714624
 1204.000000 1.906959 0.697267
 1205.000000 1.890182 0.671692
 1206.000000 1.800050 0.677358
 1207.000000 1.794545 0.756490
 1208.000000 1.757525 0.655408
 1209.000000 1.806717 0.687879
 1210.000000 1.835084 0.691844
 1211.000000 1.856383 0.690671
 1212.000000 1.855323 0.674678
 1213.000000 1.875746 0.739446
 1214.000000 1.851325 0.665976
 1215.000000 1.858302 0.729275
 1216.000000 1.795613 0.707219
 1217.000000 1.957745 0.672043
 1218.000000 1.844701 0.764467
 1219.000000 1.878429 0.700344
 1220.000000 1.743645 0.669386
 1221.000000 1.770936 0.672812
 1222.000000 1.918677 0.756783
 1223.000000 1.848574 0.712928
 1224.000000 1.751134 0.730761
 1225.000000 1.732162 0.762005
 1226.000000 1.739078 0.825881
 1227.000000 1.811996 0.703457
 1228.000000 1.746157 0.727944
 1229.000000 1.846555 0.689765
 1230.000000 1.800009 0.677288
 1231.000000 1.808270 0.650832
 1232.000000 1.896939 0.659944
 1233.000000 1.764203 0.715695
 1234.000000 1.776938 0.758709
 1235.000000 1.812130 0.733410
 1236.000000 1.803960 0.705608
 1237.000000 1.899200 0.740556
 1238.000000 1.812488 0.695440
 1239.000000 1.758180 0.724586
 1240.000000 1.842620 0.692735
 1241.000000 1.776437 0.724366
 1242.000000 1.850177 0.673402
 1243.000000 1.760477 0.730242
 1244.000000 1.827993 0.743134
 1245.000000 1.934628 0.808940
 1246.000000 1.808111 0.841042
 1247.000000 1.828577 0.719974
 1248.000000 1.845689 0.689342
 1249.000000 1.868501 0.631948
 1250.000000 1.859191 0.674793
 1251.000000 1.889246 0.679351
 1252.000000 1.837684 0.707668
 1253.000000 1.844770 0.699026
 1254.000000 1.814262 0.729740
 1255.000000 1.705064 0.739956
 1256.000000 1.770774 0.747693
 1257.000000 1.854494 0.782423
 1258.000000 1.762396 0.752061
 1259.000000 1.928781 0.639096
 1260.000000 1.841353 0.658252
 1261.000000 1.810629 0.719036
 1262.000000 1.811433 0.705875
 1263.000000 1.841356 0.688055
 1264.000000 1.792245 0.676173
 1265.000000 1.932173 0.692220
 1266.000000 1.919328 0.663941
 1267.000000 1.849954 0.634209
 1268.000000 1.860099 0.609866
 1269.000000 1.851201 0.669299
 1270.000000 1.852997 0.631698
 1271.000000 1.770595 0.681145
 1272.000000 1.803563 0.753526
 1273.000000 1.889286 0.705631
 1274.000000 1.990760 0.679736
 1275.000000 1.826802 0.720389
 1276.000000 1.821081 0.602433
 1277.000000 1.836939 0.629056
 1278.000000 1.945485 0.731535
 1279.000000 1.896374 0.737125
 1280.000000 1.885019 0.706678
 1281.000000 1.859540 0.591404
 1282.000000 1.789218 0.567457
 1283.000000 1.906062 0.660601
 1284.000000 1.752577 0.667518
 1285.000000 1.906599 0.718199
 1286.000000 1.727196 0.719204
 1287.000000 1.832423 0.641779
 1288.000000 1.862292 0.655112
 1289.000000 1.904011 0.627317
 1290.000000 1.800980 0.699297
 1291.000000 1.802355 0.718592
 1292.000000 1.854547 0.678524
 1293.000000 1.843345 0.688526
 1294.000000 1.817022 0.658558
 1295.000000 1.784026 0.663944
 1296.000000 1.803584 0.704752
 1297.000000 1.770016 0.735844
 1298.000000 1.827761 0.767422
 1299.000000 1.783174 0.728139
 1300.000000 1.681335 0.737922
 1301.000000 1.847450 0.640470
 1302.000000 1.856266 0.696496
 1303.000000 1.875047 0.708498
 1304.000000 1.816423 0.708064
 1305.000000 1.751995 0.665610
 1306.000000 1.830552 0.691515
 1307.000000 1.765316 0.724878
 1308.000000 1.697459 0.728846
 1309.000000 1.757778 0.690252
 1310.000000 1.785617 0.686287
 1311.000000 1.786637 0.757201
 1312.000000 1.718640 0.735737
 1313.000000 1.720441 0.773964
 1314.000000 1.782340 0.730781
 1315.000000 1.752676 0.674434
 1316.000000 1.847452 0.716623
 1317.000000 1.688473 0.684503
 1318.000000 1.869160 0.653858
 1319.000000 1.822059 0.704893
 1320.000000 1.792943 0.643054
 1321.000000 1.693213 0.685855
 1322.000000 1.880239 0.708627
 1323.000000 1.813507 0.760192
 1324.000000 1.747522 0.738990
 1325.000000 1.815475 0.779948
 1326.000000 1.818255 0.790214
 1327.000000 1.824936 0.680145
 1328.000000 1.802003 0.695011
 1329.000000 1.833734 0.717001
 1330.000000 1.736175 0.726613
 1331.000000 1.689914 0.615327
 1332.000000 1.816223 0.704168
 1333.000000 1.755550 0.687507
 1334.000000 1.776340 0.723834
 1335.000000 1.800426 0.718806
 1336.000000 1.771104 0.773372
 1337.000000 1.797404 0.779037
 1338.000000 1.842558 0.668564
 1339.000000 1.817910 0.653109
 1340.000000 1.786063 0.678665
 1341.000000 1.836215 0.696546
 1342.000000 1.818103 0.695744
 1343.000000 1.799465 0.673262
 1344.000000 1.812474 0.620393
 1345.000000 1.752984 0.775238
 1346.000000 1.890898 0.759642
 1347.000000 1.815783 0.703492
 1348.000000 1.747025 0.725451
 1349.000000 1.796616 0.718011
 1350.000000 1.777784 0.606118
 1351.000000 1.849626 0.686090
 1352.000000 1.825052 0.714952
 1353.000000 1.784470 0.717834
 1354.000000 1.862408 0.754600
 1355.000000 1.751442 0.731705
 1356.000000 1.834730 0.604096
 1357.000000 1.759264 0.744165
 1358.000000 1.916409 0.695144
 1359.000000 1.853486 0.699017
 1360.000000 1.827470 0.709469
 1361.000000 1.940621 0.703526
 1362.000000 1.865872 0.692080
 1363.000000 1.842467 0.705205
 1364.000000 1.830639 0.682924
 1365.000000 1.847840 0.621322
 1366.000000 1.699519 0.655971
 1367.000000 1.773058 0.700713
 1368.000000 1.883938 0.717049
 1369.000000 1.730728 0.790343
 1370.000000 1.773926 0.686874
 1371.000000 1.777897 0.718445
 1372.000000 1.776105 0.762846
 1373.000000 1.777820 0.783548
 1374.000000 1.740963 0.787367
 1375.000000 1.753619 0.710178
 1376.000000 1.852812 0.783790
 1377.000000 1.793308 0.667022
 1378.000000 1.955478 0.648869
 1379.000000 1.781195 0.681665
 1380.000000 1.848033 0.609880
 1381.000000 1.859761 0.765006
 1382.000000 1.756657 0.703763
 1383.000000 1.866386 0.689130
 1384.000000 1.871836 0.759225
 1385.000000 1.806999 0.693176
 1386.000000 1.814842 0.733288
 1387.000000 1.893172 0.731266
 1388.000000 1.786723 0.695776
 1389.000000 1.738057 0.774537
 1390.000000 1.887199 0.720636
 1391.000000 1.856387 0.727657
 1392.000000 1.840758 0.707714
 1393.000000 1.820879 0.680799
 1394.000000 1.860254 0.709757
 1395.000000 1.886868 0.684101
 1396.000000 1.866671 0.606941
 1397.000000 1.805284 0.574476
 1398.000000 1.860968 0.577182
 1399.000000 1.812894 0.669261
 1400.000000 1.892626 0.743084
 1401.000000 1.771670 0.673500
 1402.000000 1.928003 0.683988
 1403.000000 1.926391 0.690308
 1404.000000 1.866248 0.717654
 1405.000000 1.911245 0.691284
 1406.000000 1.772864 0.686077
 1407.000000 1.827556 0.664403
 1408.000000 1.881376 0.661587
 1409.000000 1.900684 0.779933
 1410.000000 1.881770 0.737013
 1411.000000 1.879005 0.768671
 1412.000000 1.781741 0.789442
 1413.000000 1.807890 0.764717
 1414.000000 1.812966 0.673734
 1415.000000 1.897406 0.799406
 1416.000000 1.896458 0.721352
 1417.000000 1.895328 0.773433
 1418.000000 1.811926 0.755307
 1419.000000 1.815032 0.669381
 1420.000000 1.908948 0.697344
 1421.000000 1.833528 0.767220
 1422.000000 1.865182 0.684013
 1423.000000 1.888788 0.678401
 1424.000000 1.946172 0.786826
 1425.000000 1.890614 0.681369
 1426.000000 1.722012 0.741150
 1427.000000 1.816321 0.724705
 1428.000000 1.738531 0.731548
 1429.000000 1.835715 0.646935
 1430.000000 1.859090 0.709762
 1431.000000 1.823511 0.713701
 1432.000000 1.832096 0.650930
 1433.000000 1.858317 0.657970
 1434.000000 1.882083 0.713822
 1435.000000 1.821573 0.700900
 1436.000000 1.816761 0.663411
 1437.000000 1.837557 0.694116
 1438.000000 1.792648 0.767781
 1439.000000 1.877814 0.638762
 1440.000000 1.745223 0.601624
 1441.000000 1.842980 0.752148
 1442.000000 1.844751 0.671843
 1443.000000 1.835621 0.691297
 1444.000000 1.764141 0.652168
 1445.000000 1.751683 0.647289
 1446.000000 1.737044 0.700354
 1447.000000 1.703822 0.705673
 1448.000000 1.807460 0.678486
 1449.000000 1.753563 0.736064
 1450.000000 1.791205 0.694245
 1451.000000 1.695916 0.613391
 1452.000000 1.682536 0.671214
 1453.000000 1.817591 0.706990
 1454.000000 1.787729 0.717018
 1455.000000 1.779277 0.685350
 1456.000000 1.720664 0.615576
 1457.000000 1.765072 0.698342
 1458.000000 1.730924 0.764105
 1459.000000 1.744735 0.697495
 1460.000000 1.766629 0.606347
 1461.000000 1.737533 0.708559
 1462.000000 1.724709 0.755614
 1463.000000 1.827331 0.749898
 1464.000000 1.794205 0.755557
 1465.000000 1.787998 0.674223
 1466.000000 1.800245 0.706762
 1467.000000 1.634292 0.694916
 1468.000000 1.768595 0.695530
 1469.000000 1.805315 0.688999
 1470.000000 1.785237 0.736084
 1471.000000 1.646050 0.710595
 1472.000000 1.864524 0.742659
 1473.000000 1.787885 0.620612
 1474.000000 1.955897 0.685521
 1475.000000 1.824378 0.692117
 1476.000000 1.813880 0.709247
 1477.000000 1.772022 0.691944
 1478.000000 1.947564 0.697998
 1479.000000 1.796840 0.724811
 1480.000000 1.763480 0.639676
 1481.000000 1.799686 0.793830
 1482.000000 1.793695 0.783099
 1483.000000 1.856067 0.748418
 1484.000000 1.814881 0.714459
 1485.000000 1.837659 0.715985
 1486.000000 1.896774 0.691133
 1487.000000 1.867463 0.704212
 1488.000000 1.917561 0.710603
 1489.000000 1.952486 0.670039
 1490.000000 1.905079 0.710970
 1491.000000 1.823439 0.649639
 1492.000000 1.952472 0.673065
 1493.000000 1.925558 0.665366
 1494.000000 1.967026 0.768666
 1495.000000 1.986367 0.684237
 1496.000000 1.819014 0.722404
 1497.000000 1.728183 0.709383
 1498.000000 1.841153 0.680307
 1499.000000 1.914276 0.658057
 1500.000000 1.797197 0.689857
 1501.000000 1.784162 0.695485
 1502.000000 1.760709 0.692330
 1503.000000 1.820988 0.711865
 1504.000000 1.672134 0.737004
 1505.000000 1.743067 0.638123
 1506.000000 1.844396 0.721613
 1507.000000 1.970231 0.680929
 1508.000000 1.935417 0.638708
 1509.000000 1.929333 0.600846
 1510.000000 1.823566 0.684053
 1511.000000 1.747500 0.741255
 1512.000000 1.887242 0.633435
 1513.000000 1.921104 0.743555
 1514.000000 1.817307 0.726881
 1515.000000 1.859000 0.648869
 1516.000000 1.760996 0.692214
 1517.000000 1.852444 0.753381
 1518.000000 1.842707 0.740514
 1519.000000 1.847229 0.736495
 1520.000000 1.726625 0.693729
 1521.000000 1.895497 0.703370
 1522.000000 1.753111 0.730123
 1523.000000 1.859435 0.728010
 1524.000000 1.780341 0.718603
 1525.000000 1.848370 0.755925
 1526.000000 1.776078 0.743755
 1527.000000 1.815746 0.809795
 1528.000000 1.834285 0.753059
 1529.000000 1.868753 0.749178
 1530.000000 1.917199 0.640973
 1531.000000 1.890910 0.638521
 1532.000000 1.738626 0.686670
 1533.000000 1.890400 0.670487
 1534.000000 1.759556 0.721821
 1535.000000 1.826018 0.738950
 1536.000000 1.913511 0.727916
 1537.000000 1.899143 0.772299
 1538.000000 1.758020 0.706360
 1539.000000 1.748839 0.708506
 1540.000000 1.713073 0.750045
 1541.000000 1.735353 0.784844
 1542.000000 1.741182 0.754650
 1543.000000 1.821641 0.727389
 1544.000000 1.722486 0.762993
 1545.000000 1.832584 0.643530
 1546.000000 1.789151 0.691331
 1547.000000 1.812416 0.745209
 1548.000000 1.799986 0.780899
 1549.000000 1.718796 0.695596
 1550.000000 1.871613 0.704048
 1551.000000 1.698457 0.748505
 1552.000000 1.879929 0.759533
 1553.000000 1.775058 0.731240
 1554.000000 1.743045 0.811143
 1555.000000 1.771761 0.754528
 1556.000000 1.725608 0.699850
 1557.000000 1.711016 0.657806
 1558.000000 1.752407 0.712469
 1559.000000 1.771616 0.744399
 1560.000000 1.725737 0.714457
 1561.000000 1.745855 0.690382
 1562.000000 1.771611 0.652619
 1563.000000 1.951871 0.746541
 1564.000000 1.803546 0.810995
 1565.000000 1.801733 0.659278
 1566.000000 1.677870 0.732977
 1567.000000 1.789710 0.762901
 1568.000000 1.753884 0.733215
 1569.000000 1.842102 0.733373
 1570.000000 1.693558 0.684809
 1571.000000 1.824504 0.681785
 1572.000000 1.710650 0.642648
 1573.000000 1.796011 0.702089
 1574.000000 1.692091 0.649352
 1575.000000 1.831393 0.604432
 1576.000000 1.724903 0.643983
 1577.000000 1.812354 0.640811
 1578.000000 1.837010 0.664473
 1579.000000 1.789820 0.804360
 1580.000000 1.724905 0.715255
 1581.000000 1.705425 0.620713
 1582.000000 1.746281 0.661553
 1583.000000 1.801548 0.734591
 1584.000000 1.834707 0.754485
 1585.000000 1.751655 0.764049
 1586.000000 1.746829 0.724167
 1587.000000 1.861745 0.674766
 1588.000000 1.694670 0.802920
 1589.000000 1.754566 0.783858
 1590.000000 1.766686 0.758896
 1591.000000 1.803169 0.710838
 1592.000000 1.686166 0.703013
 1593.000000 1.758885 0.732316
 1594.000000 1.855630 0.731179
 1595.000000 1.870493 0.678784
 1596.000000 1.734826 0.663319
 1597.000000 1.816950 0.721115
 1598.000000 1.793371 0.733412
 1599.000000 1.798887 0.686327
 1600.000000 1.810013 0.701434
 1601.000000 1.717526 0.651277
 1602.000000 1.758371 0.690731
 1603.000000 1.744935 0.669992
 1604.000000 1.726803 0.658863
 1605.000000 1.876507 0.751330
 1606.000000 1.870639 0.644582
 1607.000000 1.871129 0.700641
 1608.000000 1.763546 0.747196
 1609.000000 1.924488 0.721962
 1610.000000 1.802196 0.748607
 1611.000000 1.863047 0.740755
 1612.000000 1.888209 0.764830
 1613.000000 1.861525 0.821771
 1614.000000 1.763903 0.677832
 1615.000000 1.818999 0.631022
 1616.000000 1.778125 0.733345
 1617.000000 1.904543 0.634701
 1618.000000 1.840721 0.645027
 1619.000000 1.896037 0.654225
 1620.000000 1.898979 0.650608
 1621.000000 1.872236 0.651608
 1622.000000 1.826216 0.592919
 1623.000000 1.735795 0.770126
 1624.000000 1.857008 0.681714
 1625.000000 1.879164 0.727858
 1626.000000 1.697453 0.656350
 1627.000000 1.790100 0.604670
 1628.000000 1.702233 0.725187
 1629.000000 1.859343 0.707852
 1630.000000 1.757379 0.695095
 1631.000000 1.764486 0.666099
 1632.000000 1.725385 0.696638
 1633.000000 1.883598 0.708491
 1634.000000 1.874182 0.657510
 1635.000000 1.860812 0.698232
 1636.000000 1.805979 0.703000
 1637.000000 1.800444 0.682245
 1638.000000 1.893408 0.693951
 1639.000000 1.784401 0.693979
 1640.000000 1.731445 0.648714
 1641.000000 1.828240 0.730153
 1642.000000 1.867940 0.693496
 1643.000000 1.869845 0.695339
 1644.000000 1.857692 0.696091
 1645.000000 1.718550 0.612629
 1646.000000 1.710371 0.759506
 1647.000000 1.908932 0.713624
 1648.000000 1.893691 0.617258
 1649.000000 1.740099 0.691807
 1650.000000 1.836604 0.677861
 1651.000000 1.879436 0.728806
 1652.000000 1.707514 0.729176
 1653.000000 1.900582 0.743005
 1654.000000 1.806122 0.721605
 1655.000000 1.769295 0.668603
 1656.000000 1.927416 0.712031
 1657.000000 1.759434 0.789907
 1658.000000 1.799849 0.718513
 1659.000000 1.761933 0.697322
 1660.000000 1.711340 0.719073
 1661.000000 1.731066 0.762818
 1662.000000 1.744663 0.767790
 1663.000000 1.907873 0.674787
 1664.000000 1.780575 0.783796
 1665.000000 1.867439 0.696345
 1666.000000 1.867458 0.749122
 1667.000000 1.854704 0.779199
 1668.000000 1.856038 0.671896
 1669.000000 1.892722 0.745225
 1670.000000 1.815799 0.664561
 1671.000000 1.841973 0.694770
 1672.000000 1.809341 0.763757
 1673.000000 1.814600 0.744762
 1674.000000 1.864742 0.721519
 1675.000000 1.818500 0.724864
 1676.000000 1.909744 0.795889
 1677.000000 1.857537 0.670053
 1678.000000 1.856752 0.782788
 1679.000000 1.916051 0.799891
 1680.000000 1.791528 0.786512
 1681.000000 1.812679 0.750448
 1682.000000 1.893883 0.730029
 1683.000000 1.767744 0.815477
 1684.000000 1.765962 0.875978
 1685.000000 1.817893 0.817294
 1686.000000 1.844907 0.827867
 1687.000000 1.826526 0.721685
 1688.000000 1.752932 0.692907
 1689.000000 1.820811 0.793005
 1690.000000 1.915757 0.707165
 1691.000000 1.795973 0.751752
 1692.000000 1.696347 0.682740
 1693.000000 1.890497 0.703470
 1694.000000 1.781511 0.720483
 1695.000000 1.794372 0.737283
 1696.000000 1.748869 0.711112
 1697.000000 1.753935 0.800580
 1698.000000 1.861030 0.729192
 1699.000000 1.796288 0.680352
 1700.000000 1.756217 0.793330
 1701.000000 1.839613 0.789504
 1702.000000 2.026113 0.739566
 1703.000000 1.854340 0.665098
 1704.000000 1.805011 0.774097
 1705.000000 1.768757 0.735119
 1706.000000 1.717030 0.670085
 1707.000000 1.796204 0.720718
 1708.000000 1.791808 0.744968
 1709.000000 1.716324 0.683158
 1710.000000 1.844312 0.700077
 1711.000000 1.804214 0.690415
 1712.000000 1.730924 0.709448
 1713.000000 1.731532 0.675449
 1714.000000 1.834093 0.715439
 1715.000000 1.767143 0.682816
 1716.000000 1.804843 0.796781
 1717.000000 1.770008 0.706312
 1718.000000 1.754992 0.758794
 1719.000000 1.902767 0.817051
 1720.000000 1.863344 0.765678
 1721.000000 1.807563 0.781237
 1722.000000 1.820471 0.778442
 1723.000000 1.769003 0.746400
 1724.000000 1.714005 0.669583
 1725.000000 1.668453 0.704470
 1726.000000 1.806180 0.718713
 1727.000000 1.730029 0.811028
 1728.000000 1.788126 0.731049
 1729.000000 1.692028 0.717798
 1730.000000 1.729212 0.723422
 1731.000000 1.779558 0.721788
 1732.000000 1.794593 0.686969
 1733.000000 1.675033 0.658413
 1734.000000 1.779977 0.791809
 1735.000000 1.815194 0.840633
 1736.000000 1.797319 0.722467
 1737.000000 1.805743 0.764667
 1738.000000 1.783130 0.707581
 1739.000000 1.860215 0.798655
 1740.000000 1.741380 0.718901
 1741.000000 1.772195 0.755359
 1742.000000 1.765578 0.732172
 1743.000000 1.917551 0.708258
 1744.000000 1.706805 0.785171
 1745.000000 1.836796 0.776320
 1746.000000 1.740540 0.665600
 1747.000000 1.683141 0.694020
 1748.000000 1.744044 0.624858
 1749.000000 1.852616 0.603919
 1750.000000 1.746950 0.639658
 1751.000000 1.741078 0.708455
 1752.000000 1.802147 0.620187
 1753.000000 1.810800 0.596438
 1754.000000 1.784940 0.587086
 1755.000000 1.776397 0.582937
 1756.000000 1.775806 0.598050
 1757.000000 1.787901 0.680030
 1758.000000 1.802884 0.623527
 1759.000000 1.848707 0.667466
 1760.000000 1.708571 0.699002
 1761.000000 1.704592 0.788356
 1762.000000 1.732393 0.792848
 1763.000000 1.740407 0.723268
 1764.000000 1.718240 0.707714
 1765.000000 1.856661 0.658177
 1766.000000 1.718244 0.673280
 1767.000000 1.804507 0.654819
 1768.000000 1.723238 0.748509
 1769.000000 1.815516 0.719245
 1770.000000 1.745669 0.710005
 1771.000000 1.727931 0.623140
 1772.000000 1.785894 0.715858
 1773.000000 1.767516 0.694376
 1774.000000 1.707952 0.728505
 1775.000000 1.818032 0.684751
 1776.000000 1.828333 0.752116
 1777.000000 1.782786 0.680426
 1778.000000 1.758255 0.704233
 1779.000000 1.861896 0.729793
 1780.000000 1.794374 0.754492
 1781.000000 1.851711 0.692789
 1782.000000 1.726926 0.669356
 1783.000000 1.789276 0.775864
 1784.000000 1.749296 0.767623
 1785.000000 1.885491 0.801824
 1786.000000 1.624771 0.772424
 1787.000000 1.838885 0.766303
 1788.000000 1.782901 0.747859
 1789.000000 1.795971 0.765122
 1790.000000 1.794228 0.872500
 1791.000000 1.747760 0.775964
 1792.000000 1.800846 0.655331
 1793.000000 1.785785 0.666200
 1794.000000 1.833218 0.675785
 1795.000000 1.838875 0.776643
 1796.000000 1.821627 0.708944
 1797.000000 1.818849 0.763732
 1798.000000 1.759025 0.790626
 1799.000000 1.809480 0.731034
 1800.000000 1.841147 0.682343
 1801.000000 1.811161 0.762911
 1802.000000 1.731660 0.730405
 1803.000000 1.690893 0.712448
 1804.000000 1.714238 0.690323
 1805.000000 1.779999 0.661189
 1806.000000 1.818717 0.720285
 1807.000000 1.783884 0.699739
 1808.000000 1.769620 0.709524
 1809.000000 1.811147 0.668454
 1810.000000 1.841187 0.700309
 1811.000000 1.782153 0.715658
 1812.000000 1.761270 0.742024
 1813.000000 1.774174 0.659540
 1814.000000 1.638600 0.636108
 1815.000000 1.789509 0.675144
 1816.000000 1.742327 0.704066
 1817.000000 1.831957 0.788294
 1818.000000 1.800805 0.749948
 1819.000000 1.763709 0.778606
 1820.000000 1.722963 0.725277
 1821.000000 1.710389 0.741605
 1822.000000 1.746118 0.609445
 1823.000000 1.754613 0.678091
 1824.000000 1.797416 0.771760
 1825.000000 1.897369 0.637651
 1826.000000 1.691079 0.772449
 1827.000000 1.734409 0.645610
 1828.000000 1.675269 0.691299
 1829.000000 1.811809 0.670427
 1830.000000 1.752176 0.761354
 1831.000000 1.702030 0.711250
 1832.000000 1.708335 0.719558
 1833.000000 1.720113 0.758153
 1834.000000 1.769062 0.713427
 1835.000000 1.775480 0.757855
 1836.000000 1.670803 0.651752
 1837.000000 1.799339 0.687277
 1838.000000 1.749107 0.740924
 1839.000000 1.734816 0.699729
 1840.000000 1.683121 0.678437
 1841.000000 1.798970 0.703017
 1842.000000 1.758720 0.788781
 1843.000000 1.736454 0.764286
 1844.000000 1.832037 0.734662
 1845.000000 1.719872 0.676129
 1846.000000 1.803150 0.818050
 1847.000000 1.805405 0.715560
 1848.000000 1.840388 0.709819
 1849.000000 1.818153 0.793571
 1850.000000 1.874631 0.801643
 1851.000000 1.874914 0.697337
 1852.000000 1.841091 0.713429
 1853.000000 1.722983 0.812106
 1854.000000 1.838677 0.698337
 1855.000000 1.933690 0.641638
 1856.000000 1.833808 0.660588
 1857.000000 1.877503 0.735233
 1858.000000 1.806873 0.778206
 1859.000000 1.803907 0.715892
 1860.000000 1.898920 0.763286
 1861.000000 1.828881 0.726517
 1862.000000 1.887636 0.701585
 1863.000000 1.818389 0.725533
 1864.000000 1.824991 0.772252
 1865.000000 1.776263 0.708328
 1866.000000 1.900121 0.695141
 1867.000000 1.827051 0.712136
 1868.000000 1.744896 0.739350
 1869.000000 1.874783 0.737372
 1870.000000 1.876694 0.710770
 1871.000000 1.771205 0.674127
 1872.000000 1.772254 0.661409
 1873.000000 1.597663 0.778350
 1874.000000 1.789174 0.680193
 1875.000000 1.826866 0.655647
 1876.000000 1.760797 0.748348
 1877.000000 1.832113 0.637987
 1878.000000 1.694859 0.707553
 1879.000000 1.824152 0.666494
 1880.000000 1.790103 0.680582
 1881.000000 1.784352 0.745682
 1882.000000 1.797287 0.722240
 1883.000000 1.900484 0.706040
 1884.000000 1.800758 0.722738
 1885.000000 1.871913 0.738174
 1886.000000 1.782746 0.706286
 1887.000000 1.877410 0.715520
 1888.000000 1.885086 0.641113
 1889.000000 1.840393 0.664572
 1890.000000 1.817546 0.712853
 1891.000000 1.765366 0.603726
 1892.000000 1.796344 0.711109
 1893.000000 1.794152 0.789103
 1894.000000 1.965232 0.706878
 1895.000000 1.859100 0.722678
 1896.000000 1.812110 0.648554
 1897.000000 1.797175 0.644904
 1898.000000 1.851178 0.708000
 1899.000000 1.900215 0.696317
 1900.000000 1.857728 0.807827
 1901.000000 1.859221 0.731139
 1902.000000 1.815904 0.777672
 1903.000000 1.868366 0.697493
 1904.000000 1.880774 0.777211
 1905.000000 1.785352 0.719293
 1906.000000 1.982454 0.635229
 1907.000000 1.816626 0.779799
 1908.000000 1.854754 0.706701
 1909.000000 1.823490 0.693399
 1910.000000 1.677463 0.648407
 1911.000000 1.885753 0.704300
 1912.000000 1.748595 0.754693
 1913.000000 1.838303 0.578792
 1914.000000 1.855459 0.733343
 1915.000000 1.813098 0.676000
 1916.000000 1.826222 0.711082
 1917.000000 1.819397 0.710418
 1918.000000 1.835842 0.717105
 1919.000000 1.786398 0.734745
 1920.000000 1.692807 0.729328
 1921.000000 1.952422 0.655029
 1922.000000 1.875859 0.698830
 1923.000000 1.832684 0.664608
 1924.000000 1.767580 0.721838
 1925.000000 1.817054 0.668337
 1926.000000 1.862828 0.697093
 1927.000000 1.748862 0.682120
 1928.000000 1.787921 0.718950
 1929.000000 1.822652 0.723246
 1930.000000 1.846499 0.693413
 1931.000000 1.764541 0.766015
 1932.000000 1.810380 0.761011
 1933.000000 1.769763 0.731941
 1934.000000 1.820986 0.730429
 1935.000000 1.687864 0.591443
 1936.000000 1.902812 0.620336
 1937.000000 1.884226 0.721740
 1938.000000 1.799521 0.706881
 1939.000000 1.767728 0.770021
 1940.000000 1.879230 0.730566
 1941.000000 1.832193 0.803245
 1942.000000 1.827360 0.769809
 1943.000000 1.884964 0.653455
 1944.000000 1.854949 0.812862
 1945.000000 1.779182 0.719662
 1946.000000 1.777884 0.711896
 1947.000000 1.831230 0.716842
 1948.000000 1.917247 0.629065
 1949.000000 1.857441 0.704748
 1950.000000 1.859695 0.734427
 1951.000000 1.820593 0.755443
 1952.000000 1.869308 0.782220
 1953.000000 1.916226 0.790087
 1954.000000 1.942587 0.828837
 1955.000000 1.855192 0.793019
 1956.000000 1.780211 0.767148
 1957.000000 1.851926 0.749035
 1958.000000 1.819771 0.704723
 1959.000000 1.783234 0.656151
 1960.000000 1.785184 0.742463
 1961.000000 1.813256 0.813331
 1962.000000 1.814815 0.809679
 1963.000000 1.878348 0.659052
 1964.000000 1.789947 0.668292
 1965.000000 1.930594 0.725462
 1966.000000 1.897597 0.729422
 1967.000000 1.907849 0.809082
 1968.000000 1.850813 0.809914
 1969.000000 1.871219 0.729965
 1970.000000 1.900517 0.712016
 1971.000000 1.906059 0.721622
 1972.000000 1.856583 0.771646
 1973.000000 1.902923 0.685415
 1974.000000 2.021821 0.788689
 1975.000000 1.926040 0.710757
 1976.000000 1.803089 0.761599
 1977.000000 1.934899 0.769254
 1978.000000 1.879520 0.655564
 1979.000000 1.828723 0.707770
 1980.000000 1.750291 0.750418
 1981.000000 1.840601 0.739483
 1982.000000 1.809152 0.662607
 1983.000000 1.780275 0.720672
 1984.000000 1.809832 0.785554
 1985.000000 1.858644 0.815909
 1986.000000 1.912015 0.716271
 1987.000000 1.971785 0.821524
 1988.000000 1.914118 0.730473
 1989.000000 1.863085 0.717864
 1990.000000 1.809164 0.743900
 1991.000000 1.875785 0.738472
 1992.000000 1.826235 0.806923
 1993.000000 1.773080 0.782329
 1994.000000 1.810121 0.821822
 1995.000000 1.897447 0.790661
 1996.000000 1.840801 0.798221
 1997.000000 1.854222 0.718411
 1998.000000 1.843314 0.763044
 1999.000000 1.871482 0.769853
 2000.000000 1.699899 0.781352
 2001.000000 1.836538 0.721530
 2002.000000 1.783977 0.784407
 2003.000000 1.715473 0.803005
 2004.000000 1.903945 0.784279
 2005.000000 1.835275 0.833569
 2006.000000 1.697735 0.819457
 2007.000000 1.832383 0.783228
 2008.000000 1.716630 0.770607
 2009.000000 1.799000 0.778715
 2010.000000 1.797396 0.721390
 2011.000000 1.824943 0.676560
 2012.000000 1.784539 0.792740
 2013.000000 1.803093 0.774625
 2014.000000 1.779032 0.721877
 2015.000000 1.831971 0.745488
 2016.000000 1.783763 0.688325
 2017.000000 1.637071 0.747256
 2018.000000 1.854726 0.673073
 2019.000000 1.811729 0.697002
 2020.000000 1.823249 0.739746
 2021.000000 1.790798 0.733966
 2022.000000 1.935080 0.781806
 2023.000000 1.872268 0.745699
 2024.000000 1.812025 0.764363
 2025.000000 1.744759 0.764718
 2026.000000 1.686341 0.708572
 2027.000000 1.702591 0.744085
 2028.000000 1.870589 0.771173
 2029.000000 1.794525 0.628214
 2030.000000 1.824617 0.791759
 2031.000000 1.660767 0.710807
 2032.000000 1.845750 0.685929
 2033.000000 1.746661 0.612232
 2034.000000 1.803731 0.730868
 2035.000000 1.704110 0.722943
 2036.000000 1.672908 0.677122
 2037.000000 1.739610 0.680642
 2038.000000 1.846219 0.717017
 2039.000000 1.702337 0.710966
 2040.000000 1.749957 0.700364
 2041.000000 1.642719 0.772961
 2042.000000 1.720665 0.755854
 2043.000000 1.800604 0.791018
 2044.000000 1.700639 0.762619
 2045.000000 1.739609 0.628103
 2046.000000 1.796280 0.818503
 2047.000000 1.794827 0.666942
 2048.000000 1.756883 0.793009
 2049.000000 1.758621 0.738918
 2050.000000 1.814503 0.750374
 2051.000000 1.800070 0.684732
 2052.000000 1.814144 0.642624
 2053.000000 1.715785 0.769385
 2054.000000 1.750808 0.874471
 2055.000000 1.732121 0.777948
 2056.000000 1.641959 0.722045
 2057.000000 1.725627 0.726757
 2058.000000 1.697345 0.718061
 2059.000000 1.699587 0.818732
 2060.000000 1.707073 0.741364
 2061.000000 1.586498 0.749847
 2062.000000 1.633265 0.685687
 2063.000000 1.643543 0.662980
 2064.000000 1.700652 0.797423
 2065.000000 1.787716 0.841520
 2066.000000 1.754278 0.716227
 2067.000000 1.755573 0.634870
 2068.000000 1.739269 0.693357
 2069.000000 1.711676 0.729662
 2070.000000 1.784944 0.719710
 2071.000000 1.636058 0.798066
 2072.000000 1.693571 0.693542
 2073.000000 1.809275 0.727716
 2074.000000 1.686829 0.721532
 2075.000000 1.778936 0.710121
 2076.000000 1.713582 0.792649
 2077.000000 1.737671 0.685132
 2078.000000 1.661256 0.681198
 2079.000000 1.724048 0.692838
 2080.000000 1.831855 0.616825
 2081.000000 1.770024 0.770449
 2082.000000 1.699796 0.770033
 2083.000000 1.675610 0.690873
 2084.000000 1.800596 0.748676
 2085.000000 1.804549 0.754781
 2086.000000 1.753657 0.751283
 2087.000000 1.722747 0.754978
 2088.000000 1.705425 0.886885
 2089.000000 1.747071 0.740806
 2090.000000 1.623830 0.699199
 2091.000000 1.629972 0.773067
 2092.000000 1.830986 0.775167
 2093.000000 1.711254 0.712266
 2094.000000 1.750975 0.717093
 2095.000000 1.826906 0.715309
 2096.000000 1.687313 0.692414
 2097.000000 1.515664 0.592800
 2098.000000 1.914426 0.716864
 2099.000000 1.921208 0.688661
 2100.000000 1.871968 0.642806
 2101.000000 1.841488 0.678493
 2102.000000 1.774769 0.676106
 2103.000000 1.608696 0.825614
 2104.000000 1.818421 0.736378
 2105.000000 1.764336 0.779674
 2106.000000 1.860970 0.744728
 2107.000000 1.728013 0.699788
 2108.000000 1.785073 0.716114
 2109.000000 1.814741 0.752051
 2110.000000 1.752823 0.684092
 2111.000000 1.692290 0.681271
 2112.000000 1.801804 0.742133
 2113.000000 1.764322 0.739495
 2114.000000 1.783782 0.603689
 2115.000000 1.880888 0.733455
 2116.000000 1.795790 0.654229
 2117.000000 1.822122 0.743407
 2118.000000 1.829858 0.745418
 2119.000000 1.744514 0.751060
 2120.000000 1.745451 0.694622
 2121.000000 1.768245 0.748887
 2122.000000 1.745324 0.751895
 2123.000000 1.816251 0.710959
 2124.000000 1.847246 0.663597
 2125.000000 1.811768 0.642187
 2126.000000 1.743240 0.587856
 2127.000000 1.804002 0.745253
 2128.000000 1.868789 0.778814
 2129.000000 1.844761 0.759283
 2130.000000 1.792089 0.763170
 2131.000000 1.813023 0.668974
 2132.000000 1.747505 0.746907
 2133.000000 1.837158 0.787666
 2134.000000 1.793071 0.783006
 2135.000000 1.873517 0.823124
 2136.000000 1.873137 0.699151
 2137.000000 1.807744 0.757370
 2138.000000 1.784438 0.717983
 2139.000000 1.819944 0.771929
 2140.000000 1.742305 0.778099
 2141.000000 1.721459 0.671235
 2142.000000 1.845200 0.659492
 2143.000000 1.801710 0.707732
 2144.000000 1.675892 0.686359
 2145.000000 1.773740 0.722976
 2146.000000 1.762671 0.704463
 2147.000000 1.760354 0.686922
 2148.000000 1.795811 0.604395
 2149.000000 1.789767 0.737615
 2150.000000 1.868578 0.691376
 2151.000000 1.805227 0.656721
 2152.000000 1.764497 0.704142
 2153.000000 1.718160 0.675545
 2154.000000 1.770762 0.722666
 2155.000000 1.807717 0.660489
 2156.000000 1.727627 0.763989
 2157.000000 1.777400 0.772923
 2158.000000 1.810803 0.601905
 2159.000000 1.762518 0.763872
 2160.000000 1.726396 0.783968
 2161.000000 1.850034 0.803149
 2162.000000 1.798405 0.673594
 2163.000000 1.727498 0.685179
 2164.000000 1.775939 0.722001
 2165.000000 1.722103 0.649438
 2166.000000 1.795062 0.692145
 2167.000000 1.784725 0.684334
 2168.000000 1.838110 0.766070
 2169.000000 1.825512 0.774086
 2170.000000 1.775933 0.683089
 2171.000000 1.738675 0.719975
 2172.000000 1.748828 0.729932
 2173.000000 1.739575 0.736345
 2174.000000 1.786915 0.756520
 2175.000000 1.768680 0.694415
 2176.000000 1.806551 0.678432
 2177.000000 1.776758 0.771388
 2178.000000 1.794295 0.693685
 2179.000000 1.781864 0.797459
 2180.000000 1.742577 0.727575
 2181.000000 1.711203 0.743789
 2182.000000 1.815042 0.673325
 2183.000000 1.832240 0.682394
 2184.000000 1.795889 0.690559
 2185.000000 1.868247 0.646064
 2186.000000 1.728600 0.741668
 2187.000000 1.720444 0.765277
 2188.000000 1.767088 0.795565
 2189.000000 1.775333 0.735544
 2190.000000 1.787611 0.739089
 2191.000000 1.855479 0.741167
 2192.000000 1.671025 0.691746
 2193.000000 1.775138 0.662162
 2194.000000 1.787550 0.707986
 2195.000000 1.716439 0.667815
 2196.000000 1.680110 0.700386
 2197.000000 1.657538 0.725995
 2198.000000 1.776537 0.735072
 2199.000000 1.738798 0.662154
 2200.000000 1.815275 0.694589
 2201.000000 1.806276 0.614579
 2202.000000 1.869829 0.616513
 2203.000000 1.749192 0.772342
 2204.000000 1.859396 0.694134
 2205.000000 1.796209 0.697326
 2206.000000 1.918709 0.723399
 2207.000000 1.800983 0.699991
 2208.000000 1.844479 0.704277
 2209.000000 1.772592 0.704193
 2210.000000 1.849155 0.728612
 2211.000000 1.686991 0.698242
 2212.000000 1.737953 0.820988
 2213.000000 1.833928 0.803563
 2214.000000 1.703190 0.677397
 2215.000000 1.764092 0.707002
 2216.000000 1.718397 0.682513
 2217.000000 1.733117 0.716718
 2218.000000 1.841279 0.675777
 2219.000000 1.827353 0.575492
 2220.000000 1.830985 0.645297
 2221.000000 1.809723 0.609908
 2222.000000 1.821608 0.697843
 2223.000000 1.800925 0.618319
 2224.000000 1.940929 0.686790
 2225.000000 1.753649 0.714431
 2226.000000 1.835291 0.712753
 2227.000000 1.808363 0.719234
 2228.000000 1.783129 0.725289
 2229.000000 1.752341 0.710518
 2230.000000 1.889962 0.786068
 2231.000000 1.877993 0.634934
 2232.000000 1.857221 0.707854
 2233.000000 1.816957 0.692729
 2234.000000 1.930542 0.703421
 2235.000000 1.926349 0.663284
 2236.000000 2.006644 0.719560
 2237.000000 1.841713 0.729183
 2238.000000 1.880665 0.706789
 2239.000000 1.852193 0.717529
 2240.000000 1.849343 0.707540
 2241.000000 1.801386 0.711207
 2242.000000 1.819179 0.671853
 2243.000000 1.804714 0.647697
 2244.000000 1.759532 0.674375
 2245.000000 1.798316 0.665314
 2246.000000 1.837508 0.737110
 2247.000000 1.723913 0.665509
 2248.000000 1.767062 0.556692
 2249.000000 1.824007 0.704155
 2250.000000 1.833381 0.695580
 2251.000000 1.838135 0.652062
 2252.000000 1.727822 0.741980
 2253.000000 1.712710 0.618349
 2254.000000 1.914918 0.735296
 2255.000000 1.809077 0.778608
 2256.000000 1.846014 0.762679
 2257.000000 1.769377 0.704083
 2258.000000 1.874583 0.745127
 2259.000000 1.848502 0.801337
 2260.000000 1.983597 0.818464
 2261.000000 1.828581 0.744196
 2262.000000 1.887752 0.727038
 2263.000000 1.927671 0.685439
 2264.000000 1.838408 0.753066
 2265.000000 1.933464 0.664352
 2266.000000 1.933458 0.797451
 2267.000000 1.747853 0.778609
 2268.000000 1.916992 0.757636
 2269.000000 1.939184 0.696525
 2270.000000 1.914215 0.690435
 2271.000000 1.947594 0.697614
 2272.000000 1.804745 0.686367
 2273.000000 1.877286 0.781287
 2274.000000 1.886776 0.710937
 2275.000000 1.904133 0.714943
 2276.000000 1.938451 0.663230
 2277.000000 1.872240 0.624661
 2278.000000 1.918735 0.662234
 2279.000000 1.862339 0.691967
 2280.000000 1.912333 0.732690
 2281.000000 1.881754 0.722641
 2282.000000 1.864967 0.699056
 2283.000000 1.942697 0.736224
 2284.000000 1.891500 0.713165
 2285.000000 1.889026 0.815596
 2286.000000 1.886918 0.782765
 2287.000000 1.897061 0.760630
 2288.000000 1.876889 0.748907
 2289.000000 1.770271 0.754440
 2290.000000 1.735580 0.740909
 2291.000000 1.875005 0.704479
 2292.000000 1.888262 0.746607
 2293.000000 1.940065 0.747705
 2294.000000 1.937243 0.719520
 2295.000000 1.971705 0.746907
 2296.000000 1.920591 0.703251
 2297.000000 1.960270 0.692680
 2298.000000 1.896065 0.694319
 2299.000000 1.891878 0.672430
 2300.000000 1.856878 0.644970
 2301.000000 1.741214 0.605109
 2302.000000 1.958529 0.690467
 2303.000000 1.863851 0.706810
 2304.000000 1.912572 0.735772
 2305.000000 1.788893 0.649070
 2306.000000 1.795991 0.682390
 2307.000000 1.954970 0.739149
 2308.000000 1.841054 0.707983
 2309.000000 1.773542 0.615500
 2310.000000 1.845031 0.735162
 2311.000000 1.843590 0.771472
 2312.000000 1.826636 0.678658
 2313.000000 1.794270 0.652123
 2314.000000 1.843483 0.658101
 2315.000000 1.854637 0.630204
 2316.000000 1.910403 0.713255
 2317.000000 1.817714 0.641099
 2318.000000 1.815859 0.664412
 2319.000000 1.837759 0.667812
 2320.000000 1.836016 0.657335
 2321.000000 1.810640 0.604727
 2322.000000 1.840402 0.654738
 2323.000000 1.935918 0.697652
 2324.000000 1.879891 0.710686
 2325.000000 1.827070 0.727852
 2326.000000 1.939011 0.711366
 2327.000000 1.808059 0.644279
 2328.000000 1.741941 0.605736
 2329.000000 1.743535 0.753309
 2330.000000 1.915763 0.730982
 2331.000000 1.935946 0.778645
 2332.000000 1.808724 0.694480
 2333.000000 1.979191 0.784783
 2334.000000 1.822694 0.709276
 2335.000000 1.857927 0.696741
 2336.000000 1.982893 0.813664
 2337.000000 1.937882 0.793029
 2338.000000 1.825053 0.748345
 2339.000000 1.856633 0.722994
 2340.000000 1.770629 0.826051
 2341.000000 1.778700 0.692354
 2342.000000 1.824777 0.811921
 2343.000000 1.955443 0.788879
 2344.000000 1.820758 0.670964
 2345.000000 1.788439 0.698099
 2346.000000 1.777120 0.605719
 2347.000000 1.735020 0.737263
 2348.000000 1.784124 0.726204
 2349.000000 1.757799 0.680293
 2350.000000 1.804952 0.698063
 2351.000000 1.815523 0.736198
 2352.000000 1.862431 0.767013
 2353.000000 1.841551 0.718418
 2354.000000 1.862534 0.725317
 2355.000000 1.807894 0.767476
 2356.000000 1.983715 0.675102
 2357.000000 1.845647 0.680896
 2358.000000 1.719679 0.742833
 2359.000000 1.852933 0.756257
 2360.000000 1.899789 0.756429
 2361.000000 1.900042 0.690674
 2362.000000 1.873477 0.749353
 2363.000000 1.858767 0.707683
 2364.000000 1.768973 0.781848
 2365.000000 1.833092 0.749331
 2366.000000 1.820152 0.796763
 2367.000000 1.839630 0.749314
 2368.000000 1.768737 0.602523
 2369.000000 1.782175 0.701099
 2370.000000 1.769911 0.647046
 2371.000000 1.807655 0.698803
 2372.000000 1.850698 0.699267
 2373.000000 1.767721 0.802754
 2374.000000 1.783415 0.828721
 2375.000000 1.758905 0.678824
 2376.000000 1.859861 0.692825
 2377.000000 1.798245 0.620704
 2378.000000 1.745915 0.690325
 2379.000000 1.830268 0.701008
 2380.000000 1.843069 0.709100
 2381.000000 1.842797 0.682066
 2382.000000 1.838679 0.678871
 2383.000000 1.817928 0.622297
 2384.000000 1.835781 0.569274
 2385.000000 1.898362 0.683675
 2386.000000 1.846175 0.691280
 2387.000000 1.761970 0.778802
 2388.000000 1.886046 0.680066
 2389.000000 1.825624 0.698358
 2390.000000 1.829514 0.737310
 2391.000000 1.829696 0.781925
 2392.000000 1.888033 0.699705
 2393.000000 1.946067 0.663361
 2394.000000 1.792104 0.646757
 2395.000000 1.891642 0.734506
 2396.000000 1.771023 0.746610
 2397.000000 1.799895 0.609435
 2398.000000 1.801999 0.673284
 2399.000000 1.811732 0.747766
 2400.000000 1.891149 0.666905
 2401.000000 1.784537 0.721852
 2402.000000 1.870006 0.789447
 2403.000000 1.804927 0.752898
 2404.000000 1.791470 0.709805
 2405.000000 1.779754 0.664280
 2406.000000 1.751439 0.693595
 2407.000000 1.902687 0.775358
 2408.000000 1.925338 0.738387
 2409.000000 1.778133 0.772361
 2410.000000 1.923978 0.650415
 2411.000000 1.807145 0.672386
 2412.000000 1.764266 0.814402
 2413.000000 1.813151 0.729998
 2414.000000 1.783537 0.733508
 2415.000000 1.788268 0.691157
 2416.000000 1.684372 0.634869
 2417.000000 1.797423 0.664354
 2418.000000 1.792006 0.637844
 2419.000000 1.860095 0.730083
 2420.000000 1.806829 0.707812
 2421.000000 1.866923 0.695673
 2422.000000 1.828207 0.727654
 2423.000000 1.742095 0.696673
 2424.000000 1.807182 0.786199
 2425.000000 1.900014 0.705368
 2426.000000 1.873763 0.715990
 2427.000000 1.781235 0.773889
 2428.000000 1.847135 0.688531
 2429.000000 1.858470 0.651122
 2430.000000 1.808091 0.765507
 2431.000000 1.781607 0.707204
 2432.000000 1.715716 0.664326
 2433.000000 1.772126 0.703710
 2434.000000 1.734902 0.713425
 2435.000000 1.766607 0.644137
 2436.000000 1.865548 0.651285
 2437.000000 1.819285 0.715901
 2438.000000 1.841380 0.729523
 2439.000000 1.893325 0.699786
 2440.000000 1.825186 0.646781
 2441.000000 1.727973 0.709705
 2442.000000 1.837708 0.691967
 2443.000000 1.860511 0.787852
 2444.000000 1.800568 0.655208
 2445.000000 1.783739 0.742422
 2446.000000 1.822605 0.758032
 2447.000000 1.849436 0.726598
 2448.000000 1.886374 0.732278
 2449.000000 1.867881 0.674990
 2450.000000 1.915949 0.708048
 2451.000000 1.843419 0.660365
 2452.000000 1.899872 0.725290
 2453.000000 1.845309 0.681026
 2454.000000 1.818346 0.657457
 2455.000000 1.703411 0.677838
 2456.000000 1.866850 0.685173
 2457.000000 1.878044 0.699868
 2458.000000 1.785890 0.723708
 2459.000000 1.833822 0.685972
 2460.000000 1.796060 0.703406
 2461.000000 1.758467 0.694474
 2462.000000 1.710218 0.713895
 2463.000000 1.859228 0.681723
 2464.000000 1.835463 0.707576
 2465.000000 1.795917 0.690884
 2466.000000 1.713969 0.679077
 2467.000000 1.957056 0.640502
 2468.000000 1.750378 0.686777
 2469.000000 1.785590 0.609950
 2470.000000 1.761936 0.710869
 2471.000000 1.819929 0.695167
 2472.000000 1.826663 0.692275
 2473.000000 1.844952 0.720956
 2474.000000 1.847008 0.804107
 2475.000000 1.837513 0.730771
 2476.000000 1.857803 0.725104
 2477.000000 1.794872 0.694484
 2478.000000 1.824358 0.696714
 2479.000000 1.850311 0.788848
 2480.000000 1.904736 0.661211
 2481.000000 1.904379 0.711454
 2482.000000 1.850958 0.655527
 2483.000000 1.882724 0.680826
 2484.000000 1.824032 0.734063
 2485.000000 1.746472 0.708903
 2486.000000 1.849486 0.711096
 2487.000000 1.738161 0.635930
 2488.000000 1.792778 0.753755
 2489.000000 1.814791 0.675351
 2490.000000 1.761428 0.632548
 2491.000000 1.792538 0.708475
 2492.000000 1.775601 0.585405
 2493.000000 1.824195 0.647150
 2494.000000 1.828584 0.691654
 2495.000000 1.828853 0.700193
 2496.000000 1.740882 0.745075
 2497.000000 1.801585 0.704654
 2498.000000 1.826754 0.715093
 2499.000000 1.878662 0.778778
 2500.000000 1.741273 0.779230
