#! FIELDS time pd_137_140 diff
 0.000000 1.195666 1.302990
 1.000000 1.154918 1.424173
 2.000000 1.161098 1.409929
 3.000000 1.188504 1.462303
 4.000000 1.257524 1.421439
 5.000000 1.125376 1.410200
 6.000000 1.150386 1.402709
 7.000000 1.084188 1.437823
 8.000000 1.120981 1.471520
 9.000000 1.076173 1.399383
 10.000000 1.183290 1.445300
 11.000000 1.290619 1.448743
 12.000000 1.202217 1.349607
 13.000000 1.094525 1.397342
 14.000000 1.246898 1.453158
 15.000000 1.193462 1.468733
 16.000000 1.187419 1.445940
 17.000000 1.195552 1.464389
 18.000000 1.047078 1.447048
 19.000000 1.306275 1.410778
 20.000000 1.106726 1.418499
 21.000000 1.068120 1.566686
 22.000000 1.085212 1.522395
 23.000000 1.115683 1.448974
 24.000000 1.115213 1.381029
 25.000000 0.986493 1.488852
 26.000000 0.967706 1.466344
 27.000000 1.045791 1.453332
 28.000000 1.035195 1.508122
 29.000000 0.987404 1.477726
 30.000000 1.198275 1.436502
 31.000000 0.990797 1.454191
 32.000000 0.972210 1.490694
 33.000000 1.077750 1.427892
 34.000000 1.113184 1.421008
 35.000000 0.940031 1.469961
 36.000000 1.075962 1.465897
 37.000000 0.973018 1.504208
 38.000000 1.118768 1.469796
 39.000000 1.044058 1.381643
 40.000000 1.128948 1.478538
 41.000000 0.939982 1.399508
 42.000000 1.007314 1.460202
 43.000000 1.115038 1.497896
 44.000000 1.058161 1.504661
 45.000000 0.979651 1.416264
 46.000000 1.069509 1.407436
 47.000000 1.088544 1.468701
 48.000000 0.999280 1.363536
 49.000000 1.061958 1.419046
 50.000000 1.075571 1.403215
 51.000000 1.098885 1.419163
 52.000000 1.045204 1.447348
 53.000000 0.948339 1.470759
 54.000000 1.023060 1.451020
 55.000000 1.041550 1.513797
 56.000000 0.999008 1.431277
 57.000000 1.023648 1.527528
 58.000000 0.998135 1.535522
 59.000000 1.104853 1.435636
 60.000000 1.073707 1.406653
 61.000000 1.038860 1.452735
 62.000000 1.139891 1.440691
 63.000000 1.053405 1.484456
 64.000000 1.102442 1.472628
 65.000000 1.159631 1.481613
 66.000000 1.114174 1.462920
 67.000000 1.024971 1.459770
 68.000000 1.074052 1.439992
 69.000000 1.159595 1.482928
 70.000000 1.146007 1.514869
 71.000000 1.075210 1.433568
 72.000000 1.053071 1.564846
 73.000000 1.033209 1.485687
 74.000000 1.045181 1.481080
 75.000000 1.048452 1.513888
 76.000000 1.045234 1.527578
 77.000000 1.008237 1.448093
 78.000000 0.984633 1.389221
 79.000000 1.114968 1.450816
 80.000000 1.119974 1.379261
 81.000000 1.118047 1.470717
 82.000000 1.044302 1.572606
 83.000000 1.148600 1.508428
 84.000000 1.171630 1.397329
 85.000000 1.268534 1.434580
 86.000000 1.081202 1.510472
 87.000000 1.159549 1.427425
 88.000000 1.077800 1.545323
 89.000000 1.017318 1.450861
 90.000000 1.050476 1.542083
 91.000000 1.160150 1.484212
 92.000000 1.115556 1.562080
 93.000000 1.138456 1.520345
 94.000000 1.140194 1.453761
 95.000000 1.101543 1.478045
 96.000000 1.050247 1.458333
 97.000000 1.032277 1.442018
 98.000000 1.135821 1.501570
 99.000000 1.069436 1.475442
 100.000000 1.044584 1.493007
 101.000000 1.154986 1.482051
 102.000000 1.221429 1.421206
 103.000000 1.183554 1.434355
 104.000000 1.097720 1.433911
 105.000000 1.016211 1.495454
 106.000000 1.014729 1.465789
 107.000000 1.020022 1.470951
 108.000000 1.075184 1.445127
 109.000000 0.962812 1.489365
 110.000000 0.991110 1.472501
 111.000000 1.117306 1.418849
 112.000000 1.114286 1.450337
 113.000000 1.175339 1.462654
 114.000000 1.104546 1.486028
 115.000000 1.079216 1.477042
 116.000000 1.077543 1.422959
 117.000000 1.133148 1.418178
 118.000000 1.041476 1.558603
 119.000000 1.090188 1.476363
 120.000000 1.137495 1.503942
 121.000000 1.065685 1.522868
 122.000000 1.084889 1.413841
 123.000000 1.149607 1.476298
 124.000000 1.233361 1.546097
 125.000000 1.038624 1.519347
 126.000000 1.088067 1.484444
 127.000000 1.212442 1.468489
 128.000000 1.094066 1.495789
 129.000000 1.042231 1.447667
 130.000000 1.059632 1.469098
 131.000000 1.031392 1.419765
 132.000000 1.049795 1.589481
 133.000000 1.075417 1.498970
 134.000000 1.105116 1.477905
 135.000000 1.108507 1.497477
 136.000000 1.163800 1.415681
 137.000000 1.074536 1.398361
 138.000000 1.149164 1.403756
 139.000000 1.064964 1.471673
 140.000000 1.131415 1.478118
 141.000000 1.086096 1.478014
 142.000000 1.065757 1.486493
 143.000000 1.002463 1.406047
 144.000000 1.112577 1.526930
 145.000000 1.064652 1.436326
 146.000000 1.070528 1.465236
 147.000000 0.975407 1.523904
 148.000000 1.024886 1.525331
 149.000000 1.063300 1.432913
 150.000000 1.098296 1.412122
 151.000000 1.081908 1.425507
 152.000000 1.050541 1.439795
 153.000000 1.067800 1.488602
 154.000000 1.057383 1.551477
 155.000000 1.062696 1.490560
 156.000000 1.103183 1.489065
 157.000000 1.098554 1.456415
 158.000000 1.138444 1.396789
 159.000000 1.130978 1.521344
 160.000000 1.162409 1.468872
 161.000000 1.217925 1.451653
 162.000000 1.142214 1.412995
 163.000000 1.098847 1.400173
 164.000000 1.060524 1.522310
 165.000000 1.114012 1.445419
 166.000000 1.086713 1.498180
 167.000000 0.982548 1.522816
 168.000000 1.127819 1.570777
 169.000000 1.130365 1.518917
 170.000000 1.032350 1.446071
 171.000000 1.199555 1.568858
 172.000000 0.990465 1.485703
 173.000000 1.113327 1.531151
 174.000000 0.995795 1.500064
 175.000000 1.075824 1.532217
 176.000000 1.174382 1.491860
 177.000000 1.129980 1.490950
 178.000000 1.149976 1.548308
 179.000000 1.198743 1.457988
 180.000000 1.008991 1.559731
 181.000000 1.049085 1.494648
 182.000000 1.102588 1.556813
 183.000000 1.103562 1.500685
 184.000000 1.111237 1.448230
 185.000000 1.073963 1.368833
 186.000000 1.110915 1.476374
 187.000000 1.080615 1.450306
 188.000000 1.083711 1.476110
 189.000000 1.141033 1.479343
 190.000000 1.067393 1.588001
 191.000000 1.078836 1.431722
 192.000000 1.021043 1.427663
 193.000000 1.134501 1.419320
 194.000000 1.169472 1.511167
 195.000000 1.111954 1.453273
 196.000000 1.290945 1.423966
 197.000000 1.146240 1.425262
 198.000000 1.169578 1.402164
 199.000000 1.067503 1.437009
 200.000000 1.172774 1.421492
 201.000000 1.078664 1.444160
 202.000000 1.156043 1.506705
 203.000000 1.125339 1.434262
 204.000000 1.099900 1.552452
 205.000000 1.099384 1.511310
 206.000000 1.120392 1.475114
 207.000000 1.113448 1.436919
 208.000000 1.059736 1.511775
 209.000000 0.960474 1.451059
 210.000000 1.116183 1.494635
 211.000000 1.089812 1.408356
 212.000000 1.136131 1.484259
 213.000000 1.115193 1.523728
 214.000000 1.228770 1.542278
 215.000000 1.000702 1.443195
 216.000000 1.139869 1.451935
 217.000000 1.196953 1.495391
 218.000000 1.136267 1.383379
 219.000000 1.208121 1.413797
 220.000000 1.161521 1.427063
 221.000000 1.119942 1.411551
 222.000000 1.132660 1.476987
 223.000000 1.215081 1.483426
 224.000000 1.153550 1.488264
 225.000000 1.098932 1.530413
 226.000000 1.235155 1.423660
 227.000000 1.197971 1.492618
 228.000000 1.118716 1.506625
 229.000000 1.133800 1.424318
 230.000000 1.128679 1.418727
 231.000000 1.193619 1.453994
 232.000000 1.037189 1.488369
 233.000000 1.138086 1.497841
 234.000000 1.195853 1.436398
 235.000000 1.173607 1.466817
 236.000000 1.200930 1.515698
 237.000000 1.095121 1.450559
 238.000000 1.064057 1.489494
 239.000000 1.161516 1.439904
 240.000000 1.147436 1.425738
 241.000000 1.147278 1.507911
 242.000000 1.113494 1.442138
 243.000000 1.104666 1.485232
 244.000000 1.133790 1.441460
 245.000000 1.150772 1.424583
 246.000000 1.114090 1.491442
 247.000000 1.154727 1.484582
 248.000000 1.078209 1.454370
 249.000000 1.114765 1.456261
 250.000000 1.107088 1.446213
 251.000000 1.063114 1.372732
 252.000000 1.120167 1.352979
 253.000000 1.091616 1.382172
 254.000000 1.043031 1.419059
 255.000000 1.102504 1.432457
 256.000000 1.079858 1.440561
 257.000000 1.073053 1.471443
 258.000000 0.979618 1.533861
 259.000000 1.065171 1.442050
 260.000000 0.987871 1.525378
 261.000000 1.169169 1.557281
 262.000000 1.147196 1.504712
 263.000000 1.129993 1.407676
 264.000000 1.006092 1.385370
 265.000000 1.153863 1.465661
 266.000000 1.056858 1.457248
 267.000000 1.162088 1.465206
 268.000000 1.066819 1.420639
 269.000000 1.050623 1.474144
 270.000000 1.042470 1.369428
 271.000000 1.144312 1.399058
 272.000000 1.041240 1.438029
 273.000000 1.098815 1.445060
 274.000000 1.070656 1.460035
 275.000000 1.148753 1.540160
 276.000000 1.126603 1.451782
 277.000000 1.045982 1.458085
 278.000000 1.117668 1.487041
 279.000000 1.098331 1.540051
 280.000000 1.170789 1.492098
 281.000000 1.002138 1.448814
 282.000000 1.007668 1.418865
 283.000000 1.136552 1.497589
 284.000000 1.114510 1.417393
 285.000000 1.041674 1.513822
 286.000000 1.090123 1.437558
 287.000000 1.041155 1.507099
 288.000000 1.028282 1.495317
 289.000000 1.101116 1.505506
 290.000000 0.924439 1.544005
 291.000000 1.053888 1.457676
 292.000000 1.043841 1.472089
 293.000000 1.063411 1.487470
 294.000000 1.013309 1.511977
 295.000000 1.116046 1.415027
 296.000000 1.065979 1.490479
 297.000000 1.048898 1.507123
 298.000000 1.140036 1.463869
 299.000000 1.125585 1.485384
 300.000000 1.127134 1.570441
 301.000000 1.205227 1.504703
 302.000000 1.076721 1.464927
 303.000000 1.048316 1.444217
 304.000000 1.052844 1.483369
 305.000000 1.062205 1.522086
 306.000000 1.034842 1.514265
 307.000000 1.053098 1.470621
 308.000000 1.072430 1.479161
 309.000000 1.078357 1.445512
 310.000000 1.111920 1.419768
 311.000000 1.061826 1.491136
 312.000000 1.010433 1.494961
 313.000000 0.997420 1.570217
 314.000000 1.015450 1.522786
 315.000000 1.056134 1.520019
 316.000000 1.126440 1.458238
 317.000000 1.053918 1.511393
 318.000000 0.998735 1.546962
 319.000000 1.004996 1.488921
 320.000000 1.109836 1.479960
 321.000000 1.141339 1.528624
 322.000000 1.045134 1.515427
 323.000000 1.087515 1.538548
 324.000000 1.081411 1.534510
 325.000000 1.078025 1.546627
 326.000000 1.084503 1.495778
 327.000000 1.125908 1.547178
 328.000000 1.225680 1.415554
 329.000000 1.091886 1.524788
 330.000000 1.011243 1.450309
 331.000000 1.093172 1.509166
 332.000000 1.127528 1.533231
 333.000000 1.105833 1.536418
 334.000000 1.024833 1.539256
 335.000000 1.009584 1.428888
 336.000000 1.132802 1.475922
 337.000000 1.121559 1.459329
 338.000000 1.108795 1.446566
 339.000000 1.100884 1.519995
 340.000000 1.188390 1.500531
 341.000000 1.105111 1.486952
 342.000000 1.036883 1.530660
 343.000000 1.121576 1.459717
 344.000000 1.088821 1.476013
 345.000000 1.125269 1.467085
 346.000000 1.173777 1.427394
 347.000000 1.057236 1.475628
 348.000000 1.076069 1.401926
 349.000000 1.187337 1.322236
 350.000000 1.065723 1.462688
 351.000000 1.003080 1.422328
 352.000000 1.087146 1.461127
 353.000000 1.137863 1.515918
 354.000000 1.140591 1.503413
 355.000000 1.135801 1.484431
 356.000000 1.157448 1.452078
 357.000000 1.118500 1.481082
 358.000000 1.142127 1.443895
 359.000000 1.170796 1.507405
 360.000000 1.172716 1.452161
 361.000000 1.172167 1.414903
 362.000000 1.124163 1.504228
 363.000000 1.066518 1.454676
 364.000000 1.218253 1.361102
 365.000000 1.123619 1.468901
 366.000000 1.114247 1.464293
 367.000000 1.121096 1.437403
 368.000000 1.260190 1.479935
 369.000000 1.121307 1.442464
 370.000000 1.082469 1.502586
 371.000000 1.042196 1.462897
 372.000000 1.278526 1.457497
 373.000000 1.215979 1.481727
 374.000000 1.192214 1.386411
 375.000000 1.140906 1.443307
 376.000000 1.122067 1.431505
 377.000000 1.169990 1.517762
 378.000000 1.052987 1.460152
 379.000000 1.100551 1.465741
 380.000000 1.129125 1.510863
 381.000000 1.138005 1.482547
 382.000000 1.103369 1.424443
 383.000000 1.091393 1.435519
 384.000000 1.091607 1.463528
 385.000000 1.206950 1.440608
 386.000000 1.168962 1.439683
 387.000000 1.045439 1.410908
 388.000000 1.080160 1.502557
 389.000000 1.015132 1.471093
 390.000000 1.165445 1.444610
 391.000000 1.097130 1.537618
 392.000000 1.093392 1.490496
 393.000000 1.120288 1.557470
 394.000000 1.164037 1.510553
 395.000000 1.227514 1.417556
 396.000000 1.190332 1.411374
 397.000000 1.096445 1.522265
 398.000000 1.138171 1.480376
 399.000000 1.054828 1.510590
 400.000000 1.142245 1.523030
 401.000000 1.055087 1.503278
 402.000000 0.982918 1.435240
 403.000000 1.127581 1.468203
 404.000000 1.016513 1.460571
 405.000000 1.129996 1.600555
 406.000000 1.157175 1.509438
 407.000000 1.148564 1.572727
 408.000000 1.145848 1.535886
 409.000000 1.099072 1.481561
 410.000000 1.055718 1.550020
 411.000000 1.010977 1.411942
 412.000000 1.090315 1.499292
 413.000000 1.151220 1.532909
 414.000000 0.993275 1.548528
 415.000000 1.119838 1.424674
 416.000000 1.092512 1.414252
 417.000000 1.144406 1.528798
 418.000000 1.030557 1.458842
 419.000000 1.061680 1.516623
 420.000000 1.022664 1.570549
 421.000000 1.111989 1.450864
 422.000000 1.047641 1.494607
 423.000000 1.136531 1.576462
 424.000000 0.982648 1.453432
 425.000000 1.110932 1.452355
 426.000000 1.160722 1.501793
 427.000000 1.014881 1.485364
 428.000000 1.174001 1.473061
 429.000000 1.058074 1.466832
 430.000000 1.089007 1.478965
 431.000000 1.108441 1.490738
 432.000000 1.111449 1.588893
 433.000000 1.036983 1.555361
 434.000000 1.196305 1.402679
 435.000000 1.180506 1.468525
 436.000000 1.099790 1.525596
 437.000000 1.063813 1.577619
 438.000000 0.967323 1.485527
 439.000000 1.092753 1.477760
 440.000000 1.056172 1.480612
 441.000000 1.033887 1.529698
 442.000000 1.232968 1.418432
 443.000000 1.099942 1.395471
 444.000000 1.056328 1.481667
 445.000000 1.096287 1.534678
 446.000000 1.139290 1.496243
 447.000000 1.136473 1.489009
 448.000000 0.988657 1.504908
 449.000000 1.044229 1.515785
 450.000000 1.043720 1.471881
 451.000000 1.171295 1.441807
 452.000000 1.045060 1.407801
 453.000000 1.041105 1.458653
 454.000000 1.094572 1.561166
 455.000000 1.121882 1.491580
 456.000000 1.028206 1.501855
 457.000000 1.089183 1.456332
 458.000000 1.122136 1.450209
 459.000000 1.170906 1.454917
 460.000000 1.008602 1.415720
 461.000000 1.144441 1.481412
 462.000000 1.194079 1.484984
 463.000000 0.997299 1.416261
 464.000000 1.176109 1.481614
 465.000000 1.105392 1.490724
 466.000000 1.052606 1.454137
 467.000000 1.023930 1.390797
 468.000000 1.030063 1.449689
 469.000000 1.177772 1.474443
 470.000000 1.143866 1.450594
 471.000000 1.195731 1.411191
 472.000000 1.069184 1.462066
 473.000000 1.104082 1.453921
 474.000000 1.096222 1.535152
 475.000000 1.142149 1.326908
 476.000000 1.135682 1.467217
 477.000000 0.976293 1.529421
 478.000000 1.068357 1.466210
 479.000000 1.102695 1.391691
 480.000000 1.046020 1.430676
 481.000000 1.043845 1.481592
 482.000000 1.100022 1.363294
 483.000000 1.113110 1.508351
 484.000000 1.061179 1.490284
 485.000000 1.109049 1.451006
 486.000000 1.110863 1.428167
 487.000000 1.043260 1.397130
 488.000000 1.149322 1.460891
 489.000000 1.167530 1.517485
 490.000000 1.093593 1.515196
 491.000000 1.000125 1.455484
 492.000000 1.195026 1.461320
 493.000000 1.081981 1.450728
 494.000000 1.011454 1.484897
 495.000000 1.119418 1.407338
 496.000000 1.038005 1.391376
 497.000000 1.115514 1.486823
 498.000000 1.165695 1.391865
 499.000000 1.020841 1.388774
 500.000000 1.080280 1.438943
 501.000000 1.148799 1.533836
 502.000000 1.088647 1.453137
 503.000000 1.064342 1.513341
 504.000000 0.985653 1.450969
 505.000000 1.027246 1.463650
 506.000000 1.160018 1.475548
 507.000000 1.091858 1.509635
 508.000000 1.028844 1.511127
 509.000000 1.209335 1.453928
 510.000000 1.040448 1.460914
 511.000000 1.083830 1.441243
 512.000000 1.027037 1.484625
 513.000000 1.061438 1.444195
 514.000000 1.227055 1.390872
 515.000000 1.116446 1.502341
 516.000000 1.150089 1.480318
 517.000000 0.976268 1.401693
 518.000000 1.047308 1.491558
 519.000000 1.076310 1.456125
 520.000000 0.933511 1.436901
 521.000000 1.160935 1.505343
 522.000000 1.083706 1.472129
 523.000000 1.098089 1.420729
 524.000000 1.161946 1.378153
 525.000000 1.049711 1.433921
 526.000000 1.023164 1.325797
 527.000000 1.124051 1.415782
 528.000000 1.124083 1.401191
 529.000000 1.001026 1.492243
 530.000000 1.176684 1.382822
 531.000000 1.076203 1.431323
 532.000000 1.019113 1.450658
 533.000000 1.135545 1.504006
 534.000000 1.078353 1.342469
 535.000000 1.084528 1.486803
 536.000000 1.119494 1.423365
 537.000000 1.084035 1.397158
 538.000000 1.071441 1.387342
 539.000000 1.124908 1.522778
 540.000000 1.099149 1.452487
 541.000000 1.154374 1.424336
 542.000000 1.154096 1.508399
 543.000000 1.007997 1.493522
 544.000000 1.129487 1.475956
 545.000000 1.020420 1.506409
 546.000000 1.078509 1.452362
 547.000000 1.019996 1.420447
 548.000000 1.107987 1.468390
 549.000000 1.181819 1.593272
 550.000000 1.050860 1.448321
 551.000000 1.273504 1.497071
 552.000000 1.056355 1.448920
 553.000000 1.124141 1.406925
 554.000000 1.094772 1.382242
 555.000000 1.097021 1.431680
 556.000000 1.190797 1.452287
 557.000000 1.092694 1.434864
 558.000000 1.211549 1.474820
 559.000000 1.237306 1.459259
 560.000000 1.247825 1.485639
 561.000000 1.128770 1.445632
 562.000000 1.044010 1.396349
 563.000000 1.057542 1.441738
 564.000000 1.132235 1.508358
 565.000000 1.044873 1.419130
 566.000000 1.207113 1.418849
 567.000000 1.101440 1.466045
 568.000000 1.178702 1.422867
 569.000000 1.015835 1.483387
 570.000000 1.069133 1.434189
 571.000000 1.101712 1.451208
 572.000000 1.111011 1.476637
 573.000000 1.032131 1.467631
 574.000000 1.069554 1.466240
 575.000000 1.137160 1.482265
 576.000000 1.149016 1.507031
 577.000000 1.084658 1.368382
 578.000000 1.223503 1.431837
 579.000000 1.040732 1.423556
 580.000000 0.988475 1.476791
 581.000000 1.082169 1.439206
 582.000000 1.169070 1.447450
 583.000000 1.027805 1.419273
 584.000000 1.203231 1.450484
 585.000000 1.049921 1.503800
 586.000000 1.113570 1.506956
 587.000000 1.127799 1.422866
 588.000000 1.212600 1.557270
 589.000000 1.136218 1.466946
 590.000000 1.163064 1.513385
 591.000000 1.190046 1.459380
 592.000000 1.243386 1.434426
 593.000000 1.030045 1.433953
 594.000000 1.083729 1.408537
 595.000000 1.048201 1.474076
 596.000000 1.000998 1.363696
 597.000000 1.109315 1.351249
 598.000000 1.051364 1.444666
 599.000000 1.115092 1.414385
 600.000000 1.090700 1.405601
 601.000000 1.150577 1.447539
 602.000000 1.137256 1.438415
 603.000000 1.058307 1.414217
 604.000000 0.998942 1.499785
 605.000000 1.046730 1.454446
 606.000000 1.170357 1.446848
 607.000000 1.088680 1.451722
 608.000000 1.158739 1.377851
 609.000000 1.105015 1.315105
 610.000000 1.082851 1.404584
 611.000000 1.156618 1.417580
 612.000000 1.184830 1.376701
 613.000000 1.074830 1.351997
 614.000000 1.214153 1.345047
 615.000000 1.093208 1.437576
 616.000000 1.086058 1.423429
 617.000000 0.956251 1.361936
 618.000000 1.133400 1.414185
 619.000000 1.088445 1.367166
 620.000000 1.132137 1.403074
 621.000000 1.109466 1.350591
 622.000000 1.264015 1.458425
 623.000000 1.218081 1.425309
 624.000000 1.149017 1.519978
 625.000000 1.045328 1.512788
 626.000000 1.088935 1.407890
 627.000000 1.129595 1.561561
 628.000000 1.092501 1.535531
 629.000000 1.125853 1.460034
 630.000000 1.131715 1.463881
 631.000000 1.159649 1.525599
 632.000000 1.069226 1.539348
 633.000000 1.061793 1.433781
 634.000000 1.126384 1.490096
 635.000000 1.034575 1.456194
 636.000000 1.045013 1.390946
 637.000000 0.973694 1.375508
 638.000000 0.983847 1.374365
 639.000000 1.018887 1.385001
 640.000000 0.977203 1.466048
 641.000000 1.063054 1.388415
 642.000000 1.103908 1.420205
 643.000000 0.948713 1.441824
 644.000000 1.066598 1.508804
 645.000000 0.994286 1.452059
 646.000000 0.998341 1.405593
 647.000000 1.046533 1.466035
 648.000000 0.958850 1.500195
 649.000000 1.094878 1.512220
 650.000000 0.978002 1.494453
 651.000000 0.996068 1.499948
 652.000000 1.138271 1.422696
 653.000000 1.160223 1.441703
 654.000000 1.152580 1.496428
 655.000000 0.969707 1.505417
 656.000000 1.169535 1.409741
 657.000000 1.078776 1.421168
 658.000000 1.152470 1.422308
 659.000000 1.097634 1.384389
 660.000000 1.060115 1.425731
 661.000000 1.039903 1.436771
 662.000000 1.087480 1.473860
 663.000000 1.004397 1.474452
 664.000000 1.039860 1.339665
 665.000000 0.971325 1.412169
 666.000000 1.087422 1.441563
 667.000000 0.974030 1.454493
 668.000000 1.065345 1.426633
 669.000000 1.007976 1.461243
 670.000000 1.027484 1.346915
 671.000000 1.034575 1.438344
 672.000000 1.126613 1.384976
 673.000000 1.123275 1.475011
 674.000000 1.063881 1.462707
 675.000000 1.144804 1.554965
 676.000000 1.219130 1.496741
 677.000000 1.180746 1.454889
 678.000000 1.101177 1.472453
 679.000000 1.126466 1.296103
 680.000000 0.967863 1.419335
 681.000000 0.973220 1.405416
 682.000000 1.056096 1.409992
 683.000000 0.957319 1.445819
 684.000000 1.070443 1.445671
 685.000000 1.083167 1.423090
 686.000000 0.959767 1.458524
 687.000000 1.002429 1.405956
 688.000000 1.005177 1.539568
 689.000000 1.036561 1.369852
 690.000000 0.952710 1.432193
 691.000000 1.032590 1.402171
 692.000000 1.076932 1.483599
 693.000000 1.115152 1.416936
 694.000000 1.110288 1.370621
 695.000000 1.085378 1.524969
 696.000000 1.129819 1.378433
 697.000000 1.142906 1.438299
 698.000000 1.118316 1.365869
 699.000000 1.240271 1.472593
 700.000000 1.192606 1.441474
 701.000000 1.097912 1.404434
 702.000000 1.143074 1.441750
 703.000000 1.107010 1.464580
 704.000000 1.151892 1.549332
 705.000000 1.067367 1.518009
 706.000000 0.929124 1.501538
 707.000000 1.198155 1.515926
 708.000000 1.168815 1.442581
 709.000000 1.079453 1.456653
 710.000000 1.019289 1.497083
 711.000000 1.187383 1.443167
 712.000000 1.191840 1.439846
 713.000000 1.140653 1.436314
 714.000000 1.109095 1.394660
 715.000000 0.979140 1.351881
 716.000000 1.069777 1.519792
 717.000000 1.127886 1.441006
 718.000000 1.075921 1.535319
 719.000000 1.167319 1.497683
 720.000000 1.074633 1.474198
 721.000000 1.001021 1.534233
 722.000000 1.006167 1.500415
 723.000000 1.045027 1.469990
 724.000000 1.026360 1.333909
 725.000000 1.038915 1.430928
 726.000000 1.052844 1.361801
 727.000000 1.104252 1.475436
 728.000000 1.060436 1.464825
 729.000000 1.116903 1.541556
 730.000000 1.096093 1.499829
 731.000000 1.100001 1.408849
 732.000000 1.129177 1.497502
 733.000000 1.204899 1.414750
 734.000000 1.066078 1.378695
 735.000000 1.115269 1.486529
 736.000000 1.087360 1.495959
 737.000000 1.116219 1.427870
 738.000000 1.145672 1.500482
 739.000000 1.088887 1.398863
 740.000000 1.064438 1.460874
 741.000000 1.171513 1.473883
 742.000000 1.134914 1.584600
 743.000000 1.173955 1.549788
 744.000000 1.223309 1.546677
 745.000000 0.978675 1.446699
 746.000000 1.178173 1.506536
 747.000000 1.110728 1.476316
 748.000000 1.161270 1.518108
 749.000000 1.144544 1.533930
 750.000000 1.124351 1.511308
 751.000000 1.307024 1.480897
 752.000000 1.156078 1.464057
 753.000000 1.083088 1.511167
 754.000000 1.088671 1.397126
 755.000000 1.091558 1.348840
 756.000000 1.059679 1.441701
 757.000000 1.190925 1.471214
 758.000000 1.142068 1.512477
 759.000000 1.054515 1.613561
 760.000000 1.102546 1.452157
 761.000000 1.113695 1.600154
 762.000000 1.114097 1.488809
 763.000000 1.043967 1.424512
 764.000000 1.077753 1.456663
 765.000000 1.106137 1.460086
 766.000000 1.212725 1.493509
 767.000000 1.197993 1.446292
 768.000000 1.154490 1.460438
 769.000000 1.110508 1.487647
 770.000000 1.020401 1.404192
 771.000000 1.159184 1.493588
 772.000000 1.176338 1.515096
 773.000000 1.117221 1.407772
 774.000000 1.103866 1.438144
 775.000000 1.235390 1.520786
 776.000000 1.093889 1.474376
 777.000000 1.157305 1.468392
 778.000000 1.098875 1.464790
 779.000000 1.002258 1.392622
 780.000000 1.082209 1.464956
 781.000000 1.087874 1.393486
 782.000000 1.043171 1.409502
 783.000000 1.066535 1.461521
 784.000000 1.116312 1.479747
 785.000000 1.158275 1.446396
 786.000000 1.174867 1.451362
 787.000000 1.096389 1.514589
 788.000000 1.130163 1.500655
 789.000000 1.205666 1.472013
 790.000000 0.990044 1.570620
 791.000000 1.233612 1.481024
 792.000000 1.088253 1.457334
 793.000000 1.137617 1.524956
 794.000000 1.094683 1.453867
 795.000000 1.179195 1.475351
 796.000000 1.182173 1.465763
 797.000000 1.154297 1.542138
 798.000000 1.130914 1.497007
 799.000000 1.089260 1.459434
 800.000000 1.071828 1.391291
 801.000000 1.181120 1.458517
 802.000000 1.002264 1.449939
 803.000000 1.078816 1.451140
 804.000000 1.072164 1.483310
 805.000000 1.141264 1.461509
 806.000000 1.144933 1.458108
 807.000000 1.166376 1.487352
 808.000000 1.246722 1.427220
 809.000000 1.089977 1.554266
 810.000000 1.203503 1.478761
 811.000000 1.103349 1.448661
 812.000000 1.190547 1.449043
 813.000000 1.016865 1.481006
 814.000000 1.087101 1.474070
 815.000000 1.093875 1.517152
 816.000000 0.960707 1.525056
 817.000000 0.944151 1.518347
 818.000000 1.031444 1.428413
 819.000000 1.006950 1.430997
 820.000000 1.039316 1.443347
 821.000000 1.100977 1.424364
 822.000000 1.056468 1.440399
 823.000000 1.003356 1.470931
 824.000000 1.146768 1.449591
 825.000000 1.080597 1.477663
 826.000000 1.104675 1.315922
 827.000000 1.200266 1.448439
 828.000000 1.036718 1.432957
 829.000000 1.131495 1.492881
 830.000000 1.088794 1.456349
 831.000000 1.055354 1.502838
 832.000000 1.019712 1.408448
 833.000000 1.155766 1.523827
 834.000000 1.071702 1.502993
 835.000000 1.118302 1.483517
 836.000000 1.119113 1.537360
 837.000000 0.970362 1.415400
 838.000000 1.148915 1.467909
 839.000000 1.018934 1.415431
 840.000000 1.085567 1.472277
 841.000000 1.168797 1.495145
 842.000000 1.098473 1.590431
 843.000000 1.175340 1.471664
 844.000000 1.106218 1.376462
 845.000000 1.016520 1.417972
 846.000000 1.107705 1.412207
 847.000000 1.108568 1.567127
 848.000000 1.125589 1.494583
 849.000000 1.077630 1.423426
 850.000000 1.082023 1.491039
 851.000000 1.191842 1.491551
 852.000000 1.031005 1.500393
 853.000000 0.962955 1.596065
 854.000000 1.085242 1.524313
 855.000000 0.939598 1.551030
 856.000000 0.947790 1.590974
 857.000000 1.114410 1.428557
 858.000000 1.099513 1.427060
 859.000000 1.160839 1.421770
 860.000000 1.074358 1.482125
 861.000000 1.077609 1.517847
 862.000000 0.998223 1.497143
 863.000000 0.980462 1.563518
 864.000000 1.028965 1.531462
 865.000000 1.005084 1.525822
 866.000000 1.036175 1.569663
 867.000000 1.055511 1.549834
 868.000000 0.999809 1.449873
 869.000000 1.110513 1.509623
 870.000000 1.043218 1.516909
 871.000000 1.140542 1.498995
 872.000000 1.090443 1.543865
 873.000000 1.137502 1.552324
 874.000000 1.176547 1.561048
 875.000000 0.960370 1.500521
 876.000000 1.081587 1.483472
 877.000000 1.008130 1.444741
 878.000000 1.060692 1.449984
 879.000000 1.099225 1.442727
 880.000000 0.993821 1.531284
 881.000000 0.947616 1.513447
 882.000000 0.981341 1.554725
 883.000000 1.009551 1.433724
 884.000000 1.034744 1.599227
 885.000000 1.019377 1.487984
 886.000000 0.943342 1.512452
 887.000000 1.052279 1.499928
 888.000000 0.936208 1.390503
 889.000000 1.062350 1.554029
 890.000000 1.040528 1.490770
 891.000000 1.090079 1.538641
 892.000000 1.101171 1.503547
 893.000000 1.007405 1.566479
 894.000000 1.192727 1.517893
 895.000000 1.067515 1.546084
 896.000000 1.139033 1.458210
 897.000000 1.073245 1.468011
 898.000000 1.025560 1.483377
 899.000000 1.048143 1.577540
 900.000000 1.097303 1.555970
 901.000000 1.008696 1.621536
 902.000000 1.016229 1.525947
 903.000000 1.075129 1.567011
 904.000000 1.186773 1.490967
 905.000000 1.163428 1.498069
 906.000000 1.104871 1.517794
 907.000000 0.974646 1.436424
 908.000000 1.127697 1.515212
 909.000000 1.040425 1.537897
 910.000000 1.087881 1.605397
 911.000000 1.132926 1.420293
 912.000000 1.070559 1.504255
 913.000000 1.087342 1.484642
 914.000000 0.996747 1.547299
 915.000000 1.042819 1.484898
 916.000000 1.177916 1.558126
 917.000000 1.291550 1.581876
 918.000000 1.047577 1.448565
 919.000000 1.143838 1.558891
 920.000000 1.002746 1.589811
 921.000000 1.012343 1.450155
 922.000000 1.006249 1.469455
 923.000000 1.126086 1.417504
 924.000000 1.085627 1.427981
 925.000000 1.064377 1.498353
 926.000000 1.033245 1.460043
 927.000000 1.203005 1.552437
 928.000000 1.276950 1.522156
 929.000000 1.210302 1.527172
 930.000000 0.978598 1.481371
 931.000000 1.134045 1.488464
 932.000000 1.056606 1.606695
 933.000000 1.019380 1.399293
 934.000000 1.084901 1.476178
 935.000000 1.069518 1.536658
 936.000000 1.069377 1.526474
 937.000000 1.125802 1.499687
 938.000000 1.042755 1.487683
 939.000000 1.086377 1.538673
 940.000000 1.089763 1.490913
 941.000000 1.184703 1.504683
 942.000000 1.026663 1.470149
 943.000000 1.216263 1.528647
 944.000000 1.132899 1.496169
 945.000000 1.207964 1.588096
 946.000000 1.114012 1.474862
 947.000000 1.233313 1.409606
 948.000000 1.177566 1.547786
 949.000000 1.006009 1.560484
 950.000000 1.101622 1.444382
 951.000000 1.063886 1.525430
 952.000000 1.088607 1.498020
 953.000000 1.034374 1.486957
 954.000000 1.148601 1.377488
 955.000000 1.087884 1.431143
 956.000000 1.086192 1.562992
 957.000000 1.151277 1.488538
 958.000000 1.089611 1.593617
 959.000000 1.132710 1.450319
 960.000000 1.080963 1.483455
 961.000000 1.204208 1.494397
 962.000000 1.077012 1.413002
 963.000000 1.128128 1.450299
 964.000000 1.026972 1.520408
 965.000000 1.156749 1.561155
 966.000000 1.169208 1.499922
 967.000000 1.126797 1.414675
 968.000000 1.110349 1.395849
 969.000000 1.186143 1.544343
 970.000000 1.085755 1.418974
 971.000000 1.126360 1.366183
 972.000000 1.182178 1.395713
 973.000000 1.056729 1.485884
 974.000000 1.076364 1.564680
 975.000000 1.186976 1.515384
 976.000000 1.138689 1.493504
 977.000000 1.187600 1.399236
 978.000000 1.129310 1.541635
 979.000000 1.202273 1.451328
 980.000000 1.239522 1.513212
 981.000000 1.344109 1.451198
 982.000000 1.117740 1.485008
 983.000000 1.176006 1.524760
 984.000000 1.087017 1.565857
 985.000000 1.073658 1.561365
 986.000000 1.256795 1.492802
 987.000000 1.151740 1.476590
 988.000000 1.027515 1.387293
 989.000000 1.164984 1.437368
 990.000000 1.141728 1.413815
 991.000000 1.231339 1.495795
 992.000000 1.134124 1.433697
 993.000000 1.113081 1.442099
 994.000000 1.150103 1.416544
 995.000000 1.189803 1.422822
 996.000000 1.138850 1.455452
 997.000000 1.162012 1.484613
 998.000000 1.173659 1.519446
 999.000000 1.112166 1.491444
 1000.000000 1.052602 1.460180
 1001.000000 1.058199 1.489145
 1002.000000 1.154580 1.540399
 1003.000000 1.187350 1.470400
 1004.000000 1.233535 1.548274
 1005.000000 1.191035 1.535664
 1006.000000 1.085656 1.514178
 1007.000000 1.122516 1.465052
 1008.000000 1.175645 1.529716
 1009.000000 1.227059 1.540372
 1010.000000 1.078197 1.499799
 1011.000000 1.023955 1.440595
 1012.000000 1.024890 1.508677
 1013.000000 1.254110 1.445782
 1014.000000 1.131976 1.398445
 1015.000000 1.031478 1.537722
 1016.000000 1.057172 1.445954
 1017.000000 1.195075 1.437846
 1018.000000 1.177485 1.528992
 1019.000000 1.149791 1.495061
 1020.000000 1.028587 1.402847
 1021.000000 1.255428 1.524447
 1022.000000 1.113551 1.427665
 1023.000000 1.154869 1.485405
 1024.000000 1.136027 1.471839
 1025.000000 1.046460 1.471866
 1026.000000 1.061055 1.492857
 1027.000000 1.103499 1.415194
 1028.000000 1.204390 1.407674
 1029.000000 1.193350 1.435393
 1030.000000 1.173606 1.409400
 1031.000000 1.027069 1.572529
 1032.000000 1.137604 1.453067
 1033.000000 1.203532 1.347092
 1034.000000 1.157908 1.462484
 1035.000000 1.163183 1.370864
 1036.000000 1.068026 1.430214
 1037.000000 1.146078 1.537945
 1038.000000 1.185181 1.489059
 1039.000000 1.238988 1.436747
 1040.000000 1.158305 1.403113
 1041.000000 1.201171 1.464646
 1042.000000 1.122556 1.443606
 1043.000000 1.025239 1.499683
 1044.000000 0.992201 1.424108
 1045.000000 1.143905 1.505430
 1046.000000 1.107992 1.545627
 1047.000000 1.092377 1.497638
 1048.000000 1.041518 1.458919
 1049.000000 1.081666 1.371729
 1050.000000 1.033741 1.399812
 1051.000000 1.058561 1.435860
 1052.000000 1.206170 1.442506
 1053.000000 1.123161 1.364682
 1054.000000 1.058843 1.467656
 1055.000000 1.041577 1.493888
 1056.000000 1.079437 1.512257
 1057.000000 1.113416 1.525095
 1058.000000 1.184968 1.525030
 1059.000000 1.005017 1.427074
 1060.000000 1.143040 1.446818
 1061.000000 1.008672 1.406814
 1062.000000 1.009181 1.391694
 1063.000000 1.126926 1.473866
 1064.000000 1.055602 1.424589
 1065.000000 1.101523 1.477370
 1066.000000 1.096353 1.534861
 1067.000000 1.095930 1.572562
 1068.000000 1.159973 1.497827
 1069.000000 1.176979 1.511686
 1070.000000 1.162496 1.431541
 1071.000000 1.214862 1.560398
 1072.000000 1.106794 1.596937
 1073.000000 1.196646 1.535919
 1074.000000 1.060730 1.579004
 1075.000000 1.158803 1.496931
 1076.000000 1.204029 1.524102
 1077.000000 1.135837 1.506816
 1078.000000 1.221129 1.590774
 1079.000000 1.166140 1.374097
 1080.000000 1.055832 1.596701
 1081.000000 1.245974 1.415256
 1082.000000 1.136717 1.604787
 1083.000000 1.161784 1.530247
 1084.000000 1.207717 1.522109
 1085.000000 1.209855 1.524822
 1086.000000 1.166420 1.486769
 1087.000000 1.166382 1.484909
 1088.000000 1.142755 1.489892
 1089.000000 1.068625 1.623626
 1090.000000 1.097320 1.574741
 1091.000000 1.197241 1.545392
 1092.000000 1.192913 1.479518
 1093.000000 1.146442 1.527711
 1094.000000 1.135702 1.551088
 1095.000000 1.114405 1.424161
 1096.000000 1.164061 1.490626
 1097.000000 1.241501 1.547337
 1098.000000 1.122664 1.503514
 1099.000000 1.136983 1.632581
 1100.000000 1.153092 1.562939
 1101.000000 1.130956 1.445239
 1102.000000 1.110295 1.429411
 1103.000000 1.097201 1.502985
 1104.000000 1.169407 1.563813
 1105.000000 1.172850 1.498811
 1106.000000 1.109491 1.559361
 1107.000000 1.136140 1.529742
 1108.000000 1.053612 1.498853
 1109.000000 1.144267 1.377664
 1110.000000 1.145886 1.503255
 1111.000000 1.257233 1.481541
 1112.000000 0.947299 1.452312
 1113.000000 1.123616 1.413794
 1114.000000 1.075785 1.437672
 1115.000000 1.213395 1.428278
 1116.000000 1.122449 1.422153
 1117.000000 1.152282 1.426868
 1118.000000 1.116416 1.494484
 1119.000000 1.127298 1.508331
 1120.000000 1.096761 1.534106
 1121.000000 1.183963 1.534449
 1122.000000 1.097914 1.457295
 1123.000000 1.208985 1.382949
 1124.000000 1.081522 1.382210
 1125.000000 1.112906 1.420443
 1126.000000 1.191570 1.464091
 1127.000000 1.064349 1.544861
 1128.000000 1.068967 1.556755
 1129.000000 1.068628 1.448751
 1130.000000 1.172624 1.445433
 1131.000000 1.069561 1.418789
 1132.000000 1.153976 1.426093
 1133.000000 1.074632 1.476666
 1134.000000 1.123306 1.492019
 1135.000000 1.089661 1.429843
 1136.000000 1.022408 1.484431
 1137.000000 1.201168 1.465741
 1138.000000 1.189958 1.445441
 1139.000000 1.155052 1.541518
 1140.000000 1.173392 1.462034
 1141.000000 1.178495 1.532769
 1142.000000 1.096107 1.425191
 1143.000000 1.091993 1.485346
 1144.000000 1.049911 1.513766
 1145.000000 1.122077 1.539085
 1146.000000 1.107465 1.484167
 1147.000000 1.191853 1.421891
 1148.000000 1.151040 1.436335
 1149.000000 1.272779 1.425498
 1150.000000 1.170264 1.419129
 1151.000000 1.212480 1.455693
 1152.000000 1.148439 1.406612
 1153.000000 1.117999 1.382024
 1154.000000 1.222346 1.534334
 1155.000000 1.133057 1.440440
 1156.000000 1.114186 1.423020
 1157.000000 1.110517 1.462562
 1158.000000 1.116255 1.423375
 1159.000000 1.086122 1.500430
 1160.000000 1.128900 1.489615
 1161.000000 1.166826 1.486982
 1162.000000 1.217587 1.471225
 1163.000000 1.212389 1.441779
 1164.000000 1.203649 1.494109
 1165.000000 1.156750 1.466763
 1166.000000 1.139160 1.459887
 1167.000000 1.070383 1.549187
 1168.000000 1.181810 1.472624
 1169.000000 1.161324 1.467563
 1170.000000 1.168601 1.536710
 1171.000000 1.222661 1.505635
 1172.000000 1.213369 1.494161
 1173.000000 1.154147 1.473322
 1174.000000 1.166675 1.521110
 1175.000000 1.222774 1.476283
 1176.000000 1.245399 1.445699
 1177.000000 1.233436 1.476319
 1178.000000 1.281208 1.541769
 1179.000000 1.262897 1.528895
 1180.000000 1.268749 1.504592
 1181.000000 1.244148 1.586212
 1182.000000 1.069782 1.542710
 1183.000000 1.258985 1.504776
 1184.000000 1.115167 1.490029
 1185.000000 1.281418 1.524280
 1186.000000 1.200192 1.502765
 1187.000000 1.161359 1.514202
 1188.000000 1.199286 1.508215
 1189.000000 1.188374 1.319571
 1190.000000 1.116983 1.455187
 1191.000000 1.188448 1.521440
 1192.000000 1.141567 1.592403
 1193.000000 1.149504 1.526299
 1194.000000 1.218072 1.601813
 1195.000000 1.131858 1.502153
 1196.000000 1.118402 1.564453
 1197.000000 1.199353 1.516040
 1198.000000 1.063976 1.577737
 1199.000000 1.174071 1.487411
 1200.000000 1.144022 1.437393
 1201.000000 1.148727 1.551963
 1202.000000 1.249724 1.517541
 1203.000000 1.265125 1.576533
 1204.000000 1.191000 1.497726
 1205.000000 1.184283 1.560927
 1206.000000 1.103556 1.586643
 1207.000000 1.086314 1.474599
 1208.000000 1.138816 1.450031
 1209.000000 1.104385 1.574420
 1210.000000 1.115590 1.588386
 1211.000000 1.113490 1.561758
 1212.000000 1.080084 1.467151
 1213.000000 1.184599 1.514121
 1214.000000 1.048807 1.509021
 1215.000000 1.178946 1.496731
 1216.000000 1.113279 1.488560
 1217.000000 1.190739 1.571749
 1218.000000 1.208484 1.475595
 1219.000000 1.185560 1.509097
 1220.000000 1.174336 1.451705
 1221.000000 1.136207 1.417573
 1222.000000 1.220431 1.476594
 1223.000000 1.352873 1.481746
 1224.000000 1.183659 1.534548
 1225.000000 1.219532 1.475583
 1226.000000 1.276476 1.401746
 1227.000000 1.152029 1.434822
 1228.000000 1.260655 1.425891
 1229.000000 1.161313 1.469145
 1230.000000 1.137392 1.428783
 1231.000000 1.121132 1.487665
 1232.000000 1.122232 1.495309
 1233.000000 1.050045 1.468357
 1234.000000 1.179627 1.565394
 1235.000000 1.137085 1.531480
 1236.000000 1.133442 1.455076
 1237.000000 1.186408 1.450042
 1238.000000 1.094214 1.507874
 1239.000000 1.205219 1.479293
 1240.000000 1.155404 1.577752
 1241.000000 1.289917 1.489608
 1242.000000 1.251021 1.434278
 1243.000000 1.150811 1.536856
 1244.000000 1.152843 1.533451
 1245.000000 1.207435 1.459269
 1246.000000 1.233535 1.477153
 1247.000000 1.385981 1.563861
 1248.000000 1.237229 1.538038
 1249.000000 1.159331 1.330781
 1250.000000 1.137039 1.481309
 1251.000000 1.174311 1.460509
 1252.000000 1.133891 1.506426
 1253.000000 1.110411 1.421481
 1254.000000 1.125080 1.523611
 1255.000000 1.009103 1.438116
 1256.000000 1.020426 1.457808
 1257.000000 0.976034 1.373047
 1258.000000 1.204180 1.454174
 1259.000000 1.036202 1.432819
 1260.000000 1.058547 1.480616
 1261.000000 1.033790 1.534500
 1262.000000 1.091776 1.473879
 1263.000000 1.174968 1.436662
 1264.000000 1.009394 1.444869
 1265.000000 1.048917 1.341380
 1266.000000 1.109725 1.491020
 1267.000000 0.998627 1.479406
 1268.000000 1.028682 1.462611
 1269.000000 1.088489 1.500711
 1270.000000 1.040730 1.415736
 1271.000000 1.078382 1.506093
 1272.000000 1.163295 1.487912
 1273.000000 1.124220 1.416292
 1274.000000 1.139601 1.526706
 1275.000000 1.061588 1.474855
 1276.000000 1.093603 1.440283
 1277.000000 1.077043 1.413536
 1278.000000 1.109139 1.467134
 1279.000000 1.219099 1.528650
 1280.000000 1.153718 1.515174
 1281.000000 1.095030 1.439130
 1282.000000 1.112928 1.583997
 1283.000000 1.157569 1.474406
 1284.000000 1.057222 1.549531
 1285.000000 1.077755 1.492668
 1286.000000 1.011298 1.482845
 1287.000000 1.044942 1.593424
 1288.000000 1.151209 1.513928
 1289.000000 1.171313 1.454466
 1290.000000 1.212817 1.441261
 1291.000000 1.008257 1.478244
 1292.000000 1.168828 1.520179
 1293.000000 1.198652 1.551411
 1294.000000 1.055385 1.511601
 1295.000000 1.092983 1.457660
 1296.000000 1.104000 1.569084
 1297.000000 1.122525 1.458375
 1298.000000 1.202025 1.461500
 1299.000000 1.159496 1.525541
 1300.000000 1.127242 1.494590
 1301.000000 1.137669 1.442413
 1302.000000 1.194772 1.434742
 1303.000000 1.170333 1.548273
 1304.000000 1.017085 1.485789
 1305.000000 1.080201 1.418038
 1306.000000 1.219635 1.411348
 1307.000000 1.049481 1.479171
 1308.000000 1.069025 1.434302
 1309.000000 1.095098 1.391989
 1310.000000 1.049931 1.560351
 1311.000000 1.118776 1.513672
 1312.000000 1.140037 1.545431
 1313.000000 1.099291 1.506932
 1314.000000 1.190602 1.475753
 1315.000000 1.151206 1.512774
 1316.000000 1.131534 1.495143
 1317.000000 1.217341 1.463775
 1318.000000 1.082423 1.405284
 1319.000000 1.095748 1.379893
 1320.000000 1.263741 1.448462
 1321.000000 1.004026 1.415609
 1322.000000 1.080608 1.401367
 1323.000000 1.098358 1.420290
 1324.000000 1.093599 1.478339
 1325.000000 1.047984 1.472006
 1326.000000 1.073072 1.453839
 1327.000000 1.089314 1.484133
 1328.000000 1.078678 1.582409
 1329.000000 1.126046 1.447576
 1330.000000 1.210542 1.412307
 1331.000000 1.016973 1.452388
 1332.000000 1.205765 1.462686
 1333.000000 1.112067 1.519597
 1334.000000 1.046026 1.409461
 1335.000000 1.041299 1.399014
 1336.000000 1.015971 1.438651
 1337.000000 1.173882 1.632216
 1338.000000 1.043958 1.505221
 1339.000000 1.131883 1.442747
 1340.000000 1.061997 1.448906
 1341.000000 1.058492 1.538592
 1342.000000 1.085586 1.456219
 1343.000000 1.147248 1.441315
 1344.000000 1.100074 1.498922
 1345.000000 1.069014 1.482021
 1346.000000 1.185551 1.540462
 1347.000000 1.111391 1.449188
 1348.000000 1.126143 1.480679
 1349.000000 1.223901 1.513640
 1350.000000 1.126391 1.394724
 1351.000000 1.108645 1.443249
 1352.000000 1.144712 1.495824
 1353.000000 1.067001 1.572482
 1354.000000 1.106006 1.518469
 1355.000000 1.148433 1.465594
 1356.000000 1.157932 1.513114
 1357.000000 1.272926 1.468551
 1358.000000 1.158741 1.439745
 1359.000000 1.033272 1.471116
 1360.000000 1.216340 1.466107
 1361.000000 1.143599 1.490664
 1362.000000 1.061677 1.483918
 1363.000000 1.132758 1.483253
 1364.000000 1.116886 1.444061
 1365.000000 1.192207 1.465731
 1366.000000 1.141778 1.430401
 1367.000000 1.160497 1.529071
 1368.000000 1.159356 1.465631
 1369.000000 1.131972 1.558658
 1370.000000 1.027798 1.480270
 1371.000000 1.002071 1.569216
 1372.000000 1.214006 1.482654
 1373.000000 1.217428 1.465396
 1374.000000 1.157762 1.423743
 1375.000000 1.222849 1.546769
 1376.000000 1.072882 1.511440
 1377.000000 1.094821 1.435411
 1378.000000 1.098953 1.524538
 1379.000000 1.114421 1.515753
 1380.000000 1.006017 1.565319
 1381.000000 1.002339 1.475033
 1382.000000 1.186443 1.408349
 1383.000000 1.115781 1.526279
 1384.000000 1.132168 1.490053
 1385.000000 1.115598 1.525327
 1386.000000 1.048739 1.480651
 1387.000000 1.056546 1.496965
 1388.000000 0.948339 1.554121
 1389.000000 1.106222 1.433293
 1390.000000 0.927218 1.547275
 1391.000000 1.009282 1.390667
 1392.000000 1.035840 1.439460
 1393.000000 1.106763 1.377793
 1394.000000 1.238442 1.407143
 1395.000000 1.131709 1.394744
 1396.000000 1.012395 1.517983
 1397.000000 1.068843 1.486172
 1398.000000 1.078718 1.391980
 1399.000000 1.134487 1.435008
 1400.000000 1.128293 1.495205
 1401.000000 1.068678 1.482349
 1402.000000 1.085420 1.448980
 1403.000000 1.082389 1.498362
 1404.000000 1.134732 1.483492
 1405.000000 1.080620 1.360077
 1406.000000 1.126195 1.447607
 1407.000000 1.088724 1.456721
 1408.000000 1.182674 1.435256
 1409.000000 1.146386 1.560006
 1410.000000 1.156047 1.541843
 1411.000000 1.134669 1.528530
 1412.000000 1.192086 1.497403
 1413.000000 1.149179 1.555586
 1414.000000 1.120968 1.605531
 1415.000000 1.113198 1.553218
 1416.000000 1.044610 1.483454
 1417.000000 1.105618 1.454225
 1418.000000 1.099930 1.558704
 1419.000000 1.139852 1.436240
 1420.000000 1.115968 1.548767
 1421.000000 1.096857 1.495144
 1422.000000 1.020173 1.467607
 1423.000000 1.164234 1.505403
 1424.000000 0.956362 1.551958
 1425.000000 1.062820 1.516786
 1426.000000 1.129399 1.412120
 1427.000000 1.104648 1.473076
 1428.000000 1.247958 1.486529
 1429.000000 1.058049 1.457512
 1430.000000 0.989705 1.557221
 1431.000000 1.057218 1.499871
 1432.000000 1.063617 1.552449
 1433.000000 1.082155 1.527767
 1434.000000 1.043102 1.499955
 1435.000000 1.057793 1.509564
 1436.000000 1.138057 1.649264
 1437.000000 1.125035 1.519635
 1438.000000 1.104461 1.543553
 1439.000000 1.010384 1.482747
 1440.000000 1.117278 1.478710
 1441.000000 1.107676 1.515669
 1442.000000 1.043043 1.549931
 1443.000000 1.152168 1.541862
 1444.000000 1.153929 1.458606
 1445.000000 1.163484 1.521551
 1446.000000 1.118232 1.550550
 1447.000000 1.161524 1.425751
 1448.000000 1.112417 1.484078
 1449.000000 1.138784 1.492305
 1450.000000 1.215137 1.483642
 1451.000000 1.119083 1.540654
 1452.000000 1.112623 1.455026
 1453.000000 1.081915 1.481394
 1454.000000 1.115962 1.490114
 1455.000000 1.180935 1.469448
 1456.000000 1.100834 1.515522
 1457.000000 1.140041 1.500638
 1458.000000 1.086810 1.402151
 1459.000000 1.228257 1.507460
 1460.000000 1.140443 1.457610
 1461.000000 1.135270 1.450226
 1462.000000 1.037273 1.552601
 1463.000000 1.153951 1.481509
 1464.000000 1.068878 1.474091
 1465.000000 1.139317 1.533228
 1466.000000 1.150339 1.496679
 1467.000000 1.149568 1.404673
 1468.000000 1.052605 1.451987
 1469.000000 1.129076 1.434665
 1470.000000 1.152935 1.422647
 1471.000000 1.147065 1.420705
 1472.000000 1.060052 1.478099
 1473.000000 1.039264 1.474731
 1474.000000 1.132439 1.460592
 1475.000000 1.173491 1.504286
 1476.000000 1.248008 1.477959
 1477.000000 1.030561 1.502857
 1478.000000 1.115713 1.505258
 1479.000000 1.137179 1.509665
 1480.000000 1.042421 1.552504
 1481.000000 1.108444 1.532403
 1482.000000 1.152217 1.541197
 1483.000000 1.127890 1.530462
 1484.000000 1.181914 1.509304
 1485.000000 1.172310 1.393492
 1486.000000 1.195411 1.444221
 1487.000000 1.081295 1.494390
 1488.000000 1.105221 1.458176
 1489.000000 1.153323 1.414468
 1490.000000 1.142936 1.518682
 1491.000000 1.015944 1.539866
 1492.000000 1.158434 1.512119
 1493.000000 1.118665 1.477011
 1494.000000 1.151973 1.526967
 1495.000000 1.143266 1.527033
 1496.000000 1.034957 1.506675
 1497.000000 1.127597 1.503307
 1498.000000 1.160884 1.493433
 1499.000000 1.152353 1.423316
 1500.000000 1.085389 1.458386
 1501.000000 1.126900 1.486946
 1502.000000 0.983153 1.488032
 1503.000000 1.039814 1.490401
 1504.000000 1.223743 1.527622
 1505.000000 1.134205 1.533324
 1506.000000 1.142638 1.555075
 1507.000000 1.197114 1.554616
 1508.000000 1.120377 1.417782
 1509.000000 1.178163 1.391650
 1510.000000 1.095793 1.471416
 1511.000000 1.065001 1.492639
 1512.000000 1.138792 1.438868
 1513.000000 1.168927 1.497028
 1514.000000 1.190503 1.517963
 1515.000000 1.164022 1.564102
 1516.000000 1.129672 1.502709
 1517.000000 1.132078 1.458037
 1518.000000 1.055780 1.486740
 1519.000000 1.092048 1.467597
 1520.000000 1.159335 1.498084
 1521.000000 1.096000 1.442871
 1522.000000 1.087607 1.545466
 1523.000000 1.113582 1.446754
 1524.000000 1.159161 1.458255
 1525.000000 1.134250 1.487283
 1526.000000 1.191437 1.456176
 1527.000000 1.123838 1.467088
 1528.000000 1.215294 1.520590
 1529.000000 1.116226 1.432095
 1530.000000 1.034079 1.538335
 1531.000000 1.027035 1.498892
 1532.000000 1.037574 1.462251
 1533.000000 1.082338 1.537130
 1534.000000 1.103226 1.503014
 1535.000000 1.141233 1.421215
 1536.000000 1.111959 1.539177
 1537.000000 1.149699 1.507658
 1538.000000 1.148858 1.501937
 1539.000000 1.152174 1.498927
 1540.000000 1.062512 1.455510
 1541.000000 1.091081 1.491598
 1542.000000 1.044195 1.515290
 1543.000000 0.974069 1.506351
 1544.000000 1.035311 1.569357
 1545.000000 1.100170 1.578382
 1546.000000 1.124670 1.482123
 1547.000000 1.088308 1.422779
 1548.000000 1.121976 1.444607
 1549.000000 1.001962 1.467809
 1550.000000 1.036441 1.455533
 1551.000000 1.133016 1.492142
 1552.000000 1.100396 1.491386
 1553.000000 1.084265 1.553186
 1554.000000 1.100451 1.459191
 1555.000000 1.068254 1.465786
 1556.000000 1.153054 1.435861
 1557.000000 1.036631 1.414405
 1558.000000 1.055023 1.454393
 1559.000000 1.202034 1.536218
 1560.000000 1.027492 1.429153
 1561.000000 1.056702 1.437836
 1562.000000 1.194243 1.577528
 1563.000000 1.155515 1.483237
 1564.000000 1.164324 1.511173
 1565.000000 1.145258 1.439737
 1566.000000 1.103097 1.512950
 1567.000000 1.092917 1.498633
 1568.000000 1.116270 1.531357
 1569.000000 1.006562 1.463392
 1570.000000 1.002776 1.508605
 1571.000000 1.164700 1.482283
 1572.000000 1.084991 1.406039
 1573.000000 1.151478 1.498681
 1574.000000 1.175228 1.517383
 1575.000000 1.061760 1.399186
 1576.000000 1.092631 1.430410
 1577.000000 1.130067 1.546386
 1578.000000 1.126026 1.461937
 1579.000000 1.126766 1.539868
 1580.000000 0.992965 1.596962
 1581.000000 1.044594 1.574876
 1582.000000 1.111978 1.459788
 1583.000000 1.259579 1.440225
 1584.000000 1.155953 1.341612
 1585.000000 1.168490 1.424224
 1586.000000 1.176265 1.580405
 1587.000000 1.220436 1.342366
 1588.000000 1.260511 1.355868
 1589.000000 1.058073 1.573182
 1590.000000 1.152622 1.587458
 1591.000000 1.195271 1.446500
 1592.000000 1.177925 1.454196
 1593.000000 1.141537 1.450207
 1594.000000 1.160994 1.572816
 1595.000000 1.137754 1.497699
 1596.000000 1.140058 1.517048
 1597.000000 1.199536 1.474360
 1598.000000 1.226851 1.653780
 1599.000000 1.156692 1.436759
 1600.000000 1.161077 1.483100
 1601.000000 1.086600 1.518369
 1602.000000 1.164696 1.556485
 1603.000000 1.089497 1.486713
 1604.000000 1.157130 1.466369
 1605.000000 1.198107 1.450125
 1606.000000 1.107999 1.452293
 1607.000000 1.100098 1.519225
 1608.000000 1.212678 1.434921
 1609.000000 1.073121 1.456168
 1610.000000 1.037943 1.474695
 1611.000000 1.063917 1.423344
 1612.000000 1.088384 1.482384
 1613.000000 1.035869 1.495107
 1614.000000 1.088668 1.479110
 1615.000000 1.052470 1.474757
 1616.000000 1.153381 1.491688
 1617.000000 1.097882 1.476618
 1618.000000 1.212445 1.491387
 1619.000000 1.154051 1.474327
 1620.000000 1.042859 1.396751
 1621.000000 1.206175 1.411275
 1622.000000 1.083289 1.457742
 1623.000000 1.183020 1.488086
 1624.000000 1.197575 1.467828
 1625.000000 1.191945 1.552321
 1626.000000 1.061449 1.530079
 1627.000000 1.068669 1.445829
 1628.000000 1.126138 1.490429
 1629.000000 1.105644 1.429244
 1630.000000 1.095597 1.493872
 1631.000000 1.117035 1.454130
 1632.000000 1.117954 1.624308
 1633.000000 1.195453 1.538194
 1634.000000 1.138198 1.494957
 1635.000000 1.160860 1.561952
 1636.000000 1.083195 1.563589
 1637.000000 1.242728 1.458032
 1638.000000 1.167590 1.553136
 1639.000000 1.234425 1.483431
 1640.000000 1.206217 1.388922
 1641.000000 1.095516 1.439616
 1642.000000 1.090078 1.531896
 1643.000000 1.087643 1.494360
 1644.000000 1.169444 1.486887
 1645.000000 1.129794 1.523835
 1646.000000 1.057613 1.475361
 1647.000000 1.169019 1.501350
 1648.000000 1.137829 1.455085
 1649.000000 1.094458 1.516495
 1650.000000 1.145920 1.536458
 1651.000000 1.123876 1.560296
 1652.000000 1.108113 1.535006
 1653.000000 1.111184 1.501119
 1654.000000 1.026292 1.463232
 1655.000000 1.100786 1.422664
 1656.000000 1.071956 1.445083
 1657.000000 1.043236 1.495696
 1658.000000 1.179642 1.524245
 1659.000000 1.200756 1.479029
 1660.000000 1.113509 1.478786
 1661.000000 1.072150 1.434590
 1662.000000 1.138079 1.497863
 1663.000000 1.167524 1.481248
 1664.000000 1.165823 1.418632
 1665.000000 1.124488 1.469875
 1666.000000 1.128832 1.494909
 1667.000000 1.164166 1.460112
 1668.000000 1.171614 1.549469
 1669.000000 1.180708 1.552379
 1670.000000 1.066041 1.457390
 1671.000000 1.219309 1.450588
 1672.000000 1.076177 1.417558
 1673.000000 1.086274 1.444929
 1674.000000 1.180165 1.473329
 1675.000000 1.125819 1.530836
 1676.000000 1.235336 1.483011
 1677.000000 1.163014 1.439255
 1678.000000 1.214055 1.419671
 1679.000000 1.115941 1.496423
 1680.000000 1.277586 1.507607
 1681.000000 1.111343 1.437439
 1682.000000 1.017387 1.436165
 1683.000000 1.052833 1.461187
 1684.000000 1.159508 1.478547
 1685.000000 1.036270 1.503623
 1686.000000 1.054189 1.518465
 1687.000000 1.107434 1.460982
 1688.000000 1.057024 1.501986
 1689.000000 1.056634 1.546907
 1690.000000 1.159781 1.529495
 1691.000000 1.135722 1.439633
 1692.000000 1.135887 1.451116
 1693.000000 1.083035 1.490255
 1694.000000 1.163579 1.490866
 1695.000000 1.033352 1.456345
 1696.000000 1.046534 1.487690
 1697.000000 1.081742 1.507849
 1698.000000 1.132152 1.518377
 1699.000000 1.117422 1.518654
 1700.000000 1.084571 1.453671
 1701.000000 1.076997 1.458389
 1702.000000 1.112407 1.442454
 1703.000000 1.057579 1.523032
 1704.000000 1.026768 1.504649
 1705.000000 1.162799 1.515114
 1706.000000 1.077109 1.505720
 1707.000000 1.114097 1.410699
 1708.000000 1.089496 1.559566
 1709.000000 1.156013 1.499163
 1710.000000 1.153571 1.469965
 1711.000000 1.192445 1.503232
 1712.000000 1.043845 1.533199
 1713.000000 1.112653 1.520649
 1714.000000 1.114834 1.473576
 1715.000000 1.136423 1.514907
 1716.000000 1.130868 1.549583
 1717.000000 1.028124 1.504955
 1718.000000 0.955851 1.413262
 1719.000000 0.971120 1.431688
 1720.000000 1.069700 1.503506
 1721.000000 1.107215 1.510365
 1722.000000 0.955854 1.425185
 1723.000000 1.111001 1.554999
 1724.000000 1.061156 1.472069
 1725.000000 1.056251 1.498444
 1726.000000 0.923970 1.625573
 1727.000000 1.075875 1.588507
 1728.000000 1.032547 1.518895
 1729.000000 1.021147 1.319515
 1730.000000 1.177846 1.557205
 1731.000000 1.110148 1.572263
 1732.000000 1.108545 1.435702
 1733.000000 1.026044 1.408047
 1734.000000 1.018955 1.512268
 1735.000000 1.161329 1.540205
 1736.000000 0.992130 1.499808
 1737.000000 0.975256 1.530342
 1738.000000 1.091597 1.534580
 1739.000000 1.163250 1.509185
 1740.000000 1.156798 1.506411
 1741.000000 1.054695 1.436729
 1742.000000 1.102448 1.403388
 1743.000000 1.089854 1.537500
 1744.000000 1.057364 1.426106
 1745.000000 1.107379 1.440356
 1746.000000 1.187486 1.504402
 1747.000000 1.150869 1.542830
 1748.000000 1.078876 1.509983
 1749.000000 1.055361 1.561097
 1750.000000 1.138977 1.538496
 1751.000000 1.099850 1.471003
 1752.000000 0.974813 1.466828
 1753.000000 1.075881 1.420932
 1754.000000 1.070454 1.500948
 1755.000000 1.129603 1.452216
 1756.000000 1.143066 1.485782
 1757.000000 1.080616 1.440927
 1758.000000 1.252415 1.521096
 1759.000000 1.058130 1.575289
 1760.000000 1.028432 1.502578
 1761.000000 1.153560 1.484134
 1762.000000 1.208136 1.318403
 1763.000000 1.021202 1.471316
 1764.000000 1.188506 1.441866
 1765.000000 1.175996 1.478619
 1766.000000 1.102936 1.463430
 1767.000000 1.066295 1.509520
 1768.000000 1.020795 1.488042
 1769.000000 1.091242 1.483039
 1770.000000 1.105042 1.487005
 1771.000000 0.999354 1.479338
 1772.000000 1.110001 1.504665
 1773.000000 1.163809 1.559333
 1774.000000 1.110459 1.520599
 1775.000000 1.096814 1.470407
 1776.000000 1.051201 1.448239
 1777.000000 1.095328 1.462887
 1778.000000 1.148630 1.520617
 1779.000000 1.234734 1.558306
 1780.000000 1.116269 1.490324
 1781.000000 1.173091 1.431343
 1782.000000 1.132891 1.422861
 1783.000000 1.090700 1.487052
 1784.000000 1.140208 1.509687
 1785.000000 1.068408 1.454693
 1786.000000 1.125720 1.432910
 1787.000000 1.220387 1.508359
 1788.000000 1.057596 1.512124
 1789.000000 1.184793 1.490233
 1790.000000 1.069100 1.460721
 1791.000000 1.103449 1.458267
 1792.000000 0.983570 1.440591
 1793.000000 1.084359 1.510479
 1794.000000 1.035691 1.510421
 1795.000000 1.044792 1.438817
 1796.000000 1.119218 1.523902
 1797.000000 1.131009 1.449193
 1798.000000 1.153510 1.441550
 1799.000000 1.065626 1.446629
 1800.000000 1.112464 1.509196
 1801.000000 1.016266 1.375994
 1802.000000 1.106478 1.445676
 1803.000000 1.128505 1.437423
 1804.000000 1.123444 1.457318
 1805.000000 0.947165 1.401331
 1806.000000 1.106706 1.391664
 1807.000000 1.093968 1.426224
 1808.000000 1.131722 1.502377
 1809.000000 1.080574 1.451828
 1810.000000 1.074025 1.481401
 1811.000000 1.174567 1.443665
 1812.000000 1.131109 1.538416
 1813.000000 0.967022 1.560404
 1814.000000 1.044613 1.549575
 1815.000000 1.017394 1.484323
 1816.000000 1.000851 1.464085
 1817.000000 1.059343 1.536279
 1818.000000 1.119652 1.493611
 1819.000000 1.054852 1.447811
 1820.000000 1.102159 1.476091
 1821.000000 1.097152 1.579864
 1822.000000 1.050855 1.523630
 1823.000000 1.073226 1.462239
 1824.000000 1.103036 1.513458
 1825.000000 1.140292 1.408219
 1826.000000 1.032827 1.414467
 1827.000000 1.145330 1.417718
 1828.000000 1.123944 1.446116
 1829.000000 1.095066 1.487102
 1830.000000 1.032253 1.475075
 1831.000000 1.138784 1.511684
 1832.000000 1.070008 1.562003
 1833.000000 1.026891 1.554928
 1834.000000 1.047503 1.542255
 1835.000000 1.024983 1.468900
 1836.000000 1.195745 1.460230
 1837.000000 1.098372 1.503080
 1838.000000 0.923213 1.489965
 1839.000000 0.971102 1.515492
 1840.000000 1.112429 1.503053
 1841.000000 1.063898 1.535332
 1842.000000 1.023356 1.545026
 1843.000000 1.045738 1.447342
 1844.000000 1.163088 1.485602
 1845.000000 1.080609 1.459755
 1846.000000 1.086581 1.547315
 1847.000000 1.129493 1.528433
 1848.000000 1.044507 1.535308
 1849.000000 1.092251 1.512302
 1850.000000 1.063315 1.582152
 1851.000000 1.143149 1.440176
 1852.000000 1.182657 1.529346
 1853.000000 1.091309 1.529431
 1854.000000 1.059695 1.461856
 1855.000000 1.211284 1.569898
 1856.000000 1.167148 1.500956
 1857.000000 1.304121 1.479208
 1858.000000 1.150098 1.506884
 1859.000000 1.010861 1.585658
 1860.000000 1.074119 1.460135
 1861.000000 1.200024 1.438996
 1862.000000 1.245888 1.473144
 1863.000000 1.027131 1.445947
 1864.000000 1.077605 1.411498
 1865.000000 1.134484 1.513977
 1866.000000 1.080214 1.488705
 1867.000000 1.262351 1.487858
 1868.000000 1.213430 1.469029
 1869.000000 1.203664 1.534018
 1870.000000 1.070558 1.391573
 1871.000000 1.111813 1.443151
 1872.000000 1.119565 1.471087
 1873.000000 1.073411 1.516861
 1874.000000 1.147358 1.424165
 1875.000000 0.989933 1.484365
 1876.000000 1.111132 1.464014
 1877.000000 1.128845 1.424812
 1878.000000 1.174331 1.461914
 1879.000000 1.094422 1.456461
 1880.000000 0.960736 1.484631
 1881.000000 1.108763 1.486566
 1882.000000 1.137804 1.513372
 1883.000000 1.082379 1.475425
 1884.000000 1.084622 1.464298
 1885.000000 1.106307 1.451895
 1886.000000 1.039148 1.397449
 1887.000000 1.046796 1.364295
 1888.000000 1.062970 1.386094
 1889.000000 1.141859 1.376541
 1890.000000 1.120019 1.393953
 1891.000000 1.197170 1.478991
 1892.000000 1.206716 1.414322
 1893.000000 0.993504 1.459038
 1894.000000 1.059499 1.520713
 1895.000000 1.090451 1.481531
 1896.000000 0.973161 1.417320
 1897.000000 1.036189 1.455043
 1898.000000 1.180301 1.430846
 1899.000000 1.057930 1.532174
 1900.000000 1.040205 1.389912
 1901.000000 1.150830 1.521347
 1902.000000 1.085564 1.465327
 1903.000000 1.063286 1.451188
 1904.000000 1.200598 1.466569
 1905.000000 1.069882 1.453422
 1906.000000 1.170320 1.469159
 1907.000000 1.121713 1.481902
 1908.000000 1.072359 1.467748
 1909.000000 1.008785 1.512555
 1910.000000 1.137754 1.508947
 1911.000000 1.067346 1.482794
 1912.000000 1.114919 1.543602
 1913.000000 1.182720 1.472991
 1914.000000 1.121000 1.579995
 1915.000000 1.166144 1.594166
 1916.000000 1.053627 1.503494
 1917.000000 1.202417 1.542312
 1918.000000 1.051538 1.515526
 1919.000000 1.167172 1.435962
 1920.000000 1.157251 1.474808
 1921.000000 1.133770 1.497919
 1922.000000 1.080975 1.549096
 1923.000000 1.099241 1.476895
 1924.000000 1.131194 1.522994
 1925.000000 1.138283 1.573206
 1926.000000 1.029608 1.452471
 1927.000000 1.197539 1.449137
 1928.000000 1.085813 1.445798
 1929.000000 1.021980 1.443169
 1930.000000 1.052383 1.496049
 1931.000000 1.041965 1.515217
 1932.000000 1.123339 1.365127
 1933.000000 1.081561 1.399786
 1934.000000 1.070539 1.434460
 1935.000000 1.178326 1.521939
 1936.000000 1.161015 1.594740
 1937.000000 1.152029 1.501400
 1938.000000 1.054909 1.485492
 1939.000000 1.115238 1.569448
 1940.000000 0.981025 1.437557
 1941.000000 1.049758 1.439161
 1942.000000 1.049409 1.521111
 1943.000000 0.992174 1.498269
 1944.000000 1.056636 1.551924
 1945.000000 0.954238 1.590218
 1946.000000 1.097224 1.442872
 1947.000000 1.071501 1.427749
 1948.000000 1.137209 1.565108
 1949.000000 1.142816 1.489371
 1950.000000 1.075536 1.496601
 1951.000000 1.099903 1.471145
 1952.000000 1.111571 1.457772
 1953.000000 1.048173 1.441412
 1954.000000 1.016317 1.448102
 1955.000000 1.083714 1.434387
 1956.000000 1.057695 1.453735
 1957.000000 1.122533 1.521949
 1958.000000 1.193906 1.571072
 1959.000000 1.116754 1.605355
 1960.000000 1.046665 1.547734
 1961.000000 1.044785 1.478521
 1962.000000 1.167344 1.511591
 1963.000000 1.045390 1.527360
 1964.000000 1.041633 1.486852
 1965.000000 0.985415 1.465026
 1966.000000 0.976671 1.505441
 1967.000000 1.109902 1.536961
 1968.000000 1.086414 1.419029
 1969.000000 1.071430 1.457429
 1970.000000 1.108786 1.436650
 1971.000000 1.103586 1.478721
 1972.000000 1.068973 1.557832
 1973.000000 1.087022 1.673326
 1974.000000 1.127718 1.422465
 1975.000000 1.132544 1.466073
 1976.000000 1.121589 1.467898
 1977.000000 1.180528 1.485691
 1978.000000 1.140060 1.425368
 1979.000000 1.057691 1.464174
 1980.000000 1.125929 1.463489
 1981.000000 1.118006 1.470408
 1982.000000 1.041250 1.421586
 1983.000000 1.118639 1.422803
 1984.000000 1.136337 1.421872
 1985.000000 1.015394 1.447288
 1986.000000 1.124461 1.482999
 1987.000000 1.149690 1.544207
 1988.000000 1.093362 1.508602
 1989.000000 1.157360 1.459693
 1990.000000 1.054121 1.498131
 1991.000000 1.095434 1.540358
 1992.000000 1.105204 1.488086
 1993.000000 1.043686 1.558875
 1994.000000 1.075033 1.489075
 1995.000000 1.100604 1.501930
 1996.000000 1.102065 1.537870
 1997.000000 1.092935 1.514899
 1998.000000 1.146709 1.448919
 1999.000000 1.040629 1.493205
 2000.000000 1.110901 1.479383
 2001.000000 1.050855 1.432047
 2002.000000 1.101753 1.485815
 2003.000000 1.118670 1.446731
 2004.000000 1.136938 1.510716
 2005.000000 1.147938 1.487202
 2006.000000 1.043225 1.465920
 2007.000000 1.017471 1.503507
 2008.000000 1.101749 1.531326
 2009.000000 1.158412 1.538885
 2010.000000 1.050622 1.541091
 2011.000000 1.026470 1.471193
 2012.000000 1.166873 1.444554
 2013.000000 1.035299 1.454224
 2014.000000 1.040881 1.468156
 2015.000000 1.103395 1.422529
 2016.000000 1.158889 1.458114
 2017.000000 1.071320 1.496414
 2018.000000 1.195079 1.488025
 2019.000000 1.185807 1.424448
 2020.000000 1.009451 1.457967
 2021.000000 1.045410 1.534006
 2022.000000 1.096447 1.552067
 2023.000000 1.062962 1.447562
 2024.000000 1.095911 1.461651
 2025.000000 1.172405 1.539196
 2026.000000 1.125374 1.404898
 2027.000000 1.155251 1.473938
 2028.000000 1.041696 1.477892
 2029.000000 1.141655 1.465959
 2030.000000 1.150984 1.556235
 2031.000000 1.074743 1.455334
 2032.000000 1.167021 1.399467
 2033.000000 1.164466 1.478647
 2034.000000 1.122180 1.519373
 2035.000000 1.125509 1.438593
 2036.000000 0.999618 1.460404
 2037.000000 1.147999 1.441629
 2038.000000 1.203088 1.490436
 2039.000000 1.196628 1.374841
 2040.000000 1.078453 1.334855
 2041.000000 1.101334 1.492776
 2042.000000 1.080763 1.463336
 2043.000000 1.189305 1.512695
 2044.000000 1.140304 1.497374
 2045.000000 1.222496 1.507422
 2046.000000 1.208562 1.490562
 2047.000000 1.244348 1.504609
 2048.000000 1.146017 1.417904
 2049.000000 1.062542 1.459835
 2050.000000 1.158129 1.491022
 2051.000000 1.092243 1.492432
 2052.000000 1.196760 1.508265
 2053.000000 1.234936 1.518538
 2054.000000 1.016371 1.506582
 2055.000000 1.030219 1.448341
 2056.000000 1.174398 1.521088
 2057.000000 1.123105 1.491407
 2058.000000 1.056577 1.635225
 2059.000000 1.099339 1.555713
 2060.000000 1.102836 1.502099
 2061.000000 1.154731 1.517641
 2062.000000 1.210757 1.548789
 2063.000000 1.125645 1.456287
 2064.000000 1.168485 1.585183
 2065.000000 1.157921 1.564355
 2066.000000 1.201440 1.521124
 2067.000000 1.274468 1.515543
 2068.000000 1.256174 1.545020
 2069.000000 1.116583 1.494145
 2070.000000 1.111648 1.450126
 2071.000000 1.118941 1.492155
 2072.000000 1.023931 1.409491
 2073.000000 1.086919 1.380197
 2074.000000 1.167896 1.418605
 2075.000000 1.119052 1.456319
 2076.000000 1.085344 1.404086
 2077.000000 1.204770 1.451270
 2078.000000 1.009065 1.582391
 2079.000000 0.974233 1.441565
 2080.000000 1.190987 1.430700
 2081.000000 1.127961 1.474733
 2082.000000 1.120944 1.596367
 2083.000000 1.074361 1.526857
 2084.000000 0.985696 1.461345
 2085.000000 1.110485 1.534087
 2086.000000 1.103160 1.582708
 2087.000000 1.032032 1.470736
 2088.000000 1.051968 1.502778
 2089.000000 1.104451 1.507435
 2090.000000 1.098617 1.518058
 2091.000000 1.028546 1.479108
 2092.000000 0.987993 1.553757
 2093.000000 1.149958 1.608017
 2094.000000 1.063182 1.514373
 2095.000000 1.046003 1.497756
 2096.000000 1.099838 1.368614
 2097.000000 1.040387 1.585417
 2098.000000 1.117083 1.479912
 2099.000000 1.128479 1.447339
 2100.000000 1.156592 1.495152
 2101.000000 1.101208 1.560007
 2102.000000 1.014816 1.535705
 2103.000000 1.045970 1.486072
 2104.000000 0.976657 1.449364
 2105.000000 1.077395 1.437590
 2106.000000 1.077186 1.442648
 2107.000000 0.941254 1.444932
 2108.000000 0.975901 1.465474
 2109.000000 1.026056 1.503427
 2110.000000 1.002079 1.518113
 2111.000000 0.959411 1.517504
 2112.000000 1.023157 1.428042
 2113.000000 1.077974 1.582533
 2114.000000 1.057967 1.422847
 2115.000000 1.073748 1.527492
 2116.000000 0.904329 1.498274
 2117.000000 0.979137 1.460004
 2118.000000 1.069838 1.483641
 2119.000000 0.985807 1.353894
 2120.000000 1.018218 1.430082
 2121.000000 1.033073 1.452228
 2122.000000 1.100977 1.506891
 2123.000000 1.037225 1.476907
 2124.000000 0.978231 1.466218
 2125.000000 0.977591 1.484741
 2126.000000 0.993291 1.572771
 2127.000000 1.114617 1.535654
 2128.000000 0.999831 1.476043
 2129.000000 0.994048 1.459208
 2130.000000 1.064042 1.460070
 2131.000000 1.043620 1.446245
 2132.000000 0.952844 1.595532
 2133.000000 1.179015 1.461414
 2134.000000 1.091787 1.479412
 2135.000000 1.070452 1.494502
 2136.000000 1.066110 1.501613
 2137.000000 1.190997 1.444987
 2138.000000 1.022844 1.498115
 2139.000000 1.085801 1.419821
 2140.000000 1.119484 1.456567
 2141.000000 1.074083 1.407981
 2142.000000 1.124037 1.435830
 2143.000000 1.031174 1.478974
 2144.000000 1.089259 1.425161
 2145.000000 1.217071 1.410798
 2146.000000 1.019825 1.448202
 2147.000000 1.116197 1.454154
 2148.000000 1.071787 1.435153
 2149.000000 1.111188 1.498156
 2150.000000 1.098764 1.460235
 2151.000000 1.154616 1.426881
 2152.000000 1.125801 1.520025
 2153.000000 1.026113 1.504605
 2154.000000 1.135940 1.425363
 2155.000000 1.050349 1.541073
 2156.000000 1.042495 1.328669
 2157.000000 1.134848 1.371967
 2158.000000 1.094551 1.486461
 2159.000000 1.144427 1.498204
 2160.000000 1.181438 1.492581
 2161.000000 0.984659 1.369015
 2162.000000 1.054058 1.484828
 2163.000000 1.055658 1.537643
 2164.000000 1.045127 1.595426
 2165.000000 1.222004 1.588152
 2166.000000 1.128294 1.520136
 2167.000000 1.127497 1.526796
 2168.000000 1.179834 1.533258
 2169.000000 1.062217 1.514258
 2170.000000 1.101501 1.489496
 2171.000000 1.108407 1.434297
 2172.000000 1.139840 1.488010
 2173.000000 1.140184 1.486676
 2174.000000 1.248636 1.490150
 2175.000000 1.126901 1.517982
 2176.000000 1.115942 1.420809
 2177.000000 1.144018 1.452647
 2178.000000 1.120699 1.498300
 2179.000000 1.005645 1.520260
 2180.000000 1.057027 1.448294
 2181.000000 1.022792 1.493526
 2182.000000 1.027141 1.524597
 2183.000000 0.946683 1.515033
 2184.000000 1.026068 1.494793
 2185.000000 1.141844 1.510954
 2186.000000 1.051401 1.475199
 2187.000000 1.112328 1.413649
 2188.000000 1.057790 1.564383
 2189.000000 0.965730 1.430441
 2190.000000 1.072694 1.493486
 2191.000000 1.001937 1.470113
 2192.000000 1.030919 1.535889
 2193.000000 1.106536 1.504727
 2194.000000 1.153791 1.548620
 2195.000000 0.971047 1.507510
 2196.000000 0.976071 1.557590
 2197.000000 0.918829 1.551269
 2198.000000 1.034595 1.475366
 2199.000000 1.022324 1.481779
 2200.000000 1.030192 1.502295
 2201.000000 1.053361 1.381590
 2202.000000 1.046155 1.411076
 2203.000000 1.010992 1.508725
 2204.000000 0.993028 1.522579
 2205.000000 1.057046 1.440201
 2206.000000 1.018457 1.537403
 2207.000000 1.029456 1.449510
 2208.000000 0.993205 1.470919
 2209.000000 1.241609 1.479636
 2210.000000 1.020166 1.442933
 2211.000000 0.996055 1.473422
 2212.000000 0.964813 1.453991
 2213.000000 0.959188 1.482969
 2214.000000 1.052563 1.477628
 2215.000000 1.042038 1.466566
 2216.000000 1.007229 1.536858
 2217.000000 1.047608 1.512922
 2218.000000 1.019727 1.567963
 2219.000000 0.939664 1.540503
 2220.000000 1.020382 1.475999
 2221.000000 1.063273 1.475901
 2222.000000 1.180924 1.475258
 2223.000000 1.020578 1.495220
 2224.000000 0.996082 1.496209
 2225.000000 1.032874 1.452583
 2226.000000 1.053220 1.408651
 2227.000000 1.000852 1.479593
 2228.000000 1.016557 1.458685
 2229.000000 0.899482 1.494349
 2230.000000 1.031052 1.504471
 2231.000000 0.945889 1.435346
 2232.000000 0.937457 1.502841
 2233.000000 1.103401 1.458234
 2234.000000 1.014273 1.446249
 2235.000000 0.985040 1.504822
 2236.000000 0.991383 1.462956
 2237.000000 0.936319 1.479274
 2238.000000 0.921427 1.505319
 2239.000000 1.009244 1.516494
 2240.000000 1.068735 1.512495
 2241.000000 0.993664 1.470843
 2242.000000 1.008499 1.473250
 2243.000000 0.974127 1.586482
 2244.000000 1.075439 1.459730
 2245.000000 1.049519 1.444435
 2246.000000 0.980632 1.474273
 2247.000000 0.936109 1.469791
 2248.000000 0.990189 1.511401
 2249.000000 0.973762 1.477797
 2250.000000 1.022619 1.553920
 2251.000000 1.167590 1.496838
 2252.000000 1.064876 1.505644
 2253.000000 1.142174 1.525149
 2254.000000 0.937820 1.534199
 2255.000000 1.099821 1.593875
 2256.000000 0.952771 1.499428
 2257.000000 1.015805 1.539904
 2258.000000 0.984915 1.474405
 2259.000000 1.005999 1.536513
 2260.000000 0.939297 1.480665
 2261.000000 1.012431 1.521825
 2262.000000 0.955116 1.526786
 2263.000000 0.958295 1.502497
 2264.000000 1.142248 1.559229
 2265.000000 0.933721 1.493390
 2266.000000 0.961776 1.453460
 2267.000000 1.073294 1.496289
 2268.000000 0.965133 1.560192
 2269.000000 1.024102 1.548376
 2270.000000 0.915130 1.482772
 2271.000000 1.024764 1.475562
 2272.000000 1.069330 1.453782
 2273.000000 1.094129 1.515321
 2274.000000 1.047956 1.510876
 2275.000000 1.013074 1.528235
 2276.000000 1.122162 1.495508
 2277.000000 1.005184 1.456421
 2278.000000 1.037992 1.470053
 2279.000000 1.059944 1.484543
 2280.000000 0.980092 1.491554
 2281.000000 1.079838 1.509069
 2282.000000 0.946432 1.589900
 2283.000000 0.922064 1.419217
 2284.000000 1.007461 1.500050
 2285.000000 0.949955 1.421156
 2286.000000 0.952896 1.439965
 2287.000000 1.016057 1.453324
 2288.000000 0.940458 1.530033
 2289.000000 1.003463 1.544034
 2290.000000 0.983810 1.440593
 2291.000000 0.956744 1.462927
 2292.000000 0.878804 1.424729
 2293.000000 1.012414 1.511742
 2294.000000 0.951165 1.455592
 2295.000000 0.985266 1.480388
 2296.000000 1.033207 1.448831
 2297.000000 1.001183 1.502431
 2298.000000 1.037646 1.535261
 2299.000000 0.914433 1.565154
 2300.000000 0.962564 1.468520
 2301.000000 0.985917 1.491128
 2302.000000 1.162798 1.539081
 2303.000000 1.047642 1.429849
 2304.000000 1.107920 1.508840
 2305.000000 0.997005 1.509545
 2306.000000 1.031247 1.526390
 2307.000000 1.128854 1.406061
 2308.000000 1.127440 1.469870
 2309.000000 1.079684 1.474055
 2310.000000 1.010520 1.461724
 2311.000000 1.018471 1.483429
 2312.000000 1.065584 1.477168
 2313.000000 1.024177 1.494277
 2314.000000 1.011221 1.541871
 2315.000000 1.124463 1.553768
 2316.000000 1.033601 1.480592
 2317.000000 1.055124 1.521358
 2318.000000 1.056059 1.536971
 2319.000000 1.064635 1.500651
 2320.000000 1.102824 1.415267
 2321.000000 1.071921 1.433793
 2322.000000 1.112805 1.403563
 2323.000000 1.076317 1.454454
 2324.000000 1.023803 1.422784
 2325.000000 1.108411 1.430244
 2326.000000 1.092618 1.472025
 2327.000000 1.037043 1.455282
 2328.000000 1.270018 1.476727
 2329.000000 1.163446 1.506997
 2330.000000 1.083270 1.520147
 2331.000000 1.115583 1.498776
 2332.000000 1.125748 1.463053
 2333.000000 0.956409 1.533329
 2334.000000 1.048008 1.413687
 2335.000000 1.058467 1.444555
 2336.000000 1.096560 1.379899
 2337.000000 1.010377 1.373684
 2338.000000 1.071702 1.513180
 2339.000000 1.184340 1.479887
 2340.000000 1.020762 1.497189
 2341.000000 1.078296 1.574609
 2342.000000 1.168803 1.525139
 2343.000000 1.049001 1.488064
 2344.000000 1.113218 1.579532
 2345.000000 1.085875 1.465092
 2346.000000 1.031249 1.545929
 2347.000000 1.117213 1.624555
 2348.000000 1.014905 1.407919
 2349.000000 1.112663 1.511311
 2350.000000 1.159770 1.453141
 2351.000000 1.120262 1.551472
 2352.000000 1.022979 1.481851
 2353.000000 1.028038 1.565881
 2354.000000 0.976516 1.475197
 2355.000000 1.045874 1.400294
 2356.000000 1.057227 1.485739
 2357.000000 1.144283 1.552140
 2358.000000 1.039794 1.477626
 2359.000000 1.093383 1.478805
 2360.000000 1.161762 1.470897
 2361.000000 0.949651 1.466637
 2362.000000 1.078236 1.406260
 2363.000000 1.060095 1.407453
 2364.000000 1.167594 1.504556
 2365.000000 1.061540 1.422791
 2366.000000 1.103070 1.404188
 2367.000000 1.123180 1.472635
 2368.000000 1.267230 1.553975
 2369.000000 1.187144 1.467834
 2370.000000 1.002549 1.481630
 2371.000000 1.063491 1.464098
 2372.000000 1.020156 1.471994
 2373.000000 1.084653 1.458180
 2374.000000 1.060302 1.449960
 2375.000000 1.066567 1.374310
 2376.000000 1.212627 1.507404
 2377.000000 1.178843 1.518066
 2378.000000 1.136151 1.480241
 2379.000000 1.183060 1.423287
 2380.000000 1.059598 1.473665
 2381.000000 1.224599 1.501776
 2382.000000 1.145100 1.467375
 2383.000000 1.223303 1.457169
 2384.000000 1.117402 1.461562
 2385.000000 1.152864 1.424169
 2386.000000 1.144768 1.498186
 2387.000000 1.073602 1.472980
 2388.000000 1.106862 1.439988
 2389.000000 0.983443 1.357486
 2390.000000 1.021787 1.427277
 2391.000000 0.989521 1.516684
 2392.000000 0.995429 1.478892
 2393.000000 1.135232 1.446324
 2394.000000 1.029710 1.438308
 2395.000000 1.013325 1.480289
 2396.000000 1.158977 1.424102
 2397.000000 1.175711 1.502764
 2398.000000 1.042357 1.486388
 2399.000000 1.008536 1.530436
 2400.000000 1.070897 1.433654
 2401.000000 1.017355 1.511255
 2402.000000 1.074778 1.521942
 2403.000000 1.115127 1.382214
 2404.000000 1.047114 1.469824
 2405.000000 1.212773 1.484996
 2406.000000 1.099077 1.465388
 2407.000000 1.043355 1.352219
 2408.000000 1.015440 1.457946
 2409.000000 1.133288 1.521625
 2410.000000 1.075538 1.453566
 2411.000000 1.049122 1.490576
 2412.000000 1.129455 1.452084
 2413.000000 1.062908 1.429222
 2414.000000 1.027540 1.462171
 2415.000000 1.085898 1.542202
 2416.000000 1.085274 1.515224
 2417.000000 1.033140 1.375104
 2418.000000 1.019473 1.491833
 2419.000000 1.060671 1.460805
 2420.000000 0.996883 1.491533
 2421.000000 1.112933 1.466033
 2422.000000 1.101505 1.469860
 2423.000000 1.052609 1.424686
 2424.000000 1.021475 1.591767
 2425.000000 0.976560 1.469094
 2426.000000 1.103135 1.506980
 2427.000000 1.009891 1.474011
 2428.000000 1.189307 1.521148
 2429.000000 1.031038 1.493684
 2430.000000 1.150457 1.502408
 2431.000000 1.124391 1.514195
 2432.000000 1.110226 1.544534
 2433.000000 1.005560 1.489814
 2434.000000 1.014724 1.486384
 2435.000000 1.051682 1.456264
 2436.000000 0.967234 1.480305
 2437.000000 0.965305 1.471558
 2438.000000 0.959107 1.482197
 2439.000000 0.951424 1.463559
 2440.000000 1.066439 1.509056
 2441.000000 1.095707 1.607055
 2442.000000 0.973070 1.519729
 2443.000000 1.082006 1.475797
 2444.000000 1.009410 1.537514
 2445.000000 1.097670 1.437264
 2446.000000 1.019001 1.427057
 2447.000000 1.032001 1.371337
 2448.000000 1.027493 1.480008
 2449.000000 1.105234 1.486734
 2450.000000 0.987735 1.499258
 2451.000000 1.067224 1.563317
 2452.000000 1.010534 1.451566
 2453.000000 0.966435 1.385901
 2454.000000 1.047377 1.497363
 2455.000000 0.892474 1.483354
 2456.000000 0.992456 1.461796
 2457.000000 0.996100 1.471888
 2458.000000 1.071747 1.527153
 2459.000000 1.041280 1.514427
 2460.000000 1.104445 1.498858
 2461.000000 1.101588 1.551790
 2462.000000 1.038796 1.516517
 2463.000000 1.043205 1.546027
 2464.000000 0.985731 1.489264
 2465.000000 1.071901 1.463372
 2466.000000 1.015362 1.436751
 2467.000000 0.981192 1.551718
 2468.000000 1.048768 1.537006
 2469.000000 1.045306 1.515080
 2470.000000 0.997902 1.530207
 2471.000000 1.028515 1.476712
 2472.000000 1.026957 1.565317
 2473.000000 1.029274 1.503802
 2474.000000 1.037122 1.402414
 2475.000000 1.056312 1.636362
 2476.000000 0.995429 1.506612
 2477.000000 1.014840 1.598325
 2478.000000 1.117665 1.443034
 2479.000000 1.040190 1.421721
 2480.000000 1.045793 1.420239
 2481.000000 1.075496 1.374070
 2482.000000 1.099153 1.480256
 2483.000000 1.065719 1.517012
 2484.000000 1.050740 1.553580
 2485.000000 1.059630 1.438791
 2486.000000 1.103549 1.400518
 2487.000000 1.161651 1.476221
 2488.000000 1.089867 1.516915
 2489.000000 1.134485 1.501971
 2490.000000 1.046289 1.503127
 2491.000000 1.146139 1.468933
 2492.000000 1.048740 1.496835
 2493.000000 0.942979 1.447871
 2494.000000 1.060066 1.440542
 2495.000000 1.085099 1.472660
 2496.000000 1.080227 1.497211
 2497.000000 1.146663 1.485553
 2498.000000 1.068291 1.446629
 2499.000000 1.185680 1.500578
 2500.000000 1.095510 1.470819
