#! FIELDS time pd_137_140 diff
 0.000000 0.738262 -0.912521
 1.000000 0.645520 -1.054068
 2.000000 0.637728 -1.061232
 3.000000 0.707959 -1.008891
 4.000000 0.641699 -1.030218
 5.000000 0.731303 -1.125272
 6.000000 0.656388 -1.048176
 7.000000 0.674060 -1.090291
 8.000000 0.678910 -1.070557
 9.000000 0.663225 -1.012903
 10.000000 0.657761 -1.095574
 11.000000 0.682325 -1.062491
 12.000000 0.622615 -1.087992
 13.000000 0.690019 -1.095162
 14.000000 0.726488 -1.194331
 15.000000 0.681638 -1.132735
 16.000000 0.703479 -1.045813
 17.000000 0.684489 -1.108037
 18.000000 0.619715 -1.053071
 19.000000 0.656058 -1.051663
 20.000000 0.681769 -0.978714
 21.000000 0.615373 -0.936616
 22.000000 0.729853 -1.001645
 23.000000 0.655138 -1.082639
 24.000000 0.706456 -1.049781
 25.000000 0.652971 -1.045870
 26.000000 0.692919 -0.997977
 27.000000 0.588142 -1.066617
 28.000000 0.651678 -0.983243
 29.000000 0.613624 -1.039708
 30.000000 0.650878 -1.009162
 31.000000 0.627877 -1.051475
 32.000000 0.662931 -1.001492
 33.000000 0.689867 -1.132181
 34.000000 0.596408 -1.150435
 35.000000 0.694044 -1.107535
 36.000000 0.672619 -1.123014
 37.000000 0.733859 -1.158734
 38.000000 0.793315 -1.047311
 39.000000 0.707192 -1.065120
 40.000000 0.624429 -1.109518
 41.000000 0.774129 -1.132301
 42.000000 0.663405 -1.044269
 43.000000 0.649445 -1.033705
 44.000000 0.726691 -1.111232
 45.000000 0.723824 -1.147164
 46.000000 0.667440 -1.091842
 47.000000 0.651702 -1.072106
 48.000000 0.653274 -1.066626
 49.000000 0.703015 -1.038504
 50.000000 0.669697 -0.981519
 51.000000 0.651757 -1.068120
 52.000000 0.645074 -1.074318
 53.000000 0.668148 -1.055297
 54.000000 0.690139 -0.995733
 55.000000 0.619022 -0.940312
 56.000000 0.719237 -1.075961
 57.000000 0.674597 -1.000029
 58.000000 0.667393 -1.003251
 59.000000 0.643245 -1.033323
 60.000000 0.616987 -1.061848
 61.000000 0.672392 -1.054684
 62.000000 0.637792 -1.022048
 63.000000 0.690428 -1.039138
 64.000000 0.651143 -1.056262
 65.000000 0.599070 -1.042037
 66.000000 0.567714 -1.010428
 67.000000 0.582723 -0.990901
 68.000000 0.555575 -0.977672
 69.000000 0.576959 -1.018583
 70.000000 0.582275 -1.081646
 71.000000 0.641293 -1.125213
 72.000000 0.763562 -1.121072
 73.000000 0.596928 -1.039405
 74.000000 0.715065 -1.165415
 75.000000 0.609887 -1.071099
 76.000000 0.677261 -1.164676
 77.000000 0.720743 -1.061655
 78.000000 0.680675 -1.057049
 79.000000 0.649517 -1.037707
 80.000000 0.643948 -1.085824
 81.000000 0.664084 -1.037445
 82.000000 0.579330 -1.014703
 83.000000 0.618030 -1.030932
 84.000000 0.620095 -1.030816
 85.000000 0.681490 -0.999435
 86.000000 0.613850 -1.059847
 87.000000 0.638025 -1.140081
 88.000000 0.533520 -1.086566
 89.000000 0.592382 -1.081274
 90.000000 0.610365 -1.041080
 91.000000 0.594859 -0.997844
 92.000000 0.657177 -0.982495
 93.000000 0.606483 -0.971102
 94.000000 0.606794 -0.977587
 95.000000 0.541476 -1.083759
 96.000000 0.675801 -1.020259
 97.000000 0.659577 -1.044145
 98.000000 0.669979 -1.105602
 99.000000 0.689504 -1.166911
 100.000000 0.683801 -1.043717
 101.000000 0.634339 -1.146442
 102.000000 0.665634 -1.117536
 103.000000 0.697169 -1.111158
 104.000000 0.718992 -1.032221
 105.000000 0.618199 -1.149787
 106.000000 0.707125 -1.053550
 107.000000 0.604161 -1.026620
 108.000000 0.603207 -1.114369
 109.000000 0.671371 -0.977365
 110.000000 0.640846 -1.055668
 111.000000 0.674527 -1.087320
 112.000000 0.574088 -1.020484
 113.000000 0.652630 -1.034310
 114.000000 0.667018 -0.997709
 115.000000 0.595857 -0.940953
 116.000000 0.634327 -1.062352
 117.000000 0.659269 -1.016767
 118.000000 0.649332 -1.036833
 119.000000 0.616461 -0.968991
 120.000000 0.737405 -1.022284
 121.000000 0.657498 -1.006615
 122.000000 0.630935 -1.008517
 123.000000 0.604797 -1.044858
 124.000000 0.627010 -1.065903
 125.000000 0.621555 -0.989333
 126.000000 0.665346 -1.051832
 127.000000 0.643489 -1.038626
 128.000000 0.602565 -1.078901
 129.000000 0.614735 -1.114689
 130.000000 0.652651 -1.020983
 131.000000 0.611852 -1.043875
 132.000000 0.520385 -1.009474
 133.000000 0.565645 -1.109717
 134.000000 0.641969 -1.080995
 135.000000 0.640668 -1.135106
 136.000000 0.687484 -0.970428
 137.000000 0.626246 -1.149108
 138.000000 0.672478 -1.046127
 139.000000 0.760829 -1.032063
 140.000000 0.631937 -1.097973
 141.000000 0.688981 -1.120964
 142.000000 0.656815 -1.122549
 143.000000 0.658623 -1.074848
 144.000000 0.719688 -0.977686
 145.000000 0.518040 -1.047231
 146.000000 0.686843 -1.075243
 147.000000 0.664896 -1.040544
 148.000000 0.663113 -1.103711
 149.000000 0.533739 -1.076868
 150.000000 0.664592 -1.046501
 151.000000 0.639893 -1.007398
 152.000000 0.670709 -1.079314
 153.000000 0.611668 -1.034112
 154.000000 0.627011 -1.084355
 155.000000 0.628050 -1.081180
 156.000000 0.683962 -1.062872
 157.000000 0.616447 -1.079261
 158.000000 0.654854 -1.045492
 159.000000 0.638262 -1.091148
 160.000000 0.577618 -1.035221
 161.000000 0.597500 -1.014422
 162.000000 0.592434 -1.097622
 163.000000 0.642725 -1.061407
 164.000000 0.669278 -1.106518
 165.000000 0.584639 -1.204967
 166.000000 0.637807 -1.116268
 167.000000 0.755585 -1.113220
 168.000000 0.623390 -1.079150
 169.000000 0.594564 -1.052057
 170.000000 0.611065 -1.149981
 171.000000 0.640892 -1.231953
 172.000000 0.612608 -1.097582
 173.000000 0.533752 -1.148119
 174.000000 0.612564 -1.135604
 175.000000 0.567267 -1.117156
 176.000000 0.630068 -1.105703
 177.000000 0.498835 -1.016166
 178.000000 0.629638 -1.050977
 179.000000 0.593712 -1.016658
 180.000000 0.558619 -1.007047
 181.000000 0.635727 -0.980868
 182.000000 0.521321 -0.998021
 183.000000 0.591284 -1.098478
 184.000000 0.663282 -1.023823
 185.000000 0.671610 -1.024861
 186.000000 0.600618 -1.123284
 187.000000 0.573388 -1.012136
 188.000000 0.670892 -1.089021
 189.000000 0.681394 -1.075239
 190.000000 0.596085 -1.088532
 191.000000 0.572626 -1.035246
 192.000000 0.539175 -1.090458
 193.000000 0.563302 -1.140676
 194.000000 0.542712 -1.103280
 195.000000 0.644904 -1.104978
 196.000000 0.556358 -1.078120
 197.000000 0.610564 -1.118278
 198.000000 0.587601 -1.152917
 199.000000 0.523955 -1.104300
 200.000000 0.550453 -1.076171
 201.000000 0.484023 -1.141779
 202.000000 0.603147 -1.186503
 203.000000 0.529835 -1.047493
 204.000000 0.581781 -1.118176
 205.000000 0.603988 -0.995091
 206.000000 0.624643 -1.169987
 207.000000 0.600267 -1.081505
 208.000000 0.635566 -1.080492
 209.000000 0.526012 -1.002785
 210.000000 0.558393 -1.095420
 211.000000 0.546367 -1.047589
 212.000000 0.621377 -1.055067
 213.000000 0.544052 -1.058670
 214.000000 0.520537 -1.019527
 215.000000 0.514855 -1.051920
 216.000000 0.553088 -1.090102
 217.000000 0.624011 -1.141363
 218.000000 0.637098 -1.059424
 219.000000 0.525994 -1.113732
 220.000000 0.553568 -1.095897
 221.000000 0.549480 -1.157132
 222.000000 0.556791 -1.177522
 223.000000 0.595067 -1.045834
 224.000000 0.541677 -1.081218
 225.000000 0.557893 -1.037607
 226.000000 0.590551 -1.051225
 227.000000 0.514529 -1.047548
 228.000000 0.580232 -1.094019
 229.000000 0.618095 -0.992869
 230.000000 0.621964 -1.012114
 231.000000 0.609951 -1.062793
 232.000000 0.615915 -1.072717
 233.000000 0.608319 -1.092186
 234.000000 0.669996 -1.060416
 235.000000 0.587997 -1.177005
 236.000000 0.667692 -1.077690
 237.000000 0.684892 -0.977976
 238.000000 0.701795 -1.079521
 239.000000 0.638848 -0.988247
 240.000000 0.647681 -1.121234
 241.000000 0.646749 -1.099131
 242.000000 0.573281 -1.075322
 243.000000 0.643671 -1.040234
 244.000000 0.610694 -1.079173
 245.000000 0.617768 -1.105745
 246.000000 0.618094 -1.015268
 247.000000 0.626945 -1.057431
 248.000000 0.621545 -1.043222
 249.000000 0.690640 -1.063238
 250.000000 0.614880 -1.016981
 251.000000 0.665004 -1.052897
 252.000000 0.572627 -1.015683
 253.000000 0.569653 -1.023380
 254.000000 0.577169 -1.036045
 255.000000 0.633734 -1.145561
 256.000000 0.595362 -1.072273
 257.000000 0.685421 -1.104259
 258.000000 0.669251 -1.127916
 259.000000 0.540541 -1.161104
 260.000000 0.632945 -1.053315
 261.000000 0.648122 -1.138697
 262.000000 0.591804 -1.019825
 263.000000 0.547725 -1.095554
 264.000000 0.631839 -1.050297
 265.000000 0.592875 -0.948864
 266.000000 0.618371 -1.095453
 267.000000 0.583119 -1.046607
 268.000000 0.642182 -1.154140
 269.000000 0.617609 -1.055106
 270.000000 0.495403 -1.055238
 271.000000 0.612249 -1.058976
 272.000000 0.643930 -1.049017
 273.000000 0.612099 -0.952268
 274.000000 0.588873 -1.040833
 275.000000 0.669853 -1.096702
 276.000000 0.816565 -1.136600
 277.000000 0.652395 -1.125654
 278.000000 0.687944 -1.129368
 279.000000 0.648997 -1.048150
 280.000000 0.661770 -1.067986
 281.000000 0.668623 -1.140029
 282.000000 0.582203 -1.072020
 283.000000 0.640013 -1.107422
 284.000000 0.680820 -1.046753
 285.000000 0.597291 -1.129485
 286.000000 0.715653 -1.013377
 287.000000 0.606501 -1.066263
 288.000000 0.588776 -1.127460
 289.000000 0.654475 -1.078015
 290.000000 0.539945 -1.058036
 291.000000 0.694398 -1.063711
 292.000000 0.706151 -1.047245
 293.000000 0.575015 -1.006227
 294.000000 0.648065 -1.072195
 295.000000 0.576659 -0.996177
 296.000000 0.663670 -1.072040
 297.000000 0.651997 -1.074488
 298.000000 0.671883 -1.136971
 299.000000 0.599212 -1.077725
 300.000000 0.686231 -1.065861
 301.000000 0.699409 -1.081214
 302.000000 0.715385 -1.075230
 303.000000 0.624126 -1.138152
 304.000000 0.648901 -1.059994
 305.000000 0.631965 -1.121308
 306.000000 0.552841 -1.104246
 307.000000 0.597196 -1.069538
 308.000000 0.667903 -1.086876
 309.000000 0.670016 -1.113985
 310.000000 0.670275 -1.023744
 311.000000 0.637586 -1.036988
 312.000000 0.586482 -1.113031
 313.000000 0.689529 -1.126185
 314.000000 0.689331 -1.182595
 315.000000 0.623859 -1.105762
 316.000000 0.615588 -1.053508
 317.000000 0.638723 -1.029893
 318.000000 0.693839 -1.016544
 319.000000 0.668251 -1.129485
 320.000000 0.575064 -1.071418
 321.000000 0.668853 -1.070953
 322.000000 0.658147 -1.023010
 323.000000 0.636661 -1.084166
 324.000000 0.618315 -1.087953
 325.000000 0.686029 -1.054624
 326.000000 0.604413 -0.990108
 327.000000 0.646929 -1.118060
 328.000000 0.648530 -1.078108
 329.000000 0.619299 -1.021962
 330.000000 0.602844 -1.068200
 331.000000 0.570229 -1.128459
 332.000000 0.587506 -1.088528
 333.000000 0.637898 -1.004236
 334.000000 0.497761 -1.100369
 335.000000 0.579591 -1.076256
 336.000000 0.691427 -1.057435
 337.000000 0.533775 -1.119065
 338.000000 0.651941 -1.094951
 339.000000 0.582507 -1.109619
 340.000000 0.673538 -1.019581
 341.000000 0.613056 -1.062878
 342.000000 0.601101 -1.036525
 343.000000 0.606653 -1.070910
 344.000000 0.652849 -1.009021
 345.000000 0.537379 -1.058510
 346.000000 0.655032 -1.079829
 347.000000 0.563208 -1.022014
 348.000000 0.627564 -0.991500
 349.000000 0.591603 -1.035262
 350.000000 0.606905 -1.066311
 351.000000 0.618854 -0.986908
 352.000000 0.555160 -1.074561
 353.000000 0.525437 -1.062928
 354.000000 0.539921 -1.020328
 355.000000 0.686817 -0.988310
 356.000000 0.621333 -1.041335
 357.000000 0.683740 -1.053584
 358.000000 0.701266 -1.103368
 359.000000 0.604471 -1.055995
 360.000000 0.634487 -1.064278
 361.000000 0.573101 -1.050079
 362.000000 0.519740 -1.062278
 363.000000 0.645631 -1.001138
 364.000000 0.642506 -1.073692
 365.000000 0.586493 -1.080880
 366.000000 0.632040 -1.101544
 367.000000 0.710649 -1.068437
 368.000000 0.598331 -1.100835
 369.000000 0.650726 -1.058995
 370.000000 0.679079 -1.042354
 371.000000 0.588537 -1.027218
 372.000000 0.478033 -0.979976
 373.000000 0.591096 -1.062852
 374.000000 0.655214 -1.029382
 375.000000 0.567242 -1.103495
 376.000000 0.543254 -1.020498
 377.000000 0.557206 -1.045277
 378.000000 0.611583 -1.105182
 379.000000 0.634710 -1.054882
 380.000000 0.589571 -1.021315
 381.000000 0.611576 -1.061205
 382.000000 0.659178 -1.048643
 383.000000 0.669434 -0.993301
 384.000000 0.724125 -1.057862
 385.000000 0.711861 -1.104157
 386.000000 0.623447 -1.039150
 387.000000 0.660568 -1.055235
 388.000000 0.658710 -1.037751
 389.000000 0.682140 -1.049928
 390.000000 0.622569 -1.114011
 391.000000 0.597997 -0.997702
 392.000000 0.598104 -1.037393
 393.000000 0.587395 -1.066836
 394.000000 0.560377 -1.004503
 395.000000 0.653580 -1.044803
 396.000000 0.635565 -1.150674
 397.000000 0.583744 -1.067779
 398.000000 0.636376 -1.088237
 399.000000 0.665048 -1.104833
 400.000000 0.641687 -1.075634
 401.000000 0.718525 -0.989289
 402.000000 0.570396 -1.072328
 403.000000 0.581135 -1.066329
 404.000000 0.571504 -1.062197
 405.000000 0.576791 -1.013588
 406.000000 0.679254 -1.038367
 407.000000 0.709444 -0.968952
 408.000000 0.671918 -1.005324
 409.000000 0.617616 -1.048382
 410.000000 0.593211 -1.030810
 411.000000 0.687686 -1.053390
 412.000000 0.716079 -1.100176
 413.000000 0.682004 -1.043593
 414.000000 0.688013 -1.109174
 415.000000 0.583722 -1.098610
 416.000000 0.615621 -1.080899
 417.000000 0.684895 -1.046137
 418.000000 0.601958 -1.071039
 419.000000 0.603788 -1.001953
 420.000000 0.598686 -1.045264
 421.000000 0.639466 -1.093716
 422.000000 0.696047 -1.070722
 423.000000 0.546990 -0.990425
 424.000000 0.594546 -1.042957
 425.000000 0.634141 -1.096503
 426.000000 0.673156 -1.079306
 427.000000 0.622435 -0.999365
 428.000000 0.589961 -1.048326
 429.000000 0.614620 -1.120846
 430.000000 0.694181 -1.140186
 431.000000 0.571407 -1.072010
 432.000000 0.599235 -1.161401
 433.000000 0.646482 -1.145389
 434.000000 0.549517 -1.036376
 435.000000 0.663243 -1.036852
 436.000000 0.615359 -0.953703
 437.000000 0.607915 -0.949477
 438.000000 0.571731 -1.006611
 439.000000 0.614309 -1.032218
 440.000000 0.612056 -1.042006
 441.000000 0.602556 -0.981892
 442.000000 0.611191 -1.032430
 443.000000 0.606905 -0.910156
 444.000000 0.622196 -0.979898
 445.000000 0.651616 -1.010527
 446.000000 0.592745 -1.009724
 447.000000 0.673848 -1.052776
 448.000000 0.633940 -0.965875
 449.000000 0.590935 -1.008589
 450.000000 0.648068 -0.955104
 451.000000 0.712952 -1.046189
 452.000000 0.661488 -1.059835
 453.000000 0.678098 -1.061448
 454.000000 0.691739 -1.031804
 455.000000 0.639793 -1.026082
 456.000000 0.642975 -0.963138
 457.000000 0.631516 -1.052638
 458.000000 0.635721 -0.848151
 459.000000 0.610535 -1.037359
 460.000000 0.647976 -1.042540
 461.000000 0.652786 -1.077851
 462.000000 0.631714 -1.085629
 463.000000 0.553076 -1.049529
 464.000000 0.648141 -1.043590
 465.000000 0.627451 -0.968906
 466.000000 0.628782 -1.000116
 467.000000 0.663768 -1.120582
 468.000000 0.597221 -1.071160
 469.000000 0.605047 -1.037953
 470.000000 0.544983 -1.017358
 471.000000 0.688373 -1.050256
 472.000000 0.702022 -1.032208
 473.000000 0.638256 -0.957877
 474.000000 0.590957 -1.109736
 475.000000 0.592616 -0.950707
 476.000000 0.671902 -1.029970
 477.000000 0.582545 -1.060244
 478.000000 0.600043 -0.958501
 479.000000 0.653150 -1.059510
 480.000000 0.597169 -1.010517
 481.000000 0.581837 -1.151613
 482.000000 0.586063 -1.026259
 483.000000 0.584854 -1.062724
 484.000000 0.651593 -1.068934
 485.000000 0.618747 -1.003476
 486.000000 0.597407 -1.009249
 487.000000 0.679494 -0.960427
 488.000000 0.542290 -0.967572
 489.000000 0.661008 -1.080498
 490.000000 0.663981 -1.103480
 491.000000 0.666623 -0.968211
 492.000000 0.608918 -1.010804
 493.000000 0.646918 -1.015749
 494.000000 0.779836 -1.056023
 495.000000 0.608193 -1.075751
 496.000000 0.603691 -1.049756
 497.000000 0.626258 -1.017593
 498.000000 0.638353 -0.943162
 499.000000 0.599434 -1.059039
 500.000000 0.586455 -1.079490
 501.000000 0.655805 -1.076142
 502.000000 0.561088 -0.959327
 503.000000 0.667451 -1.046360
 504.000000 0.649429 -1.039897
 505.000000 0.664686 -0.987542
 506.000000 0.599432 -1.025742
 507.000000 0.637121 -0.899686
 508.000000 0.634100 -1.019241
 509.000000 0.619407 -1.029547
 510.000000 0.549639 -1.016195
 511.000000 0.641799 -1.017596
 512.000000 0.604644 -1.007773
 513.000000 0.735468 -1.083566
 514.000000 0.576643 -1.038117
 515.000000 0.618050 -0.990732
 516.000000 0.597563 -1.076162
 517.000000 0.648689 -1.009750
 518.000000 0.613994 -0.983586
 519.000000 0.536060 -0.969370
 520.000000 0.531788 -1.048250
 521.000000 0.524399 -1.025122
 522.000000 0.570253 -1.061542
 523.000000 0.633434 -0.976866
 524.000000 0.640130 -1.114553
 525.000000 0.519971 -1.078660
 526.000000 0.561639 -0.985011
 527.000000 0.664586 -1.058301
 528.000000 0.589082 -1.078715
 529.000000 0.660189 -1.011581
 530.000000 0.569941 -1.001800
 531.000000 0.590765 -1.056089
 532.000000 0.651840 -0.989219
 533.000000 0.634673 -1.052834
 534.000000 0.550096 -1.026759
 535.000000 0.582225 -1.068553
 536.000000 0.585159 -1.070619
 537.000000 0.528811 -0.980481
 538.000000 0.615183 -0.974451
 539.000000 0.581349 -0.955781
 540.000000 0.562296 -1.035361
 541.000000 0.665439 -1.043822
 542.000000 0.640857 -1.004254
 543.000000 0.612761 -1.023636
 544.000000 0.575533 -0.975849
 545.000000 0.640894 -0.992944
 546.000000 0.586828 -1.041740
 547.000000 0.545524 -1.003370
 548.000000 0.587581 -0.949309
 549.000000 0.623363 -0.940278
 550.000000 0.599091 -1.006540
 551.000000 0.549588 -0.945649
 552.000000 0.592365 -1.044888
 553.000000 0.590998 -0.955139
 554.000000 0.577499 -0.996796
 555.000000 0.686548 -0.945679
 556.000000 0.621110 -1.021161
 557.000000 0.598055 -1.079602
 558.000000 0.697799 -1.070833
 559.000000 0.587975 -1.093240
 560.000000 0.583015 -0.950635
 561.000000 0.622830 -1.027772
 562.000000 0.606960 -0.951486
 563.000000 0.668811 -1.036378
 564.000000 0.460111 -0.914755
 565.000000 0.607508 -1.026330
 566.000000 0.545480 -0.936826
 567.000000 0.664071 -1.046026
 568.000000 0.560699 -0.988782
 569.000000 0.615704 -0.971893
 570.000000 0.456928 -0.988031
 571.000000 0.600699 -1.035260
 572.000000 0.564852 -1.023692
 573.000000 0.627811 -1.017983
 574.000000 0.544489 -1.029520
 575.000000 0.578687 -0.962706
 576.000000 0.602630 -0.992661
 577.000000 0.612567 -1.012569
 578.000000 0.616013 -0.969721
 579.000000 0.678128 -0.975075
 580.000000 0.577035 -1.029463
 581.000000 0.612903 -0.910895
 582.000000 0.599210 -1.013216
 583.000000 0.616520 -0.921265
 584.000000 0.611722 -0.942563
 585.000000 0.574685 -0.924718
 586.000000 0.540007 -0.937786
 587.000000 0.711112 -0.939439
 588.000000 0.573335 -0.992913
 589.000000 0.640247 -0.979953
 590.000000 0.593094 -1.046309
 591.000000 0.663858 -1.064156
 592.000000 0.541565 -1.066936
 593.000000 0.564196 -0.978866
 594.000000 0.631139 -1.074112
 595.000000 0.621681 -1.018181
 596.000000 0.552858 -0.979671
 597.000000 0.588471 -1.069051
 598.000000 0.604798 -0.971353
 599.000000 0.660531 -0.960612
 600.000000 0.684432 -1.013815
 601.000000 0.687633 -1.047687
 602.000000 0.627114 -0.970601
 603.000000 0.631433 -1.072349
 604.000000 0.657673 -1.001569
 605.000000 0.614436 -1.003128
 606.000000 0.656187 -1.079556
 607.000000 0.690786 -0.984165
 608.000000 0.670396 -1.007212
 609.000000 0.607978 -1.043845
 610.000000 0.685223 -0.995782
 611.000000 0.621132 -1.008079
 612.000000 0.552917 -0.951157
 613.000000 0.616249 -1.027594
 614.000000 0.661188 -1.059699
 615.000000 0.730009 -0.989536
 616.000000 0.726158 -0.915806
 617.000000 0.645790 -0.907129
 618.000000 0.603568 -0.991868
 619.000000 0.672074 -1.027461
 620.000000 0.680086 -0.968249
 621.000000 0.640045 -1.023238
 622.000000 0.703323 -0.987698
 623.000000 0.626032 -1.054040
 624.000000 0.614633 -0.981660
 625.000000 0.598641 -1.053910
 626.000000 0.742346 -1.081222
 627.000000 0.778129 -1.105341
 628.000000 0.683383 -1.100238
 629.000000 0.704067 -1.048916
 630.000000 0.634209 -1.075008
 631.000000 0.690763 -1.088595
 632.000000 0.586755 -1.023865
 633.000000 0.619098 -1.103892
 634.000000 0.709115 -1.010680
 635.000000 0.698283 -1.113955
 636.000000 0.652937 -1.079597
 637.000000 0.631815 -1.090944
 638.000000 0.619287 -1.040774
 639.000000 0.579356 -1.043537
 640.000000 0.582889 -1.024387
 641.000000 0.640076 -1.105878
 642.000000 0.661252 -1.049601
 643.000000 0.548781 -1.049221
 644.000000 0.681349 -1.075910
 645.000000 0.595208 -1.063712
 646.000000 0.613384 -1.054559
 647.000000 0.650819 -1.146116
 648.000000 0.593681 -1.077838
 649.000000 0.564425 -1.094204
 650.000000 0.614643 -1.022970
 651.000000 0.560740 -1.040751
 652.000000 0.616792 -1.072462
 653.000000 0.571685 -0.974519
 654.000000 0.663574 -0.940277
 655.000000 0.659938 -1.034367
 656.000000 0.673790 -1.087460
 657.000000 0.697357 -0.979416
 658.000000 0.587415 -0.974788
 659.000000 0.618056 -0.946867
 660.000000 0.580581 -1.033390
 661.000000 0.622201 -0.945950
 662.000000 0.669850 -0.976638
 663.000000 0.691652 -1.076753
 664.000000 0.633385 -0.986460
 665.000000 0.699975 -1.031885
 666.000000 0.578578 -1.079093
 667.000000 0.681903 -1.080084
 668.000000 0.658485 -1.050879
 669.000000 0.662068 -1.054026
 670.000000 0.535874 -0.952283
 671.000000 0.595311 -1.001444
 672.000000 0.587065 -1.105064
 673.000000 0.581085 -1.004397
 674.000000 0.596599 -1.105966
 675.000000 0.634318 -1.082880
 676.000000 0.628012 -1.013020
 677.000000 0.642120 -1.022733
 678.000000 0.585093 -0.977906
 679.000000 0.672417 -1.042570
 680.000000 0.649180 -1.014896
 681.000000 0.708882 -0.964294
 682.000000 0.637767 -1.063094
 683.000000 0.628308 -0.997164
 684.000000 0.629763 -0.975626
 685.000000 0.551013 -1.132617
 686.000000 0.591660 -1.109634
 687.000000 0.626228 -1.003022
 688.000000 0.583340 -0.989249
 689.000000 0.519086 -1.052545
 690.000000 0.596668 -0.982787
 691.000000 0.553337 -1.075056
 692.000000 0.561836 -0.985086
 693.000000 0.576801 -1.005620
 694.000000 0.551207 -1.002449
 695.000000 0.583560 -0.974642
 696.000000 0.591506 -0.963126
 697.000000 0.683866 -1.029081
 698.000000 0.553442 -1.061965
 699.000000 0.546721 -0.995806
 700.000000 0.530129 -0.991986
 701.000000 0.602380 -1.066841
 702.000000 0.583705 -1.043645
 703.000000 0.594617 -1.019541
 704.000000 0.610841 -1.000626
 705.000000 0.713959 -1.018826
 706.000000 0.728597 -1.079935
 707.000000 0.618126 -1.080881
 708.000000 0.582611 -1.032244
 709.000000 0.621110 -0.976743
 710.000000 0.632159 -1.026746
 711.000000 0.608276 -1.071293
 712.000000 0.587539 -1.111393
 713.000000 0.618666 -1.019942
 714.000000 0.583573 -1.037223
 715.000000 0.620145 -1.128629
 716.000000 0.588439 -1.083277
 717.000000 0.584107 -1.119715
 718.000000 0.626287 -0.977280
 719.000000 0.679615 -0.997514
 720.000000 0.647551 -1.078170
 721.000000 0.619441 -0.990249
 722.000000 0.589856 -0.942837
 723.000000 0.527251 -0.986627
 724.000000 0.654510 -1.022428
 725.000000 0.563367 -0.967684
 726.000000 0.575967 -1.054278
 727.000000 0.591712 -1.047996
 728.000000 0.620421 -1.035088
 729.000000 0.585280 -1.024271
 730.000000 0.613026 -1.013516
 731.000000 0.681441 -0.985932
 732.000000 0.580499 -0.979935
 733.000000 0.661884 -1.039348
 734.000000 0.736094 -1.020805
 735.000000 0.713400 -0.937016
 736.000000 0.576074 -0.999771
 737.000000 0.644686 -1.073128
 738.000000 0.633571 -1.055583
 739.000000 0.590507 -1.019087
 740.000000 0.565042 -1.081810
 741.000000 0.575666 -1.077966
 742.000000 0.586533 -1.027422
 743.000000 0.681824 -0.944752
 744.000000 0.617143 -0.985157
 745.000000 0.629238 -1.048646
 746.000000 0.571348 -1.009910
 747.000000 0.682557 -1.046273
 748.000000 0.670097 -0.998537
 749.000000 0.652934 -1.016206
 750.000000 0.630230 -1.054079
 751.000000 0.624432 -1.045593
 752.000000 0.613994 -1.016777
 753.000000 0.632699 -1.055751
 754.000000 0.672790 -1.079131
 755.000000 0.624751 -1.030287
 756.000000 0.658983 -1.052485
 757.000000 0.585813 -1.132783
 758.000000 0.619283 -0.980598
 759.000000 0.714694 -1.081933
 760.000000 0.686232 -1.029284
 761.000000 0.623271 -1.035289
 762.000000 0.625136 -1.006736
 763.000000 0.657620 -1.032777
 764.000000 0.634948 -1.011625
 765.000000 0.774095 -1.110389
 766.000000 0.672907 -1.055218
 767.000000 0.595253 -1.022795
 768.000000 0.623827 -1.038247
 769.000000 0.607526 -1.081161
 770.000000 0.587551 -1.076138
 771.000000 0.574444 -1.179478
 772.000000 0.593940 -1.131353
 773.000000 0.609116 -1.052341
 774.000000 0.646800 -0.986748
 775.000000 0.620476 -0.967458
 776.000000 0.631800 -0.965363
 777.000000 0.563215 -1.084376
 778.000000 0.583562 -1.006241
 779.000000 0.618616 -1.078158
 780.000000 0.627327 -1.092986
 781.000000 0.615636 -1.100104
 782.000000 0.660885 -1.160756
 783.000000 0.549729 -1.145276
 784.000000 0.602279 -1.180158
 785.000000 0.672416 -1.178466
 786.000000 0.660569 -1.125218
 787.000000 0.619872 -1.082854
 788.000000 0.565024 -1.129190
 789.000000 0.689317 -1.171541
 790.000000 0.644986 -1.091324
 791.000000 0.740374 -1.110083
 792.000000 0.595138 -1.074777
 793.000000 0.595133 -1.055801
 794.000000 0.683776 -1.090684
 795.000000 0.650845 -1.047618
 796.000000 0.652021 -1.043578
 797.000000 0.569673 -1.077386
 798.000000 0.585155 -1.028693
 799.000000 0.618380 -1.033563
 800.000000 0.745797 -1.037747
 801.000000 0.632500 -1.072123
 802.000000 0.687120 -1.087364
 803.000000 0.642226 -1.099519
 804.000000 0.611544 -1.133680
 805.000000 0.632012 -1.065588
 806.000000 0.643805 -1.090059
 807.000000 0.741720 -1.093146
 808.000000 0.607201 -1.024663
 809.000000 0.608750 -1.103043
 810.000000 0.641444 -1.053559
 811.000000 0.575384 -0.988824
 812.000000 0.624072 -1.031382
 813.000000 0.691233 -1.041668
 814.000000 0.693801 -1.104984
 815.000000 0.693343 -1.068510
 816.000000 0.721203 -1.090345
 817.000000 0.613551 -1.083290
 818.000000 0.717472 -1.100388
 819.000000 0.633148 -1.044662
 820.000000 0.663865 -1.157785
 821.000000 0.728553 -1.055458
 822.000000 0.669548 -1.094749
 823.000000 0.667014 -1.060951
 824.000000 0.727095 -1.140028
 825.000000 0.658168 -1.048905
 826.000000 0.691980 -1.063169
 827.000000 0.699663 -0.989874
 828.000000 0.678073 -1.077880
 829.000000 0.711832 -1.044915
 830.000000 0.660322 -0.983004
 831.000000 0.642378 -1.102083
 832.000000 0.698959 -1.097564
 833.000000 0.591293 -1.076593
 834.000000 0.770579 -1.051529
 835.000000 0.677614 -1.058585
 836.000000 0.737721 -1.068369
 837.000000 0.645443 -1.096193
 838.000000 0.592494 -1.098260
 839.000000 0.627351 -1.063884
 840.000000 0.637791 -1.030568
 841.000000 0.672044 -1.041184
 842.000000 0.624331 -0.970703
 843.000000 0.751410 -0.973231
 844.000000 0.602462 -1.062945
 845.000000 0.618745 -0.997547
 846.000000 0.679591 -1.026718
 847.000000 0.660687 -1.021303
 848.000000 0.650637 -1.129640
 849.000000 0.706731 -1.111436
 850.000000 0.574057 -1.086292
 851.000000 0.656125 -1.043491
 852.000000 0.754720 -1.119696
 853.000000 0.667534 -1.065758
 854.000000 0.677676 -1.141306
 855.000000 0.646838 -1.075345
 856.000000 0.663761 -1.130765
 857.000000 0.611664 -1.026829
 858.000000 0.640333 -1.130283
 859.000000 0.778465 -1.003323
 860.000000 0.530516 -1.082566
 861.000000 0.647013 -1.135305
 862.000000 0.544130 -1.002700
 863.000000 0.589769 -1.027315
 864.000000 0.611950 -1.124572
 865.000000 0.544520 -1.057884
 866.000000 0.702681 -1.030041
 867.000000 0.634861 -1.049085
 868.000000 0.676153 -1.011257
 869.000000 0.746376 -1.032660
 870.000000 0.579158 -1.038966
 871.000000 0.566497 -1.074738
 872.000000 0.678433 -1.059109
 873.000000 0.635971 -0.995544
 874.000000 0.680638 -1.053458
 875.000000 0.758338 -1.054398
 876.000000 0.658087 -1.090047
 877.000000 0.644639 -1.069042
 878.000000 0.598433 -1.050672
 879.000000 0.676012 -1.022416
 880.000000 0.633118 -0.991462
 881.000000 0.588475 -1.021432
 882.000000 0.600343 -1.001054
 883.000000 0.655615 -1.073550
 884.000000 0.640989 -1.060566
 885.000000 0.615145 -1.063910
 886.000000 0.617384 -1.050374
 887.000000 0.542755 -1.057204
 888.000000 0.668463 -1.078082
 889.000000 0.583608 -1.063868
 890.000000 0.594925 -1.048894
 891.000000 0.690844 -1.015775
 892.000000 0.729236 -0.973613
 893.000000 0.677374 -0.996041
 894.000000 0.690174 -0.997165
 895.000000 0.701959 -1.063358
 896.000000 0.630375 -1.001804
 897.000000 0.661276 -1.045354
 898.000000 0.709119 -1.068461
 899.000000 0.693801 -1.007130
 900.000000 0.709312 -1.100817
 901.000000 0.564076 -1.005355
 902.000000 0.695780 -0.995396
 903.000000 0.658613 -1.005050
 904.000000 0.685729 -0.991825
 905.000000 0.634995 -1.060705
 906.000000 0.672815 -1.028776
 907.000000 0.658556 -1.025625
 908.000000 0.671126 -1.002865
 909.000000 0.685786 -1.069807
 910.000000 0.599044 -1.036950
 911.000000 0.701286 -1.081962
 912.000000 0.587232 -0.975685
 913.000000 0.585131 -1.026040
 914.000000 0.668790 -1.054445
 915.000000 0.695568 -1.026868
 916.000000 0.703796 -0.976552
 917.000000 0.699520 -0.963776
 918.000000 0.673651 -0.891075
 919.000000 0.632503 -0.984896
 920.000000 0.650899 -1.046242
 921.000000 0.614110 -1.007811
 922.000000 0.654754 -0.963462
 923.000000 0.626176 -0.978910
 924.000000 0.698439 -0.920914
 925.000000 0.620497 -1.033803
 926.000000 0.636462 -1.019675
 927.000000 0.635884 -1.027850
 928.000000 0.666895 -0.956734
 929.000000 0.678790 -0.977837
 930.000000 0.694900 -1.033538
 931.000000 0.629672 -1.054086
 932.000000 0.716569 -1.100438
 933.000000 0.681682 -1.055342
 934.000000 0.639402 -1.065034
 935.000000 0.681517 -1.056081
 936.000000 0.640429 -1.058583
 937.000000 0.613503 -1.022443
 938.000000 0.643210 -1.089792
 939.000000 0.606439 -1.052306
 940.000000 0.655864 -1.079379
 941.000000 0.719804 -0.976620
 942.000000 0.667592 -1.043345
 943.000000 0.572866 -1.078709
 944.000000 0.595162 -1.022827
 945.000000 0.619434 -1.075414
 946.000000 0.608025 -1.067945
 947.000000 0.699110 -0.981627
 948.000000 0.607991 -1.048088
 949.000000 0.657580 -1.102181
 950.000000 0.673021 -1.082617
 951.000000 0.582950 -1.077842
 952.000000 0.735197 -1.072589
 953.000000 0.636799 -0.953094
 954.000000 0.630262 -1.012047
 955.000000 0.563481 -1.063681
 956.000000 0.653976 -1.021235
 957.000000 0.599027 -1.077852
 958.000000 0.595392 -1.018405
 959.000000 0.613675 -1.095497
 960.000000 0.703380 -1.042427
 961.000000 0.664163 -1.125710
 962.000000 0.610741 -1.015374
 963.000000 0.533385 -1.045102
 964.000000 0.733028 -1.023433
 965.000000 0.646273 -0.967259
 966.000000 0.634400 -1.043071
 967.000000 0.624277 -1.099880
 968.000000 0.658055 -1.067070
 969.000000 0.656517 -1.081014
 970.000000 0.604400 -1.024463
 971.000000 0.651588 -1.034707
 972.000000 0.633376 -1.019455
 973.000000 0.631882 -1.024812
 974.000000 0.645347 -1.075161
 975.000000 0.583655 -1.059528
 976.000000 0.639137 -1.043833
 977.000000 0.603579 -1.156835
 978.000000 0.623156 -1.139218
 979.000000 0.562959 -1.070559
 980.000000 0.637416 -1.034264
 981.000000 0.576403 -1.086848
 982.000000 0.528126 -1.059081
 983.000000 0.654707 -1.040974
 984.000000 0.600651 -1.060022
 985.000000 0.614832 -1.100192
 986.000000 0.618277 -1.011378
 987.000000 0.640400 -0.935476
 988.000000 0.611063 -1.095455
 989.000000 0.602892 -0.984288
 990.000000 0.502785 -1.141996
 991.000000 0.554625 -1.137151
 992.000000 0.629075 -1.045175
 993.000000 0.608857 -1.062113
 994.000000 0.658117 -1.072855
 995.000000 0.573461 -1.082103
 996.000000 0.582247 -0.973043
 997.000000 0.573141 -1.090718
 998.000000 0.581909 -1.091479
 999.000000 0.670157 -1.045479
 1000.000000 0.609068 -1.050921
 1001.000000 0.600957 -1.052503
 1002.000000 0.532281 -1.069027
 1003.000000 0.584472 -0.992831
 1004.000000 0.649642 -1.113137
 1005.000000 0.577150 -1.068505
 1006.000000 0.666343 -1.090128
 1007.000000 0.647043 -1.036330
 1008.000000 0.609284 -1.088328
 1009.000000 0.579646 -1.069029
 1010.000000 0.597014 -1.090649
 1011.000000 0.608622 -1.068505
 1012.000000 0.601494 -0.957657
 1013.000000 0.673765 -0.998043
 1014.000000 0.639433 -1.039937
 1015.000000 0.653098 -1.037567
 1016.000000 0.557382 -1.062268
 1017.000000 0.613960 -1.180091
 1018.000000 0.571608 -1.001887
 1019.000000 0.585856 -1.018874
 1020.000000 0.592024 -1.065895
 1021.000000 0.628252 -1.010077
 1022.000000 0.622552 -1.117225
 1023.000000 0.588206 -1.031631
 1024.000000 0.620893 -1.178712
 1025.000000 0.585071 -1.028844
 1026.000000 0.628079 -1.060086
 1027.000000 0.589870 -1.015674
 1028.000000 0.600989 -0.964324
 1029.000000 0.634540 -1.094540
 1030.000000 0.587517 -0.995837
 1031.000000 0.578689 -1.044404
 1032.000000 0.604023 -1.006016
 1033.000000 0.607575 -0.921499
 1034.000000 0.563105 -1.000582
 1035.000000 0.627763 -1.124719
 1036.000000 0.638052 -1.044040
 1037.000000 0.587392 -1.017401
 1038.000000 0.599537 -1.059084
 1039.000000 0.586606 -1.021797
 1040.000000 0.575579 -0.975655
 1041.000000 0.637990 -0.979462
 1042.000000 0.554128 -1.105427
 1043.000000 0.627919 -0.969431
 1044.000000 0.668929 -1.037944
 1045.000000 0.665499 -0.970406
 1046.000000 0.646664 -1.008062
 1047.000000 0.664047 -1.018114
 1048.000000 0.667185 -1.064579
 1049.000000 0.708404 -0.972513
 1050.000000 0.633023 -1.057302
 1051.000000 0.605491 -1.051205
 1052.000000 0.602854 -1.023368
 1053.000000 0.589176 -1.087613
 1054.000000 0.539501 -0.982339
 1055.000000 0.633438 -1.021463
 1056.000000 0.565595 -1.055210
 1057.000000 0.613257 -1.049643
 1058.000000 0.548997 -1.077341
 1059.000000 0.589325 -1.092417
 1060.000000 0.517967 -1.020075
 1061.000000 0.580113 -0.975323
 1062.000000 0.579530 -0.913985
 1063.000000 0.597947 -1.048299
 1064.000000 0.653305 -1.056289
 1065.000000 0.620870 -0.970422
 1066.000000 0.642295 -0.958493
 1067.000000 0.695044 -0.926622
 1068.000000 0.661363 -0.980928
 1069.000000 0.585841 -0.948202
 1070.000000 0.561270 -1.095338
 1071.000000 0.636259 -1.132143
 1072.000000 0.625238 -1.065713
 1073.000000 0.586374 -1.048670
 1074.000000 0.623038 -1.051662
 1075.000000 0.662504 -1.087559
 1076.000000 0.586249 -1.051196
 1077.000000 0.570152 -0.980585
 1078.000000 0.560892 -1.073571
 1079.000000 0.681402 -1.024233
 1080.000000 0.593356 -0.967920
 1081.000000 0.605886 -0.977300
 1082.000000 0.607453 -1.058177
 1083.000000 0.648356 -1.023545
 1084.000000 0.552245 -1.098552
 1085.000000 0.588765 -1.036063
 1086.000000 0.634018 -1.039962
 1087.000000 0.656541 -1.019712
 1088.000000 0.777925 -0.986522
 1089.000000 0.518213 -1.051698
 1090.000000 0.709270 -0.945605
 1091.000000 0.659317 -1.152022
 1092.000000 0.667474 -1.059425
 1093.000000 0.651988 -1.030697
 1094.000000 0.649472 -1.082986
 1095.000000 0.717766 -1.013478
 1096.000000 0.707731 -1.088682
 1097.000000 0.646018 -1.008564
 1098.000000 0.611438 -1.012670
 1099.000000 0.691626 -1.019126
 1100.000000 0.598494 -1.068216
 1101.000000 0.699941 -1.063215
 1102.000000 0.628287 -1.031228
 1103.000000 0.727078 -0.972952
 1104.000000 0.670596 -1.078376
 1105.000000 0.698287 -1.030510
 1106.000000 0.802874 -1.085660
 1107.000000 0.629891 -0.979159
 1108.000000 0.669214 -1.057443
 1109.000000 0.739100 -1.007704
 1110.000000 0.759983 -0.948542
 1111.000000 0.712657 -0.983758
 1112.000000 0.638351 -1.033658
 1113.000000 0.672823 -1.032244
 1114.000000 0.640731 -1.104925
 1115.000000 0.644365 -1.088460
 1116.000000 0.614584 -1.023981
 1117.000000 0.611160 -1.073558
 1118.000000 0.704664 -1.046190
 1119.000000 0.591692 -1.100650
 1120.000000 0.648234 -1.064816
 1121.000000 0.715537 -0.997813
 1122.000000 0.677655 -0.985508
 1123.000000 0.650908 -0.933543
 1124.000000 0.596719 -0.999496
 1125.000000 0.573508 -0.989205
 1126.000000 0.572153 -0.929957
 1127.000000 0.665724 -1.023307
 1128.000000 0.596280 -1.107811
 1129.000000 0.542319 -1.139579
 1130.000000 0.537116 -0.979805
 1131.000000 0.590949 -0.951299
 1132.000000 0.696251 -0.974444
 1133.000000 0.686613 -0.986139
 1134.000000 0.494412 -1.099037
 1135.000000 0.690317 -1.062056
 1136.000000 0.615580 -0.956034
 1137.000000 0.527225 -0.954388
 1138.000000 0.587963 -0.914107
 1139.000000 0.558241 -0.996013
 1140.000000 0.589925 -1.001739
 1141.000000 0.666425 -1.005768
 1142.000000 0.617531 -1.007413
 1143.000000 0.614002 -0.990241
 1144.000000 0.544848 -1.044808
 1145.000000 0.571031 -1.026324
 1146.000000 0.580316 -0.984865
 1147.000000 0.516678 -1.089135
 1148.000000 0.564010 -1.027286
 1149.000000 0.584130 -1.066469
 1150.000000 0.641575 -1.036980
 1151.000000 0.573762 -1.005302
 1152.000000 0.566674 -1.026364
 1153.000000 0.622544 -1.056663
 1154.000000 0.667056 -0.937218
 1155.000000 0.558924 -0.967019
 1156.000000 0.624201 -0.951070
 1157.000000 0.627015 -1.021491
 1158.000000 0.630963 -1.052386
 1159.000000 0.596527 -1.014921
 1160.000000 0.553534 -0.981683
 1161.000000 0.622604 -0.978226
 1162.000000 0.577219 -1.027119
 1163.000000 0.628870 -0.933971
 1164.000000 0.611973 -1.000244
 1165.000000 0.527080 -0.973922
 1166.000000 0.573445 -0.967802
 1167.000000 0.602431 -0.974087
 1168.000000 0.573486 -0.985486
 1169.000000 0.649018 -0.991805
 1170.000000 0.563358 -1.074795
 1171.000000 0.601873 -1.038067
 1172.000000 0.579693 -1.015467
 1173.000000 0.610291 -1.043047
 1174.000000 0.623016 -1.027027
 1175.000000 0.682844 -0.993920
 1176.000000 0.636154 -0.923516
 1177.000000 0.591558 -1.006949
 1178.000000 0.689995 -0.991939
 1179.000000 0.567803 -1.051522
 1180.000000 0.594151 -1.033240
 1181.000000 0.717274 -1.027710
 1182.000000 0.584949 -0.962680
 1183.000000 0.574678 -0.981114
 1184.000000 0.534036 -1.095330
 1185.000000 0.524215 -0.992721
 1186.000000 0.668235 -1.020313
 1187.000000 0.670791 -1.089077
 1188.000000 0.627379 -1.099053
 1189.000000 0.631007 -1.117981
 1190.000000 0.650676 -0.965625
 1191.000000 0.552517 -0.976422
 1192.000000 0.607080 -0.899265
 1193.000000 0.682487 -0.914963
 1194.000000 0.541339 -0.890483
 1195.000000 0.629039 -0.950543
 1196.000000 0.622996 -1.098669
 1197.000000 0.696442 -1.095473
 1198.000000 0.593780 -0.945732
 1199.000000 0.574797 -1.189356
 1200.000000 0.566049 -1.151268
 1201.000000 0.596846 -1.050340
 1202.000000 0.561446 -1.046015
 1203.000000 0.632027 -1.088529
 1204.000000 0.607624 -1.042452
 1205.000000 0.683148 -1.035974
 1206.000000 0.608449 -1.023126
 1207.000000 0.582830 -1.059112
 1208.000000 0.541466 -0.953310
 1209.000000 0.606529 -1.043785
 1210.000000 0.587042 -0.966647
 1211.000000 0.621410 -0.995723
 1212.000000 0.688143 -1.032515
 1213.000000 0.582912 -0.933915
 1214.000000 0.695127 -1.013238
 1215.000000 0.642491 -1.001317
 1216.000000 0.640361 -1.012887
 1217.000000 0.630705 -1.077072
 1218.000000 0.545579 -1.083595
 1219.000000 0.675581 -0.983035
 1220.000000 0.597006 -0.994319
 1221.000000 0.649493 -1.024032
 1222.000000 0.528519 -0.991971
 1223.000000 0.554456 -1.017317
 1224.000000 0.609076 -1.105612
 1225.000000 0.633838 -1.091940
 1226.000000 0.602282 -1.052057
 1227.000000 0.555177 -0.980704
 1228.000000 0.632954 -1.138185
 1229.000000 0.539846 -1.061451
 1230.000000 0.626441 -1.069094
 1231.000000 0.616407 -1.099487
 1232.000000 0.602486 -1.057200
 1233.000000 0.587778 -1.078330
 1234.000000 0.654777 -1.048635
 1235.000000 0.624070 -1.043755
 1236.000000 0.698352 -1.012021
 1237.000000 0.628824 -0.937751
 1238.000000 0.612745 -0.952057
 1239.000000 0.601144 -1.064306
 1240.000000 0.629713 -1.039837
 1241.000000 0.688804 -1.048908
 1242.000000 0.526526 -0.976569
 1243.000000 0.684550 -1.028940
 1244.000000 0.566690 -1.062075
 1245.000000 0.627871 -1.002544
 1246.000000 0.619305 -1.109726
 1247.000000 0.571343 -0.955728
 1248.000000 0.611657 -0.930284
 1249.000000 0.666648 -1.001923
 1250.000000 0.604693 -0.974272
 1251.000000 0.573944 -1.062613
 1252.000000 0.565869 -1.018011
 1253.000000 0.565768 -1.107740
 1254.000000 0.662123 -1.070258
 1255.000000 0.636599 -1.023845
 1256.000000 0.635538 -1.053202
 1257.000000 0.605293 -1.049910
 1258.000000 0.542311 -1.078696
 1259.000000 0.598574 -1.142000
 1260.000000 0.636118 -1.100971
 1261.000000 0.631951 -1.104078
 1262.000000 0.589804 -1.117554
 1263.000000 0.632816 -1.075477
 1264.000000 0.623076 -1.159581
 1265.000000 0.554838 -1.092681
 1266.000000 0.525390 -1.034723
 1267.000000 0.523002 -1.083571
 1268.000000 0.526175 -1.106457
 1269.000000 0.583257 -1.046355
 1270.000000 0.599947 -1.102459
 1271.000000 0.621446 -0.988974
 1272.000000 0.664766 -1.012746
 1273.000000 0.569675 -1.039858
 1274.000000 0.581513 -1.027326
 1275.000000 0.617347 -0.985130
 1276.000000 0.677438 -1.104207
 1277.000000 0.564764 -1.096093
 1278.000000 0.537900 -1.068415
 1279.000000 0.634879 -1.156544
 1280.000000 0.629933 -1.127282
 1281.000000 0.546229 -1.070100
 1282.000000 0.601641 -1.049801
 1283.000000 0.667488 -1.057816
 1284.000000 0.607177 -1.021400
 1285.000000 0.629500 -1.077400
 1286.000000 0.629367 -0.954278
 1287.000000 0.625844 -0.978057
 1288.000000 0.711490 -0.981409
 1289.000000 0.635325 -1.140868
 1290.000000 0.590561 -1.121522
 1291.000000 0.634802 -1.087400
 1292.000000 0.637324 -1.082268
 1293.000000 0.588101 -1.076394
 1294.000000 0.538162 -1.070311
 1295.000000 0.639312 -1.102248
 1296.000000 0.647263 -1.089512
 1297.000000 0.756389 -1.091742
 1298.000000 0.596003 -0.997186
 1299.000000 0.689274 -1.027771
 1300.000000 0.630038 -0.993577
 1301.000000 0.565230 -1.069897
 1302.000000 0.545582 -1.083159
 1303.000000 0.635352 -1.054423
 1304.000000 0.662745 -1.056269
 1305.000000 0.599297 -0.964079
 1306.000000 0.599059 -1.114827
 1307.000000 0.614593 -1.038872
 1308.000000 0.619216 -0.997114
 1309.000000 0.634584 -1.086511
 1310.000000 0.552430 -1.014246
 1311.000000 0.639777 -1.108620
 1312.000000 0.542793 -1.112994
 1313.000000 0.550185 -1.083652
 1314.000000 0.610239 -1.014533
 1315.000000 0.604504 -1.024003
 1316.000000 0.512477 -1.048917
 1317.000000 0.681184 -1.080785
 1318.000000 0.614233 -1.053700
 1319.000000 0.601029 -1.046097
 1320.000000 0.566185 -0.938834
 1321.000000 0.605767 -1.068523
 1322.000000 0.499743 -0.948976
 1323.000000 0.571829 -1.042007
 1324.000000 0.600563 -1.012220
 1325.000000 0.670955 -0.929017
 1326.000000 0.572432 -1.023059
 1327.000000 0.674766 -0.984700
 1328.000000 0.660861 -1.027977
 1329.000000 0.681337 -0.923758
 1330.000000 0.611390 -0.984190
 1331.000000 0.588813 -0.923328
 1332.000000 0.696551 -0.992809
 1333.000000 0.525802 -1.004780
 1334.000000 0.624297 -0.963841
 1335.000000 0.638390 -0.967430
 1336.000000 0.662575 -1.024257
 1337.000000 0.607475 -1.052339
 1338.000000 0.567424 -1.052760
 1339.000000 0.570181 -0.980161
 1340.000000 0.625753 -0.954025
 1341.000000 0.556567 -1.049760
 1342.000000 0.599571 -1.098937
 1343.000000 0.678178 -0.954219
 1344.000000 0.570902 -1.062279
 1345.000000 0.605865 -1.057558
 1346.000000 0.661377 -1.009713
 1347.000000 0.649252 -0.953723
 1348.000000 0.552874 -0.967908
 1349.000000 0.572134 -1.060158
 1350.000000 0.558235 -0.967309
 1351.000000 0.617842 -1.044902
 1352.000000 0.650395 -1.000868
 1353.000000 0.680432 -1.050010
 1354.000000 0.639699 -1.039205
 1355.000000 0.662319 -1.001312
 1356.000000 0.639493 -1.049169
 1357.000000 0.661293 -1.032505
 1358.000000 0.589923 -1.080528
 1359.000000 0.602413 -1.117441
 1360.000000 0.546151 -1.096681
 1361.000000 0.527114 -0.993538
 1362.000000 0.625144 -1.012588
 1363.000000 0.679395 -1.036992
 1364.000000 0.600389 -1.048982
 1365.000000 0.630144 -1.084254
 1366.000000 0.588316 -1.039537
 1367.000000 0.654196 -1.050480
 1368.000000 0.606795 -1.007025
 1369.000000 0.582654 -0.971392
 1370.000000 0.609706 -1.015793
 1371.000000 0.614900 -0.927090
 1372.000000 0.659878 -1.003334
 1373.000000 0.624795 -0.979913
 1374.000000 0.590471 -1.021308
 1375.000000 0.599532 -0.968217
 1376.000000 0.627926 -1.027437
 1377.000000 0.612155 -0.990055
 1378.000000 0.514889 -0.994651
 1379.000000 0.634994 -0.960217
 1380.000000 0.644753 -1.069373
 1381.000000 0.627211 -1.030865
 1382.000000 0.623326 -0.958607
 1383.000000 0.604786 -1.111663
 1384.000000 0.658603 -1.080426
 1385.000000 0.578776 -0.979214
 1386.000000 0.606568 -1.081879
 1387.000000 0.601384 -1.014815
 1388.000000 0.624572 -0.998821
 1389.000000 0.500458 -0.979514
 1390.000000 0.682637 -1.051575
 1391.000000 0.619394 -1.001898
 1392.000000 0.692309 -0.921147
 1393.000000 0.592602 -1.016126
 1394.000000 0.529347 -1.078132
 1395.000000 0.638543 -1.050376
 1396.000000 0.553154 -1.054413
 1397.000000 0.628895 -0.960040
 1398.000000 0.504745 -0.992422
 1399.000000 0.596683 -0.998948
 1400.000000 0.564399 -0.982712
 1401.000000 0.628584 -0.975183
 1402.000000 0.592208 -1.070520
 1403.000000 0.572004 -0.980327
 1404.000000 0.616222 -1.035456
 1405.000000 0.630489 -1.014362
 1406.000000 0.597147 -1.031953
 1407.000000 0.595396 -1.120148
 1408.000000 0.601364 -1.068826
 1409.000000 0.591152 -1.020870
 1410.000000 0.595329 -1.140923
 1411.000000 0.657251 -1.078804
 1412.000000 0.543584 -1.128184
 1413.000000 0.627426 -1.084573
 1414.000000 0.656532 -0.976814
 1415.000000 0.585722 -1.124547
 1416.000000 0.635466 -1.077421
 1417.000000 0.602315 -1.082771
 1418.000000 0.529431 -0.996667
 1419.000000 0.565254 -1.048428
 1420.000000 0.658379 -1.010108
 1421.000000 0.625887 -1.046443
 1422.000000 0.642044 -1.056615
 1423.000000 0.559748 -1.000781
 1424.000000 0.632286 -1.141909
 1425.000000 0.624193 -1.040731
 1426.000000 0.610115 -0.971220
 1427.000000 0.604660 -1.002769
 1428.000000 0.612432 -1.045266
 1429.000000 0.703340 -1.019640
 1430.000000 0.611183 -1.010165
 1431.000000 0.703404 -0.989311
 1432.000000 0.613676 -1.060307
 1433.000000 0.561195 -0.995449
 1434.000000 0.593770 -1.005636
 1435.000000 0.660997 -0.980774
 1436.000000 0.718088 -1.004069
 1437.000000 0.643481 -1.001901
 1438.000000 0.657449 -0.997642
 1439.000000 0.670826 -1.022705
 1440.000000 0.657278 -0.995200
 1441.000000 0.627224 -1.033412
 1442.000000 0.615623 -1.011006
 1443.000000 0.653242 -1.018436
 1444.000000 0.659787 -1.059129
 1445.000000 0.606858 -1.013741
 1446.000000 0.746421 -1.028372
 1447.000000 0.518849 -1.004437
 1448.000000 0.590966 -1.045263
 1449.000000 0.564413 -1.138133
 1450.000000 0.565163 -1.151538
 1451.000000 0.598826 -0.970761
 1452.000000 0.644556 -1.034304
 1453.000000 0.510758 -1.002560
 1454.000000 0.671835 -1.098282
 1455.000000 0.598140 -1.088338
 1456.000000 0.576376 -1.013187
 1457.000000 0.615486 -1.033753
 1458.000000 0.607328 -1.087573
 1459.000000 0.622285 -1.073689
 1460.000000 0.593799 -1.121043
 1461.000000 0.700802 -1.136211
 1462.000000 0.558504 -1.096534
 1463.000000 0.555653 -1.058559
 1464.000000 0.504701 -1.008967
 1465.000000 0.673925 -1.041464
 1466.000000 0.595753 -1.044731
 1467.000000 0.600267 -1.053370
 1468.000000 0.524057 -1.052143
 1469.000000 0.570891 -1.073131
 1470.000000 0.613650 -1.051491
 1471.000000 0.623896 -1.063078
 1472.000000 0.657973 -1.016228
 1473.000000 0.645815 -1.028071
 1474.000000 0.677319 -1.098876
 1475.000000 0.577628 -1.062979
 1476.000000 0.648901 -1.045822
 1477.000000 0.630292 -1.000260
 1478.000000 0.570848 -1.081787
 1479.000000 0.585838 -1.066298
 1480.000000 0.600429 -1.033915
 1481.000000 0.632840 -1.116888
 1482.000000 0.623136 -1.067813
 1483.000000 0.627473 -1.081485
 1484.000000 0.600736 -1.071345
 1485.000000 0.613135 -0.989562
 1486.000000 0.741417 -1.021671
 1487.000000 0.589692 -1.040575
 1488.000000 0.626784 -1.007098
 1489.000000 0.681230 -1.005073
 1490.000000 0.606149 -1.004057
 1491.000000 0.648552 -1.026365
 1492.000000 0.546644 -1.023772
 1493.000000 0.542993 -0.966665
 1494.000000 0.683917 -1.026228
 1495.000000 0.591217 -0.970313
 1496.000000 0.689819 -0.987531
 1497.000000 0.648297 -1.010273
 1498.000000 0.647407 -1.059611
 1499.000000 0.566251 -1.116237
 1500.000000 0.584151 -0.979489
 1501.000000 0.644060 -0.949679
 1502.000000 0.583786 -1.009611
 1503.000000 0.632768 -1.019533
 1504.000000 0.684653 -0.936167
 1505.000000 0.635293 -0.935750
 1506.000000 0.645233 -1.051061
 1507.000000 0.675392 -1.043141
 1508.000000 0.685483 -1.011738
 1509.000000 0.736787 -0.976976
 1510.000000 0.597886 -0.961342
 1511.000000 0.652252 -1.001827
 1512.000000 0.677983 -0.988780
 1513.000000 0.574259 -0.979846
 1514.000000 0.614262 -0.946387
 1515.000000 0.666080 -0.944976
 1516.000000 0.605390 -1.062812
 1517.000000 0.672243 -0.918343
 1518.000000 0.683228 -0.930225
 1519.000000 0.680141 -0.961250
 1520.000000 0.631972 -0.976209
 1521.000000 0.644914 -0.995170
 1522.000000 0.582146 -0.998349
 1523.000000 0.683871 -0.871623
 1524.000000 0.715430 -0.987587
 1525.000000 0.660248 -1.013292
 1526.000000 0.649835 -0.996672
 1527.000000 0.648274 -0.923276
 1528.000000 0.606817 -1.006162
 1529.000000 0.606758 -0.943780
 1530.000000 0.701864 -0.995012
 1531.000000 0.731915 -1.064833
 1532.000000 0.570097 -0.973104
 1533.000000 0.573793 -1.013087
 1534.000000 0.675277 -1.079908
 1535.000000 0.571743 -1.089838
 1536.000000 0.560093 -1.063410
 1537.000000 0.688658 -0.975064
 1538.000000 0.640108 -0.964839
 1539.000000 0.606230 -1.006584
 1540.000000 0.658049 -1.007966
 1541.000000 0.661763 -0.980945
 1542.000000 0.752989 -1.042189
 1543.000000 0.604269 -1.014468
 1544.000000 0.596502 -0.960312
 1545.000000 0.635365 -0.972737
 1546.000000 0.609374 -0.984699
 1547.000000 0.661728 -0.943965
 1548.000000 0.607092 -1.057920
 1549.000000 0.624521 -1.014902
 1550.000000 0.689044 -0.992344
 1551.000000 0.601673 -1.036385
 1552.000000 0.689049 -1.078230
 1553.000000 0.649584 -1.034680
 1554.000000 0.694819 -1.051370
 1555.000000 0.576104 -1.006562
 1556.000000 0.592801 -1.006445
 1557.000000 0.649692 -1.059704
 1558.000000 0.572808 -1.017014
 1559.000000 0.600996 -1.066313
 1560.000000 0.609966 -1.065497
 1561.000000 0.610949 -1.067406
 1562.000000 0.722111 -1.025151
 1563.000000 0.632695 -1.071916
 1564.000000 0.638745 -1.068045
 1565.000000 0.645946 -0.942545
 1566.000000 0.565986 -1.008892
 1567.000000 0.556057 -1.024279
 1568.000000 0.584734 -0.995237
 1569.000000 0.619895 -1.086417
 1570.000000 0.585814 -0.978469
 1571.000000 0.598980 -1.061862
 1572.000000 0.651050 -1.028317
 1573.000000 0.674437 -1.001813
 1574.000000 0.581279 -1.076675
 1575.000000 0.579151 -0.984256
 1576.000000 0.513253 -1.031186
 1577.000000 0.589591 -1.057579
 1578.000000 0.709941 -1.083369
 1579.000000 0.630659 -1.018157
 1580.000000 0.603302 -1.005150
 1581.000000 0.663856 -1.005820
 1582.000000 0.644856 -1.056302
 1583.000000 0.586349 -1.093014
 1584.000000 0.525318 -0.956289
 1585.000000 0.643311 -1.024949
 1586.000000 0.633875 -0.983795
 1587.000000 0.633043 -1.013516
 1588.000000 0.680537 -1.028746
 1589.000000 0.627355 -1.057870
 1590.000000 0.636187 -1.049060
 1591.000000 0.599857 -1.061828
 1592.000000 0.598995 -0.944899
 1593.000000 0.706626 -1.054383
 1594.000000 0.668015 -1.051883
 1595.000000 0.607003 -1.051359
 1596.000000 0.619770 -0.943372
 1597.000000 0.604006 -0.965069
 1598.000000 0.597368 -1.023894
 1599.000000 0.602309 -0.995371
 1600.000000 0.663939 -1.011677
 1601.000000 0.678692 -1.046220
 1602.000000 0.652956 -1.070765
 1603.000000 0.594689 -1.066753
 1604.000000 0.641443 -1.015948
 1605.000000 0.629032 -0.964957
 1606.000000 0.608951 -0.990932
 1607.000000 0.642919 -1.042313
 1608.000000 0.630043 -1.084931
 1609.000000 0.586796 -1.021143
 1610.000000 0.580447 -0.961859
 1611.000000 0.616314 -0.984459
 1612.000000 0.608186 -0.895452
 1613.000000 0.524166 -1.046706
 1614.000000 0.638882 -1.115223
 1615.000000 0.690603 -0.965282
 1616.000000 0.602192 -1.136505
 1617.000000 0.556960 -1.037860
 1618.000000 0.611521 -1.023740
 1619.000000 0.559536 -1.009188
 1620.000000 0.556826 -1.044209
 1621.000000 0.545686 -1.063342
 1622.000000 0.807887 -1.066905
 1623.000000 0.613607 -1.032154
 1624.000000 0.585039 -0.948735
 1625.000000 0.565479 -1.009914
 1626.000000 0.652795 -1.040212
 1627.000000 0.576700 -1.022232
 1628.000000 0.612002 -0.969300
 1629.000000 0.597397 -1.125997
 1630.000000 0.675131 -1.044888
 1631.000000 0.588073 -1.083858
 1632.000000 0.702886 -1.125312
 1633.000000 0.634183 -1.032374
 1634.000000 0.611035 -1.033243
 1635.000000 0.597273 -0.995602
 1636.000000 0.578501 -1.062525
 1637.000000 0.642565 -0.935037
 1638.000000 0.612283 -1.030331
 1639.000000 0.702412 -1.041514
 1640.000000 0.670842 -1.088789
 1641.000000 0.629375 -0.988061
 1642.000000 0.660856 -1.049270
 1643.000000 0.568346 -1.039784
 1644.000000 0.614505 -0.953805
 1645.000000 0.671080 -1.001592
 1646.000000 0.640901 -1.083249
 1647.000000 0.645036 -1.035312
 1648.000000 0.668601 -0.999152
 1649.000000 0.547204 -1.015335
 1650.000000 0.658304 -1.014577
 1651.000000 0.608817 -0.978863
 1652.000000 0.592454 -1.034424
 1653.000000 0.617606 -1.037612
 1654.000000 0.657802 -0.930090
 1655.000000 0.692859 -1.082683
 1656.000000 0.625143 -0.960892
 1657.000000 0.615777 -0.997253
 1658.000000 0.523043 -1.059364
 1659.000000 0.656304 -1.093844
 1660.000000 0.618948 -1.036377
 1661.000000 0.715214 -1.115308
 1662.000000 0.705403 -1.102594
 1663.000000 0.670585 -1.076805
 1664.000000 0.588896 -1.069790
 1665.000000 0.597715 -1.102009
 1666.000000 0.628560 -1.069770
 1667.000000 0.665212 -1.079454
 1668.000000 0.669850 -1.080566
 1669.000000 0.671509 -1.008902
 1670.000000 0.649305 -1.037734
 1671.000000 0.591032 -0.936476
 1672.000000 0.648206 -1.018841
 1673.000000 0.623443 -0.982607
 1674.000000 0.640295 -1.038584
 1675.000000 0.605614 -0.996711
 1676.000000 0.578328 -0.978274
 1677.000000 0.645617 -0.894337
 1678.000000 0.706315 -0.994008
 1679.000000 0.612939 -0.928396
 1680.000000 0.625820 -0.981408
 1681.000000 0.608876 -0.981407
 1682.000000 0.650292 -0.933276
 1683.000000 0.641486 -0.951968
 1684.000000 0.574260 -1.032248
 1685.000000 0.629177 -1.031237
 1686.000000 0.681576 -1.046225
 1687.000000 0.635181 -1.084968
 1688.000000 0.678512 -1.146005
 1689.000000 0.634274 -1.042527
 1690.000000 0.691734 -0.949803
 1691.000000 0.786374 -1.006314
 1692.000000 0.649266 -1.004908
 1693.000000 0.616775 -1.096681
 1694.000000 0.642469 -1.034560
 1695.000000 0.673795 -0.956235
 1696.000000 0.633147 -1.112434
 1697.000000 0.690806 -1.072672
 1698.000000 0.658434 -0.970914
 1699.000000 0.638098 -1.045586
 1700.000000 0.703071 -1.064162
 1701.000000 0.651122 -1.051403
 1702.000000 0.648333 -1.089868
 1703.000000 0.679714 -1.095121
 1704.000000 0.667562 -1.037991
 1705.000000 0.606764 -0.965806
 1706.000000 0.621180 -0.970957
 1707.000000 0.611346 -0.996726
 1708.000000 0.609934 -1.006598
 1709.000000 0.639418 -0.898170
 1710.000000 0.650746 -1.157552
 1711.000000 0.595562 -1.061977
 1712.000000 0.601898 -0.993609
 1713.000000 0.578356 -1.042036
 1714.000000 0.648503 -1.119062
 1715.000000 0.618235 -1.092542
 1716.000000 0.646774 -1.075389
 1717.000000 0.686762 -1.094207
 1718.000000 0.660593 -1.048538
 1719.000000 0.600047 -1.068554
 1720.000000 0.681343 -1.158562
 1721.000000 0.648007 -1.040768
 1722.000000 0.618681 -0.972737
 1723.000000 0.595064 -1.132613
 1724.000000 0.594260 -1.050804
 1725.000000 0.623558 -1.033998
 1726.000000 0.616250 -1.189733
 1727.000000 0.608537 -1.065119
 1728.000000 0.566749 -1.194331
 1729.000000 0.684948 -1.081067
 1730.000000 0.640398 -1.035668
 1731.000000 0.573524 -1.018480
 1732.000000 0.645152 -1.011854
 1733.000000 0.633239 -1.057599
 1734.000000 0.587730 -1.054517
 1735.000000 0.760953 -1.135411
 1736.000000 0.592078 -1.012889
 1737.000000 0.593217 -1.035751
 1738.000000 0.614732 -1.118595
 1739.000000 0.617137 -1.048274
 1740.000000 0.539224 -0.979991
 1741.000000 0.683249 -1.006900
 1742.000000 0.624809 -1.052860
 1743.000000 0.633705 -1.152180
 1744.000000 0.635569 -1.043757
 1745.000000 0.591466 -1.056257
 1746.000000 0.696746 -1.109811
 1747.000000 0.601065 -1.135693
 1748.000000 0.633694 -1.031482
 1749.000000 0.628375 -1.000237
 1750.000000 0.624709 -1.023216
 1751.000000 0.642697 -1.112486
 1752.000000 0.673852 -0.905681
 1753.000000 0.600991 -1.054873
 1754.000000 0.548412 -1.042884
 1755.000000 0.583510 -1.020378
 1756.000000 0.646418 -1.058346
 1757.000000 0.670689 -1.092838
 1758.000000 0.643455 -1.065747
 1759.000000 0.656313 -0.953958
 1760.000000 0.606189 -1.135880
 1761.000000 0.601318 -1.096607
 1762.000000 0.608937 -1.073318
 1763.000000 0.658090 -1.038656
 1764.000000 0.593647 -0.996323
 1765.000000 0.631927 -1.035432
 1766.000000 0.580046 -1.076193
 1767.000000 0.567981 -1.099106
 1768.000000 0.643797 -1.038083
 1769.000000 0.655001 -1.100160
 1770.000000 0.554649 -1.073732
 1771.000000 0.552058 -1.036642
 1772.000000 0.665729 -1.093501
 1773.000000 0.561793 -1.049902
 1774.000000 0.550809 -1.040863
 1775.000000 0.623792 -1.066764
 1776.000000 0.586216 -1.066088
 1777.000000 0.587889 -1.109866
 1778.000000 0.580990 -1.151061
 1779.000000 0.598797 -1.065792
 1780.000000 0.520068 -1.026405
 1781.000000 0.578972 -0.980236
 1782.000000 0.620007 -1.017904
 1783.000000 0.532013 -1.060232
 1784.000000 0.547193 -1.011780
 1785.000000 0.576885 -1.087942
 1786.000000 0.681154 -1.090932
 1787.000000 0.571863 -1.060872
 1788.000000 0.645495 -1.048401
 1789.000000 0.598473 -1.102743
 1790.000000 0.614216 -0.980929
 1791.000000 0.536834 -1.062952
 1792.000000 0.624496 -1.071397
 1793.000000 0.570400 -1.116570
 1794.000000 0.633970 -0.974988
 1795.000000 0.653861 -1.018382
 1796.000000 0.653165 -1.011488
 1797.000000 0.614761 -1.020674
 1798.000000 0.604163 -1.085147
 1799.000000 0.598729 -1.188895
 1800.000000 0.679604 -1.089894
 1801.000000 0.618712 -1.063837
 1802.000000 0.679352 -1.001733
 1803.000000 0.596070 -1.022936
 1804.000000 0.602680 -1.039046
 1805.000000 0.584660 -1.085252
 1806.000000 0.625096 -1.032541
 1807.000000 0.578520 -1.051879
 1808.000000 0.595266 -1.088663
 1809.000000 0.615064 -1.058208
 1810.000000 0.560019 -1.107532
 1811.000000 0.658917 -1.176317
 1812.000000 0.605743 -1.024541
 1813.000000 0.527471 -1.106502
 1814.000000 0.595106 -1.000304
 1815.000000 0.566852 -1.076638
 1816.000000 0.651890 -1.068829
 1817.000000 0.602018 -1.045423
 1818.000000 0.570924 -1.002760
 1819.000000 0.702181 -1.035096
 1820.000000 0.604267 -1.074710
 1821.000000 0.598844 -1.097793
 1822.000000 0.647544 -1.084803
 1823.000000 0.594640 -1.095424
 1824.000000 0.633543 -1.100608
 1825.000000 0.537296 -1.087305
 1826.000000 0.548363 -1.083204
 1827.000000 0.518509 -1.036834
 1828.000000 0.603804 -1.100437
 1829.000000 0.637290 -0.979461
 1830.000000 0.661886 -1.013196
 1831.000000 0.651580 -1.021445
 1832.000000 0.671354 -1.127544
 1833.000000 0.713021 -1.006302
 1834.000000 0.580508 -1.088997
 1835.000000 0.602554 -1.176193
 1836.000000 0.594830 -1.096622
 1837.000000 0.599301 -1.060326
 1838.000000 0.645068 -1.013508
 1839.000000 0.650191 -1.052693
 1840.000000 0.647816 -1.088606
 1841.000000 0.583843 -1.037086
 1842.000000 0.698652 -1.023610
 1843.000000 0.677955 -1.025869
 1844.000000 0.625992 -1.006745
 1845.000000 0.652855 -1.083493
 1846.000000 0.643619 -1.036330
 1847.000000 0.596161 -0.946296
 1848.000000 0.557738 -1.054244
 1849.000000 0.618630 -0.979575
 1850.000000 0.574867 -1.113702
 1851.000000 0.560550 -1.057028
 1852.000000 0.778983 -1.047797
 1853.000000 0.624812 -1.069143
 1854.000000 0.555866 -1.057752
 1855.000000 0.583198 -0.989245
 1856.000000 0.628986 -1.056043
 1857.000000 0.633008 -1.032149
 1858.000000 0.584565 -1.027590
 1859.000000 0.618858 -1.025300
 1860.000000 0.589467 -1.015341
 1861.000000 0.634357 -1.078098
 1862.000000 0.592917 -1.113804
 1863.000000 0.613809 -0.979616
 1864.000000 0.585860 -1.091473
 1865.000000 0.638489 -1.079040
 1866.000000 0.581480 -1.094380
 1867.000000 0.537042 -1.084776
 1868.000000 0.584695 -1.120258
 1869.000000 0.716293 -1.005435
 1870.000000 0.758357 -1.046983
 1871.000000 0.608809 -1.018298
 1872.000000 0.624942 -1.080309
 1873.000000 0.595403 -0.978387
 1874.000000 0.624805 -0.949559
 1875.000000 0.693221 -1.021405
 1876.000000 0.562652 -0.979164
 1877.000000 0.692069 -1.007709
 1878.000000 0.567964 -1.127105
 1879.000000 0.651301 -1.024707
 1880.000000 0.686559 -1.050223
 1881.000000 0.688280 -1.150719
 1882.000000 0.605453 -1.134897
 1883.000000 0.638805 -1.060027
 1884.000000 0.584933 -1.086726
 1885.000000 0.618856 -1.095075
 1886.000000 0.560856 -1.104663
 1887.000000 0.594483 -1.104475
 1888.000000 0.606152 -1.172517
 1889.000000 0.570888 -1.075847
 1890.000000 0.676403 -1.108416
 1891.000000 0.629884 -0.980843
 1892.000000 0.645121 -1.131403
 1893.000000 0.537817 -1.068497
 1894.000000 0.626322 -1.156004
 1895.000000 0.665990 -1.101404
 1896.000000 0.686144 -1.113484
 1897.000000 0.620915 -1.126029
 1898.000000 0.634601 -1.076061
 1899.000000 0.671201 -1.059540
 1900.000000 0.646800 -1.057208
 1901.000000 0.649048 -1.024672
 1902.000000 0.586557 -0.997636
 1903.000000 0.524189 -1.077491
 1904.000000 0.584786 -1.009147
 1905.000000 0.607387 -1.006297
 1906.000000 0.534469 -1.068501
 1907.000000 0.637936 -1.059687
 1908.000000 0.615849 -1.003000
 1909.000000 0.563520 -1.073912
 1910.000000 0.690592 -1.054541
 1911.000000 0.686111 -1.154628
 1912.000000 0.611528 -1.038743
 1913.000000 0.633491 -1.090777
 1914.000000 0.589827 -1.083859
 1915.000000 0.633202 -1.048568
 1916.000000 0.586293 -1.052767
 1917.000000 0.597990 -1.026468
 1918.000000 0.671360 -1.043188
 1919.000000 0.578125 -1.075809
 1920.000000 0.576700 -1.047510
 1921.000000 0.650881 -0.981824
 1922.000000 0.667615 -1.019623
 1923.000000 0.637649 -1.010979
 1924.000000 0.601612 -0.994046
 1925.000000 0.661690 -0.985919
 1926.000000 0.693590 -1.039255
 1927.000000 0.619020 -1.042681
 1928.000000 0.674515 -1.016245
 1929.000000 0.560292 -1.098125
 1930.000000 0.567964 -1.025601
 1931.000000 0.554508 -0.955155
 1932.000000 0.623236 -1.045835
 1933.000000 0.622723 -1.096176
 1934.000000 0.651744 -0.974278
 1935.000000 0.616295 -1.077109
 1936.000000 0.652644 -1.124746
 1937.000000 0.593507 -0.990575
 1938.000000 0.667018 -1.041836
 1939.000000 0.604872 -1.010860
 1940.000000 0.672566 -0.982306
 1941.000000 0.618683 -0.999018
 1942.000000 0.653556 -1.113349
 1943.000000 0.637977 -1.046033
 1944.000000 0.606660 -1.020514
 1945.000000 0.630201 -1.064701
 1946.000000 0.631778 -1.021918
 1947.000000 0.658389 -0.952271
 1948.000000 0.713666 -1.026738
 1949.000000 0.663381 -1.054678
 1950.000000 0.625245 -1.003746
 1951.000000 0.673680 -0.960688
 1952.000000 0.580194 -0.951340
 1953.000000 0.700923 -1.058167
 1954.000000 0.544976 -1.016724
 1955.000000 0.574565 -0.963109
 1956.000000 0.630384 -0.997219
 1957.000000 0.557552 -0.903693
 1958.000000 0.621392 -0.976966
 1959.000000 0.575495 -0.950472
 1960.000000 0.585484 -0.986295
 1961.000000 0.639773 -1.032744
 1962.000000 0.610099 -0.951924
 1963.000000 0.579648 -1.107512
 1964.000000 0.642417 -0.939365
 1965.000000 0.621471 -1.128996
 1966.000000 0.562389 -1.018660
 1967.000000 0.691774 -0.973555
 1968.000000 0.634943 -1.105561
 1969.000000 0.731617 -0.943209
 1970.000000 0.592712 -0.960038
 1971.000000 0.586581 -1.028960
 1972.000000 0.610147 -1.057759
 1973.000000 0.570652 -1.018655
 1974.000000 0.622212 -1.056167
 1975.000000 0.636319 -1.027794
 1976.000000 0.576342 -0.942770
 1977.000000 0.684629 -1.022476
 1978.000000 0.690559 -0.933164
 1979.000000 0.642006 -0.948889
 1980.000000 0.611589 -1.149176
 1981.000000 0.602965 -1.028230
 1982.000000 0.605236 -0.992507
 1983.000000 0.590923 -0.951518
 1984.000000 0.615516 -0.961527
 1985.000000 0.572260 -1.061006
 1986.000000 0.599785 -1.031433
 1987.000000 0.625506 -1.057693
 1988.000000 0.670827 -0.957596
 1989.000000 0.641314 -0.980325
 1990.000000 0.584820 -0.917011
 1991.000000 0.619395 -1.040526
 1992.000000 0.611638 -0.961689
 1993.000000 0.576042 -1.041487
 1994.000000 0.571571 -1.063060
 1995.000000 0.677773 -1.037676
 1996.000000 0.606310 -1.000508
 1997.000000 0.560610 -1.038576
 1998.000000 0.619430 -1.071784
 1999.000000 0.625445 -1.027016
 2000.000000 0.713443 -0.972761
 2001.000000 0.631832 -1.070486
 2002.000000 0.616942 -1.019162
 2003.000000 0.636582 -1.012149
 2004.000000 0.636298 -1.052531
 2005.000000 0.656475 -1.025027
 2006.000000 0.734140 -1.041163
 2007.000000 0.685428 -0.937860
 2008.000000 0.660800 -0.996427
 2009.000000 0.715152 -1.058795
 2010.000000 0.616385 -1.020989
 2011.000000 0.603404 -1.054607
 2012.000000 0.639881 -1.006551
 2013.000000 0.614563 -1.008335
 2014.000000 0.618595 -1.048610
 2015.000000 0.639239 -0.994880
 2016.000000 0.675527 -1.006871
 2017.000000 0.618301 -1.046317
 2018.000000 0.722718 -1.004093
 2019.000000 0.698482 -1.005494
 2020.000000 0.641629 -0.975382
 2021.000000 0.620472 -1.087817
 2022.000000 0.692397 -1.015054
 2023.000000 0.707951 -1.039639
 2024.000000 0.622187 -0.957716
 2025.000000 0.699204 -1.037622
 2026.000000 0.637056 -1.087521
 2027.000000 0.647398 -1.035174
 2028.000000 0.614253 -1.033735
 2029.000000 0.614458 -1.054892
 2030.000000 0.659766 -1.003693
 2031.000000 0.676330 -0.944791
 2032.000000 0.578643 -1.070402
 2033.000000 0.624877 -0.992848
 2034.000000 0.657723 -1.075535
 2035.000000 0.672576 -0.984555
 2036.000000 0.591278 -0.964422
 2037.000000 0.634940 -1.028906
 2038.000000 0.547739 -0.955869
 2039.000000 0.625012 -1.019047
 2040.000000 0.619815 -1.079192
 2041.000000 0.646828 -1.104405
 2042.000000 0.729225 -1.037626
 2043.000000 0.660192 -1.030763
 2044.000000 0.629407 -0.989448
 2045.000000 0.678136 -1.024840
 2046.000000 0.642691 -0.986609
 2047.000000 0.605767 -0.925702
 2048.000000 0.616815 -0.999544
 2049.000000 0.719492 -1.030527
 2050.000000 0.681415 -1.107419
 2051.000000 0.655943 -1.155664
 2052.000000 0.640037 -1.046231
 2053.000000 0.622021 -1.060785
 2054.000000 0.594197 -1.018404
 2055.000000 0.582684 -1.062781
 2056.000000 0.646679 -1.001719
 2057.000000 0.599373 -1.018073
 2058.000000 0.597991 -1.134874
 2059.000000 0.634171 -1.028535
 2060.000000 0.621938 -0.984584
 2061.000000 0.593650 -1.006996
 2062.000000 0.637677 -1.004081
 2063.000000 0.640794 -1.069547
 2064.000000 0.576630 -1.025442
 2065.000000 0.561603 -1.000660
 2066.000000 0.660424 -0.993876
 2067.000000 0.623276 -0.985876
 2068.000000 0.593133 -1.016217
 2069.000000 0.666916 -1.032974
 2070.000000 0.587506 -1.088408
 2071.000000 0.556636 -0.998796
 2072.000000 0.653352 -1.007685
 2073.000000 0.630878 -0.998133
 2074.000000 0.652771 -1.074915
 2075.000000 0.600259 -0.979464
 2076.000000 0.572551 -1.086000
 2077.000000 0.584685 -1.087795
 2078.000000 0.624175 -1.032654
 2079.000000 0.583021 -0.970517
 2080.000000 0.580779 -1.077913
 2081.000000 0.556275 -0.996957
 2082.000000 0.613011 -1.019742
 2083.000000 0.625658 -0.970373
 2084.000000 0.678872 -0.985562
 2085.000000 0.598968 -0.923956
 2086.000000 0.641133 -1.036101
 2087.000000 0.554400 -1.055992
 2088.000000 0.639345 -1.121557
 2089.000000 0.608649 -1.026457
 2090.000000 0.605091 -1.031880
 2091.000000 0.638230 -1.028131
 2092.000000 0.565082 -1.002547
 2093.000000 0.666893 -0.975114
 2094.000000 0.643965 -1.085421
 2095.000000 0.614058 -0.977713
 2096.000000 0.664101 -0.999861
 2097.000000 0.657790 -0.973390
 2098.000000 0.660420 -1.060437
 2099.000000 0.608211 -1.051453
 2100.000000 0.680380 -0.989738
 2101.000000 0.714375 -0.952873
 2102.000000 0.675427 -1.051366
 2103.000000 0.622068 -0.999633
 2104.000000 0.602196 -1.017351
 2105.000000 0.571882 -1.042775
 2106.000000 0.674149 -1.066571
 2107.000000 0.626765 -0.959828
 2108.000000 0.562468 -0.973547
 2109.000000 0.598974 -1.077215
 2110.000000 0.600333 -1.049604
 2111.000000 0.669408 -1.038160
 2112.000000 0.636412 -1.050864
 2113.000000 0.623867 -1.075124
 2114.000000 0.614652 -0.986247
 2115.000000 0.646819 -1.135549
 2116.000000 0.631124 -0.995317
 2117.000000 0.638453 -1.050657
 2118.000000 0.676386 -1.153169
 2119.000000 0.588410 -1.096867
 2120.000000 0.682655 -1.012974
 2121.000000 0.713204 -1.035375
 2122.000000 0.667799 -1.010440
 2123.000000 0.666780 -1.038209
 2124.000000 0.629583 -1.137783
 2125.000000 0.722123 -1.021316
 2126.000000 0.576530 -1.081079
 2127.000000 0.600552 -1.003746
 2128.000000 0.545253 -1.025218
 2129.000000 0.702549 -1.031255
 2130.000000 0.647320 -1.082054
 2131.000000 0.689448 -0.999045
 2132.000000 0.688926 -1.092631
 2133.000000 0.641859 -1.070869
 2134.000000 0.618505 -1.051879
 2135.000000 0.610491 -1.089116
 2136.000000 0.685886 -0.963219
 2137.000000 0.609018 -1.067024
 2138.000000 0.614733 -1.086642
 2139.000000 0.644848 -1.130814
 2140.000000 0.603264 -1.019733
 2141.000000 0.557574 -1.018283
 2142.000000 0.599550 -1.052742
 2143.000000 0.628231 -1.081601
 2144.000000 0.641326 -1.013690
 2145.000000 0.675008 -1.051456
 2146.000000 0.607675 -1.070277
 2147.000000 0.605419 -0.963743
 2148.000000 0.616101 -0.997397
 2149.000000 0.592558 -1.058544
 2150.000000 0.668543 -1.116440
 2151.000000 0.671364 -1.014750
 2152.000000 0.655749 -0.941926
 2153.000000 0.646747 -1.058366
 2154.000000 0.576235 -1.018304
 2155.000000 0.589591 -0.965515
 2156.000000 0.537446 -0.986652
 2157.000000 0.506213 -0.951403
 2158.000000 0.599549 -1.055390
 2159.000000 0.645417 -1.030413
 2160.000000 0.551049 -1.038464
 2161.000000 0.601384 -1.118673
 2162.000000 0.573159 -1.011966
 2163.000000 0.626295 -1.005140
 2164.000000 0.669746 -1.022125
 2165.000000 0.505058 -0.989831
 2166.000000 0.571318 -1.010661
 2167.000000 0.629706 -1.060192
 2168.000000 0.616978 -1.049598
 2169.000000 0.596369 -0.947431
 2170.000000 0.572358 -1.019520
 2171.000000 0.592467 -1.008132
 2172.000000 0.612969 -0.951379
 2173.000000 0.571638 -0.970780
 2174.000000 0.611999 -0.979051
 2175.000000 0.686749 -1.050294
 2176.000000 0.725967 -1.036472
 2177.000000 0.669220 -0.978203
 2178.000000 0.567972 -1.013357
 2179.000000 0.666442 -1.061085
 2180.000000 0.639122 -1.080129
 2181.000000 0.591231 -0.995127
 2182.000000 0.655211 -1.087593
 2183.000000 0.619515 -1.037803
 2184.000000 0.659249 -1.040044
 2185.000000 0.618529 -1.003683
 2186.000000 0.666509 -1.062199
 2187.000000 0.615554 -1.022512
 2188.000000 0.638346 -0.977322
 2189.000000 0.712441 -1.080822
 2190.000000 0.643546 -1.087355
 2191.000000 0.671689 -1.037592
 2192.000000 0.569488 -1.053151
 2193.000000 0.660299 -0.988754
 2194.000000 0.641844 -1.040059
 2195.000000 0.607433 -1.023909
 2196.000000 0.695735 -0.997794
 2197.000000 0.643193 -1.029040
 2198.000000 0.666904 -1.066356
 2199.000000 0.643962 -1.067935
 2200.000000 0.603179 -1.062090
 2201.000000 0.732963 -0.928001
 2202.000000 0.704337 -1.046958
 2203.000000 0.686185 -1.003653
 2204.000000 0.650164 -1.059625
 2205.000000 0.641760 -0.974429
 2206.000000 0.729279 -1.022948
 2207.000000 0.633115 -1.008765
 2208.000000 0.640874 -0.980942
 2209.000000 0.613530 -1.031629
 2210.000000 0.616543 -1.052660
 2211.000000 0.636746 -1.058759
 2212.000000 0.714193 -0.959865
 2213.000000 0.652575 -1.001640
 2214.000000 0.652246 -1.053161
 2215.000000 0.609697 -0.990739
 2216.000000 0.540330 -0.964703
 2217.000000 0.687397 -1.007802
 2218.000000 0.590970 -1.035151
 2219.000000 0.703209 -1.096463
 2220.000000 0.717908 -1.005586
 2221.000000 0.654428 -1.096994
 2222.000000 0.678648 -1.067756
 2223.000000 0.616479 -1.042694
 2224.000000 0.603566 -0.972246
 2225.000000 0.651709 -1.012918
 2226.000000 0.704047 -1.059537
 2227.000000 0.560192 -0.995998
 2228.000000 0.627198 -1.074040
 2229.000000 0.619539 -0.986284
 2230.000000 0.680921 -1.038956
 2231.000000 0.674322 -1.046366
 2232.000000 0.569488 -0.961442
 2233.000000 0.626215 -1.016455
 2234.000000 0.567570 -0.991704
 2235.000000 0.606922 -1.048740
 2236.000000 0.601076 -1.111385
 2237.000000 0.613663 -1.122694
 2238.000000 0.586377 -1.105247
 2239.000000 0.691857 -1.079267
 2240.000000 0.616682 -1.026959
 2241.000000 0.606809 -0.975782
 2242.000000 0.643700 -0.910921
 2243.000000 0.666348 -1.054947
 2244.000000 0.718548 -1.049250
 2245.000000 0.527690 -1.104272
 2246.000000 0.548845 -1.073466
 2247.000000 0.670320 -1.055605
 2248.000000 0.604185 -0.990645
 2249.000000 0.629610 -1.072428
 2250.000000 0.592142 -1.022967
 2251.000000 0.627128 -1.072914
 2252.000000 0.578564 -1.063398
 2253.000000 0.575599 -0.992288
 2254.000000 0.550364 -0.949495
 2255.000000 0.680366 -1.071241
 2256.000000 0.576745 -1.035566
 2257.000000 0.602274 -0.988795
 2258.000000 0.657108 -1.058626
 2259.000000 0.636982 -0.969900
 2260.000000 0.634928 -1.024998
 2261.000000 0.678416 -1.062925
 2262.000000 0.733030 -1.067867
 2263.000000 0.579653 -1.055290
 2264.000000 0.608147 -1.003875
 2265.000000 0.527617 -1.015024
 2266.000000 0.671326 -1.073033
 2267.000000 0.577502 -1.079462
 2268.000000 0.574984 -1.019413
 2269.000000 0.499758 -1.014826
 2270.000000 0.524432 -0.989255
 2271.000000 0.707919 -1.018169
 2272.000000 0.599463 -0.962756
 2273.000000 0.616230 -1.070507
 2274.000000 0.585561 -1.074477
 2275.000000 0.583603 -1.061398
 2276.000000 0.628514 -1.059166
 2277.000000 0.571914 -1.112735
 2278.000000 0.645891 -1.091436
 2279.000000 0.736813 -1.143313
 2280.000000 0.560380 -1.012888
 2281.000000 0.633307 -0.976561
 2282.000000 0.598783 -1.058189
 2283.000000 0.625117 -0.969429
 2284.000000 0.652586 -0.960113
 2285.000000 0.648660 -1.050721
 2286.000000 0.599002 -1.020048
 2287.000000 0.707252 -1.034550
 2288.000000 0.582695 -0.987252
 2289.000000 0.572608 -1.087543
 2290.000000 0.656537 -0.982975
 2291.000000 0.638585 -1.128433
 2292.000000 0.647666 -1.012931
 2293.000000 0.636101 -1.032906
 2294.000000 0.662957 -1.085196
 2295.000000 0.598188 -1.047777
 2296.000000 0.707641 -1.058194
 2297.000000 0.658512 -1.099072
 2298.000000 0.610254 -0.984215
 2299.000000 0.549343 -1.106612
 2300.000000 0.561701 -1.042994
 2301.000000 0.624237 -1.110641
 2302.000000 0.591134 -1.098652
 2303.000000 0.563178 -1.056977
 2304.000000 0.611115 -1.142868
 2305.000000 0.569451 -1.052620
 2306.000000 0.608784 -1.038364
 2307.000000 0.679910 -1.021492
 2308.000000 0.693940 -1.084021
 2309.000000 0.620878 -1.040379
 2310.000000 0.610848 -0.983919
 2311.000000 0.638731 -1.009106
 2312.000000 0.644054 -0.981349
 2313.000000 0.660633 -0.969411
 2314.000000 0.691338 -1.021722
 2315.000000 0.620304 -0.987722
 2316.000000 0.757979 -0.898418
 2317.000000 0.601561 -1.040681
 2318.000000 0.637237 -1.021288
 2319.000000 0.597672 -1.073718
 2320.000000 0.677735 -0.989802
 2321.000000 0.658424 -1.106285
 2322.000000 0.645643 -1.039251
 2323.000000 0.635313 -1.065724
 2324.000000 0.634360 -0.994193
 2325.000000 0.655875 -1.033443
 2326.000000 0.667431 -1.044600
 2327.000000 0.676884 -1.076583
 2328.000000 0.686004 -1.112234
 2329.000000 0.565510 -1.098487
 2330.000000 0.668545 -1.081695
 2331.000000 0.626949 -1.065288
 2332.000000 0.693560 -1.080443
 2333.000000 0.702185 -1.056976
 2334.000000 0.603249 -1.155095
 2335.000000 0.604188 -1.068878
 2336.000000 0.633401 -1.135014
 2337.000000 0.611517 -1.002672
 2338.000000 0.672186 -1.060360
 2339.000000 0.662208 -1.015926
 2340.000000 0.627742 -1.072673
 2341.000000 0.716100 -1.050675
 2342.000000 0.701348 -1.092551
 2343.000000 0.652391 -1.118767
 2344.000000 0.546756 -1.042892
 2345.000000 0.668733 -1.053545
 2346.000000 0.749443 -1.082538
 2347.000000 0.642348 -1.076995
 2348.000000 0.584969 -1.058433
 2349.000000 0.596276 -1.127966
 2350.000000 0.571339 -1.056584
 2351.000000 0.578217 -1.019895
 2352.000000 0.640432 -1.047794
 2353.000000 0.693577 -1.081250
 2354.000000 0.545340 -1.098056
 2355.000000 0.518430 -1.064271
 2356.000000 0.569054 -1.115259
 2357.000000 0.697254 -1.073380
 2358.000000 0.623277 -1.064276
 2359.000000 0.675878 -1.159061
 2360.000000 0.628788 -1.145894
 2361.000000 0.697264 -1.071771
 2362.000000 0.703017 -1.051415
 2363.000000 0.675525 -1.070757
 2364.000000 0.696308 -1.053063
 2365.000000 0.638150 -1.123171
 2366.000000 0.661958 -1.112682
 2367.000000 0.547793 -1.096995
 2368.000000 0.620392 -1.151300
 2369.000000 0.664678 -1.016277
 2370.000000 0.649449 -1.086177
 2371.000000 0.629820 -1.040670
 2372.000000 0.610297 -0.924324
 2373.000000 0.668686 -0.901905
 2374.000000 0.681283 -0.975668
 2375.000000 0.659478 -1.006550
 2376.000000 0.695598 -0.997944
 2377.000000 0.650490 -1.020811
 2378.000000 0.645952 -1.021623
 2379.000000 0.584252 -0.988304
 2380.000000 0.553771 -0.972170
 2381.000000 0.680746 -0.919342
 2382.000000 0.669802 -0.995398
 2383.000000 0.673754 -1.025824
 2384.000000 0.672318 -0.979946
 2385.000000 0.542058 -1.050206
 2386.000000 0.622522 -0.948012
 2387.000000 0.630453 -1.004577
 2388.000000 0.593520 -1.070287
 2389.000000 0.633569 -1.068643
 2390.000000 0.648169 -1.075430
 2391.000000 0.617899 -1.102323
 2392.000000 0.628513 -0.997889
 2393.000000 0.656818 -1.003342
 2394.000000 0.635127 -1.065969
 2395.000000 0.573531 -0.993917
 2396.000000 0.633415 -1.094741
 2397.000000 0.625040 -1.002207
 2398.000000 0.663833 -1.066919
 2399.000000 0.547562 -1.018360
 2400.000000 0.672805 -1.069343
 2401.000000 0.573551 -0.993804
 2402.000000 0.654346 -0.995902
 2403.000000 0.534228 -0.958028
 2404.000000 0.566693 -1.017445
 2405.000000 0.662234 -1.120434
 2406.000000 0.571048 -0.948284
 2407.000000 0.629753 -0.968982
 2408.000000 0.551740 -1.006676
 2409.000000 0.587086 -1.061725
 2410.000000 0.671018 -1.024839
 2411.000000 0.568924 -1.056726
 2412.000000 0.607870 -0.983412
 2413.000000 0.545922 -1.031395
 2414.000000 0.625713 -0.958360
 2415.000000 0.665459 -1.007818
 2416.000000 0.628217 -1.040078
 2417.000000 0.667592 -1.028829
 2418.000000 0.565807 -0.970743
 2419.000000 0.587331 -0.974915
 2420.000000 0.645227 -1.065118
 2421.000000 0.592830 -1.062754
 2422.000000 0.621444 -1.042573
 2423.000000 0.611036 -1.052392
 2424.000000 0.677755 -1.079501
 2425.000000 0.594874 -0.976969
 2426.000000 0.624073 -1.005512
 2427.000000 0.706211 -0.980602
 2428.000000 0.656045 -0.953479
 2429.000000 0.590867 -1.025213
 2430.000000 0.625394 -1.053714
 2431.000000 0.627976 -1.048050
 2432.000000 0.565444 -1.059057
 2433.000000 0.603353 -0.991911
 2434.000000 0.568671 -1.005315
 2435.000000 0.634681 -1.046187
 2436.000000 0.629875 -1.030123
 2437.000000 0.664771 -1.057932
 2438.000000 0.565742 -1.076407
 2439.000000 0.706536 -1.005880
 2440.000000 0.603378 -1.143478
 2441.000000 0.668282 -1.011467
 2442.000000 0.652478 -1.032270
 2443.000000 0.675269 -0.999783
 2444.000000 0.618035 -0.965671
 2445.000000 0.559919 -1.087845
 2446.000000 0.617696 -1.044784
 2447.000000 0.615268 -1.015428
 2448.000000 0.671007 -1.040127
 2449.000000 0.602364 -1.046453
 2450.000000 0.569665 -1.182456
 2451.000000 0.648687 -1.134823
 2452.000000 0.529516 -1.047116
 2453.000000 0.583471 -1.026508
 2454.000000 0.659506 -0.898842
 2455.000000 0.676196 -0.956886
 2456.000000 0.498415 -1.006555
 2457.000000 0.664655 -1.023778
 2458.000000 0.674092 -1.002575
 2459.000000 0.582017 -1.053055
 2460.000000 0.625561 -1.057295
 2461.000000 0.609176 -0.989705
 2462.000000 0.623508 -1.000415
 2463.000000 0.591097 -0.990659
 2464.000000 0.577347 -1.022579
 2465.000000 0.595214 -1.008656
 2466.000000 0.649520 -1.042292
 2467.000000 0.664596 -1.028110
 2468.000000 0.617718 -1.037767
 2469.000000 0.596059 -1.058235
 2470.000000 0.627131 -0.986512
 2471.000000 0.640523 -1.027652
 2472.000000 0.568538 -1.075327
 2473.000000 0.621269 -1.012608
 2474.000000 0.635595 -1.044467
 2475.000000 0.651515 -0.968946
 2476.000000 0.529926 -1.072858
 2477.000000 0.678473 -1.032167
 2478.000000 0.679549 -1.030979
 2479.000000 0.667050 -1.089688
 2480.000000 0.655336 -0.973722
 2481.000000 0.667511 -1.025853
 2482.000000 0.632711 -1.011804
 2483.000000 0.667383 -1.114808
 2484.000000 0.597243 -1.125321
 2485.000000 0.645179 -0.934200
 2486.000000 0.757391 -1.013433
 2487.000000 0.630585 -1.022284
 2488.000000 0.582619 -1.104315
 2489.000000 0.638837 -1.061345
 2490.000000 0.637401 -1.026807
 2491.000000 0.690923 -1.005777
 2492.000000 0.566653 -0.945566
 2493.000000 0.663964 -1.038860
 2494.000000 0.632569 -0.999549
 2495.000000 0.594982 -1.055640
 2496.000000 0.651171 -1.000966
 2497.000000 0.703695 -0.996816
 2498.000000 0.605531 -1.036662
 2499.000000 0.573212 -0.999361
 2500.000000 0.539679 -1.047984
