#! FIELDS time pd_137_140 diff
 0.000000 1.971736 -0.812686
 1.000000 1.973368 -0.848719
 2.000000 1.985247 -0.805104
 3.000000 1.967855 -0.801045
 4.000000 1.920465 -0.774188
 5.000000 1.970518 -0.773231
 6.000000 2.047624 -0.785184
 7.000000 2.051605 -0.798967
 8.000000 1.882499 -0.731328
 9.000000 1.915993 -0.690702
 10.000000 2.012805 -0.808690
 11.000000 1.882656 -0.736773
 12.000000 2.104747 -0.831300
 13.000000 2.111205 -0.790793
 14.000000 1.948113 -0.746092
 15.000000 2.029804 -0.775120
 16.000000 1.943044 -0.861914
 17.000000 1.976473 -0.822840
 18.000000 2.101056 -0.878948
 19.000000 2.016162 -0.780445
 20.000000 2.039342 -0.771205
 21.000000 2.111266 -0.875796
 22.000000 2.050164 -0.840360
 23.000000 1.934303 -0.756421
 24.000000 1.905497 -0.828889
 25.000000 1.969178 -0.791702
 26.000000 1.999054 -0.743751
 27.000000 1.938103 -0.793421
 28.000000 1.999492 -0.791488
 29.000000 1.984891 -0.808848
 30.000000 1.963695 -0.784010
 31.000000 2.059227 -0.805380
 32.000000 2.042009 -0.813810
 33.000000 2.077235 -0.851275
 34.000000 2.006153 -0.817132
 35.000000 1.987526 -0.773726
 36.000000 1.917144 -0.814922
 37.000000 1.974392 -0.791352
 38.000000 2.025188 -0.785460
 39.000000 2.065522 -0.861184
 40.000000 2.001454 -0.843796
 41.000000 2.032871 -0.809492
 42.000000 2.028026 -0.799202
 43.000000 2.063272 -0.816599
 44.000000 2.001962 -0.764400
 45.000000 2.020041 -0.766535
 46.000000 2.023918 -0.827761
 47.000000 2.093538 -0.811985
 48.000000 1.989723 -0.819103
 49.000000 2.026811 -0.771773
 50.000000 1.996535 -0.814040
 51.000000 2.068559 -0.755550
 52.000000 1.935257 -0.788712
 53.000000 2.020301 -0.761604
 54.000000 2.013938 -0.796149
 55.000000 2.018625 -0.754117
 56.000000 1.885230 -0.798964
 57.000000 2.002978 -0.782660
 58.000000 2.061073 -0.791609
 59.000000 2.078798 -0.728211
 60.000000 1.998247 -0.873560
 61.000000 2.011151 -0.755458
 62.000000 1.975981 -0.773536
 63.000000 2.058827 -0.766644
 64.000000 2.001222 -0.713195
 65.000000 2.007927 -0.887430
 66.000000 1.986005 -0.786942
 67.000000 1.963335 -0.841622
 68.000000 1.927548 -0.755719
 69.000000 2.035157 -0.749943
 70.000000 1.994495 -0.742425
 71.000000 1.980541 -0.746194
 72.000000 1.987921 -0.765210
 73.000000 1.951445 -0.800602
 74.000000 1.951091 -0.883610
 75.000000 2.048388 -0.853497
 76.000000 2.026916 -0.821513
 77.000000 2.007883 -0.782757
 78.000000 1.944895 -0.747379
 79.000000 2.035488 -0.729130
 80.000000 2.051407 -0.763436
 81.000000 2.069204 -0.741194
 82.000000 2.008163 -0.785532
 83.000000 2.114777 -0.827813
 84.000000 1.910132 -0.764500
 85.000000 2.050408 -0.746143
 86.000000 1.932000 -0.806120
 87.000000 2.006558 -0.865206
 88.000000 2.010660 -0.873554
 89.000000 1.973921 -0.833976
 90.000000 1.951468 -0.800315
 91.000000 2.029435 -0.880077
 92.000000 1.957631 -0.808838
 93.000000 1.998851 -0.809768
 94.000000 2.113253 -0.795487
 95.000000 2.020636 -0.806239
 96.000000 2.042291 -0.851790
 97.000000 1.980565 -0.841105
 98.000000 2.004214 -0.829541
 99.000000 2.077298 -0.836632
 100.000000 1.974765 -0.838414
 101.000000 1.999004 -0.877252
 102.000000 1.966636 -0.886303
 103.000000 1.917551 -0.806775
 104.000000 2.144291 -0.870913
 105.000000 1.981919 -0.775238
 106.000000 2.051508 -0.854725
 107.000000 2.005441 -0.840350
 108.000000 1.964668 -0.823895
 109.000000 1.974639 -0.803234
 110.000000 1.995507 -0.820456
 111.000000 1.946884 -0.771037
 112.000000 1.964873 -0.765287
 113.000000 2.053596 -0.762643
 114.000000 2.068555 -0.824841
 115.000000 2.088348 -0.816115
 116.000000 2.084885 -0.805010
 117.000000 2.013435 -0.772422
 118.000000 2.008546 -0.782016
 119.000000 2.018898 -0.820233
 120.000000 2.011791 -0.757036
 121.000000 2.030441 -0.753829
 122.000000 2.009340 -0.793106
 123.000000 2.005729 -0.801486
 124.000000 1.990253 -0.787002
 125.000000 2.046096 -0.731284
 126.000000 2.063278 -0.724316
 127.000000 2.050021 -0.684428
 128.000000 2.045944 -0.741003
 129.000000 2.052317 -0.695827
 130.000000 2.103424 -0.696353
 131.000000 2.183514 -0.730819
 132.000000 2.098896 -0.786948
 133.000000 2.032227 -0.760266
 134.000000 2.099367 -0.649817
 135.000000 2.050022 -0.706833
 136.000000 2.117075 -0.748152
 137.000000 2.146178 -0.725462
 138.000000 2.057705 -0.730241
 139.000000 2.026071 -0.720258
 140.000000 2.002288 -0.725056
 141.000000 2.000870 -0.739378
 142.000000 1.937208 -0.778052
 143.000000 1.955310 -0.649496
 144.000000 1.969506 -0.748851
 145.000000 2.124314 -0.736012
 146.000000 1.973097 -0.713383
 147.000000 1.902572 -0.745486
 148.000000 2.000845 -0.792318
 149.000000 1.998581 -0.825556
 150.000000 2.080173 -0.739267
 151.000000 2.036626 -0.799403
 152.000000 2.019000 -0.822008
 153.000000 2.079182 -0.776280
 154.000000 1.970130 -0.814033
 155.000000 2.079462 -0.738173
 156.000000 2.130822 -0.751556
 157.000000 2.022273 -0.801819
 158.000000 1.986085 -0.738029
 159.000000 2.054274 -0.729454
 160.000000 2.070867 -0.765809
 161.000000 2.069762 -0.738737
 162.000000 1.970609 -0.778426
 163.000000 2.004050 -0.757756
 164.000000 2.030282 -0.661411
 165.000000 2.034630 -0.725833
 166.000000 2.151769 -0.744413
 167.000000 1.952692 -0.751604
 168.000000 2.008797 -0.798501
 169.000000 2.078277 -0.728137
 170.000000 2.118594 -0.711541
 171.000000 1.974010 -0.789416
 172.000000 2.008221 -0.786283
 173.000000 2.033241 -0.709350
 174.000000 2.071160 -0.761895
 175.000000 2.048032 -0.736120
 176.000000 2.011186 -0.677949
 177.000000 1.945347 -0.707505
 178.000000 2.003676 -0.814488
 179.000000 1.967495 -0.782745
 180.000000 2.018839 -0.774061
 181.000000 2.043861 -0.717669
 182.000000 1.968129 -0.683607
 183.000000 1.962917 -0.686924
 184.000000 2.043951 -0.709723
 185.000000 2.042263 -0.711047
 186.000000 2.010658 -0.654930
 187.000000 1.920581 -0.729494
 188.000000 2.023357 -0.733328
 189.000000 1.990737 -0.733172
 190.000000 2.030884 -0.738123
 191.000000 2.038036 -0.707235
 192.000000 2.000705 -0.838201
 193.000000 2.069913 -0.800228
 194.000000 2.041243 -0.751726
 195.000000 2.068529 -0.770366
 196.000000 1.974782 -0.835224
 197.000000 2.062184 -0.794473
 198.000000 2.060895 -0.737765
 199.000000 2.032969 -0.739135
 200.000000 1.836330 -0.768702
 201.000000 1.944086 -0.773311
 202.000000 1.996204 -0.812762
 203.000000 2.012893 -0.835273
 204.000000 2.030015 -0.773749
 205.000000 2.046426 -0.764525
 206.000000 2.080945 -0.765841
 207.000000 2.050324 -0.792194
 208.000000 2.035192 -0.688510
 209.000000 1.959506 -0.774857
 210.000000 1.999403 -0.834065
 211.000000 2.015553 -0.837385
 212.000000 2.028786 -0.799753
 213.000000 2.034689 -0.777344
 214.000000 1.914477 -0.734094
 215.000000 2.097038 -0.736012
 216.000000 2.046381 -0.745188
 217.000000 2.047318 -0.759285
 218.000000 2.070310 -0.839040
 219.000000 2.070729 -0.712391
 220.000000 2.081844 -0.779656
 221.000000 2.073455 -0.781625
 222.000000 2.024998 -0.781842
 223.000000 1.926563 -0.820567
 224.000000 1.982173 -0.875421
 225.000000 1.990663 -0.780393
 226.000000 2.106863 -0.705684
 227.000000 1.958729 -0.780712
 228.000000 2.030790 -0.723745
 229.000000 2.072727 -0.761195
 230.000000 2.056310 -0.710767
 231.000000 2.073753 -0.733203
 232.000000 2.051433 -0.817164
 233.000000 2.075019 -0.785357
 234.000000 2.073654 -0.769110
 235.000000 1.999597 -0.788088
 236.000000 1.948138 -0.746609
 237.000000 1.988297 -0.756229
 238.000000 1.992922 -0.779687
 239.000000 2.071043 -0.749918
 240.000000 2.019685 -0.732088
 241.000000 2.093850 -0.746244
 242.000000 1.968339 -0.743798
 243.000000 1.913357 -0.779308
 244.000000 2.058705 -0.703217
 245.000000 2.079107 -0.810956
 246.000000 2.068747 -0.671528
 247.000000 1.986601 -0.749367
 248.000000 2.093120 -0.699197
 249.000000 2.054536 -0.732479
 250.000000 2.070571 -0.753712
 251.000000 2.028748 -0.784299
 252.000000 2.077123 -0.886238
 253.000000 2.036088 -0.753434
 254.000000 2.115573 -0.825293
 255.000000 2.119294 -0.847276
 256.000000 2.101059 -0.816881
 257.000000 2.066111 -0.786514
 258.000000 2.166384 -0.782091
 259.000000 2.172058 -0.804725
 260.000000 2.008429 -0.796765
 261.000000 2.108355 -0.742418
 262.000000 2.020038 -0.777009
 263.000000 2.148101 -0.781175
 264.000000 2.025102 -0.782963
 265.000000 1.958127 -0.804718
 266.000000 2.068213 -0.818476
 267.000000 2.074219 -0.673881
 268.000000 2.114344 -0.802516
 269.000000 1.998395 -0.755107
 270.000000 1.990242 -0.881307
 271.000000 2.092254 -0.789567
 272.000000 2.087689 -0.721254
 273.000000 2.172815 -0.695971
 274.000000 2.093275 -0.801263
 275.000000 2.038374 -0.850728
 276.000000 2.053467 -0.755382
 277.000000 2.031527 -0.682477
 278.000000 2.104629 -0.682384
 279.000000 2.117399 -0.785947
 280.000000 2.006638 -0.761129
 281.000000 2.061061 -0.774903
 282.000000 2.083101 -0.793862
 283.000000 2.041406 -0.778520
 284.000000 2.099706 -0.793596
 285.000000 2.024189 -0.792504
 286.000000 2.067980 -0.866965
 287.000000 2.017615 -0.788161
 288.000000 2.064934 -0.837679
 289.000000 2.098823 -0.822013
 290.000000 2.064243 -0.835177
 291.000000 2.102298 -0.792450
 292.000000 2.043307 -0.792223
 293.000000 1.974343 -0.776905
 294.000000 1.930450 -0.752836
 295.000000 1.937484 -0.847650
 296.000000 2.000155 -0.758669
 297.000000 2.088900 -0.838678
 298.000000 2.029803 -0.810166
 299.000000 2.076805 -0.824166
 300.000000 2.218930 -0.745409
 301.000000 2.103774 -0.697450
 302.000000 2.004125 -0.733146
 303.000000 2.067554 -0.795941
 304.000000 2.054998 -0.871592
 305.000000 2.115797 -0.827233
 306.000000 2.020797 -0.835148
 307.000000 1.999950 -0.807155
 308.000000 2.029586 -0.792080
 309.000000 2.045855 -0.807486
 310.000000 2.025333 -0.827462
 311.000000 1.991232 -0.770995
 312.000000 2.003183 -0.814320
 313.000000 2.106748 -0.746501
 314.000000 2.067710 -0.824137
 315.000000 2.040301 -0.761204
 316.000000 2.064991 -0.807320
 317.000000 2.047545 -0.750629
 318.000000 1.982793 -0.802827
 319.000000 1.983090 -0.768754
 320.000000 2.057914 -0.824646
 321.000000 2.133752 -0.838513
 322.000000 2.029339 -0.787400
 323.000000 2.107255 -0.795315
 324.000000 2.060623 -0.761081
 325.000000 2.054681 -0.788960
 326.000000 2.025322 -0.746398
 327.000000 2.005962 -0.794294
 328.000000 1.997105 -0.785347
 329.000000 2.085222 -0.758437
 330.000000 2.022736 -0.721688
 331.000000 2.040215 -0.797250
 332.000000 2.040896 -0.748637
 333.000000 1.969302 -0.769322
 334.000000 2.035438 -0.752721
 335.000000 1.939780 -0.709848
 336.000000 2.022981 -0.783666
 337.000000 1.982075 -0.766872
 338.000000 1.908875 -0.777300
 339.000000 2.031906 -0.793864
 340.000000 2.024599 -0.882916
 341.000000 1.932797 -0.822231
 342.000000 1.905521 -0.758726
 343.000000 1.970536 -0.808418
 344.000000 2.059603 -0.795448
 345.000000 2.028814 -0.889929
 346.000000 2.001999 -0.834744
 347.000000 1.992308 -0.841998
 348.000000 2.034078 -0.836776
 349.000000 1.987681 -0.802928
 350.000000 2.082683 -0.816178
 351.000000 1.955153 -0.807537
 352.000000 2.176481 -0.738720
 353.000000 2.097649 -0.760125
 354.000000 2.065644 -0.798089
 355.000000 2.030686 -0.788761
 356.000000 1.969896 -0.701653
 357.000000 2.022390 -0.758761
 358.000000 1.950238 -0.767987
 359.000000 1.966243 -0.712800
 360.000000 2.056392 -0.714240
 361.000000 2.049942 -0.734055
 362.000000 2.092877 -0.716324
 363.000000 2.040145 -0.739938
 364.000000 1.960239 -0.758967
 365.000000 1.966136 -0.819144
 366.000000 1.982102 -0.734942
 367.000000 2.044358 -0.754165
 368.000000 2.099274 -0.796272
 369.000000 2.098018 -0.774206
 370.000000 2.018024 -0.752683
 371.000000 1.985607 -0.776238
 372.000000 2.115656 -0.778673
 373.000000 2.032290 -0.710779
 374.000000 1.999085 -0.823675
 375.000000 2.032920 -0.790568
 376.000000 2.040379 -0.770017
 377.000000 1.952270 -0.820158
 378.000000 1.972205 -0.773901
 379.000000 2.074457 -0.789175
 380.000000 2.046576 -0.760596
 381.000000 1.987668 -0.763315
 382.000000 1.995376 -0.830169
 383.000000 2.012323 -0.746913
 384.000000 2.036553 -0.782287
 385.000000 2.006967 -0.770736
 386.000000 2.072944 -0.696061
 387.000000 2.112841 -0.747510
 388.000000 2.031233 -0.769125
 389.000000 2.051025 -0.755459
 390.000000 1.967155 -0.737740
 391.000000 2.038895 -0.773424
 392.000000 2.091476 -0.803241
 393.000000 2.130859 -0.736633
 394.000000 1.991728 -0.752555
 395.000000 2.058900 -0.761211
 396.000000 1.968596 -0.809905
 397.000000 2.071780 -0.824165
 398.000000 2.060593 -0.866842
 399.000000 2.024472 -0.804112
 400.000000 1.983746 -0.827785
 401.000000 1.933577 -0.816145
 402.000000 2.002934 -0.781910
 403.000000 2.005439 -0.769142
 404.000000 2.039564 -0.750905
 405.000000 2.024609 -0.801716
 406.000000 2.052551 -0.814566
 407.000000 1.984609 -0.760705
 408.000000 1.952637 -0.798793
 409.000000 1.978500 -0.753811
 410.000000 2.022930 -0.787006
 411.000000 2.160045 -0.803908
 412.000000 2.015885 -0.751993
 413.000000 2.048482 -0.738373
 414.000000 1.981447 -0.779710
 415.000000 2.057436 -0.778225
 416.000000 2.063046 -0.802096
 417.000000 2.078199 -0.784123
 418.000000 2.085070 -0.770264
 419.000000 2.049326 -0.726185
 420.000000 2.043024 -0.772638
 421.000000 1.925756 -0.718581
 422.000000 2.072787 -0.755012
 423.000000 2.056000 -0.734136
 424.000000 2.101742 -0.738424
 425.000000 2.011584 -0.798405
 426.000000 2.048249 -0.734368
 427.000000 2.036802 -0.761187
 428.000000 2.015435 -0.763556
 429.000000 2.055309 -0.765714
 430.000000 2.017536 -0.765514
 431.000000 1.950730 -0.827654
 432.000000 1.949121 -0.817726
 433.000000 2.070453 -0.837001
 434.000000 2.100937 -0.813066
 435.000000 1.916716 -0.804954
 436.000000 2.069938 -0.843600
 437.000000 1.962797 -0.847905
 438.000000 2.029807 -0.847945
 439.000000 2.012896 -0.825646
 440.000000 1.937172 -0.785965
 441.000000 2.067003 -0.853887
 442.000000 1.990144 -0.794173
 443.000000 2.113807 -0.813472
 444.000000 2.012121 -0.833868
 445.000000 2.084325 -0.824715
 446.000000 2.046037 -0.741936
 447.000000 1.972334 -0.779871
 448.000000 2.115045 -0.707613
 449.000000 2.037587 -0.777569
 450.000000 2.036072 -0.717031
 451.000000 2.081952 -0.754297
 452.000000 1.917325 -0.764367
 453.000000 2.006823 -0.699053
 454.000000 2.146983 -0.745538
 455.000000 2.089976 -0.819898
 456.000000 2.103791 -0.788237
 457.000000 2.063860 -0.786615
 458.000000 2.086136 -0.734975
 459.000000 2.035946 -0.733273
 460.000000 2.075976 -0.768007
 461.000000 2.031839 -0.790027
 462.000000 2.128984 -0.763905
 463.000000 2.054502 -0.746093
 464.000000 1.969468 -0.776849
 465.000000 2.036959 -0.690494
 466.000000 2.107421 -0.749050
 467.000000 2.083498 -0.736098
 468.000000 2.108745 -0.800844
 469.000000 2.019914 -0.749258
 470.000000 2.198195 -0.743063
 471.000000 2.103915 -0.834868
 472.000000 2.054705 -0.783354
 473.000000 2.045040 -0.795371
 474.000000 2.045588 -0.803133
 475.000000 2.089610 -0.809721
 476.000000 2.100592 -0.786016
 477.000000 2.051340 -0.828882
 478.000000 2.170710 -0.812191
 479.000000 2.181089 -0.764143
 480.000000 2.072975 -0.825027
 481.000000 2.012758 -0.793304
 482.000000 2.029557 -0.753084
 483.000000 2.013236 -0.733741
 484.000000 2.021818 -0.770887
 485.000000 2.081388 -0.784289
 486.000000 1.982500 -0.756660
 487.000000 2.020150 -0.753135
 488.000000 2.089619 -0.711682
 489.000000 2.025600 -0.749943
 490.000000 2.089494 -0.758173
 491.000000 2.004472 -0.765551
 492.000000 2.057644 -0.794834
 493.000000 2.020369 -0.737867
 494.000000 2.070203 -0.732364
 495.000000 2.105181 -0.738862
 496.000000 2.063325 -0.790713
 497.000000 2.100865 -0.774022
 498.000000 1.993090 -0.673615
 499.000000 2.000785 -0.765139
 500.000000 2.074309 -0.759297
 501.000000 1.955174 -0.813135
 502.000000 2.083664 -0.830046
 503.000000 2.139278 -0.825935
 504.000000 2.020412 -0.789586
 505.000000 2.047737 -0.791224
 506.000000 2.073222 -0.825600
 507.000000 2.132921 -0.774414
 508.000000 1.985157 -0.792498
 509.000000 1.939402 -0.730972
 510.000000 2.048479 -0.814095
 511.000000 2.009688 -0.792521
 512.000000 1.948801 -0.819687
 513.000000 1.978583 -0.832159
 514.000000 1.917885 -0.816915
 515.000000 1.949317 -0.824322
 516.000000 2.017323 -0.845189
 517.000000 2.087000 -0.782559
 518.000000 1.950264 -0.822105
 519.000000 1.909872 -0.764457
 520.000000 1.920722 -0.777817
 521.000000 2.071955 -0.780029
 522.000000 2.026862 -0.757750
 523.000000 1.937403 -0.820261
 524.000000 1.998759 -0.840568
 525.000000 1.959315 -0.816734
 526.000000 2.005007 -0.796961
 527.000000 1.941558 -0.743937
 528.000000 1.911538 -0.806370
 529.000000 1.920973 -0.770469
 530.000000 1.968424 -0.793891
 531.000000 2.046553 -0.801225
 532.000000 1.948173 -0.782917
 533.000000 1.785528 -0.778454
 534.000000 1.918046 -0.773875
 535.000000 2.020976 -0.798760
 536.000000 1.950586 -0.789075
 537.000000 1.913288 -0.808586
 538.000000 1.882323 -0.804877
 539.000000 1.940091 -0.813994
 540.000000 1.906874 -0.812761
 541.000000 1.921628 -0.765074
 542.000000 2.014862 -0.880850
 543.000000 1.909747 -0.757302
 544.000000 1.975057 -0.761441
 545.000000 2.008333 -0.798924
 546.000000 1.947578 -0.814835
 547.000000 2.032267 -0.771298
 548.000000 2.066662 -0.722854
 549.000000 2.011251 -0.764883
 550.000000 1.936891 -0.809081
 551.000000 2.017494 -0.737478
 552.000000 1.993875 -0.713209
 553.000000 2.065990 -0.771118
 554.000000 1.986494 -0.755419
 555.000000 1.968440 -0.795876
 556.000000 2.058343 -0.787708
 557.000000 2.017173 -0.754046
 558.000000 2.047755 -0.753626
 559.000000 2.131485 -0.663473
 560.000000 1.987587 -0.730045
 561.000000 1.966918 -0.715908
 562.000000 1.960153 -0.723776
 563.000000 2.001984 -0.785780
 564.000000 2.007023 -0.751629
 565.000000 1.920090 -0.769688
 566.000000 2.061199 -0.789796
 567.000000 2.067646 -0.784209
 568.000000 2.026345 -0.743677
 569.000000 2.005647 -0.740068
 570.000000 2.038023 -0.792238
 571.000000 2.079673 -0.809502
 572.000000 2.043579 -0.723861
 573.000000 2.103463 -0.718519
 574.000000 1.968042 -0.769973
 575.000000 1.956992 -0.799413
 576.000000 2.047040 -0.742524
 577.000000 2.001128 -0.750224
 578.000000 1.944866 -0.841344
 579.000000 2.035101 -0.769613
 580.000000 2.106727 -0.765711
 581.000000 2.070782 -0.729366
 582.000000 2.039181 -0.741835
 583.000000 1.998962 -0.716574
 584.000000 2.131751 -0.740762
 585.000000 2.062412 -0.678982
 586.000000 1.949369 -0.729691
 587.000000 2.128570 -0.732636
 588.000000 2.125252 -0.723422
 589.000000 2.053819 -0.777189
 590.000000 2.034814 -0.719607
 591.000000 2.090277 -0.797999
 592.000000 2.156949 -0.749512
 593.000000 1.952551 -0.798987
 594.000000 1.964906 -0.795983
 595.000000 2.026325 -0.828005
 596.000000 2.145003 -0.778150
 597.000000 1.974179 -0.761075
 598.000000 2.092567 -0.809620
 599.000000 2.022202 -0.786522
 600.000000 2.101414 -0.719508
 601.000000 2.008442 -0.731957
 602.000000 2.004343 -0.713080
 603.000000 2.022112 -0.776685
 604.000000 2.123958 -0.784729
 605.000000 1.997912 -0.776295
 606.000000 1.974360 -0.725587
 607.000000 2.097254 -0.720537
 608.000000 2.080486 -0.736838
 609.000000 2.064863 -0.713612
 610.000000 2.124541 -0.757546
 611.000000 2.063983 -0.778607
 612.000000 2.015363 -0.797856
 613.000000 2.065258 -0.834671
 614.000000 2.090272 -0.777650
 615.000000 2.086201 -0.782553
 616.000000 1.997713 -0.885141
 617.000000 2.085628 -0.833299
 618.000000 2.045190 -0.798271
 619.000000 2.022424 -0.805976
 620.000000 2.098267 -0.770910
 621.000000 2.026288 -0.785103
 622.000000 2.063979 -0.875224
 623.000000 2.033038 -0.805312
 624.000000 2.049673 -0.882093
 625.000000 2.150385 -0.820158
 626.000000 2.060965 -0.807401
 627.000000 1.966720 -0.753887
 628.000000 2.119943 -0.823166
 629.000000 2.134848 -0.807730
 630.000000 2.062147 -0.814291
 631.000000 2.094680 -0.772697
 632.000000 2.138376 -0.773781
 633.000000 2.085424 -0.739824
 634.000000 2.012741 -0.793278
 635.000000 1.960710 -0.773941
 636.000000 2.121438 -0.753528
 637.000000 2.043881 -0.711457
 638.000000 2.026026 -0.788714
 639.000000 2.001007 -0.836331
 640.000000 1.983134 -0.764028
 641.000000 2.121166 -0.780547
 642.000000 2.052839 -0.806735
 643.000000 2.047920 -0.794998
 644.000000 2.175464 -0.716347
 645.000000 2.163895 -0.799139
 646.000000 2.016660 -0.806390
 647.000000 2.002795 -0.790595
 648.000000 2.096629 -0.707477
 649.000000 1.987155 -0.757844
 650.000000 2.068167 -0.762684
 651.000000 2.162834 -0.745223
 652.000000 2.110828 -0.774465
 653.000000 2.114806 -0.777884
 654.000000 2.126159 -0.720019
 655.000000 2.124282 -0.824502
 656.000000 2.124034 -0.695783
 657.000000 2.149860 -0.815398
 658.000000 2.109473 -0.737045
 659.000000 2.259907 -0.813868
 660.000000 2.071071 -0.762899
 661.000000 2.000296 -0.715204
 662.000000 2.150582 -0.765884
 663.000000 2.117463 -0.864444
 664.000000 2.103119 -0.781708
 665.000000 2.048446 -0.775966
 666.000000 1.982056 -0.779304
 667.000000 1.946372 -0.790490
 668.000000 2.028324 -0.761816
 669.000000 2.019710 -0.840967
 670.000000 2.102787 -0.756257
 671.000000 2.026214 -0.806867
 672.000000 2.093783 -0.722805
 673.000000 2.086469 -0.774505
 674.000000 2.074287 -0.782308
 675.000000 2.087806 -0.800803
 676.000000 2.011484 -0.825551
 677.000000 2.121220 -0.804532
 678.000000 2.057761 -0.751439
 679.000000 2.127811 -0.799174
 680.000000 2.064425 -0.735448
 681.000000 2.098739 -0.774049
 682.000000 2.075981 -0.746142
 683.000000 2.141393 -0.743883
 684.000000 1.971432 -0.796891
 685.000000 2.022030 -0.820183
 686.000000 2.031996 -0.725227
 687.000000 1.955358 -0.752008
 688.000000 2.128922 -0.714622
 689.000000 2.093514 -0.701984
 690.000000 2.039521 -0.741002
 691.000000 1.968254 -0.769000
 692.000000 1.980176 -0.717519
 693.000000 1.988053 -0.753442
 694.000000 2.043311 -0.820150
 695.000000 2.061182 -0.846433
 696.000000 2.060963 -0.850963
 697.000000 2.028530 -0.822057
 698.000000 1.997355 -0.804572
 699.000000 2.073881 -0.790626
 700.000000 1.938244 -0.882774
 701.000000 2.116820 -0.730223
 702.000000 2.160567 -0.690505
 703.000000 2.166591 -0.669002
 704.000000 2.065656 -0.724463
 705.000000 2.002954 -0.783355
 706.000000 2.099677 -0.718546
 707.000000 2.054721 -0.801499
 708.000000 2.108672 -0.820278
 709.000000 2.097140 -0.725642
 710.000000 2.052868 -0.815591
 711.000000 2.075794 -0.758625
 712.000000 1.941688 -0.845837
 713.000000 2.038109 -0.803801
 714.000000 1.985831 -0.760014
 715.000000 2.001941 -0.760084
 716.000000 1.953549 -0.807701
 717.000000 2.092567 -0.815843
 718.000000 2.054440 -0.748472
 719.000000 2.012931 -0.755891
 720.000000 2.090596 -0.789651
 721.000000 1.968472 -0.821783
 722.000000 2.016528 -0.768433
 723.000000 2.005653 -0.778520
 724.000000 2.067818 -0.775017
 725.000000 2.027096 -0.776684
 726.000000 2.021099 -0.801295
 727.000000 2.026465 -0.752374
 728.000000 2.038792 -0.818622
 729.000000 2.055494 -0.756471
 730.000000 2.043470 -0.722682
 731.000000 2.042986 -0.741990
 732.000000 2.017910 -0.762688
 733.000000 1.958385 -0.763431
 734.000000 2.143498 -0.774675
 735.000000 1.955936 -0.756122
 736.000000 2.036974 -0.722445
 737.000000 1.989514 -0.790997
 738.000000 2.093014 -0.813484
 739.000000 2.070968 -0.783247
 740.000000 2.112364 -0.739069
 741.000000 2.101850 -0.778187
 742.000000 2.155156 -0.862828
 743.000000 1.950485 -0.812586
 744.000000 2.023815 -0.799123
 745.000000 2.084560 -0.749503
 746.000000 1.988395 -0.783979
 747.000000 2.053798 -0.722567
 748.000000 2.085867 -0.683688
 749.000000 2.035451 -0.733692
 750.000000 2.089631 -0.802237
 751.000000 2.124013 -0.765187
 752.000000 2.051603 -0.808872
 753.000000 2.074939 -0.791220
 754.000000 2.105673 -0.780169
 755.000000 2.077514 -0.717801
 756.000000 2.043281 -0.716519
 757.000000 2.036155 -0.731997
 758.000000 1.986352 -0.685981
 759.000000 2.160041 -0.722937
 760.000000 2.174302 -0.692435
 761.000000 2.113003 -0.710039
 762.000000 1.993364 -0.734325
 763.000000 2.028860 -0.723488
 764.000000 2.033581 -0.772895
 765.000000 2.036686 -0.723865
 766.000000 1.968618 -0.665612
 767.000000 2.001326 -0.712916
 768.000000 1.877084 -0.724846
 769.000000 2.007608 -0.777352
 770.000000 1.944869 -0.751472
 771.000000 2.064718 -0.734330
 772.000000 2.081195 -0.784942
 773.000000 1.999353 -0.751412
 774.000000 2.095732 -0.804272
 775.000000 2.037999 -0.824513
 776.000000 1.944824 -0.759798
 777.000000 2.013814 -0.772994
 778.000000 2.160683 -0.739051
 779.000000 2.037551 -0.751952
 780.000000 2.002074 -0.776415
 781.000000 2.107472 -0.769133
 782.000000 2.064154 -0.740415
 783.000000 2.053610 -0.799644
 784.000000 2.115219 -0.781028
 785.000000 2.048195 -0.858777
 786.000000 2.072099 -0.764947
 787.000000 2.027019 -0.810462
 788.000000 2.082729 -0.809937
 789.000000 2.178591 -0.799870
 790.000000 2.065027 -0.803574
 791.000000 1.982500 -0.782179
 792.000000 1.998352 -0.749715
 793.000000 2.028674 -0.735701
 794.000000 1.990011 -0.850861
 795.000000 1.918511 -0.821293
 796.000000 1.900318 -0.767205
 797.000000 2.048840 -0.722509
 798.000000 2.020829 -0.745717
 799.000000 2.067053 -0.779811
 800.000000 1.909928 -0.730271
 801.000000 2.004667 -0.779044
 802.000000 2.037637 -0.770405
 803.000000 2.013780 -0.678082
 804.000000 2.013069 -0.791079
 805.000000 2.117718 -0.710594
 806.000000 2.080920 -0.767405
 807.000000 2.055629 -0.751625
 808.000000 2.151705 -0.761644
 809.000000 2.108554 -0.778987
 810.000000 2.040102 -0.765118
 811.000000 2.047539 -0.736978
 812.000000 2.092493 -0.740617
 813.000000 2.054356 -0.809008
 814.000000 2.047812 -0.760392
 815.000000 2.115874 -0.756630
 816.000000 2.047907 -0.729921
 817.000000 2.026932 -0.759081
 818.000000 1.994025 -0.724969
 819.000000 2.012487 -0.739131
 820.000000 2.042173 -0.706340
 821.000000 2.012521 -0.733197
 822.000000 1.982483 -0.743667
 823.000000 1.994504 -0.755369
 824.000000 1.959559 -0.739242
 825.000000 2.093200 -0.810721
 826.000000 2.052084 -0.733136
 827.000000 2.063882 -0.781562
 828.000000 2.024904 -0.772986
 829.000000 1.925249 -0.723423
 830.000000 2.096690 -0.794745
 831.000000 1.997514 -0.759123
 832.000000 2.162380 -0.732788
 833.000000 2.042517 -0.731478
 834.000000 2.040656 -0.811563
 835.000000 1.991573 -0.741764
 836.000000 2.158173 -0.770988
 837.000000 2.051585 -0.737268
 838.000000 2.110491 -0.716214
 839.000000 1.955637 -0.803272
 840.000000 2.010866 -0.799363
 841.000000 2.066281 -0.762620
 842.000000 2.136349 -0.753096
 843.000000 1.954860 -0.798497
 844.000000 2.093993 -0.796069
 845.000000 1.921430 -0.788562
 846.000000 1.998489 -0.786076
 847.000000 2.120927 -0.818346
 848.000000 2.030607 -0.830320
 849.000000 2.078422 -0.860646
 850.000000 2.079983 -0.815440
 851.000000 2.049570 -0.824796
 852.000000 2.142220 -0.761668
 853.000000 2.122346 -0.785529
 854.000000 2.174518 -0.816076
 855.000000 2.038399 -0.844353
 856.000000 2.068036 -0.774448
 857.000000 2.064345 -0.767331
 858.000000 2.066406 -0.773127
 859.000000 2.112762 -0.762750
 860.000000 2.013598 -0.691053
 861.000000 2.046067 -0.750792
 862.000000 2.042667 -0.740406
 863.000000 2.005076 -0.737170
 864.000000 2.087211 -0.773170
 865.000000 2.061485 -0.789064
 866.000000 2.039526 -0.806492
 867.000000 1.996063 -0.765254
 868.000000 2.011918 -0.775763
 869.000000 2.101692 -0.809317
 870.000000 2.028346 -0.831889
 871.000000 2.036147 -0.801998
 872.000000 1.988782 -0.845183
 873.000000 1.978344 -0.751936
 874.000000 2.091296 -0.770283
 875.000000 2.078604 -0.859151
 876.000000 2.077662 -0.796711
 877.000000 1.980794 -0.806733
 878.000000 2.066396 -0.867483
 879.000000 2.139954 -0.821738
 880.000000 1.953544 -0.767217
 881.000000 2.000417 -0.807761
 882.000000 2.099813 -0.796650
 883.000000 1.974393 -0.779564
 884.000000 2.058441 -0.850824
 885.000000 2.100469 -0.839055
 886.000000 1.983905 -0.812407
 887.000000 2.032333 -0.813563
 888.000000 1.955656 -0.795301
 889.000000 1.964672 -0.769555
 890.000000 2.087905 -0.825918
 891.000000 2.085035 -0.824853
 892.000000 2.021556 -0.797353
 893.000000 1.961847 -0.849816
 894.000000 2.219467 -0.850041
 895.000000 2.054711 -0.808821
 896.000000 2.016126 -0.806962
 897.000000 2.162725 -0.706736
 898.000000 1.959625 -0.716122
 899.000000 2.052359 -0.761878
 900.000000 1.977928 -0.774298
 901.000000 1.994447 -0.799451
 902.000000 2.033767 -0.748701
 903.000000 1.990140 -0.801843
 904.000000 2.017571 -0.730306
 905.000000 2.053971 -0.723667
 906.000000 2.095090 -0.805335
 907.000000 2.148655 -0.746280
 908.000000 2.092546 -0.738722
 909.000000 2.055567 -0.707488
 910.000000 2.060439 -0.743582
 911.000000 2.045790 -0.788948
 912.000000 2.030809 -0.727027
 913.000000 2.049002 -0.756232
 914.000000 2.086310 -0.749996
 915.000000 2.013672 -0.750463
 916.000000 2.095668 -0.831543
 917.000000 2.090270 -0.791602
 918.000000 1.989728 -0.775894
 919.000000 2.059884 -0.807732
 920.000000 2.127546 -0.847387
 921.000000 2.025614 -0.817014
 922.000000 1.931406 -0.788382
 923.000000 1.945524 -0.738136
 924.000000 1.996157 -0.699398
 925.000000 1.963999 -0.745259
 926.000000 1.935746 -0.747116
 927.000000 1.937134 -0.775910
 928.000000 2.057485 -0.743769
 929.000000 1.918483 -0.809231
 930.000000 2.028125 -0.872341
 931.000000 2.041621 -0.750383
 932.000000 2.132565 -0.697059
 933.000000 1.989493 -0.698754
 934.000000 1.977032 -0.721292
 935.000000 2.067338 -0.654023
 936.000000 2.083928 -0.772136
 937.000000 2.059242 -0.728414
 938.000000 2.073793 -0.782983
 939.000000 1.973192 -0.765856
 940.000000 2.006082 -0.795655
 941.000000 1.993345 -0.754795
 942.000000 2.003679 -0.791239
 943.000000 1.976190 -0.808971
 944.000000 2.032419 -0.802098
 945.000000 2.012196 -0.804976
 946.000000 2.115946 -0.780629
 947.000000 2.081840 -0.828203
 948.000000 2.015055 -0.862160
 949.000000 2.012601 -0.753722
 950.000000 1.914502 -0.796108
 951.000000 2.034327 -0.794184
 952.000000 2.038960 -0.757952
 953.000000 2.041511 -0.620897
 954.000000 2.044819 -0.707533
 955.000000 2.032946 -0.755094
 956.000000 2.011094 -0.733234
 957.000000 2.082911 -0.723234
 958.000000 2.055326 -0.745514
 959.000000 2.023216 -0.748081
 960.000000 1.900889 -0.767879
 961.000000 2.007530 -0.732838
 962.000000 2.017030 -0.752413
 963.000000 2.029730 -0.732386
 964.000000 1.995150 -0.752485
 965.000000 1.961465 -0.712602
 966.000000 1.918691 -0.740535
 967.000000 2.020206 -0.764809
 968.000000 2.027351 -0.709695
 969.000000 2.121483 -0.722997
 970.000000 2.021873 -0.793029
 971.000000 1.908077 -0.771015
 972.000000 2.105374 -0.818809
 973.000000 2.030991 -0.749166
 974.000000 2.035407 -0.832995
 975.000000 2.002903 -0.783148
 976.000000 2.047968 -0.753198
 977.000000 2.050637 -0.813465
 978.000000 1.972228 -0.765649
 979.000000 1.983450 -0.767471
 980.000000 2.013502 -0.801345
 981.000000 1.962771 -0.762373
 982.000000 1.995164 -0.797493
 983.000000 1.990000 -0.867080
 984.000000 1.982721 -0.875504
 985.000000 2.032102 -0.874412
 986.000000 2.059937 -0.807233
 987.000000 2.100968 -0.728429
 988.000000 2.155512 -0.736081
 989.000000 1.972462 -0.852835
 990.000000 2.124583 -0.833939
 991.000000 2.003150 -0.835005
 992.000000 2.083992 -0.909596
 993.000000 2.018800 -0.794190
 994.000000 1.998305 -0.798196
 995.000000 1.973070 -0.852350
 996.000000 2.124187 -0.856597
 997.000000 2.081301 -0.748411
 998.000000 1.992364 -0.754061
 999.000000 2.017105 -0.809300
 1000.000000 1.946123 -0.792173
 1001.000000 2.036452 -0.814592
 1002.000000 2.040068 -0.693601
 1003.000000 2.069124 -0.798744
 1004.000000 2.129114 -0.715408
 1005.000000 2.065254 -0.757940
 1006.000000 2.067561 -0.791727
 1007.000000 2.034221 -0.784660
 1008.000000 1.967396 -0.753148
 1009.000000 2.051560 -0.802203
 1010.000000 2.056493 -0.710150
 1011.000000 2.062850 -0.755253
 1012.000000 2.166503 -0.698780
 1013.000000 2.097989 -0.704985
 1014.000000 2.011387 -0.760131
 1015.000000 2.008255 -0.715194
 1016.000000 2.042983 -0.730422
 1017.000000 2.087586 -0.749009
 1018.000000 1.953927 -0.717606
 1019.000000 2.029890 -0.705035
 1020.000000 2.041792 -0.737141
 1021.000000 2.091056 -0.682468
 1022.000000 2.088573 -0.688169
 1023.000000 2.064691 -0.713982
 1024.000000 2.053185 -0.752712
 1025.000000 2.074815 -0.697669
 1026.000000 1.966388 -0.723353
 1027.000000 1.959825 -0.764139
 1028.000000 2.001293 -0.825280
 1029.000000 1.994323 -0.718235
 1030.000000 2.161009 -0.718180
 1031.000000 2.000050 -0.718750
 1032.000000 2.033999 -0.747167
 1033.000000 2.099914 -0.772482
 1034.000000 2.043920 -0.729140
 1035.000000 1.940545 -0.825616
 1036.000000 2.055368 -0.810339
 1037.000000 2.089208 -0.801450
 1038.000000 2.132640 -0.844027
 1039.000000 2.154155 -0.762541
 1040.000000 2.094610 -0.787239
 1041.000000 2.040771 -0.784884
 1042.000000 1.953248 -0.783240
 1043.000000 1.960913 -0.774915
 1044.000000 2.047286 -0.760349
 1045.000000 2.086937 -0.714472
 1046.000000 1.928567 -0.780277
 1047.000000 2.094097 -0.782424
 1048.000000 2.024052 -0.819961
 1049.000000 1.988605 -0.742733
 1050.000000 1.862335 -0.741810
 1051.000000 2.053695 -0.714288
 1052.000000 1.957049 -0.742851
 1053.000000 2.039193 -0.742369
 1054.000000 2.026366 -0.680471
 1055.000000 2.027790 -0.686956
 1056.000000 1.986225 -0.725937
 1057.000000 2.004421 -0.711512
 1058.000000 1.954272 -0.719041
 1059.000000 1.966782 -0.681660
 1060.000000 1.947666 -0.708274
 1061.000000 1.981619 -0.688736
 1062.000000 2.058745 -0.680609
 1063.000000 2.023395 -0.617314
 1064.000000 1.985212 -0.674049
 1065.000000 2.056663 -0.695949
 1066.000000 2.081374 -0.770572
 1067.000000 1.990454 -0.692499
 1068.000000 1.950702 -0.834580
 1069.000000 1.967760 -0.772834
 1070.000000 1.934564 -0.817383
 1071.000000 2.038806 -0.776815
 1072.000000 2.108375 -0.754691
 1073.000000 1.928022 -0.771792
 1074.000000 2.019153 -0.780648
 1075.000000 1.982063 -0.716181
 1076.000000 1.956614 -0.715732
 1077.000000 1.971518 -0.789681
 1078.000000 1.966254 -0.777031
 1079.000000 2.015442 -0.744024
 1080.000000 1.932443 -0.779988
 1081.000000 2.000096 -0.824579
 1082.000000 1.861540 -0.773907
 1083.000000 1.905800 -0.780713
 1084.000000 1.981683 -0.743018
 1085.000000 2.040417 -0.793561
 1086.000000 2.050529 -0.734343
 1087.000000 1.988678 -0.672912
 1088.000000 2.019295 -0.642292
 1089.000000 2.011882 -0.727377
 1090.000000 1.940769 -0.721437
 1091.000000 2.031243 -0.739661
 1092.000000 2.014799 -0.711208
 1093.000000 1.922213 -0.769494
 1094.000000 1.836227 -0.748633
 1095.000000 1.871247 -0.731524
 1096.000000 1.949905 -0.747409
 1097.000000 2.045404 -0.709971
 1098.000000 1.989587 -0.760576
 1099.000000 2.114409 -0.769054
 1100.000000 2.079746 -0.678719
 1101.000000 2.156217 -0.740087
 1102.000000 2.106640 -0.755113
 1103.000000 1.912988 -0.719489
 1104.000000 2.018058 -0.706584
 1105.000000 2.055057 -0.658892
 1106.000000 2.047834 -0.726794
 1107.000000 2.100891 -0.595198
 1108.000000 2.102233 -0.733457
 1109.000000 1.933536 -0.638087
 1110.000000 2.022541 -0.702393
 1111.000000 1.941064 -0.738874
 1112.000000 2.005558 -0.663782
 1113.000000 2.110830 -0.674640
 1114.000000 2.067285 -0.664743
 1115.000000 2.050508 -0.725892
 1116.000000 2.095906 -0.740807
 1117.000000 2.106214 -0.737650
 1118.000000 2.029338 -0.739888
 1119.000000 1.971027 -0.827625
 1120.000000 2.029891 -0.688048
 1121.000000 2.017321 -0.724308
 1122.000000 1.962477 -0.753800
 1123.000000 2.002020 -0.829100
 1124.000000 2.084201 -0.760177
 1125.000000 1.935669 -0.825893
 1126.000000 2.054094 -0.816180
 1127.000000 2.003062 -0.838917
 1128.000000 2.044603 -0.852605
 1129.000000 2.179933 -0.778689
 1130.000000 2.059785 -0.772351
 1131.000000 1.970808 -0.797487
 1132.000000 2.162885 -0.741745
 1133.000000 2.154711 -0.767940
 1134.000000 2.122607 -0.716500
 1135.000000 2.134096 -0.739774
 1136.000000 2.057767 -0.788239
 1137.000000 2.062829 -0.723086
 1138.000000 2.132929 -0.755744
 1139.000000 2.151102 -0.760559
 1140.000000 2.065403 -0.803838
 1141.000000 1.987500 -0.778735
 1142.000000 2.010884 -0.769968
 1143.000000 2.003079 -0.700039
 1144.000000 2.103086 -0.785144
 1145.000000 2.040598 -0.787009
 1146.000000 2.185514 -0.826124
 1147.000000 2.162694 -0.758283
 1148.000000 1.975184 -0.677368
 1149.000000 2.022028 -0.643765
 1150.000000 2.016968 -0.714524
 1151.000000 2.030734 -0.788013
 1152.000000 2.073352 -0.756900
 1153.000000 1.992911 -0.801992
 1154.000000 2.055318 -0.732999
 1155.000000 2.023400 -0.844079
 1156.000000 2.084163 -0.773415
 1157.000000 2.039112 -0.731437
 1158.000000 2.013876 -0.786693
 1159.000000 2.084655 -0.807117
 1160.000000 2.039325 -0.810117
 1161.000000 2.081328 -0.697526
 1162.000000 2.024351 -0.794387
 1163.000000 1.985206 -0.740421
 1164.000000 2.065157 -0.777480
 1165.000000 2.052341 -0.813217
 1166.000000 2.079486 -0.802284
 1167.000000 2.130434 -0.769354
 1168.000000 1.997905 -0.769828
 1169.000000 2.005539 -0.748001
 1170.000000 2.123875 -0.681594
 1171.000000 2.006567 -0.760737
 1172.000000 2.100719 -0.806753
 1173.000000 2.039411 -0.865299
 1174.000000 2.157527 -0.885477
 1175.000000 2.096710 -0.837906
 1176.000000 2.070181 -0.876691
 1177.000000 2.041327 -0.755996
 1178.000000 1.868878 -0.731173
 1179.000000 1.949364 -0.776804
 1180.000000 2.038047 -0.765381
 1181.000000 2.017655 -0.740534
 1182.000000 2.017184 -0.723350
 1183.000000 1.966988 -0.730503
 1184.000000 2.124340 -0.785880
 1185.000000 2.092751 -0.764794
 1186.000000 1.939329 -0.768909
 1187.000000 2.061765 -0.715990
 1188.000000 2.206972 -0.758674
 1189.000000 2.073316 -0.783441
 1190.000000 2.116746 -0.821040
 1191.000000 2.078983 -0.801304
 1192.000000 2.046468 -0.843821
 1193.000000 2.094874 -0.772808
 1194.000000 2.041724 -0.726075
 1195.000000 2.116288 -0.781119
 1196.000000 2.024993 -0.725975
 1197.000000 2.126953 -0.767723
 1198.000000 2.082983 -0.739565
 1199.000000 2.017116 -0.792172
 1200.000000 2.095118 -0.721389
 1201.000000 2.026475 -0.791311
 1202.000000 2.174569 -0.802948
 1203.000000 2.130127 -0.810685
 1204.000000 2.070216 -0.791940
 1205.000000 2.083376 -0.780949
 1206.000000 2.000628 -0.683750
 1207.000000 2.038444 -0.775676
 1208.000000 2.109274 -0.771127
 1209.000000 2.111179 -0.712623
 1210.000000 2.118658 -0.737961
 1211.000000 2.118855 -0.814433
 1212.000000 2.231468 -0.792281
 1213.000000 2.042487 -0.804035
 1214.000000 2.005853 -0.785807
 1215.000000 2.030716 -0.787306
 1216.000000 1.939035 -0.779997
 1217.000000 2.095371 -0.795232
 1218.000000 1.966898 -0.831125
 1219.000000 2.115693 -0.770158
 1220.000000 2.003282 -0.847366
 1221.000000 2.176850 -0.793293
 1222.000000 1.989005 -0.753885
 1223.000000 2.027216 -0.765122
 1224.000000 1.995805 -0.790320
 1225.000000 1.975978 -0.750408
 1226.000000 1.875080 -0.779132
 1227.000000 2.211823 -0.760820
 1228.000000 2.070130 -0.815647
 1229.000000 2.020843 -0.832902
 1230.000000 2.112544 -0.783785
 1231.000000 1.971179 -0.757816
 1232.000000 1.963327 -0.728380
 1233.000000 1.974383 -0.757714
 1234.000000 1.979614 -0.797650
 1235.000000 2.006697 -0.743144
 1236.000000 2.009395 -0.733365
 1237.000000 2.061752 -0.720201
 1238.000000 2.089082 -0.737694
 1239.000000 2.027350 -0.723157
 1240.000000 2.031370 -0.769786
 1241.000000 2.060158 -0.820121
 1242.000000 1.965840 -0.803005
 1243.000000 2.002766 -0.780554
 1244.000000 1.996513 -0.728522
 1245.000000 2.051301 -0.753469
 1246.000000 2.055640 -0.745042
 1247.000000 2.138294 -0.784664
 1248.000000 2.076462 -0.688097
 1249.000000 2.023695 -0.722412
 1250.000000 2.117893 -0.760779
 1251.000000 2.056438 -0.759053
 1252.000000 2.113683 -0.724204
 1253.000000 1.957521 -0.725490
 1254.000000 2.077470 -0.761590
 1255.000000 2.065278 -0.699038
 1256.000000 1.974255 -0.717034
 1257.000000 2.009793 -0.725778
 1258.000000 2.014620 -0.779479
 1259.000000 2.034236 -0.741663
 1260.000000 2.018432 -0.735181
 1261.000000 1.942414 -0.700144
 1262.000000 2.013824 -0.724043
 1263.000000 2.049479 -0.770092
 1264.000000 2.014162 -0.798739
 1265.000000 2.005342 -0.674268
 1266.000000 1.909298 -0.753446
 1267.000000 2.010421 -0.818015
 1268.000000 2.065314 -0.785037
 1269.000000 2.077659 -0.755107
 1270.000000 2.040616 -0.808091
 1271.000000 2.081760 -0.766201
 1272.000000 2.040153 -0.719165
 1273.000000 2.019582 -0.736699
 1274.000000 2.024418 -0.634486
 1275.000000 2.002002 -0.737734
 1276.000000 2.005297 -0.735325
 1277.000000 1.997539 -0.802666
 1278.000000 1.972168 -0.681708
 1279.000000 1.966508 -0.788601
 1280.000000 2.061408 -0.768204
 1281.000000 1.991795 -0.715913
 1282.000000 2.029491 -0.735094
 1283.000000 2.019409 -0.727379
 1284.000000 2.008801 -0.762672
 1285.000000 2.094034 -0.754876
 1286.000000 1.957820 -0.746612
 1287.000000 2.004937 -0.779668
 1288.000000 1.966341 -0.739017
 1289.000000 1.911966 -0.684867
 1290.000000 2.010393 -0.767868
 1291.000000 2.040999 -0.718439
 1292.000000 2.010840 -0.740628
 1293.000000 2.051086 -0.762353
 1294.000000 2.164510 -0.815179
 1295.000000 2.094412 -0.749027
 1296.000000 2.085054 -0.747681
 1297.000000 2.050719 -0.769263
 1298.000000 2.150540 -0.680644
 1299.000000 2.000591 -0.724645
 1300.000000 1.997219 -0.718194
 1301.000000 2.044913 -0.767558
 1302.000000 2.060185 -0.726087
 1303.000000 2.029220 -0.770306
 1304.000000 1.949462 -0.740223
 1305.000000 2.008508 -0.822505
 1306.000000 2.060894 -0.727207
 1307.000000 1.953687 -0.747665
 1308.000000 2.051053 -0.773696
 1309.000000 2.074371 -0.794564
 1310.000000 2.093494 -0.838788
 1311.000000 2.079434 -0.707564
 1312.000000 2.078108 -0.762340
 1313.000000 2.105230 -0.701298
 1314.000000 2.079863 -0.726681
 1315.000000 2.185904 -0.719033
 1316.000000 2.057608 -0.780599
 1317.000000 1.998146 -0.720722
 1318.000000 2.044176 -0.745746
 1319.000000 2.109270 -0.699804
 1320.000000 2.009712 -0.729066
 1321.000000 2.081954 -0.774894
 1322.000000 2.066595 -0.758870
 1323.000000 2.181227 -0.724607
 1324.000000 2.049890 -0.715288
 1325.000000 2.114014 -0.753532
 1326.000000 2.035032 -0.727884
 1327.000000 2.159056 -0.815535
 1328.000000 1.989243 -0.760880
 1329.000000 2.052521 -0.718397
 1330.000000 1.969867 -0.724965
 1331.000000 2.002106 -0.711929
 1332.000000 2.036149 -0.700349
 1333.000000 2.062362 -0.718665
 1334.000000 2.037909 -0.801043
 1335.000000 2.064674 -0.809261
 1336.000000 2.096261 -0.779604
 1337.000000 2.101673 -0.755485
 1338.000000 1.965682 -0.820147
 1339.000000 2.029283 -0.820851
 1340.000000 2.143607 -0.750982
 1341.000000 2.016561 -0.833883
 1342.000000 2.019284 -0.753916
 1343.000000 1.942879 -0.781617
 1344.000000 2.040586 -0.803645
 1345.000000 2.032083 -0.807622
 1346.000000 2.000066 -0.799971
 1347.000000 2.120276 -0.806613
 1348.000000 2.004850 -0.793398
 1349.000000 2.102294 -0.816687
 1350.000000 1.957994 -0.789400
 1351.000000 2.007171 -0.790473
 1352.000000 2.035104 -0.816970
 1353.000000 2.006073 -0.761399
 1354.000000 2.083817 -0.733182
 1355.000000 2.046999 -0.725488
 1356.000000 2.061476 -0.726891
 1357.000000 2.101030 -0.776384
 1358.000000 2.057991 -0.778323
 1359.000000 2.048593 -0.791064
 1360.000000 1.970270 -0.801552
 1361.000000 2.071799 -0.771679
 1362.000000 2.036306 -0.847660
 1363.000000 2.115861 -0.745616
 1364.000000 2.056460 -0.721573
 1365.000000 2.088045 -0.746053
 1366.000000 1.974706 -0.793869
 1367.000000 2.020738 -0.742231
 1368.000000 2.110412 -0.781326
 1369.000000 2.004511 -0.840987
 1370.000000 1.941148 -0.789570
 1371.000000 2.064346 -0.817253
 1372.000000 2.060253 -0.748000
 1373.000000 2.045515 -0.792248
 1374.000000 2.049552 -0.807429
 1375.000000 2.040445 -0.811243
 1376.000000 1.977265 -0.805070
 1377.000000 2.021124 -0.797552
 1378.000000 2.110936 -0.757794
 1379.000000 2.157051 -0.769326
 1380.000000 2.113197 -0.700987
 1381.000000 2.002286 -0.828416
 1382.000000 2.010066 -0.833077
 1383.000000 1.950075 -0.765649
 1384.000000 2.046550 -0.793318
 1385.000000 2.058244 -0.766705
 1386.000000 2.056880 -0.780028
 1387.000000 2.080937 -0.736216
 1388.000000 1.982368 -0.721966
 1389.000000 2.034507 -0.764814
 1390.000000 2.104145 -0.730503
 1391.000000 2.097710 -0.786120
 1392.000000 2.080302 -0.748725
 1393.000000 2.076158 -0.790926
 1394.000000 2.135937 -0.792967
 1395.000000 2.073197 -0.690969
 1396.000000 2.078768 -0.857384
 1397.000000 2.078899 -0.787707
 1398.000000 2.014696 -0.738052
 1399.000000 2.150781 -0.800034
 1400.000000 2.195584 -0.750638
 1401.000000 2.033782 -0.801235
 1402.000000 2.094161 -0.819581
 1403.000000 2.071244 -0.779756
 1404.000000 2.128510 -0.710888
 1405.000000 2.036781 -0.764583
 1406.000000 2.027943 -0.738197
 1407.000000 2.075935 -0.758827
 1408.000000 2.118421 -0.663598
 1409.000000 2.035080 -0.799988
 1410.000000 2.100686 -0.739696
 1411.000000 2.186376 -0.810914
 1412.000000 2.161236 -0.744933
 1413.000000 2.119193 -0.813337
 1414.000000 2.283118 -0.753882
 1415.000000 2.052489 -0.726179
 1416.000000 2.094144 -0.801093
 1417.000000 2.009461 -0.774582
 1418.000000 2.063954 -0.793986
 1419.000000 1.920254 -0.844381
 1420.000000 2.073962 -0.854790
 1421.000000 2.044430 -0.735213
 1422.000000 2.039461 -0.831490
 1423.000000 2.052546 -0.813510
 1424.000000 2.003171 -0.842417
 1425.000000 2.177512 -0.799822
 1426.000000 2.106664 -0.845948
 1427.000000 2.107569 -0.846047
 1428.000000 2.045152 -0.726691
 1429.000000 2.102587 -0.726345
 1430.000000 2.108068 -0.693829
 1431.000000 1.989691 -0.790568
 1432.000000 2.120099 -0.802819
 1433.000000 1.921955 -0.779676
 1434.000000 2.066839 -0.709189
 1435.000000 2.087520 -0.770719
 1436.000000 2.039088 -0.739938
 1437.000000 2.006503 -0.729752
 1438.000000 2.147808 -0.771826
 1439.000000 2.078653 -0.814677
 1440.000000 2.046518 -0.746315
 1441.000000 2.093197 -0.828884
 1442.000000 1.995500 -0.809783
 1443.000000 1.972010 -0.765224
 1444.000000 2.061966 -0.797669
 1445.000000 1.947793 -0.766607
 1446.000000 2.099834 -0.767844
 1447.000000 2.102528 -0.674978
 1448.000000 2.112607 -0.692575
 1449.000000 2.042217 -0.772869
 1450.000000 2.133369 -0.795568
 1451.000000 2.052662 -0.785837
 1452.000000 2.075116 -0.802564
 1453.000000 1.928758 -0.765303
 1454.000000 1.961914 -0.824609
 1455.000000 2.028047 -0.834708
 1456.000000 2.034859 -0.792092
 1457.000000 1.988641 -0.800321
 1458.000000 2.050334 -0.849008
 1459.000000 2.063165 -0.844743
 1460.000000 2.084267 -0.853559
 1461.000000 2.154500 -0.809927
 1462.000000 2.014719 -0.778135
 1463.000000 2.110940 -0.787688
 1464.000000 2.165131 -0.804211
 1465.000000 2.098118 -0.815065
 1466.000000 2.101465 -0.802999
 1467.000000 2.066911 -0.776942
 1468.000000 2.079159 -0.746854
 1469.000000 2.118005 -0.709924
 1470.000000 2.037439 -0.756175
 1471.000000 2.060794 -0.692532
 1472.000000 2.020182 -0.707825
 1473.000000 2.083400 -0.743711
 1474.000000 2.048711 -0.720631
 1475.000000 2.037902 -0.838230
 1476.000000 2.075164 -0.732384
 1477.000000 2.129655 -0.781352
 1478.000000 2.172801 -0.693303
 1479.000000 2.043899 -0.708698
 1480.000000 2.112181 -0.746504
 1481.000000 2.090545 -0.780545
 1482.000000 2.146443 -0.731650
 1483.000000 2.027360 -0.799276
 1484.000000 2.151225 -0.749078
 1485.000000 2.076007 -0.783361
 1486.000000 2.130554 -0.746730
 1487.000000 2.178589 -0.727803
 1488.000000 2.045513 -0.695032
 1489.000000 2.009426 -0.840676
 1490.000000 2.150151 -0.822946
 1491.000000 2.083183 -0.759744
 1492.000000 2.101254 -0.804332
 1493.000000 2.071554 -0.804776
 1494.000000 2.038083 -0.758482
 1495.000000 2.040308 -0.774248
 1496.000000 2.090642 -0.796583
 1497.000000 2.057545 -0.783206
 1498.000000 2.102899 -0.831659
 1499.000000 2.050020 -0.847630
 1500.000000 2.009320 -0.789781
 1501.000000 2.080317 -0.755342
 1502.000000 2.035677 -0.698464
 1503.000000 2.164958 -0.763751
 1504.000000 2.071934 -0.813748
 1505.000000 2.132227 -0.859800
 1506.000000 2.062056 -0.800570
 1507.000000 2.080489 -0.780686
 1508.000000 2.204620 -0.888955
 1509.000000 2.062511 -0.828320
 1510.000000 2.001113 -0.806178
 1511.000000 2.072218 -0.709755
 1512.000000 2.110779 -0.803049
 1513.000000 2.104380 -0.772673
 1514.000000 2.058382 -0.759423
 1515.000000 2.115737 -0.737769
 1516.000000 2.148183 -0.778906
 1517.000000 2.122959 -0.806613
 1518.000000 1.967411 -0.751745
 1519.000000 2.079244 -0.732011
 1520.000000 2.042903 -0.789092
 1521.000000 2.067972 -0.779394
 1522.000000 2.104328 -0.797076
 1523.000000 2.021910 -0.710691
 1524.000000 2.088958 -0.718990
 1525.000000 2.000034 -0.713477
 1526.000000 2.007617 -0.735765
 1527.000000 2.153287 -0.717282
 1528.000000 2.040013 -0.748673
 1529.000000 2.029756 -0.818849
 1530.000000 2.036004 -0.779109
 1531.000000 1.968207 -0.810737
 1532.000000 2.056330 -0.849040
 1533.000000 2.105344 -0.801053
 1534.000000 1.870364 -0.806751
 1535.000000 1.979702 -0.756586
 1536.000000 2.087117 -0.756999
 1537.000000 1.935954 -0.790130
 1538.000000 2.150086 -0.747657
 1539.000000 2.126363 -0.714178
 1540.000000 2.028288 -0.801857
 1541.000000 2.018967 -0.796409
 1542.000000 2.142691 -0.826893
 1543.000000 2.068875 -0.803543
 1544.000000 2.062051 -0.706061
 1545.000000 2.062721 -0.785843
 1546.000000 2.078928 -0.717038
 1547.000000 2.080512 -0.795452
 1548.000000 2.074544 -0.758314
 1549.000000 1.999691 -0.747157
 1550.000000 2.039379 -0.746871
 1551.000000 2.056986 -0.743684
 1552.000000 1.980956 -0.695827
 1553.000000 2.127668 -0.758322
 1554.000000 2.132098 -0.774701
 1555.000000 2.078059 -0.818226
 1556.000000 2.017949 -0.839039
 1557.000000 2.169222 -0.802186
 1558.000000 2.005163 -0.795789
 1559.000000 2.158328 -0.791565
 1560.000000 2.067918 -0.707174
 1561.000000 2.147220 -0.802593
 1562.000000 2.145654 -0.792682
 1563.000000 2.023269 -0.804822
 1564.000000 2.085922 -0.730354
 1565.000000 2.079945 -0.695636
 1566.000000 2.130482 -0.746483
 1567.000000 2.185420 -0.777435
 1568.000000 2.074471 -0.803182
 1569.000000 2.138661 -0.760175
 1570.000000 2.089638 -0.735354
 1571.000000 2.061389 -0.835217
 1572.000000 2.059720 -0.764994
 1573.000000 1.992808 -0.748874
 1574.000000 2.008513 -0.713042
 1575.000000 2.022403 -0.742267
 1576.000000 2.066140 -0.791350
 1577.000000 2.012619 -0.822638
 1578.000000 1.993180 -0.791017
 1579.000000 2.101641 -0.785117
 1580.000000 2.054458 -0.766606
 1581.000000 2.074676 -0.804160
 1582.000000 2.057834 -0.856800
 1583.000000 2.002740 -0.841043
 1584.000000 2.043573 -0.793919
 1585.000000 2.040239 -0.812081
 1586.000000 2.134788 -0.785215
 1587.000000 2.155611 -0.787904
 1588.000000 2.112510 -0.747494
 1589.000000 2.012873 -0.799357
 1590.000000 2.038079 -0.735933
 1591.000000 2.002008 -0.736692
 1592.000000 2.041475 -0.819302
 1593.000000 1.973799 -0.771149
 1594.000000 2.034024 -0.726182
 1595.000000 2.025039 -0.755831
 1596.000000 2.013441 -0.723162
 1597.000000 2.043745 -0.823002
 1598.000000 2.080650 -0.719303
 1599.000000 2.083564 -0.822022
 1600.000000 2.025970 -0.809285
 1601.000000 2.035389 -0.854501
 1602.000000 2.078198 -0.887424
 1603.000000 2.121863 -0.787304
 1604.000000 2.099848 -0.798544
 1605.000000 2.110211 -0.839492
 1606.000000 2.171922 -0.751627
 1607.000000 2.060663 -0.651039
 1608.000000 2.095600 -0.712678
 1609.000000 2.066911 -0.789003
 1610.000000 2.013662 -0.754093
 1611.000000 2.039845 -0.722582
 1612.000000 2.094679 -0.834985
 1613.000000 2.065582 -0.754171
 1614.000000 2.045785 -0.748538
 1615.000000 2.149550 -0.801049
 1616.000000 2.040320 -0.741154
 1617.000000 2.104461 -0.794714
 1618.000000 2.034785 -0.769902
 1619.000000 2.074184 -0.826978
 1620.000000 2.054193 -0.812252
 1621.000000 2.024918 -0.772850
 1622.000000 2.087208 -0.720670
 1623.000000 2.029717 -0.765531
 1624.000000 2.019440 -0.807229
 1625.000000 2.159124 -0.822730
 1626.000000 2.122371 -0.819710
 1627.000000 1.923864 -0.757054
 1628.000000 1.998790 -0.761575
 1629.000000 2.060051 -0.798033
 1630.000000 2.073178 -0.663340
 1631.000000 2.054184 -0.807994
 1632.000000 2.128582 -0.808698
 1633.000000 2.010624 -0.755125
 1634.000000 2.053113 -0.801689
 1635.000000 2.092136 -0.834076
 1636.000000 2.136119 -0.783276
 1637.000000 2.114011 -0.723817
 1638.000000 2.059112 -0.777113
 1639.000000 2.075779 -0.748474
 1640.000000 2.118909 -0.759302
 1641.000000 2.017987 -0.741250
 1642.000000 2.087595 -0.808433
 1643.000000 1.979607 -0.810429
 1644.000000 2.051955 -0.829050
 1645.000000 1.956376 -0.763029
 1646.000000 2.004167 -0.748285
 1647.000000 1.961202 -0.749284
 1648.000000 2.094811 -0.744210
 1649.000000 2.003284 -0.788133
 1650.000000 2.092461 -0.842564
 1651.000000 2.025341 -0.762024
 1652.000000 2.016670 -0.767846
 1653.000000 1.895231 -0.795874
 1654.000000 1.879965 -0.764825
 1655.000000 1.975408 -0.716537
 1656.000000 1.927672 -0.703231
 1657.000000 1.977542 -0.755635
 1658.000000 2.081018 -0.772449
 1659.000000 2.043274 -0.793344
 1660.000000 1.975799 -0.727473
 1661.000000 1.976023 -0.747925
 1662.000000 2.062621 -0.823669
 1663.000000 1.948864 -0.756408
 1664.000000 2.030555 -0.747953
 1665.000000 2.014572 -0.722744
 1666.000000 1.959962 -0.750121
 1667.000000 2.004933 -0.721159
 1668.000000 2.025773 -0.749149
 1669.000000 2.018147 -0.738350
 1670.000000 2.071576 -0.776092
 1671.000000 2.119797 -0.807501
 1672.000000 2.034432 -0.752897
 1673.000000 2.137888 -0.791897
 1674.000000 2.036001 -0.767050
 1675.000000 2.018101 -0.794980
 1676.000000 2.068248 -0.769554
 1677.000000 2.076020 -0.754065
 1678.000000 2.074514 -0.788763
 1679.000000 2.099812 -0.728715
 1680.000000 2.007457 -0.738343
 1681.000000 2.029266 -0.776427
 1682.000000 2.069299 -0.756585
 1683.000000 1.989591 -0.691188
 1684.000000 2.030442 -0.772103
 1685.000000 2.092375 -0.735178
 1686.000000 2.067550 -0.751090
 1687.000000 1.937420 -0.775389
 1688.000000 2.066902 -0.718556
 1689.000000 1.947988 -0.755674
 1690.000000 1.925200 -0.803692
 1691.000000 2.046296 -0.760945
 1692.000000 2.014568 -0.781268
 1693.000000 2.048089 -0.714283
 1694.000000 2.024005 -0.773230
 1695.000000 2.018390 -0.839665
 1696.000000 2.040237 -0.736297
 1697.000000 2.202653 -0.749339
 1698.000000 1.997671 -0.829563
 1699.000000 2.079343 -0.727453
 1700.000000 2.116339 -0.814322
 1701.000000 2.088954 -0.732933
 1702.000000 1.994320 -0.682435
 1703.000000 2.121873 -0.705502
 1704.000000 2.038030 -0.660252
 1705.000000 2.015567 -0.697968
 1706.000000 2.047256 -0.722368
 1707.000000 2.013517 -0.775727
 1708.000000 2.073433 -0.762390
 1709.000000 2.011768 -0.710273
 1710.000000 2.009326 -0.710073
 1711.000000 2.080588 -0.649994
 1712.000000 1.973059 -0.705153
 1713.000000 2.111346 -0.665953
 1714.000000 2.041356 -0.645961
 1715.000000 1.953740 -0.762001
 1716.000000 2.137032 -0.752290
 1717.000000 2.051595 -0.748634
 1718.000000 1.999845 -0.726953
 1719.000000 2.034467 -0.728677
 1720.000000 2.174050 -0.721238
 1721.000000 2.028276 -0.753908
 1722.000000 2.082056 -0.736021
 1723.000000 2.094615 -0.725840
 1724.000000 2.119928 -0.768326
 1725.000000 2.120628 -0.739113
 1726.000000 1.994510 -0.777397
 1727.000000 2.051660 -0.762850
 1728.000000 2.108959 -0.766218
 1729.000000 2.076318 -0.794192
 1730.000000 1.953800 -0.783595
 1731.000000 2.005062 -0.786322
 1732.000000 2.003509 -0.765605
 1733.000000 2.050902 -0.754886
 1734.000000 2.100629 -0.676424
 1735.000000 1.988126 -0.729021
 1736.000000 2.072945 -0.785201
 1737.000000 2.077176 -0.789461
 1738.000000 1.991651 -0.842610
 1739.000000 2.000790 -0.716189
 1740.000000 2.033322 -0.742435
 1741.000000 1.982333 -0.750736
 1742.000000 2.030969 -0.774265
 1743.000000 1.947096 -0.816587
 1744.000000 2.026840 -0.721974
 1745.000000 2.053800 -0.762231
 1746.000000 2.058602 -0.798529
 1747.000000 2.003532 -0.732120
 1748.000000 2.060796 -0.735575
 1749.000000 2.029019 -0.745686
 1750.000000 2.050862 -0.768341
 1751.000000 2.033528 -0.695480
 1752.000000 2.040421 -0.761382
 1753.000000 2.008090 -0.757346
 1754.000000 2.147909 -0.773231
 1755.000000 1.928038 -0.866753
 1756.000000 1.943181 -0.771689
 1757.000000 2.017231 -0.770493
 1758.000000 2.094239 -0.844954
 1759.000000 2.017227 -0.780118
 1760.000000 1.996133 -0.891387
 1761.000000 2.025523 -0.907520
 1762.000000 1.871735 -0.888952
 1763.000000 2.039568 -0.842396
 1764.000000 1.917745 -0.842341
 1765.000000 2.044964 -0.866773
 1766.000000 2.033768 -0.787383
 1767.000000 2.060003 -0.847940
 1768.000000 1.997786 -0.787577
 1769.000000 1.918065 -0.860653
 1770.000000 1.995843 -0.793572
 1771.000000 1.946541 -0.796659
 1772.000000 2.013749 -0.831142
 1773.000000 2.098785 -0.819727
 1774.000000 1.993411 -0.783978
 1775.000000 2.027107 -0.751421
 1776.000000 1.981674 -0.766045
 1777.000000 1.955356 -0.742446
 1778.000000 1.994717 -0.773599
 1779.000000 1.910513 -0.762038
 1780.000000 2.038773 -0.760752
 1781.000000 2.052460 -0.745508
 1782.000000 2.010659 -0.677227
 1783.000000 1.906626 -0.752482
 1784.000000 2.076289 -0.736254
 1785.000000 2.055945 -0.769940
 1786.000000 2.108453 -0.774713
 1787.000000 2.112909 -0.735097
 1788.000000 2.019713 -0.760155
 1789.000000 1.997691 -0.767689
 1790.000000 2.033084 -0.786313
 1791.000000 2.074572 -0.783466
 1792.000000 2.044145 -0.706880
 1793.000000 2.053624 -0.788609
 1794.000000 2.072216 -0.779059
 1795.000000 2.103082 -0.789914
 1796.000000 2.127741 -0.797310
 1797.000000 2.199314 -0.779413
 1798.000000 2.103649 -0.745259
 1799.000000 2.109491 -0.827653
 1800.000000 2.190167 -0.763198
 1801.000000 2.082615 -0.793901
 1802.000000 2.014542 -0.829674
 1803.000000 2.100942 -0.789351
 1804.000000 2.112823 -0.748238
 1805.000000 2.086116 -0.725700
 1806.000000 1.952546 -0.795321
 1807.000000 1.946523 -0.757830
 1808.000000 2.048071 -0.791169
 1809.000000 2.082699 -0.788517
 1810.000000 2.059827 -0.759129
 1811.000000 2.014511 -0.773949
 1812.000000 2.047534 -0.841452
 1813.000000 2.063285 -0.832673
 1814.000000 1.990871 -0.841111
 1815.000000 2.049853 -0.808829
 1816.000000 2.098021 -0.786654
 1817.000000 2.073208 -0.839963
 1818.000000 1.988927 -0.814180
 1819.000000 2.015706 -0.791168
 1820.000000 2.043469 -0.790424
 1821.000000 2.024341 -0.812891
 1822.000000 2.051411 -0.802221
 1823.000000 1.958070 -0.734151
 1824.000000 2.043242 -0.761771
 1825.000000 2.078991 -0.764895
 1826.000000 2.071924 -0.713545
 1827.000000 1.997245 -0.754735
 1828.000000 1.998803 -0.705742
 1829.000000 2.063799 -0.693533
 1830.000000 2.051545 -0.729637
 1831.000000 2.031769 -0.726955
 1832.000000 2.101842 -0.724987
 1833.000000 1.994798 -0.759683
 1834.000000 2.075659 -0.714276
 1835.000000 2.110495 -0.689872
 1836.000000 2.069359 -0.731860
 1837.000000 2.061450 -0.768949
 1838.000000 2.003267 -0.680320
 1839.000000 2.069168 -0.763973
 1840.000000 1.916344 -0.741044
 1841.000000 2.058289 -0.717360
 1842.000000 2.025269 -0.740897
 1843.000000 2.062954 -0.741570
 1844.000000 2.018776 -0.689108
 1845.000000 2.010207 -0.760600
 1846.000000 2.013437 -0.770583
 1847.000000 2.022179 -0.751480
 1848.000000 1.998540 -0.778260
 1849.000000 1.986326 -0.769070
 1850.000000 1.967185 -0.654273
 1851.000000 1.972451 -0.686802
 1852.000000 2.108625 -0.743444
 1853.000000 2.053447 -0.783089
 1854.000000 1.988785 -0.746254
 1855.000000 2.010052 -0.755227
 1856.000000 2.055050 -0.800530
 1857.000000 2.010960 -0.744306
 1858.000000 2.086761 -0.763781
 1859.000000 2.041504 -0.791967
 1860.000000 1.942204 -0.834292
 1861.000000 1.984766 -0.832287
 1862.000000 1.937894 -0.825491
 1863.000000 2.038520 -0.789825
 1864.000000 2.055219 -0.817090
 1865.000000 2.096867 -0.797550
 1866.000000 2.060142 -0.781849
 1867.000000 2.064174 -0.814191
 1868.000000 2.084378 -0.699165
 1869.000000 2.048852 -0.756377
 1870.000000 2.040689 -0.817778
 1871.000000 2.075620 -0.823809
 1872.000000 2.120933 -0.800764
 1873.000000 1.999121 -0.770701
 1874.000000 2.144527 -0.790394
 1875.000000 1.959772 -0.781173
 1876.000000 1.988388 -0.751209
 1877.000000 2.062453 -0.773101
 1878.000000 1.953564 -0.776774
 1879.000000 2.016350 -0.820104
 1880.000000 2.081143 -0.810396
 1881.000000 1.987261 -0.756065
 1882.000000 2.008663 -0.783135
 1883.000000 2.037426 -0.818066
 1884.000000 2.006831 -0.796349
 1885.000000 2.160932 -0.785323
 1886.000000 2.026346 -0.759855
 1887.000000 2.015408 -0.755544
 1888.000000 2.106000 -0.763743
 1889.000000 1.993847 -0.713350
 1890.000000 2.080472 -0.680687
 1891.000000 2.025132 -0.743345
 1892.000000 2.093108 -0.791463
 1893.000000 2.008001 -0.708431
 1894.000000 2.034229 -0.766844
 1895.000000 2.052628 -0.774303
 1896.000000 2.143211 -0.799177
 1897.000000 1.974904 -0.707141
 1898.000000 2.083025 -0.780833
 1899.000000 2.000030 -0.761036
 1900.000000 2.008063 -0.792998
 1901.000000 1.961571 -0.826421
 1902.000000 2.029058 -0.806563
 1903.000000 2.063291 -0.731696
 1904.000000 2.026006 -0.791347
 1905.000000 1.992329 -0.726217
 1906.000000 2.038733 -0.768346
 1907.000000 2.086710 -0.771028
 1908.000000 1.991799 -0.709715
 1909.000000 2.073541 -0.720104
 1910.000000 2.075709 -0.751892
 1911.000000 2.090156 -0.837793
 1912.000000 2.119799 -0.769971
 1913.000000 2.078274 -0.753934
 1914.000000 2.004182 -0.753887
 1915.000000 2.027982 -0.826085
 1916.000000 2.153529 -0.773946
 1917.000000 2.141944 -0.687121
 1918.000000 1.983513 -0.778276
 1919.000000 2.025464 -0.708794
 1920.000000 1.995442 -0.828975
 1921.000000 2.070412 -0.825556
 1922.000000 2.030751 -0.776069
 1923.000000 1.934477 -0.711428
 1924.000000 2.066232 -0.802659
 1925.000000 2.087080 -0.792707
 1926.000000 2.058936 -0.753724
 1927.000000 2.006872 -0.687618
 1928.000000 2.040529 -0.727938
 1929.000000 2.026566 -0.734053
 1930.000000 2.026747 -0.711031
 1931.000000 2.061081 -0.830265
 1932.000000 2.070584 -0.761923
 1933.000000 2.013115 -0.804729
 1934.000000 2.152279 -0.809882
 1935.000000 1.991749 -0.783809
 1936.000000 2.021909 -0.788795
 1937.000000 2.069637 -0.788521
 1938.000000 2.065347 -0.775889
 1939.000000 2.068594 -0.798036
 1940.000000 1.936451 -0.781761
 1941.000000 2.039020 -0.766046
 1942.000000 1.952067 -0.804731
 1943.000000 2.056029 -0.737292
 1944.000000 2.010261 -0.795150
 1945.000000 2.067774 -0.761835
 1946.000000 2.014025 -0.766719
 1947.000000 2.025247 -0.757175
 1948.000000 2.144125 -0.762693
 1949.000000 2.097216 -0.825799
 1950.000000 2.121378 -0.794254
 1951.000000 2.015808 -0.791660
 1952.000000 2.079678 -0.781012
 1953.000000 2.022529 -0.809675
 1954.000000 1.996685 -0.851898
 1955.000000 2.096976 -0.757466
 1956.000000 2.092083 -0.772887
 1957.000000 2.101906 -0.817426
 1958.000000 2.077179 -0.774384
 1959.000000 2.094165 -0.782039
 1960.000000 2.080683 -0.724539
 1961.000000 2.039420 -0.755360
 1962.000000 2.146735 -0.756899
 1963.000000 2.022889 -0.717275
 1964.000000 2.066660 -0.748723
 1965.000000 2.035908 -0.765781
 1966.000000 2.043603 -0.779802
 1967.000000 2.059428 -0.764857
 1968.000000 2.067446 -0.668558
 1969.000000 2.047360 -0.745214
 1970.000000 2.033408 -0.692072
 1971.000000 2.065528 -0.746997
 1972.000000 2.074137 -0.685098
 1973.000000 2.077738 -0.707197
 1974.000000 2.012174 -0.694003
 1975.000000 2.071239 -0.696506
 1976.000000 1.987441 -0.716953
 1977.000000 1.932782 -0.807801
 1978.000000 2.013692 -0.809821
 1979.000000 1.893008 -0.823639
 1980.000000 2.060104 -0.797196
 1981.000000 1.920650 -0.758806
 1982.000000 1.959433 -0.826859
 1983.000000 1.895312 -0.834044
 1984.000000 1.995922 -0.778997
 1985.000000 2.037281 -0.742917
 1986.000000 2.051840 -0.794210
 1987.000000 1.965275 -0.868061
 1988.000000 1.928441 -0.836359
 1989.000000 1.981810 -0.800222
 1990.000000 1.960328 -0.811004
 1991.000000 2.056077 -0.838482
 1992.000000 2.011851 -0.664818
 1993.000000 2.007398 -0.827291
 1994.000000 2.025492 -0.795383
 1995.000000 2.106797 -0.739590
 1996.000000 2.112524 -0.787189
 1997.000000 2.019909 -0.786507
 1998.000000 2.015944 -0.740497
 1999.000000 2.057974 -0.772565
 2000.000000 2.073353 -0.688177
 2001.000000 2.038166 -0.804612
 2002.000000 2.032785 -0.725369
 2003.000000 2.083904 -0.857711
 2004.000000 2.107138 -0.820348
 2005.000000 2.079910 -0.708647
 2006.000000 2.039340 -0.811046
 2007.000000 2.023132 -0.836480
 2008.000000 2.072165 -0.762407
 2009.000000 2.096586 -0.854678
 2010.000000 2.104751 -0.766715
 2011.000000 2.130206 -0.831270
 2012.000000 2.069935 -0.803630
 2013.000000 2.040647 -0.837872
 2014.000000 2.027962 -0.819477
 2015.000000 2.025379 -0.802973
 2016.000000 2.021107 -0.811926
 2017.000000 1.956634 -0.801701
 2018.000000 2.006416 -0.829345
 2019.000000 2.070707 -0.806330
 2020.000000 2.033177 -0.763691
 2021.000000 2.020557 -0.763355
 2022.000000 2.000959 -0.814569
 2023.000000 2.069630 -0.775862
 2024.000000 2.157349 -0.842358
 2025.000000 2.037208 -0.801343
 2026.000000 2.018664 -0.811071
 2027.000000 2.151935 -0.785226
 2028.000000 2.059979 -0.750608
 2029.000000 2.095075 -0.849486
 2030.000000 2.146315 -0.747364
 2031.000000 2.114955 -0.812462
 2032.000000 2.083234 -0.818033
 2033.000000 2.023096 -0.770249
 2034.000000 2.190593 -0.774023
 2035.000000 2.033767 -0.782428
 2036.000000 2.086240 -0.732357
 2037.000000 2.212117 -0.831796
 2038.000000 2.083571 -0.800387
 2039.000000 2.061691 -0.789003
 2040.000000 2.042909 -0.750625
 2041.000000 2.008538 -0.740457
 2042.000000 2.024682 -0.739995
 2043.000000 2.136163 -0.846188
 2044.000000 2.111421 -0.796357
 2045.000000 2.034994 -0.793944
 2046.000000 2.023851 -0.751049
 2047.000000 2.108676 -0.799522
 2048.000000 2.122333 -0.748355
 2049.000000 2.199794 -0.819701
 2050.000000 2.144840 -0.688946
 2051.000000 2.180114 -0.810903
 2052.000000 2.056911 -0.772155
 2053.000000 2.014307 -0.765831
 2054.000000 2.211781 -0.744884
 2055.000000 2.117615 -0.769419
 2056.000000 2.097257 -0.777079
 2057.000000 2.099674 -0.752528
 2058.000000 2.057357 -0.738086
 2059.000000 2.014473 -0.669333
 2060.000000 2.151322 -0.735092
 2061.000000 2.145828 -0.742411
 2062.000000 2.118624 -0.780254
 2063.000000 2.050473 -0.733802
 2064.000000 2.016126 -0.764264
 2065.000000 2.088954 -0.738705
 2066.000000 2.121814 -0.837413
 2067.000000 2.041003 -0.818933
 2068.000000 2.066903 -0.732432
 2069.000000 2.100472 -0.809291
 2070.000000 2.058325 -0.691334
 2071.000000 2.198770 -0.744916
 2072.000000 2.031799 -0.802507
 2073.000000 2.221339 -0.734313
 2074.000000 2.014625 -0.835674
 2075.000000 1.973210 -0.722537
 2076.000000 2.036229 -0.833423
 2077.000000 2.060778 -0.784312
 2078.000000 2.154127 -0.791713
 2079.000000 2.089316 -0.748170
 2080.000000 2.142238 -0.749297
 2081.000000 2.201652 -0.763928
 2082.000000 2.115668 -0.745611
 2083.000000 2.142930 -0.785263
 2084.000000 2.060355 -0.742598
 2085.000000 2.079706 -0.773341
 2086.000000 2.018846 -0.812212
 2087.000000 2.245684 -0.712643
 2088.000000 2.116003 -0.800533
 2089.000000 1.987300 -0.707305
 2090.000000 2.108595 -0.704406
 2091.000000 2.050602 -0.813424
 2092.000000 2.044223 -0.798302
 2093.000000 1.974716 -0.813895
 2094.000000 2.087861 -0.731356
 2095.000000 2.108487 -0.793960
 2096.000000 1.972591 -0.764322
 2097.000000 2.007277 -0.795885
 2098.000000 2.064298 -0.734563
 2099.000000 2.079554 -0.742968
 2100.000000 2.062968 -0.739371
 2101.000000 2.076334 -0.766240
 2102.000000 2.097122 -0.799685
 2103.000000 2.033221 -0.773361
 2104.000000 1.981132 -0.718113
 2105.000000 1.996873 -0.788269
 2106.000000 2.094834 -0.770841
 2107.000000 2.003856 -0.757321
 2108.000000 2.047864 -0.713620
 2109.000000 2.184579 -0.717082
 2110.000000 2.053701 -0.752987
 2111.000000 2.166516 -0.730320
 2112.000000 2.060960 -0.767030
 2113.000000 2.092427 -0.736575
 2114.000000 2.069465 -0.783183
 2115.000000 2.021147 -0.697847
 2116.000000 2.170068 -0.786112
 2117.000000 2.114325 -0.755450
 2118.000000 1.953029 -0.731601
 2119.000000 2.036919 -0.724797
 2120.000000 2.072931 -0.746707
 2121.000000 2.094614 -0.678256
 2122.000000 2.094789 -0.729833
 2123.000000 2.050180 -0.792360
 2124.000000 2.094485 -0.690266
 2125.000000 2.091792 -0.732992
 2126.000000 2.055101 -0.765875
 2127.000000 2.118276 -0.720143
 2128.000000 2.083965 -0.717871
 2129.000000 2.130140 -0.747400
 2130.000000 1.990382 -0.773866
 2131.000000 2.154262 -0.812665
 2132.000000 2.108668 -0.837732
 2133.000000 2.078022 -0.806023
 2134.000000 1.975765 -0.821365
 2135.000000 2.098412 -0.772407
 2136.000000 2.214603 -0.812010
 2137.000000 2.068252 -0.730126
 2138.000000 2.144268 -0.806061
 2139.000000 2.131147 -0.781630
 2140.000000 1.998799 -0.788119
 2141.000000 2.073700 -0.767296
 2142.000000 2.053554 -0.750513
 2143.000000 2.057340 -0.745733
 2144.000000 2.147429 -0.798269
 2145.000000 2.061328 -0.789326
 2146.000000 2.175990 -0.757629
 2147.000000 2.156306 -0.798878
 2148.000000 2.013397 -0.710583
 2149.000000 1.967236 -0.795589
 2150.000000 1.945909 -0.729430
 2151.000000 1.954155 -0.841613
 2152.000000 2.073617 -0.694870
 2153.000000 2.017474 -0.677306
 2154.000000 2.024267 -0.734561
 2155.000000 2.112450 -0.706118
 2156.000000 2.057985 -0.756298
 2157.000000 2.049470 -0.736293
 2158.000000 2.000309 -0.737676
 2159.000000 2.172603 -0.740266
 2160.000000 2.022008 -0.692194
 2161.000000 2.134106 -0.661578
 2162.000000 2.016848 -0.702841
 2163.000000 2.012441 -0.662399
 2164.000000 2.119457 -0.690013
 2165.000000 1.955377 -0.711102
 2166.000000 2.044001 -0.728957
 2167.000000 2.107140 -0.651012
 2168.000000 2.080380 -0.665047
 2169.000000 2.061902 -0.680126
 2170.000000 2.012691 -0.697568
 2171.000000 2.097385 -0.684458
 2172.000000 1.991229 -0.705518
 2173.000000 1.989066 -0.747663
 2174.000000 2.155271 -0.698716
 2175.000000 2.009998 -0.729996
 2176.000000 2.081070 -0.735835
 2177.000000 2.080750 -0.712276
 2178.000000 2.045876 -0.687961
 2179.000000 2.045671 -0.715452
 2180.000000 2.127523 -0.716633
 2181.000000 2.070486 -0.741617
 2182.000000 2.085482 -0.740131
 2183.000000 2.075237 -0.679274
 2184.000000 1.867121 -0.644429
 2185.000000 1.954953 -0.678594
 2186.000000 1.936575 -0.756363
 2187.000000 1.984889 -0.797417
 2188.000000 2.144382 -0.716091
 2189.000000 1.999047 -0.747238
 2190.000000 2.084006 -0.691325
 2191.000000 2.033362 -0.758607
 2192.000000 2.115571 -0.724752
 2193.000000 2.038447 -0.713062
 2194.000000 2.012306 -0.737640
 2195.000000 2.050580 -0.726331
 2196.000000 2.016499 -0.760324
 2197.000000 1.994866 -0.744330
 2198.000000 2.087915 -0.746081
 2199.000000 2.092557 -0.750711
 2200.000000 2.066518 -0.732582
 2201.000000 2.025114 -0.711431
 2202.000000 2.053391 -0.736011
 2203.000000 2.125608 -0.706570
 2204.000000 2.067336 -0.730063
 2205.000000 2.050282 -0.696818
 2206.000000 2.050644 -0.735056
 2207.000000 1.984133 -0.701304
 2208.000000 1.988721 -0.718161
 2209.000000 1.965458 -0.711838
 2210.000000 2.075623 -0.750808
 2211.000000 1.999087 -0.714382
 2212.000000 2.075175 -0.690084
 2213.000000 2.144996 -0.780835
 2214.000000 2.071073 -0.723181
 2215.000000 2.121440 -0.732188
 2216.000000 1.914528 -0.661718
 2217.000000 2.041755 -0.740894
 2218.000000 1.987115 -0.679168
 2219.000000 2.032969 -0.699277
 2220.000000 2.049255 -0.644515
 2221.000000 2.078425 -0.693011
 2222.000000 2.033986 -0.668436
 2223.000000 2.034516 -0.720968
 2224.000000 2.021060 -0.726562
 2225.000000 1.964005 -0.684330
 2226.000000 2.025225 -0.714366
 2227.000000 1.966945 -0.720434
 2228.000000 1.938031 -0.720083
 2229.000000 1.995832 -0.702391
 2230.000000 1.985905 -0.712853
 2231.000000 2.057066 -0.664520
 2232.000000 2.080628 -0.709960
 2233.000000 2.006132 -0.657114
 2234.000000 2.062209 -0.674002
 2235.000000 2.031852 -0.712852
 2236.000000 1.903038 -0.736853
 2237.000000 2.042122 -0.701521
 2238.000000 1.980342 -0.675504
 2239.000000 1.972652 -0.752364
 2240.000000 1.948164 -0.711981
 2241.000000 1.998658 -0.759665
 2242.000000 1.975599 -0.681845
 2243.000000 2.036435 -0.709686
 2244.000000 2.063779 -0.744628
 2245.000000 2.051544 -0.688724
 2246.000000 1.904989 -0.708967
 2247.000000 2.043432 -0.719114
 2248.000000 2.001100 -0.671131
 2249.000000 2.000601 -0.730383
 2250.000000 2.049493 -0.813786
 2251.000000 2.121163 -0.691270
 2252.000000 1.965436 -0.722866
 2253.000000 2.075143 -0.761288
 2254.000000 2.066213 -0.782983
 2255.000000 2.082124 -0.732499
 2256.000000 2.005267 -0.699956
 2257.000000 2.008492 -0.718188
 2258.000000 2.034077 -0.711884
 2259.000000 2.060977 -0.702314
 2260.000000 2.065027 -0.752187
 2261.000000 2.024934 -0.677730
 2262.000000 2.052570 -0.775984
 2263.000000 2.168451 -0.733689
 2264.000000 1.979746 -0.709155
 2265.000000 2.013074 -0.678960
 2266.000000 2.004409 -0.696125
 2267.000000 2.013612 -0.711725
 2268.000000 2.084080 -0.780258
 2269.000000 2.048018 -0.708388
 2270.000000 2.003915 -0.775718
 2271.000000 2.005343 -0.681743
 2272.000000 2.050086 -0.759729
 2273.000000 2.063997 -0.654763
 2274.000000 2.146023 -0.712123
 2275.000000 2.011683 -0.689953
 2276.000000 1.997131 -0.739215
 2277.000000 2.027734 -0.670604
 2278.000000 1.956070 -0.720885
 2279.000000 2.059157 -0.675241
 2280.000000 1.882896 -0.652163
 2281.000000 2.010676 -0.752146
 2282.000000 2.009438 -0.730415
 2283.000000 2.035234 -0.724078
 2284.000000 2.073258 -0.751053
 2285.000000 2.028932 -0.758148
 2286.000000 1.997943 -0.720076
 2287.000000 1.996377 -0.706447
 2288.000000 1.968470 -0.739344
 2289.000000 2.023811 -0.762738
 2290.000000 2.069423 -0.810259
 2291.000000 2.048971 -0.753680
 2292.000000 2.023347 -0.761275
 2293.000000 2.097833 -0.727394
 2294.000000 1.938765 -0.689254
 2295.000000 2.055047 -0.709036
 2296.000000 2.017256 -0.652543
 2297.000000 2.038887 -0.652482
 2298.000000 1.927473 -0.592029
 2299.000000 2.041149 -0.686090
 2300.000000 2.029693 -0.669826
 2301.000000 1.957396 -0.612720
 2302.000000 1.977588 -0.647277
 2303.000000 2.003745 -0.685782
 2304.000000 2.033334 -0.578746
 2305.000000 2.081402 -0.643510
 2306.000000 2.002775 -0.654883
 2307.000000 1.990177 -0.592019
 2308.000000 2.016922 -0.623400
 2309.000000 1.955220 -0.686529
 2310.000000 1.974833 -0.716539
 2311.000000 2.074524 -0.697938
 2312.000000 2.024469 -0.700437
 2313.000000 2.021097 -0.658250
 2314.000000 1.967473 -0.689966
 2315.000000 1.994648 -0.657671
 2316.000000 2.026010 -0.656635
 2317.000000 2.044608 -0.659161
 2318.000000 2.033718 -0.673999
 2319.000000 1.994554 -0.664624
 2320.000000 2.086608 -0.648654
 2321.000000 2.076710 -0.691585
 2322.000000 2.029118 -0.676591
 2323.000000 2.015719 -0.723599
 2324.000000 1.966285 -0.760277
 2325.000000 1.972917 -0.693627
 2326.000000 1.986848 -0.716298
 2327.000000 2.035064 -0.757799
 2328.000000 1.957351 -0.759291
 2329.000000 2.090012 -0.684281
 2330.000000 1.972234 -0.802942
 2331.000000 2.054026 -0.730835
 2332.000000 2.096838 -0.739421
 2333.000000 2.099842 -0.734602
 2334.000000 2.022418 -0.764888
 2335.000000 2.173888 -0.751250
 2336.000000 2.019882 -0.725806
 2337.000000 2.008199 -0.738068
 2338.000000 2.029973 -0.759917
 2339.000000 2.036413 -0.708024
 2340.000000 2.120979 -0.785568
 2341.000000 2.174958 -0.768508
 2342.000000 2.048705 -0.728624
 2343.000000 2.009882 -0.691529
 2344.000000 2.056585 -0.661464
 2345.000000 2.114865 -0.661109
 2346.000000 2.035241 -0.705272
 2347.000000 2.014567 -0.652977
 2348.000000 2.099761 -0.643611
 2349.000000 2.062924 -0.650006
 2350.000000 2.107545 -0.649004
 2351.000000 2.043936 -0.697313
 2352.000000 2.074461 -0.608267
 2353.000000 2.091888 -0.616694
 2354.000000 2.009429 -0.588794
 2355.000000 2.104712 -0.586246
 2356.000000 1.998184 -0.645750
 2357.000000 2.088740 -0.611435
 2358.000000 2.081236 -0.617608
 2359.000000 2.022874 -0.648242
 2360.000000 2.082191 -0.620370
 2361.000000 2.066338 -0.622660
 2362.000000 2.112128 -0.655790
 2363.000000 2.152462 -0.653497
 2364.000000 2.128918 -0.657081
 2365.000000 2.039710 -0.604859
 2366.000000 2.102575 -0.672331
 2367.000000 1.967652 -0.599006
 2368.000000 2.070451 -0.646997
 2369.000000 2.015854 -0.704134
 2370.000000 2.128811 -0.625849
 2371.000000 2.007919 -0.621982
 2372.000000 2.073749 -0.630667
 2373.000000 2.050769 -0.656542
 2374.000000 2.043477 -0.676680
 2375.000000 2.178124 -0.713444
 2376.000000 2.042013 -0.645924
 2377.000000 2.049700 -0.641033
 2378.000000 2.108196 -0.620811
 2379.000000 2.054552 -0.674913
 2380.000000 2.083389 -0.661715
 2381.000000 1.993054 -0.677643
 2382.000000 2.093345 -0.673896
 2383.000000 1.986197 -0.719049
 2384.000000 2.053275 -0.659467
 2385.000000 2.061280 -0.697963
 2386.000000 2.002350 -0.718980
 2387.000000 2.084946 -0.693703
 2388.000000 1.978338 -0.644260
 2389.000000 2.039724 -0.669103
 2390.000000 1.999265 -0.633518
 2391.000000 2.037917 -0.738299
 2392.000000 2.102637 -0.706584
 2393.000000 2.009301 -0.712374
 2394.000000 1.989754 -0.663519
 2395.000000 1.960907 -0.662242
 2396.000000 2.099734 -0.700284
 2397.000000 2.059173 -0.682571
 2398.000000 2.074157 -0.746302
 2399.000000 2.101251 -0.725914
 2400.000000 2.064698 -0.730647
 2401.000000 2.056769 -0.695994
 2402.000000 2.092275 -0.704098
 2403.000000 2.100826 -0.676392
 2404.000000 2.059631 -0.694310
 2405.000000 2.164329 -0.724287
 2406.000000 2.064699 -0.633987
 2407.000000 2.101262 -0.742612
 2408.000000 2.114533 -0.625386
 2409.000000 1.999476 -0.631416
 2410.000000 2.065791 -0.714863
 2411.000000 2.071826 -0.693406
 2412.000000 2.030060 -0.714908
 2413.000000 2.135186 -0.691667
 2414.000000 2.009269 -0.720388
 2415.000000 2.081107 -0.720894
 2416.000000 2.121976 -0.743447
 2417.000000 2.048989 -0.675683
 2418.000000 2.004108 -0.800850
 2419.000000 2.159085 -0.706477
 2420.000000 2.268197 -0.795458
 2421.000000 2.213352 -0.735858
 2422.000000 2.037237 -0.792022
 2423.000000 2.094772 -0.765518
 2424.000000 2.112000 -0.821225
 2425.000000 2.037341 -0.784939
 2426.000000 2.078763 -0.792141
 2427.000000 2.110885 -0.850661
 2428.000000 2.088585 -0.717530
 2429.000000 2.121804 -0.785978
 2430.000000 2.029360 -0.792814
 2431.000000 2.090193 -0.768425
 2432.000000 1.974180 -0.825645
 2433.000000 1.941841 -0.813235
 2434.000000 2.000402 -0.776832
 2435.000000 2.027210 -0.777259
 2436.000000 1.998597 -0.813353
 2437.000000 1.976507 -0.735060
 2438.000000 2.068429 -0.740520
 2439.000000 2.055617 -0.769126
 2440.000000 2.026326 -0.741304
 2441.000000 2.032233 -0.714518
 2442.000000 2.147144 -0.772102
 2443.000000 2.093430 -0.716608
 2444.000000 2.101124 -0.775651
 2445.000000 2.089235 -0.681458
 2446.000000 2.054997 -0.744306
 2447.000000 2.056446 -0.688585
 2448.000000 2.115078 -0.723530
 2449.000000 2.005740 -0.706387
 2450.000000 2.094067 -0.756172
 2451.000000 2.082024 -0.725591
 2452.000000 2.046645 -0.732848
 2453.000000 2.078460 -0.790198
 2454.000000 2.133277 -0.676377
 2455.000000 2.161587 -0.661028
 2456.000000 2.083150 -0.673627
 2457.000000 2.059454 -0.714247
 2458.000000 2.044617 -0.681993
 2459.000000 2.087975 -0.742716
 2460.000000 2.040639 -0.662057
 2461.000000 2.116111 -0.728621
 2462.000000 2.125209 -0.659352
 2463.000000 2.064882 -0.730511
 2464.000000 2.056845 -0.723531
 2465.000000 2.050902 -0.691869
 2466.000000 2.004581 -0.693405
 2467.000000 1.901290 -0.769440
 2468.000000 2.013643 -0.705643
 2469.000000 1.965862 -0.773880
 2470.000000 1.959235 -0.733367
 2471.000000 2.015700 -0.696500
 2472.000000 2.032237 -0.658718
 2473.000000 2.120940 -0.703064
 2474.000000 2.050308 -0.725322
 2475.000000 2.019196 -0.646344
 2476.000000 2.142165 -0.729358
 2477.000000 2.067050 -0.674069
 2478.000000 2.172553 -0.670068
 2479.000000 1.944563 -0.687430
 2480.000000 1.987611 -0.786901
 2481.000000 2.033098 -0.688079
 2482.000000 2.097890 -0.693721
 2483.000000 2.060104 -0.707439
 2484.000000 1.995650 -0.703406
 2485.000000 2.062959 -0.715060
 2486.000000 2.069269 -0.710338
 2487.000000 2.062361 -0.737383
 2488.000000 2.125833 -0.729500
 2489.000000 2.037424 -0.681939
 2490.000000 2.027470 -0.759348
 2491.000000 2.094731 -0.734952
 2492.000000 2.069540 -0.756849
 2493.000000 1.997007 -0.837086
 2494.000000 2.017561 -0.741449
 2495.000000 1.945444 -0.786422
 2496.000000 2.037227 -0.782900
 2497.000000 2.045319 -0.823382
 2498.000000 2.071189 -0.759371
 2499.000000 2.037795 -0.757801
 2500.000000 2.034070 -0.756688
