#! FIELDS time pd_137_140 diff
 0.000000 1.066650 -0.252432
 1.000000 1.151429 -0.181291
 2.000000 1.128055 -0.314686
 3.000000 1.146354 -0.291279
 4.000000 1.089102 -0.195757
 5.000000 1.290653 -0.191032
 6.000000 1.251827 -0.228509
 7.000000 1.196910 -0.277634
 8.000000 1.301765 -0.280535
 9.000000 1.259116 -0.212661
 10.000000 1.141209 -0.191294
 11.000000 1.125949 -0.241134
 12.000000 1.081231 -0.326234
 13.000000 1.123167 -0.238466
 14.000000 1.183841 -0.232779
 15.000000 1.243542 -0.179025
 16.000000 1.064614 -0.264818
 17.000000 1.224701 -0.245943
 18.000000 1.122630 -0.194562
 19.000000 1.147506 -0.200269
 20.000000 1.164821 -0.313374
 21.000000 1.182756 -0.191248
 22.000000 1.126197 -0.211508
 23.000000 1.142296 -0.081460
 24.000000 1.144963 -0.208838
 25.000000 1.151786 -0.215086
 26.000000 1.074483 -0.061277
 27.000000 1.158782 -0.230618
 28.000000 1.201403 -0.179264
 29.000000 1.280962 -0.138789
 30.000000 1.215416 -0.162832
 31.000000 1.180557 -0.091555
 32.000000 1.201933 -0.206207
 33.000000 1.197890 -0.283165
 34.000000 1.226701 -0.225037
 35.000000 1.212201 -0.160728
 36.000000 1.195489 -0.239569
 37.000000 1.173957 -0.179012
 38.000000 1.148537 -0.295200
 39.000000 1.063586 -0.220908
 40.000000 1.041891 -0.205138
 41.000000 1.151478 -0.208390
 42.000000 1.149118 -0.260655
 43.000000 1.057155 -0.173955
 44.000000 1.290485 -0.234334
 45.000000 1.174158 -0.269739
 46.000000 1.142737 -0.141082
 47.000000 1.115129 -0.182608
 48.000000 1.180542 -0.168922
 49.000000 1.102946 -0.163129
 50.000000 1.135063 -0.126248
 51.000000 1.204723 -0.118973
 52.000000 1.126742 -0.208630
 53.000000 1.227244 -0.170694
 54.000000 1.251636 -0.153846
 55.000000 1.167839 -0.259437
 56.000000 1.228797 -0.212209
 57.000000 1.215608 -0.210135
 58.000000 1.156356 -0.232505
 59.000000 1.190739 -0.188966
 60.000000 1.218000 -0.190247
 61.000000 1.142059 -0.248682
 62.000000 1.211996 -0.275048
 63.000000 1.218720 -0.192237
 64.000000 1.246806 -0.117511
 65.000000 1.192333 -0.226763
 66.000000 1.168376 -0.170421
 67.000000 1.250302 -0.128605
 68.000000 1.260798 -0.180297
 69.000000 1.284645 -0.132285
 70.000000 1.223756 -0.290353
 71.000000 1.242766 -0.160401
 72.000000 1.166174 -0.244223
 73.000000 1.132301 -0.241245
 74.000000 1.220855 -0.203057
 75.000000 1.251923 -0.133249
 76.000000 1.175573 -0.226095
 77.000000 1.220006 -0.107129
 78.000000 1.160265 -0.183489
 79.000000 1.307567 -0.124307
 80.000000 1.216593 -0.258212
 81.000000 1.134079 -0.225053
 82.000000 1.213899 -0.120415
 83.000000 1.196837 -0.187588
 84.000000 1.140689 -0.164700
 85.000000 1.185238 -0.219495
 86.000000 1.251196 -0.218099
 87.000000 1.276893 -0.131778
 88.000000 1.080826 -0.151040
 89.000000 1.282165 -0.256964
 90.000000 1.247263 -0.315600
 91.000000 1.206617 -0.292274
 92.000000 1.226930 -0.276680
 93.000000 1.244428 -0.280283
 94.000000 1.206428 -0.222699
 95.000000 1.238681 -0.141345
 96.000000 1.137381 -0.157660
 97.000000 1.220457 -0.195476
 98.000000 1.195565 -0.197187
 99.000000 1.100085 -0.244246
 100.000000 1.348203 -0.245886
 101.000000 1.186096 -0.246502
 102.000000 1.258831 -0.249308
 103.000000 1.214748 -0.212860
 104.000000 1.324624 -0.276492
 105.000000 1.299899 -0.139131
 106.000000 1.308141 -0.249113
 107.000000 1.246732 -0.176072
 108.000000 1.233473 -0.197212
 109.000000 1.225146 -0.219069
 110.000000 1.283889 -0.218631
 111.000000 1.355849 -0.156477
 112.000000 1.280272 -0.202037
 113.000000 1.218291 -0.155361
 114.000000 1.278516 -0.184536
 115.000000 1.285084 -0.221669
 116.000000 1.136503 -0.303046
 117.000000 1.226746 -0.252292
 118.000000 1.168016 -0.172936
 119.000000 1.231287 -0.188763
 120.000000 1.240055 -0.206266
 121.000000 1.196120 -0.175619
 122.000000 1.186313 -0.214298
 123.000000 1.226879 -0.068953
 124.000000 1.223552 -0.135752
 125.000000 1.249432 -0.096004
 126.000000 1.208827 -0.048518
 127.000000 1.207894 -0.131102
 128.000000 1.251328 -0.233807
 129.000000 1.224061 -0.258548
 130.000000 1.376636 -0.259556
 131.000000 1.224297 -0.195081
 132.000000 1.266754 -0.270727
 133.000000 1.211166 -0.227566
 134.000000 1.231863 -0.167974
 135.000000 1.340120 -0.209770
 136.000000 1.128469 -0.212594
 137.000000 1.320484 -0.287673
 138.000000 1.273002 -0.123705
 139.000000 1.234544 -0.163534
 140.000000 1.213505 -0.225341
 141.000000 1.307318 -0.148210
 142.000000 1.261036 -0.241373
 143.000000 1.248075 -0.235128
 144.000000 1.232577 -0.264000
 145.000000 1.254090 -0.233983
 146.000000 1.322515 -0.240878
 147.000000 1.206619 -0.143061
 148.000000 1.286207 -0.276602
 149.000000 1.156282 -0.258279
 150.000000 1.257712 -0.174367
 151.000000 1.271550 -0.257914
 152.000000 1.248542 -0.266722
 153.000000 1.199350 -0.184399
 154.000000 1.284650 -0.145372
 155.000000 1.204610 -0.202970
 156.000000 1.268885 -0.125169
 157.000000 1.208677 -0.125399
 158.000000 1.219353 -0.106980
 159.000000 1.208378 -0.280182
 160.000000 1.170297 -0.234793
 161.000000 1.165586 -0.109441
 162.000000 1.332400 -0.244576
 163.000000 1.342043 -0.291737
 164.000000 1.266127 -0.225598
 165.000000 1.290913 -0.181199
 166.000000 1.250307 -0.222898
 167.000000 1.211989 -0.134695
 168.000000 1.255471 -0.182011
 169.000000 1.315606 -0.188883
 170.000000 1.247539 -0.207894
 171.000000 1.179894 -0.114032
 172.000000 1.161852 -0.158460
 173.000000 1.208426 -0.189467
 174.000000 1.249709 -0.139124
 175.000000 1.245441 -0.147307
 176.000000 1.184795 -0.246999
 177.000000 1.092279 -0.143292
 178.000000 1.210879 -0.232508
 179.000000 1.317386 -0.203722
 180.000000 1.213033 -0.227162
 181.000000 1.245715 -0.216453
 182.000000 1.255681 -0.297023
 183.000000 1.337072 -0.187086
 184.000000 1.292589 -0.161178
 185.000000 1.198110 -0.205267
 186.000000 1.314649 -0.191155
 187.000000 1.190396 -0.226298
 188.000000 1.210792 -0.278796
 189.000000 1.325014 -0.230686
 190.000000 1.277262 -0.170632
 191.000000 1.255863 -0.262115
 192.000000 1.284451 -0.183013
 193.000000 1.287586 -0.258574
 194.000000 1.237209 -0.274067
 195.000000 1.162742 -0.182149
 196.000000 1.144874 -0.240673
 197.000000 1.199441 -0.262032
 198.000000 1.230242 -0.210707
 199.000000 1.233876 -0.135526
 200.000000 1.192189 -0.160500
 201.000000 1.291727 -0.197254
 202.000000 1.254210 -0.281198
 203.000000 1.264188 -0.230198
 204.000000 1.274663 -0.212219
 205.000000 1.208782 -0.150782
 206.000000 1.154827 -0.236791
 207.000000 1.176384 -0.250428
 208.000000 1.146445 -0.196389
 209.000000 1.161124 -0.187779
 210.000000 1.164206 -0.186956
 211.000000 1.220086 -0.188859
 212.000000 1.176417 -0.096362
 213.000000 1.279466 -0.232707
 214.000000 1.234652 -0.225277
 215.000000 1.258675 -0.193846
 216.000000 1.261885 -0.177544
 217.000000 1.363100 -0.180618
 218.000000 1.369777 -0.137415
 219.000000 1.260954 -0.181416
 220.000000 1.298572 -0.224141
 221.000000 1.213248 -0.158966
 222.000000 1.220875 -0.180538
 223.000000 1.207500 -0.282063
 224.000000 1.256240 -0.205909
 225.000000 1.220834 -0.291258
 226.000000 1.366415 -0.265584
 227.000000 1.234772 -0.179336
 228.000000 1.339506 -0.206357
 229.000000 1.201988 -0.156177
 230.000000 1.163394 -0.193302
 231.000000 1.242820 -0.225693
 232.000000 1.229387 -0.159238
 233.000000 1.266764 -0.225843
 234.000000 1.295787 -0.232187
 235.000000 1.359035 -0.264909
 236.000000 1.325927 -0.191107
 237.000000 1.163305 -0.177022
 238.000000 1.263578 -0.171562
 239.000000 1.151363 -0.181588
 240.000000 1.186522 -0.260795
 241.000000 1.251237 -0.210691
 242.000000 1.234828 -0.187534
 243.000000 1.237979 -0.177563
 244.000000 1.225644 -0.220817
 245.000000 1.258716 -0.103477
 246.000000 1.143336 -0.314275
 247.000000 1.207829 -0.203858
 248.000000 1.257642 -0.218235
 249.000000 1.145398 -0.212482
 250.000000 1.223335 -0.250884
 251.000000 1.262305 -0.127946
 252.000000 1.306541 -0.182651
 253.000000 1.323872 -0.152278
 254.000000 1.231970 -0.150924
 255.000000 1.186222 -0.273533
 256.000000 1.215644 -0.184329
 257.000000 1.240659 -0.169507
 258.000000 1.204682 -0.225923
 259.000000 1.235097 -0.149053
 260.000000 1.221609 -0.178956
 261.000000 1.144044 -0.273709
 262.000000 1.176823 -0.207288
 263.000000 1.332708 -0.301302
 264.000000 1.183190 -0.214784
 265.000000 1.335859 -0.181072
 266.000000 1.284424 -0.188212
 267.000000 1.097854 -0.177234
 268.000000 1.182014 -0.218864
 269.000000 1.172315 -0.128464
 270.000000 1.151271 -0.184823
 271.000000 1.195396 -0.186485
 272.000000 1.303114 -0.354093
 273.000000 1.278287 -0.115394
 274.000000 1.249169 -0.134549
 275.000000 1.371530 -0.189600
 276.000000 1.341399 -0.249308
 277.000000 1.165161 -0.235375
 278.000000 1.205567 -0.215276
 279.000000 1.193198 -0.306464
 280.000000 1.213970 -0.145611
 281.000000 1.247722 -0.180014
 282.000000 1.269924 -0.252539
 283.000000 1.268889 -0.199409
 284.000000 1.345066 -0.229266
 285.000000 1.196645 -0.179116
 286.000000 1.231240 -0.202885
 287.000000 1.280117 -0.260547
 288.000000 1.284353 -0.227972
 289.000000 1.188592 -0.257337
 290.000000 1.206302 -0.257193
 291.000000 1.280702 -0.119277
 292.000000 1.262573 -0.094604
 293.000000 1.242861 -0.146808
 294.000000 1.199308 -0.140847
 295.000000 1.226982 -0.112952
 296.000000 1.258071 -0.119004
 297.000000 1.152156 -0.123520
 298.000000 1.195471 -0.149514
 299.000000 1.132480 -0.171434
 300.000000 1.215673 -0.226000
 301.000000 1.214420 -0.220966
 302.000000 1.159064 -0.239759
 303.000000 1.130680 -0.157969
 304.000000 1.231396 -0.202365
 305.000000 1.239320 -0.205372
 306.000000 1.175168 -0.185113
 307.000000 1.195151 -0.074933
 308.000000 1.140281 -0.200954
 309.000000 1.283318 -0.234764
 310.000000 1.248152 -0.217238
 311.000000 1.111283 -0.186500
 312.000000 1.271914 -0.155126
 313.000000 1.259801 -0.172771
 314.000000 1.165975 -0.197215
 315.000000 1.244527 -0.186709
 316.000000 1.293282 -0.316129
 317.000000 1.126720 -0.258010
 318.000000 1.205584 -0.198408
 319.000000 1.222322 -0.123270
 320.000000 1.273328 -0.178276
 321.000000 1.215415 -0.195426
 322.000000 1.169066 -0.111758
 323.000000 1.176086 -0.110133
 324.000000 1.202394 -0.225253
 325.000000 1.225007 -0.096249
 326.000000 1.112667 -0.182753
 327.000000 1.081513 -0.187259
 328.000000 1.079126 -0.105544
 329.000000 1.065817 -0.142448
 330.000000 1.179405 -0.188508
 331.000000 1.140582 -0.292659
 332.000000 1.088263 -0.244995
 333.000000 1.089832 -0.276359
 334.000000 1.253758 -0.248490
 335.000000 1.155561 -0.139866
 336.000000 1.182276 -0.202225
 337.000000 1.126861 -0.111249
 338.000000 1.185387 -0.218485
 339.000000 1.242173 -0.141477
 340.000000 1.220966 -0.152616
 341.000000 1.155521 -0.148782
 342.000000 1.277943 -0.136035
 343.000000 1.124044 -0.183401
 344.000000 1.143151 -0.217711
 345.000000 1.219080 -0.220073
 346.000000 1.092580 -0.122844
 347.000000 1.108932 -0.200475
 348.000000 1.127575 -0.130264
 349.000000 1.110290 -0.193370
 350.000000 1.286749 -0.227373
 351.000000 1.128273 -0.177184
 352.000000 1.131915 -0.175135
 353.000000 1.222406 -0.250395
 354.000000 1.142617 -0.207016
 355.000000 1.128273 -0.282234
 356.000000 1.179860 -0.234425
 357.000000 1.220242 -0.175181
 358.000000 1.202328 -0.217543
 359.000000 1.234809 -0.189144
 360.000000 1.239862 -0.179241
 361.000000 1.152345 -0.167373
 362.000000 1.219957 -0.183175
 363.000000 1.215952 -0.211276
 364.000000 1.261559 -0.272738
 365.000000 1.137325 -0.240954
 366.000000 1.197059 -0.288311
 367.000000 1.117215 -0.273301
 368.000000 1.207786 -0.153963
 369.000000 1.173455 -0.192264
 370.000000 1.194449 -0.271200
 371.000000 1.192178 -0.224561
 372.000000 1.273774 -0.295465
 373.000000 1.146293 -0.250936
 374.000000 1.247496 -0.284468
 375.000000 1.246587 -0.232255
 376.000000 1.206306 -0.218591
 377.000000 1.241918 -0.206138
 378.000000 1.166264 -0.220451
 379.000000 1.249098 -0.227360
 380.000000 1.204805 -0.249633
 381.000000 1.127323 -0.216264
 382.000000 1.135660 -0.220367
 383.000000 1.273204 -0.222407
 384.000000 1.294895 -0.137218
 385.000000 1.305470 -0.170950
 386.000000 1.206168 -0.166486
 387.000000 1.320719 -0.209190
 388.000000 1.300853 -0.286520
 389.000000 1.300059 -0.365051
 390.000000 1.262314 -0.237542
 391.000000 1.366409 -0.221520
 392.000000 1.243107 -0.123363
 393.000000 1.176311 -0.192573
 394.000000 1.200673 -0.240922
 395.000000 1.178403 -0.149744
 396.000000 1.090553 -0.172402
 397.000000 1.202776 -0.195369
 398.000000 1.211808 -0.172560
 399.000000 1.279973 -0.127377
 400.000000 1.335257 -0.165208
 401.000000 1.281025 -0.175050
 402.000000 1.222055 -0.157962
 403.000000 1.211344 -0.134771
 404.000000 1.293945 -0.180114
 405.000000 1.324196 -0.245077
 406.000000 1.378844 -0.179008
 407.000000 1.253148 -0.268586
 408.000000 1.179156 -0.262186
 409.000000 1.208002 -0.222046
 410.000000 1.376541 -0.250807
 411.000000 1.305810 -0.204685
 412.000000 1.290465 -0.143976
 413.000000 1.261806 -0.202173
 414.000000 1.250765 -0.264806
 415.000000 1.282799 -0.232023
 416.000000 1.213864 -0.200413
 417.000000 1.215999 -0.217561
 418.000000 1.165606 -0.245952
 419.000000 1.261767 -0.185879
 420.000000 1.296406 -0.246471
 421.000000 1.308914 -0.191315
 422.000000 1.177979 -0.334749
 423.000000 1.257225 -0.245171
 424.000000 1.272037 -0.167318
 425.000000 1.357821 -0.209594
 426.000000 1.312475 -0.203352
 427.000000 1.209972 -0.218075
 428.000000 1.354292 -0.129547
 429.000000 1.226254 -0.152276
 430.000000 1.251236 -0.177054
 431.000000 1.290489 -0.224750
 432.000000 1.211753 -0.182843
 433.000000 1.103115 -0.208230
 434.000000 1.151229 -0.157495
 435.000000 1.138186 -0.239722
 436.000000 1.162757 -0.270469
 437.000000 1.225960 -0.274699
 438.000000 1.218172 -0.288560
 439.000000 1.149341 -0.254705
 440.000000 1.159709 -0.242865
 441.000000 1.253577 -0.288966
 442.000000 1.261375 -0.283136
 443.000000 1.264287 -0.284346
 444.000000 1.191191 -0.247169
 445.000000 1.280773 -0.206424
 446.000000 1.175939 -0.207762
 447.000000 1.238648 -0.267606
 448.000000 1.364133 -0.269765
 449.000000 1.209729 -0.219607
 450.000000 1.240386 -0.203258
 451.000000 1.315562 -0.088053
 452.000000 1.254339 -0.148431
 453.000000 1.244034 -0.217751
 454.000000 1.305542 -0.247743
 455.000000 1.364950 -0.146415
 456.000000 1.281414 -0.233688
 457.000000 1.247494 -0.190309
 458.000000 1.322719 -0.113588
 459.000000 1.271833 -0.293091
 460.000000 1.192548 -0.232011
 461.000000 1.204009 -0.193499
 462.000000 1.140177 -0.215496
 463.000000 1.160827 -0.216991
 464.000000 1.212631 -0.213651
 465.000000 1.216617 -0.213523
 466.000000 1.300320 -0.292475
 467.000000 1.191052 -0.241646
 468.000000 1.235721 -0.137164
 469.000000 1.286419 -0.199731
 470.000000 1.260881 -0.139148
 471.000000 1.186983 -0.216081
 472.000000 1.241120 -0.182632
 473.000000 1.230893 -0.218500
 474.000000 1.197527 -0.209253
 475.000000 1.325066 -0.275227
 476.000000 1.321334 -0.225869
 477.000000 1.158992 -0.183525
 478.000000 1.223297 -0.124284
 479.000000 1.200292 -0.156851
 480.000000 1.237869 -0.140947
 481.000000 1.231452 -0.170145
 482.000000 1.201073 -0.134610
 483.000000 1.186711 -0.158987
 484.000000 1.364430 -0.211162
 485.000000 1.307403 -0.199065
 486.000000 1.170312 -0.194491
 487.000000 1.244398 -0.217825
 488.000000 1.370610 -0.237287
 489.000000 1.182236 -0.100660
 490.000000 1.246260 -0.183324
 491.000000 1.211375 -0.276498
 492.000000 1.204599 -0.276704
 493.000000 1.193990 -0.271768
 494.000000 1.282034 -0.201267
 495.000000 1.252053 -0.214185
 496.000000 1.212366 -0.243847
 497.000000 1.333353 -0.247512
 498.000000 1.346975 -0.196387
 499.000000 1.267791 -0.201724
 500.000000 1.336207 -0.182725
 501.000000 1.305789 -0.259308
 502.000000 1.270321 -0.200112
 503.000000 1.291270 -0.121331
 504.000000 1.110687 -0.219426
 505.000000 1.259784 -0.211993
 506.000000 1.205979 -0.204283
 507.000000 1.203903 -0.257403
 508.000000 1.258211 -0.173861
 509.000000 1.245557 -0.211239
 510.000000 1.164143 -0.244104
 511.000000 1.265615 -0.234095
 512.000000 1.234057 -0.141475
 513.000000 1.229362 -0.204696
 514.000000 1.232578 -0.247360
 515.000000 1.225697 -0.194878
 516.000000 1.266360 -0.126813
 517.000000 1.238074 -0.201448
 518.000000 1.294992 -0.165901
 519.000000 1.180536 -0.205199
 520.000000 1.250714 -0.248207
 521.000000 1.312311 -0.260017
 522.000000 1.147326 -0.257306
 523.000000 1.256212 -0.333659
 524.000000 1.273030 -0.287502
 525.000000 1.324634 -0.275357
 526.000000 1.202528 -0.212234
 527.000000 1.226808 -0.198153
 528.000000 1.243041 -0.154201
 529.000000 1.269490 -0.226235
 530.000000 1.195693 -0.202642
 531.000000 1.295399 -0.175130
 532.000000 1.253529 -0.218145
 533.000000 1.224427 -0.147500
 534.000000 1.313533 -0.194019
 535.000000 1.247663 -0.267311
 536.000000 1.315300 -0.220983
 537.000000 1.289945 -0.205620
 538.000000 1.260874 -0.267664
 539.000000 1.220287 -0.217156
 540.000000 1.323634 -0.202707
 541.000000 1.294840 -0.142230
 542.000000 1.255778 -0.228330
 543.000000 1.121843 -0.195835
 544.000000 1.259830 -0.287173
 545.000000 1.241687 -0.190088
 546.000000 1.260752 -0.319036
 547.000000 1.272061 -0.239319
 548.000000 1.176991 -0.253103
 549.000000 1.221485 -0.295576
 550.000000 1.187643 -0.126009
 551.000000 1.295631 -0.226986
 552.000000 1.177463 -0.180532
 553.000000 1.205254 -0.105019
 554.000000 1.255536 -0.245538
 555.000000 1.166201 -0.204100
 556.000000 1.202305 -0.287753
 557.000000 1.211632 -0.197649
 558.000000 1.169271 -0.278329
 559.000000 1.207941 -0.255454
 560.000000 1.252033 -0.240522
 561.000000 1.313530 -0.274942
 562.000000 1.148826 -0.225699
 563.000000 1.240200 -0.194933
 564.000000 1.210529 -0.231810
 565.000000 1.286084 -0.232534
 566.000000 1.163846 -0.160939
 567.000000 1.210842 -0.234883
 568.000000 1.221710 -0.169464
 569.000000 1.165050 -0.300507
 570.000000 1.118416 -0.102352
 571.000000 1.118151 -0.123676
 572.000000 1.249951 -0.308724
 573.000000 1.293314 -0.291041
 574.000000 1.168195 -0.179715
 575.000000 1.310417 -0.188336
 576.000000 1.238195 -0.312801
 577.000000 1.227103 -0.292796
 578.000000 1.238209 -0.311690
 579.000000 1.176602 -0.145238
 580.000000 1.163033 -0.236463
 581.000000 1.116207 -0.146588
 582.000000 1.214852 -0.197163
 583.000000 1.206433 -0.246896
 584.000000 1.233943 -0.152931
 585.000000 1.111640 -0.245912
 586.000000 1.152815 -0.227023
 587.000000 1.222023 -0.174855
 588.000000 1.204832 -0.192228
 589.000000 1.130733 -0.220867
 590.000000 1.094873 -0.182140
 591.000000 1.061235 -0.235852
 592.000000 1.157967 -0.228056
 593.000000 1.176401 -0.194380
 594.000000 1.275636 -0.281589
 595.000000 1.200023 -0.160406
 596.000000 1.178081 -0.205304
 597.000000 1.227110 -0.195744
 598.000000 1.124762 -0.158706
 599.000000 1.191127 -0.209866
 600.000000 1.210715 -0.217713
 601.000000 1.202994 -0.161860
 602.000000 1.255223 -0.148021
 603.000000 1.183440 -0.312247
 604.000000 1.250200 -0.302737
 605.000000 1.282662 -0.208341
 606.000000 1.241333 -0.219396
 607.000000 1.214965 -0.247737
 608.000000 1.181722 -0.197104
 609.000000 1.285814 -0.244856
 610.000000 1.220259 -0.215887
 611.000000 1.147575 -0.230477
 612.000000 1.109765 -0.159385
 613.000000 1.225471 -0.197997
 614.000000 1.229996 -0.227248
 615.000000 1.228712 -0.252514
 616.000000 1.235167 -0.262852
 617.000000 1.297472 -0.205575
 618.000000 1.124734 -0.254583
 619.000000 1.229818 -0.254207
 620.000000 1.143697 -0.181381
 621.000000 1.252083 -0.194842
 622.000000 1.322973 -0.276865
 623.000000 1.207934 -0.188589
 624.000000 1.247279 -0.150671
 625.000000 1.389961 -0.253621
 626.000000 1.296083 -0.112171
 627.000000 1.304613 -0.290168
 628.000000 1.185062 -0.196618
 629.000000 1.181298 -0.106796
 630.000000 1.357378 -0.228397
 631.000000 1.314433 -0.232327
 632.000000 1.266664 -0.253669
 633.000000 1.220322 -0.187188
 634.000000 1.276643 -0.310465
 635.000000 1.345318 -0.168248
 636.000000 1.317972 -0.241788
 637.000000 1.349205 -0.252626
 638.000000 1.375369 -0.172427
 639.000000 1.266197 -0.212758
 640.000000 1.210899 -0.082494
 641.000000 1.318321 -0.179971
 642.000000 1.277764 -0.155275
 643.000000 1.197288 -0.191669
 644.000000 1.281140 -0.165337
 645.000000 1.294721 -0.126371
 646.000000 1.106568 -0.142451
 647.000000 1.309858 -0.173576
 648.000000 1.362901 -0.167545
 649.000000 1.258285 -0.210449
 650.000000 1.192507 -0.241105
 651.000000 1.183465 -0.163253
 652.000000 1.202455 -0.200245
 653.000000 1.213538 -0.343994
 654.000000 1.271309 -0.214859
 655.000000 1.310498 -0.143718
 656.000000 1.269959 -0.171664
 657.000000 1.291001 -0.226788
 658.000000 1.286681 -0.245324
 659.000000 1.255765 -0.232977
 660.000000 1.352471 -0.254414
 661.000000 1.221241 -0.286490
 662.000000 1.362264 -0.226115
 663.000000 1.214959 -0.233008
 664.000000 1.376217 -0.230503
 665.000000 1.285432 -0.266026
 666.000000 1.293478 -0.135007
 667.000000 1.261951 -0.183262
 668.000000 1.221114 -0.223142
 669.000000 1.272392 -0.186188
 670.000000 1.317902 -0.169363
 671.000000 1.273981 -0.256661
 672.000000 1.247794 -0.228582
 673.000000 1.287278 -0.284451
 674.000000 1.272703 -0.250937
 675.000000 1.257936 -0.265131
 676.000000 1.481704 -0.161607
 677.000000 1.310213 -0.213188
 678.000000 1.265708 -0.244711
 679.000000 1.335125 -0.193628
 680.000000 1.240641 -0.236565
 681.000000 1.232455 -0.195850
 682.000000 1.253927 -0.124516
 683.000000 1.280915 -0.171937
 684.000000 1.233104 -0.252881
 685.000000 1.325933 -0.168254
 686.000000 1.291080 -0.190678
 687.000000 1.258230 -0.165471
 688.000000 1.297006 -0.255029
 689.000000 1.294741 -0.219518
 690.000000 1.293010 -0.162761
 691.000000 1.286357 -0.244354
 692.000000 1.225166 -0.134773
 693.000000 1.143707 -0.185383
 694.000000 1.272670 -0.234573
 695.000000 1.351076 -0.259070
 696.000000 1.330948 -0.211473
 697.000000 1.371246 -0.256191
 698.000000 1.312830 -0.191542
 699.000000 1.238815 -0.320975
 700.000000 1.429470 -0.236584
 701.000000 1.367570 -0.290260
 702.000000 1.238474 -0.265358
 703.000000 1.335336 -0.311303
 704.000000 1.379538 -0.343402
 705.000000 1.341381 -0.143805
 706.000000 1.340321 -0.191074
 707.000000 1.241337 -0.260160
 708.000000 1.240547 -0.242346
 709.000000 1.304453 -0.136107
 710.000000 1.160359 -0.169764
 711.000000 1.352080 -0.203163
 712.000000 1.276507 -0.185124
 713.000000 1.261706 -0.199485
 714.000000 1.320990 -0.173040
 715.000000 1.207963 -0.228830
 716.000000 1.241276 -0.208616
 717.000000 1.162765 -0.186552
 718.000000 1.223920 -0.205029
 719.000000 1.290753 -0.186291
 720.000000 1.278119 -0.083137
 721.000000 1.315204 -0.241707
 722.000000 1.196432 -0.249854
 723.000000 1.290375 -0.183097
 724.000000 1.213148 -0.151002
 725.000000 1.320578 -0.224766
 726.000000 1.289792 -0.053455
 727.000000 1.271457 -0.223060
 728.000000 1.412636 -0.237393
 729.000000 1.113913 -0.289968
 730.000000 1.357597 -0.144017
 731.000000 1.317406 -0.181338
 732.000000 1.283934 -0.186016
 733.000000 1.261715 -0.298470
 734.000000 1.278350 -0.213661
 735.000000 1.340866 -0.124352
 736.000000 1.211531 -0.167605
 737.000000 1.213923 -0.189555
 738.000000 1.279313 -0.156123
 739.000000 1.349509 -0.192849
 740.000000 1.266102 -0.271508
 741.000000 1.313211 -0.175217
 742.000000 1.324742 -0.171601
 743.000000 1.293201 -0.223427
 744.000000 1.272851 -0.142384
 745.000000 1.361833 -0.218761
 746.000000 1.401236 -0.208359
 747.000000 1.310608 -0.312595
 748.000000 1.236229 -0.250443
 749.000000 1.289444 -0.261742
 750.000000 1.283503 -0.149678
 751.000000 1.325830 -0.172388
 752.000000 1.297363 -0.207137
 753.000000 1.208354 -0.250576
 754.000000 1.258563 -0.306846
 755.000000 1.336177 -0.182711
 756.000000 1.306534 -0.158140
 757.000000 1.252204 -0.183293
 758.000000 1.159372 -0.277452
 759.000000 1.243112 -0.184148
 760.000000 1.209573 -0.219795
 761.000000 1.205329 -0.179715
 762.000000 1.163118 -0.250287
 763.000000 1.352518 -0.238661
 764.000000 1.327333 -0.216219
 765.000000 1.241705 -0.190980
 766.000000 1.207575 -0.279689
 767.000000 1.129936 -0.244357
 768.000000 1.328225 -0.291404
 769.000000 1.149050 -0.225279
 770.000000 1.327665 -0.191269
 771.000000 1.239044 -0.273613
 772.000000 1.365482 -0.257131
 773.000000 1.271884 -0.329464
 774.000000 1.286799 -0.206994
 775.000000 1.182563 -0.187967
 776.000000 1.162973 -0.226568
 777.000000 1.275321 -0.249420
 778.000000 1.253993 -0.293324
 779.000000 1.340239 -0.173663
 780.000000 1.371548 -0.269850
 781.000000 1.251819 -0.178273
 782.000000 1.238811 -0.236858
 783.000000 1.259775 -0.259151
 784.000000 1.263226 -0.259478
 785.000000 1.178108 -0.219488
 786.000000 1.295019 -0.298715
 787.000000 1.303333 -0.202541
 788.000000 1.242728 -0.166901
 789.000000 1.278618 -0.177459
 790.000000 1.259818 -0.205329
 791.000000 1.334145 -0.228202
 792.000000 1.258329 -0.294208
 793.000000 1.210227 -0.283757
 794.000000 1.231799 -0.215946
 795.000000 1.272084 -0.176666
 796.000000 1.254784 -0.151879
 797.000000 1.402949 -0.215059
 798.000000 1.248137 -0.247705
 799.000000 1.226163 -0.203871
 800.000000 1.229533 -0.237128
 801.000000 1.295709 -0.173605
 802.000000 1.235067 -0.291026
 803.000000 1.231029 -0.303397
 804.000000 1.254599 -0.140554
 805.000000 1.365101 -0.287220
 806.000000 1.284219 -0.195423
 807.000000 1.142783 -0.189871
 808.000000 1.185267 -0.315546
 809.000000 1.266131 -0.291306
 810.000000 1.223613 -0.330795
 811.000000 1.148316 -0.219557
 812.000000 1.178131 -0.228966
 813.000000 1.284150 -0.218798
 814.000000 1.144947 -0.266368
 815.000000 1.142867 -0.168323
 816.000000 1.166937 -0.212876
 817.000000 1.245915 -0.149967
 818.000000 1.260543 -0.163601
 819.000000 1.225830 -0.200556
 820.000000 1.207307 -0.188755
 821.000000 1.149072 -0.171268
 822.000000 1.176292 -0.230065
 823.000000 1.293845 -0.134666
 824.000000 1.286069 -0.225576
 825.000000 1.252917 -0.253246
 826.000000 1.095731 -0.191237
 827.000000 1.268731 -0.247187
 828.000000 1.313411 -0.225304
 829.000000 1.209594 -0.035723
 830.000000 1.209575 -0.177547
 831.000000 1.252269 -0.219924
 832.000000 1.251158 -0.224144
 833.000000 1.224954 -0.217393
 834.000000 1.236175 -0.194980
 835.000000 1.138449 -0.238196
 836.000000 1.205603 -0.258382
 837.000000 1.172472 -0.193329
 838.000000 1.200216 -0.227110
 839.000000 1.169530 -0.331037
 840.000000 1.269388 -0.354430
 841.000000 1.243187 -0.288221
 842.000000 1.380402 -0.274122
 843.000000 1.294465 -0.125618
 844.000000 1.272175 -0.153112
 845.000000 1.302081 -0.282347
 846.000000 1.250540 -0.187621
 847.000000 1.236312 -0.216238
 848.000000 1.285977 -0.273596
 849.000000 1.165500 -0.177527
 850.000000 1.291278 -0.191803
 851.000000 1.287304 -0.229127
 852.000000 1.285185 -0.243365
 853.000000 1.189083 -0.133563
 854.000000 1.223386 -0.172700
 855.000000 1.234999 -0.255949
 856.000000 1.294529 -0.081804
 857.000000 1.212932 -0.192071
 858.000000 1.259515 -0.228909
 859.000000 1.303920 -0.174362
 860.000000 1.242554 -0.231706
 861.000000 1.222782 -0.184694
 862.000000 1.234965 -0.255296
 863.000000 1.286960 -0.103375
 864.000000 1.202962 -0.140634
 865.000000 1.197189 -0.196139
 866.000000 1.338251 -0.241624
 867.000000 1.269524 -0.186365
 868.000000 1.194444 -0.268602
 869.000000 1.167152 -0.156282
 870.000000 1.163406 -0.176553
 871.000000 1.296201 -0.169621
 872.000000 1.178526 -0.302454
 873.000000 1.288711 -0.192629
 874.000000 1.266682 -0.272197
 875.000000 1.198854 -0.231112
 876.000000 1.211522 -0.246650
 877.000000 1.283054 -0.251363
 878.000000 1.271751 -0.249646
 879.000000 1.231058 -0.254696
 880.000000 1.198539 -0.205662
 881.000000 1.302475 -0.202939
 882.000000 1.194768 -0.204899
 883.000000 1.192756 -0.241621
 884.000000 1.339724 -0.181901
 885.000000 1.265282 -0.202651
 886.000000 1.194513 -0.256033
 887.000000 1.306916 -0.282264
 888.000000 1.247923 -0.293300
 889.000000 1.193294 -0.186650
 890.000000 1.316860 -0.239765
 891.000000 1.187451 -0.175467
 892.000000 1.333021 -0.221131
 893.000000 1.200945 -0.242673
 894.000000 1.268032 -0.159952
 895.000000 1.252229 -0.209246
 896.000000 1.318005 -0.237021
 897.000000 1.305667 -0.306615
 898.000000 1.229943 -0.210043
 899.000000 1.300998 -0.230198
 900.000000 1.314859 -0.245823
 901.000000 1.210209 -0.233197
 902.000000 1.182445 -0.256276
 903.000000 1.177934 -0.181612
 904.000000 1.271248 -0.259125
 905.000000 1.181022 -0.188338
 906.000000 1.263609 -0.241210
 907.000000 1.279568 -0.221973
 908.000000 1.268249 -0.221999
 909.000000 1.333892 -0.219574
 910.000000 1.333162 -0.299015
 911.000000 1.308408 -0.208540
 912.000000 1.302706 -0.194766
 913.000000 1.313284 -0.309541
 914.000000 1.305347 -0.226292
 915.000000 1.354562 -0.252542
 916.000000 1.264303 -0.231823
 917.000000 1.364031 -0.235566
 918.000000 1.347881 -0.160342
 919.000000 1.353584 -0.244875
 920.000000 1.267303 -0.225648
 921.000000 1.279007 -0.149183
 922.000000 1.237585 -0.151762
 923.000000 1.351393 -0.190751
 924.000000 1.264181 -0.174925
 925.000000 1.259188 -0.158650
 926.000000 1.255722 -0.203536
 927.000000 1.293548 -0.181451
 928.000000 1.314008 -0.259941
 929.000000 1.346836 -0.238676
 930.000000 1.340062 -0.188342
 931.000000 1.358027 -0.219469
 932.000000 1.270134 -0.190110
 933.000000 1.261073 -0.162592
 934.000000 1.288613 -0.185396
 935.000000 1.207506 -0.178353
 936.000000 1.259212 -0.323651
 937.000000 1.176550 -0.257443
 938.000000 1.235047 -0.224725
 939.000000 1.244343 -0.196323
 940.000000 1.080408 -0.097992
 941.000000 1.154704 -0.274168
 942.000000 1.158112 -0.135309
 943.000000 1.239963 -0.143147
 944.000000 1.207948 -0.207734
 945.000000 1.284645 -0.201526
 946.000000 1.119233 -0.272923
 947.000000 1.155073 -0.135584
 948.000000 1.223795 -0.254635
 949.000000 1.247521 -0.179496
 950.000000 1.125998 -0.166157
 951.000000 1.082492 -0.193898
 952.000000 1.250824 -0.193331
 953.000000 1.208526 -0.138100
 954.000000 1.347709 -0.098244
 955.000000 1.206456 -0.153636
 956.000000 1.314625 -0.167673
 957.000000 1.292087 -0.144228
 958.000000 1.306280 -0.162291
 959.000000 1.304925 -0.149087
 960.000000 1.379344 -0.150413
 961.000000 1.277567 -0.134100
 962.000000 1.188830 -0.152971
 963.000000 1.254720 -0.175888
 964.000000 1.272560 -0.190844
 965.000000 1.201199 -0.192046
 966.000000 1.250694 -0.209780
 967.000000 1.220072 -0.146430
 968.000000 1.248633 -0.121228
 969.000000 1.291126 -0.230953
 970.000000 1.374121 -0.185640
 971.000000 1.268232 -0.358022
 972.000000 1.169511 -0.258481
 973.000000 1.213413 -0.241892
 974.000000 1.252680 -0.288271
 975.000000 1.316935 -0.269417
 976.000000 1.304955 -0.276615
 977.000000 1.214031 -0.276716
 978.000000 1.267158 -0.258116
 979.000000 1.278473 -0.183751
 980.000000 1.298955 -0.176385
 981.000000 1.255324 -0.277725
 982.000000 1.183368 -0.234745
 983.000000 1.285113 -0.189126
 984.000000 1.241066 -0.164459
 985.000000 1.315867 -0.192258
 986.000000 1.168861 -0.211315
 987.000000 1.249009 -0.279794
 988.000000 1.201103 -0.231766
 989.000000 1.283479 -0.149903
 990.000000 1.296774 -0.213372
 991.000000 1.294538 -0.204360
 992.000000 1.323597 -0.252071
 993.000000 1.255253 -0.271182
 994.000000 1.325797 -0.238551
 995.000000 1.243466 -0.114885
 996.000000 1.287312 -0.260414
 997.000000 1.153197 -0.253917
 998.000000 1.359022 -0.170994
 999.000000 1.312430 -0.266348
 1000.000000 1.284806 -0.247694
 1001.000000 1.289199 -0.241545
 1002.000000 1.291769 -0.232388
 1003.000000 1.265101 -0.234652
 1004.000000 1.243289 -0.254081
 1005.000000 1.239546 -0.194376
 1006.000000 1.306147 -0.208915
 1007.000000 1.275910 -0.251832
 1008.000000 1.331553 -0.227934
 1009.000000 1.243933 -0.164903
 1010.000000 1.353283 -0.283442
 1011.000000 1.335157 -0.133180
 1012.000000 1.393672 -0.215977
 1013.000000 1.402705 -0.202904
 1014.000000 1.360223 -0.143803
 1015.000000 1.316325 -0.191311
 1016.000000 1.392122 -0.157152
 1017.000000 1.327841 -0.170323
 1018.000000 1.336727 -0.235548
 1019.000000 1.289683 -0.220522
 1020.000000 1.292499 -0.233938
 1021.000000 1.272655 -0.273820
 1022.000000 1.319948 -0.235656
 1023.000000 1.266656 -0.248697
 1024.000000 1.221672 -0.189395
 1025.000000 1.247200 -0.296077
 1026.000000 1.201027 -0.201014
 1027.000000 1.295385 -0.240610
 1028.000000 1.216551 -0.138528
 1029.000000 1.277213 -0.182214
 1030.000000 1.310898 -0.229135
 1031.000000 1.358394 -0.231067
 1032.000000 1.268039 -0.179383
 1033.000000 1.181833 -0.192940
 1034.000000 1.241516 -0.272681
 1035.000000 1.221088 -0.223014
 1036.000000 1.238682 -0.244887
 1037.000000 1.335591 -0.183051
 1038.000000 1.353234 -0.194597
 1039.000000 1.281567 -0.132953
 1040.000000 1.285912 -0.214403
 1041.000000 1.347979 -0.186928
 1042.000000 1.307269 -0.251609
 1043.000000 1.303141 -0.242640
 1044.000000 1.195562 -0.233583
 1045.000000 1.251561 -0.273565
 1046.000000 1.251276 -0.231304
 1047.000000 1.291670 -0.236321
 1048.000000 1.278209 -0.272419
 1049.000000 1.299112 -0.131905
 1050.000000 1.292541 -0.157580
 1051.000000 1.273686 -0.208202
 1052.000000 1.232684 -0.204965
 1053.000000 1.265527 -0.200771
 1054.000000 1.208244 -0.066590
 1055.000000 1.266587 -0.232239
 1056.000000 1.163819 -0.139189
 1057.000000 1.193122 -0.177369
 1058.000000 1.288705 -0.116610
 1059.000000 1.329678 -0.186023
 1060.000000 1.235515 -0.187014
 1061.000000 1.247273 -0.116083
 1062.000000 1.329995 -0.186735
 1063.000000 1.199231 -0.182389
 1064.000000 1.290678 -0.142654
 1065.000000 1.298174 -0.142334
 1066.000000 1.239799 -0.243730
 1067.000000 1.268195 -0.207688
 1068.000000 1.357376 -0.126297
 1069.000000 1.147872 -0.159273
 1070.000000 1.254448 -0.121339
 1071.000000 1.204605 -0.078599
 1072.000000 1.129801 -0.152795
 1073.000000 1.149949 -0.112122
 1074.000000 1.126306 -0.158104
 1075.000000 1.112568 -0.282898
 1076.000000 1.176506 -0.124652
 1077.000000 1.195030 -0.136809
 1078.000000 1.220848 -0.185366
 1079.000000 1.141900 -0.193758
 1080.000000 1.251160 -0.114159
 1081.000000 1.202667 -0.168791
 1082.000000 1.091734 -0.209511
 1083.000000 1.232936 -0.147865
 1084.000000 1.169704 -0.210469
 1085.000000 1.213459 -0.212328
 1086.000000 1.236613 -0.249845
 1087.000000 1.038064 -0.234352
 1088.000000 1.238735 -0.247939
 1089.000000 1.202894 -0.259465
 1090.000000 1.260240 -0.310545
 1091.000000 1.204082 -0.132454
 1092.000000 1.090213 -0.202515
 1093.000000 1.231799 -0.175123
 1094.000000 1.129225 -0.215184
 1095.000000 1.137574 -0.273580
 1096.000000 1.216159 -0.317274
 1097.000000 1.186640 -0.281896
 1098.000000 1.196806 -0.263128
 1099.000000 1.158487 -0.332108
 1100.000000 1.149906 -0.253176
 1101.000000 1.224819 -0.250388
 1102.000000 1.165360 -0.370734
 1103.000000 1.216936 -0.325651
 1104.000000 1.185677 -0.239950
 1105.000000 1.272071 -0.275728
 1106.000000 1.133620 -0.294988
 1107.000000 1.245509 -0.238975
 1108.000000 1.244543 -0.308778
 1109.000000 1.267280 -0.245975
 1110.000000 1.238021 -0.230117
 1111.000000 1.181947 -0.235374
 1112.000000 1.265163 -0.348429
 1113.000000 1.267417 -0.219424
 1114.000000 1.155966 -0.195225
 1115.000000 1.193660 -0.299068
 1116.000000 1.141685 -0.282465
 1117.000000 1.254748 -0.186831
 1118.000000 1.156506 -0.276336
 1119.000000 1.180030 -0.198272
 1120.000000 1.165198 -0.210152
 1121.000000 1.314263 -0.199250
 1122.000000 1.279926 -0.260067
 1123.000000 1.375032 -0.212408
 1124.000000 1.215078 -0.223154
 1125.000000 1.346884 -0.218494
 1126.000000 1.164644 -0.180834
 1127.000000 1.240377 -0.220946
 1128.000000 1.209971 -0.249757
 1129.000000 1.193245 -0.163063
 1130.000000 1.208615 -0.195646
 1131.000000 1.225290 -0.285744
 1132.000000 1.274709 -0.237775
 1133.000000 1.237189 -0.267964
 1134.000000 1.302182 -0.159208
 1135.000000 1.251191 -0.265214
 1136.000000 1.240524 -0.254086
 1137.000000 1.190629 -0.303818
 1138.000000 1.193119 -0.271181
 1139.000000 1.124432 -0.289595
 1140.000000 1.202941 -0.243270
 1141.000000 1.234437 -0.322763
 1142.000000 1.175800 -0.270406
 1143.000000 1.181830 -0.294463
 1144.000000 1.254912 -0.250529
 1145.000000 1.248763 -0.221742
 1146.000000 1.273996 -0.272813
 1147.000000 1.215961 -0.279602
 1148.000000 1.200298 -0.296430
 1149.000000 1.138824 -0.252294
 1150.000000 1.332962 -0.249995
 1151.000000 1.234623 -0.268291
 1152.000000 1.293921 -0.289210
 1153.000000 1.252254 -0.196225
 1154.000000 1.187337 -0.316950
 1155.000000 1.245135 -0.172695
 1156.000000 1.219275 -0.280053
 1157.000000 1.205373 -0.209106
 1158.000000 1.158614 -0.318892
 1159.000000 1.178925 -0.258771
 1160.000000 1.219909 -0.290669
 1161.000000 1.139192 -0.236294
 1162.000000 1.230551 -0.319900
 1163.000000 1.084469 -0.255354
 1164.000000 1.217825 -0.292543
 1165.000000 1.221416 -0.190022
 1166.000000 1.112050 -0.228649
 1167.000000 1.201347 -0.240126
 1168.000000 1.225815 -0.286883
 1169.000000 1.158961 -0.240341
 1170.000000 1.192212 -0.253028
 1171.000000 1.220853 -0.274809
 1172.000000 1.220012 -0.208943
 1173.000000 1.245819 -0.227708
 1174.000000 1.234560 -0.208733
 1175.000000 1.190436 -0.233908
 1176.000000 1.349569 -0.210242
 1177.000000 1.226111 -0.149388
 1178.000000 1.205949 -0.215554
 1179.000000 1.287484 -0.256037
 1180.000000 1.226869 -0.314626
 1181.000000 1.216414 -0.276039
 1182.000000 1.316222 -0.242064
 1183.000000 1.317987 -0.253062
 1184.000000 1.136198 -0.341580
 1185.000000 1.180718 -0.242173
 1186.000000 1.209188 -0.207775
 1187.000000 1.162572 -0.265228
 1188.000000 1.156875 -0.202580
 1189.000000 1.117663 -0.275547
 1190.000000 1.192590 -0.277989
 1191.000000 1.187833 -0.255370
 1192.000000 1.256587 -0.261072
 1193.000000 1.302149 -0.320977
 1194.000000 1.114264 -0.372715
 1195.000000 1.074013 -0.286225
 1196.000000 1.243891 -0.317849
 1197.000000 1.156173 -0.277748
 1198.000000 1.187643 -0.333194
 1199.000000 1.114121 -0.374350
 1200.000000 1.222973 -0.239849
 1201.000000 1.177573 -0.322352
 1202.000000 1.162898 -0.313403
 1203.000000 1.154505 -0.331014
 1204.000000 1.183840 -0.267229
 1205.000000 1.150597 -0.281365
 1206.000000 1.122465 -0.321234
 1207.000000 1.045317 -0.356874
 1208.000000 1.170921 -0.351009
 1209.000000 1.303831 -0.296071
 1210.000000 1.224785 -0.312210
 1211.000000 1.205303 -0.282522
 1212.000000 1.173952 -0.239810
 1213.000000 1.158533 -0.241407
 1214.000000 1.114174 -0.266263
 1215.000000 1.088691 -0.279080
 1216.000000 1.232372 -0.256197
 1217.000000 1.123571 -0.335668
 1218.000000 1.128538 -0.344312
 1219.000000 1.209191 -0.229138
 1220.000000 1.183465 -0.278506
 1221.000000 1.293485 -0.234773
 1222.000000 1.094311 -0.184589
 1223.000000 1.140379 -0.232268
 1224.000000 1.179654 -0.222201
 1225.000000 1.260416 -0.273170
 1226.000000 1.145493 -0.194367
 1227.000000 1.241721 -0.171754
 1228.000000 1.269698 -0.268794
 1229.000000 1.165938 -0.261869
 1230.000000 1.240696 -0.286770
 1231.000000 1.143562 -0.337327
 1232.000000 1.203454 -0.284368
 1233.000000 1.194699 -0.271288
 1234.000000 1.282600 -0.234083
 1235.000000 1.202119 -0.257046
 1236.000000 1.171071 -0.328708
 1237.000000 1.128046 -0.325437
 1238.000000 1.152560 -0.338156
 1239.000000 1.253401 -0.423771
 1240.000000 1.080845 -0.228907
 1241.000000 1.126791 -0.224733
 1242.000000 1.184060 -0.214857
 1243.000000 1.262334 -0.194140
 1244.000000 1.259949 -0.177826
 1245.000000 1.276347 -0.243453
 1246.000000 1.273952 -0.240325
 1247.000000 1.185433 -0.263437
 1248.000000 1.210368 -0.249636
 1249.000000 1.152721 -0.232658
 1250.000000 1.233684 -0.260168
 1251.000000 1.186082 -0.104572
 1252.000000 1.238450 -0.232962
 1253.000000 1.154170 -0.195671
 1254.000000 1.214975 -0.250491
 1255.000000 1.236051 -0.168419
 1256.000000 1.296095 -0.131042
 1257.000000 1.284370 -0.094810
 1258.000000 1.219241 -0.110509
 1259.000000 1.299502 -0.092841
 1260.000000 1.233261 -0.168962
 1261.000000 1.215753 -0.214349
 1262.000000 1.204670 -0.170270
 1263.000000 1.198635 -0.160210
 1264.000000 1.166287 -0.130759
 1265.000000 1.118676 -0.182493
 1266.000000 1.083105 -0.174189
 1267.000000 1.157446 -0.194136
 1268.000000 1.244476 -0.350664
 1269.000000 1.247202 -0.171065
 1270.000000 1.183341 -0.216612
 1271.000000 1.238784 -0.228821
 1272.000000 1.107228 -0.238535
 1273.000000 1.235391 -0.238316
 1274.000000 1.121658 -0.240158
 1275.000000 1.123430 -0.180349
 1276.000000 1.232645 -0.177129
 1277.000000 1.072162 -0.211884
 1278.000000 1.269920 -0.122140
 1279.000000 1.203684 -0.200785
 1280.000000 1.229410 -0.186684
 1281.000000 1.206038 -0.140707
 1282.000000 1.246502 -0.162612
 1283.000000 1.311537 -0.250789
 1284.000000 1.241470 -0.228592
 1285.000000 1.148406 -0.182628
 1286.000000 1.189580 -0.211295
 1287.000000 1.209323 -0.220119
 1288.000000 1.093295 -0.364602
 1289.000000 1.233696 -0.350430
 1290.000000 1.191617 -0.271214
 1291.000000 1.212759 -0.197785
 1292.000000 1.151302 -0.231017
 1293.000000 1.267457 -0.298968
 1294.000000 1.323266 -0.218294
 1295.000000 1.221205 -0.287727
 1296.000000 1.153600 -0.317719
 1297.000000 1.281580 -0.278806
 1298.000000 1.179974 -0.349488
 1299.000000 1.242613 -0.221623
 1300.000000 1.298232 -0.295637
 1301.000000 1.185457 -0.284418
 1302.000000 1.224396 -0.317807
 1303.000000 1.239695 -0.236900
 1304.000000 1.202686 -0.256661
 1305.000000 1.135162 -0.341727
 1306.000000 1.131450 -0.241682
 1307.000000 1.267712 -0.326717
 1308.000000 1.294731 -0.187573
 1309.000000 1.293727 -0.148872
 1310.000000 1.266790 -0.229752
 1311.000000 1.233470 -0.159441
 1312.000000 1.277822 -0.292785
 1313.000000 1.249201 -0.190143
 1314.000000 1.241032 -0.072400
 1315.000000 1.199742 -0.164195
 1316.000000 1.268397 -0.213388
 1317.000000 1.320676 -0.252884
 1318.000000 1.355057 -0.261408
 1319.000000 1.271794 -0.211582
 1320.000000 1.228887 -0.238536
 1321.000000 1.291486 -0.214913
 1322.000000 1.247807 -0.273124
 1323.000000 1.305309 -0.253624
 1324.000000 1.249227 -0.232239
 1325.000000 1.155220 -0.186063
 1326.000000 1.251911 -0.206172
 1327.000000 1.290712 -0.156610
 1328.000000 1.292488 -0.145968
 1329.000000 1.279163 -0.216173
 1330.000000 1.201984 -0.265023
 1331.000000 1.180273 -0.263372
 1332.000000 1.235495 -0.243394
 1333.000000 1.211618 -0.221422
 1334.000000 1.246177 -0.234209
 1335.000000 1.256392 -0.114301
 1336.000000 1.215429 -0.159830
 1337.000000 1.272733 -0.129414
 1338.000000 1.187240 -0.066290
 1339.000000 1.219342 -0.165715
 1340.000000 1.149312 -0.127949
 1341.000000 1.125481 -0.196545
 1342.000000 1.229447 -0.264961
 1343.000000 1.214902 -0.170137
 1344.000000 1.221158 -0.179173
 1345.000000 1.299130 -0.110047
 1346.000000 1.271224 -0.208085
 1347.000000 1.309423 -0.236981
 1348.000000 1.247518 -0.114552
 1349.000000 1.190688 -0.194308
 1350.000000 1.231733 -0.149990
 1351.000000 1.279321 -0.223228
 1352.000000 1.217928 -0.256397
 1353.000000 1.231543 -0.207995
 1354.000000 1.171688 -0.193702
 1355.000000 1.261250 -0.283975
 1356.000000 1.267619 -0.307097
 1357.000000 1.161278 -0.245313
 1358.000000 1.308807 -0.236580
 1359.000000 1.167578 -0.228093
 1360.000000 1.304322 -0.136687
 1361.000000 1.270038 -0.150821
 1362.000000 1.231793 -0.148078
 1363.000000 1.302946 -0.200764
 1364.000000 1.229933 -0.105133
 1365.000000 1.331209 -0.142063
 1366.000000 1.258914 -0.201744
 1367.000000 1.288032 -0.215562
 1368.000000 1.300600 -0.206932
 1369.000000 1.227691 -0.258269
 1370.000000 1.262232 -0.167005
 1371.000000 1.209479 -0.188522
 1372.000000 1.375002 -0.202801
 1373.000000 1.265039 -0.170129
 1374.000000 1.269982 -0.131194
 1375.000000 1.317200 -0.147266
 1376.000000 1.396913 -0.156909
 1377.000000 1.327433 -0.206754
 1378.000000 1.265022 -0.183195
 1379.000000 1.334091 -0.146628
 1380.000000 1.223856 -0.238017
 1381.000000 1.361257 -0.205783
 1382.000000 1.230573 -0.226793
 1383.000000 1.268456 -0.293225
 1384.000000 1.232247 -0.192227
 1385.000000 1.262001 -0.171991
 1386.000000 1.293758 -0.170276
 1387.000000 1.343107 -0.252610
 1388.000000 1.237030 -0.220836
 1389.000000 1.173700 -0.157581
 1390.000000 1.310902 -0.150499
 1391.000000 1.188855 -0.283238
 1392.000000 1.273271 -0.168460
 1393.000000 1.281261 -0.196396
 1394.000000 1.335867 -0.269691
 1395.000000 1.349825 -0.274179
 1396.000000 1.372250 -0.171537
 1397.000000 1.315751 -0.259365
 1398.000000 1.300435 -0.273604
 1399.000000 1.236227 -0.244747
 1400.000000 1.311459 -0.242736
 1401.000000 1.312037 -0.237826
 1402.000000 1.262023 -0.210378
 1403.000000 1.301557 -0.329406
 1404.000000 1.210307 -0.379558
 1405.000000 1.218211 -0.364481
 1406.000000 1.260103 -0.229137
 1407.000000 1.306815 -0.249875
 1408.000000 1.227586 -0.251674
 1409.000000 1.243814 -0.241977
 1410.000000 1.226023 -0.207737
 1411.000000 1.251753 -0.215284
 1412.000000 1.201548 -0.276750
 1413.000000 1.308359 -0.363913
 1414.000000 1.307651 -0.188339
 1415.000000 1.286641 -0.332896
 1416.000000 1.161772 -0.243215
 1417.000000 1.229708 -0.316823
 1418.000000 1.288451 -0.204026
 1419.000000 1.249458 -0.229007
 1420.000000 1.224815 -0.360730
 1421.000000 1.279123 -0.238629
 1422.000000 1.173533 -0.247696
 1423.000000 1.250059 -0.213510
 1424.000000 1.272572 -0.301946
 1425.000000 1.348263 -0.310519
 1426.000000 1.229009 -0.338675
 1427.000000 1.191100 -0.220647
 1428.000000 1.337137 -0.244845
 1429.000000 1.320518 -0.207900
 1430.000000 1.363492 -0.239169
 1431.000000 1.243768 -0.349856
 1432.000000 1.391244 -0.377199
 1433.000000 1.388227 -0.336169
 1434.000000 1.349480 -0.294924
 1435.000000 1.222404 -0.296998
 1436.000000 1.228520 -0.321569
 1437.000000 1.284610 -0.190632
 1438.000000 1.199318 -0.101755
 1439.000000 1.337689 -0.173820
 1440.000000 1.335044 -0.228335
 1441.000000 1.307612 -0.145803
 1442.000000 1.298086 -0.279535
 1443.000000 1.281854 -0.266102
 1444.000000 1.307637 -0.224109
 1445.000000 1.361223 -0.167170
 1446.000000 1.298843 -0.258130
 1447.000000 1.383148 -0.280467
 1448.000000 1.283614 -0.250359
 1449.000000 1.299282 -0.247050
 1450.000000 1.279453 -0.270037
 1451.000000 1.360035 -0.199491
 1452.000000 1.328254 -0.210292
 1453.000000 1.305093 -0.182568
 1454.000000 1.330659 -0.280141
 1455.000000 1.369160 -0.204953
 1456.000000 1.215552 -0.202334
 1457.000000 1.363646 -0.198392
 1458.000000 1.443138 -0.290769
 1459.000000 1.267683 -0.147053
 1460.000000 1.347900 -0.255609
 1461.000000 1.241371 -0.174668
 1462.000000 1.238988 -0.300188
 1463.000000 1.232891 -0.403078
 1464.000000 1.307950 -0.288236
 1465.000000 1.321164 -0.273471
 1466.000000 1.240645 -0.289820
 1467.000000 1.431375 -0.226907
 1468.000000 1.309036 -0.201952
 1469.000000 1.256543 -0.208719
 1470.000000 1.220071 -0.285014
 1471.000000 1.326813 -0.218802
 1472.000000 1.336557 -0.343831
 1473.000000 1.351674 -0.217009
 1474.000000 1.320962 -0.309380
 1475.000000 1.203194 -0.228001
 1476.000000 1.379078 -0.199833
 1477.000000 1.205919 -0.281309
 1478.000000 1.306766 -0.226066
 1479.000000 1.296792 -0.311744
 1480.000000 1.380946 -0.330906
 1481.000000 1.306848 -0.275024
 1482.000000 1.229523 -0.297513
 1483.000000 1.265324 -0.223247
 1484.000000 1.203668 -0.222508
 1485.000000 1.327657 -0.207808
 1486.000000 1.183292 -0.214528
 1487.000000 1.387033 -0.218627
 1488.000000 1.272259 -0.226230
 1489.000000 1.266921 -0.289582
 1490.000000 1.281881 -0.232866
 1491.000000 1.204804 -0.223113
 1492.000000 1.271570 -0.297941
 1493.000000 1.249701 -0.295795
 1494.000000 1.195695 -0.274895
 1495.000000 1.238032 -0.229130
 1496.000000 1.357160 -0.217256
 1497.000000 1.268925 -0.253213
 1498.000000 1.334570 -0.234456
 1499.000000 1.268946 -0.329440
 1500.000000 1.301130 -0.166489
 1501.000000 1.269911 -0.262698
 1502.000000 1.278245 -0.327161
 1503.000000 1.238248 -0.313199
 1504.000000 1.250914 -0.267789
 1505.000000 1.342110 -0.209122
 1506.000000 1.286913 -0.220999
 1507.000000 1.288631 -0.258863
 1508.000000 1.257242 -0.230718
 1509.000000 1.323909 -0.264341
 1510.000000 1.309734 -0.229582
 1511.000000 1.418108 -0.268369
 1512.000000 1.334007 -0.227703
 1513.000000 1.282949 -0.325875
 1514.000000 1.267520 -0.324066
 1515.000000 1.347599 -0.206564
 1516.000000 1.343295 -0.193139
 1517.000000 1.286114 -0.316661
 1518.000000 1.249971 -0.261973
 1519.000000 1.239316 -0.241171
 1520.000000 1.152111 -0.234605
 1521.000000 1.210006 -0.251055
 1522.000000 1.248502 -0.227987
 1523.000000 1.359912 -0.270529
 1524.000000 1.290000 -0.175254
 1525.000000 1.282244 -0.347548
 1526.000000 1.228410 -0.243462
 1527.000000 1.246869 -0.305073
 1528.000000 1.193105 -0.255601
 1529.000000 1.272297 -0.198606
 1530.000000 1.230807 -0.239014
 1531.000000 1.321018 -0.250654
 1532.000000 1.259153 -0.232597
 1533.000000 1.262792 -0.163297
 1534.000000 1.224905 -0.264143
 1535.000000 1.467980 -0.218066
 1536.000000 1.253881 -0.177341
 1537.000000 1.295560 -0.239422
 1538.000000 1.246623 -0.235741
 1539.000000 1.318445 -0.276665
 1540.000000 1.355432 -0.184363
 1541.000000 1.294097 -0.246412
 1542.000000 1.312096 -0.282627
 1543.000000 1.230553 -0.272290
 1544.000000 1.240694 -0.201239
 1545.000000 1.365447 -0.280604
 1546.000000 1.267086 -0.231834
 1547.000000 1.194655 -0.213307
 1548.000000 1.224859 -0.184301
 1549.000000 1.260385 -0.222616
 1550.000000 1.270312 -0.139837
 1551.000000 1.222797 -0.194629
 1552.000000 1.324438 -0.125456
 1553.000000 1.227913 -0.216682
 1554.000000 1.263476 -0.202602
 1555.000000 1.344912 -0.226089
 1556.000000 1.278107 -0.197936
 1557.000000 1.227520 -0.244136
 1558.000000 1.254106 -0.272040
 1559.000000 1.294508 -0.251171
 1560.000000 1.256555 -0.211725
 1561.000000 1.238217 -0.259264
 1562.000000 1.302753 -0.199745
 1563.000000 1.327161 -0.250584
 1564.000000 1.320907 -0.291934
 1565.000000 1.332758 -0.240166
 1566.000000 1.286622 -0.230567
 1567.000000 1.263968 -0.309484
 1568.000000 1.264029 -0.273820
 1569.000000 1.247160 -0.194633
 1570.000000 1.187665 -0.157595
 1571.000000 1.285667 -0.205944
 1572.000000 1.312938 -0.218982
 1573.000000 1.222767 -0.251059
 1574.000000 1.213758 -0.273930
 1575.000000 1.251238 -0.271689
 1576.000000 1.211918 -0.123670
 1577.000000 1.162395 -0.218970
 1578.000000 1.172202 -0.181119
 1579.000000 1.209426 -0.195765
 1580.000000 1.284218 -0.242619
 1581.000000 1.286392 -0.307083
 1582.000000 1.288315 -0.354903
 1583.000000 1.214211 -0.232168
 1584.000000 1.262453 -0.339323
 1585.000000 1.275570 -0.187085
 1586.000000 1.259733 -0.357939
 1587.000000 1.207102 -0.335895
 1588.000000 1.346341 -0.326325
 1589.000000 1.236755 -0.277737
 1590.000000 1.250960 -0.341967
 1591.000000 1.197752 -0.221137
 1592.000000 1.281850 -0.167376
 1593.000000 1.314928 -0.264082
 1594.000000 1.218923 -0.210127
 1595.000000 1.244391 -0.232501
 1596.000000 1.226985 -0.289532
 1597.000000 1.244313 -0.150872
 1598.000000 1.239620 -0.302135
 1599.000000 1.165728 -0.322645
 1600.000000 1.128924 -0.206398
 1601.000000 1.269627 -0.185753
 1602.000000 1.351779 -0.275387
 1603.000000 1.294158 -0.229529
 1604.000000 1.265093 -0.254691
 1605.000000 1.211648 -0.306490
 1606.000000 1.165497 -0.282597
 1607.000000 1.162195 -0.234686
 1608.000000 1.129786 -0.262226
 1609.000000 1.335740 -0.245989
 1610.000000 1.153497 -0.267203
 1611.000000 1.232059 -0.247056
 1612.000000 1.215416 -0.190291
 1613.000000 1.166199 -0.213186
 1614.000000 1.158402 -0.250446
 1615.000000 1.198667 -0.203243
 1616.000000 1.305443 -0.296931
 1617.000000 1.191035 -0.163622
 1618.000000 1.257908 -0.188927
 1619.000000 1.311369 -0.294897
 1620.000000 1.173757 -0.289864
 1621.000000 1.171814 -0.278164
 1622.000000 1.287010 -0.204579
 1623.000000 1.197716 -0.157937
 1624.000000 1.172993 -0.257694
 1625.000000 1.404611 -0.253531
 1626.000000 1.176078 -0.184565
 1627.000000 1.351799 -0.145262
 1628.000000 1.265839 -0.190135
 1629.000000 1.211370 -0.160738
 1630.000000 1.248561 -0.219922
 1631.000000 1.196720 -0.248299
 1632.000000 1.298451 -0.277784
 1633.000000 1.248106 -0.194601
 1634.000000 1.277062 -0.254527
 1635.000000 1.263349 -0.263391
 1636.000000 1.292481 -0.250319
 1637.000000 1.318424 -0.239440
 1638.000000 1.302514 -0.189037
 1639.000000 1.163629 -0.207210
 1640.000000 1.152116 -0.244627
 1641.000000 1.211859 -0.266596
 1642.000000 1.262759 -0.227107
 1643.000000 1.214717 -0.253889
 1644.000000 1.244264 -0.251801
 1645.000000 1.241332 -0.106954
 1646.000000 1.330465 -0.238884
 1647.000000 1.177032 -0.197294
 1648.000000 1.076639 -0.086004
 1649.000000 1.263152 -0.234124
 1650.000000 1.186888 -0.145174
 1651.000000 1.219276 -0.146157
 1652.000000 1.309448 -0.259287
 1653.000000 1.220899 -0.244122
 1654.000000 1.200327 -0.223189
 1655.000000 1.264696 -0.239773
 1656.000000 1.292587 -0.231620
 1657.000000 1.297021 -0.204123
 1658.000000 1.277565 -0.169697
 1659.000000 1.200818 -0.191307
 1660.000000 1.364088 -0.218662
 1661.000000 1.253812 -0.194666
 1662.000000 1.234538 -0.241625
 1663.000000 1.233507 -0.242676
 1664.000000 1.275580 -0.273328
 1665.000000 1.122791 -0.321522
 1666.000000 1.324200 -0.187313
 1667.000000 1.242460 -0.264282
 1668.000000 1.229607 -0.185163
 1669.000000 1.166673 -0.324082
 1670.000000 1.219985 -0.227091
 1671.000000 1.181806 -0.205030
 1672.000000 1.135081 -0.171256
 1673.000000 1.210517 -0.292180
 1674.000000 1.194310 -0.260206
 1675.000000 1.243062 -0.166030
 1676.000000 1.171251 -0.236923
 1677.000000 1.158816 -0.180375
 1678.000000 1.230105 -0.102365
 1679.000000 1.282519 -0.212974
 1680.000000 1.203991 -0.230454
 1681.000000 1.319315 -0.160869
 1682.000000 1.184302 -0.297984
 1683.000000 1.185648 -0.349532
 1684.000000 1.133675 -0.151329
 1685.000000 1.116380 -0.182293
 1686.000000 1.228118 -0.161501
 1687.000000 1.202009 -0.225138
 1688.000000 1.084818 -0.230296
 1689.000000 1.227278 -0.164127
 1690.000000 1.140971 -0.142773
 1691.000000 1.280479 -0.189867
 1692.000000 1.222402 -0.224559
 1693.000000 1.234640 -0.099596
 1694.000000 1.188246 -0.310148
 1695.000000 1.167905 -0.268639
 1696.000000 1.207244 -0.279741
 1697.000000 1.120909 -0.316700
 1698.000000 1.202780 -0.269868
 1699.000000 1.168863 -0.257024
 1700.000000 1.259505 -0.233717
 1701.000000 1.242292 -0.244133
 1702.000000 1.212429 -0.220341
 1703.000000 1.239961 -0.303781
 1704.000000 1.155742 -0.327190
 1705.000000 1.255671 -0.304756
 1706.000000 1.241955 -0.174548
 1707.000000 1.161176 -0.187870
 1708.000000 1.274152 -0.144407
 1709.000000 1.202157 -0.157539
 1710.000000 1.227498 -0.155635
 1711.000000 1.239477 -0.185582
 1712.000000 1.274844 -0.176998
 1713.000000 1.228881 -0.103051
 1714.000000 1.214827 -0.143153
 1715.000000 1.246359 -0.075336
 1716.000000 1.287427 -0.217299
 1717.000000 1.316740 -0.179510
 1718.000000 1.259803 -0.213518
 1719.000000 1.269015 -0.143685
 1720.000000 1.273017 -0.158503
 1721.000000 1.282727 -0.292762
 1722.000000 1.233903 -0.114886
 1723.000000 1.270734 -0.120367
 1724.000000 1.284808 -0.194239
 1725.000000 1.203698 -0.230559
 1726.000000 1.237558 -0.203195
 1727.000000 1.221763 -0.222546
 1728.000000 1.192757 -0.124778
 1729.000000 1.284985 -0.166734
 1730.000000 1.248999 -0.175151
 1731.000000 1.194336 -0.210162
 1732.000000 1.218911 -0.290636
 1733.000000 1.177749 -0.313656
 1734.000000 1.337366 -0.290821
 1735.000000 1.148620 -0.307480
 1736.000000 1.197733 -0.190745
 1737.000000 1.197693 -0.157860
 1738.000000 1.313968 -0.137099
 1739.000000 1.259029 -0.270259
 1740.000000 1.139040 -0.179003
 1741.000000 1.238552 -0.160216
 1742.000000 1.241775 -0.168765
 1743.000000 1.203777 -0.186826
 1744.000000 1.177683 -0.218595
 1745.000000 1.199365 -0.222852
 1746.000000 1.181845 -0.146468
 1747.000000 1.193973 -0.149650
 1748.000000 1.207415 -0.174042
 1749.000000 1.255311 -0.304135
 1750.000000 1.217724 -0.267864
 1751.000000 1.286291 -0.226689
 1752.000000 1.194323 -0.261394
 1753.000000 1.277853 -0.142751
 1754.000000 1.203796 -0.261590
 1755.000000 1.297819 -0.266974
 1756.000000 1.225826 -0.149227
 1757.000000 1.409259 -0.213674
 1758.000000 1.303990 -0.226281
 1759.000000 1.296781 -0.175113
 1760.000000 1.220262 -0.178401
 1761.000000 1.290226 -0.159325
 1762.000000 1.227489 -0.195803
 1763.000000 1.287860 -0.127396
 1764.000000 1.166009 -0.294152
 1765.000000 1.250659 -0.116458
 1766.000000 1.252331 -0.150386
 1767.000000 1.307790 -0.122625
 1768.000000 1.185730 -0.174051
 1769.000000 1.354961 -0.200871
 1770.000000 1.190824 -0.228361
 1771.000000 1.196338 -0.226482
 1772.000000 1.192965 -0.240610
 1773.000000 1.181805 -0.123212
 1774.000000 1.282784 -0.180875
 1775.000000 1.206601 -0.096952
 1776.000000 1.229180 -0.232790
 1777.000000 1.242445 -0.220780
 1778.000000 1.181012 -0.233709
 1779.000000 1.230132 -0.275497
 1780.000000 1.186359 -0.145379
 1781.000000 1.189723 -0.269532
 1782.000000 1.293705 -0.220371
 1783.000000 1.190623 -0.183052
 1784.000000 1.275186 -0.362058
 1785.000000 1.162165 -0.191345
 1786.000000 1.228851 -0.204391
 1787.000000 1.232852 -0.124335
 1788.000000 1.344679 -0.166757
 1789.000000 1.218158 -0.183904
 1790.000000 1.228378 -0.174207
 1791.000000 1.323203 -0.093724
 1792.000000 1.249704 -0.179805
 1793.000000 1.216459 -0.214696
 1794.000000 1.301275 -0.252054
 1795.000000 1.236285 -0.222896
 1796.000000 1.117725 -0.273650
 1797.000000 1.193407 -0.324058
 1798.000000 1.215143 -0.296890
 1799.000000 1.227121 -0.199680
 1800.000000 1.160567 -0.251283
 1801.000000 1.224153 -0.218117
 1802.000000 1.201172 -0.247905
 1803.000000 1.237594 -0.283233
 1804.000000 1.259419 -0.292893
 1805.000000 1.187952 -0.221179
 1806.000000 1.210892 -0.206819
 1807.000000 1.139247 -0.232094
 1808.000000 1.116532 -0.297416
 1809.000000 1.206259 -0.338906
 1810.000000 1.246420 -0.157142
 1811.000000 1.209979 -0.197562
 1812.000000 1.145748 -0.285831
 1813.000000 1.164914 -0.228725
 1814.000000 1.339398 -0.209918
 1815.000000 1.093322 -0.274415
 1816.000000 1.154316 -0.270734
 1817.000000 1.219847 -0.260361
 1818.000000 1.246024 -0.191267
 1819.000000 1.198878 -0.276181
 1820.000000 1.181939 -0.275678
 1821.000000 1.203842 -0.319734
 1822.000000 1.248055 -0.275360
 1823.000000 1.139674 -0.284252
 1824.000000 1.147416 -0.221663
 1825.000000 1.135061 -0.201601
 1826.000000 1.254812 -0.262886
 1827.000000 1.211042 -0.257086
 1828.000000 1.195691 -0.243098
 1829.000000 1.272811 -0.295107
 1830.000000 1.234604 -0.194642
 1831.000000 1.178697 -0.242696
 1832.000000 1.197192 -0.221001
 1833.000000 1.256174 -0.214165
 1834.000000 1.210591 -0.281348
 1835.000000 1.280233 -0.173869
 1836.000000 1.171146 -0.286718
 1837.000000 1.240636 -0.127353
 1838.000000 1.255953 -0.269138
 1839.000000 1.109116 -0.238024
 1840.000000 1.157394 -0.172430
 1841.000000 1.157201 -0.179969
 1842.000000 1.126099 -0.242707
 1843.000000 1.191015 -0.152513
 1844.000000 1.154571 -0.181602
 1845.000000 1.230128 -0.206024
 1846.000000 1.123230 -0.170367
 1847.000000 1.192503 -0.303102
 1848.000000 1.194664 -0.214285
 1849.000000 1.109607 -0.239062
 1850.000000 1.300220 -0.171815
 1851.000000 1.185664 -0.188282
 1852.000000 1.256669 -0.285799
 1853.000000 1.318609 -0.264085
 1854.000000 1.197665 -0.244971
 1855.000000 1.219916 -0.183109
 1856.000000 1.135700 -0.154205
 1857.000000 1.221118 -0.247187
 1858.000000 1.282427 -0.245897
 1859.000000 1.364763 -0.285082
 1860.000000 1.200169 -0.229003
 1861.000000 1.168369 -0.347629
 1862.000000 1.172704 -0.261910
 1863.000000 1.189312 -0.209449
 1864.000000 1.156304 -0.176766
 1865.000000 1.181975 -0.216530
 1866.000000 1.203183 -0.200114
 1867.000000 1.149012 -0.247940
 1868.000000 1.232715 -0.242135
 1869.000000 1.158557 -0.205349
 1870.000000 1.201351 -0.163550
 1871.000000 1.198969 -0.136310
 1872.000000 1.129034 -0.128344
 1873.000000 1.173968 -0.169777
 1874.000000 1.191916 -0.319970
 1875.000000 1.282352 -0.219171
 1876.000000 1.246238 -0.289996
 1877.000000 1.361486 -0.134963
 1878.000000 1.209836 -0.238083
 1879.000000 1.152306 -0.269303
 1880.000000 1.217979 -0.229227
 1881.000000 1.126847 -0.208519
 1882.000000 1.217483 -0.202590
 1883.000000 1.168425 -0.216901
 1884.000000 1.033159 -0.298139
 1885.000000 1.184064 -0.119330
 1886.000000 1.185943 -0.210554
 1887.000000 1.150182 -0.324354
 1888.000000 1.091513 -0.292064
 1889.000000 1.191652 -0.274376
 1890.000000 1.199401 -0.197471
 1891.000000 1.248945 -0.110651
 1892.000000 1.155822 -0.149201
 1893.000000 1.204910 -0.282822
 1894.000000 1.281638 -0.182111
 1895.000000 1.161849 -0.314641
 1896.000000 1.252912 -0.227039
 1897.000000 1.254582 -0.302136
 1898.000000 1.123625 -0.262938
 1899.000000 1.236823 -0.227482
 1900.000000 1.111221 -0.183622
 1901.000000 1.194326 -0.150770
 1902.000000 1.256838 -0.175796
 1903.000000 1.229568 -0.161008
 1904.000000 1.180603 -0.206635
 1905.000000 1.147766 -0.182241
 1906.000000 1.186508 -0.228245
 1907.000000 1.256629 -0.224597
 1908.000000 1.212463 -0.196570
 1909.000000 1.186769 -0.194028
 1910.000000 1.198464 -0.267750
 1911.000000 1.251300 -0.216776
 1912.000000 1.219905 -0.237759
 1913.000000 1.158652 -0.240577
 1914.000000 1.264139 -0.190143
 1915.000000 1.208122 -0.190807
 1916.000000 1.126575 -0.284146
 1917.000000 1.226673 -0.305764
 1918.000000 1.281886 -0.300213
 1919.000000 1.266388 -0.190748
 1920.000000 1.222150 -0.126580
 1921.000000 1.289563 -0.179469
 1922.000000 1.258079 -0.196019
 1923.000000 1.195683 -0.192186
 1924.000000 1.256363 -0.219747
 1925.000000 1.027721 -0.234595
 1926.000000 1.375720 -0.223894
 1927.000000 1.167771 -0.246138
 1928.000000 1.241124 -0.299571
 1929.000000 1.204675 -0.252804
 1930.000000 1.249706 -0.230284
 1931.000000 1.155760 -0.180326
 1932.000000 1.276810 -0.250233
 1933.000000 1.336296 -0.151670
 1934.000000 1.234340 -0.320070
 1935.000000 1.254091 -0.224538
 1936.000000 1.226319 -0.275416
 1937.000000 1.203119 -0.291024
 1938.000000 1.171109 -0.231412
 1939.000000 1.264749 -0.310626
 1940.000000 1.125972 -0.355597
 1941.000000 1.152600 -0.240073
 1942.000000 1.142836 -0.307175
 1943.000000 1.277535 -0.219303
 1944.000000 1.238914 -0.276676
 1945.000000 1.271251 -0.283837
 1946.000000 1.234442 -0.259052
 1947.000000 1.292292 -0.204565
 1948.000000 1.269065 -0.230505
 1949.000000 1.219827 -0.231577
 1950.000000 1.197745 -0.285618
 1951.000000 1.189851 -0.194474
 1952.000000 1.311036 -0.183185
 1953.000000 1.228009 -0.205950
 1954.000000 1.236902 -0.204030
 1955.000000 1.259410 -0.188149
 1956.000000 1.212557 -0.173300
 1957.000000 1.156326 -0.196764
 1958.000000 1.283591 -0.212892
 1959.000000 1.152540 -0.307214
 1960.000000 1.267503 -0.210383
 1961.000000 1.157816 -0.273686
 1962.000000 1.203548 -0.261511
 1963.000000 1.244416 -0.234500
 1964.000000 1.255129 -0.268838
 1965.000000 1.191805 -0.297748
 1966.000000 1.198885 -0.334446
 1967.000000 1.288393 -0.258062
 1968.000000 1.188197 -0.298007
 1969.000000 1.223681 -0.197792
 1970.000000 1.302045 -0.278224
 1971.000000 1.209430 -0.184218
 1972.000000 1.200355 -0.227440
 1973.000000 1.265447 -0.241770
 1974.000000 1.238516 -0.239458
 1975.000000 1.225201 -0.216037
 1976.000000 1.159821 -0.207640
 1977.000000 1.246493 -0.262231
 1978.000000 1.218501 -0.126326
 1979.000000 1.309392 -0.202521
 1980.000000 1.172420 -0.189103
 1981.000000 1.111961 -0.129190
 1982.000000 1.136152 -0.278299
 1983.000000 1.172802 -0.242017
 1984.000000 1.243811 -0.256826
 1985.000000 1.340446 -0.207905
 1986.000000 1.361499 -0.201811
 1987.000000 1.243941 -0.145345
 1988.000000 1.264248 -0.192111
 1989.000000 1.291512 -0.227055
 1990.000000 1.222506 -0.162958
 1991.000000 1.218056 -0.291103
 1992.000000 1.237787 -0.173351
 1993.000000 1.334790 -0.179542
 1994.000000 1.438782 -0.192849
 1995.000000 1.299554 -0.154184
 1996.000000 1.263566 -0.170431
 1997.000000 1.290790 -0.197862
 1998.000000 1.322665 -0.141817
 1999.000000 1.180972 -0.164480
 2000.000000 1.281934 -0.115873
 2001.000000 1.275490 -0.140240
 2002.000000 1.260686 -0.157719
 2003.000000 1.290936 -0.171060
 2004.000000 1.330135 -0.116494
 2005.000000 1.226001 -0.123721
 2006.000000 1.295437 -0.222774
 2007.000000 1.316275 -0.267968
 2008.000000 1.272257 -0.189581
 2009.000000 1.161347 -0.147001
 2010.000000 1.235165 -0.215687
 2011.000000 1.219542 -0.203884
 2012.000000 1.270726 -0.183039
 2013.000000 1.305311 -0.105865
 2014.000000 1.245111 -0.159781
 2015.000000 1.232260 -0.088517
 2016.000000 1.193053 -0.106376
 2017.000000 1.193448 -0.228159
 2018.000000 1.250468 -0.266705
 2019.000000 1.241825 -0.137912
 2020.000000 1.264605 -0.216655
 2021.000000 1.269441 -0.212370
 2022.000000 1.263625 -0.235015
 2023.000000 1.228969 -0.269576
 2024.000000 1.261156 -0.190617
 2025.000000 1.346791 -0.211662
 2026.000000 1.251510 -0.285778
 2027.000000 1.247091 -0.272246
 2028.000000 1.228567 -0.222022
 2029.000000 1.242924 -0.241713
 2030.000000 1.274578 -0.272127
 2031.000000 1.249580 -0.174658
 2032.000000 1.303977 -0.116457
 2033.000000 1.261090 -0.313539
 2034.000000 1.248890 -0.168988
 2035.000000 1.235112 -0.127320
 2036.000000 1.367997 -0.207471
 2037.000000 1.301491 -0.298996
 2038.000000 1.398384 -0.253979
 2039.000000 1.333654 -0.218629
 2040.000000 1.298374 -0.196625
 2041.000000 1.271399 -0.265465
 2042.000000 1.303040 -0.264622
 2043.000000 1.283389 -0.226818
 2044.000000 1.198295 -0.122018
 2045.000000 1.426210 -0.199993
 2046.000000 1.298169 -0.235428
 2047.000000 1.292423 -0.233166
 2048.000000 1.333690 -0.134096
 2049.000000 1.368634 -0.097801
 2050.000000 1.319452 -0.139565
 2051.000000 1.374777 -0.243792
 2052.000000 1.300983 -0.218955
 2053.000000 1.386766 -0.267173
 2054.000000 1.317344 -0.232678
 2055.000000 1.308976 -0.188506
 2056.000000 1.254984 -0.223692
 2057.000000 1.275089 -0.216798
 2058.000000 1.215809 -0.248366
 2059.000000 1.279768 -0.143223
 2060.000000 1.238917 -0.180194
 2061.000000 1.327858 -0.147320
 2062.000000 1.236245 -0.095578
 2063.000000 1.248255 -0.165640
 2064.000000 1.296939 -0.162604
 2065.000000 1.375080 -0.195057
 2066.000000 1.263913 -0.220426
 2067.000000 1.342628 -0.229296
 2068.000000 1.309420 -0.222632
 2069.000000 1.313068 -0.217678
 2070.000000 1.336174 -0.158205
 2071.000000 1.310109 -0.151455
 2072.000000 1.362632 -0.155905
 2073.000000 1.266390 -0.274705
 2074.000000 1.277758 -0.261823
 2075.000000 1.239093 -0.213084
 2076.000000 1.306139 -0.212982
 2077.000000 1.218833 -0.196414
 2078.000000 1.188165 -0.089468
 2079.000000 1.255470 -0.208510
 2080.000000 1.181506 -0.180957
 2081.000000 1.259964 -0.109896
 2082.000000 1.281872 -0.110638
 2083.000000 1.200657 -0.202376
 2084.000000 1.205059 -0.086707
 2085.000000 1.261639 -0.234546
 2086.000000 1.238218 -0.255059
 2087.000000 1.276734 -0.186716
 2088.000000 1.265776 -0.201002
 2089.000000 1.265357 -0.186607
 2090.000000 1.232505 -0.118270
 2091.000000 1.217228 -0.159481
 2092.000000 1.311909 -0.205162
 2093.000000 1.315255 -0.267702
 2094.000000 1.235426 -0.227851
 2095.000000 1.314709 -0.215723
 2096.000000 1.241945 -0.220402
 2097.000000 1.230317 -0.169175
 2098.000000 1.226484 -0.182711
 2099.000000 1.149423 -0.152998
 2100.000000 1.289496 -0.278308
 2101.000000 1.364746 -0.260242
 2102.000000 1.261402 -0.372427
 2103.000000 1.340788 -0.402924
 2104.000000 1.234483 -0.225626
 2105.000000 1.173009 -0.144010
 2106.000000 1.277997 -0.298828
 2107.000000 1.200493 -0.291375
 2108.000000 1.160244 -0.107417
 2109.000000 1.318699 -0.160672
 2110.000000 1.199742 -0.200466
 2111.000000 1.207260 -0.190377
 2112.000000 1.184715 -0.187882
 2113.000000 1.092120 -0.199972
 2114.000000 1.237798 -0.225290
 2115.000000 1.270854 -0.174053
 2116.000000 1.132600 -0.162527
 2117.000000 1.295765 -0.218075
 2118.000000 1.211590 -0.224282
 2119.000000 1.303522 -0.170657
 2120.000000 1.278119 -0.178251
 2121.000000 1.334063 -0.272797
 2122.000000 1.310441 -0.204945
 2123.000000 1.196407 -0.195918
 2124.000000 1.276997 -0.233391
 2125.000000 1.228064 -0.196315
 2126.000000 1.208137 -0.222051
 2127.000000 1.316424 -0.164332
 2128.000000 1.213599 -0.183703
 2129.000000 1.168170 -0.181551
 2130.000000 1.334948 -0.285073
 2131.000000 1.301797 -0.278335
 2132.000000 1.266402 -0.197496
 2133.000000 1.298828 -0.248243
 2134.000000 1.315650 -0.165569
 2135.000000 1.233966 -0.217163
 2136.000000 1.240262 -0.241010
 2137.000000 1.382580 -0.224488
 2138.000000 1.310305 -0.193920
 2139.000000 1.355066 -0.153237
 2140.000000 1.307824 -0.179279
 2141.000000 1.306665 -0.134324
 2142.000000 1.344673 -0.187888
 2143.000000 1.172104 -0.173882
 2144.000000 1.314355 -0.280754
 2145.000000 1.264461 -0.247088
 2146.000000 1.355486 -0.212879
 2147.000000 1.272639 -0.200577
 2148.000000 1.263833 -0.262078
 2149.000000 1.275437 -0.340358
 2150.000000 1.344869 -0.206084
 2151.000000 1.288986 -0.253437
 2152.000000 1.414738 -0.219320
 2153.000000 1.342568 -0.219770
 2154.000000 1.258446 -0.243550
 2155.000000 1.302769 -0.295599
 2156.000000 1.239248 -0.256083
 2157.000000 1.356277 -0.146765
 2158.000000 1.339683 -0.181579
 2159.000000 1.291560 -0.238736
 2160.000000 1.293811 -0.170338
 2161.000000 1.296229 -0.173101
 2162.000000 1.365784 -0.183807
 2163.000000 1.279039 -0.225632
 2164.000000 1.276984 -0.167786
 2165.000000 1.211540 -0.245867
 2166.000000 1.184601 -0.183915
 2167.000000 1.213308 -0.252764
 2168.000000 1.251841 -0.231105
 2169.000000 1.263430 -0.176315
 2170.000000 1.359232 -0.152859
 2171.000000 1.377322 -0.132284
 2172.000000 1.254223 -0.097193
 2173.000000 1.316978 -0.167406
 2174.000000 1.278141 -0.172056
 2175.000000 1.301031 -0.244461
 2176.000000 1.293576 -0.224164
 2177.000000 1.297119 -0.170115
 2178.000000 1.286132 -0.107147
 2179.000000 1.274909 -0.191043
 2180.000000 1.350121 -0.215478
 2181.000000 1.339632 -0.230855
 2182.000000 1.232552 -0.294699
 2183.000000 1.219038 -0.221813
 2184.000000 1.260456 -0.209642
 2185.000000 1.318772 -0.284102
 2186.000000 1.316688 -0.263216
 2187.000000 1.283466 -0.266639
 2188.000000 1.220889 -0.200781
 2189.000000 1.384938 -0.241311
 2190.000000 1.305349 -0.286821
 2191.000000 1.292512 -0.194424
 2192.000000 1.243800 -0.283441
 2193.000000 1.256273 -0.215119
 2194.000000 1.290596 -0.224508
 2195.000000 1.258611 -0.252589
 2196.000000 1.322670 -0.218632
 2197.000000 1.258531 -0.224470
 2198.000000 1.257277 -0.262193
 2199.000000 1.289359 -0.260899
 2200.000000 1.480639 -0.198069
 2201.000000 1.241037 -0.249198
 2202.000000 1.354589 -0.113249
 2203.000000 1.379664 -0.250984
 2204.000000 1.344274 -0.190967
 2205.000000 1.286412 -0.254723
 2206.000000 1.272986 -0.363667
 2207.000000 1.319830 -0.248015
 2208.000000 1.305120 -0.262960
 2209.000000 1.402823 -0.308157
 2210.000000 1.261722 -0.191976
 2211.000000 1.400083 -0.278527
 2212.000000 1.398423 -0.262196
 2213.000000 1.377647 -0.231847
 2214.000000 1.353369 -0.254600
 2215.000000 1.329757 -0.237660
 2216.000000 1.262753 -0.242193
 2217.000000 1.327811 -0.255467
 2218.000000 1.336337 -0.334466
 2219.000000 1.264484 -0.274786
 2220.000000 1.385248 -0.298716
 2221.000000 1.419753 -0.306712
 2222.000000 1.353953 -0.250227
 2223.000000 1.298300 -0.211337
 2224.000000 1.249378 -0.140183
 2225.000000 1.279515 -0.354056
 2226.000000 1.293916 -0.203007
 2227.000000 1.346252 -0.209745
 2228.000000 1.457868 -0.210979
 2229.000000 1.266037 -0.284820
 2230.000000 1.320507 -0.269228
 2231.000000 1.264847 -0.249199
 2232.000000 1.284057 -0.297177
 2233.000000 1.195460 -0.308667
 2234.000000 1.332819 -0.279631
 2235.000000 1.331471 -0.250579
 2236.000000 1.230705 -0.287756
 2237.000000 1.284934 -0.260149
 2238.000000 1.293166 -0.313198
 2239.000000 1.357584 -0.274874
 2240.000000 1.336616 -0.265433
 2241.000000 1.242958 -0.164719
 2242.000000 1.209157 -0.187175
 2243.000000 1.277135 -0.211493
 2244.000000 1.277454 -0.206645
 2245.000000 1.309487 -0.103872
 2246.000000 1.300463 -0.172250
 2247.000000 1.235205 -0.181848
 2248.000000 1.232170 -0.234211
 2249.000000 1.168881 -0.227025
 2250.000000 1.220084 -0.235716
 2251.000000 1.267403 -0.220536
 2252.000000 1.222463 -0.261983
 2253.000000 1.248465 -0.234700
 2254.000000 1.240553 -0.281817
 2255.000000 1.259982 -0.274645
 2256.000000 1.286706 -0.192934
 2257.000000 1.304760 -0.230037
 2258.000000 1.435097 -0.208740
 2259.000000 1.280074 -0.344378
 2260.000000 1.193636 -0.245443
 2261.000000 1.234848 -0.278124
 2262.000000 1.363408 -0.284325
 2263.000000 1.267928 -0.257534
 2264.000000 1.313423 -0.277193
 2265.000000 1.347980 -0.296986
 2266.000000 1.193565 -0.285755
 2267.000000 1.183300 -0.266925
 2268.000000 1.351301 -0.364484
 2269.000000 1.273317 -0.312264
 2270.000000 1.205989 -0.278294
 2271.000000 1.251919 -0.257215
 2272.000000 1.229206 -0.252766
 2273.000000 1.207179 -0.279136
 2274.000000 1.289369 -0.235504
 2275.000000 1.238050 -0.318226
 2276.000000 1.269184 -0.206624
 2277.000000 1.278283 -0.303712
 2278.000000 1.348381 -0.248912
 2279.000000 1.227609 -0.252036
 2280.000000 1.163196 -0.259429
 2281.000000 1.253129 -0.279594
 2282.000000 1.292428 -0.306016
 2283.000000 1.447670 -0.300471
 2284.000000 1.233507 -0.252032
 2285.000000 1.301105 -0.221879
 2286.000000 1.323973 -0.314715
 2287.000000 1.304717 -0.333204
 2288.000000 1.375450 -0.278914
 2289.000000 1.294083 -0.218886
 2290.000000 1.239312 -0.295359
 2291.000000 1.337053 -0.253173
 2292.000000 1.250996 -0.344213
 2293.000000 1.204568 -0.227569
 2294.000000 1.259872 -0.194641
 2295.000000 1.275308 -0.138803
 2296.000000 1.251969 -0.336298
 2297.000000 1.361516 -0.253602
 2298.000000 1.208024 -0.191866
 2299.000000 1.315999 -0.120205
 2300.000000 1.352302 -0.352709
 2301.000000 1.281082 -0.278583
 2302.000000 1.369671 -0.268991
 2303.000000 1.266229 -0.220202
 2304.000000 1.259204 -0.319196
 2305.000000 1.242901 -0.224660
 2306.000000 1.295545 -0.138868
 2307.000000 1.167257 -0.154391
 2308.000000 1.116503 -0.127407
 2309.000000 1.216157 -0.211290
 2310.000000 1.060782 -0.114897
 2311.000000 1.146424 -0.196711
 2312.000000 1.053449 -0.246051
 2313.000000 1.127407 -0.219273
 2314.000000 1.224546 -0.208748
 2315.000000 1.186231 -0.101829
 2316.000000 1.144826 -0.225444
 2317.000000 1.249623 -0.256140
 2318.000000 1.279788 -0.286623
 2319.000000 1.150653 -0.257497
 2320.000000 1.231192 -0.139123
 2321.000000 1.141698 -0.233494
 2322.000000 1.312415 -0.254807
 2323.000000 1.234267 -0.217846
 2324.000000 1.195908 -0.284486
 2325.000000 1.244493 -0.251930
 2326.000000 1.254243 -0.152348
 2327.000000 1.115552 -0.192010
 2328.000000 1.264970 -0.209545
 2329.000000 1.300798 -0.170464
 2330.000000 1.291209 -0.184548
 2331.000000 1.319514 -0.034317
 2332.000000 1.317308 -0.174243
 2333.000000 1.388478 -0.189970
 2334.000000 1.298868 -0.222151
 2335.000000 1.283871 -0.296705
 2336.000000 1.263255 -0.204304
 2337.000000 1.294256 -0.148093
 2338.000000 1.243318 -0.233118
 2339.000000 1.204313 -0.308267
 2340.000000 1.333596 -0.295386
 2341.000000 1.251072 -0.230219
 2342.000000 1.301210 -0.226431
 2343.000000 1.241939 -0.260621
 2344.000000 1.273695 -0.250041
 2345.000000 1.322882 -0.185240
 2346.000000 1.323352 -0.287249
 2347.000000 1.321115 -0.186324
 2348.000000 1.305325 -0.188477
 2349.000000 1.189960 -0.278667
 2350.000000 1.373157 -0.267242
 2351.000000 1.307076 -0.177098
 2352.000000 1.304143 -0.165974
 2353.000000 1.224631 -0.110423
 2354.000000 1.235991 -0.221815
 2355.000000 1.300900 -0.244783
 2356.000000 1.297639 -0.301497
 2357.000000 1.295788 -0.195911
 2358.000000 1.292259 -0.281563
 2359.000000 1.377032 -0.238494
 2360.000000 1.323216 -0.305140
 2361.000000 1.262115 -0.176548
 2362.000000 1.266466 -0.176308
 2363.000000 1.343465 -0.258868
 2364.000000 1.323003 -0.263307
 2365.000000 1.301844 -0.168632
 2366.000000 1.302297 -0.174740
 2367.000000 1.318635 -0.190999
 2368.000000 1.149780 -0.115317
 2369.000000 1.288100 -0.218527
 2370.000000 1.278860 -0.290456
 2371.000000 1.287322 -0.232946
 2372.000000 1.332038 -0.219453
 2373.000000 1.221426 -0.325191
 2374.000000 1.293331 -0.244381
 2375.000000 1.335859 -0.150826
 2376.000000 1.206261 -0.249721
 2377.000000 1.370999 -0.271285
 2378.000000 1.286869 -0.278769
 2379.000000 1.305651 -0.319646
 2380.000000 1.270173 -0.293185
 2381.000000 1.265584 -0.297896
 2382.000000 1.270559 -0.255213
 2383.000000 1.293154 -0.198455
 2384.000000 1.348492 -0.235198
 2385.000000 1.215360 -0.292521
 2386.000000 1.315875 -0.319026
 2387.000000 1.383994 -0.277469
 2388.000000 1.262581 -0.238987
 2389.000000 1.161350 -0.289497
 2390.000000 1.310831 -0.339567
 2391.000000 1.199501 -0.294882
 2392.000000 1.208604 -0.317233
 2393.000000 1.237835 -0.275456
 2394.000000 1.318326 -0.144981
 2395.000000 1.341443 -0.260743
 2396.000000 1.335682 -0.233671
 2397.000000 1.260455 -0.260046
 2398.000000 1.311346 -0.215062
 2399.000000 1.252962 -0.198291
 2400.000000 1.326470 -0.261194
 2401.000000 1.245657 -0.213270
 2402.000000 1.309840 -0.234019
 2403.000000 1.199943 -0.179332
 2404.000000 1.154203 -0.170009
 2405.000000 1.113904 -0.131574
 2406.000000 1.267791 -0.172770
 2407.000000 1.263512 -0.194176
 2408.000000 1.341300 -0.273420
 2409.000000 1.198037 -0.221370
 2410.000000 1.249247 -0.256710
 2411.000000 1.219544 -0.185406
 2412.000000 1.356720 -0.181590
 2413.000000 1.214636 -0.249847
 2414.000000 1.256261 -0.261654
 2415.000000 1.319064 -0.227466
 2416.000000 1.316472 -0.302932
 2417.000000 1.322534 -0.235626
 2418.000000 1.330274 -0.116852
 2419.000000 1.308011 -0.205232
 2420.000000 1.259753 -0.227991
 2421.000000 1.290069 -0.155442
 2422.000000 1.256822 -0.179571
 2423.000000 1.370918 -0.191672
 2424.000000 1.262418 -0.296185
 2425.000000 1.253323 -0.273346
 2426.000000 1.362333 -0.259461
 2427.000000 1.315662 -0.189509
 2428.000000 1.210018 -0.242131
 2429.000000 1.255015 -0.270284
 2430.000000 1.349842 -0.204574
 2431.000000 1.289416 -0.148177
 2432.000000 1.193795 -0.269736
 2433.000000 1.251136 -0.165633
 2434.000000 1.364591 -0.167016
 2435.000000 1.288809 -0.248818
 2436.000000 1.296609 -0.192320
 2437.000000 1.243052 -0.239876
 2438.000000 1.289173 -0.219065
 2439.000000 1.325764 -0.240027
 2440.000000 1.253616 -0.364988
 2441.000000 1.275962 -0.232169
 2442.000000 1.301457 -0.252246
 2443.000000 1.241198 -0.211320
 2444.000000 1.245640 -0.191693
 2445.000000 1.318343 -0.179775
 2446.000000 1.353819 -0.259548
 2447.000000 1.258958 -0.279875
 2448.000000 1.213702 -0.167584
 2449.000000 1.230655 -0.252444
 2450.000000 1.299702 -0.308040
 2451.000000 1.340256 -0.248434
 2452.000000 1.210358 -0.247436
 2453.000000 1.288851 -0.243810
 2454.000000 1.232772 -0.282021
 2455.000000 1.223179 -0.279232
 2456.000000 1.142208 -0.203010
 2457.000000 1.253048 -0.272397
 2458.000000 1.300491 -0.322627
 2459.000000 1.192215 -0.245512
 2460.000000 1.224723 -0.270795
 2461.000000 1.276085 -0.243091
 2462.000000 1.274242 -0.313804
 2463.000000 1.347594 -0.255168
 2464.000000 1.272031 -0.242090
 2465.000000 1.293078 -0.250671
 2466.000000 1.263620 -0.203406
 2467.000000 1.230291 -0.257274
 2468.000000 1.265394 -0.300047
 2469.000000 1.328377 -0.208562
 2470.000000 1.243136 -0.253799
 2471.000000 1.223274 -0.242401
 2472.000000 1.268356 -0.294050
 2473.000000 1.167638 -0.288186
 2474.000000 1.289126 -0.211220
 2475.000000 1.337132 -0.209525
 2476.000000 1.287229 -0.208294
 2477.000000 1.220903 -0.317636
 2478.000000 1.125678 -0.181264
 2479.000000 1.231056 -0.212129
 2480.000000 1.292354 -0.245047
 2481.000000 1.272143 -0.240717
 2482.000000 1.273520 -0.356944
 2483.000000 1.250696 -0.371545
 2484.000000 1.309755 -0.270863
 2485.000000 1.209183 -0.333981
 2486.000000 1.222082 -0.288957
 2487.000000 1.207602 -0.318658
 2488.000000 1.229338 -0.388379
 2489.000000 1.203520 -0.277218
 2490.000000 1.265368 -0.207933
 2491.000000 1.162729 -0.370422
 2492.000000 1.184561 -0.248312
 2493.000000 1.246193 -0.273445
 2494.000000 1.281175 -0.291709
 2495.000000 1.175035 -0.271185
 2496.000000 1.250112 -0.340286
 2497.000000 1.287679 -0.241132
 2498.000000 1.205846 -0.297171
 2499.000000 1.243918 -0.238561
 2500.000000 1.276701 -0.210872
