#! FIELDS time pd_137_140 diff
 0.000000 0.815691 0.429148
 1.000000 1.012881 0.379567
 2.000000 0.947007 0.313175
 3.000000 1.013951 0.298329
 4.000000 1.002788 0.324818
 5.000000 0.991284 0.398382
 6.000000 1.004883 0.304573
 7.000000 1.006339 0.375351
 8.000000 1.049293 0.271961
 9.000000 1.021253 0.406096
 10.000000 1.080676 0.290448
 11.000000 1.053438 0.339513
 12.000000 0.946501 0.255424
 13.000000 1.074279 0.227921
 14.000000 1.023616 0.357853
 15.000000 1.037766 0.385480
 16.000000 0.997404 0.280146
 17.000000 1.015190 0.320268
 18.000000 1.039639 0.293588
 19.000000 1.066133 0.251302
 20.000000 1.062967 0.292128
 21.000000 1.122416 0.390626
 22.000000 1.067514 0.256783
 23.000000 1.140653 0.302318
 24.000000 1.096958 0.342616
 25.000000 1.028177 0.378709
 26.000000 1.016742 0.354729
 27.000000 1.030782 0.330741
 28.000000 1.049397 0.235468
 29.000000 0.969772 0.279243
 30.000000 1.046257 0.229370
 31.000000 0.955707 0.358334
 32.000000 0.997783 0.287768
 33.000000 1.014811 0.283773
 34.000000 0.937399 0.232481
 35.000000 1.165752 0.230989
 36.000000 1.057075 0.270422
 37.000000 1.093132 0.297618
 38.000000 1.070251 0.323774
 39.000000 1.014414 0.339436
 40.000000 1.063519 0.337711
 41.000000 1.089349 0.272786
 42.000000 1.028119 0.394082
 43.000000 1.011701 0.447339
 44.000000 1.032223 0.330091
 45.000000 1.080352 0.280488
 46.000000 0.986650 0.350444
 47.000000 0.991669 0.306196
 48.000000 1.058684 0.319378
 49.000000 0.963609 0.282010
 50.000000 1.019477 0.276307
 51.000000 1.000881 0.203571
 52.000000 0.965099 0.323675
 53.000000 1.052686 0.397844
 54.000000 1.009827 0.416943
 55.000000 1.105865 0.233307
 56.000000 1.128837 0.373093
 57.000000 0.978055 0.326031
 58.000000 1.147173 0.344167
 59.000000 1.154682 0.296572
 60.000000 1.037929 0.330510
 61.000000 1.003556 0.256342
 62.000000 0.974113 0.320438
 63.000000 1.009593 0.398662
 64.000000 1.103244 0.320035
 65.000000 1.070312 0.357674
 66.000000 1.168942 0.375281
 67.000000 0.963587 0.302672
 68.000000 1.062311 0.267898
 69.000000 1.064605 0.382325
 70.000000 1.016535 0.311201
 71.000000 0.983202 0.338001
 72.000000 0.976855 0.375371
 73.000000 0.986228 0.375809
 74.000000 0.958250 0.291942
 75.000000 1.018274 0.385598
 76.000000 0.921293 0.331174
 77.000000 1.085090 0.359444
 78.000000 1.142004 0.227621
 79.000000 1.156402 0.279577
 80.000000 1.099254 0.284965
 81.000000 1.068496 0.311240
 82.000000 0.928508 0.273418
 83.000000 1.012650 0.285049
 84.000000 0.896970 0.265869
 85.000000 1.004111 0.325456
 86.000000 0.968271 0.400655
 87.000000 0.960193 0.331930
 88.000000 1.040631 0.384403
 89.000000 0.959921 0.334829
 90.000000 1.017598 0.374921
 91.000000 0.992064 0.375609
 92.000000 0.978425 0.379287
 93.000000 1.091553 0.376597
 94.000000 1.022901 0.371986
 95.000000 1.064924 0.255716
 96.000000 1.038511 0.312137
 97.000000 1.075545 0.316459
 98.000000 0.930035 0.184423
 99.000000 1.053118 0.274669
 100.000000 1.141009 0.284805
 101.000000 1.045981 0.273284
 102.000000 1.020692 0.328373
 103.000000 1.039977 0.322944
 104.000000 0.984019 0.278686
 105.000000 1.113699 0.284733
 106.000000 1.005697 0.340218
 107.000000 1.119557 0.360912
 108.000000 1.076517 0.293491
 109.000000 1.106066 0.399111
 110.000000 0.909638 0.400175
 111.000000 1.030109 0.367477
 112.000000 0.984071 0.303801
 113.000000 1.089222 0.282583
 114.000000 1.038336 0.336206
 115.000000 0.898209 0.289814
 116.000000 1.125845 0.309523
 117.000000 1.040860 0.334021
 118.000000 1.090031 0.352203
 119.000000 1.076187 0.309133
 120.000000 1.091713 0.346880
 121.000000 1.051406 0.341976
 122.000000 1.062418 0.232859
 123.000000 1.025227 0.278317
 124.000000 0.964192 0.318490
 125.000000 1.007290 0.264662
 126.000000 0.930414 0.304717
 127.000000 0.978626 0.365663
 128.000000 0.900771 0.380613
 129.000000 1.011421 0.338780
 130.000000 1.007640 0.319528
 131.000000 1.092547 0.355329
 132.000000 1.023080 0.285279
 133.000000 1.010971 0.368044
 134.000000 1.057166 0.398806
 135.000000 1.068799 0.383029
 136.000000 0.990208 0.347080
 137.000000 1.003374 0.362701
 138.000000 1.056483 0.309827
 139.000000 0.969622 0.383545
 140.000000 0.992515 0.402753
 141.000000 1.174008 0.382950
 142.000000 0.932137 0.378191
 143.000000 1.025694 0.214792
 144.000000 1.072955 0.382499
 145.000000 0.939489 0.277191
 146.000000 1.032872 0.311383
 147.000000 1.045691 0.320775
 148.000000 0.978578 0.236929
 149.000000 1.126911 0.316394
 150.000000 1.011368 0.294103
 151.000000 1.063538 0.284684
 152.000000 1.005474 0.331322
 153.000000 0.986600 0.289110
 154.000000 1.038506 0.239284
 155.000000 0.985951 0.304743
 156.000000 0.973016 0.323594
 157.000000 1.097992 0.351047
 158.000000 1.080848 0.309642
 159.000000 1.031531 0.340734
 160.000000 1.050842 0.287888
 161.000000 1.008216 0.352205
 162.000000 1.014954 0.318586
 163.000000 1.030179 0.420148
 164.000000 1.089449 0.333209
 165.000000 1.029968 0.347673
 166.000000 1.002593 0.343867
 167.000000 0.970948 0.301113
 168.000000 1.003380 0.315292
 169.000000 1.016732 0.265784
 170.000000 0.991890 0.357091
 171.000000 0.968818 0.213512
 172.000000 0.995954 0.203029
 173.000000 1.000709 0.199453
 174.000000 1.007171 0.295270
 175.000000 1.065743 0.339401
 176.000000 1.031476 0.249230
 177.000000 1.046855 0.249300
 178.000000 0.955927 0.357173
 179.000000 0.976685 0.263371
 180.000000 1.043060 0.288287
 181.000000 0.957671 0.317976
 182.000000 0.983036 0.315800
 183.000000 0.948387 0.333288
 184.000000 0.943356 0.224442
 185.000000 0.960426 0.316592
 186.000000 1.035373 0.356083
 187.000000 1.027554 0.334129
 188.000000 0.966707 0.313691
 189.000000 0.958568 0.245142
 190.000000 1.003151 0.295340
 191.000000 1.041912 0.245507
 192.000000 0.951202 0.334426
 193.000000 1.104856 0.305949
 194.000000 0.978209 0.285488
 195.000000 0.981599 0.268324
 196.000000 1.060526 0.311417
 197.000000 1.119736 0.293925
 198.000000 1.030028 0.255708
 199.000000 1.002105 0.316034
 200.000000 1.034786 0.282658
 201.000000 1.000397 0.350530
 202.000000 1.028294 0.215172
 203.000000 0.969807 0.276947
 204.000000 1.079457 0.236638
 205.000000 1.047174 0.282870
 206.000000 1.102329 0.306199
 207.000000 0.944286 0.420608
 208.000000 1.001824 0.454032
 209.000000 1.014441 0.309546
 210.000000 1.039293 0.264112
 211.000000 1.074885 0.372681
 212.000000 1.041374 0.329242
 213.000000 1.002912 0.390161
 214.000000 1.113280 0.278130
 215.000000 0.994135 0.296649
 216.000000 1.069016 0.416503
 217.000000 1.033008 0.368538
 218.000000 1.039774 0.448380
 219.000000 1.146838 0.345045
 220.000000 1.010528 0.309751
 221.000000 1.034712 0.285644
 222.000000 1.070610 0.359649
 223.000000 1.025221 0.257660
 224.000000 1.066907 0.277884
 225.000000 1.066824 0.232889
 226.000000 0.930842 0.297232
 227.000000 0.946006 0.349625
 228.000000 0.946025 0.380164
 229.000000 0.984133 0.345530
 230.000000 0.997788 0.280462
 231.000000 1.094491 0.297782
 232.000000 1.065038 0.299649
 233.000000 1.126660 0.279384
 234.000000 0.986170 0.236237
 235.000000 0.974392 0.231666
 236.000000 0.951247 0.261429
 237.000000 1.025869 0.404259
 238.000000 1.022132 0.306231
 239.000000 1.082739 0.254637
 240.000000 0.988709 0.313768
 241.000000 1.035359 0.212992
 242.000000 1.047606 0.194586
 243.000000 1.072241 0.189295
 244.000000 1.065364 0.379617
 245.000000 0.982353 0.341984
 246.000000 1.009807 0.348872
 247.000000 1.142537 0.324914
 248.000000 1.036773 0.339150
 249.000000 1.075153 0.327585
 250.000000 1.067507 0.302215
 251.000000 1.064055 0.240039
 252.000000 0.975406 0.285917
 253.000000 1.033418 0.290907
 254.000000 1.095486 0.379309
 255.000000 1.119403 0.300924
 256.000000 1.077230 0.303147
 257.000000 1.135809 0.315683
 258.000000 0.990351 0.318236
 259.000000 1.006372 0.259576
 260.000000 1.018676 0.336378
 261.000000 1.104369 0.296134
 262.000000 1.056022 0.293558
 263.000000 1.054859 0.327470
 264.000000 0.964665 0.315856
 265.000000 1.062839 0.256185
 266.000000 0.983804 0.294631
 267.000000 1.033521 0.251274
 268.000000 1.113719 0.255750
 269.000000 1.026850 0.380954
 270.000000 1.009268 0.296602
 271.000000 1.140807 0.264416
 272.000000 1.041579 0.308586
 273.000000 1.079732 0.332198
 274.000000 1.092047 0.278907
 275.000000 1.034930 0.313880
 276.000000 1.095507 0.336979
 277.000000 1.084201 0.326890
 278.000000 1.135566 0.326468
 279.000000 1.108297 0.319216
 280.000000 1.032130 0.347943
 281.000000 1.017691 0.256753
 282.000000 1.053998 0.320097
 283.000000 1.070651 0.319090
 284.000000 1.015204 0.307131
 285.000000 1.051746 0.306885
 286.000000 1.059803 0.331224
 287.000000 1.084683 0.336729
 288.000000 1.122721 0.326911
 289.000000 1.062040 0.269927
 290.000000 1.065530 0.295671
 291.000000 1.017495 0.305520
 292.000000 1.001198 0.299206
 293.000000 1.063676 0.336390
 294.000000 1.007627 0.310252
 295.000000 1.147727 0.335443
 296.000000 1.219082 0.198629
 297.000000 1.084662 0.347469
 298.000000 0.955416 0.283807
 299.000000 1.030506 0.363262
 300.000000 1.087260 0.369191
 301.000000 1.129818 0.352838
 302.000000 1.064249 0.295871
 303.000000 1.004420 0.310358
 304.000000 1.057843 0.301228
 305.000000 1.128717 0.238352
 306.000000 1.121067 0.256950
 307.000000 1.072649 0.362567
 308.000000 1.059450 0.262233
 309.000000 1.204733 0.239252
 310.000000 0.961430 0.308516
 311.000000 1.010311 0.322181
 312.000000 1.044598 0.308539
 313.000000 1.024992 0.327551
 314.000000 0.969685 0.341268
 315.000000 1.061624 0.264038
 316.000000 1.107872 0.368660
 317.000000 1.010568 0.311441
 318.000000 1.064609 0.282909
 319.000000 1.049941 0.289336
 320.000000 1.128197 0.412611
 321.000000 1.022681 0.266881
 322.000000 1.000018 0.303351
 323.000000 1.009743 0.214795
 324.000000 1.034161 0.341331
 325.000000 1.013209 0.170324
 326.000000 1.040487 0.303860
 327.000000 1.073367 0.295645
 328.000000 1.123943 0.297105
 329.000000 1.057875 0.329050
 330.000000 1.010279 0.290086
 331.000000 1.039515 0.309736
 332.000000 1.093150 0.378976
 333.000000 1.023555 0.338360
 334.000000 1.047494 0.314829
 335.000000 1.134137 0.298578
 336.000000 1.051365 0.350840
 337.000000 1.018477 0.372554
 338.000000 1.082299 0.326918
 339.000000 1.048203 0.400494
 340.000000 0.989402 0.225701
 341.000000 1.067807 0.273512
 342.000000 0.996647 0.366108
 343.000000 0.981391 0.412685
 344.000000 1.173106 0.309669
 345.000000 1.219730 0.331448
 346.000000 1.052978 0.373440
 347.000000 1.060725 0.350724
 348.000000 1.113687 0.448914
 349.000000 0.999097 0.391293
 350.000000 1.056698 0.285368
 351.000000 1.007130 0.170303
 352.000000 1.052098 0.285282
 353.000000 1.086582 0.283442
 354.000000 1.010083 0.219819
 355.000000 1.044418 0.262926
 356.000000 1.133303 0.306000
 357.000000 1.029515 0.338958
 358.000000 1.078634 0.312619
 359.000000 1.017427 0.344446
 360.000000 1.029113 0.294010
 361.000000 1.085611 0.369193
 362.000000 1.029050 0.206303
 363.000000 1.059706 0.274820
 364.000000 1.117252 0.244005
 365.000000 1.126596 0.256273
 366.000000 1.059134 0.226548
 367.000000 1.083238 0.273206
 368.000000 1.185227 0.311222
 369.000000 1.136220 0.318480
 370.000000 1.072477 0.410690
 371.000000 1.124961 0.274429
 372.000000 1.091052 0.307073
 373.000000 1.137635 0.269333
 374.000000 1.114861 0.259890
 375.000000 1.036670 0.285998
 376.000000 1.020612 0.324891
 377.000000 0.989747 0.351271
 378.000000 1.023230 0.266289
 379.000000 0.999768 0.310100
 380.000000 0.996828 0.268268
 381.000000 1.093881 0.258703
 382.000000 1.080405 0.244556
 383.000000 1.011445 0.407102
 384.000000 1.041797 0.353953
 385.000000 1.182815 0.381110
 386.000000 1.089748 0.428543
 387.000000 1.036326 0.292640
 388.000000 1.007237 0.359406
 389.000000 1.118922 0.274523
 390.000000 1.042566 0.237467
 391.000000 1.081213 0.280766
 392.000000 1.066401 0.331924
 393.000000 1.139753 0.337735
 394.000000 1.050272 0.212690
 395.000000 1.089091 0.365432
 396.000000 1.008450 0.338029
 397.000000 1.047103 0.301148
 398.000000 1.088571 0.291849
 399.000000 1.025490 0.308534
 400.000000 1.162906 0.428398
 401.000000 1.046192 0.332159
 402.000000 1.043496 0.297633
 403.000000 1.088157 0.263895
 404.000000 1.176756 0.307498
 405.000000 1.069175 0.299324
 406.000000 1.032531 0.289698
 407.000000 1.085167 0.371932
 408.000000 1.049817 0.299753
 409.000000 0.958221 0.329150
 410.000000 1.036705 0.253361
 411.000000 0.974253 0.225834
 412.000000 1.045500 0.351185
 413.000000 1.158735 0.336076
 414.000000 1.090474 0.373771
 415.000000 1.001378 0.322852
 416.000000 1.049315 0.315651
 417.000000 1.029011 0.276152
 418.000000 1.096325 0.267342
 419.000000 1.107355 0.322802
 420.000000 1.014524 0.334774
 421.000000 1.009026 0.282373
 422.000000 1.039775 0.297029
 423.000000 1.077864 0.326568
 424.000000 1.098965 0.367775
 425.000000 1.009222 0.277572
 426.000000 1.109201 0.362687
 427.000000 1.031490 0.331222
 428.000000 1.054374 0.285070
 429.000000 1.044471 0.275899
 430.000000 1.091065 0.340965
 431.000000 1.000153 0.330118
 432.000000 0.949415 0.328615
 433.000000 1.003680 0.313587
 434.000000 1.125624 0.348795
 435.000000 1.088503 0.327004
 436.000000 0.965054 0.389761
 437.000000 0.995384 0.357839
 438.000000 1.005676 0.360454
 439.000000 1.124558 0.310111
 440.000000 1.034945 0.359591
 441.000000 1.023655 0.327516
 442.000000 0.985319 0.378368
 443.000000 1.003545 0.305129
 444.000000 0.989768 0.374972
 445.000000 0.999767 0.372984
 446.000000 0.970902 0.233668
 447.000000 1.092342 0.246659
 448.000000 1.077171 0.251721
 449.000000 0.978681 0.245194
 450.000000 1.037844 0.241747
 451.000000 1.053918 0.142861
 452.000000 1.041492 0.179957
 453.000000 1.021188 0.240775
 454.000000 0.993044 0.336594
 455.000000 1.060105 0.290184
 456.000000 1.065515 0.297341
 457.000000 1.072366 0.262224
 458.000000 1.047195 0.325891
 459.000000 0.984197 0.329204
 460.000000 1.115555 0.333506
 461.000000 1.007919 0.344653
 462.000000 1.050711 0.306593
 463.000000 1.066231 0.286417
 464.000000 0.904395 0.294184
 465.000000 0.998905 0.299922
 466.000000 1.056493 0.302757
 467.000000 1.019663 0.308198
 468.000000 1.129019 0.238587
 469.000000 0.989177 0.267447
 470.000000 1.064353 0.234192
 471.000000 1.136228 0.283296
 472.000000 1.032866 0.209668
 473.000000 1.063447 0.308502
 474.000000 1.059083 0.239726
 475.000000 1.005324 0.290535
 476.000000 0.941762 0.327309
 477.000000 0.982992 0.243555
 478.000000 0.979124 0.231319
 479.000000 1.084483 0.284274
 480.000000 0.990721 0.268905
 481.000000 1.094485 0.329078
 482.000000 1.132687 0.244541
 483.000000 1.138649 0.322795
 484.000000 1.095268 0.342368
 485.000000 0.991584 0.282391
 486.000000 1.131794 0.260341
 487.000000 1.115599 0.304468
 488.000000 1.099871 0.257059
 489.000000 1.075746 0.308061
 490.000000 1.078388 0.324127
 491.000000 1.050342 0.250809
 492.000000 1.150528 0.273819
 493.000000 1.072541 0.341768
 494.000000 0.994126 0.301204
 495.000000 1.110179 0.357171
 496.000000 1.096335 0.281889
 497.000000 1.084720 0.370227
 498.000000 1.188623 0.287544
 499.000000 0.977861 0.322578
 500.000000 1.105146 0.329951
 501.000000 1.114736 0.261216
 502.000000 1.029014 0.302861
 503.000000 1.071531 0.251604
 504.000000 1.142028 0.313273
 505.000000 1.077775 0.323813
 506.000000 0.983883 0.306526
 507.000000 1.072626 0.347098
 508.000000 1.051667 0.389096
 509.000000 1.011238 0.351537
 510.000000 0.923482 0.265795
 511.000000 1.074564 0.381015
 512.000000 1.021623 0.307527
 513.000000 1.018630 0.253977
 514.000000 1.007644 0.293444
 515.000000 0.983374 0.301010
 516.000000 0.893539 0.304979
 517.000000 1.004797 0.364501
 518.000000 0.981355 0.342963
 519.000000 1.145724 0.366793
 520.000000 1.057037 0.389837
 521.000000 1.027184 0.337383
 522.000000 1.044034 0.339406
 523.000000 0.986103 0.435831
 524.000000 1.024541 0.233358
 525.000000 1.041138 0.332092
 526.000000 1.017777 0.385547
 527.000000 0.941918 0.256649
 528.000000 1.085867 0.259927
 529.000000 0.941830 0.281673
 530.000000 1.097561 0.174604
 531.000000 0.976795 0.318145
 532.000000 1.025730 0.297790
 533.000000 1.062314 0.267067
 534.000000 1.180145 0.255603
 535.000000 1.063844 0.308188
 536.000000 0.994105 0.233605
 537.000000 1.019398 0.240026
 538.000000 1.087030 0.259983
 539.000000 1.018073 0.218131
 540.000000 1.013677 0.213592
 541.000000 1.007996 0.298950
 542.000000 1.026258 0.250858
 543.000000 1.069995 0.309315
 544.000000 1.041587 0.308932
 545.000000 1.134110 0.254210
 546.000000 1.088338 0.340887
 547.000000 1.053182 0.233282
 548.000000 1.144824 0.215373
 549.000000 0.967734 0.346148
 550.000000 1.022579 0.248001
 551.000000 1.069714 0.252076
 552.000000 1.103169 0.223184
 553.000000 1.034351 0.236860
 554.000000 0.968105 0.217312
 555.000000 1.015795 0.171462
 556.000000 0.972842 0.276258
 557.000000 1.057812 0.304003
 558.000000 0.973665 0.226354
 559.000000 1.018120 0.233196
 560.000000 0.929907 0.306350
 561.000000 1.008359 0.266130
 562.000000 1.091233 0.366591
 563.000000 1.049992 0.284153
 564.000000 1.018292 0.238022
 565.000000 0.973513 0.316168
 566.000000 1.116981 0.248712
 567.000000 0.968628 0.147095
 568.000000 1.040954 0.249503
 569.000000 0.976348 0.310882
 570.000000 0.996109 0.223856
 571.000000 1.001808 0.348904
 572.000000 1.082820 0.185558
 573.000000 1.111515 0.262153
 574.000000 1.044739 0.295873
 575.000000 1.109853 0.246544
 576.000000 1.030507 0.246277
 577.000000 1.083668 0.324762
 578.000000 1.015206 0.249355
 579.000000 1.102610 0.177081
 580.000000 0.968588 0.262878
 581.000000 1.007099 0.283456
 582.000000 1.074351 0.228701
 583.000000 1.038443 0.216982
 584.000000 0.998341 0.300272
 585.000000 0.979354 0.286325
 586.000000 1.041229 0.342238
 587.000000 1.024146 0.225385
 588.000000 0.931257 0.286627
 589.000000 0.974261 0.292579
 590.000000 0.973834 0.336164
 591.000000 0.942545 0.297293
 592.000000 0.967410 0.332263
 593.000000 1.029596 0.220148
 594.000000 1.111006 0.329415
 595.000000 1.002045 0.255946
 596.000000 1.107378 0.330748
 597.000000 1.023804 0.364392
 598.000000 1.063292 0.340929
 599.000000 1.016910 0.409042
 600.000000 1.076926 0.353528
 601.000000 1.113551 0.415362
 602.000000 1.042126 0.341913
 603.000000 1.004451 0.263846
 604.000000 0.967795 0.160801
 605.000000 1.143583 0.237609
 606.000000 1.086426 0.329368
 607.000000 1.077036 0.274986
 608.000000 1.037124 0.320966
 609.000000 1.008527 0.292882
 610.000000 1.168342 0.320003
 611.000000 1.051772 0.261063
 612.000000 1.022006 0.304498
 613.000000 1.032178 0.245983
 614.000000 0.992252 0.229529
 615.000000 1.077309 0.271296
 616.000000 1.008621 0.290288
 617.000000 1.053655 0.322026
 618.000000 1.036136 0.384646
 619.000000 0.930183 0.302815
 620.000000 0.987251 0.389126
 621.000000 1.177022 0.378511
 622.000000 1.026776 0.331180
 623.000000 1.083855 0.368707
 624.000000 1.046847 0.389042
 625.000000 1.173977 0.359680
 626.000000 0.965297 0.263655
 627.000000 1.064706 0.321180
 628.000000 1.008468 0.321325
 629.000000 1.013588 0.315008
 630.000000 0.983312 0.308593
 631.000000 1.016966 0.325528
 632.000000 1.083844 0.264978
 633.000000 1.047162 0.243585
 634.000000 1.079511 0.338898
 635.000000 0.987351 0.301149
 636.000000 1.087875 0.299399
 637.000000 0.984000 0.280888
 638.000000 1.013115 0.292115
 639.000000 0.997880 0.269256
 640.000000 0.972952 0.227200
 641.000000 1.044141 0.218456
 642.000000 1.038845 0.284934
 643.000000 1.193067 0.346327
 644.000000 1.110549 0.334478
 645.000000 1.094783 0.360818
 646.000000 1.032725 0.323713
 647.000000 1.077081 0.256189
 648.000000 1.074582 0.251883
 649.000000 1.031078 0.273189
 650.000000 1.063349 0.284131
 651.000000 1.059642 0.259851
 652.000000 0.950923 0.253778
 653.000000 1.046201 0.184933
 654.000000 1.018355 0.272385
 655.000000 1.021471 0.308130
 656.000000 1.062227 0.372295
 657.000000 1.193173 0.363316
 658.000000 1.032765 0.266260
 659.000000 1.134038 0.184864
 660.000000 1.049134 0.293543
 661.000000 1.102946 0.300963
 662.000000 1.049241 0.314572
 663.000000 1.074377 0.298471
 664.000000 0.982309 0.279000
 665.000000 0.974782 0.305687
 666.000000 0.964278 0.373950
 667.000000 1.067623 0.332253
 668.000000 1.018393 0.419511
 669.000000 1.049604 0.274776
 670.000000 1.007872 0.313711
 671.000000 0.999961 0.275691
 672.000000 0.960261 0.366767
 673.000000 1.087531 0.287003
 674.000000 1.028564 0.397537
 675.000000 1.001670 0.177886
 676.000000 1.042980 0.345593
 677.000000 0.963512 0.289188
 678.000000 1.004733 0.347898
 679.000000 1.011156 0.343720
 680.000000 1.088245 0.406035
 681.000000 1.074545 0.239327
 682.000000 0.960801 0.222458
 683.000000 1.018175 0.384781
 684.000000 1.042147 0.279869
 685.000000 1.035015 0.435012
 686.000000 1.057133 0.292591
 687.000000 1.123857 0.210316
 688.000000 1.041330 0.333568
 689.000000 1.058120 0.379844
 690.000000 1.105590 0.260602
 691.000000 1.072992 0.263086
 692.000000 1.090375 0.261321
 693.000000 1.038265 0.289084
 694.000000 0.985371 0.243681
 695.000000 1.082853 0.381921
 696.000000 1.204941 0.291936
 697.000000 1.114855 0.265923
 698.000000 1.137087 0.236427
 699.000000 1.035978 0.328380
 700.000000 0.943953 0.377845
 701.000000 1.060290 0.153383
 702.000000 1.047653 0.217978
 703.000000 1.048117 0.242853
 704.000000 1.115326 0.279376
 705.000000 1.056552 0.289522
 706.000000 1.049788 0.302726
 707.000000 1.072721 0.257370
 708.000000 1.079387 0.373023
 709.000000 1.092256 0.302506
 710.000000 1.062435 0.292942
 711.000000 1.059924 0.380982
 712.000000 1.069062 0.265382
 713.000000 1.034002 0.271911
 714.000000 1.125550 0.272778
 715.000000 1.062524 0.235077
 716.000000 1.159985 0.438120
 717.000000 0.976500 0.367414
 718.000000 1.108112 0.277620
 719.000000 1.193452 0.376713
 720.000000 1.037938 0.294340
 721.000000 1.025571 0.240196
 722.000000 1.089947 0.258331
 723.000000 1.086819 0.267122
 724.000000 1.052525 0.282095
 725.000000 1.022459 0.341290
 726.000000 0.986918 0.301721
 727.000000 0.979518 0.297676
 728.000000 1.055647 0.320710
 729.000000 1.074893 0.341767
 730.000000 1.128162 0.311690
 731.000000 0.995058 0.360046
 732.000000 0.976249 0.218971
 733.000000 1.135206 0.322835
 734.000000 1.037795 0.405263
 735.000000 1.077263 0.331127
 736.000000 1.065951 0.389662
 737.000000 1.088784 0.352845
 738.000000 1.094858 0.390269
 739.000000 1.056267 0.361742
 740.000000 1.045408 0.422617
 741.000000 1.071689 0.341629
 742.000000 1.043674 0.435544
 743.000000 1.013506 0.378167
 744.000000 1.085086 0.323541
 745.000000 1.042725 0.179865
 746.000000 1.073856 0.304428
 747.000000 1.014315 0.371671
 748.000000 1.041966 0.226643
 749.000000 1.070620 0.280659
 750.000000 1.036222 0.322167
 751.000000 1.010831 0.391388
 752.000000 1.051376 0.356773
 753.000000 1.078750 0.329605
 754.000000 1.094819 0.325711
 755.000000 1.064593 0.325761
 756.000000 0.980032 0.334425
 757.000000 0.995827 0.314265
 758.000000 1.041191 0.307311
 759.000000 1.081782 0.306491
 760.000000 1.096349 0.380947
 761.000000 1.114202 0.413578
 762.000000 1.111945 0.409687
 763.000000 1.009505 0.380963
 764.000000 0.990158 0.392095
 765.000000 1.110455 0.410717
 766.000000 1.087939 0.339300
 767.000000 0.988542 0.373304
 768.000000 1.048412 0.347978
 769.000000 1.083180 0.406184
 770.000000 1.092385 0.329623
 771.000000 1.078269 0.368784
 772.000000 1.130980 0.369370
 773.000000 1.043454 0.381760
 774.000000 1.082053 0.423150
 775.000000 1.077270 0.355150
 776.000000 1.056512 0.439667
 777.000000 1.137029 0.371683
 778.000000 1.133303 0.485372
 779.000000 1.067694 0.376897
 780.000000 1.095379 0.428749
 781.000000 1.038024 0.250271
 782.000000 1.033922 0.393531
 783.000000 1.041316 0.315096
 784.000000 1.147855 0.277387
 785.000000 1.012489 0.430798
 786.000000 0.950090 0.429199
 787.000000 1.115047 0.368995
 788.000000 1.065227 0.347519
 789.000000 1.002277 0.380021
 790.000000 1.098554 0.271388
 791.000000 0.945918 0.366836
 792.000000 1.104096 0.394777
 793.000000 0.969200 0.350149
 794.000000 0.886146 0.374557
 795.000000 1.010110 0.389998
 796.000000 0.987001 0.298871
 797.000000 0.959423 0.382567
 798.000000 1.016142 0.364123
 799.000000 1.034252 0.451507
 800.000000 0.920982 0.321063
 801.000000 1.051211 0.340679
 802.000000 1.125962 0.324245
 803.000000 1.096479 0.392649
 804.000000 1.055737 0.369190
 805.000000 1.012961 0.399229
 806.000000 1.034551 0.409556
 807.000000 1.017135 0.360176
 808.000000 0.997103 0.428503
 809.000000 1.052584 0.473806
 810.000000 0.952796 0.402790
 811.000000 1.052109 0.467532
 812.000000 1.026903 0.351694
 813.000000 1.108391 0.342649
 814.000000 1.094058 0.401461
 815.000000 1.013782 0.350513
 816.000000 1.024084 0.424708
 817.000000 1.138324 0.357181
 818.000000 1.163095 0.391768
 819.000000 0.950639 0.350489
 820.000000 1.104957 0.302103
 821.000000 1.041398 0.441895
 822.000000 1.145027 0.289797
 823.000000 1.021026 0.381154
 824.000000 0.977095 0.382230
 825.000000 1.068346 0.308295
 826.000000 1.121751 0.383528
 827.000000 0.970840 0.373453
 828.000000 1.100234 0.479570
 829.000000 1.294093 0.380458
 830.000000 1.038384 0.418863
 831.000000 1.049849 0.369479
 832.000000 1.085580 0.346951
 833.000000 0.994734 0.336355
 834.000000 1.066895 0.305948
 835.000000 0.955516 0.261979
 836.000000 1.004621 0.312299
 837.000000 1.055778 0.326915
 838.000000 0.998375 0.290324
 839.000000 0.980837 0.306457
 840.000000 0.948579 0.338839
 841.000000 1.041465 0.375056
 842.000000 0.928654 0.192204
 843.000000 1.031348 0.263085
 844.000000 1.004361 0.388001
 845.000000 1.117884 0.380943
 846.000000 1.024278 0.328229
 847.000000 1.104740 0.354167
 848.000000 1.073556 0.375294
 849.000000 1.018378 0.348399
 850.000000 0.969517 0.485083
 851.000000 1.018133 0.346643
 852.000000 1.078265 0.331610
 853.000000 1.005018 0.388374
 854.000000 1.070865 0.339089
 855.000000 1.008048 0.411894
 856.000000 1.105876 0.357663
 857.000000 0.976847 0.329032
 858.000000 0.990947 0.339990
 859.000000 0.965797 0.330303
 860.000000 1.071073 0.281354
 861.000000 1.045496 0.389115
 862.000000 1.023030 0.321976
 863.000000 0.997835 0.332459
 864.000000 0.979220 0.266420
 865.000000 0.984926 0.338161
 866.000000 0.977821 0.413387
 867.000000 0.983323 0.395152
 868.000000 1.013763 0.428477
 869.000000 0.946525 0.422752
 870.000000 1.026416 0.350469
 871.000000 1.108400 0.375001
 872.000000 1.057573 0.377647
 873.000000 0.991536 0.279982
 874.000000 0.997692 0.374500
 875.000000 1.039831 0.358646
 876.000000 1.036224 0.279090
 877.000000 1.035425 0.376869
 878.000000 1.071829 0.357040
 879.000000 1.185353 0.424239
 880.000000 1.126007 0.395491
 881.000000 1.102302 0.403828
 882.000000 1.107398 0.324749
 883.000000 1.069510 0.376658
 884.000000 1.158144 0.358593
 885.000000 1.155449 0.439889
 886.000000 1.067783 0.340104
 887.000000 1.091890 0.308046
 888.000000 1.028340 0.372773
 889.000000 1.014484 0.144014
 890.000000 0.980765 0.354182
 891.000000 1.093980 0.394297
 892.000000 1.079445 0.314027
 893.000000 1.004590 0.308877
 894.000000 1.104066 0.417169
 895.000000 1.060900 0.363256
 896.000000 1.054745 0.421771
 897.000000 1.043084 0.349356
 898.000000 1.135962 0.358134
 899.000000 1.116385 0.351368
 900.000000 1.020849 0.326466
 901.000000 1.042797 0.410713
 902.000000 1.054766 0.381905
 903.000000 1.091054 0.362250
 904.000000 1.048707 0.321747
 905.000000 0.970929 0.347260
 906.000000 1.037372 0.393656
 907.000000 1.097681 0.343693
 908.000000 0.988787 0.355288
 909.000000 1.163951 0.395247
 910.000000 1.063925 0.337211
 911.000000 1.106069 0.398686
 912.000000 1.074230 0.375288
 913.000000 1.199915 0.292095
 914.000000 1.050393 0.333240
 915.000000 1.103384 0.381277
 916.000000 1.135204 0.432611
 917.000000 1.080693 0.324490
 918.000000 0.969422 0.367016
 919.000000 1.037932 0.319928
 920.000000 0.993660 0.245290
 921.000000 1.055570 0.224214
 922.000000 1.060635 0.327218
 923.000000 1.011861 0.347293
 924.000000 1.068132 0.342837
 925.000000 1.007226 0.322049
 926.000000 1.022151 0.312082
 927.000000 1.102586 0.314661
 928.000000 1.054038 0.294507
 929.000000 1.029451 0.220979
 930.000000 1.035969 0.383287
 931.000000 1.078478 0.259444
 932.000000 1.063240 0.377604
 933.000000 1.078794 0.285498
 934.000000 1.020329 0.327600
 935.000000 1.012750 0.332366
 936.000000 0.947792 0.272544
 937.000000 0.979057 0.302235
 938.000000 1.050824 0.281015
 939.000000 1.071316 0.287568
 940.000000 1.025409 0.317240
 941.000000 1.008539 0.348288
 942.000000 1.058315 0.226543
 943.000000 1.044086 0.343922
 944.000000 1.019656 0.378341
 945.000000 1.040618 0.293517
 946.000000 1.059786 0.331096
 947.000000 1.124167 0.315609
 948.000000 1.050705 0.306937
 949.000000 1.005891 0.391627
 950.000000 1.018771 0.325111
 951.000000 1.073891 0.303954
 952.000000 1.028465 0.307336
 953.000000 1.011333 0.225632
 954.000000 1.006101 0.259866
 955.000000 1.020717 0.299785
 956.000000 1.121090 0.157929
 957.000000 1.090148 0.357684
 958.000000 1.048130 0.325773
 959.000000 1.046680 0.355605
 960.000000 1.045215 0.398650
 961.000000 1.021444 0.368551
 962.000000 1.057714 0.356591
 963.000000 1.059619 0.326580
 964.000000 1.123260 0.278019
 965.000000 1.075669 0.372953
 966.000000 1.044129 0.387301
 967.000000 1.001063 0.409602
 968.000000 1.096957 0.332964
 969.000000 1.031614 0.268457
 970.000000 0.920187 0.400957
 971.000000 0.948586 0.348393
 972.000000 1.084170 0.296696
 973.000000 1.081084 0.347843
 974.000000 0.973679 0.270426
 975.000000 1.086414 0.321832
 976.000000 1.046011 0.257700
 977.000000 1.143600 0.299934
 978.000000 1.004835 0.287409
 979.000000 1.042006 0.353161
 980.000000 1.046861 0.404463
 981.000000 1.079766 0.338934
 982.000000 1.095071 0.325261
 983.000000 1.179137 0.308426
 984.000000 1.027895 0.275107
 985.000000 0.989171 0.269891
 986.000000 1.033959 0.269157
 987.000000 1.064448 0.406212
 988.000000 0.938501 0.392926
 989.000000 1.058736 0.307791
 990.000000 1.038005 0.478690
 991.000000 0.993049 0.364425
 992.000000 0.943421 0.383167
 993.000000 0.997045 0.345713
 994.000000 1.086585 0.312617
 995.000000 1.002916 0.369496
 996.000000 1.041805 0.289408
 997.000000 1.003742 0.326314
 998.000000 1.130241 0.381874
 999.000000 1.018311 0.301013
 1000.000000 1.106668 0.300511
 1001.000000 1.093783 0.222031
 1002.000000 1.083160 0.292376
 1003.000000 1.100480 0.269887
 1004.000000 1.134236 0.328957
 1005.000000 1.110529 0.268250
 1006.000000 1.117782 0.302278
 1007.000000 0.984540 0.360302
 1008.000000 1.120011 0.305838
 1009.000000 1.072626 0.343066
 1010.000000 1.028752 0.344383
 1011.000000 0.999188 0.303742
 1012.000000 1.037421 0.359696
 1013.000000 1.082965 0.349157
 1014.000000 1.171420 0.376197
 1015.000000 0.990951 0.246631
 1016.000000 1.099988 0.318517
 1017.000000 1.009942 0.297959
 1018.000000 1.046487 0.302260
 1019.000000 1.009011 0.303847
 1020.000000 1.174563 0.310231
 1021.000000 0.936362 0.316343
 1022.000000 0.997658 0.327495
 1023.000000 1.025022 0.329359
 1024.000000 1.016637 0.354761
 1025.000000 1.120506 0.226090
 1026.000000 0.941802 0.242473
 1027.000000 1.115625 0.351274
 1028.000000 1.000993 0.354291
 1029.000000 0.958349 0.356403
 1030.000000 0.954176 0.380262
 1031.000000 0.962239 0.370803
 1032.000000 0.960804 0.403393
 1033.000000 1.019741 0.401508
 1034.000000 1.073833 0.374768
 1035.000000 0.939156 0.345730
 1036.000000 0.975525 0.305618
 1037.000000 0.950607 0.337075
 1038.000000 0.998961 0.285706
 1039.000000 0.983157 0.351090
 1040.000000 1.071618 0.325720
 1041.000000 1.023508 0.368759
 1042.000000 0.910078 0.366374
 1043.000000 1.072662 0.449680
 1044.000000 1.021652 0.331974
 1045.000000 1.061538 0.345753
 1046.000000 1.001372 0.381138
 1047.000000 0.998053 0.399752
 1048.000000 0.947460 0.251829
 1049.000000 1.080767 0.383087
 1050.000000 1.022355 0.268595
 1051.000000 1.004080 0.380960
 1052.000000 1.091104 0.345989
 1053.000000 0.997184 0.377149
 1054.000000 1.076201 0.288798
 1055.000000 0.997008 0.337250
 1056.000000 1.021677 0.286882
 1057.000000 1.034932 0.313834
 1058.000000 1.041775 0.376151
 1059.000000 1.032730 0.250182
 1060.000000 1.138028 0.347993
 1061.000000 1.070367 0.382685
 1062.000000 1.111701 0.314122
 1063.000000 0.965317 0.326583
 1064.000000 0.915352 0.280224
 1065.000000 0.960129 0.340937
 1066.000000 1.051793 0.240424
 1067.000000 1.061754 0.308705
 1068.000000 1.068080 0.369115
 1069.000000 1.030883 0.345189
 1070.000000 0.983471 0.307400
 1071.000000 1.057088 0.374941
 1072.000000 1.073688 0.255567
 1073.000000 1.104891 0.269983
 1074.000000 1.084765 0.282612
 1075.000000 1.041044 0.314827
 1076.000000 1.145782 0.283538
 1077.000000 1.130971 0.295988
 1078.000000 1.029395 0.287176
 1079.000000 1.139688 0.334669
 1080.000000 1.143828 0.379394
 1081.000000 1.134288 0.316530
 1082.000000 1.080140 0.292127
 1083.000000 1.086500 0.332121
 1084.000000 1.112123 0.328399
 1085.000000 1.109294 0.230992
 1086.000000 1.152905 0.234826
 1087.000000 0.992460 0.343894
 1088.000000 1.015963 0.347490
 1089.000000 1.071789 0.280885
 1090.000000 1.089831 0.311827
 1091.000000 1.126608 0.271289
 1092.000000 1.007840 0.239715
 1093.000000 1.047514 0.326612
 1094.000000 1.064426 0.329899
 1095.000000 1.024606 0.216821
 1096.000000 1.116485 0.280811
 1097.000000 1.035362 0.253262
 1098.000000 1.080441 0.353828
 1099.000000 1.152973 0.312193
 1100.000000 1.089721 0.305647
 1101.000000 0.950903 0.338014
 1102.000000 0.982804 0.272618
 1103.000000 1.116990 0.216343
 1104.000000 1.011262 0.338058
 1105.000000 1.057728 0.335770
 1106.000000 1.172012 0.290671
 1107.000000 1.110213 0.284978
 1108.000000 1.023697 0.232646
 1109.000000 1.013689 0.316987
 1110.000000 1.042410 0.280562
 1111.000000 1.086461 0.294308
 1112.000000 1.133556 0.457217
 1113.000000 1.069293 0.312196
 1114.000000 1.075850 0.343527
 1115.000000 1.072504 0.378698
 1116.000000 0.992976 0.337774
 1117.000000 1.036901 0.331304
 1118.000000 1.064170 0.360790
 1119.000000 1.049395 0.374528
 1120.000000 1.059197 0.392284
 1121.000000 1.056688 0.368538
 1122.000000 0.965195 0.346035
 1123.000000 1.071575 0.353125
 1124.000000 1.039422 0.313993
 1125.000000 1.007260 0.321477
 1126.000000 1.052620 0.353505
 1127.000000 0.926841 0.166284
 1128.000000 0.962997 0.270389
 1129.000000 0.925742 0.420773
 1130.000000 1.022224 0.397826
 1131.000000 0.930555 0.355201
 1132.000000 1.077216 0.411164
 1133.000000 0.977471 0.397934
 1134.000000 0.989479 0.365030
 1135.000000 1.103456 0.313460
 1136.000000 1.126241 0.355752
 1137.000000 1.070912 0.323246
 1138.000000 1.011143 0.392377
 1139.000000 0.979787 0.392228
 1140.000000 1.082001 0.380813
 1141.000000 1.032936 0.409821
 1142.000000 1.020574 0.365013
 1143.000000 1.057696 0.339247
 1144.000000 1.085154 0.253847
 1145.000000 1.023453 0.398171
 1146.000000 1.050807 0.334214
 1147.000000 1.035997 0.326725
 1148.000000 1.095315 0.348054
 1149.000000 1.085248 0.266467
 1150.000000 1.027363 0.317028
 1151.000000 1.105099 0.323982
 1152.000000 0.989365 0.251411
 1153.000000 0.976780 0.342423
 1154.000000 1.046492 0.211251
 1155.000000 0.935556 0.307274
 1156.000000 0.980193 0.343105
 1157.000000 1.126972 0.345748
 1158.000000 1.092105 0.364529
 1159.000000 1.007019 0.380062
 1160.000000 1.136371 0.324692
 1161.000000 1.086666 0.396867
 1162.000000 1.071262 0.262368
 1163.000000 1.125927 0.328266
 1164.000000 1.059018 0.366115
 1165.000000 1.003016 0.384975
 1166.000000 1.090924 0.339171
 1167.000000 1.090499 0.290764
 1168.000000 1.080810 0.326909
 1169.000000 1.058027 0.296132
 1170.000000 1.178475 0.320652
 1171.000000 1.224488 0.444803
 1172.000000 1.066236 0.474677
 1173.000000 1.049901 0.360070
 1174.000000 1.070608 0.395558
 1175.000000 1.129779 0.376913
 1176.000000 1.113054 0.374180
 1177.000000 1.071429 0.350507
 1178.000000 1.123987 0.273452
 1179.000000 1.035617 0.278029
 1180.000000 0.988253 0.320221
 1181.000000 1.015232 0.377511
 1182.000000 1.074572 0.292102
 1183.000000 1.027214 0.364123
 1184.000000 1.087669 0.252599
 1185.000000 1.079213 0.319499
 1186.000000 1.119634 0.242157
 1187.000000 1.049184 0.368487
 1188.000000 1.041064 0.308254
 1189.000000 1.090916 0.352854
 1190.000000 1.107062 0.287922
 1191.000000 1.068614 0.374757
 1192.000000 1.011918 0.372971
 1193.000000 1.050670 0.308907
 1194.000000 1.022962 0.300859
 1195.000000 1.195763 0.275121
 1196.000000 1.006449 0.334608
 1197.000000 1.044309 0.231462
 1198.000000 1.041006 0.307912
 1199.000000 1.159643 0.310940
 1200.000000 1.006503 0.348480
 1201.000000 1.176006 0.294466
 1202.000000 1.089839 0.317888
 1203.000000 1.045819 0.417417
 1204.000000 1.032305 0.329454
 1205.000000 1.119671 0.387815
 1206.000000 1.221097 0.309144
 1207.000000 1.070973 0.531097
 1208.000000 1.041768 0.254855
 1209.000000 1.092456 0.441757
 1210.000000 1.191560 0.285497
 1211.000000 1.058808 0.367987
 1212.000000 1.197061 0.401914
 1213.000000 1.086438 0.342163
 1214.000000 1.117479 0.351833
 1215.000000 1.161340 0.357590
 1216.000000 1.129048 0.361809
 1217.000000 1.095849 0.430574
 1218.000000 1.034060 0.362107
 1219.000000 1.096913 0.330625
 1220.000000 1.092728 0.399413
 1221.000000 1.055337 0.303072
 1222.000000 1.191940 0.289861
 1223.000000 1.087684 0.389066
 1224.000000 1.099284 0.353760
 1225.000000 1.234669 0.359598
 1226.000000 1.079466 0.421241
 1227.000000 1.126692 0.310659
 1228.000000 1.175430 0.328332
 1229.000000 1.121343 0.375883
 1230.000000 1.079254 0.271577
 1231.000000 1.138701 0.386217
 1232.000000 1.067101 0.396416
 1233.000000 1.154431 0.447358
 1234.000000 1.082153 0.314129
 1235.000000 1.155983 0.246026
 1236.000000 1.199903 0.262320
 1237.000000 1.155763 0.297062
 1238.000000 1.143449 0.260152
 1239.000000 1.156743 0.342256
 1240.000000 1.096070 0.350360
 1241.000000 1.107112 0.270893
 1242.000000 1.122650 0.350510
 1243.000000 1.191821 0.287345
 1244.000000 1.225571 0.347040
 1245.000000 1.102543 0.289156
 1246.000000 1.054301 0.273757
 1247.000000 1.157963 0.360729
 1248.000000 1.039619 0.307957
 1249.000000 1.087348 0.367121
 1250.000000 1.076879 0.338251
 1251.000000 1.115063 0.359592
 1252.000000 0.997101 0.275131
 1253.000000 1.051619 0.326727
 1254.000000 1.026529 0.315642
 1255.000000 1.065031 0.347762
 1256.000000 1.066492 0.353702
 1257.000000 0.987182 0.264409
 1258.000000 1.073012 0.307624
 1259.000000 0.990923 0.327656
 1260.000000 1.108793 0.284220
 1261.000000 1.027561 0.269373
 1262.000000 1.135894 0.306963
 1263.000000 1.031381 0.413424
 1264.000000 1.194061 0.256846
 1265.000000 1.130872 0.269398
 1266.000000 1.112527 0.242856
 1267.000000 1.127792 0.252085
 1268.000000 1.201339 0.316218
 1269.000000 1.147900 0.325457
 1270.000000 1.127981 0.321405
 1271.000000 1.083438 0.399348
 1272.000000 1.053582 0.376570
 1273.000000 1.082849 0.257666
 1274.000000 1.089651 0.327323
 1275.000000 1.169237 0.401182
 1276.000000 1.111428 0.321400
 1277.000000 1.085667 0.215977
 1278.000000 1.174331 0.233376
 1279.000000 1.087141 0.287506
 1280.000000 1.092173 0.255564
 1281.000000 1.156203 0.326616
 1282.000000 1.122288 0.218221
 1283.000000 1.135178 0.312726
 1284.000000 1.068629 0.213814
 1285.000000 1.106583 0.313011
 1286.000000 1.123213 0.249940
 1287.000000 1.127946 0.273061
 1288.000000 1.119777 0.274697
 1289.000000 1.039945 0.283027
 1290.000000 1.190595 0.339925
 1291.000000 1.115681 0.323208
 1292.000000 1.113974 0.327179
 1293.000000 1.108177 0.319770
 1294.000000 1.234715 0.300046
 1295.000000 1.144403 0.279264
 1296.000000 1.179328 0.278164
 1297.000000 1.188679 0.255275
 1298.000000 1.119412 0.339272
 1299.000000 1.080438 0.300168
 1300.000000 1.033387 0.311765
 1301.000000 1.098204 0.253344
 1302.000000 1.087329 0.231651
 1303.000000 1.147537 0.282467
 1304.000000 1.148336 0.240717
 1305.000000 1.024864 0.290737
 1306.000000 1.082705 0.262694
 1307.000000 1.108327 0.322727
 1308.000000 1.155455 0.358605
 1309.000000 0.993126 0.314969
 1310.000000 1.091088 0.340097
 1311.000000 1.131565 0.370196
 1312.000000 1.123755 0.272945
 1313.000000 1.095507 0.333786
 1314.000000 1.026902 0.290910
 1315.000000 1.056600 0.381715
 1316.000000 1.022823 0.352200
 1317.000000 1.039287 0.371578
 1318.000000 0.981202 0.304434
 1319.000000 1.071390 0.374179
 1320.000000 0.995423 0.298317
 1321.000000 1.077518 0.317683
 1322.000000 1.031281 0.319442
 1323.000000 0.961055 0.210352
 1324.000000 0.991845 0.228990
 1325.000000 1.069095 0.411859
 1326.000000 0.965862 0.264199
 1327.000000 1.123331 0.318175
 1328.000000 1.137803 0.206406
 1329.000000 1.099416 0.275580
 1330.000000 1.098957 0.292933
 1331.000000 1.064714 0.220226
 1332.000000 1.034751 0.338605
 1333.000000 0.978319 0.304282
 1334.000000 0.967252 0.323345
 1335.000000 1.120176 0.401286
 1336.000000 0.931460 0.327233
 1337.000000 1.017993 0.280763
 1338.000000 1.012908 0.222741
 1339.000000 1.026139 0.332427
 1340.000000 1.086118 0.315200
 1341.000000 0.984680 0.332884
 1342.000000 1.068597 0.346037
 1343.000000 1.066296 0.317869
 1344.000000 1.101747 0.267775
 1345.000000 1.112823 0.332793
 1346.000000 1.010789 0.242829
 1347.000000 1.116315 0.290302
 1348.000000 1.150753 0.363564
 1349.000000 1.088943 0.254136
 1350.000000 1.136669 0.256572
 1351.000000 1.067061 0.268428
 1352.000000 1.011176 0.275455
 1353.000000 1.115366 0.286301
 1354.000000 1.094605 0.286832
 1355.000000 1.101091 0.206134
 1356.000000 1.127969 0.300275
 1357.000000 1.048087 0.288716
 1358.000000 1.064511 0.310631
 1359.000000 1.080910 0.208326
 1360.000000 1.106255 0.387586
 1361.000000 0.996709 0.304569
 1362.000000 1.077714 0.301246
 1363.000000 1.058246 0.357631
 1364.000000 1.048098 0.296512
 1365.000000 1.090096 0.306005
 1366.000000 1.013174 0.258664
 1367.000000 1.145868 0.275894
 1368.000000 1.072994 0.226957
 1369.000000 1.087199 0.187874
 1370.000000 1.085496 0.185923
 1371.000000 1.091180 0.238449
 1372.000000 1.069555 0.281344
 1373.000000 0.962836 0.353200
 1374.000000 1.002754 0.304314
 1375.000000 1.135678 0.326096
 1376.000000 1.131577 0.384118
 1377.000000 1.108445 0.324598
 1378.000000 1.071418 0.327095
 1379.000000 1.084143 0.335439
 1380.000000 1.026673 0.275014
 1381.000000 1.159189 0.311785
 1382.000000 1.057686 0.282942
 1383.000000 1.034465 0.261848
 1384.000000 1.056344 0.288923
 1385.000000 1.083449 0.251742
 1386.000000 1.084923 0.287861
 1387.000000 1.150071 0.302756
 1388.000000 1.052386 0.342395
 1389.000000 1.094046 0.374948
 1390.000000 1.092278 0.284888
 1391.000000 1.105307 0.316075
 1392.000000 1.169867 0.354559
 1393.000000 1.178237 0.320468
 1394.000000 1.216148 0.309776
 1395.000000 1.089975 0.249621
 1396.000000 1.061149 0.234868
 1397.000000 1.073293 0.276306
 1398.000000 1.037858 0.299883
 1399.000000 1.030969 0.313757
 1400.000000 1.005127 0.406588
 1401.000000 1.126315 0.345831
 1402.000000 1.089544 0.230838
 1403.000000 0.984975 0.395058
 1404.000000 0.990280 0.292354
 1405.000000 1.128442 0.235109
 1406.000000 1.152993 0.368791
 1407.000000 1.201627 0.296000
 1408.000000 1.023661 0.433995
 1409.000000 0.947625 0.318960
 1410.000000 1.014646 0.283037
 1411.000000 1.029953 0.309712
 1412.000000 1.056431 0.319478
 1413.000000 1.065567 0.240564
 1414.000000 1.092176 0.304962
 1415.000000 1.018364 0.241296
 1416.000000 1.083468 0.261061
 1417.000000 1.059435 0.331354
 1418.000000 0.991342 0.334558
 1419.000000 1.070301 0.352028
 1420.000000 1.052281 0.345479
 1421.000000 1.147184 0.274702
 1422.000000 1.159440 0.370315
 1423.000000 1.210219 0.374207
 1424.000000 1.037546 0.239907
 1425.000000 1.086963 0.281926
 1426.000000 1.104064 0.380813
 1427.000000 0.983986 0.296283
 1428.000000 0.982973 0.357027
 1429.000000 1.014330 0.286551
 1430.000000 0.976674 0.336379
 1431.000000 0.984884 0.315493
 1432.000000 1.033303 0.316665
 1433.000000 1.132166 0.383391
 1434.000000 0.945768 0.395785
 1435.000000 1.020536 0.336551
 1436.000000 1.036804 0.402933
 1437.000000 1.055802 0.359729
 1438.000000 1.044057 0.462178
 1439.000000 1.163365 0.464784
 1440.000000 1.205593 0.258715
 1441.000000 1.070828 0.200991
 1442.000000 1.115666 0.279842
 1443.000000 0.992734 0.318825
 1444.000000 1.162490 0.369555
 1445.000000 1.168113 0.324235
 1446.000000 1.058991 0.391704
 1447.000000 1.046194 0.340068
 1448.000000 1.075961 0.252372
 1449.000000 1.110073 0.321314
 1450.000000 1.036361 0.247230
 1451.000000 1.178416 0.295188
 1452.000000 1.016437 0.342986
 1453.000000 1.056686 0.305983
 1454.000000 1.023727 0.273963
 1455.000000 1.156350 0.206248
 1456.000000 1.045122 0.323418
 1457.000000 0.996266 0.341694
 1458.000000 1.106387 0.362410
 1459.000000 1.035425 0.364898
 1460.000000 1.046774 0.244759
 1461.000000 1.043428 0.290329
 1462.000000 1.139959 0.305614
 1463.000000 1.058078 0.240344
 1464.000000 1.184238 0.265440
 1465.000000 1.136802 0.294496
 1466.000000 1.080169 0.247848
 1467.000000 0.983185 0.243088
 1468.000000 1.043597 0.237869
 1469.000000 1.047470 0.276548
 1470.000000 1.003499 0.359232
 1471.000000 1.042405 0.463762
 1472.000000 1.048721 0.299134
 1473.000000 1.031123 0.342774
 1474.000000 1.093048 0.273215
 1475.000000 1.045047 0.288483
 1476.000000 1.073362 0.245296
 1477.000000 1.122696 0.296530
 1478.000000 1.031750 0.324714
 1479.000000 1.062764 0.329335
 1480.000000 1.139766 0.371407
 1481.000000 1.127155 0.390620
 1482.000000 1.016485 0.354076
 1483.000000 1.081835 0.312453
 1484.000000 1.075076 0.345410
 1485.000000 1.110641 0.305340
 1486.000000 1.047629 0.361205
 1487.000000 1.037987 0.282333
 1488.000000 1.042543 0.289641
 1489.000000 1.068313 0.426446
 1490.000000 0.998230 0.317829
 1491.000000 1.082532 0.376064
 1492.000000 1.096833 0.307500
 1493.000000 1.145854 0.324021
 1494.000000 1.077328 0.353999
 1495.000000 1.124217 0.346324
 1496.000000 1.133152 0.367473
 1497.000000 1.000922 0.293683
 1498.000000 1.088669 0.368499
 1499.000000 1.057353 0.440898
 1500.000000 0.976042 0.296387
 1501.000000 1.167463 0.285378
 1502.000000 0.963226 0.399359
 1503.000000 1.144007 0.364963
 1504.000000 1.194137 0.373224
 1505.000000 1.038341 0.337405
 1506.000000 1.090870 0.384475
 1507.000000 1.084696 0.425473
 1508.000000 1.062665 0.417457
 1509.000000 1.072135 0.377281
 1510.000000 1.119918 0.290133
 1511.000000 1.084851 0.289991
 1512.000000 0.999530 0.339929
 1513.000000 1.087646 0.361484
 1514.000000 1.069286 0.323251
 1515.000000 1.046467 0.251891
 1516.000000 1.046712 0.348601
 1517.000000 1.058027 0.351644
 1518.000000 1.155553 0.360033
 1519.000000 1.097938 0.406378
 1520.000000 1.100358 0.391786
 1521.000000 1.025554 0.245000
 1522.000000 1.011254 0.313552
 1523.000000 1.095887 0.255189
 1524.000000 1.103070 0.290684
 1525.000000 0.998197 0.295577
 1526.000000 1.037273 0.350734
 1527.000000 1.111543 0.310306
 1528.000000 1.020233 0.260244
 1529.000000 1.117426 0.270213
 1530.000000 1.064102 0.354532
 1531.000000 1.054249 0.350024
 1532.000000 1.033092 0.270436
 1533.000000 1.181293 0.374643
 1534.000000 1.033492 0.292285
 1535.000000 1.059176 0.288336
 1536.000000 1.095186 0.362302
 1537.000000 1.138386 0.345316
 1538.000000 1.059446 0.341380
 1539.000000 1.072015 0.328562
 1540.000000 1.064580 0.252425
 1541.000000 1.101709 0.303464
 1542.000000 1.127716 0.258975
 1543.000000 1.085166 0.338689
 1544.000000 1.042243 0.320291
 1545.000000 1.133824 0.364702
 1546.000000 1.045670 0.402462
 1547.000000 1.031620 0.352346
 1548.000000 0.975280 0.315545
 1549.000000 1.147760 0.343886
 1550.000000 1.105583 0.336209
 1551.000000 1.179961 0.272526
 1552.000000 1.108838 0.346200
 1553.000000 1.089670 0.407832
 1554.000000 1.076723 0.308548
 1555.000000 1.048212 0.323246
 1556.000000 1.092143 0.330665
 1557.000000 0.921100 0.358564
 1558.000000 1.069252 0.292216
 1559.000000 1.042164 0.342996
 1560.000000 1.071224 0.293389
 1561.000000 1.010213 0.418831
 1562.000000 1.006181 0.365209
 1563.000000 1.082400 0.447076
 1564.000000 1.080177 0.321265
 1565.000000 1.075821 0.240803
 1566.000000 1.182235 0.231658
 1567.000000 1.043992 0.372628
 1568.000000 1.064348 0.345520
 1569.000000 1.022600 0.275578
 1570.000000 1.115283 0.352843
 1571.000000 0.981860 0.458495
 1572.000000 1.006486 0.418658
 1573.000000 0.973223 0.293244
 1574.000000 1.153245 0.297436
 1575.000000 0.990241 0.268700
 1576.000000 1.056302 0.255855
 1577.000000 1.085355 0.218835
 1578.000000 1.070419 0.253264
 1579.000000 1.055995 0.422010
 1580.000000 1.153174 0.246795
 1581.000000 1.146232 0.324329
 1582.000000 1.207170 0.330785
 1583.000000 1.246436 0.420269
 1584.000000 1.030127 0.299257
 1585.000000 1.131232 0.315690
 1586.000000 1.106574 0.312346
 1587.000000 1.020142 0.362187
 1588.000000 1.138347 0.344635
 1589.000000 1.088927 0.369600
 1590.000000 1.056227 0.342053
 1591.000000 1.050359 0.340488
 1592.000000 1.063746 0.321178
 1593.000000 1.110563 0.344679
 1594.000000 1.009586 0.302440
 1595.000000 0.941204 0.388120
 1596.000000 1.136622 0.321484
 1597.000000 0.955666 0.339225
 1598.000000 1.004906 0.351737
 1599.000000 0.941462 0.355606
 1600.000000 1.095291 0.327259
 1601.000000 0.994556 0.506804
 1602.000000 0.873147 0.433032
 1603.000000 0.998514 0.474290
 1604.000000 1.084090 0.305586
 1605.000000 1.019646 0.477089
 1606.000000 1.080887 0.304638
 1607.000000 1.079805 0.335397
 1608.000000 1.171835 0.333286
 1609.000000 1.027025 0.309612
 1610.000000 1.052811 0.439191
 1611.000000 1.074663 0.397303
 1612.000000 1.105988 0.423507
 1613.000000 1.109465 0.259663
 1614.000000 1.060216 0.371153
 1615.000000 1.202645 0.388613
 1616.000000 1.167808 0.403757
 1617.000000 1.079769 0.341121
 1618.000000 1.050341 0.392051
 1619.000000 1.060768 0.357790
 1620.000000 1.100056 0.432978
 1621.000000 1.124540 0.317976
 1622.000000 1.076765 0.246751
 1623.000000 1.055051 0.409058
 1624.000000 1.102906 0.307865
 1625.000000 0.980302 0.409182
 1626.000000 1.107981 0.374553
 1627.000000 1.069328 0.455996
 1628.000000 1.114227 0.359578
 1629.000000 1.072119 0.432807
 1630.000000 1.082306 0.280093
 1631.000000 1.072780 0.411010
 1632.000000 1.077670 0.320529
 1633.000000 1.074194 0.444211
 1634.000000 1.090831 0.370983
 1635.000000 1.132952 0.319197
 1636.000000 1.030692 0.312459
 1637.000000 0.970737 0.343168
 1638.000000 1.067308 0.393138
 1639.000000 1.132457 0.507620
 1640.000000 1.005649 0.373887
 1641.000000 1.031265 0.286561
 1642.000000 1.013921 0.318453
 1643.000000 1.045928 0.283802
 1644.000000 1.062966 0.360720
 1645.000000 1.033918 0.347990
 1646.000000 0.950267 0.241166
 1647.000000 1.094553 0.444925
 1648.000000 0.980991 0.416379
 1649.000000 1.106029 0.334928
 1650.000000 1.102896 0.367924
 1651.000000 0.974720 0.312071
 1652.000000 1.171773 0.247684
 1653.000000 1.063837 0.273613
 1654.000000 1.045942 0.317902
 1655.000000 1.056218 0.279561
 1656.000000 0.985632 0.291375
 1657.000000 0.975192 0.385414
 1658.000000 1.045808 0.315156
 1659.000000 0.990003 0.276055
 1660.000000 1.095760 0.361344
 1661.000000 0.936236 0.276146
 1662.000000 1.011289 0.392013
 1663.000000 0.982590 0.307477
 1664.000000 1.043374 0.326795
 1665.000000 0.999291 0.271308
 1666.000000 1.006184 0.314077
 1667.000000 0.984966 0.287409
 1668.000000 1.033743 0.391505
 1669.000000 0.988752 0.291656
 1670.000000 0.969140 0.325916
 1671.000000 1.054113 0.305997
 1672.000000 1.044531 0.258642
 1673.000000 0.945445 0.326544
 1674.000000 1.061899 0.344098
 1675.000000 1.029658 0.294466
 1676.000000 1.046821 0.284330
 1677.000000 0.948904 0.377576
 1678.000000 1.095263 0.254699
 1679.000000 1.131786 0.364229
 1680.000000 1.016145 0.259469
 1681.000000 1.082713 0.365354
 1682.000000 1.070784 0.325425
 1683.000000 0.997301 0.285268
 1684.000000 0.941328 0.332657
 1685.000000 1.033663 0.323536
 1686.000000 1.048653 0.405989
 1687.000000 1.023237 0.307175
 1688.000000 1.087750 0.329594
 1689.000000 1.056080 0.344632
 1690.000000 1.049130 0.325300
 1691.000000 1.055082 0.384115
 1692.000000 1.114646 0.389343
 1693.000000 1.059113 0.358918
 1694.000000 1.106181 0.367178
 1695.000000 0.974346 0.425972
 1696.000000 1.014371 0.341258
 1697.000000 1.114028 0.372623
 1698.000000 1.125354 0.367327
 1699.000000 1.038393 0.407550
 1700.000000 1.067315 0.349347
 1701.000000 1.044853 0.376501
 1702.000000 0.906064 0.341927
 1703.000000 1.101994 0.300684
 1704.000000 1.034675 0.294142
 1705.000000 1.091987 0.436531
 1706.000000 0.975753 0.388553
 1707.000000 1.048580 0.306660
 1708.000000 0.968688 0.403802
 1709.000000 1.121347 0.398848
 1710.000000 1.166433 0.300459
 1711.000000 1.122066 0.341130
 1712.000000 1.082455 0.406589
 1713.000000 1.031554 0.409516
 1714.000000 1.025759 0.372213
 1715.000000 0.945908 0.334668
 1716.000000 0.987396 0.238712
 1717.000000 1.070799 0.345838
 1718.000000 1.027358 0.379919
 1719.000000 0.991389 0.358237
 1720.000000 1.004882 0.334480
 1721.000000 0.950825 0.291595
 1722.000000 0.990546 0.338811
 1723.000000 1.100242 0.323102
 1724.000000 0.977439 0.384736
 1725.000000 1.102282 0.424319
 1726.000000 0.999431 0.317353
 1727.000000 1.038861 0.240065
 1728.000000 0.991226 0.448566
 1729.000000 0.963473 0.286798
 1730.000000 1.024342 0.374053
 1731.000000 0.893974 0.382611
 1732.000000 0.986746 0.309402
 1733.000000 1.040237 0.385463
 1734.000000 0.931810 0.416953
 1735.000000 0.955755 0.395184
 1736.000000 1.062217 0.420697
 1737.000000 1.080471 0.346722
 1738.000000 1.067335 0.382690
 1739.000000 1.092516 0.306679
 1740.000000 1.082292 0.212436
 1741.000000 1.165104 0.299561
 1742.000000 1.079140 0.340344
 1743.000000 1.095967 0.356887
 1744.000000 1.101411 0.394957
 1745.000000 1.075909 0.295372
 1746.000000 1.147082 0.451410
 1747.000000 1.145969 0.344018
 1748.000000 1.050325 0.368987
 1749.000000 1.092105 0.370421
 1750.000000 1.019744 0.426697
 1751.000000 1.125995 0.401678
 1752.000000 1.085208 0.358335
 1753.000000 1.147581 0.432448
 1754.000000 1.166513 0.432472
 1755.000000 1.186173 0.298933
 1756.000000 1.049426 0.359983
 1757.000000 1.134300 0.358508
 1758.000000 0.995009 0.335813
 1759.000000 1.088252 0.307909
 1760.000000 1.018969 0.331408
 1761.000000 1.154274 0.370627
 1762.000000 0.976891 0.368987
 1763.000000 0.934519 0.393207
 1764.000000 0.969705 0.293135
 1765.000000 0.983053 0.393518
 1766.000000 1.087722 0.376948
 1767.000000 1.050868 0.370734
 1768.000000 1.181991 0.356781
 1769.000000 0.990492 0.351103
 1770.000000 1.071621 0.235920
 1771.000000 0.958711 0.302376
 1772.000000 1.121100 0.333098
 1773.000000 0.925287 0.301936
 1774.000000 0.898142 0.277238
 1775.000000 0.944551 0.280128
 1776.000000 0.961032 0.363460
 1777.000000 0.950621 0.367204
 1778.000000 0.890425 0.346752
 1779.000000 0.958546 0.247835
 1780.000000 1.058771 0.301177
 1781.000000 1.070590 0.398909
 1782.000000 1.030485 0.219688
 1783.000000 1.016368 0.344651
 1784.000000 1.141798 0.309807
 1785.000000 0.923782 0.249652
 1786.000000 1.031704 0.262382
 1787.000000 1.029116 0.177652
 1788.000000 0.914862 0.306884
 1789.000000 1.023753 0.266819
 1790.000000 1.027683 0.270012
 1791.000000 1.126300 0.255411
 1792.000000 1.027518 0.296978
 1793.000000 1.034888 0.407645
 1794.000000 1.115520 0.399120
 1795.000000 0.917020 0.353891
 1796.000000 1.054567 0.354062
 1797.000000 1.062774 0.305113
 1798.000000 0.972871 0.413642
 1799.000000 1.028952 0.343362
 1800.000000 1.034111 0.426033
 1801.000000 0.983962 0.371414
 1802.000000 0.966456 0.327879
 1803.000000 1.040149 0.380197
 1804.000000 1.059389 0.303577
 1805.000000 1.039265 0.380382
 1806.000000 1.022482 0.412364
 1807.000000 0.962499 0.352701
 1808.000000 0.992044 0.252594
 1809.000000 1.054427 0.401783
 1810.000000 0.996092 0.391341
 1811.000000 0.951698 0.426223
 1812.000000 0.976109 0.360697
 1813.000000 1.049616 0.239000
 1814.000000 1.101980 0.301173
 1815.000000 1.019054 0.342423
 1816.000000 1.063756 0.212927
 1817.000000 1.080350 0.355189
 1818.000000 1.046416 0.335654
 1819.000000 1.163350 0.475313
 1820.000000 1.008822 0.361556
 1821.000000 1.071534 0.352941
 1822.000000 1.025206 0.377105
 1823.000000 1.069600 0.377271
 1824.000000 0.963624 0.369618
 1825.000000 1.034206 0.303994
 1826.000000 1.024184 0.465486
 1827.000000 1.077260 0.364012
 1828.000000 1.011424 0.350855
 1829.000000 1.005443 0.403645
 1830.000000 1.079876 0.301049
 1831.000000 1.029959 0.372166
 1832.000000 1.116795 0.361548
 1833.000000 1.032818 0.376074
 1834.000000 1.068764 0.278549
 1835.000000 1.072937 0.279652
 1836.000000 0.970012 0.362096
 1837.000000 1.058813 0.296518
 1838.000000 1.003057 0.310809
 1839.000000 1.051643 0.356601
 1840.000000 1.024085 0.427957
 1841.000000 0.973655 0.455296
 1842.000000 1.185684 0.358103
 1843.000000 1.037459 0.408194
 1844.000000 1.101523 0.301128
 1845.000000 0.984749 0.273218
 1846.000000 1.111556 0.294015
 1847.000000 1.027353 0.252064
 1848.000000 0.962724 0.437863
 1849.000000 1.170035 0.299893
 1850.000000 1.049691 0.336645
 1851.000000 1.050892 0.337302
 1852.000000 1.049631 0.312436
 1853.000000 1.045010 0.354088
 1854.000000 1.062794 0.399795
 1855.000000 1.050319 0.282674
 1856.000000 1.053155 0.326525
 1857.000000 1.053135 0.332531
 1858.000000 0.983041 0.252385
 1859.000000 0.997798 0.307601
 1860.000000 1.054710 0.312150
 1861.000000 1.136580 0.342571
 1862.000000 0.977049 0.195384
 1863.000000 0.920823 0.222585
 1864.000000 1.079167 0.234937
 1865.000000 1.117344 0.330816
 1866.000000 0.994012 0.269724
 1867.000000 1.080910 0.294507
 1868.000000 1.053049 0.361876
 1869.000000 1.058007 0.273292
 1870.000000 1.016012 0.240813
 1871.000000 0.968766 0.325360
 1872.000000 1.130271 0.264320
 1873.000000 0.913388 0.364648
 1874.000000 1.073740 0.303281
 1875.000000 0.978396 0.259673
 1876.000000 1.042219 0.291525
 1877.000000 1.009313 0.301340
 1878.000000 0.998715 0.244697
 1879.000000 1.028337 0.230724
 1880.000000 1.002897 0.238361
 1881.000000 1.083665 0.256545
 1882.000000 1.104381 0.280137
 1883.000000 0.914708 0.288523
 1884.000000 1.008255 0.394798
 1885.000000 1.043364 0.245724
 1886.000000 1.144587 0.291660
 1887.000000 1.097769 0.290043
 1888.000000 1.078236 0.318775
 1889.000000 1.127058 0.306688
 1890.000000 1.097224 0.232765
 1891.000000 0.992617 0.216060
 1892.000000 1.056263 0.295581
 1893.000000 1.066749 0.249933
 1894.000000 1.046117 0.198722
 1895.000000 1.092686 0.295223
 1896.000000 1.030038 0.256428
 1897.000000 1.088089 0.316505
 1898.000000 1.089657 0.295173
 1899.000000 1.096829 0.320213
 1900.000000 1.003588 0.322767
 1901.000000 0.936340 0.321506
 1902.000000 0.993809 0.301262
 1903.000000 1.080727 0.237179
 1904.000000 1.064881 0.214279
 1905.000000 1.091101 0.271229
 1906.000000 1.125338 0.330997
 1907.000000 1.019451 0.373755
 1908.000000 1.098842 0.318130
 1909.000000 1.093599 0.339741
 1910.000000 1.077141 0.356722
 1911.000000 0.978058 0.358708
 1912.000000 1.043727 0.265293
 1913.000000 1.003665 0.263163
 1914.000000 0.967429 0.310984
 1915.000000 1.032920 0.367711
 1916.000000 1.067575 0.330527
 1917.000000 0.939584 0.391899
 1918.000000 1.057885 0.334020
 1919.000000 0.964193 0.322390
 1920.000000 1.057967 0.404565
 1921.000000 1.064646 0.406911
 1922.000000 0.998255 0.267192
 1923.000000 1.040111 0.270624
 1924.000000 1.064318 0.296592
 1925.000000 0.991954 0.306326
 1926.000000 1.045904 0.343709
 1927.000000 1.081571 0.315287
 1928.000000 1.041527 0.302752
 1929.000000 0.910450 0.330239
 1930.000000 1.024738 0.310839
 1931.000000 1.011391 0.287000
 1932.000000 1.118715 0.250102
 1933.000000 1.086894 0.258379
 1934.000000 1.054145 0.358349
 1935.000000 1.051763 0.245120
 1936.000000 1.028052 0.165755
 1937.000000 1.170569 0.303469
 1938.000000 1.012552 0.341056
 1939.000000 0.951847 0.247500
 1940.000000 1.087002 0.342623
 1941.000000 1.116492 0.379442
 1942.000000 0.975072 0.401389
 1943.000000 0.982129 0.226653
 1944.000000 1.009728 0.311870
 1945.000000 1.079270 0.325580
 1946.000000 1.030656 0.318179
 1947.000000 0.994004 0.320423
 1948.000000 0.999681 0.298578
 1949.000000 1.081255 0.254609
 1950.000000 1.051951 0.330854
 1951.000000 1.025332 0.285943
 1952.000000 0.996951 0.420980
 1953.000000 1.042474 0.349022
 1954.000000 1.150137 0.356306
 1955.000000 1.056004 0.360725
 1956.000000 1.056851 0.433082
 1957.000000 1.043567 0.352582
 1958.000000 1.016665 0.414480
 1959.000000 1.011751 0.381358
 1960.000000 1.101849 0.327073
 1961.000000 1.011601 0.324010
 1962.000000 0.920235 0.351626
 1963.000000 0.979015 0.355361
 1964.000000 1.011359 0.345163
 1965.000000 0.944218 0.245872
 1966.000000 1.121702 0.262956
 1967.000000 0.988624 0.219892
 1968.000000 0.968229 0.368179
 1969.000000 1.058813 0.267199
 1970.000000 1.030100 0.387237
 1971.000000 0.996261 0.305274
 1972.000000 0.970961 0.299065
 1973.000000 1.008722 0.250726
 1974.000000 0.946841 0.197371
 1975.000000 1.026956 0.275018
 1976.000000 0.904584 0.277172
 1977.000000 0.966661 0.328633
 1978.000000 0.999377 0.328253
 1979.000000 1.035040 0.340964
 1980.000000 0.932303 0.294887
 1981.000000 0.952909 0.348763
 1982.000000 1.042231 0.252504
 1983.000000 1.070531 0.246032
 1984.000000 1.115276 0.262303
 1985.000000 1.078371 0.393740
 1986.000000 0.988103 0.355529
 1987.000000 1.025762 0.295218
 1988.000000 0.969050 0.282257
 1989.000000 1.044741 0.254353
 1990.000000 0.930355 0.406390
 1991.000000 0.991868 0.286853
 1992.000000 1.012877 0.346562
 1993.000000 0.914847 0.254585
 1994.000000 0.963155 0.301456
 1995.000000 0.974863 0.273739
 1996.000000 0.936868 0.444290
 1997.000000 0.966487 0.254420
 1998.000000 1.055168 0.305138
 1999.000000 0.989619 0.253045
 2000.000000 0.948322 0.262908
 2001.000000 0.942228 0.301667
 2002.000000 1.001800 0.246071
 2003.000000 1.050818 0.358977
 2004.000000 1.063832 0.349734
 2005.000000 0.999295 0.278379
 2006.000000 1.063422 0.297011
 2007.000000 0.967391 0.316496
 2008.000000 0.955250 0.352966
 2009.000000 0.929831 0.296411
 2010.000000 0.904175 0.392578
 2011.000000 1.077819 0.379312
 2012.000000 0.968864 0.385770
 2013.000000 1.141164 0.292675
 2014.000000 1.021725 0.239345
 2015.000000 1.074762 0.284268
 2016.000000 1.051936 0.189703
 2017.000000 1.024436 0.322744
 2018.000000 1.012910 0.245625
 2019.000000 0.970711 0.325282
 2020.000000 0.983510 0.291338
 2021.000000 0.932516 0.338507
 2022.000000 1.006282 0.322742
 2023.000000 1.002121 0.328597
 2024.000000 1.019059 0.410526
 2025.000000 0.919960 0.292115
 2026.000000 0.947258 0.285087
 2027.000000 0.878129 0.404900
 2028.000000 0.935954 0.398308
 2029.000000 0.935687 0.327178
 2030.000000 0.915901 0.277352
 2031.000000 0.938134 0.352263
 2032.000000 1.030712 0.299560
 2033.000000 1.095504 0.312283
 2034.000000 1.014358 0.332341
 2035.000000 1.034867 0.334557
 2036.000000 1.039791 0.329707
 2037.000000 0.994289 0.271947
 2038.000000 1.067382 0.321447
 2039.000000 1.038539 0.363532
 2040.000000 0.911710 0.284950
 2041.000000 1.049355 0.282063
 2042.000000 1.011765 0.354378
 2043.000000 0.941507 0.322617
 2044.000000 1.061634 0.294214
 2045.000000 1.104729 0.345468
 2046.000000 0.926541 0.331731
 2047.000000 1.049074 0.262024
 2048.000000 1.058331 0.250229
 2049.000000 1.124846 0.324455
 2050.000000 1.051884 0.273105
 2051.000000 0.966107 0.319390
 2052.000000 1.042303 0.272923
 2053.000000 0.998902 0.341623
 2054.000000 1.144469 0.353819
 2055.000000 0.986805 0.292326
 2056.000000 1.107562 0.446882
 2057.000000 1.050250 0.359294
 2058.000000 0.970862 0.331933
 2059.000000 1.032739 0.314984
 2060.000000 0.971659 0.262829
 2061.000000 1.114495 0.329005
 2062.000000 0.918912 0.247367
 2063.000000 1.026937 0.231956
 2064.000000 1.026408 0.331603
 2065.000000 1.074929 0.333561
 2066.000000 0.969962 0.283629
 2067.000000 0.901191 0.380436
 2068.000000 1.139914 0.346269
 2069.000000 0.987649 0.260729
 2070.000000 1.055825 0.410185
 2071.000000 1.026577 0.295767
 2072.000000 0.935956 0.333859
 2073.000000 0.952745 0.363566
 2074.000000 1.012112 0.309803
 2075.000000 0.926271 0.327963
 2076.000000 1.010701 0.363204
 2077.000000 0.993249 0.354473
 2078.000000 1.147058 0.213103
 2079.000000 1.131522 0.236265
 2080.000000 1.083529 0.323822
 2081.000000 1.162847 0.328153
 2082.000000 1.072436 0.255097
 2083.000000 1.122601 0.408129
 2084.000000 0.978809 0.421737
 2085.000000 1.026804 0.450847
 2086.000000 1.145598 0.306398
 2087.000000 0.946126 0.398326
 2088.000000 1.090966 0.262146
 2089.000000 1.111064 0.283748
 2090.000000 1.070560 0.326735
 2091.000000 1.044195 0.313690
 2092.000000 1.075711 0.373018
 2093.000000 0.946559 0.318337
 2094.000000 0.950003 0.284651
 2095.000000 0.979611 0.212585
 2096.000000 0.945938 0.328683
 2097.000000 1.069735 0.350233
 2098.000000 1.075333 0.280376
 2099.000000 1.110147 0.310147
 2100.000000 0.911665 0.279523
 2101.000000 1.021858 0.275756
 2102.000000 0.955824 0.170755
 2103.000000 1.061228 0.284541
 2104.000000 1.055261 0.224131
 2105.000000 1.030197 0.261316
 2106.000000 1.010901 0.233970
 2107.000000 0.980271 0.214457
 2108.000000 1.134450 0.179336
 2109.000000 1.085845 0.212867
 2110.000000 1.098948 0.308627
 2111.000000 1.052912 0.334107
 2112.000000 1.110795 0.261670
 2113.000000 0.972363 0.297247
 2114.000000 1.043413 0.367450
 2115.000000 1.113531 0.341157
 2116.000000 1.013138 0.373663
 2117.000000 1.040449 0.286292
 2118.000000 1.155185 0.158381
 2119.000000 1.114167 0.257195
 2120.000000 1.089831 0.191045
 2121.000000 1.161874 0.250965
 2122.000000 1.156735 0.174763
 2123.000000 1.081405 0.238661
 2124.000000 1.033796 0.307709
 2125.000000 0.925833 0.347351
 2126.000000 1.013759 0.297592
 2127.000000 1.024865 0.216875
 2128.000000 0.969656 0.287626
 2129.000000 1.208272 0.221478
 2130.000000 1.095910 0.273562
 2131.000000 1.187283 0.315255
 2132.000000 1.155374 0.324980
 2133.000000 1.085216 0.225474
 2134.000000 0.999735 0.344492
 2135.000000 1.101640 0.306537
 2136.000000 1.081956 0.201651
 2137.000000 0.987780 0.272080
 2138.000000 1.039063 0.357343
 2139.000000 1.021985 0.361049
 2140.000000 1.101104 0.314958
 2141.000000 1.051730 0.326953
 2142.000000 1.110165 0.305931
 2143.000000 1.042121 0.246823
 2144.000000 1.041037 0.219190
 2145.000000 1.023937 0.308645
 2146.000000 1.073997 0.292283
 2147.000000 1.041677 0.379488
 2148.000000 0.979107 0.306668
 2149.000000 1.127345 0.332500
 2150.000000 1.033089 0.348603
 2151.000000 1.129561 0.312282
 2152.000000 1.075993 0.312519
 2153.000000 1.050369 0.379946
 2154.000000 1.093316 0.277938
 2155.000000 1.063970 0.252718
 2156.000000 1.093051 0.352319
 2157.000000 1.051002 0.226796
 2158.000000 1.010862 0.354031
 2159.000000 1.075393 0.262188
 2160.000000 1.077589 0.296026
 2161.000000 1.064867 0.333174
 2162.000000 1.071002 0.271707
 2163.000000 1.142221 0.350213
 2164.000000 1.115771 0.362767
 2165.000000 1.107487 0.306045
 2166.000000 1.058262 0.255492
 2167.000000 1.100900 0.276338
 2168.000000 1.113104 0.366419
 2169.000000 1.042365 0.291184
 2170.000000 0.945886 0.227663
 2171.000000 0.964599 0.241932
 2172.000000 1.041487 0.416761
 2173.000000 1.025938 0.352416
 2174.000000 1.022492 0.370818
 2175.000000 0.958012 0.273479
 2176.000000 1.027005 0.355816
 2177.000000 1.035917 0.323772
 2178.000000 1.013336 0.270725
 2179.000000 1.134423 0.271350
 2180.000000 1.097998 0.346697
 2181.000000 1.073546 0.248894
 2182.000000 1.043510 0.366347
 2183.000000 1.080794 0.342316
 2184.000000 1.165911 0.368763
 2185.000000 1.061476 0.348559
 2186.000000 1.100828 0.376517
 2187.000000 1.012939 0.306253
 2188.000000 1.047487 0.315167
 2189.000000 1.042072 0.297275
 2190.000000 1.035660 0.285386
 2191.000000 1.110182 0.324614
 2192.000000 1.089145 0.269392
 2193.000000 1.090006 0.359827
 2194.000000 1.113416 0.341029
 2195.000000 1.021650 0.336091
 2196.000000 1.025535 0.318704
 2197.000000 1.000963 0.302563
 2198.000000 1.147546 0.319460
 2199.000000 1.104606 0.238639
 2200.000000 1.129760 0.361603
 2201.000000 1.081454 0.301797
 2202.000000 1.059447 0.363150
 2203.000000 1.042873 0.313501
 2204.000000 1.190347 0.287688
 2205.000000 1.095322 0.279704
 2206.000000 1.132376 0.349287
 2207.000000 1.163900 0.348892
 2208.000000 1.077640 0.333258
 2209.000000 1.126122 0.351968
 2210.000000 1.070334 0.334530
 2211.000000 0.954767 0.298194
 2212.000000 1.109356 0.289747
 2213.000000 0.939422 0.264873
 2214.000000 1.013871 0.330240
 2215.000000 1.079120 0.320370
 2216.000000 1.121588 0.300508
 2217.000000 0.948624 0.355920
 2218.000000 0.982356 0.291726
 2219.000000 1.046930 0.295402
 2220.000000 0.954006 0.294102
 2221.000000 0.965609 0.269652
 2222.000000 1.049516 0.290919
 2223.000000 0.991201 0.405269
 2224.000000 0.965092 0.343903
 2225.000000 0.942170 0.376235
 2226.000000 0.930077 0.325343
 2227.000000 0.986018 0.347670
 2228.000000 1.073538 0.297969
 2229.000000 0.990385 0.283778
 2230.000000 0.977559 0.342955
 2231.000000 0.956910 0.279256
 2232.000000 0.972888 0.235969
 2233.000000 0.962728 0.278930
 2234.000000 0.938471 0.315326
 2235.000000 0.970040 0.234783
 2236.000000 1.155209 0.336303
 2237.000000 1.020395 0.308384
 2238.000000 1.051710 0.275951
 2239.000000 0.892106 0.244220
 2240.000000 1.029550 0.298992
 2241.000000 0.899951 0.327278
 2242.000000 1.008616 0.221184
 2243.000000 0.910926 0.300640
 2244.000000 1.002422 0.249596
 2245.000000 0.945488 0.257768
 2246.000000 0.937902 0.195432
 2247.000000 0.958783 0.274129
 2248.000000 0.943687 0.165737
 2249.000000 0.935519 0.401003
 2250.000000 0.937511 0.317592
 2251.000000 1.003703 0.292568
 2252.000000 1.008344 0.231577
 2253.000000 0.970128 0.409652
 2254.000000 0.993924 0.376313
 2255.000000 0.975341 0.359837
 2256.000000 1.025179 0.292846
 2257.000000 0.975259 0.311779
 2258.000000 0.966232 0.363809
 2259.000000 0.993625 0.286967
 2260.000000 1.090553 0.364227
 2261.000000 1.078770 0.346523
 2262.000000 0.999015 0.266767
 2263.000000 1.017970 0.264965
 2264.000000 1.004820 0.320759
 2265.000000 1.007886 0.183025
 2266.000000 1.071647 0.249006
 2267.000000 0.958781 0.290025
 2268.000000 1.029766 0.323761
 2269.000000 0.983212 0.262580
 2270.000000 0.910862 0.213490
 2271.000000 0.958243 0.263088
 2272.000000 1.013594 0.247357
 2273.000000 0.987073 0.343487
 2274.000000 0.937754 0.250700
 2275.000000 1.067675 0.225638
 2276.000000 1.052524 0.248539
 2277.000000 1.092018 0.335265
 2278.000000 0.991951 0.332581
 2279.000000 0.932417 0.332819
 2280.000000 1.046980 0.282408
 2281.000000 0.972586 0.259337
 2282.000000 0.964563 0.239390
 2283.000000 0.987282 0.199622
 2284.000000 0.983496 0.224309
 2285.000000 0.916811 0.169106
 2286.000000 1.008642 0.276200
 2287.000000 1.000565 0.288708
 2288.000000 0.932498 0.269071
 2289.000000 0.977281 0.243339
 2290.000000 0.995136 0.197619
 2291.000000 1.033105 0.304595
 2292.000000 1.089869 0.300549
 2293.000000 1.055505 0.333944
 2294.000000 1.053573 0.307172
 2295.000000 1.123655 0.165532
 2296.000000 1.105039 0.309412
 2297.000000 1.012262 0.176445
 2298.000000 1.142848 0.282155
 2299.000000 1.012803 0.350815
 2300.000000 1.046724 0.260335
 2301.000000 1.023055 0.299579
 2302.000000 1.085318 0.293958
 2303.000000 1.032440 0.312369
 2304.000000 1.016440 0.385313
 2305.000000 0.996140 0.305086
 2306.000000 0.868030 0.369728
 2307.000000 1.076779 0.226830
 2308.000000 1.060914 0.313644
 2309.000000 1.017656 0.263925
 2310.000000 1.012799 0.343573
 2311.000000 1.098902 0.277976
 2312.000000 1.068926 0.421419
 2313.000000 1.044148 0.335417
 2314.000000 1.019020 0.265750
 2315.000000 0.986053 0.382304
 2316.000000 1.024702 0.317381
 2317.000000 1.083587 0.320251
 2318.000000 1.003876 0.300181
 2319.000000 0.973475 0.312706
 2320.000000 0.947492 0.191641
 2321.000000 0.920071 0.241953
 2322.000000 1.063942 0.263293
 2323.000000 0.981130 0.335672
 2324.000000 0.934818 0.270024
 2325.000000 1.086673 0.293137
 2326.000000 1.021896 0.287351
 2327.000000 0.971646 0.241978
 2328.000000 1.053972 0.327542
 2329.000000 1.023319 0.389437
 2330.000000 1.074061 0.405855
 2331.000000 0.897759 0.302637
 2332.000000 0.995019 0.363256
 2333.000000 1.105822 0.375537
 2334.000000 0.975333 0.363637
 2335.000000 1.125264 0.212617
 2336.000000 1.076795 0.365603
 2337.000000 1.050472 0.305282
 2338.000000 0.981454 0.375473
 2339.000000 1.013301 0.194275
 2340.000000 0.932568 0.255251
 2341.000000 0.969500 0.264024
 2342.000000 1.020623 0.286044
 2343.000000 0.978117 0.250071
 2344.000000 0.943210 0.286843
 2345.000000 0.926381 0.280547
 2346.000000 1.135228 0.435640
 2347.000000 0.971148 0.295736
 2348.000000 0.994875 0.332488
 2349.000000 1.063045 0.304538
 2350.000000 1.064540 0.221126
 2351.000000 0.953152 0.328569
 2352.000000 1.025052 0.346878
 2353.000000 0.892800 0.306882
 2354.000000 1.036222 0.312649
 2355.000000 0.997692 0.397223
 2356.000000 1.006430 0.360871
 2357.000000 1.106455 0.323448
 2358.000000 1.016446 0.268201
 2359.000000 1.034866 0.376086
 2360.000000 1.013988 0.396089
 2361.000000 1.031384 0.416571
 2362.000000 1.018577 0.379762
 2363.000000 1.034428 0.369078
 2364.000000 1.035643 0.292056
 2365.000000 1.051559 0.387911
 2366.000000 0.975769 0.409455
 2367.000000 0.990670 0.418650
 2368.000000 0.989143 0.358058
 2369.000000 1.022265 0.294476
 2370.000000 0.993059 0.324934
 2371.000000 0.987880 0.311045
 2372.000000 1.061261 0.334710
 2373.000000 0.919842 0.372197
 2374.000000 0.881459 0.317203
 2375.000000 0.893489 0.278547
 2376.000000 0.989089 0.317088
 2377.000000 0.930718 0.291126
 2378.000000 0.942755 0.295241
 2379.000000 0.901232 0.293090
 2380.000000 0.964206 0.304713
 2381.000000 0.896837 0.345459
 2382.000000 1.047574 0.273260
 2383.000000 0.948093 0.295815
 2384.000000 1.012717 0.263806
 2385.000000 0.936576 0.285149
 2386.000000 0.941768 0.301045
 2387.000000 0.983609 0.330255
 2388.000000 1.062871 0.247588
 2389.000000 0.913080 0.340485
 2390.000000 0.990817 0.302265
 2391.000000 1.109801 0.344827
 2392.000000 0.970227 0.376160
 2393.000000 1.107750 0.248888
 2394.000000 1.100323 0.343046
 2395.000000 0.951014 0.407839
 2396.000000 0.985919 0.375662
 2397.000000 0.875780 0.413393
 2398.000000 0.968796 0.420470
 2399.000000 1.010501 0.339687
 2400.000000 1.051499 0.330376
 2401.000000 1.053387 0.360672
 2402.000000 1.011020 0.330669
 2403.000000 1.057251 0.356984
 2404.000000 1.051343 0.367040
 2405.000000 1.124593 0.338094
 2406.000000 0.970195 0.308394
 2407.000000 0.977739 0.347520
 2408.000000 1.022167 0.353348
 2409.000000 0.987283 0.366293
 2410.000000 1.080892 0.434606
 2411.000000 1.079905 0.464737
 2412.000000 1.019228 0.302662
 2413.000000 1.082078 0.267001
 2414.000000 1.129896 0.307911
 2415.000000 0.986537 0.305878
 2416.000000 1.110775 0.309814
 2417.000000 0.998910 0.282756
 2418.000000 0.994434 0.426587
 2419.000000 0.955972 0.410546
 2420.000000 0.935362 0.353662
 2421.000000 0.967378 0.225744
 2422.000000 1.026122 0.364254
 2423.000000 0.792218 0.275199
 2424.000000 1.082420 0.371842
 2425.000000 0.967229 0.501995
 2426.000000 1.097795 0.381392
 2427.000000 1.038744 0.282621
 2428.000000 0.995959 0.293360
 2429.000000 1.048895 0.348965
 2430.000000 1.073542 0.478684
 2431.000000 1.138544 0.395468
 2432.000000 0.986472 0.223176
 2433.000000 1.117614 0.379418
 2434.000000 1.138374 0.417687
 2435.000000 1.132204 0.387512
 2436.000000 1.032983 0.318846
 2437.000000 1.071082 0.315406
 2438.000000 1.042041 0.411599
 2439.000000 0.920283 0.391340
 2440.000000 0.972093 0.372760
 2441.000000 0.994209 0.358235
 2442.000000 1.042220 0.412234
 2443.000000 0.947296 0.321274
 2444.000000 1.084119 0.363091
 2445.000000 1.049088 0.317464
 2446.000000 1.015254 0.307493
 2447.000000 1.063906 0.337513
 2448.000000 1.156117 0.318670
 2449.000000 1.129211 0.362147
 2450.000000 1.122896 0.287279
 2451.000000 1.080298 0.380117
 2452.000000 1.127508 0.377512
 2453.000000 1.164217 0.377310
 2454.000000 1.032635 0.430412
 2455.000000 1.061488 0.448077
 2456.000000 1.030928 0.389170
 2457.000000 1.076009 0.382961
 2458.000000 1.151381 0.365640
 2459.000000 1.001398 0.350599
 2460.000000 0.942864 0.272162
 2461.000000 0.980446 0.385203
 2462.000000 1.061430 0.299319
 2463.000000 1.025865 0.395390
 2464.000000 0.976524 0.308408
 2465.000000 1.139262 0.291578
 2466.000000 1.075532 0.285162
 2467.000000 1.092021 0.314895
 2468.000000 1.167201 0.360601
 2469.000000 1.072644 0.400544
 2470.000000 0.984955 0.400552
 2471.000000 0.972003 0.391853
 2472.000000 1.034691 0.383323
 2473.000000 1.023656 0.329451
 2474.000000 0.968240 0.365638
 2475.000000 1.060786 0.309361
 2476.000000 1.115336 0.390184
 2477.000000 1.086677 0.369101
 2478.000000 1.061173 0.328235
 2479.000000 1.050715 0.348839
 2480.000000 1.047412 0.335029
 2481.000000 0.962226 0.368564
 2482.000000 0.950101 0.375003
 2483.000000 0.985426 0.326425
 2484.000000 1.079712 0.341463
 2485.000000 1.089428 0.387828
 2486.000000 1.011280 0.284744
 2487.000000 1.019457 0.300945
 2488.000000 1.015853 0.335755
 2489.000000 1.072097 0.279775
 2490.000000 1.090460 0.335620
 2491.000000 1.099603 0.289081
 2492.000000 0.935536 0.283016
 2493.000000 1.014319 0.371495
 2494.000000 1.063498 0.348130
 2495.000000 1.085535 0.317921
 2496.000000 1.053823 0.386851
 2497.000000 1.005361 0.262451
 2498.000000 0.993017 0.287474
 2499.000000 1.010844 0.329987
 2500.000000 1.019036 0.268168
